0.001040 0.000218 0.034273 0.964469
0.001849 0.000514 0.029811 0.967826
0.001324 0.000325 0.030347 0.968004
0.001177 0.000269 0.030637 0.967917
0.001271 0.000303 0.030926 0.967499
0.001099 0.000239 0.032397 0.966264
0.001073 0.000231 0.033178 0.965519
0.001275 0.000303 0.029391 0.969031
0.001211 0.000283 0.031069 0.967438
0.001141 0.000257 0.031811 0.966792
0.001103 0.000241 0.032922 0.965734
0.001177 0.000269 0.030772 0.967781
0.001159 0.000264 0.031982 0.966596
0.001283 0.000306 0.030264 0.968147
0.001255 0.000298 0.030759 0.967687
0.001218 0.000284 0.030872 0.967626
0.000986 0.000198 0.035653 0.963162
0.002003 0.000576 0.030855 0.966566
0.001326 0.000326 0.029735 0.968613
0.001111 0.000243 0.032476 0.966171
0.001373 0.000343 0.030269 0.968015
0.001365 0.000340 0.030105 0.968190
0.000985 0.000198 0.035601 0.963217
0.002211 0.000651 0.030503 0.966635
0.001474 0.000376 0.028743 0.969408
0.000991 0.000199 0.035326 0.963484
0.001223 0.000287 0.031171 0.967319
0.001644 0.000442 0.029311 0.968604
0.000980 0.000197 0.034505 0.964318
0.002735 0.000844 0.032948 0.963473
0.001270 0.000302 0.030252 0.968176
0.001039 0.000218 0.034464 0.964280
0.001090 0.000237 0.032964 0.965709
0.001609 0.000430 0.029548 0.968413
0.000986 0.000198 0.035273 0.963543
0.002906 0.000903 0.033823 0.962367
0.001286 0.000307 0.030603 0.967805
0.001219 0.000287 0.031557 0.966937
0.001103 0.000242 0.032829 0.965826
0.001451 0.000371 0.029745 0.968433
0.000988 0.000198 0.035457 0.963357
0.002235 0.000657 0.031246 0.965861
0.001110 0.000243 0.032645 0.966003
0.001390 0.000349 0.029296 0.968964
0.001101 0.000241 0.031995 0.966664
0.001518 0.000393 0.029906 0.968184
0.000986 0.000198 0.035474 0.963341
0.001073 0.000231 0.033108 0.965588
0.001036 0.000217 0.034374 0.964372
0.001503 0.000389 0.029580 0.968528
0.000986 0.000198 0.035272 0.963545
0.001274 0.000304 0.030892 0.967530
0.000981 0.000197 0.034434 0.964387
0.001156 0.000263 0.031830 0.966751
0.001218 0.000287 0.030708 0.967786
0.001547 0.000403 0.029929 0.968121
0.000988 0.000198 0.035454 0.963360
0.001169 0.000267 0.032002 0.966561
0.001036 0.000217 0.034237 0.964510
0.001225 0.000288 0.030997 0.967490
0.001387 0.000349 0.029621 0.968644
0.001274 0.000303 0.030968 0.967456
0.000988 0.000198 0.035525 0.963289
0.001069 0.000230 0.033362 0.965340
0.001071 0.000230 0.033181 0.965518
0.001350 0.000335 0.030196 0.968119
0.001501 0.000389 0.029650 0.968460
0.000982 0.000197 0.034443 0.964378
0.000986 0.000198 0.035517 0.963299
0.001088 0.000237 0.032900 0.965776
0.001093 0.000238 0.032856 0.965814
0.001223 0.000287 0.031059 0.967430
0.001544 0.000402 0.029965 0.968088
0.001036 0.000217 0.034242 0.964505
0.001036 0.000217 0.034620 0.964127
0.001103 0.000241 0.032812 0.965844
0.001103 0.000242 0.031840 0.966815
0.001255 0.000298 0.030982 0.967465
0.001285 0.000306 0.029703 0.968706
0.001068 0.000230 0.032201 0.966501
0.001069 0.000230 0.033362 0.965339
0.001103 0.000241 0.032922 0.965734
0.001172 0.000268 0.031687 0.966874
0.001103 0.000242 0.031108 0.967547
0.001036 0.000217 0.033863 0.964884
0.001094 0.000238 0.032529 0.966139
0.001090 0.000237 0.032964 0.965709
0.000986 0.000198 0.035653 0.963162
0.001071 0.000230 0.033178 0.965520
0.001106 0.000242 0.032308 0.966344
0.001071 0.000230 0.032049 0.966650
0.001108 0.000243 0.032591 0.966059
0.001103 0.000242 0.032829 0.965826
0.000986 0.000198 0.035657 0.963159
0.001092 0.000238 0.032850 0.965820
0.000982 0.000197 0.033229 0.965591
0.001096 0.000238 0.031546 0.967120
0.001173 0.000268 0.031892 0.966668
0.001101 0.000241 0.031995 0.966664
0.000980 0.000197 0.034512 0.964311
0.001105 0.000242 0.032757 0.965896
0.000987 0.000198 0.034617 0.964198
0.001111 0.000243 0.032223 0.966422
0.001070 0.000230 0.033290 0.965410
0.000986 0.000198 0.035272 0.963545
0.000986 0.000198 0.035272 0.963544
0.001169 0.000267 0.032002 0.966561
0.000991 0.000199 0.035106 0.963704
0.001265 0.000303 0.030833 0.967598
0.001156 0.000263 0.032040 0.966541
0.000988 0.000198 0.035454 0.963360
0.000988 0.000198 0.035454 0.963360
0.001069 0.000230 0.033362 0.965340
0.001105 0.000243 0.033310 0.965343
0.001188 0.000275 0.031208 0.967329
0.001224 0.000287 0.031081 0.967407
0.000988 0.000198 0.035525 0.963289
0.000988 0.000198 0.035525 0.963289
0.001090 0.000237 0.032961 0.965712
0.001188 0.000275 0.031275 0.967262
0.001344 0.000333 0.030181 0.968141
0.001255 0.000298 0.030970 0.967478
0.000986 0.000198 0.035517 0.963299
0.000987 0.000198 0.035573 0.963241
0.001101 0.000241 0.032759 0.965900
0.001487 0.000388 0.029862 0.968263
0.001639 0.000442 0.029713 0.968206
0.001103 0.000241 0.032823 0.965833
0.001036 0.000217 0.034620 0.964127
0.001036 0.000217 0.034629 0.964118
0.001100 0.000240 0.032848 0.965811
0.001812 0.000503 0.029544 0.968141
0.001815 0.000505 0.029938 0.967742
0.001103 0.000241 0.032922 0.965735
0.001069 0.000230 0.033362 0.965339
0.001067 0.000229 0.033304 0.965400
0.000986 0.000198 0.035645 0.963171
0.001927 0.000543 0.030278 0.967252
0.001267 0.000301 0.029535 0.968896
0.000986 0.000198 0.035651 0.963165
0.001090 0.000237 0.032964 0.965709
0.001090 0.000237 0.032951 0.965723
0.000986 0.000198 0.035655 0.963161
0.001282 0.000307 0.030699 0.967712
0.001278 0.000305 0.030380 0.968037
0.000986 0.000198 0.035651 0.963165
0.001103 0.000242 0.032829 0.965826
0.001101 0.000241 0.032760 0.965898
0.000986 0.000198 0.035660 0.963156
0.001273 0.000303 0.030961 0.967462
0.001108 0.000242 0.032582 0.966068
0.000984 0.000198 0.035595 0.963223
0.001101 0.000241 0.031995 0.966664
0.001102 0.000241 0.032914 0.965743
0.000980 0.000197 0.034518 0.964305
0.000987 0.000198 0.035573 0.963241
0.000990 0.000199 0.035413 0.963399
0.000986 0.000198 0.035644 0.963172
0.000986 0.000198 0.035272 0.963544
0.000986 0.000198 0.035658 0.963157
0.000981 0.000197 0.034186 0.964636
0.001035 0.000217 0.034577 0.964171
0.000979 0.000197 0.033341 0.965483
0.000986 0.000198 0.035652 0.963164
0.000986 0.000198 0.035398 0.963418
0.000980 0.000197 0.034514 0.964308
0.000988 0.000198 0.035087 0.963727
0.001067 0.000229 0.033296 0.965408
0.001099 0.000241 0.032772 0.965888
0.000986 0.000198 0.035653 0.963162
0.000988 0.000198 0.035517 0.963297
0.000986 0.000198 0.035278 0.963538
0.000988 0.000198 0.035276 0.963538
0.001088 0.000237 0.032893 0.965783
0.001190 0.000275 0.030221 0.968313
0.000986 0.000198 0.035657 0.963159
0.000987 0.000198 0.035575 0.963240
0.000981 0.000197 0.034283 0.964539
0.000987 0.000198 0.035387 0.963427
0.001101 0.000241 0.032755 0.965904
0.001251 0.000296 0.030391 0.968061
0.000979 0.000197 0.034456 0.964369
0.001036 0.000217 0.034632 0.964115
0.000987 0.000198 0.035144 0.963670
0.001037 0.000217 0.034538 0.964207
0.001099 0.000240 0.032810 0.965851
0.001286 0.000308 0.030595 0.967811
0.000985 0.000198 0.035265 0.963552
0.001069 0.000230 0.033368 0.965333
0.000989 0.000199 0.035380 0.963432
0.001134 0.000255 0.032443 0.966169
0.000980 0.000197 0.034509 0.964314
0.001531 0.000401 0.029413 0.968655
0.000988 0.000198 0.035456 0.963358
0.001088 0.000237 0.032016 0.966660
0.001038 0.000218 0.034496 0.964248
0.001208 0.000282 0.031174 0.967337
0.000978 0.000197 0.034097 0.964728
0.001191 0.000275 0.030276 0.968258
0.000988 0.000198 0.035527 0.963287
0.001105 0.000242 0.032506 0.966148
0.001071 0.000230 0.033296 0.965403
0.001260 0.000300 0.030179 0.968261
0.000983 0.000198 0.034023 0.964796
0.001359 0.000337 0.029215 0.969089
0.000987 0.000198 0.035579 0.963235
0.001106 0.000242 0.032753 0.965900
0.001155 0.000263 0.031142 0.967441
0.001282 0.000306 0.030041 0.968371
0.000983 0.000197 0.033833 0.964987
0.001507 0.000388 0.029084 0.969021
0.001028 0.000216 0.033445 0.965311
0.000988 0.000198 0.035525 0.963289
0.001228 0.000288 0.030813 0.967671
0.001107 0.000242 0.032445 0.966205
0.000982 0.000197 0.032853 0.965967
0.001533 0.000396 0.029708 0.968362
0.001067 0.000230 0.032948 0.965755
0.000987 0.000198 0.035573 0.963241
0.001260 0.000299 0.030834 0.967607
0.000989 0.000199 0.035333 0.963478
0.001041 0.000218 0.033472 0.965269
0.001179 0.000270 0.031573 0.966978
0.001088 0.000237 0.032641 0.966035
0.001036 0.000217 0.034629 0.964118
0.001106 0.000242 0.032714 0.965938
0.000989 0.000199 0.035449 0.963363
0.001144 0.000257 0.030229 0.968370
0.001320 0.000324 0.030226 0.968130
0.001103 0.000241 0.032631 0.966025
0.001069 0.000230 0.033362 0.965340
0.001104 0.000241 0.032856 0.965798
0.001038 0.000218 0.034546 0.964199
0.001321 0.000323 0.029702 0.968655
0.001306 0.000319 0.029674 0.968700
0.001104 0.000241 0.032858 0.965796
0.001090 0.000237 0.032961 0.965712
0.001036 0.000217 0.034629 0.964118
0.001133 0.000255 0.032441 0.966171
0.001669 0.000447 0.028719 0.969165
0.001615 0.000433 0.029496 0.968456
0.001030 0.000216 0.033515 0.965239
0.001103 0.000241 0.032823 0.965833
0.001069 0.000230 0.033362 0.965340
0.001207 0.000282 0.031165 0.967346
0.002839 0.000877 0.032919 0.963365
0.001848 0.000515 0.030016 0.967621
0.001068 0.000230 0.032086 0.966616
0.001103 0.000241 0.032922 0.965735
0.001088 0.000237 0.032900 0.965776
0.001256 0.000298 0.030881 0.967564
0.002495 0.000752 0.031690 0.965063
0.001519 0.000393 0.029925 0.968163
0.001102 0.000240 0.030215 0.968443
0.000986 0.000198 0.035651 0.963165
0.001103 0.000241 0.032812 0.965844
0.001272 0.000303 0.030942 0.967483
0.002893 0.000905 0.033572 0.962631
0.001301 0.000310 0.029130 0.969258
0.001115 0.000244 0.030917 0.967724
0.000986 0.000198 0.035651 0.963165
0.001103 0.000241 0.032922 0.965734
0.001100 0.000241 0.032856 0.965803
0.002523 0.000764 0.031779 0.964935
0.001176 0.000269 0.031081 0.967474
0.001118 0.000244 0.031988 0.966650
0.000986 0.000198 0.035651 0.963165
0.000984 0.000198 0.035598 0.963220
0.000986 0.000198 0.035644 0.963172
0.002809 0.000876 0.033263 0.963052
0.001074 0.000231 0.032759 0.965936
0.001044 0.000219 0.033899 0.964838
0.000984 0.000198 0.035595 0.963223
0.000986 0.000198 0.035650 0.963166
0.000986 0.000198 0.035652 0.963164
0.002612 0.000802 0.032564 0.964021
0.001097 0.000239 0.032615 0.966050
0.001141 0.000256 0.032092 0.966511
0.000986 0.000198 0.035644 0.963172
0.000980 0.000197 0.034513 0.964309
0.000986 0.000198 0.035653 0.963162
0.003783 0.001242 0.037405 0.957570
0.001106 0.000242 0.032557 0.966095
0.001643 0.000445 0.030032 0.967880
0.000986 0.000198 0.035652 0.963164
0.000984 0.000198 0.035217 0.963601
0.000985 0.000198 0.035601 0.963217
0.001962 0.000556 0.030253 0.967229
0.001386 0.000350 0.030558 0.967706
0.002872 0.000901 0.033581 0.962646
0.000986 0.000198 0.035654 0.963162
0.000988 0.000198 0.035454 0.963360
0.000979 0.000197 0.034451 0.964374
0.002417 0.000720 0.031479 0.965384
0.001352 0.000337 0.029921 0.968389
0.004050 0.001348 0.038733 0.955869
0.000986 0.000198 0.035657 0.963159
0.000982 0.000197 0.034400 0.964421
0.000984 0.000198 0.035211 0.963607
0.001476 0.000377 0.029520 0.968627
0.001491 0.000385 0.029185 0.968939
0.002842 0.000881 0.033554 0.962723
0.000979 0.000197 0.034456 0.964369
0.000987 0.000198 0.035200 0.963615
0.000986 0.000198 0.035397 0.963419
0.001097 0.000239 0.032543 0.966122
0.001561 0.000408 0.029787 0.968244
0.001956 0.000551 0.030570 0.966923
0.000985 0.000198 0.035265 0.963552
0.001038 0.000218 0.034426 0.964318
0.000988 0.000198 0.035528 0.963286
0.001177 0.000269 0.031686 0.966868
0.001540 0.000398 0.029650 0.968412
0.001106 0.000242 0.032753 0.965900
0.000988 0.000198 0.035456 0.963358
0.001068 0.000230 0.032256 0.966446
0.000982 0.000197 0.034451 0.964370
0.001227 0.000288 0.031062 0.967423
0.000988 0.000198 0.035160 0.963653
0.000988 0.000198 0.035525 0.963289
0.000986 0.000198 0.035471 0.963345
0.001093 0.000238 0.032571 0.966098
0.001029 0.000216 0.033108 0.965647
0.001246 0.000298 0.031219 0.967237
0.000982 0.000197 0.034220 0.964600
0.000987 0.000198 0.035573 0.963241
0.000986 0.000198 0.035518 0.963298
0.001172 0.000268 0.031678 0.966882
0.001070 0.000230 0.031909 0.966791
0.001412 0.000357 0.029250 0.968981
0.001031 0.000216 0.032976 0.965777
0.001035 0.000217 0.034577 0.964171
0.001030 0.000216 0.033492 0.965262
0.001223 0.000287 0.031000 0.967490
0.001096 0.000239 0.031504 0.967161
0.001502 0.000388 0.029704 0.968406
0.001074 0.000231 0.032767 0.965929
0.001067 0.000229 0.033296 0.965408
0.001070 0.000230 0.033019 0.965681
0.001091 0.000238 0.032884 0.965787
0.001112 0.000244 0.032192 0.966452
0.001282 0.000307 0.030699 0.967712
0.001163 0.000265 0.031758 0.966814
0.001086 0.000236 0.032848 0.965829
0.001089 0.000237 0.032685 0.965988
0.001171 0.000268 0.031910 0.966652
0.001178 0.000269 0.031669 0.966883
0.001274 0.000303 0.030964 0.967459
0.001230 0.000289 0.030943 0.967538
0.001102 0.000241 0.032805 0.965851
0.001104 0.000242 0.031788 0.966867
0.001223 0.000287 0.031181 0.967309
0.001133 0.000255 0.031260 0.967352
0.000987 0.000198 0.035579 0.963235
0.001363 0.000339 0.029624 0.968674
0.001103 0.000241 0.032933 0.965723
0.001103 0.000241 0.031601 0.967055
0.001086 0.000236 0.031959 0.966719
0.001306 0.000319 0.030093 0.968282
0.001030 0.000216 0.033500 0.965254
0.001332 0.000327 0.029510 0.968831
0.000981 0.000197 0.034524 0.964299
0.001038 0.000218 0.034035 0.964710
0.001104 0.000242 0.031618 0.967037
0.001613 0.000432 0.029552 0.968404
0.001068 0.000230 0.032956 0.965747
0.001456 0.000371 0.029634 0.968539
0.000981 0.000197 0.034199 0.964622
0.001074 0.000231 0.033077 0.965618
0.001108 0.000242 0.032446 0.966204
0.001842 0.000514 0.030017 0.967627
0.001092 0.000238 0.032777 0.965892
0.001262 0.000300 0.030592 0.967846
0.000982 0.000197 0.033107 0.965714
0.001094 0.000238 0.031056 0.967612
0.000988 0.000199 0.035279 0.963535
0.001515 0.000393 0.029936 0.968157
0.001106 0.000242 0.032715 0.965937
0.001271 0.000303 0.030627 0.967800
0.000989 0.000199 0.034621 0.964191
0.001177 0.000269 0.031231 0.967322
0.000988 0.000198 0.035393 0.963421
0.001381 0.000345 0.029671 0.968603
0.001105 0.000241 0.032859 0.965795
0.001170 0.000267 0.031900 0.966663
0.000992 0.000199 0.035074 0.963734
0.001335 0.000328 0.029558 0.968779
0.001031 0.000216 0.033416 0.965336
0.001230 0.000288 0.030179 0.968302
0.001033 0.000217 0.034519 0.964231
0.001134 0.000255 0.032444 0.966168
0.001040 0.000218 0.034225 0.964517
0.001218 0.000284 0.030703 0.967794
0.001135 0.000255 0.032100 0.966510
0.001094 0.000238 0.032472 0.966195
0.001064 0.000229 0.032334 0.966373
0.001208 0.000282 0.031180 0.967331
0.001137 0.000255 0.032282 0.966326
0.001266 0.000301 0.030646 0.967788
0.001210 0.000282 0.030960 0.967548
0.001109 0.000243 0.032550 0.966098
0.001091 0.000238 0.032638 0.966033
0.001261 0.000300 0.030192 0.968247
0.001437 0.000369 0.030035 0.968158
0.001525 0.000400 0.029808 0.968267
0.001261 0.000300 0.030016 0.968423
0.001107 0.000242 0.032749 0.965902
0.001104 0.000242 0.032598 0.966056
0.001299 0.000310 0.028848 0.969543
0.001747 0.000481 0.029713 0.968058
0.001401 0.000354 0.029830 0.968415
0.001284 0.000306 0.029981 0.968428
0.001038 0.000218 0.034546 0.964199
0.001102 0.000241 0.032708 0.965949
0.001109 0.000242 0.031827 0.966822
0.001923 0.000543 0.030328 0.967206
0.001339 0.000332 0.030160 0.968169
0.001176 0.000269 0.031529 0.967027
0.001132 0.000254 0.032390 0.966224
0.000979 0.000197 0.032626 0.966198
0.000991 0.000199 0.034912 0.963898
0.001554 0.000405 0.029581 0.968460
0.001471 0.000378 0.029845 0.968306
0.001072 0.000231 0.033013 0.965684
0.001207 0.000282 0.031151 0.967360
0.001032 0.000216 0.033391 0.965361
0.000991 0.000199 0.035148 0.963663
0.001274 0.000303 0.030800 0.967623
0.001507 0.000389 0.030043 0.968061
0.001092 0.000238 0.031852 0.966819
0.001256 0.000298 0.030881 0.967564
0.001075 0.000231 0.032812 0.965881
0.001041 0.000218 0.034384 0.964357
0.000988 0.000198 0.035454 0.963360
0.001102 0.000241 0.031909 0.966748
0.001175 0.000269 0.030701 0.967855
0.001272 0.000303 0.030945 0.967480
0.001094 0.000238 0.031666 0.967002
0.001361 0.000338 0.029008 0.969293
0.000988 0.000198 0.035525 0.963289
0.001104 0.000241 0.031729 0.966926
0.001329 0.000326 0.030107 0.968237
0.001103 0.000241 0.032928 0.965728
0.001112 0.000244 0.030706 0.967938
0.001704 0.000463 0.029151 0.968682
0.000987 0.000198 0.035573 0.963241
0.000983 0.000198 0.034025 0.964795
0.001216 0.000284 0.030929 0.967571
0.000979 0.000197 0.034456 0.964369
0.001406 0.000355 0.029953 0.968287
0.001979 0.000559 0.029812 0.967650
0.001035 0.000217 0.034577 0.964171
0.000988 0.000198 0.034913 0.963901
0.001267 0.000301 0.030050 0.968383
0.000985 0.000198 0.035265 0.963552
0.001394 0.000348 0.028604 0.969655
0.002071 0.000590 0.030393 0.966947
0.001068 0.000230 0.033352 0.965350
0.000989 0.000199 0.035197 0.963615
0.001383 0.000345 0.030018 0.968254
0.000988 0.000198 0.035456 0.963358
0.001516 0.000391 0.029295 0.968797
0.001544 0.000399 0.029849 0.968209
0.001090 0.000237 0.032962 0.965711
0.001039 0.000218 0.034405 0.964338
0.001324 0.000325 0.030347 0.968004
0.000988 0.000198 0.035527 0.963287
0.001786 0.000490 0.029419 0.968305
0.001189 0.000275 0.032239 0.966297
0.001101 0.000241 0.032762 0.965896
0.001135 0.000255 0.032370 0.966240
0.001207 0.000282 0.030959 0.967553
0.000985 0.000198 0.035478 0.963340
0.002667 0.000821 0.032752 0.963760
0.001362 0.000340 0.029856 0.968443
0.001099 0.000240 0.032805 0.965856
0.001302 0.000318 0.030481 0.967899
0.001254 0.000298 0.030736 0.967712
0.001029 0.000216 0.033482 0.965272
0.001390 0.000349 0.029589 0.968672
0.001674 0.000454 0.029216 0.968656
0.000980 0.000197 0.034500 0.964323
0.001455 0.000371 0.029328 0.968846
0.001373 0.000343 0.030267 0.968018
0.001070 0.000230 0.033017 0.965683
0.001948 0.000557 0.030160 0.967336
0.002239 0.000662 0.030916 0.966183
0.000984 0.000198 0.035221 0.963597
0.001537 0.000398 0.029366 0.968699
0.001223 0.000287 0.031177 0.967313
0.001089 0.000237 0.032682 0.965991
0.002474 0.000749 0.032009 0.964768
0.002509 0.000760 0.032194 0.964537
0.000988 0.000198 0.035459 0.963355
0.001282 0.000306 0.030576 0.967836
0.001090 0.000237 0.032977 0.965696
0.001105 0.000242 0.032706 0.965947
0.002240 0.000663 0.031212 0.965885
0.001260 0.000299 0.030795 0.967646
0.000983 0.000197 0.034413 0.964407
0.001108 0.000242 0.032649 0.966000
0.001103 0.000242 0.031109 0.967546
0.001105 0.000241 0.031141 0.967513
0.001472 0.000378 0.029876 0.968273
0.001275 0.000304 0.030901 0.967520
0.000981 0.000197 0.033188 0.965634
0.000989 0.000199 0.035449 0.963363
0.001106 0.000242 0.031461 0.967192
0.001036 0.000217 0.033860 0.964888
0.001540 0.000398 0.029174 0.968889
0.001166 0.000266 0.031916 0.966651
0.001038 0.000218 0.033673 0.965071
0.001038 0.000218 0.034546 0.964199
0.000989 0.000199 0.034906 0.963906
0.001074 0.000231 0.033009 0.965686
0.001106 0.000242 0.032197 0.966455
0.001068 0.000230 0.030747 0.967956
0.001071 0.000230 0.031883 0.966815
0.001133 0.000255 0.032441 0.966171
0.000991 0.000199 0.035212 0.963598
0.001092 0.000238 0.030955 0.967715
0.001108 0.000242 0.032587 0.966063
0.001091 0.000238 0.031952 0.966719
0.001098 0.000239 0.032350 0.966313
0.001207 0.000282 0.031165 0.967346
0.000990 0.000199 0.035371 0.963440
0.001109 0.000243 0.032063 0.966585
0.000989 0.000199 0.035398 0.963413
0.001107 0.000242 0.032204 0.966446
0.001178 0.000270 0.031608 0.966944
0.001256 0.000298 0.030881 0.967564
0.001102 0.000242 0.033503 0.965154
0.001270 0.000304 0.030859 0.967567
0.000989 0.000199 0.035493 0.963320
0.001110 0.000243 0.032588 0.966060
0.001458 0.000376 0.029935 0.968231
0.001272 0.000303 0.030942 0.967483
0.001275 0.000309 0.030687 0.967729
0.001191 0.000275 0.031193 0.967342
0.001099 0.000241 0.033544 0.965116
0.000982 0.000197 0.033329 0.965492
0.001382 0.000347 0.029783 0.968488
0.001103 0.000241 0.032922 0.965735
0.001422 0.000362 0.029744 0.968472
0.001247 0.000295 0.030797 0.967661
0.001181 0.000273 0.031329 0.967217
0.001186 0.000274 0.031866 0.966673
0.001683 0.000457 0.029231 0.968628
0.000986 0.000198 0.035651 0.963165
0.001520 0.000395 0.029866 0.968219
0.001544 0.000407 0.029360 0.968689
0.001242 0.000294 0.030882 0.967582
0.001376 0.000343 0.029159 0.969122
0.001888 0.000529 0.030094 0.967488
0.000986 0.000198 0.035651 0.963165
0.001529 0.000397 0.030105 0.967970
0.001768 0.000487 0.029645 0.968101
0.001277 0.000305 0.030831 0.967586
0.001534 0.000396 0.028612 0.969458
0.001515 0.000392 0.029956 0.968137
0.000986 0.000198 0.035651 0.963165
0.001103 0.000241 0.032924 0.965732
0.001246 0.000295 0.030730 0.967729
0.001267 0.000301 0.030980 0.967452
0.001587 0.000415 0.029511 0.968487
0.001104 0.000242 0.031812 0.966842
0.000986 0.000198 0.035651 0.963165
0.000985 0.000198 0.035601 0.963217
0.001278 0.000306 0.030673 0.967744
0.000977 0.000196 0.034413 0.964413
0.001980 0.000565 0.030317 0.967139
0.001106 0.000242 0.031672 0.966981
0.000986 0.000198 0.035651 0.963165
0.000980 0.000197 0.034505 0.964318
0.001271 0.000302 0.030986 0.967440
0.000981 0.000197 0.034175 0.964648
0.001193 0.000276 0.031135 0.967397
0.001033 0.000217 0.032983 0.965767
0.000986 0.000198 0.035651 0.963165
0.000986 0.000198 0.035273 0.963543
0.001037 0.000217 0.034641 0.964105
0.000985 0.000198 0.034989 0.963828
0.001347 0.000334 0.030139 0.968180
0.001075 0.000231 0.032734 0.965960
0.000984 0.000198 0.035595 0.963223
0.000988 0.000198 0.035457 0.963357
0.001063 0.000229 0.031438 0.967270
0.000988 0.000198 0.035278 0.963536
0.001921 0.000545 0.029877 0.967656
0.001093 0.000238 0.032503 0.966165
0.000986 0.000198 0.035644 0.963172
0.000988 0.000199 0.035531 0.963283
0.001092 0.000238 0.032314 0.966356
0.000984 0.000198 0.034339 0.964480
0.002398 0.000720 0.031538 0.965344
0.001174 0.000269 0.031708 0.966849
0.000986 0.000198 0.035652 0.963164
0.000982 0.000197 0.034441 0.964380
0.001108 0.000243 0.031608 0.967041
0.001030 0.000216 0.032154 0.966600
0.001504 0.000389 0.029697 0.968410
0.001320 0.000324 0.030429 0.967926
0.000986 0.000198 0.035654 0.963162
0.001036 0.000217 0.034236 0.964511
0.001110 0.000243 0.032399 0.966249
0.001140 0.000256 0.031610 0.966993
0.001541 0.000401 0.029890 0.968169
0.001302 0.000318 0.030478 0.967902
0.000986 0.000198 0.035657 0.963159
0.001071 0.000230 0.033178 0.965520
0.000990 0.000199 0.035307 0.963503
0.001230 0.000287 0.029427 0.969056
0.001271 0.000302 0.030986 0.967440
0.001444 0.000369 0.029856 0.968331
0.000980 0.000197 0.034512 0.964311
0.001092 0.000238 0.032850 0.965820
0.001095 0.000240 0.032314 0.966351
0.001279 0.000304 0.029499 0.968919
0.001037 0.000217 0.034641 0.964105
0.001546 0.000401 0.029116 0.968938
0.000984 0.000198 0.035214 0.963604
0.001105 0.000242 0.032757 0.965896
0.001188 0.000275 0.031017 0.967521
0.001394 0.000348 0.029660 0.968597
0.001065 0.000229 0.031498 0.967208
0.001281 0.000305 0.030458 0.967955
0.000987 0.000198 0.035447 0.963367
0.001169 0.000267 0.032002 0.966561
0.001348 0.000334 0.030102 0.968216
0.001473 0.000380 0.029774 0.968374
0.001093 0.000238 0.032325 0.966345
0.001104 0.000241 0.032466 0.966189
0.000986 0.000198 0.035470 0.963346
0.001069 0.000230 0.033362 0.965340
0.001477 0.000380 0.029810 0.968333
0.001393 0.000350 0.029741 0.968516
0.001105 0.000242 0.031541 0.967111
0.000989 0.000199 0.035385 0.963428
0.000987 0.000198 0.035569 0.963246
0.001090 0.000237 0.032961 0.965712
0.001510 0.000390 0.030013 0.968087
0.001946 0.000556 0.030219 0.967279
0.001107 0.000242 0.032320 0.966331
0.000989 0.000199 0.035496 0.963317
0.001036 0.000217 0.034636 0.964111
0.001101 0.000241 0.032759 0.965900
0.001172 0.000268 0.030267 0.968292
0.003166 0.001009 0.034647 0.961178
0.000990 0.000199 0.035295 0.963516
0.001099 0.000241 0.033549 0.965111
0.001065 0.000229 0.032365 0.966340
0.001102 0.000241 0.032911 0.965746
0.001230 0.000288 0.030637 0.967845
0.002581 0.000783 0.032215 0.964421
0.001103 0.000242 0.033451 0.965205
0.001182 0.000273 0.031340 0.967205
0.001092 0.000238 0.032642 0.966029
0.000986 0.000198 0.035652 0.963164
0.001095 0.000238 0.032617 0.966049
0.001540 0.000400 0.029651 0.968409
0.001184 0.000274 0.031285 0.967257
0.001250 0.000296 0.029470 0.968984
0.001105 0.000242 0.031753 0.966901
0.000984 0.000198 0.035598 0.963220
0.001106 0.000242 0.032540 0.966112
0.001543 0.000400 0.029975 0.968081
0.001347 0.000334 0.029572 0.968746
0.001286 0.000308 0.030337 0.968069
0.001107 0.000242 0.032500 0.966151
0.000986 0.000198 0.035650 0.963166
0.001104 0.000241 0.032714 0.965941
0.001107 0.000242 0.032756 0.965895
0.001490 0.000383 0.029138 0.968989
0.001280 0.000304 0.030791 0.967624
0.000989 0.000199 0.035379 0.963433
0.000980 0.000197 0.034513 0.964309
0.001100 0.000242 0.033577 0.965082
0.001030 0.000216 0.033369 0.965385
0.001524 0.000394 0.029772 0.968310
0.000984 0.000198 0.034294 0.964524
0.001038 0.000218 0.034493 0.964251
0.000986 0.000198 0.035274 0.963542
0.001182 0.000273 0.031342 0.967203
0.001133 0.000255 0.032035 0.966578
0.001109 0.000243 0.032557 0.966091
0.000984 0.000198 0.034053 0.964765
0.001068 0.000230 0.033232 0.965470
0.000988 0.000198 0.035461 0.963353
0.001240 0.000293 0.030828 0.967639
0.001211 0.000283 0.031001 0.967505
0.001106 0.000242 0.031842 0.966810
0.001099 0.000241 0.032005 0.966654
0.001156 0.000263 0.032027 0.966554
0.000982 0.000197 0.034398 0.964422
0.001278 0.000306 0.030061 0.968355
0.001260 0.000299 0.030797 0.967643
0.001035 0.000217 0.034065 0.964684
0.001195 0.000276 0.030859 0.967670
0.001224 0.000287 0.031081 0.967407
0.000985 0.000198 0.035139 0.963677
0.001276 0.000303 0.030048 0.968372
0.001275 0.000304 0.030901 0.967520
0.001131 0.000254 0.031250 0.967364
0.001251 0.000296 0.030554 0.967899
0.001255 0.000298 0.030972 0.967475
0.001038 0.000218 0.034411 0.964333
0.000986 0.000198 0.035035 0.963781
0.001169 0.000267 0.031126 0.967439
0.001214 0.000283 0.030782 0.967721
0.001387 0.000348 0.030051 0.968214
0.001103 0.000242 0.032829 0.965826
0.001069 0.000230 0.033186 0.965515
0.000984 0.000198 0.034235 0.964583
0.001063 0.000229 0.031954 0.966753
0.001261 0.000300 0.030632 0.967808
0.001619 0.000434 0.029769 0.968178
0.001101 0.000241 0.031995 0.966664
0.001091 0.000238 0.032886 0.965785
0.000982 0.000197 0.033918 0.964903
0.001092 0.000238 0.032392 0.966279
0.001378 0.000344 0.030205 0.968073
0.001302 0.000318 0.030476 0.967904
0.000986 0.000198 0.035272 0.963544
0.001169 0.000267 0.031855 0.966709
0.001034 0.000217 0.032902 0.965846
0.001106 0.000242 0.032479 0.966172
0.001234 0.000289 0.029712 0.968764
0.001444 0.000369 0.029850 0.968338
0.000986 0.000198 0.035398 0.963418
0.001220 0.000286 0.030280 0.968214
0.001140 0.000256 0.030942 0.967662
0.001107 0.000242 0.032746 0.965906
0.001158 0.000264 0.030527 0.968051
0.001526 0.000395 0.029495 0.968583
0.000988 0.000198 0.035517 0.963297
0.001089 0.000237 0.032564 0.966111
0.001222 0.000285 0.029838 0.968654
0.001038 0.000218 0.034561 0.964184
0.001237 0.000291 0.030533 0.967940
0.001273 0.000304 0.030621 0.967802
0.000987 0.000198 0.035575 0.963240
0.001102 0.000241 0.031685 0.966971
0.001374 0.000342 0.029691 0.968593
0.001130 0.000254 0.030606 0.968010
0.001267 0.000300 0.029855 0.968578
0.001103 0.000241 0.032678 0.965977
0.001036 0.000217 0.034632 0.964115
0.001105 0.000241 0.032438 0.966215
0.001679 0.000451 0.028797 0.969073
0.001218 0.000284 0.029910 0.968587
0.001106 0.000242 0.032148 0.966504
0.000985 0.000198 0.035422 0.963395
0.001069 0.000230 0.033368 0.965333
0.000982 0.000197 0.034226 0.964594
0.001629 0.000435 0.029299 0.968637
0.001277 0.000303 0.029745 0.968674
0.001266 0.000303 0.030936 0.967494
0.000987 0.000198 0.035564 0.963251
0.001088 0.000237 0.032016 0.966660
0.001029 0.000216 0.032054 0.966701
0.001624 0.000435 0.029407 0.968534
0.001284 0.000306 0.030283 0.968127
0.001282 0.000310 0.029859 0.968549
0.001036 0.000217 0.034639 0.964107
0.001105 0.000242 0.032506 0.966148
0.001074 0.000231 0.031576 0.967119
0.002186 0.000640 0.030528 0.966646
0.001111 0.000243 0.032509 0.966137
0.001433 0.000365 0.029528 0.968675
0.001064 0.000229 0.032315 0.966393
0.001106 0.000242 0.032753 0.965900
0.001167 0.000265 0.030427 0.968141
0.001876 0.000523 0.029570 0.968032
0.001099 0.000241 0.032324 0.966335
0.001756 0.000479 0.029101 0.968664
0.001086 0.000236 0.031627 0.967050
0.000988 0.000198 0.035525 0.963289
0.001244 0.000292 0.029707 0.968757
0.002006 0.000574 0.029892 0.967528
0.001280 0.000310 0.030309 0.968102
0.001963 0.000548 0.029717 0.967772
0.001108 0.000243 0.030674 0.967976
0.000986 0.000198 0.035517 0.963299
0.001378 0.000342 0.029080 0.969200
0.001806 0.000499 0.029669 0.968026
0.001587 0.000424 0.029424 0.968565
0.001277 0.000303 0.030193 0.968228
0.001112 0.000243 0.032046 0.966600
0.001036 0.000217 0.034620 0.964127
0.001492 0.000386 0.029012 0.969110
0.001526 0.000394 0.029273 0.968807
0.001908 0.000534 0.029389 0.968169
0.001182 0.000270 0.031307 0.967241
0.000991 0.000199 0.035030 0.963780
0.001067 0.000229 0.033305 0.965398
0.002059 0.000594 0.030190 0.967157
0.001400 0.000351 0.029223 0.969026
0.001962 0.000554 0.030190 0.967294
0.001237 0.000290 0.030130 0.968344
0.001034 0.000217 0.033134 0.965615
0.001090 0.000237 0.032953 0.965720
0.002179 0.000638 0.030389 0.966794
0.001657 0.000444 0.029157 0.968742
0.001386 0.000346 0.030035 0.968233
0.001254 0.000299 0.030789 0.967658
0.001138 0.000256 0.030273 0.968333
0.001103 0.000242 0.032830 0.965825
0.003366 0.001082 0.035466 0.960087
0.001322 0.000323 0.029360 0.968994
0.001231 0.000288 0.030190 0.968291
0.001807 0.000505 0.029919 0.967769
0.001470 0.000378 0.028975 0.969178
0.001101 0.000241 0.031998 0.966661
0.003394 0.001087 0.035502 0.960017
0.001464 0.000374 0.029401 0.968761
0.001094 0.000238 0.030795 0.967873
0.002370 0.000712 0.031395 0.965522
0.001789 0.000493 0.029419 0.968300
0.000986 0.000198 0.035278 0.963538
0.002211 0.000648 0.030749 0.966392
0.001704 0.000463 0.029678 0.968155
0.001285 0.000309 0.029074 0.969332
0.001959 0.000555 0.029870 0.967616
0.001978 0.000559 0.029926 0.967537
0.000982 0.000197 0.034339 0.964481
0.001899 0.000530 0.029702 0.967870
0.001651 0.000443 0.029267 0.968639
0.001451 0.000366 0.028848 0.969335
0.002316 0.000690 0.031335 0.965659
0.001763 0.000482 0.029371 0.968384
0.000988 0.000198 0.035151 0.963663
0.001735 0.000472 0.029270 0.968523
0.001608 0.000430 0.029451 0.968511
0.001267 0.000300 0.030191 0.968242
0.001461 0.000373 0.029828 0.968338
0.001888 0.000532 0.029924 0.967655
0.000989 0.000199 0.035379 0.963433
0.001648 0.000443 0.029407 0.968502
0.001610 0.000431 0.029501 0.968458
0.001411 0.000353 0.029277 0.968958
0.001093 0.000238 0.032866 0.965803
0.001546 0.000408 0.029473 0.968574
0.001038 0.000218 0.034493 0.964251
0.001859 0.000523 0.029912 0.967706
0.001866 0.000520 0.029728 0.967885
0.001913 0.000539 0.029698 0.967850
0.001111 0.000243 0.030407 0.968239
0.001854 0.000516 0.029584 0.968046
0.001070 0.000230 0.033290 0.965410
0.001756 0.000484 0.029625 0.968136
0.001525 0.000395 0.029767 0.968313
0.001784 0.000495 0.029653 0.968067
0.001179 0.000269 0.029567 0.968985
0.002363 0.000704 0.031326 0.965608
0.001156 0.000263 0.032040 0.966541
0.002256 0.000669 0.031139 0.965936
0.001377 0.000344 0.030105 0.968173
0.003046 0.000964 0.034211 0.961779
0.001080 0.000232 0.030625 0.968063
0.002199 0.000645 0.030926 0.966229
0.001224 0.000287 0.031081 0.967407
0.002187 0.000644 0.030926 0.966243
0.001226 0.000287 0.030250 0.968237
0.004066 0.001357 0.038668 0.955909
0.001105 0.000241 0.030886 0.967768
0.001465 0.000373 0.029249 0.968913
0.001255 0.000298 0.030970 0.967478
0.001841 0.000512 0.029689 0.967957
0.001089 0.000237 0.031606 0.967067
0.003458 0.001123 0.036128 0.959291
0.001119 0.000245 0.031754 0.966882
0.001264 0.000300 0.030427 0.968009
0.001103 0.000241 0.032823 0.965833
0.001265 0.000301 0.029949 0.968485
0.001176 0.000269 0.031423 0.967132
0.002155 0.000632 0.030851 0.966362
0.001406 0.000355 0.030112 0.968128
0.001382 0.000345 0.030102 0.968171
0.001103 0.000241 0.032922 0.965735
0.001282 0.000306 0.030585 0.967827
0.001232 0.000289 0.030946 0.967534
0.001450 0.000370 0.029371 0.968810
0.001763 0.000485 0.029002 0.968749
0.001322 0.000325 0.030395 0.967959
0.000986 0.000198 0.035651 0.963165
0.001107 0.000242 0.031764 0.966887
0.001090 0.000237 0.031801 0.966871
0.001261 0.000300 0.030647 0.967792
0.004155 0.001385 0.039091 0.955369
0.001207 0.000282 0.031048 0.967463
0.000986 0.000198 0.035651 0.963165
0.000985 0.000198 0.034018 0.964800
0.001174 0.000269 0.030694 0.967863
0.001292 0.000308 0.029566 0.968834
0.012078 0.004620 0.068336 0.914965
0.001357 0.000338 0.030214 0.968091
0.000986 0.000198 0.035651 0.963165
0.001035 0.000217 0.032913 0.965836
0.001332 0.000327 0.029400 0.968941
0.001107 0.000242 0.031311 0.967341
0.015098 0.005964 0.077514 0.901425
0.001471 0.000377 0.029354 0.968798
0.000984 0.000198 0.035595 0.963223
0.001141 0.000257 0.031811 0.966791
0.001219 0.000284 0.030648 0.967849
0.000986 0.000198 0.033796 0.965020
0.002835 0.000875 0.033392 0.962898
0.001259 0.000299 0.030706 0.967737
0.000984 0.000198 0.035590 0.963228
0.001218 0.000284 0.030869 0.967629
0.001268 0.000301 0.030622 0.967810
0.001042 0.000219 0.033790 0.964949
0.002033 0.000582 0.030018 0.967367
0.001101 0.000241 0.032509 0.966149
0.000986 0.000198 0.035645 0.963171
0.001364 0.000340 0.030100 0.968196
0.001388 0.000347 0.029558 0.968708
0.001077 0.000232 0.032930 0.965762
0.001421 0.000359 0.029468 0.968752
0.001103 0.000241 0.031869 0.966787
0.000985 0.000198 0.035599 0.963218
0.001628 0.000437 0.029724 0.968211
0.001323 0.000325 0.030125 0.968227
0.001250 0.000299 0.031003 0.967448
0.001361 0.000337 0.029348 0.968953
0.000987 0.000198 0.035208 0.963606
0.000986 0.000198 0.035653 0.963163
0.001595 0.000426 0.029640 0.968339
0.001311 0.000320 0.029631 0.968737
0.001574 0.000417 0.029129 0.968880
0.001678 0.000452 0.029128 0.968741
0.001033 0.000216 0.033323 0.965428
0.000980 0.000197 0.034520 0.964303
0.001442 0.000368 0.029824 0.968365
0.001457 0.000372 0.029597 0.968574
0.002132 0.000623 0.030629 0.966616
0.002155 0.000630 0.030641 0.966574
0.001073 0.000231 0.032922 0.965775
0.000981 0.000197 0.034189 0.964633
0.001512 0.000392 0.029959 0.968137
0.001519 0.000394 0.029762 0.968325
0.001865 0.000522 0.029998 0.967615
0.001632 0.000437 0.029036 0.968895
0.001100 0.000239 0.030349 0.968312
0.000988 0.000198 0.035093 0.963721
0.001267 0.000302 0.030814 0.967618
0.001378 0.000344 0.030197 0.968082
0.001942 0.000548 0.030465 0.967045
0.001887 0.000526 0.029658 0.967929
0.001180 0.000270 0.030895 0.967654
0.000984 0.000198 0.034231 0.964587
0.001100 0.000240 0.032846 0.965813
0.001228 0.000288 0.030358 0.968127
0.001279 0.000305 0.030200 0.968216
0.001711 0.000465 0.029616 0.968207
0.001235 0.000290 0.030616 0.967859
0.000989 0.000199 0.035079 0.963734
0.000980 0.000197 0.034509 0.964314
0.001158 0.000264 0.031720 0.966858
0.001169 0.000267 0.031624 0.966940
0.001642 0.000441 0.029642 0.968275
0.001165 0.000265 0.031685 0.966885
0.001038 0.000218 0.034286 0.964459
0.000986 0.000198 0.035279 0.963537
0.001229 0.000289 0.030943 0.967539
0.001069 0.000230 0.033111 0.965590
0.001460 0.000372 0.029302 0.968867
0.001228 0.000288 0.030845 0.967639
0.001134 0.000255 0.032259 0.966352
0.000988 0.000199 0.035470 0.963344
0.001263 0.000300 0.030178 0.968260
0.001090 0.000237 0.032781 0.965892
0.001373 0.000342 0.029356 0.968929
0.001716 0.000472 0.029994 0.967818
0.001209 0.000282 0.031094 0.967415
0.000980 0.000197 0.033429 0.965394
0.001106 0.000242 0.032443 0.966209
0.001104 0.000242 0.032750 0.965903
0.001647 0.000442 0.029541 0.968370
0.001696 0.000463 0.029543 0.968297
0.001357 0.000338 0.030227 0.968078
0.000983 0.000197 0.033809 0.965011
0.001173 0.000268 0.031832 0.966727
0.001168 0.000267 0.031951 0.966614
0.001453 0.000370 0.029753 0.968424
0.001931 0.000544 0.029965 0.967560
0.001463 0.000375 0.029954 0.968208
0.001040 0.000218 0.033845 0.964897
0.001069 0.000230 0.033185 0.965516
0.001063 0.000229 0.032304 0.966404
0.001259 0.000299 0.030673 0.967768
0.001562 0.000409 0.029817 0.968212
0.001259 0.000299 0.030261 0.968181
0.001076 0.000231 0.032950 0.965743
0.001088 0.000237 0.032778 0.965898
0.001088 0.000237 0.031672 0.967004
0.001372 0.000343 0.030158 0.968127
0.001536 0.000397 0.029569 0.968498
0.001104 0.000242 0.031629 0.967026
0.001096 0.000239 0.032717 0.965949
0.001168 0.000267 0.031831 0.966734
0.001105 0.000242 0.031420 0.967233
0.001315 0.000323 0.030413 0.967949
0.000980 0.000197 0.033092 0.965732
0.001107 0.000242 0.032445 0.966205
0.001264 0.000304 0.031035 0.967397
0.001220 0.000286 0.031099 0.967395
0.001110 0.000243 0.032346 0.966301
0.001203 0.000281 0.031054 0.967462
0.000988 0.000199 0.034656 0.964157
0.000989 0.000199 0.035333 0.963478
0.001550 0.000410 0.029643 0.968397
0.001090 0.000237 0.032964 0.965709
0.000986 0.000198 0.034174 0.964642
0.001253 0.000298 0.030798 0.967651
0.001042 0.000218 0.034093 0.964647
0.000988 0.000198 0.035392 0.963422
0.001424 0.000362 0.029792 0.968421
0.001102 0.000241 0.031917 0.966740
0.001035 0.000217 0.032978 0.965770
0.001273 0.000304 0.030169 0.968254
0.001075 0.000231 0.033065 0.965629
0.001037 0.000217 0.034537 0.964208
0.001521 0.000396 0.029885 0.968198
0.001107 0.000242 0.030973 0.967678
0.001139 0.000256 0.030980 0.967626
0.001101 0.000241 0.031662 0.966996
0.001155 0.000263 0.030914 0.967668
0.001133 0.000255 0.032441 0.966171
0.001529 0.000397 0.030110 0.967965
0.000984 0.000198 0.033729 0.965089
0.001323 0.000323 0.029361 0.968993
0.000982 0.000197 0.033980 0.964841
0.001475 0.000381 0.029201 0.968943
0.001208 0.000282 0.031168 0.967343
0.001103 0.000241 0.032928 0.965728
0.000987 0.000198 0.033768 0.965047
0.001461 0.000373 0.029339 0.968827
0.000984 0.000198 0.033019 0.965800
0.001765 0.000485 0.029589 0.968161
0.001256 0.000299 0.030888 0.967557
0.000980 0.000197 0.034512 0.964311
0.000991 0.000199 0.034727 0.964083
0.001703 0.000463 0.029649 0.968186
0.000987 0.000198 0.033572 0.965242
0.001512 0.000391 0.029691 0.968405
0.001277 0.000304 0.030246 0.968173
0.000986 0.000198 0.035272 0.963545
0.001041 0.000218 0.034070 0.964671
0.001634 0.000439 0.029670 0.968256
0.001037 0.000217 0.032587 0.966158
0.001549 0.000403 0.029957 0.968092
0.001104 0.000241 0.032604 0.966051
0.000985 0.000198 0.035352 0.963465
0.001223 0.000289 0.031358 0.967130
0.001601 0.000428 0.029673 0.968298
0.001142 0.000257 0.030711 0.967890
0.001387 0.000345 0.029090 0.969179
0.000988 0.000198 0.035454 0.963360
0.000987 0.000198 0.035511 0.963303
0.001533 0.000404 0.029579 0.968484
0.001605 0.000430 0.029665 0.968301
0.001327 0.000324 0.029254 0.969095
0.001136 0.000255 0.031751 0.966858
0.000986 0.000198 0.035468 0.963348
0.000986 0.000198 0.035521 0.963295
0.002128 0.000623 0.030694 0.966555
0.001888 0.000526 0.029505 0.968081
0.001888 0.000532 0.029801 0.967778
0.001216 0.000284 0.030866 0.967634
0.000986 0.000198 0.035512 0.963305
0.001036 0.000217 0.034625 0.964121
0.002633 0.000804 0.032551 0.964011
0.001530 0.000396 0.029616 0.968457
0.003055 0.000968 0.034271 0.961707
0.001259 0.000299 0.030583 0.967859
0.001036 0.000217 0.034621 0.964126
0.001069 0.000230 0.033375 0.965326
0.001982 0.000559 0.030237 0.967222
0.001279 0.000305 0.030604 0.967813
0.003259 0.001044 0.034991 0.960706
0.001275 0.000304 0.030816 0.967605
0.001067 0.000229 0.033308 0.965396
0.001089 0.000237 0.031200 0.967474
0.001285 0.000306 0.029857 0.968552
0.001108 0.000242 0.032696 0.965954
0.003361 0.001080 0.035483 0.960076
0.001261 0.000302 0.030388 0.968049
0.001090 0.000237 0.032960 0.965713
0.001104 0.000242 0.032135 0.966519
0.001110 0.000243 0.032336 0.966312
0.000989 0.000199 0.035500 0.963312
0.003265 0.001045 0.035249 0.960441
0.001187 0.000274 0.031107 0.967431
0.001101 0.000241 0.031907 0.966750
0.001107 0.000242 0.031692 0.966959
0.000989 0.000199 0.035204 0.963608
0.001095 0.000240 0.032527 0.966137
0.001876 0.000523 0.029646 0.967955
0.001248 0.000295 0.030772 0.967685
0.001104 0.000241 0.031726 0.966929
0.000988 0.000198 0.034974 0.963839
0.001038 0.000218 0.034355 0.964389
0.001187 0.000274 0.031108 0.967430
0.001530 0.000396 0.029700 0.968374
0.001295 0.000310 0.029491 0.968903
0.000988 0.000198 0.035093 0.963721
0.000989 0.000199 0.035241 0.963572
0.001135 0.000255 0.032362 0.966248
0.001248 0.000296 0.029982 0.968474
0.001390 0.000347 0.029518 0.968745
