0.251445 0.222061 0.268439 0.258055
0.251323 0.217259 0.269771 0.261647
0.250166 0.212369 0.274363 0.263102
0.252359 0.220950 0.268568 0.258123
0.247501 0.216696 0.275543 0.260260
0.245514 0.215472 0.268981 0.270034
0.250723 0.219351 0.265993 0.263934
0.251575 0.216008 0.271077 0.261340
0.250767 0.212879 0.274155 0.262199
0.252465 0.222408 0.264185 0.260942
0.246095 0.216796 0.279492 0.257617
0.244925 0.212685 0.272172 0.270218
0.248767 0.215472 0.275031 0.260730
0.251217 0.214847 0.274069 0.259867
0.249712 0.211984 0.275317 0.262988
0.250191 0.217556 0.272603 0.259649
0.245060 0.219257 0.274043 0.261640
0.244125 0.221542 0.262451 0.271882
0.248591 0.217205 0.272444 0.261760
0.250679 0.213913 0.272698 0.262710
0.250537 0.212684 0.274771 0.262008
0.251204 0.219962 0.267618 0.261215
0.248369 0.228863 0.264399 0.258368
0.245864 0.226465 0.257182 0.270488
0.249781 0.216143 0.270094 0.263982
0.251912 0.217768 0.269507 0.260813
0.251783 0.216802 0.271116 0.260299
0.250655 0.223485 0.259348 0.266511
0.250270 0.231746 0.258188 0.259796
0.248621 0.228929 0.255372 0.267078
0.250243 0.220169 0.263940 0.265648
0.251389 0.215848 0.273260 0.259503
0.251495 0.215939 0.273376 0.259190
0.251090 0.220539 0.262316 0.266056
0.253163 0.241590 0.250456 0.254792
0.249685 0.234823 0.260554 0.254937
0.250703 0.218860 0.269967 0.260469
0.251650 0.215218 0.273082 0.260050
0.251698 0.215259 0.273134 0.259908
0.248725 0.215435 0.266391 0.269449
0.253054 0.254260 0.239078 0.253608
0.252141 0.241161 0.258876 0.247822
0.253312 0.231833 0.259310 0.255545
0.252474 0.218551 0.269596 0.259379
0.251991 0.218133 0.271827 0.258049
0.251740 0.226291 0.260641 0.261328
0.251833 0.255158 0.242453 0.250556
0.251105 0.239988 0.266558 0.242349
0.253869 0.234461 0.258673 0.252998
0.251994 0.217208 0.272208 0.258590
0.252289 0.217463 0.271179 0.259069
0.251519 0.222658 0.264347 0.261477
0.252965 0.249044 0.246727 0.251264
0.248584 0.235490 0.264800 0.251126
0.254044 0.229110 0.262388 0.254458
0.251772 0.215322 0.273214 0.259692
0.251106 0.214752 0.271617 0.262525
0.248561 0.215779 0.272649 0.263010
0.254327 0.242113 0.253430 0.250130
0.250537 0.232192 0.264260 0.253012
0.252812 0.222488 0.270079 0.254621
0.252545 0.218613 0.269672 0.259170
0.252142 0.218264 0.268915 0.260679
0.250029 0.215619 0.273608 0.260743
0.253373 0.234334 0.253097 0.259196
0.252596 0.243237 0.251753 0.252414
0.254143 0.228030 0.262361 0.255467
0.252550 0.217688 0.270077 0.259685
0.252350 0.217515 0.269739 0.260395
0.249600 0.217492 0.274462 0.258446
0.252761 0.231170 0.256375 0.259694
0.253675 0.245152 0.244357 0.256816
0.253888 0.225436 0.263343 0.257333
0.251202 0.214835 0.271264 0.262699
0.252629 0.219162 0.268578 0.259631
0.251147 0.218719 0.271303 0.258831
0.252707 0.237107 0.253402 0.256783
0.253179 0.254563 0.233361 0.258896
0.251860 0.225828 0.257652 0.264660
0.252172 0.218290 0.268770 0.260769
0.250955 0.216604 0.267690 0.264751
0.252176 0.221265 0.269233 0.257326
0.253992 0.237829 0.252938 0.255241
0.248702 0.252161 0.235685 0.263452
0.253267 0.227192 0.257457 0.262083
0.252356 0.217520 0.269696 0.260428
0.250924 0.215427 0.271874 0.261775
0.253290 0.229796 0.263843 0.253071
0.253414 0.236899 0.247955 0.261732
0.251544 0.249223 0.238589 0.260644
0.254420 0.231280 0.254076 0.260224
0.251921 0.215449 0.272011 0.260619
0.251197 0.214355 0.273239 0.261209
0.254374 0.230459 0.259726 0.255440
0.253498 0.230044 0.259142 0.257316
0.253876 0.240780 0.247818 0.257526
0.254117 0.225576 0.260394 0.259913
0.250183 0.213489 0.270819 0.265509
0.251475 0.214301 0.273182 0.261042
0.254786 0.235745 0.254552 0.254917
0.253624 0.227684 0.262593 0.256098
0.254225 0.231553 0.257477 0.256744
0.253522 0.221308 0.265058 0.260112
0.250293 0.213294 0.274099 0.262314
0.251235 0.213276 0.274365 0.261124
0.254080 0.229337 0.257178 0.259404
0.252762 0.227542 0.261895 0.257801
0.250803 0.223449 0.261747 0.264001
0.249410 0.214777 0.273866 0.261947
0.249833 0.212087 0.273998 0.264081
0.250246 0.212437 0.278359 0.258958
0.254330 0.227922 0.258367 0.259381
0.252717 0.226088 0.260407 0.260788
0.250603 0.230686 0.268257 0.250454
0.250473 0.214273 0.273802 0.261453
0.250597 0.212735 0.273969 0.262700
0.250793 0.215949 0.272266 0.260991
0.253686 0.228696 0.256524 0.261094
0.251843 0.220637 0.269490 0.258030
0.250831 0.228564 0.263909 0.256696
0.249832 0.212086 0.273912 0.264170
0.251004 0.213081 0.274114 0.261801
0.251555 0.215990 0.271510 0.260945
0.253744 0.224643 0.261121 0.260492
0.251889 0.224968 0.261073 0.262070
0.249737 0.225358 0.257414 0.267491
0.249766 0.212030 0.272983 0.265220
0.250124 0.212334 0.278223 0.259320
0.251758 0.215310 0.272127 0.260805
0.251766 0.221245 0.262478 0.264510
0.253174 0.226012 0.260109 0.260706
0.250743 0.225717 0.255462 0.268078
0.250545 0.212691 0.273560 0.263204
0.251573 0.216620 0.273112 0.258695
0.251785 0.214857 0.272620 0.260737
0.251049 0.218683 0.266602 0.263665
0.252267 0.223919 0.263125 0.260689
0.247164 0.221565 0.260430 0.270840
0.251195 0.222379 0.267424 0.259002
0.251460 0.215909 0.274102 0.258529
0.253112 0.221915 0.266112 0.258862
0.251544 0.216800 0.269495 0.262161
0.249649 0.218239 0.265651 0.266461
0.249411 0.236542 0.244206 0.269842
0.251597 0.220965 0.265716 0.261722
0.250874 0.214554 0.272497 0.262074
0.252389 0.219177 0.270279 0.258155
0.249084 0.212552 0.272708 0.265656
0.249115 0.222181 0.257353 0.271351
0.250360 0.234444 0.249509 0.265687
0.251716 0.218518 0.269672 0.260094
0.251341 0.214478 0.272589 0.261592
0.252378 0.217458 0.270904 0.259259
0.250303 0.213302 0.272907 0.263487
0.248218 0.217544 0.265537 0.268701
0.249150 0.225760 0.263530 0.261560
0.250813 0.216295 0.271401 0.261491
0.252934 0.221758 0.266134 0.259173
0.252313 0.216441 0.271301 0.259945
0.248749 0.211166 0.277098 0.262987
0.248535 0.214979 0.266730 0.269757
0.249654 0.221209 0.268404 0.260733
0.251547 0.216026 0.271269 0.261158
0.252812 0.219545 0.268019 0.259623
0.252174 0.215728 0.271877 0.260220
0.250331 0.215551 0.274594 0.259525
0.248605 0.216359 0.266564 0.268471
0.247116 0.225520 0.266850 0.260513
0.251886 0.219947 0.270098 0.258069
0.253210 0.221328 0.266219 0.259243
0.251407 0.213423 0.274444 0.260726
0.250534 0.215114 0.271775 0.262578
0.248858 0.218466 0.270259 0.262417
0.248124 0.218780 0.275337 0.257759
0.251975 0.218818 0.271506 0.257701
0.252578 0.219160 0.269914 0.258349
0.251340 0.216420 0.270170 0.262070
0.250033 0.216910 0.272128 0.260929
0.248382 0.214853 0.279305 0.257460
0.250775 0.224032 0.271550 0.253643
0.252862 0.221024 0.267952 0.258163
0.251692 0.216927 0.269654 0.261727
0.251742 0.216151 0.270789 0.261318
0.251341 0.216937 0.271145 0.260577
0.247286 0.218752 0.269907 0.264055
0.251547 0.234863 0.259506 0.254084
0.253064 0.222765 0.267200 0.256971
0.250515 0.213773 0.271626 0.264086
0.251815 0.215359 0.271897 0.260928
0.249346 0.220275 0.263358 0.267022
0.249460 0.218632 0.272045 0.259862
0.252788 0.237395 0.254309 0.255508
0.253167 0.220713 0.267696 0.258424
0.248622 0.211869 0.269778 0.269730
0.251795 0.214866 0.272565 0.260775
0.251615 0.222811 0.262424 0.263150
0.248096 0.217725 0.270055 0.264124
0.252434 0.245040 0.253115 0.249411
0.252250 0.220002 0.266535 0.261214
0.249654 0.211935 0.272530 0.265880
0.251739 0.214526 0.273026 0.260710
0.252072 0.220541 0.267181 0.260206
0.250706 0.226988 0.262065 0.260241
0.253677 0.248720 0.242596 0.255007
0.250717 0.220391 0.261836 0.267057
0.251314 0.216397 0.270142 0.262147
0.250826 0.212930 0.276431 0.259812
0.252054 0.224198 0.264044 0.259703
0.253046 0.238757 0.247910 0.260287
0.251212 0.242208 0.237882 0.268699
0.251532 0.218428 0.265983 0.264057
0.251214 0.215698 0.272917 0.260171
0.250290 0.212474 0.274499 0.262737
0.252062 0.221787 0.263793 0.262357
0.253114 0.237820 0.257655 0.251412
0.252014 0.238646 0.246852 0.262488
0.252409 0.220141 0.266079 0.261371
0.250990 0.214653 0.275000 0.259357
0.250841 0.212943 0.274236 0.261980
0.249822 0.219239 0.272585 0.258355
0.253087 0.237899 0.250213 0.258801
0.249636 0.231437 0.249188 0.269739
0.252601 0.218875 0.267712 0.260812
0.249867 0.213220 0.279939 0.256975
0.251153 0.213207 0.274276 0.261365
0.250395 0.217266 0.270604 0.261736
0.252736 0.237208 0.254776 0.255280
0.252153 0.238120 0.247471 0.262255
0.249142 0.213897 0.269944 0.267016
0.250903 0.213813 0.276505 0.258779
0.251283 0.213318 0.274309 0.261090
0.252181 0.220522 0.266892 0.260405
0.252822 0.232232 0.257756 0.257190
0.250779 0.228601 0.254469 0.266151
0.247649 0.211328 0.277025 0.263998
0.251109 0.213169 0.275444 0.260278
0.252103 0.217077 0.270991 0.259830
0.252245 0.220850 0.268607 0.258298
0.251009 0.222820 0.263698 0.262473
0.244675 0.216817 0.266434 0.272074
0.249773 0.212850 0.275132 0.262246
0.248823 0.214252 0.267949 0.268977
0.251645 0.216068 0.273385 0.258903
0.250409 0.217453 0.269285 0.262854
0.253544 0.233877 0.253366 0.259212
0.244208 0.218851 0.259561 0.277380
0.250512 0.212663 0.274779 0.262046
0.250233 0.217924 0.265266 0.266577
0.251776 0.215325 0.273192 0.259707
0.251195 0.228422 0.258003 0.262380
0.252410 0.227169 0.262003 0.258417
0.243379 0.217859 0.266286 0.272476
0.250978 0.213058 0.274324 0.261640
0.253089 0.228338 0.257004 0.261569
0.251824 0.214890 0.273045 0.260241
0.251719 0.225641 0.260883 0.261757
0.252718 0.231699 0.257283 0.258300
0.247368 0.218688 0.265440 0.268504
0.248640 0.214095 0.275305 0.261961
0.253711 0.225671 0.260007 0.260611
0.251784 0.214564 0.273210 0.260442
0.252514 0.221722 0.264599 0.261166
0.253632 0.230893 0.258718 0.256758
0.249487 0.221274 0.269649 0.259590
0.250121 0.223945 0.264295 0.261640
0.253517 0.222104 0.263846 0.260533
0.251407 0.213423 0.274444 0.260726
0.251548 0.221298 0.262268 0.264887
0.253675 0.229645 0.262550 0.254130
0.251095 0.236100 0.268273 0.244532
0.250528 0.221663 0.262182 0.265627
0.251043 0.217329 0.276001 0.255628
0.252175 0.217139 0.271068 0.259618
0.251921 0.222935 0.266023 0.259122
0.252362 0.221788 0.265970 0.259880
0.250875 0.232393 0.276686 0.240046
0.251014 0.219055 0.264207 0.265724
0.251003 0.215559 0.276641 0.256797
0.252212 0.216554 0.271294 0.259941
0.251310 0.220505 0.271835 0.256350
0.251690 0.225401 0.260859 0.262050
0.250990 0.242465 0.266108 0.240438
0.251045 0.217331 0.265995 0.265629
0.250788 0.212897 0.276589 0.259725
0.252042 0.215553 0.272142 0.260263
0.251509 0.221864 0.268258 0.258370
0.252229 0.224258 0.264478 0.259035
0.253378 0.236352 0.263451 0.246820
0.252268 0.226147 0.263596 0.257989
0.250364 0.212538 0.274168 0.262930
0.251917 0.214970 0.272697 0.260417
0.252435 0.220367 0.267716 0.259482
0.253269 0.224808 0.263188 0.258736
0.255127 0.240977 0.253569 0.250328
0.252126 0.224583 0.268098 0.255194
0.250045 0.212266 0.273199 0.264490
0.251813 0.214588 0.273106 0.260494
0.249667 0.215471 0.272046 0.262816
0.254169 0.228665 0.258745 0.258420
0.252155 0.248500 0.236124 0.263221
0.251922 0.221198 0.271922 0.254958
0.253243 0.227229 0.259954 0.259574
0.251410 0.213425 0.274442 0.260722
0.251164 0.221403 0.265227 0.262207
0.252078 0.223462 0.262103 0.262357
0.251690 0.259341 0.221492 0.267477
0.250342 0.217507 0.270668 0.261484
0.254220 0.228987 0.257649 0.259144
0.250568 0.212711 0.273524 0.263197
0.252350 0.226325 0.259048 0.262277
0.250086 0.220648 0.266266 0.262999
0.248586 0.253827 0.223986 0.273602
0.248494 0.214522 0.269508 0.267476
0.254077 0.224766 0.261569 0.259587
0.250935 0.213022 0.273924 0.262119
0.252953 0.226170 0.261806 0.259071
0.252074 0.222782 0.264436 0.260708
0.251198 0.247038 0.230245 0.271519
0.250942 0.220012 0.266428 0.262617
0.253234 0.221191 0.267128 0.258447
0.251180 0.213230 0.274192 0.261398
0.253361 0.223149 0.264026 0.259465
0.251741 0.219470 0.265758 0.263031
0.253231 0.236385 0.242533 0.267852
0.251406 0.224549 0.259491 0.264554
0.252588 0.218899 0.270632 0.257881
0.251286 0.213320 0.274307 0.261086
0.252568 0.226500 0.262998 0.257935
0.251597 0.216298 0.269794 0.262311
0.251013 0.224311 0.264582 0.260094
0.252584 0.229050 0.254445 0.263920
0.251453 0.214282 0.274465 0.259801
0.250493 0.212647 0.273442 0.263417
0.252400 0.222085 0.267995 0.257520
0.250661 0.217841 0.271038 0.260459
0.247854 0.214796 0.269801 0.267549
0.252987 0.228662 0.260155 0.258195
0.251290 0.213323 0.274842 0.260544
0.250348 0.212524 0.275905 0.261223
0.250919 0.217041 0.271462 0.260577
0.249107 0.220898 0.266675 0.263321
0.246539 0.216152 0.278058 0.259252
0.252772 0.227715 0.266261 0.253252
0.251380 0.213400 0.274532 0.260688
0.250909 0.213000 0.275178 0.260913
0.252090 0.219392 0.268763 0.259756
0.249420 0.218211 0.265482 0.266887
0.246028 0.213654 0.275113 0.265205
0.252223 0.222222 0.266317 0.259238
0.252171 0.217136 0.271095 0.259598
0.251193 0.213241 0.274621 0.260944
0.250849 0.217068 0.267219 0.264864
0.248904 0.215590 0.267766 0.267741
0.247100 0.212910 0.272501 0.267489
0.249543 0.216204 0.271188 0.263065
0.252889 0.220237 0.267849 0.259025
0.251308 0.213339 0.274446 0.260907
0.250918 0.220763 0.265770 0.262549
0.249785 0.215100 0.268285 0.266830
0.250744 0.227548 0.261035 0.260673
0.249066 0.213356 0.273748 0.263829
0.251139 0.217238 0.267213 0.264410
0.250824 0.212927 0.276433 0.259816
0.251868 0.223036 0.262294 0.262802
0.251527 0.221427 0.266305 0.260741
0.251826 0.228698 0.265493 0.253983
0.250031 0.219214 0.265672 0.265083
0.251589 0.216291 0.269383 0.262737
0.251909 0.216910 0.272146 0.259036
0.252672 0.224278 0.263617 0.259434
0.249919 0.223220 0.267113 0.259748
0.251544 0.241814 0.247440 0.259203
0.252102 0.228280 0.256361 0.263257
0.251852 0.215743 0.270869 0.261536
0.252118 0.216474 0.271662 0.259745
0.252867 0.221051 0.266293 0.259788
0.250849 0.221105 0.270892 0.257154
0.251393 0.241772 0.249596 0.257238
0.251950 0.224591 0.261049 0.262410
0.251569 0.214381 0.272841 0.261209
0.252013 0.215528 0.272257 0.260201
0.251863 0.218214 0.272284 0.257638
0.249993 0.220875 0.269116 0.260016
0.251595 0.236818 0.253445 0.258143
0.252764 0.228298 0.262101 0.256837
0.250419 0.212584 0.273361 0.263635
0.251913 0.214966 0.272717 0.260404
0.251829 0.218857 0.272426 0.256888
0.251272 0.219736 0.270126 0.258866
0.251336 0.230414 0.256602 0.261648
0.251926 0.227349 0.260057 0.260668
0.249768 0.212032 0.277821 0.260379
0.252544 0.218315 0.269686 0.259455
0.250710 0.216102 0.273025 0.260163
0.252311 0.220635 0.268127 0.258927
0.250600 0.234422 0.246386 0.268593
0.250797 0.221161 0.267550 0.260492
0.250642 0.212773 0.276133 0.260452
0.252212 0.216554 0.271294 0.259941
0.251867 0.218501 0.270048 0.259584
0.250412 0.225453 0.262336 0.261799
0.248518 0.226076 0.258561 0.266845
0.249042 0.215234 0.270843 0.264881
0.251103 0.213165 0.274922 0.260811
0.252042 0.215553 0.272142 0.260263
0.250655 0.216346 0.268181 0.264817
0.251465 0.229819 0.254426 0.264290
0.251353 0.232569 0.258268 0.257810
0.249211 0.217445 0.267842 0.265502
0.251282 0.213316 0.274529 0.260873
0.251917 0.214970 0.272697 0.260417
0.252606 0.223155 0.263009 0.261230
0.252762 0.232242 0.257145 0.257850
0.251304 0.233515 0.256530 0.258650
0.250940 0.222524 0.262688 0.263848
0.249962 0.212196 0.275506 0.262336
0.250975 0.213875 0.272198 0.262952
0.250986 0.222254 0.259853 0.266907
0.252585 0.230475 0.254261 0.262679
0.252563 0.231568 0.260755 0.255114
0.251619 0.223289 0.266612 0.258480
0.252123 0.220154 0.268279 0.259444
0.250096 0.212310 0.273008 0.264585
0.252083 0.223756 0.262370 0.261790
0.252549 0.225067 0.258271 0.264114
0.251312 0.223399 0.273261 0.252028
0.253108 0.228193 0.262715 0.255984
0.252621 0.219379 0.268277 0.259723
0.250707 0.212828 0.273675 0.262790
0.252587 0.220806 0.265763 0.260844
0.252109 0.226089 0.265320 0.256482
0.252480 0.230635 0.269224 0.247661
0.252428 0.227357 0.263717 0.256498
0.252490 0.217554 0.269812 0.260145
0.250215 0.212411 0.273138 0.264236
0.250857 0.217342 0.271108 0.260693
0.250856 0.220726 0.270557 0.257862
0.253192 0.231886 0.260356 0.254566
0.251780 0.225600 0.265719 0.256901
0.252328 0.216454 0.270879 0.260339
0.250737 0.212854 0.273708 0.262701
0.250206 0.214333 0.271911 0.263550
0.250173 0.222699 0.262164 0.264965
0.252725 0.231899 0.260306 0.255070
0.251138 0.220400 0.268569 0.259893
0.252355 0.219019 0.270476 0.258149
0.250522 0.212672 0.276096 0.260710
0.248329 0.211619 0.277863 0.262189
0.250735 0.220054 0.268837 0.260374
0.254312 0.234476 0.255324 0.255888
0.251390 0.224210 0.261077 0.263322
0.251946 0.216326 0.272363 0.259364
0.250434 0.212597 0.277270 0.259700
0.250505 0.215701 0.273516 0.260279
0.251406 0.218313 0.271401 0.258880
0.252937 0.241585 0.241194 0.264284
0.252706 0.224682 0.261327 0.261285
0.251949 0.215473 0.272500 0.260078
0.250973 0.213054 0.275657 0.260316
0.250658 0.215220 0.271064 0.263058
0.251671 0.225288 0.260880 0.262161
0.253448 0.243070 0.238390 0.265092
0.253462 0.228204 0.260501 0.257833
0.251051 0.214231 0.271900 0.262818
0.249846 0.212098 0.275876 0.262180
0.250417 0.220323 0.265596 0.263664
0.252428 0.229922 0.256750 0.260900
0.253556 0.233719 0.250371 0.262353
0.254015 0.231132 0.258766 0.256086
0.251336 0.214182 0.272609 0.261872
0.250632 0.212765 0.274990 0.261612
0.250469 0.218656 0.267788 0.263087
0.249953 0.221971 0.266981 0.261095
0.254125 0.233966 0.253298 0.258612
0.254252 0.230424 0.259653 0.255672
0.251950 0.216945 0.270826 0.260280
0.251852 0.216861 0.271221 0.260066
0.251922 0.227420 0.260279 0.260378
0.251876 0.227012 0.259860 0.261252
0.253477 0.227185 0.257906 0.261433
0.253028 0.223731 0.268396 0.254846
0.252091 0.216451 0.271164 0.260294
0.252744 0.220111 0.267885 0.259260
0.249775 0.221706 0.259030 0.269490
0.253582 0.228526 0.257793 0.260100
0.249592 0.217586 0.270340 0.262482
0.252172 0.219637 0.268147 0.260044
0.251969 0.215491 0.272063 0.260477
0.252706 0.218593 0.268939 0.259762
0.250899 0.219516 0.265356 0.264229
0.250592 0.220112 0.266847 0.262448
0.248911 0.213523 0.273955 0.263612
0.252639 0.220436 0.267179 0.259747
0.250494 0.213755 0.273808 0.261943
0.252640 0.220342 0.269115 0.257904
0.250233 0.218954 0.269457 0.261356
0.251342 0.220393 0.268780 0.259485
0.250771 0.217645 0.271757 0.259827
0.252938 0.221159 0.266660 0.259242
0.251070 0.213956 0.273613 0.261361
0.252765 0.219017 0.269312 0.258906
0.250049 0.220396 0.266161 0.263394
0.252105 0.228900 0.262271 0.256724
0.249421 0.217217 0.266658 0.266703
0.252448 0.221504 0.264656 0.261392
0.250243 0.212435 0.273582 0.263740
0.252326 0.216631 0.271176 0.259867
0.250112 0.219454 0.267598 0.262835
0.252487 0.224286 0.266412 0.256814
0.249576 0.215885 0.269202 0.265336
0.253730 0.227014 0.259489 0.259767
0.250784 0.212894 0.273873 0.262448
0.251889 0.214945 0.272806 0.260360
0.249602 0.217044 0.276433 0.256921
0.252762 0.220581 0.267826 0.258831
0.251785 0.225857 0.265066 0.257293
0.253396 0.223742 0.264671 0.258190
0.251103 0.213165 0.274111 0.261621
0.251809 0.214585 0.273122 0.260485
0.251835 0.220514 0.270457 0.257194
0.252203 0.224774 0.265572 0.257450
0.249001 0.223904 0.259220 0.267875
0.252217 0.219310 0.266844 0.261629
0.251487 0.216546 0.273046 0.258921
0.252175 0.217139 0.271068 0.259618
0.252991 0.225568 0.265713 0.255727
0.253337 0.225860 0.263014 0.257789
0.249199 0.222878 0.256935 0.270988
0.252138 0.217127 0.269403 0.261333
0.251874 0.216264 0.272285 0.259577
0.252212 0.216554 0.271294 0.259941
0.250264 0.222986 0.265258 0.261492
0.251795 0.225770 0.261222 0.261214
0.247229 0.217277 0.265937 0.269558
0.250534 0.214325 0.272773 0.262368
0.251380 0.214987 0.274555 0.259078
0.252042 0.215553 0.272142 0.260263
0.251730 0.223743 0.265886 0.258641
0.253327 0.227246 0.259426 0.260001
0.247671 0.218609 0.263795 0.269925
0.250537 0.212684 0.274771 0.262008
0.251622 0.214718 0.273838 0.259821
0.251081 0.214256 0.271792 0.262871
0.253516 0.235509 0.251478 0.259498
0.251287 0.221887 0.259873 0.266953
0.250920 0.223722 0.261294 0.264064
0.250945 0.216079 0.270213 0.262763
0.251715 0.214505 0.273463 0.260316
0.251340 0.214186 0.272593 0.261880
0.254318 0.230594 0.255472 0.259615
0.251465 0.224588 0.260241 0.263706
0.246002 0.219188 0.267375 0.267435
0.251022 0.215533 0.272861 0.260585
0.252147 0.217115 0.271188 0.259550
0.251180 0.213230 0.274192 0.261398
0.251948 0.225686 0.256016 0.266350
0.250054 0.220020 0.261095 0.268832
0.246968 0.216366 0.273399 0.263268
0.249795 0.213631 0.271068 0.265506
0.252207 0.216551 0.271321 0.259921
0.251286 0.213320 0.274307 0.261086
0.251367 0.227861 0.260647 0.260125
0.249672 0.219107 0.266904 0.264316
0.248594 0.225187 0.267272 0.258946
0.250092 0.216489 0.269779 0.263640
0.251917 0.218545 0.267822 0.261715
0.250493 0.212647 0.273442 0.263417
0.251527 0.226855 0.257940 0.263678
0.248631 0.215735 0.265967 0.269667
0.249624 0.225383 0.268729 0.256264
0.251301 0.216611 0.270117 0.261971
0.250567 0.216269 0.267275 0.265888
0.250348 0.212524 0.275905 0.261223
0.250597 0.219545 0.266049 0.263809
0.248886 0.214510 0.274211 0.262393
0.249798 0.220197 0.266326 0.263680
0.250051 0.213850 0.273134 0.262965
0.250443 0.215014 0.268671 0.265872
0.250060 0.212279 0.274247 0.263414
0.250070 0.216960 0.265883 0.267087
0.250228 0.216607 0.273820 0.259345
0.250509 0.233560 0.263728 0.252204
0.251616 0.217809 0.269749 0.260826
0.250874 0.214080 0.271568 0.263478
0.249876 0.212123 0.273181 0.264819
0.249415 0.214484 0.275110 0.260991
0.247286 0.213150 0.274979 0.264584
0.252574 0.240899 0.253705 0.252821
0.251071 0.216413 0.274242 0.258275
0.251265 0.214122 0.272512 0.262102
0.249765 0.212029 0.272760 0.265447
0.251757 0.223805 0.268220 0.256217
0.249392 0.219420 0.269342 0.261846
0.248182 0.237173 0.247354 0.267292
0.251528 0.218208 0.273118 0.257146
0.248021 0.210548 0.273340 0.268091
0.249994 0.212223 0.275519 0.262264
0.250814 0.220278 0.270771 0.258138
0.249989 0.218237 0.274522 0.257251
0.250997 0.241901 0.244236 0.262867
0.251306 0.216907 0.270484 0.261302
0.247609 0.210198 0.276666 0.265527
0.251488 0.216547 0.271691 0.260273
0.251114 0.221164 0.268225 0.259497
0.252281 0.227744 0.262011 0.257965
0.249747 0.232394 0.251576 0.266282
0.249432 0.217249 0.267143 0.266176
0.249038 0.211412 0.277353 0.262196
0.251357 0.215821 0.273538 0.259284
0.249556 0.217692 0.270353 0.262400
0.252003 0.226916 0.257826 0.263254
0.251579 0.241406 0.245026 0.261989
0.250756 0.216432 0.269164 0.263647
0.250332 0.212510 0.275461 0.261697
0.251105 0.214752 0.275269 0.258874
0.252819 0.228389 0.260177 0.258615
0.250337 0.231322 0.256002 0.262340
0.253430 0.237499 0.250697 0.258375
0.250389 0.221197 0.261044 0.267370
0.250911 0.213002 0.274556 0.261532
0.250983 0.214172 0.276118 0.258727
0.253587 0.227103 0.260563 0.258747
0.251452 0.229375 0.258284 0.260889
0.248334 0.230665 0.264528 0.256473
0.252121 0.223259 0.261170 0.263450
0.250371 0.215585 0.277310 0.256734
0.252161 0.217984 0.271330 0.258525
0.253296 0.229808 0.257794 0.259102
0.251567 0.234744 0.247584 0.266105
0.250222 0.228156 0.263786 0.257836
0.251416 0.219967 0.265787 0.262831
0.252197 0.222725 0.270347 0.254731
0.251246 0.215725 0.270912 0.262118
0.253634 0.228766 0.260340 0.257260
0.250924 0.226489 0.256177 0.266411
0.249860 0.229940 0.264857 0.255343
0.250959 0.220057 0.272001 0.256982
0.252639 0.224193 0.264162 0.259007
0.252246 0.218830 0.268415 0.260509
0.253901 0.231764 0.260415 0.253919
0.248772 0.219657 0.263566 0.268005
0.249765 0.224958 0.264536 0.260742
0.252078 0.219278 0.270238 0.258406
0.253071 0.221713 0.265459 0.259757
0.253080 0.221581 0.265874 0.259465
0.252932 0.224523 0.263245 0.259300
0.249636 0.225664 0.264532 0.260168
0.250600 0.224542 0.260395 0.264464
0.250331 0.214918 0.277985 0.256767
0.253031 0.219529 0.267477 0.259963
0.251966 0.221968 0.262247 0.263818
0.252977 0.220832 0.266024 0.260167
0.251069 0.226393 0.262711 0.259828
0.248275 0.239894 0.248179 0.263653
0.250102 0.213421 0.275003 0.261474
0.254204 0.228188 0.259292 0.258316
0.252225 0.219324 0.266135 0.262316
0.251751 0.219966 0.267650 0.260633
0.248682 0.218354 0.270885 0.262079
0.251956 0.239448 0.250510 0.258087
0.250359 0.216426 0.271716 0.261499
0.254262 0.227406 0.259794 0.258538
0.251887 0.217387 0.270693 0.260033
0.251874 0.221114 0.264983 0.262028
0.250472 0.220822 0.271290 0.257416
0.251941 0.243748 0.246100 0.258211
0.252980 0.226505 0.262127 0.258389
0.253299 0.222408 0.266477 0.257816
0.251797 0.215695 0.272163 0.260345
0.252282 0.224490 0.260823 0.262406
0.249109 0.223946 0.267232 0.259713
0.252668 0.239072 0.251779 0.256480
0.253585 0.224368 0.263052 0.258995
0.253155 0.219951 0.267956 0.258937
0.251572 0.214384 0.273287 0.260757
0.251661 0.221335 0.264756 0.262248
0.249398 0.228531 0.258730 0.263341
0.250762 0.229083 0.258388 0.261767
0.253880 0.231283 0.254042 0.260794
0.252935 0.218355 0.269059 0.259651
0.250222 0.212417 0.278440 0.258922
0.249845 0.217248 0.264425 0.268482
0.250259 0.227517 0.258076 0.264148
0.247369 0.229820 0.261940 0.260872
0.251447 0.225277 0.257640 0.265636
0.250946 0.213850 0.272300 0.262904
0.250871 0.212968 0.276384 0.259777
0.249355 0.217872 0.265107 0.267667
0.251721 0.234220 0.255135 0.258924
0.249924 0.230072 0.256480 0.263524
0.252327 0.224922 0.261799 0.260952
0.250932 0.213020 0.273925 0.262123
0.251149 0.216255 0.270888 0.261708
0.249465 0.215870 0.269175 0.265490
0.253095 0.236157 0.250225 0.260523
0.251669 0.230084 0.260643 0.257604
0.251597 0.219472 0.265893 0.263039
0.251115 0.216226 0.269929 0.262730
0.250850 0.215385 0.270131 0.263634
0.249742 0.213586 0.274107 0.262565
0.251007 0.236893 0.251255 0.260845
0.252539 0.232360 0.257409 0.257693
0.252124 0.218148 0.267734 0.261994
0.251622 0.216048 0.270660 0.261670
0.251335 0.214948 0.271453 0.262264
0.250151 0.216541 0.271396 0.261912
0.249367 0.230123 0.258721 0.261789
0.250558 0.232287 0.257735 0.259420
0.250864 0.214071 0.274383 0.260681
0.251742 0.215297 0.271818 0.261142
0.252931 0.222058 0.265406 0.259605
0.248014 0.213778 0.274969 0.263238
0.248961 0.226895 0.260014 0.264130
0.251083 0.240992 0.256151 0.251774
0.248738 0.215025 0.274965 0.261272
0.250373 0.213652 0.273675 0.262301
0.252258 0.219924 0.265650 0.262168
0.248590 0.215658 0.274450 0.261302
0.250805 0.228765 0.258817 0.261613
0.251145 0.233205 0.259683 0.255967
0.249320 0.217129 0.268721 0.264831
0.250153 0.213174 0.272613 0.264059
0.249872 0.215299 0.269535 0.265294
0.250909 0.219680 0.271092 0.258319
0.249411 0.221974 0.261723 0.266893
0.252681 0.233626 0.254511 0.259182
0.249690 0.215984 0.270060 0.264266
0.249170 0.211524 0.275014 0.264292
0.250419 0.214816 0.272808 0.261957
0.251817 0.221837 0.265608 0.260738
0.248263 0.225365 0.261601 0.264771
0.252770 0.230582 0.256991 0.259658
0.248522 0.213654 0.268017 0.269807
0.250283 0.212468 0.274601 0.262648
0.251272 0.214957 0.272553 0.261218
0.252367 0.222620 0.266532 0.258481
0.249330 0.231888 0.259006 0.259775
0.252291 0.234267 0.258486 0.254957
0.250894 0.218044 0.266447 0.264615
0.250885 0.212979 0.274288 0.261848
0.250967 0.213049 0.274489 0.261494
0.253415 0.230881 0.261938 0.253766
0.248964 0.232002 0.258736 0.260298
0.252860 0.239227 0.251883 0.256029
0.252350 0.226891 0.263514 0.257245
0.251385 0.216458 0.273086 0.259071
0.250648 0.212778 0.276358 0.260216
0.254219 0.233617 0.258484 0.253680
0.251740 0.230516 0.260158 0.257586
0.252349 0.239093 0.250711 0.257848
0.252108 0.223062 0.269316 0.255514
0.250442 0.215035 0.273449 0.261074
0.249897 0.215177 0.275333 0.259592
0.252344 0.229497 0.254800 0.263359
0.252433 0.229559 0.265375 0.252633
0.252586 0.230527 0.257564 0.259322
0.251921 0.223065 0.266891 0.258123
0.249671 0.216596 0.270062 0.263671
0.251812 0.219299 0.270047 0.258843
0.252703 0.224636 0.262144 0.260517
0.252895 0.233671 0.265053 0.248381
0.251792 0.227575 0.258494 0.262139
0.250448 0.219322 0.272362 0.257869
0.251132 0.216757 0.269937 0.262174
0.252346 0.218281 0.269697 0.259677
0.253526 0.224982 0.262112 0.259381
0.252886 0.236678 0.259933 0.250503
0.252413 0.232411 0.254926 0.260250
0.251504 0.217610 0.271621 0.259265
0.250885 0.215393 0.269845 0.263877
0.252331 0.216930 0.270583 0.260156
0.253145 0.226638 0.259147 0.261070
0.252705 0.239149 0.258473 0.249673
0.250526 0.226678 0.257675 0.265121
0.250144 0.219611 0.264517 0.265728
0.251828 0.217992 0.268636 0.261543
0.252076 0.219071 0.267069 0.261784
0.251168 0.223791 0.257898 0.267143
0.250425 0.232845 0.251445 0.265284
0.251021 0.228050 0.259990 0.260939
0.251068 0.225175 0.257317 0.266440
0.251479 0.219883 0.267492 0.261145
0.251146 0.222706 0.263037 0.263111
0.250543 0.219498 0.269810 0.260149
0.248739 0.234703 0.241527 0.275031
0.252793 0.228928 0.260512 0.257767
0.251448 0.224825 0.260146 0.263582
0.251501 0.220673 0.270519 0.257307
0.252058 0.220518 0.265749 0.261676
0.252396 0.222198 0.266570 0.258836
0.248473 0.236174 0.237141 0.278212
0.250449 0.225314 0.261820 0.262417
0.253384 0.232968 0.254992 0.258657
0.250644 0.217950 0.267837 0.263569
0.252429 0.218643 0.267858 0.261070
0.252665 0.219789 0.267689 0.259858
0.250074 0.235290 0.242906 0.271730
0.251585 0.224031 0.264885 0.259500
0.254199 0.229131 0.257574 0.259097
0.251057 0.216671 0.271019 0.261252
0.252428 0.217376 0.269390 0.260805
0.251555 0.215969 0.273063 0.259412
0.252575 0.239028 0.244956 0.263441
0.251653 0.223785 0.270021 0.254541
0.252334 0.221934 0.270187 0.255546
0.251447 0.215396 0.272147 0.261009
0.251489 0.215142 0.273694 0.259675
0.246476 0.210326 0.275847 0.267351
0.252090 0.231062 0.264076 0.252773
0.251989 0.226386 0.265165 0.256460
0.250397 0.216770 0.274611 0.258221
0.251644 0.217537 0.272073 0.258746
0.250776 0.215934 0.276270 0.257020
0.251083 0.223206 0.264992 0.260720
0.250013 0.221919 0.279474 0.248595
0.251719 0.225492 0.260290 0.262499
0.250578 0.218344 0.271345 0.259733
0.253063 0.223490 0.265633 0.257815
0.251592 0.216022 0.273759 0.258627
0.249967 0.219534 0.262986 0.267513
0.246870 0.214546 0.283327 0.255257
0.252152 0.228270 0.264211 0.255367
0.250822 0.218437 0.268666 0.262075
0.252289 0.220721 0.270744 0.256246
0.250986 0.214650 0.272052 0.262312
0.249636 0.216712 0.264373 0.269278
0.247331 0.215515 0.277211 0.259943
0.251937 0.226915 0.259913 0.261235
0.250961 0.217084 0.268155 0.263800
0.252318 0.221730 0.266264 0.259687
0.250547 0.213800 0.271525 0.264128
0.250019 0.218767 0.262267 0.268947
0.249380 0.217181 0.271193 0.262245
0.252322 0.232651 0.250713 0.264314
0.252516 0.226513 0.258585 0.262386
0.252791 0.220200 0.266878 0.260131
0.251843 0.217709 0.269049 0.261398
0.250327 0.226983 0.263441 0.259248
0.252761 0.234218 0.254144 0.258877
0.252452 0.229965 0.255198 0.262385
0.252871 0.230626 0.255488 0.261016
0.253140 0.221360 0.266067 0.259433
0.253145 0.223562 0.263985 0.259307
0.250875 0.221971 0.265159 0.261995
0.252756 0.249547 0.233832 0.263865
0.252364 0.224519 0.265125 0.257992
0.251828 0.227798 0.257343 0.263030
0.252542 0.217974 0.269506 0.259978
0.253260 0.221570 0.265540 0.259630
0.249716 0.217922 0.271891 0.260471
0.251410 0.256545 0.227764 0.264281
0.251522 0.229125 0.255049 0.264304
0.252321 0.223422 0.264032 0.260225
0.252774 0.223304 0.262832 0.261090
0.251632 0.217954 0.269220 0.261194
0.249392 0.215900 0.274070 0.260637
0.249712 0.248817 0.233106 0.268366
0.251124 0.224377 0.262639 0.261861
0.252442 0.220729 0.268070 0.258759
0.252353 0.220301 0.268044 0.259301
0.251491 0.216569 0.272293 0.259647
0.247963 0.212949 0.275090 0.263998
0.251484 0.238290 0.243936 0.266290
0.246513 0.214836 0.267453 0.271197
0.250556 0.215466 0.272526 0.261452
0.250859 0.216989 0.267578 0.264575
0.251619 0.215254 0.272929 0.260198
0.249627 0.223984 0.264161 0.262228
0.250324 0.226521 0.254559 0.268596
0.244606 0.214031 0.263094 0.278269
0.249267 0.215482 0.270971 0.264279
0.251262 0.215539 0.270171 0.263028
0.251166 0.213218 0.274707 0.260909
0.251566 0.223419 0.265606 0.259409
0.249190 0.217918 0.267469 0.265423
0.246671 0.220549 0.255580 0.277200
0.249360 0.217163 0.271736 0.261741
0.250817 0.214567 0.270414 0.264201
0.251305 0.213336 0.274451 0.260908
0.253468 0.231411 0.259243 0.255878
0.249175 0.219355 0.269704 0.261766
0.246979 0.216075 0.268278 0.268667
0.251747 0.220888 0.267512 0.259853
0.249247 0.211589 0.274696 0.264467
0.251603 0.216646 0.273204 0.258548
0.253573 0.234180 0.254931 0.257316
0.249573 0.222912 0.274909 0.252606
0.248801 0.221779 0.263325 0.266095
0.253051 0.223225 0.264431 0.259293
0.251067 0.216185 0.271236 0.261512
0.252631 0.220012 0.269010 0.258347
0.253227 0.235275 0.255138 0.256359
0.248718 0.222384 0.269219 0.259679
0.249064 0.225847 0.268123 0.256966
0.252413 0.223557 0.264070 0.259960
0.250640 0.215205 0.275392 0.258763
0.251859 0.217860 0.268490 0.261791
0.253128 0.230042 0.262794 0.254037
0.247778 0.221426 0.268265 0.262531
0.246429 0.222136 0.274277 0.257157
0.249741 0.221190 0.265182 0.263888
0.251288 0.214909 0.274104 0.259699
0.251191 0.215950 0.269129 0.263729
0.253456 0.229251 0.258830 0.258462
0.251422 0.228065 0.263367 0.257146
0.247909 0.218347 0.279675 0.254069
0.251904 0.226310 0.262733 0.259053
0.249377 0.212802 0.273485 0.264336
0.250773 0.214818 0.269749 0.264660
0.253792 0.226908 0.260288 0.259011
0.253129 0.230967 0.260902 0.255001
0.251974 0.229209 0.267999 0.250819
0.252078 0.222578 0.263482 0.261862
0.250721 0.216739 0.272181 0.260358
0.251737 0.217617 0.268824 0.261822
0.253491 0.225419 0.263762 0.257328
0.253971 0.242350 0.245529 0.258149
0.251758 0.227310 0.267309 0.253622
0.252365 0.219440 0.266669 0.261526
0.251392 0.215850 0.272303 0.260455
0.250957 0.215477 0.269945 0.263621
0.252840 0.227151 0.261787 0.258221
0.253312 0.241145 0.250986 0.254558
0.253093 0.239306 0.254217 0.253383
0.252403 0.220535 0.268225 0.258837
0.252183 0.221876 0.264745 0.261196
0.250805 0.214495 0.273474 0.261225
0.252475 0.229412 0.255241 0.262872
0.253070 0.242835 0.252438 0.251657
0.253795 0.253553 0.245091 0.247562
0.252193 0.224557 0.269742 0.253509
0.251891 0.219897 0.265068 0.263144
0.250777 0.213996 0.275428 0.259799
0.252806 0.224898 0.262262 0.260034
0.253822 0.237718 0.251220 0.257240
0.252136 0.255966 0.231332 0.260566
0.252253 0.223851 0.265557 0.258339
0.251862 0.221029 0.268772 0.258337
0.250757 0.213689 0.276341 0.259213
0.251338 0.219705 0.264111 0.264846
0.253906 0.233232 0.252128 0.260734
0.251504 0.244276 0.234707 0.269513
0.250752 0.219681 0.266467 0.263100
0.252877 0.222601 0.266313 0.258209
0.250946 0.213032 0.275740 0.260282
0.251598 0.220710 0.263126 0.264566
0.252255 0.223433 0.262813 0.261499
0.252037 0.241771 0.238901 0.267291
0.250980 0.217750 0.266950 0.264321
0.253087 0.220643 0.266947 0.259323
0.249843 0.212095 0.275883 0.262180
0.251117 0.220450 0.265548 0.262885
0.250153 0.227237 0.255830 0.266780
0.253524 0.235411 0.250189 0.260876
0.251364 0.219324 0.265283 0.264029
0.251829 0.216498 0.272694 0.258979
0.251404 0.216475 0.271778 0.260343
0.249614 0.215918 0.272412 0.262055
0.252391 0.233414 0.253542 0.260653
0.251953 0.234277 0.247284 0.266485
0.253258 0.227707 0.258598 0.260437
0.251464 0.215410 0.274574 0.258553
0.252571 0.219960 0.268096 0.259373
0.250783 0.218722 0.267755 0.262740
0.252407 0.227595 0.259319 0.260678
0.250682 0.225063 0.262841 0.261414
0.253051 0.223895 0.264459 0.258595
0.252000 0.220940 0.266953 0.260107
0.253255 0.222211 0.265534 0.259000
0.249115 0.215854 0.270642 0.264389
0.252512 0.222715 0.265557 0.259216
0.250126 0.219992 0.274371 0.255511
0.251023 0.222270 0.265993 0.260714
0.251518 0.218421 0.267298 0.262764
0.253134 0.220115 0.267174 0.259576
0.249899 0.214547 0.273802 0.261752
0.251356 0.222570 0.263787 0.262288
0.246610 0.216640 0.269661 0.267089
0.250899 0.219716 0.267776 0.261609
0.251086 0.216344 0.268371 0.264200
0.252974 0.221511 0.267757 0.257758
0.250116 0.216510 0.271786 0.261588
0.249458 0.219875 0.272414 0.258253
0.248601 0.219120 0.264196 0.268083
0.251208 0.217354 0.271417 0.260021
0.251454 0.218838 0.265788 0.263920
0.252765 0.219017 0.269312 0.258906
0.251251 0.222800 0.265764 0.260185
0.251285 0.220484 0.269798 0.258433
0.248638 0.215074 0.274590 0.261697
0.248513 0.212064 0.271063 0.268360
0.252685 0.221826 0.264145 0.261345
0.251493 0.215915 0.270280 0.262313
0.249997 0.218716 0.267329 0.263958
0.249904 0.220448 0.265111 0.264536
0.249336 0.223660 0.263534 0.263469
0.250758 0.216771 0.268564 0.263908
0.250976 0.217096 0.269772 0.262156
0.251417 0.214542 0.272295 0.261746
0.250700 0.223472 0.265625 0.260203
0.249652 0.221111 0.260403 0.268834
0.251517 0.235799 0.248244 0.264440
0.251667 0.222257 0.268436 0.257641
0.251034 0.215814 0.272848 0.260304
0.251580 0.214390 0.272874 0.261155
0.251196 0.224552 0.260383 0.263868
0.249977 0.221399 0.264893 0.263731
0.249363 0.233991 0.256951 0.259695
0.251789 0.223439 0.265960 0.258812
0.251082 0.215083 0.274526 0.259309
0.252055 0.217035 0.270939 0.259971
0.252299 0.224855 0.262713 0.260134
0.251221 0.232045 0.254328 0.262406
0.248755 0.226144 0.261658 0.263443
0.253152 0.225006 0.262941 0.258901
0.250729 0.213665 0.276443 0.259163
0.251305 0.215776 0.270318 0.262602
0.252650 0.224079 0.265359 0.257911
0.252195 0.227752 0.256468 0.263585
0.248712 0.231519 0.248598 0.271171
0.250294 0.219659 0.269588 0.260459
0.250944 0.213029 0.275743 0.260284
0.250999 0.214661 0.273685 0.260655
0.252721 0.224734 0.267411 0.255134
0.251166 0.224986 0.264462 0.259386
0.250498 0.229251 0.259717 0.260534
0.249681 0.216323 0.268464 0.265532
0.250624 0.215803 0.272762 0.260810
0.250578 0.213827 0.272566 0.263028
0.253328 0.227589 0.264530 0.254553
0.250915 0.220900 0.272636 0.255549
0.249065 0.220420 0.267625 0.262889
0.251886 0.222040 0.264388 0.261686
0.252129 0.219575 0.268722 0.259573
0.251124 0.214002 0.272800 0.262074
0.252647 0.223080 0.269875 0.254398
0.250009 0.223590 0.264530 0.261871
0.250861 0.233888 0.259975 0.255276
0.252560 0.223350 0.265494 0.258596
0.253084 0.222061 0.265785 0.259070
0.250235 0.212428 0.273274 0.264062
0.253336 0.223515 0.266716 0.256433
0.249784 0.221190 0.268217 0.260809
0.250849 0.235905 0.258366 0.254880
0.251831 0.219468 0.266771 0.261930
0.253636 0.223740 0.263731 0.258892
0.250223 0.212418 0.275771 0.261588
0.253772 0.224283 0.264324 0.257621
0.250312 0.219001 0.269105 0.261581
0.246050 0.222670 0.268132 0.263148
0.252904 0.228135 0.262722 0.256239
0.253456 0.221258 0.265819 0.259467
0.251610 0.216652 0.271823 0.259915
0.254378 0.228229 0.259724 0.257669
0.252589 0.227852 0.262685 0.256874
0.248715 0.229946 0.255818 0.265520
0.251939 0.224211 0.266792 0.257058
0.252138 0.220780 0.266872 0.260210
0.251431 0.215884 0.273618 0.259067
0.253473 0.226146 0.259788 0.260592
0.253731 0.235660 0.251404 0.259205
0.246228 0.229577 0.250438 0.273757
0.250578 0.218379 0.267040 0.264004
0.252299 0.218613 0.268815 0.260273
0.249995 0.213803 0.271401 0.264801
0.253576 0.229559 0.254857 0.262008
0.253272 0.231699 0.261237 0.253792
0.249433 0.233111 0.251080 0.266375
0.252050 0.220544 0.265666 0.261740
0.251268 0.215722 0.270038 0.262972
0.250302 0.213591 0.274067 0.262040
0.252979 0.224565 0.259228 0.263227
0.254116 0.233432 0.258969 0.253483
0.251299 0.237664 0.251085 0.259952
0.252099 0.219004 0.269349 0.259548
0.250460 0.213727 0.271260 0.264553
0.251806 0.217677 0.270457 0.260060
0.252939 0.220799 0.264449 0.261813
0.252076 0.230126 0.256400 0.261398
0.252392 0.249074 0.251732 0.246802
0.252797 0.222416 0.266276 0.258512
0.248574 0.211829 0.269614 0.269984
0.251873 0.216264 0.271431 0.260432
0.252355 0.217313 0.269123 0.261210
0.249996 0.224906 0.255363 0.269735
0.249665 0.234792 0.258725 0.256819
0.253643 0.227789 0.262044 0.256524
0.249022 0.214424 0.270370 0.266184
0.252577 0.219117 0.268706 0.259601
0.251445 0.215105 0.273609 0.259841
0.250791 0.220095 0.264825 0.264289
0.249986 0.233331 0.271943 0.244741
0.249604 0.220879 0.264635 0.264881
0.250612 0.215181 0.270921 0.263286
0.251563 0.217129 0.273798 0.257509
0.249617 0.211903 0.276366 0.262114
0.253289 0.229120 0.257556 0.260034
0.249680 0.228668 0.265246 0.256406
0.251075 0.218624 0.267196 0.263105
0.250716 0.214419 0.273831 0.261034
0.250093 0.217824 0.266979 0.265104
0.249120 0.211481 0.276218 0.263181
0.252302 0.226872 0.256520 0.264306
0.250454 0.229240 0.260235 0.260070
0.251832 0.220915 0.264092 0.263161
0.250707 0.213937 0.275488 0.259868
0.251103 0.216732 0.268836 0.263330
0.250313 0.212494 0.275044 0.262148
0.251907 0.225300 0.265375 0.257419
0.253372 0.240226 0.249204 0.257198
0.251938 0.218010 0.267967 0.262085
