0.242872 0.190403 0.279509 0.287216
0.249674 0.208932 0.258457 0.282937
0.246413 0.199935 0.271772 0.281881
0.241969 0.188611 0.277672 0.291749
0.243169 0.196828 0.276053 0.283949
0.241055 0.189852 0.282480 0.286613
0.246696 0.202244 0.270542 0.280519
0.243912 0.194335 0.275583 0.286170
0.247139 0.201238 0.264713 0.286910
0.241562 0.189811 0.283325 0.285301
0.242691 0.190660 0.275420 0.291229
0.239702 0.188736 0.282122 0.289441
0.246892 0.201024 0.269509 0.282575
0.245217 0.197326 0.272741 0.284715
0.247897 0.202759 0.267239 0.282105
0.244865 0.196636 0.276007 0.282492
0.246592 0.196964 0.275237 0.281207
0.239004 0.187549 0.283657 0.289790
0.247314 0.201621 0.262991 0.288075
0.244079 0.195282 0.274614 0.286024
0.249230 0.206670 0.257895 0.286205
0.246353 0.201866 0.272646 0.279136
0.247623 0.206529 0.265505 0.280343
0.240840 0.187731 0.282512 0.288918
0.248999 0.205580 0.263063 0.282359
0.244591 0.198832 0.272172 0.284404
0.247203 0.205329 0.264690 0.282779
0.248134 0.200919 0.268747 0.282200
0.250016 0.204151 0.262726 0.283107
0.240701 0.189573 0.280924 0.288801
0.245510 0.201176 0.267558 0.285756
0.243546 0.193988 0.275263 0.287202
0.245072 0.199136 0.269670 0.286123
0.251272 0.208142 0.256302 0.284284
0.249899 0.211498 0.260227 0.278377
0.240506 0.189369 0.277061 0.293065
0.244966 0.199050 0.268182 0.287802
0.243055 0.194919 0.275493 0.286533
0.242881 0.192777 0.277704 0.286638
0.249883 0.213029 0.251779 0.285308
0.249014 0.205248 0.260232 0.285505
0.238893 0.187462 0.282924 0.290721
0.242718 0.193045 0.277050 0.287187
0.244831 0.195012 0.270697 0.289459
0.243260 0.194228 0.274804 0.287707
0.248176 0.207058 0.261631 0.283135
0.248664 0.207636 0.257819 0.285881
0.238130 0.186047 0.285035 0.290788
0.239640 0.186795 0.283101 0.290463
0.243371 0.195172 0.275480 0.285977
0.242312 0.190362 0.281583 0.285743
0.245955 0.201833 0.264006 0.288206
0.246454 0.203772 0.266814 0.282960
0.237105 0.182753 0.285774 0.294367
0.240910 0.189738 0.278574 0.290778
0.242779 0.193775 0.278813 0.284633
0.243339 0.195147 0.277142 0.284371
0.241298 0.191095 0.276497 0.291109
0.245306 0.195625 0.272387 0.286682
0.238349 0.183712 0.287716 0.290222
0.240077 0.189031 0.284359 0.286532
0.238991 0.187539 0.283550 0.289920
0.243144 0.193668 0.274809 0.288379
0.237038 0.182701 0.285941 0.294320
0.244869 0.198204 0.270039 0.286888
0.237082 0.182278 0.287136 0.293505
0.240290 0.188132 0.281926 0.289652
0.238718 0.186507 0.285883 0.288892
0.242669 0.194610 0.275055 0.287666
0.237162 0.182797 0.292448 0.287593
0.239475 0.188557 0.283646 0.288322
0.240717 0.189586 0.283249 0.286448
0.245472 0.195578 0.271651 0.287298
0.237473 0.182579 0.285943 0.294005
0.243541 0.193984 0.273833 0.288642
0.236749 0.182479 0.287265 0.293507
0.240599 0.188374 0.282271 0.288756
0.239126 0.188282 0.282624 0.289967
0.243836 0.196215 0.275205 0.284744
0.240129 0.189123 0.280256 0.290492
0.244056 0.195722 0.270857 0.289364
0.235673 0.181195 0.286694 0.296438
0.242176 0.193363 0.278134 0.286326
0.239604 0.187595 0.279829 0.292973
0.244337 0.195488 0.273856 0.286319
0.240939 0.189710 0.277560 0.291792
0.243171 0.194088 0.274232 0.288509
0.240418 0.188912 0.278729 0.291941
0.243404 0.191220 0.277070 0.288306
0.245996 0.195995 0.266214 0.291796
0.244938 0.199114 0.266963 0.288984
0.239309 0.187788 0.283417 0.289487
0.239332 0.187806 0.284500 0.288362
0.244326 0.196203 0.270518 0.288952
0.244659 0.195798 0.272633 0.286910
0.242922 0.195479 0.273808 0.287791
0.241308 0.192601 0.277917 0.288174
0.239607 0.187201 0.281687 0.291505
0.238400 0.186258 0.286394 0.288948
0.247885 0.203121 0.258007 0.290987
0.245344 0.200152 0.269583 0.284921
0.244591 0.196085 0.270730 0.288594
0.242258 0.189673 0.277901 0.290169
0.236166 0.182030 0.290339 0.291465
0.236436 0.182237 0.291461 0.289866
0.248633 0.201662 0.266011 0.283694
0.242625 0.194508 0.276206 0.286661
0.241466 0.192049 0.277437 0.289047
0.243491 0.194412 0.274632 0.287465
0.236917 0.182608 0.291968 0.288508
0.238063 0.183032 0.287903 0.291001
0.244199 0.198514 0.275543 0.281744
0.241302 0.191919 0.279381 0.287398
0.237389 0.185468 0.287871 0.289272
0.240061 0.189019 0.279437 0.291484
0.237700 0.182753 0.287363 0.292184
0.241686 0.189908 0.277411 0.290994
0.241072 0.192412 0.281755 0.284761
0.242169 0.188767 0.278963 0.290102
0.240806 0.184706 0.283694 0.290794
0.240149 0.188022 0.282569 0.289261
0.240550 0.189455 0.281957 0.288039
0.243477 0.195926 0.272517 0.288080
0.238281 0.186981 0.287290 0.287448
0.240817 0.189665 0.281726 0.287792
0.243251 0.195824 0.276053 0.284872
0.241729 0.193005 0.278912 0.286354
0.240408 0.188866 0.277174 0.293552
0.242614 0.194500 0.274959 0.287927
0.244300 0.189651 0.279814 0.286235
0.239372 0.188476 0.281723 0.290428
0.248736 0.199385 0.269260 0.282619
0.242282 0.190339 0.277128 0.290251
0.242815 0.194727 0.273938 0.288519
0.242374 0.192772 0.274727 0.290126
0.250767 0.205611 0.254620 0.289002
0.239300 0.187781 0.283917 0.289002
0.249920 0.208336 0.260513 0.281230
0.245622 0.196569 0.270694 0.287116
0.242986 0.193941 0.268641 0.294432
0.239729 0.187296 0.281341 0.291634
0.251088 0.215849 0.250984 0.282079
0.237712 0.185721 0.284678 0.291889
0.248356 0.209922 0.258503 0.283219
0.250030 0.203592 0.271946 0.274432
0.240303 0.188568 0.280119 0.291010
0.236185 0.182044 0.290308 0.291463
0.249461 0.211927 0.257043 0.281569
0.239955 0.184487 0.283496 0.292062
0.246753 0.201092 0.263624 0.288530
0.244831 0.200619 0.268274 0.286276
0.240396 0.187817 0.279039 0.292748
0.236489 0.182279 0.291311 0.289921
0.248526 0.206623 0.266337 0.278514
0.241212 0.189975 0.277302 0.291511
0.248723 0.204945 0.270289 0.276043
0.243266 0.197668 0.271800 0.287266
0.234802 0.180978 0.290715 0.293505
0.235571 0.181571 0.290396 0.292462
0.241612 0.191344 0.277356 0.289689
0.238746 0.187983 0.281618 0.291653
0.244772 0.194965 0.267545 0.292719
0.242126 0.192177 0.275852 0.289844
0.235950 0.181863 0.288215 0.293972
0.238653 0.183485 0.288616 0.289246
0.236958 0.182182 0.285866 0.294995
0.239297 0.187779 0.279975 0.292949
0.242842 0.194748 0.272584 0.289826
0.244329 0.194667 0.273480 0.287524
0.239273 0.183531 0.288125 0.289071
0.242106 0.190238 0.277893 0.289764
0.239619 0.188721 0.280796 0.290864
0.238157 0.186068 0.286704 0.289071
0.239901 0.191478 0.278761 0.289860
0.246795 0.198595 0.258834 0.295776
0.245724 0.197394 0.269602 0.287281
0.243573 0.196003 0.272625 0.287799
0.239428 0.188520 0.281799 0.290254
0.239295 0.183979 0.279650 0.297076
0.239763 0.187720 0.282597 0.289921
0.242472 0.194386 0.278011 0.285131
0.250947 0.205682 0.260693 0.282678
0.242710 0.194577 0.270585 0.292127
0.241100 0.189194 0.276113 0.293593
0.242599 0.190626 0.276781 0.289994
0.245533 0.196043 0.265063 0.293361
0.240737 0.191470 0.282124 0.285670
0.251504 0.214592 0.258606 0.275297
0.240645 0.191397 0.278151 0.289807
0.241376 0.188149 0.279500 0.290975
0.243167 0.195676 0.277239 0.283918
0.243076 0.190563 0.276378 0.289983
0.238784 0.186558 0.288850 0.285808
0.249696 0.209840 0.259360 0.281104
0.240124 0.187605 0.277198 0.295073
0.240791 0.189644 0.284011 0.285554
0.243893 0.195133 0.276328 0.284646
0.247571 0.202577 0.267648 0.282204
0.236324 0.182151 0.288252 0.293272
0.248829 0.205974 0.264563 0.280634
0.237086 0.182738 0.286301 0.293874
0.239323 0.188437 0.283898 0.288342
0.245504 0.199574 0.270279 0.284644
0.247703 0.206539 0.269730 0.276028
0.244616 0.186892 0.280068 0.288425
0.244192 0.197198 0.270623 0.287987
0.237488 0.183048 0.288382 0.291082
0.238606 0.187236 0.285422 0.288736
0.246182 0.195714 0.274915 0.283190
0.245282 0.200247 0.273129 0.281342
0.248786 0.209311 0.255804 0.286099
0.244393 0.195585 0.268300 0.291723
0.237543 0.182633 0.290031 0.289793
0.241823 0.188091 0.280192 0.289894
0.248572 0.203396 0.265547 0.282485
0.249908 0.200164 0.263801 0.286127
0.248568 0.208993 0.259388 0.283052
0.245337 0.200146 0.262478 0.292039
0.239119 0.188327 0.283813 0.288740
0.246587 0.198087 0.270174 0.285153
0.249909 0.208379 0.264078 0.277634
0.252558 0.215124 0.254538 0.277779
0.248183 0.205632 0.259344 0.286841
0.242144 0.194123 0.274197 0.289536
0.242687 0.190258 0.278048 0.289007
0.247334 0.203429 0.261869 0.287367
0.245174 0.200159 0.270159 0.284508
0.252317 0.216579 0.251696 0.279408
0.247381 0.200837 0.267976 0.283806
0.244804 0.194303 0.268916 0.291977
0.247593 0.202595 0.264239 0.285573
0.245166 0.200152 0.269928 0.284754
0.243183 0.195664 0.269057 0.292096
0.252680 0.218641 0.250657 0.278022
0.241413 0.190134 0.274985 0.293467
0.242442 0.193575 0.278946 0.285037
0.250066 0.208168 0.254851 0.286915
0.243838 0.196559 0.275651 0.283953
0.243342 0.194294 0.272372 0.289992
0.250607 0.211566 0.255288 0.282540
0.238425 0.187731 0.284059 0.289785
0.241574 0.189783 0.282706 0.285937
0.249812 0.208475 0.260088 0.281625
0.239030 0.186750 0.286149 0.288071
0.239275 0.188400 0.276262 0.296063
0.245798 0.199436 0.269321 0.285444
0.238062 0.186810 0.281868 0.293261
0.246871 0.197187 0.279511 0.276431
0.246654 0.203129 0.269419 0.280798
0.236662 0.182411 0.285390 0.295537
0.241066 0.189167 0.271682 0.298085
0.245564 0.200332 0.267147 0.286957
0.241373 0.187741 0.278601 0.292286
0.248685 0.207061 0.264838 0.279416
0.240624 0.191380 0.279737 0.288259
0.236673 0.181964 0.285523 0.295840
0.240388 0.187811 0.280046 0.291754
0.243993 0.195606 0.275378 0.285023
0.247292 0.198654 0.268256 0.285798
0.251901 0.210060 0.254105 0.283935
0.238252 0.186142 0.286347 0.289258
0.239995 0.189017 0.281237 0.289750
0.235403 0.181442 0.293348 0.289807
0.243384 0.193175 0.270406 0.293035
0.249626 0.204599 0.263217 0.282557
0.253122 0.223535 0.238949 0.284395
0.237034 0.182241 0.286658 0.294068
0.240632 0.189468 0.278300 0.291600
0.238467 0.183342 0.283309 0.294882
0.243331 0.193873 0.273037 0.289759
0.250540 0.213770 0.258220 0.277470
0.252630 0.221879 0.240253 0.285239
0.242726 0.190725 0.273735 0.292814
0.240997 0.189113 0.276563 0.293327
0.240060 0.188630 0.284292 0.287018
0.243485 0.195932 0.274569 0.286014
0.249391 0.209583 0.264212 0.276815
0.251932 0.216935 0.245551 0.285582
0.244541 0.196782 0.270293 0.288385
0.241407 0.188173 0.280823 0.289597
0.248209 0.198602 0.271922 0.281267
0.242510 0.194026 0.272859 0.290605
0.248723 0.205546 0.267842 0.277889
0.248567 0.207426 0.265538 0.278468
0.243228 0.194992 0.277819 0.283962
0.239427 0.188570 0.283584 0.288419
0.253339 0.216371 0.246014 0.284277
0.246930 0.200354 0.262802 0.289913
0.250298 0.206329 0.258392 0.284980
0.242095 0.192550 0.281431 0.283924
0.241884 0.192382 0.276506 0.289228
0.238454 0.187754 0.279157 0.294634
0.253540 0.224907 0.240905 0.280648
0.248735 0.202187 0.269291 0.279788
0.250829 0.209782 0.259594 0.279796
0.237252 0.185361 0.285022 0.292365
0.238954 0.186691 0.287663 0.286691
0.239962 0.187875 0.278722 0.293441
0.253156 0.217390 0.249699 0.279755
0.249579 0.208736 0.262913 0.278772
0.250621 0.212451 0.253676 0.283253
0.234958 0.181099 0.289804 0.294139
0.237709 0.182760 0.288576 0.290955
0.246181 0.195756 0.271052 0.287012
0.251620 0.218671 0.252174 0.277536
0.252363 0.213927 0.258248 0.275462
0.250581 0.211930 0.259138 0.278351
0.239259 0.183520 0.283057 0.294165
0.240564 0.189027 0.277491 0.292919
0.249840 0.205138 0.260526 0.284495
0.246564 0.203864 0.263872 0.285700
0.249535 0.210743 0.264974 0.274747
0.246209 0.202762 0.263629 0.287401
0.245600 0.197714 0.269174 0.287512
0.243487 0.195934 0.269449 0.291130
0.248963 0.208512 0.260220 0.282305
0.244973 0.195360 0.278443 0.281224
0.252986 0.212130 0.258788 0.276096
0.243081 0.192935 0.276546 0.287438
0.245734 0.197736 0.268215 0.288316
0.243679 0.194962 0.272702 0.288656
0.248336 0.205128 0.271827 0.274709
0.246841 0.199057 0.269651 0.284452
0.253893 0.220160 0.247226 0.278721
0.245265 0.195829 0.275803 0.283104
0.241430 0.192922 0.278533 0.287115
0.246982 0.200776 0.265091 0.287151
0.246951 0.203138 0.270015 0.279896
0.247014 0.202817 0.264800 0.285369
0.253582 0.219754 0.251368 0.275295
0.237741 0.187192 0.280422 0.294645
0.240871 0.190757 0.283497 0.284875
0.243459 0.194318 0.271963 0.290261
0.246106 0.200397 0.266799 0.286698
0.249054 0.208256 0.260719 0.281971
0.253608 0.217866 0.244840 0.283687
0.239421 0.187876 0.275214 0.297490
0.234514 0.180756 0.289993 0.294737
0.239498 0.187936 0.287425 0.285140
0.248796 0.203150 0.261938 0.286116
0.250907 0.211623 0.257875 0.279594
0.251610 0.219479 0.249148 0.279762
0.238809 0.186148 0.282793 0.292250
0.239058 0.183797 0.284942 0.292203
0.238576 0.185966 0.284885 0.290574
0.251946 0.213349 0.252374 0.282331
0.254566 0.218838 0.246353 0.280243
0.246640 0.204810 0.261549 0.287000
0.240879 0.189713 0.279704 0.289704
0.243731 0.191102 0.271271 0.293896
0.238952 0.188196 0.283608 0.289244
0.252552 0.219203 0.245739 0.282505
0.251334 0.213055 0.258157 0.277454
0.246896 0.199572 0.269203 0.284328
0.246603 0.193733 0.268421 0.291243
0.246054 0.202410 0.266286 0.285249
0.244442 0.191634 0.275148 0.288777
0.250422 0.211714 0.261170 0.276694
0.250081 0.211204 0.262628 0.276086
0.245358 0.198600 0.267714 0.288328
0.241859 0.193960 0.280221 0.283959
0.246700 0.202125 0.263260 0.287914
0.250724 0.204798 0.263304 0.281174
0.246571 0.202007 0.270584 0.280838
0.250458 0.210544 0.262894 0.276104
0.241635 0.189831 0.278162 0.290372
0.243837 0.193850 0.278093 0.284220
0.244591 0.198070 0.277229 0.280110
0.250840 0.213845 0.248334 0.286981
0.245318 0.198184 0.272774 0.283725
0.247427 0.205515 0.267934 0.279123
0.242154 0.194196 0.274914 0.288736
0.245091 0.200928 0.271641 0.282341
0.243175 0.192176 0.272637 0.292011
0.247019 0.206093 0.264673 0.282215
0.243839 0.196217 0.276909 0.283035
0.249503 0.201728 0.259893 0.288877
0.241999 0.192757 0.278935 0.286309
0.245651 0.200014 0.267075 0.287259
0.241656 0.189885 0.281934 0.286525
0.244814 0.200897 0.271005 0.283283
0.246425 0.196792 0.271523 0.285261
0.252118 0.213905 0.252787 0.281191
0.245425 0.196411 0.269435 0.288729
0.253443 0.205703 0.252491 0.288363
0.243585 0.196012 0.278035 0.282368
0.243451 0.192394 0.276302 0.287854
0.250523 0.207851 0.256105 0.285520
0.249675 0.212808 0.254463 0.283054
0.248928 0.202343 0.265810 0.282919
0.253185 0.223780 0.243796 0.279240
0.244552 0.195297 0.271242 0.288908
0.242434 0.190938 0.276237 0.290392
0.249034 0.207649 0.263016 0.280301
0.247666 0.205900 0.260857 0.285577
0.250732 0.209700 0.260110 0.279458
0.250357 0.214289 0.256471 0.278883
0.248321 0.206377 0.257245 0.288058
0.243316 0.190751 0.279546 0.286386
0.243993 0.199194 0.268987 0.287826
0.245653 0.200666 0.268285 0.285396
0.250940 0.212721 0.259701 0.276638
0.248287 0.208386 0.264208 0.279118
0.247712 0.201356 0.265915 0.285017
0.245367 0.201154 0.269281 0.284197
0.243841 0.196562 0.271214 0.288382
0.240610 0.187551 0.284247 0.287591
0.249129 0.210702 0.262494 0.277674
0.246528 0.200145 0.276152 0.277174
0.250316 0.209015 0.261468 0.279200
0.244845 0.199718 0.272692 0.282744
0.238981 0.186712 0.281572 0.292735
0.241518 0.190217 0.279277 0.288988
0.249117 0.204513 0.263985 0.282385
0.243707 0.191083 0.274902 0.290308
0.249005 0.205881 0.263443 0.281671
0.244456 0.194947 0.272784 0.287814
0.237786 0.182819 0.282602 0.296793
0.239598 0.188654 0.283791 0.287958
0.249396 0.206915 0.260251 0.283438
0.247696 0.203378 0.265721 0.283205
0.240209 0.191947 0.279570 0.288274
0.250281 0.201831 0.265987 0.281902
0.241503 0.190205 0.275092 0.293201
0.239862 0.187797 0.281423 0.290918
0.249639 0.207813 0.258032 0.284515
0.249431 0.208571 0.259405 0.282593
0.242487 0.191256 0.277335 0.288922
0.246986 0.203176 0.263391 0.286447
0.239589 0.188647 0.285500 0.286264
0.243395 0.193923 0.273899 0.288784
0.248355 0.207259 0.260761 0.283625
0.250318 0.211404 0.254999 0.283279
0.242976 0.195602 0.274713 0.286710
0.243893 0.199825 0.269396 0.286886
0.240835 0.188559 0.280197 0.290409
0.244937 0.197101 0.271053 0.286909
0.247203 0.203580 0.267268 0.281949
0.251099 0.211395 0.254683 0.282823
0.246106 0.197641 0.266112 0.290141
0.243244 0.196980 0.270888 0.288889
0.244923 0.195141 0.275071 0.284865
0.244902 0.195940 0.269596 0.289562
0.241333 0.191944 0.278217 0.288506
0.246701 0.200095 0.271012 0.282192
0.251247 0.204479 0.260390 0.283884
0.242157 0.191371 0.275769 0.290703
0.244348 0.196220 0.274862 0.284571
0.245468 0.199545 0.268736 0.286251
0.238401 0.186259 0.284382 0.290959
0.244267 0.198568 0.271925 0.285240
0.250738 0.212019 0.263623 0.273620
0.244432 0.192066 0.269725 0.293777
0.250995 0.204946 0.267027 0.277032
0.243346 0.194228 0.281514 0.280911
0.237541 0.183089 0.290831 0.288540
0.241400 0.192675 0.278395 0.287530
0.244993 0.200726 0.272394 0.281886
0.245868 0.197441 0.273163 0.283528
0.249603 0.211971 0.253436 0.284990
0.238605 0.187236 0.285299 0.288860
0.234982 0.181117 0.287698 0.296203
0.239721 0.188112 0.285679 0.286487
0.242843 0.196655 0.275949 0.284554
0.245450 0.201126 0.274742 0.278682
0.247688 0.205356 0.262224 0.284733
0.239860 0.186967 0.278839 0.294334
0.236404 0.182212 0.284026 0.297358
0.242402 0.188541 0.274323 0.294734
0.242523 0.191284 0.275575 0.290617
0.246119 0.199624 0.275723 0.278534
0.248579 0.205426 0.258986 0.287008
0.240151 0.188702 0.277939 0.293209
0.235548 0.181553 0.288670 0.294230
0.244533 0.196855 0.269039 0.289573
0.247317 0.198282 0.262062 0.292339
0.247713 0.200989 0.274594 0.276704
0.248023 0.205122 0.267587 0.279269
0.243995 0.195937 0.270239 0.289830
0.235642 0.181625 0.289337 0.293396
0.243599 0.196017 0.276001 0.284383
0.250271 0.210449 0.252361 0.286919
0.249104 0.202176 0.260556 0.288164
0.244518 0.196026 0.266192 0.293264
0.247607 0.202894 0.257786 0.291714
0.239456 0.184565 0.277778 0.298201
0.243073 0.194235 0.280040 0.282652
0.249854 0.208458 0.264236 0.277452
0.251213 0.214850 0.246385 0.287553
0.242203 0.192239 0.278780 0.286778
0.245887 0.199798 0.268044 0.286271
0.236133 0.182004 0.290841 0.291022
0.241658 0.191380 0.273746 0.293216
0.246125 0.201973 0.269727 0.282175
0.250762 0.217572 0.246740 0.284927
0.241488 0.192814 0.279881 0.285817
0.244170 0.193800 0.278481 0.283549
0.237561 0.182646 0.289316 0.290476
0.236492 0.181824 0.287025 0.294658
0.239009 0.189282 0.283183 0.288526
0.249773 0.210383 0.256262 0.283582
0.240931 0.189277 0.281766 0.288027
0.241307 0.192669 0.281880 0.284144
0.240636 0.189522 0.284266 0.285576
0.240206 0.188745 0.278493 0.292555
0.236807 0.182066 0.289930 0.291197
0.247186 0.201918 0.260561 0.290335
0.245294 0.196715 0.271649 0.286343
0.238694 0.187942 0.286770 0.286594
0.240793 0.189595 0.285902 0.283711
0.243298 0.195781 0.270559 0.290362
0.242650 0.190254 0.276877 0.290220
0.238107 0.186029 0.286356 0.289508
0.247014 0.196043 0.271161 0.285782
0.244720 0.190837 0.279634 0.284808
0.243722 0.190059 0.273287 0.292931
0.244637 0.196121 0.267201 0.292041
0.250268 0.205489 0.257333 0.286911
0.235456 0.181482 0.291690 0.291371
0.250471 0.209935 0.262371 0.277223
0.250999 0.208749 0.254810 0.285442
0.249555 0.208249 0.259732 0.282464
0.245297 0.194321 0.274001 0.286382
0.250225 0.209236 0.256487 0.284052
0.235442 0.181472 0.292034 0.291052
0.247738 0.206553 0.264249 0.281459
0.252509 0.216764 0.243765 0.286961
0.246674 0.202897 0.266019 0.284410
0.247547 0.202050 0.272538 0.277865
0.251015 0.212297 0.263235 0.273453
0.240889 0.185205 0.288416 0.285491
0.243501 0.198148 0.271575 0.286776
0.253962 0.220560 0.251641 0.273837
0.244649 0.199083 0.266070 0.290198
0.241917 0.194664 0.279279 0.284140
0.245514 0.202189 0.265905 0.286392
0.245493 0.192111 0.273380 0.289016
0.246185 0.196870 0.265498 0.291447
0.248542 0.211077 0.257052 0.283329
0.243742 0.195639 0.264113 0.296506
0.242929 0.193730 0.280027 0.283314
0.239784 0.190712 0.280725 0.288779
0.249958 0.210223 0.258155 0.281663
0.245091 0.197305 0.274031 0.283573
0.243299 0.196124 0.270611 0.289966
0.234825 0.180996 0.289091 0.295088
0.249961 0.201253 0.267537 0.281249
0.242002 0.188230 0.276850 0.292917
0.246707 0.206606 0.259564 0.287123
0.244317 0.196595 0.267044 0.292044
0.237717 0.185724 0.285151 0.291409
0.237867 0.183341 0.283802 0.294990
0.249798 0.209732 0.253827 0.286643
0.245887 0.197525 0.272282 0.284307
0.244858 0.201887 0.265754 0.287501
0.242335 0.193646 0.274955 0.289065
0.238999 0.183752 0.288888 0.288361
0.237802 0.183290 0.284664 0.294245
0.256152 0.218996 0.246934 0.277918
0.249297 0.205044 0.259163 0.286496
0.246865 0.197765 0.257859 0.297511
0.239822 0.189926 0.282985 0.287266
0.242199 0.190753 0.269197 0.297851
0.237193 0.182363 0.287283 0.293161
0.250872 0.216022 0.254023 0.279084
0.245982 0.200463 0.270818 0.282737
0.241629 0.190304 0.279586 0.288481
0.237623 0.182694 0.289560 0.290122
0.238820 0.188041 0.282840 0.290299
0.245633 0.192221 0.281281 0.280864
0.246003 0.205287 0.259769 0.288941
0.245645 0.202408 0.270400 0.281547
0.241708 0.190315 0.278578 0.289399
0.241615 0.190294 0.275775 0.292316
0.240442 0.188251 0.283346 0.287960
0.249519 0.209854 0.264372 0.276255
0.241192 0.191832 0.271775 0.295201
0.243567 0.194005 0.278148 0.284280
0.238144 0.186874 0.287877 0.287105
0.243007 0.190509 0.279064 0.287420
0.241829 0.193085 0.278935 0.286151
0.250046 0.208794 0.255135 0.286025
0.236716 0.184942 0.286513 0.291828
0.243820 0.195533 0.274497 0.286150
0.237101 0.185243 0.290418 0.287238
0.249957 0.204529 0.268901 0.276614
0.243969 0.192096 0.274790 0.289145
0.254810 0.219048 0.246619 0.279522
0.243938 0.187109 0.271413 0.297540
0.249393 0.197931 0.267663 0.285013
0.242391 0.185192 0.281770 0.290647
0.247784 0.206607 0.263406 0.282203
0.242895 0.189414 0.276259 0.291432
0.252900 0.221255 0.245704 0.280142
0.245559 0.197681 0.272892 0.283868
0.248970 0.208678 0.260536 0.281816
0.251322 0.211075 0.252602 0.285001
0.245341 0.200295 0.267591 0.286772
0.247236 0.206314 0.262746 0.283704
0.252628 0.215468 0.252777 0.279127
0.243589 0.195619 0.280886 0.279906
0.246513 0.205531 0.263097 0.284858
0.252586 0.216544 0.243136 0.287734
0.245373 0.197083 0.268189 0.289355
0.247379 0.203477 0.267206 0.281937
0.248916 0.208671 0.259743 0.282669
0.246753 0.200822 0.272010 0.280416
0.245084 0.199436 0.269168 0.286312
0.252411 0.223301 0.242476 0.281812
0.244906 0.199894 0.267840 0.287360
0.243879 0.198456 0.270204 0.287460
0.241812 0.194561 0.274355 0.289272
0.249010 0.210557 0.264396 0.276038
0.244131 0.195575 0.270439 0.289856
0.252251 0.217849 0.251516 0.278384
0.246293 0.198185 0.264794 0.290728
0.249328 0.199068 0.259042 0.292562
0.243394 0.193923 0.269389 0.293294
0.251620 0.204930 0.255751 0.287698
0.243365 0.191227 0.271953 0.293455
0.243872 0.197488 0.273563 0.285077
0.243010 0.194185 0.276474 0.286332
0.247242 0.203476 0.270689 0.278593
0.244578 0.196812 0.276593 0.282017
0.255902 0.225862 0.235341 0.282895
0.244119 0.196442 0.273535 0.285904
0.242321 0.191501 0.278785 0.287394
0.242163 0.191376 0.277253 0.289208
0.245711 0.202105 0.272547 0.279637
0.247131 0.197356 0.265631 0.289881
0.254651 0.229841 0.237886 0.277622
0.242576 0.194469 0.280904 0.282052
0.241121 0.189465 0.283287 0.286127
0.239187 0.188381 0.284441 0.287991
0.248232 0.201641 0.267477 0.282650
0.251023 0.207936 0.260717 0.280324
0.250265 0.216429 0.254418 0.278888
0.243084 0.192938 0.276513 0.287465
0.245305 0.196990 0.276279 0.281426
0.239273 0.188398 0.286330 0.285999
0.245796 0.201310 0.269734 0.283160
0.248840 0.212140 0.265159 0.273861
0.249854 0.210384 0.261970 0.277792
0.243337 0.193877 0.277844 0.284943
0.249445 0.203681 0.261064 0.285809
0.245709 0.191608 0.274067 0.288616
0.247386 0.197943 0.267305 0.287367
0.248281 0.206539 0.265285 0.279895
0.241539 0.190883 0.279823 0.287755
0.246631 0.197675 0.270442 0.285252
0.251083 0.212910 0.254594 0.281412
0.251121 0.209189 0.257085 0.282605
0.251821 0.215691 0.251311 0.281178
0.253364 0.217027 0.249882 0.279727
0.242306 0.190396 0.276030 0.291267
0.250062 0.209140 0.257219 0.283579
0.250852 0.212647 0.253910 0.282591
0.249664 0.209592 0.257783 0.282961
0.249454 0.211715 0.256652 0.282179
0.253973 0.213816 0.256108 0.276103
0.244946 0.196701 0.268060 0.290293
0.251287 0.213319 0.254483 0.280910
0.249288 0.210837 0.257801 0.282074
0.249143 0.211741 0.257379 0.281737
0.250372 0.205803 0.257465 0.286360
0.254233 0.221235 0.246664 0.277869
0.246339 0.201855 0.271075 0.280731
0.248171 0.204992 0.263172 0.283665
0.247048 0.203452 0.264527 0.284973
0.247867 0.206842 0.261355 0.283936
0.249177 0.209021 0.265323 0.276478
0.253533 0.227891 0.244579 0.273996
0.247272 0.200558 0.263942 0.288228
0.247111 0.203617 0.267480 0.281793
0.243282 0.193095 0.276775 0.286848
0.244478 0.194044 0.274831 0.286646
0.242438 0.195083 0.277662 0.284817
0.249814 0.214993 0.260549 0.274644
0.245604 0.199656 0.271182 0.283558
0.241575 0.192814 0.277403 0.288207
0.243186 0.194169 0.278053 0.284593
0.245394 0.195516 0.272759 0.286331
0.244026 0.194605 0.273739 0.287630
0.251714 0.208440 0.257638 0.282207
0.243160 0.193681 0.274273 0.288886
0.238815 0.187401 0.283432 0.290352
0.239702 0.188736 0.282122 0.289441
0.242923 0.195480 0.275604 0.285993
0.245498 0.198330 0.272426 0.283746
0.252731 0.213498 0.255538 0.278233
0.243188 0.194621 0.275632 0.286558
0.242598 0.189101 0.279458 0.288842
0.239541 0.187970 0.284294 0.288195
0.242482 0.194394 0.278601 0.284523
0.246872 0.197868 0.269040 0.286220
0.250888 0.210620 0.260718 0.277775
0.245146 0.199991 0.265349 0.289515
0.240256 0.189223 0.281070 0.289451
0.239863 0.186969 0.281365 0.291803
0.242134 0.192184 0.277251 0.288431
0.249592 0.209094 0.257075 0.284240
0.250509 0.212608 0.255204 0.281679
0.245465 0.196025 0.270423 0.288087
0.239983 0.188957 0.277540 0.293519
0.241316 0.190058 0.281642 0.286985
0.244484 0.194791 0.270528 0.290197
0.247402 0.205443 0.265798 0.281357
0.251072 0.214194 0.257910 0.276824
0.249965 0.207387 0.259100 0.283548
0.238436 0.187103 0.283437 0.291024
0.240233 0.189154 0.276746 0.293867
0.246099 0.197626 0.267782 0.288494
0.246424 0.199191 0.271827 0.282558
0.245199 0.198877 0.268304 0.287620
0.249691 0.207857 0.263396 0.279056
0.238735 0.186520 0.286881 0.287864
0.238621 0.187248 0.282602 0.291529
0.247354 0.202687 0.270803 0.279156
0.244141 0.197615 0.272479 0.285764
0.248354 0.201510 0.264863 0.285273
0.248289 0.207205 0.266511 0.277994
0.239830 0.184391 0.279084 0.296695
0.239075 0.186785 0.281061 0.293079
0.246038 0.199921 0.270779 0.283263
0.239713 0.188745 0.282210 0.289332
0.245363 0.200168 0.265166 0.289304
0.248747 0.204209 0.269246 0.277798
0.240823 0.189669 0.278680 0.290829
0.235784 0.181735 0.289869 0.292612
0.239778 0.190707 0.279495 0.290020
0.241002 0.188690 0.280134 0.290174
0.242359 0.194295 0.276826 0.286520
0.250506 0.207836 0.266872 0.274786
0.241372 0.189624 0.281896 0.287108
0.238239 0.183627 0.282689 0.295445
0.240541 0.187498 0.284714 0.287246
0.243186 0.194169 0.276775 0.285870
0.243623 0.193765 0.273793 0.288819
0.251155 0.208760 0.259128 0.280956
0.241738 0.193863 0.276625 0.287774
0.237819 0.182844 0.288548 0.290789
0.240819 0.189227 0.277785 0.292168
0.240848 0.189638 0.277455 0.292059
0.236693 0.184924 0.285361 0.293022
0.251789 0.214525 0.251418 0.282268
0.244029 0.194773 0.273465 0.287733
0.240105 0.189104 0.283699 0.287092
0.243694 0.196100 0.265310 0.294895
0.239158 0.187670 0.283238 0.289934
0.238665 0.183495 0.279996 0.297845
0.251992 0.216527 0.247867 0.283615
0.241995 0.189068 0.275049 0.293888
0.242788 0.190736 0.282599 0.283876
0.245777 0.196640 0.267208 0.290375
0.238322 0.186197 0.285265 0.290216
0.241596 0.189837 0.281864 0.286703
0.248486 0.210158 0.255346 0.286010
0.245867 0.200290 0.264022 0.289821
0.242975 0.194855 0.276710 0.285459
0.244116 0.198446 0.273970 0.283468
0.236938 0.182624 0.291004 0.289434
0.243388 0.195854 0.273397 0.287361
0.247929 0.204178 0.260217 0.287676
0.246395 0.202657 0.262880 0.288068
0.244758 0.194582 0.270436 0.290224
0.243300 0.194191 0.269364 0.293144
0.237028 0.182694 0.285832 0.294447
0.248045 0.198086 0.267540 0.286329
0.241641 0.192189 0.275333 0.290837
0.245145 0.200135 0.272456 0.282265
0.245974 0.201652 0.265225 0.287149
0.239500 0.187938 0.284085 0.288478
0.236958 0.182182 0.285866 0.294995
0.247717 0.205875 0.268572 0.277835
0.239416 0.187052 0.282965 0.290568
0.248688 0.199746 0.265869 0.285697
0.244891 0.199756 0.268657 0.286696
0.240651 0.187179 0.285909 0.286261
0.239619 0.188721 0.280796 0.290864
0.247187 0.200930 0.267959 0.283925
0.236272 0.182111 0.286870 0.294747
0.247370 0.201514 0.271656 0.279459
0.244699 0.195535 0.270250 0.289516
0.248329 0.199094 0.270602 0.281976
0.240539 0.189395 0.283107 0.286958
0.248395 0.207411 0.260635 0.283559
0.235019 0.181145 0.291952 0.291884
0.247432 0.203140 0.273699 0.275729
0.242058 0.191697 0.278004 0.288241
0.248399 0.208875 0.260193 0.282532
0.240370 0.188621 0.275277 0.295732
0.250589 0.206855 0.268901 0.273655
0.242143 0.185732 0.285298 0.286827
0.249677 0.207722 0.263750 0.278850
0.235248 0.181322 0.289993 0.293438
0.250825 0.208401 0.257950 0.282824
0.240641 0.187576 0.278649 0.293134
0.249902 0.203385 0.261726 0.284987
0.245742 0.197408 0.273651 0.283199
0.252042 0.216668 0.251109 0.280180
0.235222 0.181302 0.290670 0.292806
0.255122 0.223475 0.244022 0.277381
0.239707 0.188791 0.282732 0.288770
0.250947 0.212195 0.256695 0.280164
0.248002 0.203609 0.261716 0.286674
0.252733 0.213719 0.246691 0.286858
0.235751 0.181709 0.291709 0.290831
0.252463 0.218109 0.252420 0.277008
0.239842 0.188846 0.284513 0.286799
0.242929 0.199035 0.268254 0.289783
0.247905 0.206553 0.259538 0.286005
0.253468 0.223840 0.239704 0.282989
0.240261 0.184289 0.280296 0.295154
0.248701 0.206443 0.257528 0.287329
0.240576 0.188782 0.277735 0.292907
0.244528 0.197659 0.271262 0.286551
0.249068 0.209686 0.261276 0.279970
0.253779 0.223124 0.245751 0.277346
0.248074 0.199281 0.268706 0.283939
0.249485 0.208015 0.265312 0.277188
0.242877 0.188911 0.283382 0.284831
0.247081 0.199995 0.260129 0.292795
0.247998 0.201147 0.258947 0.291908
0.249228 0.209924 0.263445 0.277403
0.245884 0.202237 0.267117 0.284762
0.244107 0.199143 0.272521 0.284229
0.246189 0.197767 0.273120 0.282924
0.241714 0.189893 0.273626 0.294767
0.245848 0.199854 0.266972 0.287326
0.246148 0.200731 0.269764 0.283358
0.244386 0.199515 0.270802 0.285297
0.244234 0.195406 0.267625 0.292734
0.245200 0.201674 0.266455 0.286671
0.247020 0.197687 0.269629 0.285664
0.242730 0.193338 0.274968 0.288963
0.243425 0.193947 0.279550 0.283078
0.243590 0.196359 0.272189 0.287861
0.246860 0.200298 0.264791 0.288051
0.244770 0.199829 0.266968 0.288432
0.241584 0.197085 0.276094 0.285237
0.241326 0.193532 0.279767 0.285375
0.244019 0.195956 0.274830 0.285196
0.239791 0.186913 0.283314 0.289981
0.247650 0.201304 0.269031 0.282015
0.245859 0.197474 0.268721 0.287947
0.241092 0.193279 0.275747 0.289882
0.243142 0.194065 0.276215 0.286578
0.250985 0.204938 0.262676 0.281400
0.244827 0.192376 0.272621 0.290176
0.250494 0.209849 0.259823 0.279834
0.247903 0.202340 0.262929 0.286828
0.247639 0.195562 0.270445 0.286354
0.244359 0.190556 0.276920 0.288165
0.251185 0.212996 0.251438 0.284381
0.243387 0.195853 0.275654 0.285106
0.247188 0.205264 0.267580 0.279969
0.245469 0.197522 0.270135 0.286874
0.254710 0.216642 0.259261 0.269387
0.251667 0.209304 0.258547 0.280481
0.251198 0.212940 0.256135 0.279727
0.242186 0.194157 0.278264 0.285392
0.247662 0.199854 0.275466 0.277017
0.241001 0.192579 0.280508 0.285912
0.257005 0.225107 0.241794 0.276094
0.252093 0.216407 0.254809 0.276691
0.249219 0.210778 0.256200 0.283803
0.242693 0.192628 0.277890 0.286789
0.249278 0.205587 0.262357 0.282778
0.242352 0.191526 0.282666 0.283456
0.256248 0.236714 0.247861 0.259176
0.251945 0.218809 0.254863 0.274383
0.245439 0.202127 0.269317 0.283117
0.242762 0.193830 0.278843 0.284565
0.249171 0.209523 0.261291 0.280015
0.239122 0.188329 0.283809 0.288740
0.254955 0.228440 0.247729 0.268877
0.253087 0.214423 0.252157 0.280333
0.244450 0.194022 0.270570 0.290958
0.244332 0.191547 0.271935 0.292186
0.251467 0.209189 0.254658 0.284685
0.242938 0.190455 0.273455 0.293152
0.252028 0.219574 0.246897 0.281500
0.250891 0.211042 0.258012 0.280055
0.243832 0.194271 0.276560 0.285336
0.247127 0.202597 0.267733 0.282542
0.252933 0.216658 0.251413 0.278995
0.250405 0.204537 0.259015 0.286043
0.252704 0.221084 0.241015 0.285197
0.248783 0.207101 0.259094 0.285022
0.244358 0.196635 0.273157 0.285850
0.244790 0.199673 0.270001 0.285536
0.251317 0.212425 0.253321 0.282937
0.249720 0.212890 0.255306 0.282084
0.252804 0.214815 0.248504 0.283877
0.247549 0.206587 0.261471 0.284393
0.244872 0.195917 0.276982 0.282229
0.241757 0.193183 0.277278 0.287782
0.243390 0.198702 0.270395 0.287513
0.249436 0.208110 0.258888 0.283565
0.255415 0.228824 0.236272 0.279490
0.247363 0.203712 0.264865 0.284059
0.244390 0.198669 0.273307 0.283634
0.241437 0.191205 0.277156 0.290201
0.242499 0.195480 0.272299 0.289723
0.246328 0.202140 0.269369 0.282162
0.252187 0.216885 0.255527 0.275401
0.245089 0.194529 0.274141 0.286242
0.245946 0.195527 0.273412 0.285115
0.237865 0.182880 0.286961 0.292294
0.241292 0.188083 0.281189 0.289436
0.241581 0.190916 0.281307 0.286195
0.245362 0.202302 0.274723 0.277613
0.242317 0.193475 0.273363 0.290845
0.246059 0.201722 0.266728 0.285490
0.241437 0.190153 0.278023 0.290387
0.240735 0.189600 0.275457 0.294208
0.241667 0.189893 0.276697 0.291743
0.245485 0.196310 0.277839 0.280365
0.239382 0.188484 0.283489 0.288645
0.248835 0.202606 0.268502 0.280057
0.240018 0.188985 0.283109 0.287888
0.244232 0.191469 0.272472 0.291827
0.242595 0.195216 0.276464 0.285725
0.242478 0.195201 0.276919 0.285402
0.237869 0.186658 0.284419 0.291054
0.246239 0.201114 0.264688 0.287959
0.239179 0.187686 0.284897 0.288237
0.245365 0.201152 0.273273 0.280210
0.246282 0.196678 0.268696 0.288344
0.247478 0.198053 0.263362 0.291106
0.240947 0.187814 0.280102 0.291136
0.243338 0.196876 0.272494 0.287292
0.240276 0.187291 0.283100 0.289333
0.245688 0.200044 0.273291 0.280976
0.249861 0.207301 0.258856 0.283983
0.255832 0.217785 0.247681 0.278703
0.244872 0.192412 0.273589 0.289127
0.238834 0.187416 0.278365 0.295385
0.240449 0.189375 0.281838 0.288338
0.249832 0.203673 0.266444 0.280051
0.249502 0.208040 0.263055 0.279403
0.252880 0.223367 0.243025 0.280728
0.245396 0.197062 0.274256 0.283286
0.238341 0.186212 0.285799 0.289649
0.241949 0.190078 0.278952 0.289021
0.250807 0.206749 0.266140 0.276304
0.247011 0.201302 0.271081 0.280606
0.250846 0.213104 0.255194 0.280856
0.245014 0.200769 0.266040 0.288177
0.239395 0.184519 0.278692 0.297394
0.243421 0.195212 0.274621 0.286746
0.250380 0.209087 0.256132 0.284401
0.245745 0.202491 0.268857 0.282906
0.246287 0.204761 0.265807 0.283145
0.242858 0.197337 0.273703 0.286101
0.238235 0.183164 0.284138 0.294463
0.242342 0.193427 0.277086 0.287146
0.250712 0.217606 0.249378 0.282303
0.243660 0.194079 0.276809 0.285451
0.240181 0.189809 0.281065 0.288945
0.242651 0.192594 0.274606 0.290149
0.238650 0.187958 0.278954 0.294438
0.239537 0.187967 0.283141 0.289355
0.248288 0.209909 0.259139 0.282664
0.246209 0.197039 0.274657 0.282095
0.243486 0.191322 0.270480 0.294712
0.247892 0.197117 0.266666 0.288325
0.239237 0.187946 0.282074 0.290744
0.238737 0.186521 0.284782 0.289959
0.249816 0.204356 0.255274 0.290554
0.246645 0.200836 0.261043 0.291475
0.244729 0.196526 0.273171 0.285574
0.248732 0.204613 0.264131 0.282524
0.243873 0.195575 0.272707 0.287845
0.236347 0.182169 0.289369 0.292115
0.249859 0.206764 0.260548 0.282829
0.246606 0.202074 0.264411 0.286909
0.248769 0.203129 0.262436 0.285666
0.246191 0.201353 0.271456 0.281000
0.248579 0.197285 0.267487 0.286649
0.236347 0.182169 0.289369 0.292115
0.243439 0.195889 0.278106 0.282566
0.244616 0.198765 0.273128 0.283491
0.252280 0.213925 0.260841 0.272954
0.246637 0.204160 0.270846 0.278358
0.250951 0.209978 0.257700 0.281371
0.236347 0.182169 0.289369 0.292115
0.240993 0.192573 0.280107 0.286327
0.241185 0.191826 0.275706 0.291283
0.249284 0.211619 0.262699 0.276398
0.245532 0.198281 0.275444 0.280744
0.253339 0.215627 0.264565 0.266469
0.236347 0.182169 0.289369 0.292115
0.240585 0.190530 0.284419 0.284466
0.239907 0.187435 0.273601 0.299057
0.250126 0.206042 0.261546 0.282287
0.246752 0.197093 0.267955 0.288200
0.248173 0.210917 0.263043 0.277868
0.236347 0.182169 0.289369 0.292115
0.238885 0.183233 0.285507 0.292375
0.236854 0.182102 0.289064 0.291980
0.252067 0.216833 0.252716 0.278385
0.251738 0.209275 0.253258 0.285729
0.248864 0.207094 0.258289 0.285753
0.236836 0.182546 0.289968 0.290650
0.247214 0.198200 0.261954 0.292632
0.242692 0.190699 0.279296 0.287313
0.252751 0.214849 0.256285 0.276114
0.249746 0.213856 0.253527 0.282871
0.252566 0.209214 0.259457 0.278762
0.236444 0.182244 0.289488 0.291823
0.249361 0.209684 0.254860 0.286095
0.244253 0.196550 0.270863 0.288334
0.254306 0.220702 0.245762 0.279230
0.249560 0.210985 0.257530 0.281924
0.251126 0.213483 0.249812 0.285579
0.236094 0.181974 0.289059 0.292873
0.247340 0.206361 0.263816 0.282482
0.243069 0.194474 0.274511 0.287947
0.252811 0.220136 0.249104 0.277949
0.246992 0.202685 0.264983 0.285340
0.252799 0.220447 0.239062 0.287692
0.235343 0.181395 0.288139 0.295124
0.246914 0.202621 0.263909 0.286556
0.249756 0.201981 0.269737 0.278526
0.250715 0.211739 0.261187 0.276358
0.243359 0.192321 0.278097 0.286222
0.249874 0.214035 0.259272 0.276820
0.235549 0.181554 0.288392 0.294505
0.242028 0.191673 0.280266 0.286033
0.250653 0.213747 0.255525 0.280076
0.249365 0.209626 0.259895 0.281113
0.241152 0.189489 0.277099 0.292260
0.245854 0.201420 0.273268 0.279459
0.237566 0.183108 0.285422 0.293903
0.237033 0.182240 0.289422 0.291304
0.250378 0.209363 0.257301 0.282959
0.247594 0.205654 0.262899 0.283853
0.242585 0.195208 0.277880 0.284327
0.247667 0.200082 0.265758 0.286493
0.237422 0.182997 0.285544 0.294037
0.241999 0.190154 0.281969 0.285878
0.250969 0.210949 0.256050 0.282032
0.249112 0.201711 0.265474 0.283703
0.244966 0.195992 0.274442 0.284600
0.243847 0.196223 0.282444 0.277486
0.236539 0.182317 0.285339 0.295806
0.243488 0.195934 0.276509 0.284068
0.252436 0.216066 0.257458 0.274040
0.248946 0.206542 0.261782 0.282730
0.248878 0.201582 0.265970 0.283570
0.248370 0.197747 0.271295 0.282589
0.235827 0.181768 0.290802 0.291602
0.245316 0.195907 0.270301 0.288476
0.249251 0.208753 0.259108 0.282888
0.249238 0.207819 0.261450 0.281493
0.249384 0.207644 0.254873 0.288099
0.252610 0.219147 0.248159 0.280084
0.234947 0.181090 0.290479 0.293485
0.249599 0.207084 0.255161 0.288156
0.248046 0.204889 0.265506 0.281559
0.244544 0.199645 0.271937 0.283874
0.248421 0.207727 0.262000 0.281852
0.252120 0.219640 0.251054 0.277185
0.238837 0.183627 0.284565 0.292971
0.247926 0.206726 0.261846 0.283502
0.248684 0.204242 0.262576 0.284498
0.245690 0.197681 0.274825 0.281805
0.248824 0.210444 0.259125 0.281606
0.253325 0.213657 0.248614 0.284403
0.243806 0.191574 0.277266 0.287354
0.245925 0.200772 0.267012 0.286291
0.249299 0.207573 0.264029 0.279099
0.244881 0.195107 0.270997 0.289016
0.250026 0.205569 0.264331 0.280073
0.254127 0.224768 0.237050 0.284055
0.244174 0.196081 0.271680 0.288066
0.245568 0.197953 0.274056 0.282423
0.248793 0.208370 0.258501 0.284336
0.242592 0.195213 0.273801 0.288394
0.249964 0.202816 0.269880 0.277341
0.247913 0.206699 0.264119 0.281269
0.245894 0.201490 0.265433 0.287183
0.237535 0.185582 0.285930 0.290953
0.250524 0.206634 0.263019 0.279823
0.245977 0.196800 0.271189 0.286034
0.246631 0.200476 0.269814 0.283078
0.244825 0.199226 0.273236 0.282714
0.244375 0.198569 0.274073 0.282984
0.237543 0.182632 0.288297 0.291527
0.250469 0.210687 0.258332 0.280511
0.246247 0.200178 0.273682 0.279892
0.246220 0.206269 0.263896 0.283615
0.242599 0.194721 0.273219 0.289460
0.243086 0.192939 0.273702 0.290274
0.239927 0.188963 0.282375 0.288735
0.249487 0.207687 0.265136 0.277690
0.242059 0.193200 0.270035 0.294706
0.248694 0.206189 0.266774 0.278343
0.235940 0.181856 0.285877 0.296327
0.245468 0.195575 0.268209 0.290749
0.241293 0.189562 0.279549 0.289595
0.248651 0.207507 0.263668 0.280175
0.240047 0.187942 0.276935 0.295076
0.250109 0.206375 0.254142 0.289374
0.239900 0.184012 0.280661 0.295427
0.243279 0.195766 0.276929 0.284026
0.245704 0.196635 0.263733 0.293928
0.248245 0.203797 0.264745 0.283214
0.240955 0.192387 0.278897 0.287761
0.252970 0.213278 0.241951 0.291801
