0.251849 0.169035 0.271294 0.307822
0.247825 0.163073 0.275935 0.313168
0.238925 0.154422 0.285363 0.321290
0.238179 0.154853 0.286461 0.320507
0.244832 0.162247 0.276403 0.316518
0.234030 0.152155 0.271718 0.342097
0.251429 0.168688 0.271686 0.308197
0.246090 0.161000 0.277980 0.314930
0.242732 0.158781 0.276228 0.322259
0.248451 0.165752 0.275538 0.310259
0.247957 0.165423 0.276764 0.309856
0.242900 0.162049 0.273838 0.321213
0.253901 0.171491 0.272015 0.302592
0.244197 0.158766 0.280020 0.317017
0.253865 0.172444 0.261834 0.311856
0.244688 0.161009 0.279653 0.314650
0.251843 0.171071 0.266280 0.310806
0.240077 0.157974 0.280072 0.321877
0.253115 0.170836 0.272929 0.303120
0.240037 0.155140 0.279176 0.325647
0.251016 0.170493 0.266927 0.311564
0.261278 0.182280 0.253700 0.302742
0.249830 0.169687 0.264257 0.316226
0.238764 0.156207 0.286334 0.318695
0.250287 0.166930 0.275851 0.306932
0.234064 0.148408 0.284964 0.332564
0.248621 0.166808 0.271839 0.312733
0.261350 0.183243 0.253548 0.301859
0.247998 0.166391 0.268795 0.316815
0.236572 0.153808 0.292550 0.317070
0.240836 0.156580 0.280201 0.322383
0.234628 0.148766 0.285651 0.330954
0.246368 0.163266 0.275532 0.314834
0.257651 0.177406 0.266640 0.298303
0.244770 0.162206 0.278894 0.314130
0.232619 0.150346 0.302090 0.314945
0.239500 0.154793 0.281995 0.323713
0.234990 0.148996 0.286092 0.329921
0.238274 0.154001 0.287834 0.319891
0.249924 0.166652 0.277059 0.306366
0.244602 0.163184 0.269359 0.322854
0.246690 0.166580 0.279154 0.307577
0.245522 0.160605 0.275830 0.318043
0.232859 0.147645 0.283498 0.335998
0.232329 0.147309 0.292503 0.327859
0.246845 0.162619 0.279775 0.310761
0.240222 0.158070 0.279007 0.322702
0.249925 0.170803 0.273666 0.305606
0.246807 0.162403 0.274802 0.315987
0.231990 0.147093 0.289029 0.331888
0.243824 0.159494 0.285686 0.310996
0.234807 0.148879 0.289821 0.326493
0.238659 0.156139 0.286699 0.318503
0.257325 0.179550 0.263500 0.299625
0.245307 0.160488 0.277096 0.317108
0.232759 0.147581 0.289637 0.330023
0.245184 0.161335 0.283639 0.309841
0.234974 0.148985 0.289472 0.326569
0.238124 0.154817 0.287876 0.319184
0.263011 0.188218 0.251684 0.297087
0.242353 0.157566 0.284574 0.315507
0.233564 0.148092 0.289177 0.329167
0.243909 0.159573 0.284051 0.312467
0.246892 0.161502 0.277370 0.314236
0.248567 0.165829 0.276545 0.309059
0.268793 0.202945 0.225900 0.302362
0.240597 0.155502 0.286245 0.317657
0.231684 0.146899 0.285966 0.335451
0.252886 0.169730 0.272411 0.304973
0.247825 0.163073 0.275935 0.313168
0.239817 0.157804 0.287733 0.314647
0.263756 0.190943 0.253138 0.292164
0.234539 0.148710 0.290383 0.326368
0.230931 0.146422 0.291138 0.331509
0.252233 0.169226 0.272553 0.305988
0.246090 0.161000 0.277980 0.314930
0.249777 0.168706 0.277960 0.303557
0.259742 0.183391 0.262522 0.294344
0.232426 0.147370 0.286883 0.333321
0.243915 0.159554 0.280509 0.316021
0.255230 0.172389 0.266822 0.305559
0.244197 0.158766 0.280020 0.317017
0.254686 0.177556 0.259330 0.308428
0.252545 0.171621 0.272729 0.303105
0.233063 0.147774 0.287118 0.332045
0.245594 0.161605 0.278488 0.314313
0.254421 0.171718 0.267721 0.306141
0.240037 0.155140 0.279176 0.325647
0.253809 0.175779 0.261318 0.309094
0.244998 0.161402 0.280953 0.312648
0.245522 0.160605 0.275830 0.318043
0.244288 0.159822 0.280033 0.315857
0.251410 0.167679 0.271953 0.308958
0.234064 0.148408 0.284964 0.332564
0.245616 0.164792 0.269282 0.320310
0.233161 0.147836 0.290827 0.328176
0.246807 0.162403 0.274802 0.315987
0.241377 0.156932 0.286990 0.314702
0.244197 0.158766 0.280020 0.317017
0.234628 0.148766 0.285651 0.330954
0.257822 0.182350 0.250166 0.309662
0.254689 0.171981 0.271294 0.302037
0.243035 0.159002 0.274530 0.323433
0.250815 0.167329 0.276201 0.305656
0.242340 0.156629 0.281855 0.319176
0.234990 0.148996 0.286092 0.329921
0.255372 0.177979 0.257329 0.309320
0.254024 0.173604 0.266276 0.306096
0.235928 0.153389 0.277030 0.333653
0.246611 0.162274 0.279640 0.311475
0.235969 0.149616 0.287283 0.327132
0.232859 0.147645 0.283498 0.335998
0.243555 0.164500 0.273879 0.318065
0.251675 0.169984 0.269668 0.308673
0.235458 0.152181 0.280131 0.332230
0.245067 0.160331 0.280925 0.313676
0.233607 0.148119 0.284408 0.333867
0.229607 0.145583 0.286060 0.338750
0.241626 0.161118 0.278456 0.318800
0.249095 0.166099 0.273751 0.311055
0.230934 0.146424 0.285920 0.336723
0.243296 0.158180 0.282477 0.316048
0.231712 0.146917 0.282101 0.339270
0.230854 0.146373 0.287266 0.335507
0.239112 0.157524 0.286269 0.317096
0.246208 0.162199 0.277515 0.314078
0.229768 0.145684 0.283601 0.340947
0.252221 0.168267 0.271123 0.308389
0.232729 0.147562 0.283339 0.336370
0.232231 0.147247 0.287526 0.332996
0.239006 0.156343 0.290003 0.314647
0.246099 0.160983 0.276479 0.316440
0.229498 0.145513 0.289331 0.335657
0.247825 0.163073 0.275935 0.313168
0.233657 0.148151 0.284469 0.333723
0.233101 0.147798 0.287716 0.331385
0.239056 0.157303 0.284702 0.318939
0.246125 0.161955 0.280696 0.311224
0.240162 0.157099 0.289271 0.313469
0.246090 0.161000 0.277980 0.314930
0.234256 0.148530 0.285198 0.332017
0.232116 0.147173 0.292632 0.328079
0.256857 0.179196 0.272147 0.291801
0.244453 0.159930 0.282609 0.313008
0.242130 0.159326 0.287624 0.310920
0.244197 0.158766 0.280020 0.317017
0.233165 0.147838 0.290493 0.328504
0.243442 0.159245 0.286673 0.310640
0.257519 0.180557 0.271187 0.290737
0.242893 0.157918 0.283521 0.315668
0.241575 0.158047 0.287037 0.313341
0.242340 0.156629 0.281855 0.319176
0.229527 0.145532 0.292222 0.332719
0.242635 0.159658 0.281642 0.316065
0.262357 0.186712 0.260826 0.290106
0.241253 0.155926 0.284639 0.318182
0.238958 0.155360 0.292502 0.313180
0.233607 0.148119 0.284408 0.333867
0.230683 0.146265 0.291896 0.331155
0.241824 0.158209 0.282234 0.317733
0.264146 0.189030 0.254032 0.292792
0.232596 0.147478 0.286543 0.333383
0.246796 0.164648 0.279206 0.309350
0.234064 0.148408 0.284964 0.332564
0.231992 0.147095 0.291183 0.329730
0.240831 0.156577 0.283687 0.318905
0.261455 0.184613 0.264721 0.289211
0.240603 0.157387 0.270304 0.331706
0.260889 0.183027 0.255449 0.300634
0.234628 0.148766 0.285651 0.330954
0.232808 0.147612 0.290754 0.328826
0.248216 0.165595 0.270390 0.315799
0.265776 0.190367 0.251899 0.291958
0.242698 0.159699 0.270226 0.327377
0.259339 0.182992 0.252515 0.305154
0.234990 0.148996 0.286092 0.329921
0.240789 0.157509 0.274017 0.327684
0.253865 0.172444 0.261834 0.311856
0.264740 0.189269 0.252608 0.293383
0.242389 0.158579 0.273799 0.325233
0.252381 0.174818 0.255058 0.317744
0.232859 0.147645 0.283498 0.335998
0.251562 0.170880 0.265919 0.311639
0.251016 0.170493 0.266927 0.311564
0.255987 0.176260 0.262587 0.305166
0.241443 0.156975 0.276861 0.324721
0.257009 0.180501 0.248054 0.314436
0.231990 0.147093 0.289029 0.331888
0.251929 0.171113 0.267892 0.309067
0.248621 0.166808 0.271839 0.312733
0.248705 0.165839 0.272712 0.312744
0.238923 0.154420 0.284507 0.322150
0.252428 0.172664 0.264779 0.310129
0.230369 0.146066 0.286662 0.336903
0.249820 0.167613 0.271717 0.310849
0.246368 0.163266 0.275532 0.314834
0.255473 0.173815 0.263245 0.307467
0.229810 0.145711 0.298958 0.325521
0.241689 0.158122 0.279414 0.320775
0.231661 0.146885 0.286820 0.334635
0.244915 0.162303 0.272974 0.319807
0.238274 0.154001 0.287834 0.319891
0.246807 0.162403 0.274802 0.315987
0.228162 0.144666 0.294935 0.332237
0.239435 0.155669 0.286183 0.318713
0.232737 0.147567 0.287266 0.332430
0.235503 0.152210 0.290364 0.321923
0.232329 0.147309 0.292503 0.327859
0.240868 0.157584 0.272081 0.329467
0.229891 0.145763 0.293379 0.330967
0.235264 0.152056 0.297147 0.315533
0.231877 0.147022 0.292331 0.328769
0.242187 0.158424 0.285043 0.314346
0.239310 0.156542 0.280397 0.323752
0.238560 0.155100 0.280120 0.326220
0.231195 0.146589 0.292750 0.329466
0.229504 0.145517 0.300073 0.324906
0.244501 0.159938 0.281183 0.314379
0.244293 0.160749 0.282114 0.312845
0.241378 0.158831 0.279236 0.320554
0.237910 0.153766 0.283049 0.325276
0.241765 0.158148 0.278851 0.321236
0.243190 0.159080 0.287586 0.310144
0.244803 0.161085 0.284328 0.309784
0.243199 0.159109 0.282968 0.314725
0.241195 0.157798 0.280890 0.320117
0.232614 0.147489 0.288000 0.331898
0.260567 0.182802 0.249876 0.306756
0.244855 0.161119 0.284503 0.309523
0.243353 0.159210 0.285478 0.311959
0.240314 0.156241 0.289488 0.313957
0.250825 0.168348 0.270192 0.310635
0.230957 0.146439 0.285070 0.337534
0.259017 0.182765 0.254371 0.303847
0.251612 0.169945 0.270432 0.308011
0.241946 0.157302 0.285917 0.314834
0.259158 0.178561 0.264990 0.297292
0.250634 0.168154 0.270826 0.310385
0.228806 0.145074 0.294822 0.331298
0.256057 0.177364 0.261769 0.304809
0.263003 0.189466 0.239792 0.307740
0.249124 0.166201 0.271977 0.312697
0.256439 0.175254 0.267385 0.300922
0.250237 0.169017 0.274517 0.306229
0.242187 0.158424 0.285043 0.314346
0.252829 0.171814 0.267787 0.307569
0.262774 0.189088 0.242396 0.305742
0.245078 0.161265 0.276383 0.317274
0.253766 0.171396 0.270948 0.303890
0.249736 0.168556 0.275904 0.305804
0.244293 0.160749 0.282114 0.312845
0.244258 0.160914 0.282636 0.312192
0.257562 0.178407 0.256721 0.307310
0.253856 0.171461 0.265386 0.309297
0.250608 0.167108 0.274799 0.307485
0.247686 0.165195 0.278145 0.308973
0.243199 0.159109 0.282968 0.314725
0.229918 0.145780 0.289467 0.334836
0.249894 0.169820 0.259608 0.320678
0.253391 0.171022 0.266637 0.308950
0.256846 0.174749 0.264659 0.303746
0.241009 0.156693 0.284553 0.317746
0.240314 0.156241 0.289488 0.313957
0.241897 0.158234 0.283429 0.316440
0.237368 0.156375 0.270593 0.335664
0.250611 0.167145 0.271089 0.311155
0.247825 0.163073 0.275935 0.313168
0.239640 0.154884 0.285816 0.319660
0.259158 0.178561 0.264990 0.297292
0.243811 0.160432 0.282051 0.313706
0.225547 0.143009 0.287156 0.344287
0.242353 0.157566 0.284574 0.315507
0.243825 0.159519 0.275422 0.321234
0.254689 0.171981 0.271294 0.302037
0.254285 0.173782 0.265139 0.306794
0.242898 0.158912 0.282873 0.315317
0.228080 0.144614 0.288602 0.338704
0.236033 0.152553 0.280816 0.330598
0.242292 0.157527 0.277835 0.322345
0.254024 0.173604 0.266276 0.306096
0.251870 0.170116 0.268924 0.309090
0.252074 0.169186 0.271537 0.307204
0.227587 0.144302 0.285655 0.342455
0.230760 0.146314 0.285705 0.337220
0.240983 0.155752 0.280277 0.322988
0.251675 0.169984 0.269668 0.308673
0.249234 0.166192 0.273292 0.311283
0.250663 0.168173 0.277580 0.303584
0.226090 0.143353 0.295314 0.335243
0.232157 0.147199 0.286550 0.334094
0.234990 0.148996 0.286092 0.329921
0.249095 0.166099 0.273751 0.311055
0.255808 0.174042 0.263590 0.306560
0.253975 0.171541 0.272125 0.302359
0.237091 0.155090 0.295856 0.311962
0.233044 0.147762 0.287095 0.332099
0.232859 0.147645 0.283498 0.335998
0.239753 0.157947 0.270239 0.332061
0.247035 0.162553 0.275056 0.315356
0.253410 0.171035 0.271810 0.303746
0.250518 0.170171 0.282308 0.297003
0.245316 0.160470 0.275599 0.318615
0.231990 0.147093 0.289029 0.331888
0.240528 0.157339 0.270221 0.331912
0.244315 0.159839 0.282640 0.313206
0.250502 0.167073 0.275135 0.307290
0.251109 0.170556 0.279500 0.298835
0.239837 0.157817 0.279887 0.322459
0.232759 0.147581 0.289637 0.330023
0.242109 0.159312 0.276115 0.322465
0.240188 0.156159 0.281810 0.321843
0.240995 0.156684 0.279805 0.322517
0.247477 0.166041 0.286795 0.299686
0.238891 0.156291 0.282585 0.322234
0.233564 0.148092 0.289177 0.329167
0.241492 0.157992 0.279186 0.321330
0.239087 0.154526 0.282994 0.323393
0.250325 0.167003 0.269086 0.313586
0.260862 0.184500 0.261073 0.293565
0.236474 0.153744 0.280970 0.328812
0.234069 0.148412 0.288911 0.328608
0.240631 0.156447 0.280880 0.322043
0.233465 0.148029 0.288165 0.330342
0.244210 0.160694 0.271910 0.323185
0.266230 0.198198 0.233830 0.301741
0.236217 0.152671 0.282767 0.328344
0.230439 0.146110 0.290518 0.332932
0.232865 0.150505 0.293731 0.322899
0.233997 0.148366 0.288269 0.329368
0.243178 0.159096 0.274691 0.323035
0.262126 0.191041 0.240120 0.306713
0.231119 0.146541 0.288280 0.334060
0.243373 0.159199 0.279885 0.317543
0.227157 0.144029 0.298252 0.330561
0.246099 0.160983 0.276479 0.316440
0.242069 0.157382 0.277579 0.322969
0.259680 0.184491 0.249620 0.306209
0.252245 0.170331 0.275111 0.302314
0.242968 0.159877 0.275510 0.321645
0.241548 0.158006 0.286567 0.313879
0.243849 0.160457 0.278100 0.317595
0.239438 0.154753 0.285121 0.320688
0.262488 0.187940 0.244142 0.305429
0.254054 0.173625 0.272998 0.299323
0.242148 0.158422 0.277579 0.321851
0.243645 0.160322 0.283805 0.312228
0.242540 0.158678 0.280398 0.318384
0.233364 0.147965 0.290389 0.328283
0.254343 0.173974 0.266788 0.304895
0.250796 0.169390 0.280768 0.299047
0.241167 0.156796 0.280006 0.322031
0.242456 0.158623 0.284883 0.314038
0.241530 0.157032 0.281930 0.319509
0.229984 0.145822 0.291369 0.332825
0.241784 0.158184 0.286235 0.313797
0.247837 0.165260 0.283263 0.303640
0.249690 0.166579 0.274992 0.308739
0.266281 0.190676 0.250665 0.292378
0.237926 0.153776 0.280713 0.327586
0.230967 0.146445 0.291347 0.331240
0.239060 0.155426 0.292294 0.313221
0.244974 0.161386 0.284913 0.308727
0.243184 0.160019 0.277189 0.319608
0.264457 0.191504 0.247267 0.296771
0.232331 0.147310 0.286217 0.334142
0.232170 0.147208 0.290832 0.329790
0.237966 0.153802 0.292216 0.316016
0.255186 0.172317 0.269579 0.302918
0.241030 0.157690 0.283904 0.317376
0.258692 0.180397 0.259316 0.301595
0.239328 0.156554 0.275351 0.328767
0.244862 0.160173 0.279230 0.315735
0.232280 0.147277 0.294957 0.325486
0.256719 0.175446 0.266090 0.301746
0.240007 0.156042 0.285686 0.318265
0.253123 0.173086 0.263555 0.310236
0.241457 0.158883 0.275221 0.324439
0.246200 0.162004 0.277648 0.314148
0.240497 0.157318 0.277791 0.324394
0.259733 0.181230 0.253560 0.305477
0.239033 0.154492 0.286396 0.320078
0.249402 0.167420 0.269713 0.313465
0.241361 0.157906 0.277595 0.323138
0.253901 0.171491 0.272015 0.302592
0.252184 0.171302 0.263698 0.312816
0.258038 0.178669 0.257245 0.306048
0.242816 0.158835 0.276897 0.321452
0.244735 0.160091 0.274947 0.320227
0.239227 0.155534 0.285016 0.320223
0.253115 0.170836 0.272929 0.303120
0.260011 0.182426 0.250769 0.306795
0.252530 0.171685 0.262054 0.313730
0.243284 0.160085 0.281041 0.315589
0.245109 0.161286 0.279536 0.314069
0.238111 0.153896 0.286759 0.321234
0.250287 0.166930 0.275851 0.306932
0.258972 0.180435 0.254809 0.305784
0.241290 0.156876 0.276686 0.325147
0.252594 0.170609 0.270646 0.306151
0.243676 0.159421 0.281711 0.315192
0.239607 0.156736 0.287199 0.316459
0.243139 0.158078 0.282882 0.315901
0.255727 0.174894 0.261993 0.307387
0.240224 0.155261 0.279393 0.325122
0.252378 0.170339 0.270704 0.306579
0.238614 0.155136 0.285202 0.321049
0.241484 0.158901 0.285879 0.313736
0.241413 0.156029 0.284247 0.318311
0.246333 0.163242 0.283573 0.306851
0.230532 0.146169 0.287213 0.336085
0.249705 0.166541 0.274261 0.309493
0.237521 0.153514 0.286633 0.322332
0.241149 0.157768 0.285896 0.315187
0.246892 0.161502 0.277370 0.314236
0.238756 0.154313 0.290481 0.316450
0.231459 0.146757 0.288019 0.333766
0.241377 0.156932 0.286990 0.314702
0.232170 0.147208 0.290832 0.329790
0.250920 0.168411 0.274624 0.306045
0.245580 0.161596 0.273435 0.319390
0.233054 0.147768 0.293409 0.325769
0.231060 0.146504 0.292732 0.329704
0.246462 0.164426 0.271408 0.317704
0.242585 0.158684 0.276634 0.322097
0.244248 0.163869 0.267583 0.324300
0.241927 0.158277 0.273278 0.326518
0.233588 0.148107 0.292348 0.325957
0.229502 0.145516 0.289498 0.335484
0.240568 0.158297 0.272788 0.328347
0.239876 0.157843 0.270517 0.331764
0.255991 0.178592 0.254854 0.310563
0.238655 0.155163 0.273665 0.332517
0.233894 0.148301 0.291742 0.326062
0.230871 0.146384 0.289204 0.333541
0.240453 0.157313 0.275637 0.326597
0.248742 0.168007 0.266488 0.316762
0.257339 0.180431 0.256175 0.306056
0.238091 0.153883 0.276914 0.331112
0.255950 0.172832 0.266068 0.305151
0.242691 0.158754 0.283436 0.315120
0.239950 0.156004 0.278592 0.325454
0.249361 0.168302 0.268881 0.313456
0.254890 0.175505 0.262421 0.307184
0.230564 0.146189 0.280703 0.342544
0.255186 0.174398 0.260916 0.309500
0.244327 0.160771 0.282044 0.312857
0.249585 0.166509 0.268291 0.315615
0.247470 0.165050 0.272745 0.314735
0.245866 0.163946 0.270202 0.319985
0.230303 0.146024 0.286928 0.336745
0.252696 0.170673 0.265623 0.311008
0.253438 0.171179 0.270131 0.305252
0.243569 0.160272 0.284242 0.311917
0.237342 0.154309 0.282771 0.325577
0.239767 0.157956 0.289483 0.312795
0.229891 0.145763 0.292686 0.331661
0.250012 0.166710 0.270600 0.312678
0.249878 0.168651 0.273736 0.307735
0.240695 0.157471 0.291504 0.310329
0.228815 0.147887 0.288430 0.334868
0.240370 0.157235 0.289375 0.313020
0.229420 0.145464 0.296991 0.328124
0.244798 0.161270 0.272436 0.321495
0.244943 0.163365 0.274912 0.316779
0.239640 0.155803 0.291290 0.313267
0.236918 0.154977 0.283928 0.324176
0.242922 0.159847 0.285636 0.311595
0.230623 0.146227 0.295800 0.327349
0.233328 0.147942 0.284068 0.334663
0.249405 0.167394 0.269599 0.313602
0.236290 0.152719 0.287825 0.323166
0.240467 0.158231 0.281823 0.319479
0.242051 0.158358 0.285865 0.313726
0.230027 0.145849 0.298892 0.325232
0.230170 0.145940 0.286762 0.337129
0.249700 0.167527 0.270425 0.312348
0.230753 0.146309 0.291766 0.331171
0.237922 0.155657 0.280298 0.326123
0.239172 0.155499 0.292040 0.313290
0.243223 0.159101 0.287530 0.310146
0.231222 0.146607 0.287724 0.334447
0.241138 0.157761 0.275839 0.325262
0.253912 0.171456 0.267633 0.306999
0.247063 0.165822 0.275987 0.311128
0.263423 0.187466 0.251312 0.297799
0.254953 0.173183 0.271841 0.300024
0.227814 0.144446 0.282057 0.345683
0.249592 0.167520 0.271215 0.311674
0.262686 0.185431 0.249947 0.301935
0.262918 0.188242 0.261984 0.286855
0.261915 0.185964 0.252557 0.299564
0.262271 0.184012 0.257246 0.296471
0.227932 0.144521 0.287899 0.339648
0.248581 0.166776 0.278266 0.306377
0.261389 0.183341 0.253567 0.301703
0.259666 0.183222 0.267334 0.289778
0.257224 0.179374 0.256881 0.306522
0.260569 0.181547 0.259987 0.297897
0.229702 0.145643 0.289195 0.335461
0.237537 0.155405 0.279591 0.327466
0.255383 0.175748 0.264674 0.304194
0.256666 0.177786 0.270634 0.294914
0.251693 0.172108 0.261441 0.314758
0.263865 0.186507 0.251369 0.298259
0.241804 0.158173 0.283319 0.316704
0.234901 0.152722 0.278184 0.334193
0.251316 0.169740 0.271186 0.307758
0.249656 0.169658 0.278164 0.302521
0.254574 0.176575 0.252059 0.316792
0.256535 0.176521 0.259176 0.307769
0.243635 0.160316 0.281847 0.314202
0.233623 0.150995 0.285702 0.329680
0.239642 0.154885 0.283651 0.321822
0.252211 0.171595 0.273934 0.302260
0.241836 0.159132 0.275804 0.323227
0.249516 0.166415 0.269905 0.314164
0.237602 0.155448 0.289918 0.317031
0.238654 0.156113 0.277986 0.327248
0.233831 0.148261 0.288616 0.329292
0.261379 0.183371 0.255929 0.299321
0.236810 0.154929 0.273773 0.334489
0.242837 0.157881 0.278460 0.320823
0.247930 0.166404 0.280321 0.305345
0.248915 0.169082 0.261805 0.320198
0.234235 0.148517 0.288563 0.328685
0.261741 0.184686 0.254854 0.298719
0.235407 0.153051 0.281369 0.330173
0.241340 0.155982 0.280691 0.321987
0.248488 0.166714 0.278815 0.305983
0.245795 0.166946 0.271980 0.315279
0.245170 0.160375 0.282072 0.312383
0.258624 0.179143 0.261368 0.300865
0.233934 0.151196 0.288991 0.325879
0.235226 0.149146 0.286379 0.329249
0.248204 0.167643 0.267895 0.316258
0.242911 0.162978 0.282367 0.311744
0.246252 0.162038 0.280686 0.311025
0.260022 0.182617 0.257380 0.299981
0.227373 0.144166 0.297767 0.330695
0.231508 0.146788 0.288429 0.333274
0.244070 0.164731 0.263915 0.327285
0.249421 0.170719 0.270669 0.309192
0.244829 0.160175 0.281584 0.313412
0.254379 0.173998 0.266842 0.304781
0.241249 0.157810 0.286745 0.314196
0.232187 0.147219 0.288925 0.331669
0.256367 0.182502 0.245545 0.315585
0.239893 0.160947 0.275608 0.323552
0.243139 0.158078 0.282882 0.315901
0.243462 0.159281 0.280012 0.317246
0.240641 0.158346 0.293953 0.307061
0.230814 0.146348 0.285772 0.337066
0.254724 0.178597 0.253572 0.313107
0.230865 0.151040 0.284501 0.333593
0.241413 0.156029 0.284247 0.318311
0.242134 0.157424 0.281711 0.318731
0.250643 0.169291 0.283311 0.296756
0.231927 0.147054 0.286267 0.334752
0.252919 0.174148 0.260393 0.312540
0.251716 0.174497 0.269803 0.303984
0.246892 0.161502 0.277370 0.314236
0.238322 0.154032 0.280608 0.327038
0.259614 0.180992 0.268087 0.291307
0.232902 0.147672 0.286920 0.332505
0.244462 0.163009 0.281798 0.310730
0.260854 0.187869 0.255205 0.296072
0.247825 0.163073 0.275935 0.313168
0.238804 0.156211 0.274748 0.330237
0.264989 0.189663 0.254718 0.290631
0.241861 0.158211 0.278265 0.321663
0.238950 0.157418 0.295517 0.308115
0.256460 0.179885 0.268597 0.295058
0.243825 0.159519 0.275422 0.321234
0.241098 0.158647 0.274812 0.325443
0.260016 0.181162 0.263229 0.295593
0.241281 0.158767 0.275020 0.324931
0.238476 0.155996 0.297880 0.307648
0.257942 0.183479 0.270506 0.288074
0.242292 0.157527 0.277835 0.322345
0.236643 0.154820 0.272169 0.336368
0.268290 0.196059 0.238753 0.296899
0.237345 0.155279 0.279564 0.327811
0.241102 0.158649 0.293504 0.306745
0.262396 0.190294 0.267279 0.280031
0.240983 0.155752 0.280277 0.322988
0.236643 0.153854 0.275323 0.334180
0.261159 0.186709 0.244020 0.308112
0.237098 0.154150 0.282222 0.326530
0.238162 0.155814 0.289301 0.316723
0.261907 0.187457 0.265051 0.285585
0.232625 0.147496 0.283213 0.336666
0.235279 0.152065 0.283645 0.329011
0.255071 0.175630 0.257462 0.311837
0.234579 0.151613 0.281059 0.332749
0.257637 0.178602 0.265450 0.298311
0.257177 0.179184 0.270585 0.293054
0.230972 0.146448 0.281200 0.341380
0.239528 0.156685 0.288508 0.315279
0.248666 0.165813 0.269143 0.316377
0.240351 0.157223 0.280703 0.321723
0.266631 0.198497 0.232584 0.302289
0.259616 0.183504 0.259035 0.297846
0.230657 0.146248 0.287368 0.335727
0.239263 0.157439 0.284218 0.319080
0.246050 0.162095 0.273829 0.318026
0.241291 0.158773 0.285281 0.314656
0.261884 0.197377 0.221234 0.319505
0.266938 0.196226 0.244697 0.292139
0.231794 0.146969 0.288436 0.332800
0.236267 0.154574 0.294070 0.315089
0.232128 0.147181 0.282607 0.338084
0.250196 0.168989 0.280078 0.300736
0.261151 0.192752 0.230269 0.315828
0.268326 0.199644 0.238365 0.293666
0.228168 0.144670 0.282495 0.344666
0.235812 0.153314 0.294769 0.316105
0.229913 0.145777 0.292765 0.331545
0.247922 0.167331 0.276743 0.308004
0.257350 0.183919 0.247696 0.311035
0.264595 0.190375 0.249590 0.295440
0.228168 0.144670 0.288197 0.338964
0.244780 0.163303 0.280668 0.311249
0.230822 0.146353 0.293461 0.329364
0.244629 0.163156 0.284150 0.308065
0.245280 0.165663 0.264673 0.324385
0.260867 0.182960 0.258027 0.298146
0.228211 0.144698 0.293971 0.333120
0.259615 0.182134 0.257690 0.300561
0.232084 0.147153 0.292187 0.328576
0.249195 0.167254 0.278723 0.304828
0.231185 0.149419 0.280157 0.339240
0.252326 0.170422 0.275989 0.301264
0.241928 0.158255 0.283331 0.316486
0.260030 0.183480 0.262979 0.293511
0.232856 0.147643 0.291432 0.328069
0.258237 0.178941 0.264506 0.298316
0.222192 0.140881 0.298816 0.338111
0.250815 0.167329 0.276201 0.305656
0.244009 0.160562 0.280830 0.314599
0.268523 0.198799 0.239896 0.292782
0.231708 0.146915 0.295777 0.325600
0.261436 0.183426 0.256426 0.298712
0.224494 0.142341 0.299594 0.333571
0.246611 0.162274 0.279640 0.311475
0.240234 0.157170 0.292214 0.310382
0.265183 0.194490 0.241558 0.298769
0.254746 0.172019 0.271467 0.301768
0.257374 0.179321 0.263379 0.299925
0.237863 0.155595 0.293241 0.313300
0.245067 0.160331 0.280925 0.313676
0.250009 0.167800 0.282038 0.300153
0.258945 0.181745 0.262255 0.297055
0.256439 0.175254 0.267385 0.300922
0.261360 0.184737 0.255580 0.298324
0.238916 0.157211 0.295344 0.308528
0.243296 0.158180 0.282477 0.316048
0.256879 0.178000 0.264779 0.300342
0.247693 0.165164 0.278159 0.308983
0.253766 0.171396 0.270948 0.303890
0.256446 0.176460 0.264260 0.302833
0.248202 0.167642 0.289720 0.294436
0.252221 0.168267 0.271123 0.308389
0.252362 0.171407 0.270283 0.305948
0.252722 0.171943 0.265563 0.309773
0.248385 0.165626 0.272361 0.313628
0.247243 0.164899 0.271556 0.316301
0.270357 0.201242 0.247895 0.280506
0.247825 0.163073 0.275935 0.313168
0.250000 0.167734 0.274088 0.308179
0.244149 0.160654 0.275923 0.319274
0.254965 0.173469 0.262722 0.308844
0.238315 0.154941 0.276694 0.330050
0.267806 0.200248 0.243383 0.288562
0.246090 0.161000 0.277980 0.314930
0.263405 0.186298 0.249215 0.301082
0.239680 0.156807 0.280809 0.322705
0.246459 0.162174 0.274414 0.316954
0.247433 0.165073 0.272507 0.314986
0.265339 0.196257 0.239924 0.298481
0.241913 0.157280 0.277400 0.323407
0.260309 0.181419 0.255682 0.302590
0.247244 0.165944 0.268663 0.318150
0.245077 0.160338 0.276836 0.317748
0.243871 0.160471 0.277972 0.317687
0.267010 0.199928 0.232351 0.300711
0.238138 0.153913 0.276967 0.330982
0.253190 0.171007 0.272761 0.303042
0.247829 0.166272 0.269336 0.316564
0.243422 0.158262 0.279131 0.319185
0.243046 0.159009 0.279533 0.318413
0.265223 0.197427 0.229562 0.307788
0.232729 0.147562 0.283339 0.336370
0.247688 0.165160 0.274580 0.312572
0.240830 0.157559 0.282745 0.318866
0.238101 0.153889 0.283529 0.324482
0.238102 0.154803 0.283677 0.323418
0.257319 0.179282 0.253182 0.310216
0.233657 0.148151 0.284469 0.333723
0.244935 0.161361 0.277610 0.316094
0.239778 0.155893 0.284819 0.319510
0.232187 0.147219 0.288925 0.331669
0.230970 0.149280 0.284756 0.334995
0.251748 0.172173 0.264403 0.311676
0.234256 0.148530 0.285198 0.332017
0.233465 0.148029 0.288165 0.330342
0.246448 0.164416 0.276617 0.312519
0.230814 0.146348 0.285772 0.337066
0.238757 0.156180 0.279617 0.325446
0.241172 0.159822 0.277732 0.321273
0.230767 0.146318 0.287505 0.335410
0.231616 0.146856 0.285335 0.336193
0.236798 0.155817 0.280561 0.326823
0.229555 0.145549 0.283338 0.341558
0.241833 0.159130 0.278326 0.320710
0.235151 0.151982 0.284700 0.328166
0.227619 0.144322 0.289794 0.338265
0.244197 0.159739 0.274342 0.321723
0.230369 0.150716 0.274531 0.344383
0.228636 0.144967 0.281664 0.344733
0.241387 0.157924 0.280201 0.320488
0.226402 0.143551 0.290775 0.339273
0.226949 0.143898 0.287172 0.341981
0.244755 0.161053 0.279133 0.315058
0.242387 0.162684 0.266141 0.328787
0.240868 0.157561 0.277122 0.324450
0.249878 0.167712 0.275225 0.307185
0.228228 0.144708 0.291262 0.335802
0.229126 0.145278 0.287586 0.338010
0.243443 0.159269 0.281442 0.315846
0.242233 0.162517 0.265811 0.329439
0.240807 0.158455 0.274480 0.326258
0.257187 0.178213 0.274297 0.290303
0.238340 0.155907 0.282863 0.322890
0.230757 0.146312 0.288193 0.334738
0.237597 0.154475 0.277339 0.330589
0.246570 0.166540 0.267801 0.319089
0.239262 0.156533 0.281822 0.322383
0.252049 0.171195 0.280017 0.296739
0.250052 0.169854 0.275336 0.304759
0.242422 0.158578 0.282542 0.316458
0.235464 0.152184 0.284439 0.327913
0.254651 0.177532 0.268315 0.299502
0.234845 0.152685 0.286209 0.326261
0.249664 0.167509 0.281011 0.301816
0.250576 0.170194 0.275293 0.303937
0.253164 0.171968 0.274327 0.300541
0.228008 0.144569 0.287063 0.340360
0.248418 0.172045 0.285303 0.294234
0.233076 0.150641 0.292366 0.323916
0.244535 0.162051 0.280288 0.313127
0.256858 0.178025 0.270611 0.294506
0.251968 0.171140 0.279975 0.296917
0.239441 0.156628 0.273952 0.329979
0.241478 0.162017 0.291689 0.304816
0.240643 0.157414 0.286024 0.315920
0.246487 0.164442 0.272254 0.316817
0.253054 0.174126 0.270052 0.302768
0.247052 0.165756 0.279517 0.307676
0.242025 0.159257 0.273523 0.325195
0.238942 0.158344 0.296173 0.306540
0.241640 0.159003 0.288492 0.310866
0.257995 0.180997 0.247409 0.313600
0.254782 0.175519 0.271074 0.298625
0.244666 0.162138 0.281321 0.311875
0.239085 0.156418 0.286585 0.317913
0.242252 0.161617 0.286957 0.309175
0.251439 0.169828 0.277401 0.301331
0.258959 0.182724 0.247946 0.310372
0.256671 0.178940 0.261725 0.302664
0.246907 0.164722 0.273152 0.315219
0.249057 0.167161 0.277271 0.306512
0.258396 0.181278 0.264660 0.295666
0.255139 0.177872 0.264755 0.302233
0.256747 0.177842 0.255908 0.309504
0.253486 0.175555 0.261226 0.309734
0.250848 0.170395 0.262301 0.316456
0.245933 0.165000 0.279140 0.309928
0.269890 0.210286 0.224470 0.295354
0.258998 0.185375 0.251201 0.304425
0.252802 0.171796 0.269201 0.306201
0.253802 0.175907 0.255531 0.314759
0.256602 0.180035 0.247482 0.315881
0.235830 0.154288 0.287524 0.322358
0.269638 0.209493 0.227713 0.293156
0.255155 0.177775 0.259755 0.307315
0.243864 0.160655 0.284559 0.310921
0.250340 0.172258 0.262915 0.314487
0.255792 0.178219 0.258094 0.307895
0.235717 0.153252 0.288627 0.322403
0.269904 0.208797 0.224616 0.296683
0.260017 0.183788 0.251944 0.304251
0.227940 0.144525 0.295074 0.332461
0.251136 0.173007 0.258350 0.317507
0.248699 0.170087 0.261210 0.320003
0.256218 0.176535 0.264969 0.302278
0.265359 0.195678 0.245321 0.293643
0.255423 0.175757 0.261615 0.307205
0.227004 0.143932 0.291158 0.337906
0.246767 0.166552 0.271272 0.315410
0.238896 0.158313 0.273711 0.329080
0.254093 0.173651 0.267604 0.304653
0.255645 0.177104 0.265254 0.301997
0.256312 0.176573 0.270019 0.297096
0.226617 0.143687 0.287766 0.341931
0.243974 0.162719 0.281173 0.312134
0.229639 0.148420 0.283686 0.338255
0.259547 0.181101 0.263582 0.295771
0.249753 0.167628 0.276646 0.305973
0.245511 0.165704 0.277921 0.310863
0.240661 0.157425 0.277981 0.323933
0.233849 0.152038 0.289444 0.324668
0.219381 0.139099 0.287301 0.354219
0.264486 0.189274 0.258783 0.287457
0.243184 0.163155 0.269796 0.323865
0.239115 0.159479 0.274997 0.326409
0.252707 0.171658 0.264245 0.311390
0.243949 0.162749 0.284814 0.308487
0.235096 0.153785 0.279431 0.331688
0.259749 0.183408 0.260874 0.295969
0.237523 0.155396 0.276614 0.330467
0.231762 0.150681 0.278508 0.339049
0.260070 0.182468 0.257223 0.300239
0.236977 0.155935 0.289506 0.317583
0.233774 0.153827 0.285565 0.326834
0.246775 0.165570 0.272567 0.315089
0.247272 0.165963 0.272958 0.313807
0.232695 0.150395 0.281502 0.335409
0.256017 0.178375 0.264998 0.300610
0.248024 0.167522 0.278933 0.305521
0.241698 0.163249 0.279956 0.315097
0.244599 0.162093 0.276140 0.317169
0.247741 0.166213 0.274231 0.311815
0.250213 0.168959 0.263734 0.317093
0.249463 0.170610 0.273893 0.306033
0.255428 0.178073 0.262763 0.303736
0.251866 0.175590 0.273676 0.298869
0.249055 0.166155 0.271304 0.313487
0.251833 0.170095 0.268420 0.309652
0.259486 0.183172 0.259552 0.297790
0.237984 0.157709 0.276620 0.327687
0.259284 0.185580 0.255019 0.300117
0.258419 0.184961 0.274185 0.282435
0.254708 0.173017 0.262704 0.309571
0.246535 0.166395 0.282817 0.304253
0.256943 0.180223 0.275793 0.287040
0.232712 0.150406 0.282813 0.334069
0.259611 0.186951 0.248284 0.305154
0.253523 0.176638 0.279912 0.289927
0.251575 0.170873 0.267521 0.310031
0.243738 0.162562 0.286650 0.307050
0.249935 0.172000 0.283255 0.294810
0.240468 0.157300 0.277759 0.324473
0.261894 0.192363 0.243287 0.302457
0.263704 0.192708 0.260267 0.283322
0.245750 0.164883 0.275321 0.314046
0.248909 0.167061 0.279549 0.304481
0.244348 0.165034 0.282532 0.308086
0.251705 0.170977 0.269781 0.307538
0.257922 0.183211 0.255083 0.303785
0.265908 0.196557 0.258425 0.279111
0.243597 0.161429 0.278950 0.316025
0.249109 0.167131 0.278382 0.305378
0.230817 0.149181 0.288142 0.331859
0.257213 0.180463 0.261083 0.301241
0.248819 0.170169 0.270139 0.310873
0.267112 0.197546 0.253087 0.282255
0.237507 0.153505 0.285164 0.323824
0.242456 0.158623 0.284883 0.314038
0.247089 0.166849 0.268477 0.317585
0.254615 0.177399 0.275570 0.292416
0.250967 0.171777 0.272705 0.304551
0.270959 0.207169 0.232623 0.289249
0.232083 0.147152 0.289849 0.330916
0.262348 0.187860 0.246962 0.302829
0.263042 0.191859 0.237599 0.307500
0.249005 0.170297 0.277689 0.303009
0.245516 0.164720 0.283762 0.306003
0.269560 0.202847 0.237626 0.289967
0.243437 0.159241 0.283725 0.313598
0.262813 0.190314 0.245730 0.301143
0.265434 0.200052 0.230194 0.304320
0.239948 0.159011 0.280972 0.320069
0.249105 0.168252 0.283295 0.299347
0.265568 0.193907 0.247874 0.292652
0.253986 0.172526 0.275217 0.298270
0.257836 0.179800 0.258457 0.303907
0.264633 0.195322 0.246172 0.293873
0.238988 0.159439 0.268554 0.333019
0.247013 0.166718 0.279361 0.306909
0.265906 0.194056 0.244836 0.295203
0.253573 0.172230 0.274905 0.299292
0.252427 0.172610 0.262831 0.312132
0.260717 0.186325 0.263118 0.289839
0.245694 0.166893 0.267160 0.320253
0.253844 0.174873 0.274534 0.296750
0.259292 0.183086 0.253734 0.303887
0.250915 0.168348 0.277140 0.303598
0.248841 0.167043 0.269106 0.315011
0.245939 0.166109 0.281550 0.306402
0.261437 0.189546 0.241915 0.307101
0.256021 0.178487 0.264781 0.300710
0.249140 0.167157 0.270033 0.313669
0.247890 0.164274 0.279855 0.307982
0.242001 0.158302 0.284850 0.314847
0.234239 0.151393 0.291109 0.323259
0.257893 0.186698 0.246557 0.308852
0.260001 0.186093 0.250156 0.303749
0.246735 0.163508 0.274399 0.315359
0.251466 0.167764 0.273931 0.306840
0.243540 0.160254 0.284113 0.312093
0.240243 0.157152 0.289390 0.313214
0.252466 0.178254 0.259353 0.309927
0.262140 0.188771 0.244732 0.304357
0.247460 0.165091 0.272536 0.314912
0.256568 0.174280 0.264621 0.304531
0.242712 0.158791 0.284220 0.314278
0.252710 0.171659 0.275221 0.300410
0.242688 0.164923 0.286509 0.305880
0.258565 0.183667 0.254936 0.302832
0.243560 0.160266 0.277617 0.318556
0.253734 0.172339 0.263242 0.310685
0.240004 0.156040 0.290181 0.313775
0.260848 0.183013 0.260511 0.295628
0.246886 0.167973 0.283677 0.301464
0.255396 0.180521 0.249748 0.314335
0.239259 0.156532 0.281819 0.322390
0.246773 0.165569 0.263373 0.324285
0.238544 0.154175 0.290967 0.316313
0.265658 0.191305 0.254497 0.288540
0.239241 0.157425 0.288969 0.314365
0.248381 0.170910 0.262430 0.318279
0.238454 0.155032 0.283836 0.322678
0.244574 0.162077 0.268519 0.324831
0.255010 0.172198 0.270340 0.302452
0.263126 0.186907 0.259553 0.290414
0.245034 0.165503 0.285941 0.303522
0.241477 0.161054 0.278296 0.319174
0.237919 0.153771 0.285061 0.323249
0.236361 0.152765 0.274902 0.335972
0.254459 0.173901 0.264367 0.307273
0.261309 0.184701 0.254163 0.299828
0.253989 0.177070 0.280021 0.288919
0.236033 0.153458 0.285349 0.325160
0.240741 0.157478 0.281159 0.320622
0.224795 0.142532 0.273680 0.358994
0.251997 0.170201 0.268440 0.309361
0.256101 0.176223 0.262941 0.304735
0.269357 0.205999 0.237883 0.286760
0.245823 0.163999 0.280229 0.309948
0.242647 0.159666 0.280104 0.317584
0.225623 0.143057 0.281098 0.350222
0.258047 0.177742 0.258952 0.305260
0.249266 0.166248 0.273168 0.311317
0.265483 0.199712 0.239645 0.295160
0.239449 0.157562 0.293927 0.309062
0.251400 0.169802 0.274615 0.304183
0.224986 0.142653 0.292683 0.339678
0.256385 0.175371 0.262335 0.305909
0.252692 0.169600 0.267971 0.309737
0.260793 0.190079 0.246913 0.302215
0.246260 0.166330 0.286235 0.301175
0.251161 0.169517 0.275065 0.304257
0.227110 0.144000 0.293575 0.335315
0.243035 0.159002 0.274530 0.323433
0.252158 0.169176 0.268902 0.309764
0.263945 0.196699 0.236826 0.302530
0.254136 0.177173 0.269935 0.298757
0.248663 0.165846 0.277625 0.307866
0.227458 0.144220 0.296997 0.331325
0.240438 0.156321 0.282325 0.320916
0.242019 0.158337 0.279984 0.319660
0.265250 0.198733 0.233179 0.302838
0.253605 0.175637 0.270016 0.300743
0.249134 0.167212 0.275013 0.308641
0.221251 0.140285 0.305073 0.333391
0.236903 0.153115 0.281851 0.328131
0.236081 0.153489 0.276991 0.333439
0.257344 0.180505 0.261335 0.300815
0.256350 0.177673 0.265588 0.300389
0.248861 0.166964 0.275471 0.308705
0.236035 0.154399 0.296656 0.312910
0.231661 0.146885 0.286820 0.334635
0.235863 0.152442 0.279178 0.332517
0.253492 0.174447 0.273761 0.298300
0.266983 0.196259 0.238455 0.298303
0.250690 0.169322 0.267201 0.312786
0.259114 0.181782 0.269080 0.290023
0.232737 0.147567 0.287266 0.332430
0.231198 0.146592 0.285367 0.336843
0.244154 0.164902 0.278847 0.312096
0.268788 0.199987 0.238388 0.292837
0.250678 0.169191 0.267933 0.312198
0.257848 0.181940 0.263477 0.296735
0.231877 0.147022 0.292331 0.328769
0.232323 0.147305 0.286207 0.334165
0.242830 0.162002 0.283508 0.311660
0.264848 0.190557 0.257744 0.286852
0.248475 0.165721 0.272301 0.313503
0.262058 0.187634 0.254603 0.295706
0.244501 0.159938 0.281183 0.314379
0.243600 0.159348 0.280265 0.316787
0.240076 0.157974 0.286370 0.315579
0.258447 0.181263 0.263298 0.296992
0.249060 0.167163 0.270637 0.313140
0.271305 0.211735 0.221331 0.295629
0.244803 0.161085 0.284328 0.309784
0.242541 0.159596 0.289654 0.308209
0.250501 0.169195 0.274925 0.305379
0.250696 0.169321 0.273309 0.306674
0.248886 0.166981 0.271910 0.312223
0.270225 0.206039 0.231469 0.292267
0.238823 0.156246 0.280164 0.324768
0.241255 0.157837 0.290521 0.310388
0.258967 0.180541 0.261049 0.299443
0.236585 0.152909 0.282567 0.327939
0.241582 0.158052 0.284555 0.315811
0.263969 0.188768 0.252074 0.295188
0.238142 0.154829 0.281422 0.325607
0.237994 0.154733 0.286865 0.320408
0.264000 0.188955 0.261672 0.285373
0.243096 0.159018 0.276642 0.321243
0.240370 0.156278 0.286118 0.317234
0.259391 0.180725 0.266710 0.293174
0.248597 0.165850 0.271402 0.314151
0.232584 0.150323 0.281819 0.335275
0.265453 0.191157 0.256953 0.286437
0.254377 0.172792 0.262361 0.310470
0.239272 0.154646 0.286682 0.319400
0.250851 0.168392 0.277897 0.302860
0.244968 0.161193 0.276259 0.317579
0.239895 0.156924 0.276694 0.326487
0.263081 0.186875 0.259828 0.290217
0.247291 0.167963 0.262966 0.321780
0.244069 0.159655 0.285046 0.311230
0.245652 0.160691 0.281059 0.312599
0.253597 0.171286 0.265115 0.310002
0.259499 0.182053 0.248852 0.309596
0.255810 0.174950 0.270627 0.298613
0.245165 0.164490 0.268060 0.322286
0.243051 0.159932 0.280572 0.316445
0.246841 0.162425 0.278964 0.311770
0.249287 0.168253 0.275288 0.307172
0.258236 0.182214 0.247254 0.312296
0.247998 0.164345 0.279536 0.308121
0.242727 0.160853 0.278101 0.318318
0.250179 0.168977 0.266657 0.314187
0.245219 0.160431 0.280507 0.313843
0.244181 0.162857 0.277039 0.315923
0.255390 0.176902 0.261018 0.306690
0.258017 0.177775 0.257183 0.307026
0.236531 0.152874 0.285438 0.325156
0.250331 0.168957 0.267562 0.313151
0.253727 0.170295 0.269069 0.306910
0.238228 0.154885 0.283054 0.323833
0.245828 0.167057 0.274730 0.312386
0.251277 0.171727 0.256919 0.320077
0.226662 0.143716 0.283933 0.345690
0.248243 0.165566 0.272047 0.314144
0.250776 0.168249 0.267428 0.313547
0.237747 0.153660 0.284598 0.323995
0.238531 0.157141 0.283223 0.321105
0.247308 0.167034 0.259959 0.325699
0.234112 0.153142 0.285740 0.327005
0.249692 0.167587 0.264789 0.317932
0.244186 0.159755 0.275830 0.320228
0.229791 0.145699 0.286624 0.337886
0.228460 0.144855 0.291553 0.335132
0.245761 0.163876 0.265999 0.324364
0.237079 0.156002 0.286442 0.320477
0.248784 0.166913 0.271864 0.312439
0.242837 0.157881 0.278460 0.320823
0.249781 0.168667 0.266066 0.315487
0.228389 0.144810 0.295945 0.330855
0.241661 0.159203 0.268944 0.330192
0.248514 0.167852 0.275340 0.308294
0.236633 0.154814 0.280137 0.328417
0.241340 0.155982 0.280691 0.321987
0.251514 0.171888 0.270242 0.306356
0.239457 0.156638 0.282664 0.321241
0.229599 0.145578 0.286051 0.338772
0.249101 0.168127 0.274831 0.307940
0.236310 0.153638 0.282216 0.327836
0.235226 0.149146 0.286379 0.329249
0.249727 0.168668 0.274191 0.307414
0.258944 0.181663 0.266468 0.292925
0.222970 0.141375 0.290061 0.345594
0.239750 0.159902 0.283397 0.316951
0.229764 0.148500 0.275868 0.345869
0.233901 0.148305 0.291410 0.326384
0.247455 0.165005 0.277070 0.310470
0.259501 0.183106 0.266132 0.291260
0.223566 0.141753 0.295585 0.339096
0.261210 0.187045 0.259542 0.292202
0.221747 0.140599 0.283408 0.354246
0.234098 0.148430 0.291303 0.326168
0.243528 0.160434 0.285405 0.310632
0.256573 0.177722 0.269844 0.295860
0.223974 0.142011 0.292049 0.341967
0.262733 0.190256 0.256456 0.290556
0.234608 0.153466 0.273273 0.338652
0.234539 0.148710 0.290383 0.326368
0.242431 0.158584 0.289168 0.309817
0.261021 0.183319 0.260614 0.295046
0.222425 0.141029 0.292994 0.343551
0.254906 0.177757 0.264131 0.303206
0.246373 0.167355 0.271996 0.314276
0.234807 0.148879 0.289821 0.326493
0.254341 0.172768 0.274234 0.298657
0.254677 0.174202 0.274712 0.296409
0.237327 0.155245 0.284302 0.323126
0.249493 0.170604 0.267033 0.312870
