0.238342 0.183992 0.283054 0.294612
0.245640 0.196302 0.265357 0.292702
0.248009 0.200700 0.260142 0.291148
0.242545 0.191634 0.271871 0.293949
0.242796 0.190527 0.269949 0.296728
0.240885 0.188087 0.277925 0.293103
0.239279 0.184372 0.281152 0.295198
0.243763 0.193806 0.271447 0.290984
0.246315 0.197457 0.263039 0.293188
0.243740 0.190978 0.267442 0.297840
0.242353 0.190816 0.272859 0.293972
0.240416 0.185864 0.278949 0.294772
0.239269 0.184712 0.280914 0.295105
0.244761 0.194027 0.272193 0.289018
0.245500 0.196869 0.264898 0.292732
0.242269 0.192049 0.272193 0.293489
0.238540 0.183569 0.280953 0.296938
0.239655 0.185586 0.279252 0.295507
0.237011 0.180887 0.287431 0.294671
0.243053 0.193249 0.271713 0.291985
0.241696 0.188761 0.274929 0.294614
0.238824 0.185022 0.278752 0.297402
0.236729 0.180083 0.285582 0.297606
0.239891 0.185458 0.276909 0.297742
0.242818 0.187378 0.273640 0.296164
0.240272 0.187692 0.277783 0.294253
0.239769 0.185442 0.278567 0.296222
0.236869 0.182292 0.282700 0.298139
0.236614 0.179437 0.284821 0.299128
0.241027 0.187508 0.272195 0.299269
0.245095 0.196229 0.269379 0.289297
0.241626 0.187734 0.273672 0.296968
0.236582 0.179413 0.286330 0.297675
0.236868 0.181137 0.283875 0.298121
0.235657 0.178003 0.287199 0.299141
0.240878 0.188709 0.273552 0.296861
0.241764 0.190174 0.274588 0.293474
0.246040 0.196976 0.262953 0.294031
0.235194 0.176890 0.289686 0.298230
0.238963 0.182239 0.278638 0.300160
0.237274 0.181657 0.282066 0.299003
0.238778 0.184328 0.278259 0.298635
0.242109 0.189425 0.274371 0.294094
0.245673 0.197308 0.263721 0.293298
0.235207 0.176900 0.289702 0.298191
0.242567 0.192596 0.271639 0.293198
0.236390 0.180413 0.285539 0.297658
0.238154 0.182668 0.281552 0.297626
0.241565 0.189636 0.274249 0.294550
0.243155 0.192766 0.272215 0.291863
0.235513 0.177130 0.288712 0.298645
0.243253 0.192268 0.273753 0.290726
0.236394 0.179828 0.286169 0.297609
0.235933 0.178921 0.287642 0.297504
0.240781 0.185478 0.275713 0.298028
0.240559 0.188205 0.277428 0.293808
0.234875 0.176650 0.290544 0.297930
0.241897 0.191752 0.279556 0.286795
0.239722 0.183470 0.279008 0.297800
0.235074 0.177563 0.288645 0.298717
0.243376 0.191912 0.269044 0.295668
0.237961 0.182801 0.282650 0.296587
0.235006 0.176748 0.290531 0.297715
0.243855 0.192726 0.274264 0.289154
0.241061 0.187927 0.277921 0.293091
0.236673 0.181197 0.286049 0.296081
0.241199 0.188415 0.277350 0.293036
0.237108 0.181530 0.285139 0.296224
0.235054 0.176785 0.290550 0.297611
0.244884 0.194992 0.272101 0.288023
0.241015 0.187589 0.279364 0.292031
0.237417 0.182010 0.285076 0.295496
0.239139 0.184039 0.281825 0.294997
0.240532 0.185286 0.276868 0.297314
0.235071 0.176797 0.290561 0.297570
0.248542 0.203340 0.262886 0.285233
0.241010 0.188817 0.279985 0.290188
0.242329 0.189448 0.273596 0.294627
0.237367 0.181519 0.285947 0.295167
0.244125 0.193415 0.267853 0.294608
0.237168 0.179145 0.284964 0.298723
0.251064 0.209663 0.250068 0.289205
0.240983 0.187887 0.278783 0.292347
0.247462 0.199391 0.261958 0.291189
0.234390 0.176286 0.291889 0.297435
0.245531 0.196215 0.267772 0.290482
0.238306 0.182447 0.283464 0.295783
0.251221 0.213640 0.247886 0.287253
0.242874 0.189875 0.273609 0.293643
0.246612 0.201340 0.262891 0.289158
0.237939 0.180562 0.282410 0.299089
0.243407 0.193524 0.274509 0.288560
0.237726 0.181433 0.284717 0.296124
0.250196 0.206877 0.254346 0.288581
0.247735 0.199611 0.260114 0.292539
0.247318 0.202264 0.262998 0.287421
0.240595 0.187563 0.274914 0.296927
0.241492 0.189535 0.278498 0.290475
0.236884 0.180200 0.285768 0.297148
0.248106 0.204599 0.255962 0.291332
0.247881 0.202376 0.257873 0.291871
0.244676 0.197748 0.268901 0.288675
0.241664 0.188094 0.272787 0.297455
0.239915 0.184863 0.281605 0.293617
0.236442 0.179307 0.287202 0.297048
0.245027 0.198131 0.262634 0.294208
0.247109 0.201060 0.260523 0.291309
0.242016 0.190869 0.273168 0.293947
0.241884 0.189502 0.273801 0.294813
0.242410 0.188911 0.275267 0.293412
0.236812 0.178876 0.285820 0.298492
0.239885 0.187347 0.276711 0.296057
0.243628 0.193419 0.271525 0.291428
0.245637 0.194694 0.265459 0.294210
0.240009 0.186250 0.278535 0.295206
0.246520 0.196952 0.263729 0.292798
0.238353 0.182483 0.282082 0.297081
0.240240 0.186680 0.275150 0.297931
0.239331 0.185104 0.280380 0.295185
0.246851 0.201558 0.263420 0.288170
0.236539 0.179937 0.286592 0.296932
0.246684 0.200391 0.260581 0.292344
0.237809 0.181496 0.282433 0.298261
0.240962 0.186870 0.274646 0.297522
0.238274 0.181498 0.282586 0.297642
0.247057 0.201124 0.262399 0.289420
0.235451 0.178555 0.289490 0.296503
0.244231 0.195204 0.266667 0.293898
0.236952 0.180252 0.286129 0.296668
0.240114 0.186555 0.280367 0.292964
0.237432 0.181778 0.283478 0.297312
0.246235 0.199690 0.266195 0.287881
0.235418 0.177823 0.287569 0.299190
0.243285 0.191260 0.269942 0.295513
0.236471 0.179328 0.287328 0.296873
0.240367 0.186415 0.282006 0.291211
0.238558 0.182885 0.280185 0.298372
0.244215 0.194227 0.273830 0.287728
0.238732 0.183588 0.278228 0.299451
0.240410 0.187153 0.276709 0.295728
0.235069 0.176796 0.290567 0.297568
0.240379 0.187692 0.281374 0.290555
0.239893 0.185770 0.277391 0.296945
0.245431 0.194530 0.268858 0.291181
0.241135 0.188215 0.273206 0.297444
0.237349 0.181145 0.283062 0.298445
0.235403 0.177048 0.289606 0.297943
0.239488 0.185147 0.284325 0.291039
0.238535 0.183565 0.282240 0.295660
0.246255 0.200078 0.265821 0.287846
0.243143 0.191990 0.269894 0.294973
0.236878 0.180196 0.285856 0.297071
0.236768 0.178842 0.287169 0.297221
0.244314 0.191993 0.271491 0.292202
0.239048 0.182659 0.280475 0.297818
0.245081 0.195960 0.268748 0.290211
0.243210 0.192717 0.271205 0.292868
0.235992 0.178965 0.289089 0.295954
0.238333 0.182468 0.283270 0.295929
0.249228 0.204562 0.255021 0.291190
0.239499 0.184889 0.281721 0.293891
0.247346 0.199705 0.261497 0.291452
0.240487 0.187185 0.280082 0.292246
0.236429 0.178586 0.286405 0.298580
0.237755 0.181455 0.284669 0.296122
0.249867 0.207140 0.251897 0.291096
0.236622 0.180590 0.287002 0.295786
0.248588 0.202669 0.257786 0.290957
0.239161 0.184281 0.283934 0.292624
0.238024 0.182231 0.284118 0.295627
0.237149 0.180402 0.286053 0.296396
0.249709 0.206617 0.254570 0.289104
0.237778 0.181689 0.283740 0.296793
0.245763 0.197024 0.266396 0.290816
0.240260 0.186325 0.282158 0.291258
0.238888 0.183138 0.283219 0.294755
0.238127 0.181386 0.282444 0.298044
0.246816 0.201117 0.259920 0.292147
0.238909 0.184434 0.281403 0.295255
0.244697 0.196148 0.267283 0.291873
0.241616 0.188590 0.278257 0.291536
0.241540 0.187908 0.276396 0.294156
0.238021 0.182229 0.281689 0.298060
0.241754 0.189740 0.275350 0.293156
0.240451 0.185224 0.276532 0.297793
0.241448 0.189500 0.274617 0.294435
0.245021 0.194453 0.268220 0.292305
0.242123 0.189684 0.274716 0.293477
0.237572 0.181315 0.283352 0.297761
0.237001 0.181783 0.282273 0.298943
0.244042 0.193349 0.264790 0.297819
0.237672 0.182298 0.283005 0.297025
0.248778 0.202791 0.256062 0.292369
0.240854 0.186792 0.277780 0.294574
0.236781 0.180122 0.284562 0.298536
0.237253 0.180720 0.282567 0.299461
0.243616 0.193738 0.269620 0.293027
0.239927 0.183627 0.277564 0.298883
0.248278 0.204385 0.254793 0.292544
0.242374 0.190143 0.271737 0.295747
0.236669 0.179479 0.285162 0.298691
0.237891 0.182129 0.280244 0.299735
0.240688 0.187974 0.278034 0.293305
0.240668 0.187621 0.274515 0.297197
0.246097 0.200236 0.260035 0.293633
0.240938 0.188755 0.273187 0.297120
0.235254 0.176935 0.289630 0.298180
0.238111 0.182542 0.281419 0.297927
0.239496 0.185231 0.280769 0.294503
0.239125 0.185255 0.278011 0.297609
0.243398 0.193237 0.268752 0.294613
0.238585 0.184179 0.278936 0.298299
0.234843 0.176626 0.291574 0.296956
0.239819 0.185713 0.275374 0.299095
0.236547 0.179386 0.288194 0.295872
0.238293 0.183388 0.282148 0.296171
0.239188 0.184993 0.279376 0.296443
0.239696 0.184694 0.276532 0.299078
0.234984 0.176732 0.290170 0.298113
0.237442 0.182724 0.286344 0.293490
0.237682 0.180368 0.286413 0.295537
0.236979 0.181222 0.286577 0.295222
0.238126 0.181385 0.282695 0.297794
0.239595 0.184963 0.278104 0.297337
0.234700 0.176518 0.292370 0.296412
0.235639 0.179253 0.288712 0.296396
0.242479 0.189901 0.274856 0.292764
0.236355 0.178530 0.286087 0.299028
0.237565 0.181880 0.285092 0.295463
0.237376 0.181166 0.284553 0.296905
0.236496 0.178637 0.287741 0.297126
0.238718 0.182702 0.282970 0.295610
0.242395 0.191177 0.273370 0.293058
0.239307 0.184031 0.280807 0.295855
0.236692 0.180643 0.288182 0.294483
0.236517 0.179921 0.289021 0.294542
0.239842 0.184442 0.279464 0.296252
0.240266 0.187307 0.279146 0.293280
0.242304 0.190141 0.272679 0.294876
0.240947 0.188068 0.278440 0.292546
0.237750 0.181667 0.283669 0.296913
0.235549 0.178629 0.291837 0.293985
0.240989 0.187235 0.276586 0.295190
0.245927 0.194432 0.269204 0.290437
0.246056 0.195663 0.264052 0.294229
0.242431 0.191428 0.272307 0.293834
0.240265 0.186329 0.279352 0.294053
0.235378 0.177792 0.289877 0.296953
0.240960 0.186875 0.276768 0.295398
0.249161 0.206183 0.257901 0.286755
0.243484 0.194240 0.266652 0.295625
0.242799 0.192391 0.272102 0.292708
0.243385 0.190908 0.270270 0.295436
0.240868 0.186117 0.276545 0.296470
0.241313 0.188422 0.275735 0.294530
0.247354 0.201894 0.264181 0.286570
0.241570 0.189300 0.273174 0.295957
0.242618 0.190698 0.270563 0.296121
0.245916 0.197756 0.264215 0.292113
0.245589 0.196208 0.264320 0.293884
0.238981 0.183908 0.281369 0.295741
0.246423 0.198649 0.265968 0.288960
0.239222 0.185620 0.277619 0.297539
0.245920 0.197482 0.262268 0.294330
0.245985 0.197856 0.265099 0.291060
0.247813 0.202320 0.257420 0.292448
0.236770 0.180114 0.285596 0.297520
0.248157 0.201404 0.262362 0.288077
0.235472 0.180070 0.283665 0.300793
0.245601 0.198888 0.263151 0.292361
0.242891 0.192189 0.271589 0.293331
0.246468 0.200538 0.259034 0.293960
0.238414 0.181605 0.281588 0.298393
0.244166 0.195394 0.267769 0.292671
0.236000 0.178262 0.283185 0.302553
0.242266 0.192061 0.274556 0.291117
0.241369 0.190042 0.273064 0.295525
0.243170 0.193056 0.271778 0.291996
0.238160 0.182335 0.283290 0.296215
0.246052 0.196372 0.263733 0.293843
0.236029 0.180704 0.285649 0.297618
0.243033 0.191061 0.273159 0.292747
0.239561 0.185203 0.279449 0.295787
0.240684 0.187025 0.277524 0.294767
0.237614 0.181347 0.284583 0.296456
0.245341 0.197335 0.265973 0.291350
0.238063 0.182505 0.279855 0.299576
0.241426 0.188826 0.278707 0.291041
0.238094 0.184377 0.278689 0.298840
0.238701 0.184273 0.282840 0.294186
0.237342 0.180548 0.285079 0.297031
0.244021 0.193153 0.269199 0.293627
0.241298 0.187719 0.276852 0.294130
0.241497 0.188497 0.279103 0.290902
0.241456 0.187587 0.270274 0.300684
0.237274 0.181088 0.285018 0.296619
0.235876 0.178878 0.287829 0.297417
0.242423 0.189924 0.273037 0.294616
0.239743 0.187819 0.285784 0.286654
0.244961 0.194406 0.271962 0.288672
0.241994 0.190822 0.273591 0.293593
0.239643 0.183992 0.282148 0.294217
0.236410 0.178572 0.286538 0.298480
0.239795 0.186083 0.280640 0.293482
0.243680 0.190913 0.277744 0.287663
0.245358 0.197972 0.267804 0.288866
0.241252 0.189355 0.276687 0.292706
0.243926 0.192651 0.271321 0.292102
0.237775 0.182040 0.282514 0.297671
0.238126 0.181954 0.283051 0.296869
0.245648 0.198918 0.273303 0.282130
0.247036 0.198231 0.261025 0.293708
0.241733 0.189384 0.275496 0.293387
0.243901 0.193285 0.270743 0.292070
0.237329 0.181130 0.284116 0.297425
0.238917 0.184440 0.280354 0.296289
0.247176 0.199113 0.269697 0.284015
0.248768 0.204811 0.256288 0.290132
0.239039 0.185496 0.286173 0.289292
0.243624 0.193696 0.270099 0.292581
0.239221 0.182791 0.279411 0.298577
0.237165 0.181004 0.285051 0.296780
0.253629 0.214276 0.244194 0.287902
0.247486 0.202523 0.256542 0.293449
0.240755 0.185787 0.282299 0.291159
0.244731 0.194003 0.268485 0.292781
0.239041 0.184536 0.281165 0.295258
0.240633 0.184752 0.276499 0.298116
0.253529 0.223615 0.236553 0.286302
0.244855 0.196971 0.263237 0.294938
0.247719 0.200304 0.264591 0.287386
0.242695 0.192965 0.268421 0.295918
0.237598 0.181335 0.284554 0.296513
0.242328 0.190492 0.272141 0.295039
0.251392 0.213328 0.243073 0.292207
0.243041 0.192339 0.270761 0.293859
0.246561 0.201058 0.265482 0.286899
0.242334 0.190204 0.270506 0.296956
0.236654 0.180025 0.287951 0.295370
0.239787 0.185768 0.278780 0.295665
0.251516 0.213932 0.243048 0.291505
0.239328 0.184410 0.281622 0.294640
0.250351 0.205206 0.253632 0.290811
0.241442 0.189156 0.274394 0.295008
0.235873 0.178875 0.288747 0.296506
0.237570 0.182831 0.282419 0.297180
0.247909 0.203757 0.258136 0.290199
0.239603 0.184969 0.280310 0.295118
0.251647 0.214513 0.242901 0.290938
0.240957 0.187867 0.274522 0.296653
0.238282 0.180823 0.281611 0.299285
0.236933 0.181187 0.285150 0.296731
0.241227 0.188395 0.275719 0.294659
0.236995 0.180875 0.287432 0.294699
0.247225 0.204363 0.255457 0.292955
0.240051 0.185892 0.278140 0.295917
0.240853 0.187765 0.276805 0.294577
0.236309 0.178496 0.286171 0.299024
0.239976 0.185603 0.277788 0.296634
0.237804 0.181708 0.286425 0.294063
0.244991 0.196877 0.262132 0.296000
0.237343 0.182648 0.285972 0.294037
0.241562 0.188015 0.275037 0.295385
0.239527 0.184200 0.279486 0.296787
0.236082 0.179034 0.289374 0.295510
0.241350 0.188085 0.273989 0.296576
0.244017 0.195335 0.267018 0.293630
0.237456 0.181443 0.285844 0.295257
0.242177 0.189731 0.273713 0.294378
0.242779 0.189498 0.273331 0.294393
0.236453 0.178604 0.287811 0.297131
0.241800 0.191302 0.270700 0.296198
0.238318 0.183398 0.280910 0.297375
0.240887 0.186811 0.277801 0.294500
0.239579 0.185916 0.277834 0.296671
0.241476 0.189770 0.278295 0.290459
0.237755 0.182025 0.283648 0.296571
0.243882 0.193007 0.265191 0.297920
0.238218 0.182025 0.282298 0.297458
0.241064 0.188159 0.278243 0.292533
0.238012 0.181868 0.283116 0.297003
0.239465 0.186389 0.280545 0.293601
0.237312 0.181117 0.284030 0.297540
0.246035 0.198877 0.260857 0.294231
0.238010 0.183739 0.284922 0.293329
0.247250 0.197267 0.263379 0.292103
0.238808 0.184356 0.280301 0.296535
0.238525 0.183791 0.281114 0.296570
0.239583 0.183946 0.278018 0.298454
0.244756 0.196272 0.262636 0.296336
0.236582 0.181370 0.285486 0.296561
0.248005 0.203795 0.261906 0.286294
0.237042 0.180911 0.284878 0.297169
0.240188 0.186270 0.277698 0.295844
0.241682 0.189984 0.272026 0.296308
0.240521 0.187843 0.278976 0.292661
0.240004 0.186713 0.278679 0.294604
0.244553 0.196172 0.269183 0.290092
0.238956 0.182589 0.278991 0.299464
0.244296 0.192621 0.263133 0.299950
0.239249 0.185352 0.276524 0.298875
0.238418 0.184398 0.284943 0.292241
0.243549 0.192669 0.270700 0.293081
0.245405 0.194593 0.267891 0.292110
0.240541 0.186543 0.279334 0.293582
0.246735 0.201093 0.258251 0.293921
0.238066 0.183213 0.280596 0.298126
0.236599 0.180221 0.289410 0.293770
0.248012 0.201554 0.257973 0.292461
0.243913 0.194979 0.268795 0.292313
0.240455 0.186819 0.278843 0.293883
0.244823 0.196389 0.267809 0.290979
0.238891 0.183516 0.279062 0.298532
0.236945 0.181405 0.286230 0.295421
0.251196 0.210602 0.251714 0.286488
0.243095 0.190148 0.271359 0.295398
0.238720 0.184283 0.283025 0.293971
0.241072 0.189252 0.278805 0.290871
0.237134 0.181550 0.284575 0.296740
0.242784 0.188984 0.274393 0.293838
0.247479 0.204417 0.265144 0.282960
0.243931 0.194598 0.265930 0.295541
0.238094 0.182621 0.284758 0.294527
0.238739 0.184103 0.281597 0.295561
0.237073 0.180935 0.286156 0.295836
0.249241 0.205963 0.253416 0.291381
0.246017 0.198598 0.268769 0.286616
0.241935 0.190573 0.273354 0.294138
0.241536 0.185795 0.277688 0.294981
0.235047 0.177542 0.292220 0.295191
0.237825 0.181725 0.286628 0.293822
0.250152 0.209920 0.251417 0.288512
0.244394 0.194987 0.271908 0.288711
0.240811 0.186182 0.276093 0.296913
0.243960 0.193702 0.269882 0.292455
0.240461 0.185803 0.280142 0.293594
0.240493 0.186506 0.281340 0.291661
0.247945 0.204831 0.256601 0.290623
0.241779 0.190311 0.275928 0.291981
0.240063 0.186883 0.279024 0.294030
0.244081 0.192922 0.268578 0.294419
0.245201 0.195898 0.265027 0.293875
0.243318 0.190856 0.274750 0.291076
0.247804 0.202103 0.259812 0.290281
0.248164 0.199093 0.259808 0.292935
0.237632 0.181361 0.284391 0.296617
0.243439 0.192974 0.271454 0.292132
0.246546 0.200279 0.261620 0.291555
0.245225 0.197200 0.267514 0.290061
0.243112 0.194911 0.269229 0.292748
0.249579 0.208872 0.253172 0.288377
0.237439 0.181430 0.284995 0.296137
0.243188 0.191219 0.271973 0.293620
0.248888 0.202104 0.259174 0.289833
0.247734 0.201320 0.260335 0.290611
0.240820 0.189016 0.275592 0.294572
0.248404 0.203372 0.258147 0.290077
0.238119 0.183824 0.281826 0.296230
0.240089 0.185922 0.278663 0.295326
0.248380 0.205136 0.258900 0.287583
0.248332 0.203727 0.257070 0.290871
0.240457 0.188384 0.275695 0.295464
0.247906 0.201474 0.261032 0.289588
0.240388 0.185175 0.276820 0.297617
0.239327 0.184175 0.280601 0.295898
0.245075 0.195995 0.268617 0.290313
0.247576 0.201812 0.257584 0.293028
0.242150 0.189745 0.273829 0.294277
0.243908 0.195922 0.268926 0.291244
0.242162 0.190955 0.273421 0.293463
0.238782 0.182456 0.282759 0.296003
0.240060 0.186930 0.281335 0.291675
0.246884 0.198890 0.262329 0.291897
0.245071 0.195141 0.268364 0.291424
0.240164 0.186258 0.278213 0.295365
0.244811 0.193123 0.267354 0.294712
0.239700 0.185044 0.280196 0.295060
0.242292 0.188650 0.276256 0.292802
0.244043 0.194989 0.270326 0.290642
0.246772 0.200835 0.267722 0.284671
0.240623 0.187883 0.277141 0.294354
0.244417 0.194985 0.269205 0.291393
0.237468 0.181236 0.284326 0.296969
0.242082 0.189590 0.272811 0.295517
0.240299 0.187039 0.279107 0.293555
0.245030 0.197754 0.271878 0.285338
0.239735 0.185338 0.276903 0.298024
0.241898 0.190544 0.277701 0.289857
0.236994 0.180284 0.285865 0.296858
0.242196 0.191020 0.271822 0.294963
0.237978 0.182532 0.283362 0.296128
0.245462 0.196880 0.270101 0.287557
0.243718 0.190535 0.269660 0.296087
0.239470 0.185145 0.280513 0.294872
0.238260 0.181487 0.282601 0.297652
0.243896 0.192363 0.265844 0.297897
0.236982 0.180513 0.284828 0.297677
0.246347 0.199516 0.264465 0.289672
0.243246 0.194050 0.271383 0.291321
0.240043 0.186868 0.279378 0.293712
0.238353 0.182483 0.282082 0.297081
0.244173 0.195762 0.265237 0.294828
0.241388 0.186519 0.274768 0.297326
0.249179 0.204979 0.256142 0.289699
0.240553 0.188503 0.276897 0.294047
0.240601 0.185339 0.276930 0.297130
0.238093 0.181713 0.282771 0.297423
0.240895 0.188178 0.273185 0.297741
0.242617 0.191948 0.270994 0.294441
0.248180 0.208772 0.247639 0.295408
0.239525 0.185854 0.278924 0.295697
0.244948 0.195043 0.264148 0.295861
0.237130 0.180387 0.286344 0.296138
0.238339 0.183423 0.282404 0.295833
0.239922 0.188009 0.272401 0.299668
0.248803 0.208282 0.248692 0.294223
0.237972 0.182810 0.284007 0.295210
0.246333 0.199481 0.260743 0.293443
0.236573 0.179406 0.287452 0.296568
0.237645 0.181732 0.285019 0.295604
0.240856 0.187772 0.273377 0.297995
0.247811 0.203660 0.257526 0.291002
0.242816 0.188574 0.271437 0.297173
0.242968 0.192618 0.272842 0.291571
0.234906 0.176673 0.290366 0.298055
0.235884 0.178175 0.289591 0.296350
0.239146 0.186169 0.279160 0.295525
0.246147 0.199311 0.266546 0.287996
0.244979 0.197399 0.266623 0.290999
0.240679 0.188299 0.275999 0.295024
0.235014 0.176755 0.290491 0.297740
0.237489 0.181821 0.287009 0.293681
0.238242 0.182643 0.280031 0.299084
0.242862 0.192441 0.273905 0.290792
0.243315 0.193588 0.272658 0.290438
0.239308 0.183836 0.280660 0.296196
0.236812 0.178876 0.285820 0.298492
0.239937 0.184827 0.281619 0.293616
0.239537 0.185494 0.277615 0.297354
0.238346 0.185518 0.288663 0.287472
0.244484 0.193863 0.270313 0.291340
0.236782 0.181280 0.286395 0.295543
0.238353 0.182483 0.282082 0.297081
0.243532 0.192944 0.271100 0.292424
0.238398 0.184304 0.286616 0.290682
0.239143 0.185170 0.284924 0.290763
0.243961 0.195017 0.270842 0.290180
0.240049 0.184914 0.279018 0.296019
0.238091 0.181712 0.282768 0.297429
0.247062 0.198459 0.262561 0.291918
0.241720 0.188973 0.277941 0.291366
0.245335 0.195759 0.269453 0.289452
0.241554 0.188943 0.273048 0.296455
0.242812 0.191468 0.272063 0.293657
0.236824 0.180155 0.285974 0.297047
0.247079 0.201034 0.259925 0.291962
0.243307 0.194099 0.274708 0.287886
0.249531 0.206206 0.255662 0.288600
0.244212 0.195771 0.266753 0.293265
0.242335 0.190205 0.275936 0.291525
0.236106 0.179052 0.286885 0.297956
0.247185 0.201494 0.257591 0.293731
0.244490 0.193488 0.274001 0.288021
0.253602 0.217577 0.238662 0.290159
0.245549 0.197891 0.263532 0.293028
0.245584 0.194291 0.268167 0.291958
0.234340 0.176248 0.289667 0.299745
0.243886 0.195497 0.265776 0.294840
0.251988 0.208234 0.254273 0.285505
0.253813 0.226166 0.233701 0.286320
0.244731 0.195530 0.266965 0.292774
0.244796 0.196925 0.268542 0.289737
0.234390 0.176286 0.289720 0.299604
0.240892 0.189064 0.275605 0.294439
0.252058 0.217342 0.245145 0.285455
0.249836 0.212254 0.251047 0.286863
0.246287 0.197760 0.264567 0.291386
0.240908 0.188781 0.276971 0.293339
0.236569 0.178692 0.284243 0.300496
0.239185 0.184300 0.277356 0.299159
0.249986 0.208533 0.255443 0.286038
0.244825 0.198307 0.266686 0.290182
0.243593 0.193960 0.273173 0.289274
0.242076 0.189674 0.271017 0.297234
0.238083 0.182276 0.282019 0.297622
0.238584 0.184183 0.280570 0.296664
0.249091 0.206466 0.255686 0.288756
0.243631 0.192932 0.270366 0.293071
0.241775 0.191580 0.276697 0.289948
0.242656 0.192356 0.269769 0.295219
0.237826 0.181509 0.283748 0.296917
0.238206 0.182615 0.282854 0.296326
0.248620 0.203466 0.255242 0.292672
0.239491 0.186703 0.277929 0.295878
0.240705 0.188244 0.278241 0.292810
0.243071 0.190129 0.268008 0.298793
0.236525 0.179927 0.287880 0.295668
0.239900 0.186631 0.280465 0.293004
0.244854 0.195944 0.266911 0.292291
0.242796 0.189914 0.272553 0.294737
0.241610 0.189543 0.274918 0.293928
0.243705 0.194418 0.267962 0.293915
0.235448 0.178553 0.290616 0.295384
0.241083 0.188870 0.277725 0.292322
0.244014 0.193740 0.269370 0.292876
0.244755 0.196207 0.270391 0.288647
0.247992 0.198312 0.260625 0.293072
0.242260 0.190829 0.272633 0.294278
0.235688 0.178027 0.289078 0.297207
0.241960 0.188579 0.278384 0.291076
0.242585 0.191618 0.271402 0.294394
0.244620 0.197142 0.267650 0.290588
0.250321 0.208845 0.253960 0.286875
0.237406 0.182705 0.286177 0.293713
0.239174 0.183928 0.281051 0.295846
0.246380 0.197851 0.266995 0.288774
0.239967 0.186217 0.279438 0.294379
0.244379 0.195248 0.270168 0.290205
0.249010 0.206460 0.259041 0.285489
0.236610 0.180940 0.287070 0.295380
0.243307 0.190847 0.268664 0.297181
0.249128 0.203819 0.260213 0.286840
0.237842 0.181738 0.284018 0.296402
0.244728 0.196508 0.271497 0.287267
0.245623 0.197969 0.269492 0.286916
0.236913 0.179784 0.285230 0.298073
0.245874 0.197722 0.262149 0.294254
0.247508 0.203396 0.262218 0.286878
0.240665 0.186640 0.276188 0.296507
0.247159 0.198884 0.263079 0.290878
0.243458 0.192385 0.275423 0.288734
0.241714 0.189303 0.275736 0.293247
0.244872 0.196961 0.265272 0.292895
0.248139 0.202067 0.260404 0.289390
0.240273 0.186678 0.278478 0.294570
0.249648 0.206188 0.257298 0.286866
0.242798 0.189214 0.275484 0.292504
0.246716 0.197557 0.263474 0.292253
0.241730 0.190340 0.274879 0.293051
0.248032 0.202169 0.259331 0.290468
0.240632 0.186620 0.278885 0.293863
0.248242 0.203762 0.264543 0.283452
0.244844 0.194631 0.267945 0.292580
0.248126 0.204576 0.259451 0.287847
0.239679 0.185373 0.279773 0.295175
0.246527 0.198679 0.264206 0.290588
0.242638 0.190350 0.272412 0.294601
0.249182 0.204209 0.260636 0.285973
0.245519 0.196828 0.263521 0.294132
0.247291 0.201033 0.263137 0.288538
0.237756 0.181103 0.285943 0.295199
0.245869 0.196439 0.265357 0.292334
0.241717 0.189366 0.275858 0.293059
0.247407 0.202954 0.260853 0.288785
0.245809 0.198024 0.260601 0.295566
0.245145 0.196891 0.269343 0.288621
0.239331 0.184049 0.281905 0.294715
0.244737 0.195543 0.269113 0.290607
0.240488 0.186509 0.278718 0.294285
0.243674 0.193470 0.271200 0.291656
0.243628 0.194657 0.264872 0.296844
0.244313 0.195589 0.267106 0.292992
0.241677 0.188638 0.277587 0.292098
0.240848 0.187466 0.278325 0.293360
0.241958 0.189816 0.272543 0.295683
0.246942 0.198079 0.260539 0.294440
0.239762 0.186621 0.273702 0.299915
0.242319 0.191340 0.272137 0.294204
0.241969 0.190158 0.276251 0.291623
0.239600 0.184619 0.278699 0.297082
0.241535 0.189223 0.274049 0.295192
0.246301 0.201789 0.256175 0.295736
0.237716 0.182331 0.279938 0.300015
0.244178 0.194426 0.267695 0.293700
0.243960 0.191754 0.271176 0.293110
0.239334 0.184762 0.279588 0.296315
0.240325 0.186383 0.277171 0.296121
0.243279 0.193560 0.266038 0.297124
0.236011 0.178980 0.286730 0.298280
0.246014 0.196898 0.264004 0.293085
0.246003 0.196541 0.264929 0.292527
0.239260 0.183423 0.279708 0.297608
0.242809 0.190484 0.271326 0.295382
0.242159 0.191032 0.270295 0.296514
0.234403 0.176295 0.291463 0.297839
0.246250 0.198693 0.264792 0.290265
0.245424 0.196129 0.265743 0.292704
0.239883 0.185762 0.277265 0.297090
0.241422 0.189135 0.273455 0.295988
0.240621 0.188895 0.273384 0.297101
0.234220 0.176157 0.293266 0.296356
0.244310 0.193975 0.273785 0.287930
0.244017 0.194009 0.269003 0.292971
0.238621 0.183632 0.277564 0.300183
0.238602 0.184192 0.283147 0.294059
0.236924 0.180821 0.284879 0.297375
0.235345 0.177768 0.292330 0.294558
0.242456 0.191516 0.277732 0.288297
0.242090 0.190004 0.274108 0.293798
0.235963 0.179500 0.286274 0.298263
0.239712 0.184706 0.280422 0.295159
0.235459 0.179116 0.291052 0.294372
0.239625 0.185157 0.282013 0.293205
0.241145 0.188014 0.279074 0.291767
0.238430 0.182879 0.282770 0.295921
0.235269 0.178417 0.287010 0.299304
0.238645 0.184230 0.282595 0.294530
0.238751 0.182727 0.284462 0.294060
0.245763 0.196347 0.267689 0.290201
0.241195 0.187639 0.278306 0.292860
0.238639 0.181775 0.281853 0.297734
0.234538 0.176396 0.289617 0.299449
0.239281 0.183439 0.281069 0.296211
0.241599 0.189213 0.278975 0.290213
0.248720 0.204135 0.257764 0.289381
0.246776 0.196257 0.263821 0.293146
0.237730 0.182006 0.282778 0.297486
0.235238 0.176923 0.288802 0.299037
0.242337 0.189455 0.274051 0.294157
0.244722 0.194921 0.274348 0.286009
0.249824 0.209186 0.250368 0.290622
0.248325 0.203399 0.254520 0.293757
0.237367 0.181159 0.284287 0.297187
0.237852 0.180497 0.285709 0.295942
0.243901 0.194572 0.269394 0.292133
0.249789 0.205434 0.257750 0.287027
0.250372 0.210220 0.249351 0.290057
0.247627 0.202216 0.257681 0.292475
0.236622 0.180001 0.285453 0.297924
0.240730 0.187669 0.278785 0.292817
0.243350 0.191610 0.271241 0.293798
0.250211 0.211512 0.251239 0.287038
0.247166 0.202752 0.262403 0.287679
0.244272 0.194596 0.269171 0.291961
0.236189 0.179115 0.286894 0.297802
0.238995 0.185155 0.285021 0.290829
0.242344 0.191428 0.273330 0.292898
0.249982 0.208713 0.250718 0.290587
0.244489 0.195072 0.267158 0.293281
0.240785 0.187785 0.276476 0.294954
0.236962 0.178989 0.283394 0.300654
0.239455 0.185133 0.282847 0.292565
0.243949 0.191155 0.269990 0.294907
0.250962 0.211172 0.248287 0.289579
0.243403 0.192568 0.271656 0.292373
0.236352 0.179238 0.285845 0.298565
0.237514 0.181840 0.283939 0.296707
0.245376 0.193888 0.268644 0.292091
0.242345 0.191099 0.274241 0.292316
0.248837 0.207173 0.252952 0.291039
0.239985 0.188009 0.279046 0.292961
0.234376 0.176274 0.290938 0.298412
0.237457 0.181227 0.284385 0.296931
0.247085 0.200066 0.260311 0.292538
0.240045 0.187514 0.276587 0.295854
0.245135 0.196913 0.265259 0.292693
0.240882 0.187739 0.275140 0.296238
0.235789 0.178103 0.285785 0.300323
0.236576 0.179966 0.287855 0.295603
0.249296 0.204027 0.256268 0.290409
0.239204 0.184940 0.276448 0.299409
0.242486 0.193128 0.272045 0.292340
0.243209 0.193374 0.269759 0.293658
0.237940 0.182167 0.281546 0.298347
0.236407 0.179280 0.288122 0.296191
0.247836 0.204645 0.254533 0.292985
0.238662 0.185793 0.276914 0.298632
0.239376 0.186634 0.277592 0.296398
0.243803 0.192327 0.271733 0.292137
0.236312 0.180353 0.283067 0.300267
0.238605 0.181068 0.283515 0.296813
0.244617 0.196490 0.266763 0.292129
0.239733 0.184670 0.274874 0.300722
0.238769 0.184900 0.279744 0.296587
0.246816 0.198879 0.262640 0.291665
0.236365 0.180609 0.279985 0.303042
0.241064 0.187929 0.278374 0.292632
0.239718 0.186004 0.277879 0.296400
0.242074 0.190885 0.269570 0.297471
0.240616 0.186934 0.276179 0.296272
0.246355 0.201163 0.263758 0.288724
0.238185 0.183875 0.278838 0.299102
0.241755 0.188165 0.276509 0.293570
0.238852 0.183486 0.281183 0.296479
0.240705 0.188030 0.277644 0.293621
0.244128 0.194390 0.268117 0.293366
0.241310 0.191303 0.276045 0.291341
0.235576 0.179792 0.286981 0.297652
0.241943 0.189548 0.275489 0.293021
0.238059 0.182258 0.280393 0.299289
0.240062 0.185603 0.282623 0.291712
0.246935 0.200967 0.264757 0.287340
0.242698 0.191778 0.271871 0.293653
0.237108 0.181177 0.279240 0.302475
0.242123 0.188776 0.274909 0.294192
0.238253 0.182651 0.284241 0.294855
0.239071 0.186111 0.286708 0.288110
0.244276 0.197145 0.273750 0.284829
0.242472 0.193134 0.265867 0.298527
0.239793 0.185963 0.277980 0.296263
0.242007 0.188271 0.274278 0.295444
0.239609 0.185550 0.280861 0.293981
0.237209 0.181851 0.287331 0.293609
0.245693 0.197066 0.269583 0.287658
0.244145 0.194461 0.266247 0.295147
0.238587 0.186226 0.284366 0.290821
0.242280 0.189807 0.273507 0.294406
0.239931 0.185489 0.281169 0.293411
0.243572 0.191410 0.275350 0.289669
0.247714 0.200623 0.267292 0.284371
0.247582 0.202507 0.259159 0.290752
0.242661 0.192580 0.274733 0.290026
0.239233 0.184679 0.278621 0.297467
0.239827 0.185719 0.279824 0.294630
0.249953 0.206275 0.254385 0.289387
0.247526 0.202508 0.263912 0.286053
0.247078 0.204033 0.261634 0.287255
0.244302 0.197121 0.271201 0.287376
0.238333 0.182805 0.281596 0.297267
0.243738 0.190345 0.273942 0.291975
0.252325 0.215394 0.239138 0.293143
0.250737 0.209389 0.251660 0.288213
0.243785 0.194847 0.272379 0.288989
0.246564 0.198969 0.270304 0.284162
0.236493 0.179345 0.286223 0.297939
0.244992 0.196756 0.266901 0.291350
0.251938 0.218156 0.238964 0.290942
0.250018 0.212617 0.248192 0.289173
0.241528 0.190853 0.280637 0.286982
0.254130 0.217914 0.246519 0.281437
0.235103 0.176821 0.289573 0.298503
0.244860 0.195161 0.267532 0.292447
0.249986 0.209618 0.254234 0.286162
0.248984 0.205875 0.254860 0.290280
0.243773 0.195161 0.271564 0.289502
0.253736 0.225301 0.244957 0.276006
0.235770 0.177323 0.287616 0.299291
0.243702 0.193183 0.270407 0.292709
0.246004 0.199828 0.263770 0.290398
0.250055 0.207326 0.250209 0.292409
0.246060 0.199617 0.266027 0.288296
0.250869 0.214116 0.253720 0.281295
0.234975 0.176725 0.291897 0.296403
0.244473 0.193215 0.268434 0.293878
0.240624 0.188295 0.277236 0.293845
0.247775 0.204005 0.261435 0.286786
0.248848 0.206657 0.257811 0.286684
0.253828 0.217487 0.246308 0.282378
0.234969 0.176720 0.291577 0.296734
0.243048 0.191654 0.270958 0.294339
0.236059 0.179572 0.286950 0.297419
0.243289 0.192872 0.273979 0.289859
0.254243 0.218413 0.240117 0.287227
0.252621 0.217152 0.250027 0.280199
0.234710 0.176526 0.291198 0.297567
0.241233 0.188442 0.276969 0.293355
0.240486 0.184987 0.279700 0.294827
0.242303 0.190487 0.278482 0.288728
0.253832 0.223722 0.242773 0.279674
0.250174 0.207949 0.256925 0.284952
0.234550 0.176405 0.291022 0.298024
0.238835 0.183804 0.282401 0.294960
0.243087 0.193009 0.270866 0.293038
0.240442 0.187179 0.281476 0.290904
0.250533 0.212347 0.256395 0.280725
0.249924 0.209879 0.251679 0.288518
0.238119 0.180699 0.281394 0.299788
0.239565 0.184034 0.279376 0.297025
0.243376 0.192364 0.272088 0.292172
0.242509 0.187763 0.277726 0.292002
0.248136 0.205675 0.261495 0.284694
0.248646 0.206061 0.259105 0.286188
0.240728 0.187668 0.273965 0.297639
0.237978 0.182196 0.284129 0.295697
0.245021 0.195178 0.269513 0.290288
0.247183 0.199479 0.264329 0.289008
0.244814 0.199276 0.265371 0.290540
0.246862 0.199922 0.261383 0.291834
0.240091 0.186004 0.276340 0.297566
0.239243 0.183410 0.280990 0.296357
0.247030 0.198798 0.267081 0.287091
0.248035 0.202347 0.255789 0.293830
0.242917 0.192783 0.268107 0.296193
0.247863 0.202680 0.257807 0.291651
0.238990 0.183923 0.280627 0.296460
0.239795 0.185694 0.278321 0.296190
0.244052 0.195303 0.268511 0.292135
0.247359 0.202613 0.257504 0.292524
0.248743 0.203873 0.254585 0.292799
0.245467 0.197440 0.265350 0.291743
0.237619 0.181712 0.284009 0.296660
0.239136 0.184027 0.280377 0.296460
0.243072 0.192992 0.270647 0.293289
0.246578 0.199076 0.260887 0.293458
0.249565 0.209235 0.252682 0.288518
0.244971 0.194838 0.271064 0.289127
0.234928 0.176690 0.291315 0.297067
0.238326 0.182107 0.282219 0.297347
0.243228 0.193059 0.269119 0.294594
0.242621 0.191646 0.269675 0.296058
0.249731 0.207363 0.258372 0.284535
0.244941 0.196378 0.269349 0.289332
0.234532 0.176392 0.293227 0.295849
0.239363 0.184784 0.279802 0.296051
0.245195 0.195640 0.263436 0.295728
0.240946 0.186976 0.274668 0.297410
0.246272 0.201344 0.270284 0.282100
0.240747 0.188062 0.279982 0.291209
0.236029 0.178284 0.288315 0.297373
0.237808 0.181495 0.283529 0.297168
0.245155 0.196185 0.263954 0.294706
0.236511 0.179917 0.288253 0.295319
0.242583 0.192929 0.278661 0.285826
0.239529 0.185191 0.279305 0.295976
0.239514 0.184190 0.279140 0.297157
0.236835 0.180163 0.287023 0.295980
0.244283 0.193953 0.270153 0.291612
0.235339 0.178470 0.288250 0.297942
0.242619 0.191290 0.275709 0.290382
0.244776 0.193414 0.267159 0.294651
0.241843 0.188767 0.274962 0.294428
0.238148 0.181402 0.282523 0.297928
0.242161 0.191283 0.275871 0.290686
0.234574 0.176424 0.290768 0.298235
0.246095 0.198290 0.268080 0.287535
0.245308 0.197664 0.263958 0.293070
0.243754 0.192473 0.269634 0.294138
0.237971 0.182190 0.284171 0.295668
0.239266 0.185673 0.283568 0.291492
0.234087 0.176057 0.292833 0.297022
0.251329 0.208587 0.249820 0.290263
0.245090 0.195966 0.264764 0.294180
0.243727 0.193127 0.269512 0.293634
0.237462 0.181231 0.285454 0.295853
0.236071 0.179582 0.290440 0.293907
0.239755 0.182843 0.278684 0.298717
0.252902 0.219613 0.237871 0.289615
0.245181 0.195943 0.265359 0.293517
0.240987 0.187574 0.277733 0.293707
0.238683 0.182380 0.282314 0.296623
0.241261 0.185583 0.277190 0.295967
0.244474 0.194110 0.266685 0.294731
0.252251 0.217037 0.245927 0.284785
0.243161 0.191198 0.274785 0.290856
0.239688 0.184688 0.280489 0.295135
0.239306 0.184740 0.278479 0.297476
0.247084 0.198100 0.263211 0.291606
0.241982 0.190346 0.277017 0.290655
0.249007 0.206413 0.258818 0.285762
0.239381 0.185373 0.282093 0.293153
0.239349 0.184773 0.280936 0.294942
0.238969 0.183200 0.280906 0.296925
0.248236 0.203445 0.258031 0.290288
0.241826 0.189203 0.274875 0.294096
0.245333 0.198623 0.265519 0.290526
0.238403 0.183463 0.284301 0.293833
0.237165 0.181005 0.285026 0.296803
0.239932 0.185801 0.278603 0.295664
0.247288 0.201919 0.260899 0.289895
0.241409 0.189513 0.277131 0.291947
0.240523 0.187529 0.276303 0.295645
0.235916 0.179464 0.287982 0.296638
0.238199 0.182010 0.281685 0.298106
0.238296 0.183381 0.280562 0.297761
0.244321 0.195568 0.266943 0.293169
0.236647 0.180609 0.286798 0.295946
0.240455 0.187063 0.277913 0.294569
0.240664 0.185124 0.274850 0.299363
0.240974 0.186879 0.273934 0.298213
0.237226 0.180460 0.283629 0.298685
0.240486 0.186871 0.276685 0.295957
0.241290 0.186200 0.273814 0.298696
0.243619 0.192725 0.266574 0.297082
0.245311 0.195696 0.263046 0.295947
0.240258 0.186666 0.277229 0.295847
0.237705 0.181064 0.284874 0.296358
0.241020 0.186915 0.275355 0.296711
0.244734 0.195939 0.263770 0.295557
0.243877 0.195162 0.266379 0.294583
0.244013 0.195409 0.265365 0.295213
0.239244 0.184688 0.278803 0.297266
0.237621 0.181923 0.283651 0.296805
0.239574 0.186136 0.277600 0.296690
0.242965 0.192040 0.270453 0.294542
0.243834 0.193597 0.270512 0.292057
0.242526 0.191646 0.269230 0.296598
0.238242 0.182735 0.282858 0.296165
0.237809 0.181497 0.283429 0.297265
0.239052 0.184540 0.278536 0.297872
0.243097 0.192703 0.270275 0.293924
0.243422 0.193213 0.273349 0.290016
0.240672 0.187696 0.277286 0.294346
0.236330 0.179222 0.288208 0.296240
0.236183 0.179667 0.288654 0.295496
0.239456 0.184509 0.280538 0.295496
0.241156 0.188711 0.275611 0.294523
0.243021 0.191986 0.273812 0.291181
0.235595 0.178664 0.291006 0.294735
0.235960 0.178232 0.288506 0.297302
0.239163 0.183042 0.280567 0.297228
0.238430 0.184064 0.282532 0.294975
0.236079 0.179588 0.288384 0.295949
0.240324 0.186381 0.282970 0.290325
0.236564 0.178688 0.287617 0.297131
0.237447 0.181789 0.283236 0.297528
0.241082 0.187943 0.275822 0.295153
0.238511 0.182849 0.280268 0.298373
0.238961 0.182887 0.282038 0.296114
0.242573 0.191254 0.274168 0.292006
0.237059 0.181492 0.286598 0.294851
0.238192 0.182604 0.282292 0.296912
0.239061 0.185206 0.279933 0.295800
0.238562 0.184739 0.281052 0.295647
0.239290 0.186546 0.278739 0.295424
0.246105 0.198297 0.263828 0.291770
0.239659 0.184613 0.281366 0.294362
0.240994 0.187482 0.275670 0.295854
0.242161 0.188149 0.273246 0.296443
0.240993 0.187227 0.277271 0.294509
0.240327 0.187054 0.276286 0.296334
0.245525 0.199450 0.263039 0.291985
0.245336 0.195352 0.267067 0.292246
0.243319 0.191523 0.269839 0.295319
0.242854 0.192513 0.269813 0.294820
0.243635 0.193027 0.269330 0.294008
0.243782 0.192865 0.268322 0.295031
0.248071 0.201440 0.255947 0.294542
0.245993 0.199205 0.263794 0.291007
0.242263 0.190389 0.272619 0.294729
0.239264 0.185363 0.280296 0.295076
0.242664 0.192980 0.269581 0.294775
0.246222 0.199054 0.263086 0.291639
0.249952 0.207499 0.249160 0.293388
0.247261 0.198017 0.262455 0.292266
0.241821 0.189117 0.275510 0.293552
0.240631 0.186043 0.277109 0.296217
0.243354 0.191935 0.270794 0.293916
0.245769 0.197029 0.265242 0.291961
0.246698 0.200848 0.265825 0.286629
0.247272 0.201549 0.259934 0.291245
0.240639 0.187895 0.279085 0.292381
0.240197 0.186988 0.280257 0.292558
0.245004 0.197399 0.267800 0.289798
0.243608 0.195275 0.271608 0.289509
0.241599 0.190913 0.274992 0.292497
0.244101 0.195748 0.268158 0.291993
0.238359 0.183430 0.284118 0.294093
0.238838 0.183100 0.280656 0.297406
0.242027 0.192474 0.270950 0.294549
0.241818 0.190712 0.275079 0.292390
0.239276 0.186607 0.281153 0.292964
0.240532 0.187851 0.277335 0.294281
0.238242 0.182044 0.282964 0.296750
0.240881 0.187395 0.278821 0.292902
0.241612 0.189597 0.273416 0.295375
0.240665 0.188802 0.276594 0.293940
0.235204 0.178368 0.290178 0.296250
0.239047 0.184884 0.281097 0.294972
0.242547 0.189018 0.273192 0.295242
0.240666 0.188542 0.276652 0.294139
0.244282 0.194252 0.271887 0.289579
0.241801 0.190328 0.273334 0.294536
0.241500 0.185139 0.277699 0.295663
0.240242 0.183868 0.276789 0.299101
0.244242 0.194152 0.268131 0.293475
0.241805 0.188458 0.273195 0.296542
0.245523 0.197829 0.264999 0.291650
0.245433 0.195817 0.262809 0.295941
0.246416 0.200256 0.256780 0.296549
0.241866 0.189422 0.274210 0.294502
0.244133 0.194760 0.268514 0.292593
0.243616 0.193697 0.267627 0.295060
0.245699 0.199591 0.265142 0.289568
0.247704 0.204582 0.256611 0.291102
0.245730 0.200844 0.260119 0.293308
0.241999 0.190865 0.275223 0.291913
0.241872 0.190451 0.272253 0.295424
0.243553 0.192130 0.269815 0.294502
0.243863 0.195891 0.271678 0.288569
0.247142 0.202859 0.260956 0.289043
0.244710 0.199180 0.264073 0.292037
0.240272 0.187649 0.278298 0.293782
0.240738 0.187067 0.275971 0.296224
0.244048 0.194692 0.266961 0.294300
0.246737 0.199610 0.265020 0.288633
0.244596 0.198361 0.268588 0.288456
0.243697 0.195434 0.268739 0.292130
0.238286 0.184296 0.280367 0.297052
0.239869 0.186022 0.275655 0.298454
0.241602 0.190310 0.275067 0.293021
0.247483 0.203782 0.257509 0.291226
0.243726 0.193838 0.272792 0.289643
0.240710 0.187951 0.273510 0.297829
0.241202 0.185538 0.275072 0.298188
0.239114 0.185778 0.278365 0.296743
0.238151 0.183278 0.284262 0.294309
0.246144 0.200381 0.266203 0.287272
0.243511 0.191994 0.276735 0.287760
0.242722 0.189552 0.278247 0.289479
0.244673 0.195187 0.268396 0.291743
0.238935 0.184449 0.279549 0.297066
0.240398 0.185573 0.279150 0.294879
0.249601 0.205698 0.257808 0.286893
0.246728 0.198799 0.270871 0.283602
0.244638 0.197426 0.273663 0.284273
0.244394 0.195714 0.267514 0.292378
0.239225 0.184330 0.281383 0.295062
0.240561 0.187537 0.279171 0.292731
0.249939 0.209887 0.256375 0.283799
0.249075 0.204426 0.263434 0.283064
0.245496 0.199220 0.272078 0.283206
