0.002153 0.000618 0.035248 0.961980
0.003790 0.001226 0.042743 0.952241
0.001307 0.000313 0.034816 0.963564
0.001453 0.000366 0.034671 0.963511
0.001297 0.000310 0.035406 0.962987
0.001660 0.000439 0.033832 0.964070
0.002584 0.000775 0.036999 0.959642
0.001675 0.000446 0.034247 0.963631
0.001302 0.000312 0.035133 0.963253
0.001297 0.000311 0.035412 0.962980
0.001297 0.000311 0.035410 0.962982
0.002096 0.000599 0.035372 0.961933
0.003124 0.000973 0.039173 0.956730
0.001865 0.000515 0.034776 0.962844
0.001302 0.000312 0.035250 0.963136
0.001304 0.000312 0.034918 0.963466
0.001297 0.000310 0.035400 0.962992
0.002361 0.000693 0.035856 0.961090
0.004842 0.001625 0.048008 0.945525
0.002019 0.000561 0.034247 0.963172
0.001391 0.000344 0.035231 0.963034
0.001299 0.000311 0.035187 0.963203
0.001297 0.000311 0.035410 0.962983
0.002235 0.000649 0.035568 0.961548
0.003673 0.001181 0.042251 0.952895
0.001472 0.000372 0.033899 0.964257
0.001433 0.000359 0.034646 0.963562
0.001300 0.000311 0.035282 0.963107
0.001304 0.000312 0.034920 0.963464
0.001970 0.000553 0.034685 0.962792
0.003022 0.000939 0.038975 0.957065
0.001492 0.000377 0.033876 0.964254
0.001575 0.000411 0.034646 0.963368
0.001300 0.000311 0.035336 0.963053
0.001300 0.000311 0.035206 0.963183
0.002224 0.000644 0.035535 0.961597
0.002268 0.000662 0.035850 0.961221
0.001470 0.000370 0.034268 0.963892
0.001647 0.000437 0.034319 0.963597
0.001299 0.000311 0.035367 0.963023
0.001300 0.000311 0.035300 0.963088
0.001656 0.000439 0.034157 0.963748
0.002749 0.000836 0.037771 0.958644
0.001307 0.000313 0.035106 0.963275
0.001664 0.000442 0.034357 0.963536
0.001389 0.000343 0.035314 0.962953
0.001306 0.000313 0.034842 0.963540
0.001838 0.000505 0.034665 0.962993
0.001932 0.000539 0.034594 0.962935
0.001852 0.000509 0.035927 0.961713
0.001462 0.000370 0.034575 0.963593
0.001451 0.000364 0.033895 0.964291
0.001301 0.000312 0.035156 0.963232
0.001704 0.000452 0.033514 0.964331
0.001686 0.000450 0.034255 0.963610
0.002246 0.000655 0.035613 0.961486
0.001452 0.000366 0.034665 0.963517
0.001473 0.000372 0.033855 0.964300
0.001392 0.000344 0.035191 0.963073
0.001687 0.000448 0.033927 0.963938
0.001693 0.000450 0.034089 0.963768
0.002914 0.000900 0.038531 0.957656
0.001297 0.000311 0.035410 0.962982
0.001476 0.000373 0.034238 0.963913
0.001434 0.000360 0.034626 0.963581
0.001600 0.000418 0.034383 0.963599
0.001458 0.000367 0.034449 0.963726
0.003203 0.001006 0.039921 0.955871
0.001297 0.000311 0.035410 0.962982
0.001463 0.000368 0.034463 0.963705
0.001456 0.000367 0.034537 0.963639
0.001644 0.000434 0.034219 0.963702
0.001392 0.000344 0.035186 0.963078
0.002978 0.000921 0.039010 0.957092
0.001297 0.000311 0.035412 0.962980
0.001303 0.000312 0.035246 0.963139
0.001594 0.000416 0.034279 0.963710
0.001460 0.000368 0.034454 0.963718
0.001434 0.000360 0.034625 0.963582
0.001462 0.000370 0.034578 0.963590
0.001304 0.000312 0.034918 0.963466
0.001508 0.000385 0.035303 0.962804
0.001639 0.000433 0.034225 0.963704
0.001956 0.000548 0.035595 0.961901
0.001456 0.000367 0.034535 0.963641
0.001452 0.000366 0.034669 0.963513
0.001300 0.000311 0.035204 0.963185
0.001801 0.000490 0.034101 0.963607
0.001458 0.000368 0.034480 0.963693
0.002287 0.000668 0.035614 0.961431
0.001584 0.000414 0.034661 0.963341
0.001304 0.000312 0.034920 0.963464
0.001300 0.000311 0.035296 0.963092
0.001955 0.000547 0.034444 0.963054
0.001466 0.000370 0.034528 0.963636
0.002003 0.000565 0.034716 0.962717
0.001645 0.000434 0.034037 0.963884
0.001300 0.000311 0.035206 0.963183
0.001300 0.000311 0.035335 0.963054
0.002025 0.000571 0.034834 0.962571
0.001454 0.000366 0.034618 0.963562
0.002034 0.000575 0.034978 0.962414
0.001458 0.000368 0.034397 0.963776
0.001300 0.000311 0.035300 0.963088
0.001299 0.000311 0.035361 0.963029
0.001975 0.000553 0.034869 0.962603
0.001389 0.000343 0.035302 0.962966
0.001944 0.000542 0.034876 0.962638
0.001467 0.000371 0.034486 0.963677
0.001306 0.000313 0.034851 0.963531
0.001389 0.000343 0.035306 0.962962
0.001456 0.000367 0.034592 0.963585
0.001431 0.000359 0.034690 0.963521
0.001298 0.000311 0.035345 0.963046
0.001455 0.000366 0.034607 0.963571
0.001301 0.000311 0.035148 0.963240
0.001431 0.000359 0.034688 0.963522
0.001506 0.000385 0.035347 0.962762
0.001454 0.000367 0.034575 0.963604
0.001388 0.000343 0.035288 0.962980
0.001299 0.000311 0.035367 0.963023
0.001392 0.000344 0.035175 0.963089
0.001454 0.000367 0.034561 0.963618
0.001623 0.000427 0.033991 0.963959
0.001462 0.000370 0.034579 0.963589
0.001431 0.000359 0.034687 0.963523
0.001395 0.000345 0.034806 0.963454
0.001433 0.000360 0.034621 0.963586
0.001462 0.000370 0.034572 0.963596
0.001679 0.000448 0.034147 0.963726
0.001462 0.000368 0.034274 0.963896
0.001454 0.000367 0.034579 0.963600
0.001435 0.000360 0.034509 0.963696
0.001456 0.000367 0.034537 0.963639
0.001452 0.000366 0.034666 0.963515
0.001699 0.000454 0.034306 0.963541
0.001300 0.000311 0.035205 0.963184
0.001463 0.000370 0.034597 0.963570
0.001468 0.000371 0.034094 0.964067
0.001584 0.000414 0.034662 0.963339
0.001297 0.000311 0.035412 0.962981
0.001662 0.000440 0.034406 0.963491
0.001300 0.000311 0.035298 0.963090
0.001476 0.000372 0.033941 0.964211
0.001470 0.000372 0.034362 0.963796
0.001646 0.000435 0.034055 0.963865
0.001297 0.000311 0.035414 0.962978
0.001299 0.000311 0.035361 0.963029
0.001300 0.000311 0.035339 0.963050
0.001310 0.000314 0.034552 0.963824
0.001459 0.000367 0.034538 0.963636
0.001469 0.000371 0.034025 0.964135
0.001304 0.000312 0.034922 0.963462
0.001389 0.000343 0.035306 0.962962
0.001305 0.000312 0.034874 0.963508
0.001306 0.000313 0.034989 0.963392
0.001391 0.000344 0.035231 0.963034
0.001471 0.000372 0.034312 0.963845
0.001307 0.000313 0.034734 0.963646
0.001431 0.000359 0.034688 0.963522
0.001392 0.000344 0.035093 0.963171
0.001305 0.000312 0.035154 0.963228
0.001433 0.000359 0.034646 0.963562
0.001459 0.000368 0.034511 0.963663
0.001303 0.000312 0.035096 0.963289
0.001454 0.000367 0.034573 0.963606
0.001435 0.000360 0.034589 0.963616
0.001303 0.000312 0.035242 0.963143
0.001575 0.000411 0.034646 0.963368
0.001301 0.000311 0.035293 0.963095
0.001303 0.000312 0.035225 0.963160
0.001462 0.000370 0.034575 0.963593
0.001456 0.000368 0.034493 0.963683
0.001507 0.000385 0.035284 0.962824
0.001647 0.000437 0.034319 0.963597
0.001391 0.000344 0.035261 0.963004
0.001301 0.000311 0.035289 0.963098
0.001452 0.000366 0.034665 0.963517
0.001464 0.000370 0.034540 0.963625
0.001771 0.000482 0.034672 0.963074
0.001663 0.000442 0.034332 0.963563
0.001549 0.000401 0.034763 0.963286
0.001391 0.000344 0.035258 0.963008
0.001297 0.000311 0.035410 0.962982
0.001571 0.000409 0.034722 0.963299
0.001936 0.000541 0.034620 0.962903
0.001462 0.000370 0.034569 0.963600
0.001666 0.000441 0.033705 0.964188
0.001549 0.000401 0.034757 0.963292
0.001297 0.000311 0.035410 0.962982
0.001431 0.000359 0.034692 0.963518
0.002007 0.000566 0.034901 0.962527
0.001452 0.000366 0.034668 0.963514
0.001694 0.000452 0.034066 0.963788
0.001637 0.000433 0.034286 0.963644
0.001297 0.000311 0.035412 0.962980
0.001454 0.000367 0.034580 0.963598
0.001964 0.000549 0.034903 0.962583
0.001297 0.000311 0.035414 0.962979
0.001686 0.000449 0.034274 0.963590
0.001679 0.000448 0.034302 0.963572
0.001304 0.000312 0.034918 0.963466
0.001486 0.000376 0.033857 0.964282
0.001462 0.000368 0.034276 0.963894
0.001298 0.000311 0.035418 0.962974
0.001458 0.000367 0.034549 0.963626
0.001674 0.000445 0.034400 0.963482
0.001300 0.000311 0.035204 0.963185
0.001461 0.000368 0.034325 0.963846
0.001299 0.000311 0.035192 0.963197
0.001313 0.000314 0.034488 0.963885
0.001300 0.000311 0.035313 0.963075
0.001452 0.000366 0.034659 0.963523
0.001300 0.000311 0.035296 0.963092
0.001303 0.000312 0.035186 0.963199
0.001307 0.000313 0.034813 0.963568
0.001310 0.000314 0.034552 0.963824
0.001506 0.000385 0.035344 0.962765
0.001297 0.000310 0.035392 0.963001
0.001299 0.000311 0.035325 0.963065
0.001302 0.000312 0.035264 0.963122
0.001302 0.000312 0.035124 0.963263
0.001306 0.000313 0.034978 0.963403
0.001611 0.000424 0.034332 0.963633
0.001297 0.000311 0.035409 0.962983
0.001299 0.000311 0.035359 0.963032
0.001301 0.000311 0.035317 0.963071
0.001308 0.000313 0.034764 0.963615
0.001305 0.000312 0.035152 0.963231
0.001673 0.000446 0.034276 0.963606
0.001304 0.000312 0.034924 0.963461
0.001389 0.000343 0.035307 0.962961
0.001511 0.000386 0.034857 0.963245
0.001395 0.000345 0.035027 0.963234
0.001303 0.000312 0.035244 0.963142
0.001692 0.000452 0.034353 0.963503
0.001300 0.000311 0.035212 0.963177
0.001431 0.000359 0.034690 0.963520
0.001615 0.000425 0.034156 0.963804
0.001458 0.000366 0.033780 0.964397
0.001507 0.000385 0.035286 0.962822
0.001658 0.000439 0.034445 0.963457
0.001307 0.000313 0.034824 0.963556
0.001454 0.000367 0.034577 0.963602
0.001678 0.000447 0.034195 0.963680
0.001589 0.000414 0.034260 0.963737
0.001771 0.000482 0.034674 0.963073
0.001297 0.000311 0.035410 0.962982
0.001319 0.000316 0.034259 0.964106
0.001473 0.000372 0.034202 0.963953
0.001697 0.000453 0.034329 0.963522
0.001694 0.000449 0.033622 0.964234
0.001956 0.000547 0.034451 0.963045
0.001297 0.000311 0.035410 0.962982
0.001308 0.000313 0.034854 0.963525
0.001457 0.000367 0.034499 0.963677
0.001661 0.000440 0.034425 0.963474
0.001873 0.000515 0.034189 0.963423
0.002018 0.000569 0.034842 0.962571
0.001297 0.000311 0.035412 0.962980
0.001398 0.000346 0.035002 0.963254
0.001300 0.000311 0.035296 0.963092
0.001389 0.000343 0.035301 0.962967
0.001670 0.000443 0.033987 0.963900
0.001974 0.000552 0.034890 0.962584
0.001304 0.000312 0.034918 0.963466
0.001438 0.000361 0.034519 0.963682
0.001299 0.000311 0.035325 0.963065
0.001450 0.000364 0.033886 0.964299
0.002074 0.000590 0.035358 0.961979
0.001465 0.000369 0.034212 0.963954
0.001300 0.000311 0.035204 0.963185
0.001579 0.000412 0.034569 0.963440
0.001299 0.000311 0.035359 0.963032
0.001463 0.000369 0.034232 0.963936
0.001917 0.000534 0.034541 0.963008
0.001301 0.000312 0.035155 0.963232
0.001300 0.000311 0.035296 0.963092
0.002035 0.000578 0.035411 0.961976
0.001389 0.000343 0.035296 0.962973
0.001471 0.000372 0.034395 0.963762
0.002581 0.000777 0.037307 0.959336
0.001392 0.000344 0.035179 0.963085
0.001300 0.000311 0.035335 0.963054
0.002302 0.000675 0.035823 0.961200
0.001431 0.000359 0.034686 0.963524
0.001458 0.000367 0.034548 0.963626
0.002746 0.000838 0.037843 0.958573
0.001433 0.000360 0.034622 0.963585
0.001299 0.000311 0.035361 0.963029
0.001995 0.000562 0.034825 0.962617
0.001454 0.000367 0.034566 0.963613
0.001307 0.000313 0.034822 0.963559
0.003019 0.000938 0.039037 0.957007
0.001456 0.000368 0.034539 0.963638
0.001388 0.000343 0.035287 0.962982
0.001993 0.000560 0.034959 0.962488
0.001473 0.000372 0.034199 0.963956
0.001509 0.000386 0.035130 0.962976
0.002006 0.000566 0.034885 0.962544
0.001594 0.000416 0.034266 0.963724
0.001430 0.000359 0.034680 0.963530
0.001659 0.000439 0.034457 0.963445
0.001457 0.000367 0.034504 0.963672
0.001616 0.000425 0.034240 0.963718
0.001964 0.000550 0.034916 0.962570
0.001638 0.000432 0.034207 0.963723
0.001454 0.000367 0.034576 0.963603
0.001304 0.000312 0.034922 0.963462
0.001307 0.000313 0.034818 0.963562
0.001691 0.000451 0.033944 0.963915
0.001453 0.000366 0.034674 0.963507
0.001468 0.000371 0.034091 0.964070
0.001463 0.000370 0.034591 0.963576
0.001307 0.000313 0.034734 0.963646
0.001302 0.000312 0.035137 0.963249
0.001702 0.000455 0.034223 0.963620
0.001304 0.000312 0.034920 0.963464
0.001470 0.000372 0.034366 0.963792
0.001453 0.000366 0.034677 0.963505
0.001303 0.000312 0.035096 0.963289
0.001308 0.000313 0.034764 0.963614
0.001843 0.000505 0.034460 0.963192
0.001300 0.000311 0.035208 0.963181
0.001459 0.000367 0.034544 0.963629
0.001313 0.000314 0.034484 0.963889
0.001303 0.000312 0.035225 0.963160
0.001393 0.000344 0.034998 0.963265
0.001437 0.000360 0.034435 0.963768
0.001307 0.000313 0.034816 0.963564
0.001397 0.000345 0.034728 0.963530
0.001302 0.000312 0.034990 0.963396
0.001301 0.000311 0.035289 0.963098
0.001436 0.000360 0.034542 0.963662
0.001470 0.000371 0.034053 0.964106
0.001302 0.000312 0.035133 0.963253
0.001445 0.000363 0.034058 0.964134
0.001303 0.000312 0.035182 0.963203
0.001390 0.000343 0.035239 0.963028
0.001577 0.000411 0.034567 0.963444
0.001593 0.000416 0.034436 0.963555
0.001302 0.000312 0.035250 0.963136
0.001584 0.000413 0.034375 0.963628
0.001302 0.000312 0.035264 0.963122
0.001549 0.000401 0.034746 0.963304
0.001649 0.000437 0.034281 0.963633
0.001641 0.000433 0.034261 0.963665
0.001391 0.000344 0.035231 0.963034
0.001656 0.000439 0.034196 0.963709
0.001300 0.000311 0.035315 0.963073
0.001637 0.000433 0.034288 0.963643
0.001845 0.000507 0.034437 0.963212
0.001578 0.000412 0.034590 0.963420
0.001432 0.000359 0.034635 0.963574
0.001671 0.000444 0.034286 0.963600
0.001505 0.000385 0.035334 0.962776
0.001680 0.000448 0.034322 0.963551
0.001686 0.000447 0.033650 0.964217
0.001663 0.000441 0.033983 0.963913
0.001574 0.000410 0.034627 0.963389
0.001596 0.000417 0.034230 0.963757
0.001622 0.000427 0.033984 0.963966
0.001674 0.000445 0.034413 0.963468
0.001685 0.000448 0.034047 0.963820
0.001837 0.000505 0.034579 0.963080
0.001647 0.000437 0.034313 0.963604
0.001799 0.000491 0.034547 0.963162
0.001678 0.000447 0.034116 0.963759
0.001475 0.000371 0.033928 0.964225
0.001500 0.000379 0.033676 0.964445
0.001653 0.000438 0.034240 0.963669
0.001664 0.000442 0.034360 0.963533
0.001655 0.000438 0.033899 0.964007
0.001698 0.000454 0.034288 0.963560
0.001302 0.000312 0.034988 0.963398
0.001470 0.000370 0.034187 0.963973
0.001668 0.000443 0.034313 0.963576
0.001463 0.000370 0.034581 0.963587
0.001690 0.000451 0.034153 0.963706
0.001662 0.000440 0.034399 0.963499
0.001303 0.000312 0.035183 0.963201
0.001406 0.000347 0.034505 0.963742
0.001465 0.000370 0.034550 0.963615
0.001462 0.000368 0.034268 0.963902
0.001681 0.000447 0.034290 0.963582
0.001305 0.000312 0.034878 0.963505
0.001302 0.000312 0.035266 0.963120
0.001716 0.000460 0.034753 0.963071
0.001571 0.000409 0.034708 0.963312
0.001307 0.000313 0.034733 0.963647
0.001584 0.000412 0.034270 0.963734
0.001392 0.000344 0.035105 0.963159
0.001300 0.000311 0.035309 0.963079
0.001907 0.000530 0.034468 0.963095
0.001439 0.000361 0.034259 0.963941
0.001303 0.000312 0.035100 0.963285
0.001445 0.000362 0.034054 0.964138
0.001471 0.000369 0.033502 0.964658
0.001511 0.000386 0.034854 0.963248
0.002630 0.000795 0.037482 0.959094
0.001458 0.000368 0.034403 0.963770
0.001303 0.000312 0.035231 0.963154
0.001584 0.000413 0.034363 0.963640
0.001470 0.000371 0.033997 0.964161
0.001629 0.000429 0.033860 0.964082
0.003016 0.000937 0.039021 0.957027
0.001467 0.000371 0.034498 0.963663
0.001308 0.000313 0.034811 0.963568
0.001656 0.000439 0.034195 0.963710
0.001489 0.000376 0.033901 0.964234
0.001686 0.000449 0.034086 0.963779
0.002797 0.000856 0.038138 0.958210
0.001456 0.000367 0.034613 0.963565
0.001400 0.000346 0.034569 0.963685
0.001704 0.000453 0.033775 0.964068
0.001585 0.000412 0.034355 0.963647
0.001703 0.000455 0.034268 0.963575
0.001961 0.000550 0.034777 0.962712
0.001305 0.000312 0.034874 0.963508
0.001557 0.000404 0.034467 0.963572
0.001597 0.000417 0.034296 0.963690
0.001440 0.000361 0.034465 0.963733
0.001680 0.000445 0.034098 0.963778
0.001955 0.000547 0.034852 0.962646
0.001391 0.000344 0.035081 0.963184
0.001646 0.000436 0.034158 0.963761
0.001821 0.000497 0.034280 0.963402
0.001947 0.000545 0.035501 0.962007
0.001393 0.000344 0.035035 0.963228
0.001463 0.000370 0.034587 0.963580
0.001435 0.000360 0.034585 0.963621
0.001685 0.000449 0.034228 0.963638
0.001682 0.000445 0.033517 0.964355
0.002323 0.000681 0.035682 0.961314
0.001554 0.000403 0.034653 0.963390
0.001452 0.000366 0.034669 0.963513
0.001457 0.000368 0.034514 0.963661
0.001842 0.000507 0.034730 0.962922
0.001705 0.000455 0.033954 0.963886
0.002951 0.000907 0.038403 0.957739
0.001640 0.000434 0.034238 0.963688
0.001297 0.000311 0.035408 0.962984
0.001465 0.000370 0.034550 0.963615
0.001794 0.000490 0.034706 0.963011
0.002089 0.000595 0.035395 0.961921
0.002518 0.000747 0.036409 0.960326
0.001682 0.000449 0.034290 0.963580
0.001297 0.000311 0.035408 0.962984
0.001571 0.000409 0.034723 0.963297
0.001650 0.000437 0.033973 0.963941
0.001898 0.000527 0.034522 0.963053
0.002415 0.000710 0.036257 0.960617
0.001839 0.000506 0.034747 0.962908
0.001297 0.000310 0.035398 0.962995
0.001439 0.000361 0.034264 0.963936
0.001685 0.000449 0.034167 0.963698
0.001863 0.000513 0.034339 0.963285
0.001486 0.000376 0.033980 0.964158
0.001645 0.000434 0.034045 0.963875
0.001297 0.000310 0.035406 0.962987
0.001458 0.000368 0.034402 0.963772
0.001695 0.000451 0.034057 0.963797
0.002578 0.000775 0.037228 0.959418
0.001583 0.000412 0.034420 0.963585
0.001458 0.000368 0.034403 0.963770
0.001297 0.000310 0.035393 0.963000
0.001467 0.000371 0.034496 0.963666
0.001460 0.000368 0.034444 0.963728
0.002940 0.000908 0.038581 0.957572
0.001710 0.000459 0.034907 0.962924
0.001467 0.000371 0.034498 0.963663
0.001297 0.000310 0.035405 0.962987
0.001455 0.000367 0.034609 0.963569
0.001302 0.000312 0.035244 0.963143
0.001998 0.000563 0.034759 0.962680
0.002136 0.000614 0.035371 0.961878
0.001455 0.000366 0.034601 0.963578
0.001297 0.000311 0.035415 0.962977
0.001299 0.000311 0.035361 0.963029
0.001392 0.000344 0.035234 0.963030
0.001994 0.000561 0.034915 0.962530
0.002404 0.000711 0.036198 0.960687
0.001305 0.000312 0.034863 0.963519
0.001304 0.000312 0.034922 0.963462
0.001389 0.000343 0.035306 0.962962
0.001453 0.000364 0.033856 0.964327
0.001836 0.000503 0.034512 0.963150
0.002850 0.000876 0.038302 0.957972
0.001392 0.000344 0.035091 0.963174
0.001300 0.000311 0.035212 0.963177
0.001431 0.000359 0.034688 0.963522
0.001585 0.000413 0.034309 0.963693
0.001435 0.000360 0.034513 0.963692
0.002343 0.000688 0.036079 0.960890
0.001435 0.000360 0.034592 0.963613
0.001316 0.000315 0.034391 0.963978
0.001454 0.000367 0.034573 0.963606
0.001658 0.000440 0.034161 0.963741
0.001468 0.000371 0.034090 0.964071
0.001664 0.000442 0.034356 0.963538
0.001457 0.000368 0.034518 0.963657
0.001305 0.000312 0.034932 0.963450
0.001463 0.000370 0.034587 0.963580
0.001687 0.000448 0.033983 0.963882
0.001495 0.000378 0.033683 0.964444
0.001473 0.000372 0.034207 0.963947
0.001474 0.000373 0.034152 0.964001
0.001305 0.000312 0.035129 0.963254
0.001452 0.000366 0.034669 0.963513
0.001471 0.000372 0.034345 0.963812
0.001468 0.000370 0.034211 0.963951
0.001457 0.000367 0.034509 0.963667
0.001586 0.000413 0.034171 0.963831
0.001394 0.000344 0.035152 0.963110
0.001297 0.000310 0.035398 0.962995
0.001732 0.000466 0.034916 0.962886
0.001398 0.000346 0.035004 0.963252
0.001316 0.000315 0.034395 0.963974
0.001439 0.000361 0.034414 0.963787
0.001434 0.000360 0.034605 0.963601
0.001297 0.000310 0.035406 0.962987
0.001615 0.000425 0.034282 0.963678
0.001438 0.000361 0.034523 0.963678
0.001313 0.000314 0.034489 0.963884
0.001462 0.000369 0.034425 0.963744
0.001734 0.000468 0.034951 0.962848
0.001297 0.000310 0.035400 0.962993
0.001689 0.000450 0.033962 0.963899
0.001589 0.000414 0.034186 0.963811
0.001308 0.000313 0.034934 0.963445
0.001468 0.000371 0.034497 0.963664
0.001908 0.000531 0.034623 0.962938
0.001297 0.000310 0.035407 0.962985
0.001873 0.000517 0.034657 0.962952
0.002043 0.000580 0.035283 0.962094
0.001397 0.000345 0.035040 0.963217
0.001596 0.000415 0.033950 0.964039
0.001994 0.000560 0.034645 0.962801
0.001297 0.000310 0.035404 0.962989
0.001919 0.000534 0.034692 0.962855
0.002311 0.000677 0.035793 0.961219
0.001437 0.000360 0.034542 0.963660
0.001558 0.000404 0.034389 0.963650
0.001699 0.000454 0.034230 0.963617
0.001304 0.000312 0.034917 0.963467
0.001457 0.000368 0.034512 0.963663
0.002000 0.000564 0.034798 0.962638
0.001736 0.000468 0.034915 0.962881
0.001648 0.000436 0.034138 0.963777
0.001663 0.000441 0.034354 0.963542
0.001300 0.000311 0.035209 0.963179
0.001465 0.000370 0.034548 0.963617
0.001996 0.000561 0.034940 0.962503
0.002148 0.000619 0.035495 0.961738
0.001687 0.000450 0.034231 0.963631
0.001299 0.000311 0.035332 0.963058
0.001307 0.000313 0.034818 0.963562
0.001570 0.000409 0.034705 0.963315
0.001821 0.000499 0.034783 0.962898
0.002395 0.000706 0.036048 0.960851
0.001679 0.000446 0.034348 0.963527
0.001299 0.000311 0.035366 0.963024
0.001302 0.000312 0.035137 0.963248
0.001431 0.000359 0.034684 0.963526
0.001450 0.000364 0.033885 0.964301
0.002016 0.000569 0.034813 0.962602
0.001737 0.000468 0.034640 0.963156
0.001389 0.000343 0.035313 0.962955
0.001309 0.000313 0.034773 0.963605
0.001454 0.000367 0.034574 0.963605
0.001474 0.000372 0.033869 0.964285
0.001973 0.000552 0.034877 0.962598
0.001617 0.000426 0.034181 0.963776
0.001439 0.000361 0.034271 0.963929
0.001394 0.000345 0.035021 0.963240
0.001463 0.000370 0.034589 0.963578
0.001476 0.000373 0.034248 0.963903
0.001455 0.000367 0.034610 0.963568
0.001679 0.000447 0.034208 0.963665
0.001482 0.000374 0.033699 0.964445
0.001437 0.000360 0.034548 0.963655
0.001452 0.000366 0.034661 0.963521
0.001462 0.000368 0.034450 0.963719
0.001299 0.000311 0.035363 0.963027
0.001696 0.000453 0.034327 0.963524
0.001476 0.000373 0.034170 0.963981
0.001578 0.000411 0.034572 0.963439
0.001303 0.000312 0.034908 0.963477
0.001303 0.000312 0.035243 0.963142
0.001389 0.000343 0.035309 0.962958
0.001661 0.000440 0.034421 0.963478
0.001464 0.000369 0.034428 0.963739
0.001649 0.000437 0.034280 0.963634
0.001299 0.000311 0.035193 0.963196
0.001513 0.000387 0.034813 0.963287
0.001439 0.000361 0.034264 0.963936
0.001389 0.000343 0.035306 0.962962
0.001304 0.000312 0.035217 0.963167
0.001830 0.000503 0.034719 0.962948
0.001300 0.000311 0.035297 0.963091
0.001777 0.000484 0.034523 0.963216
0.001457 0.000368 0.034381 0.963793
0.001431 0.000359 0.034688 0.963522
0.001392 0.000344 0.035209 0.963055
0.001646 0.000436 0.034296 0.963622
0.001300 0.000311 0.035343 0.963046
0.001943 0.000544 0.034569 0.962944
0.001466 0.000371 0.034477 0.963685
0.001454 0.000367 0.034573 0.963606
0.001703 0.000457 0.035034 0.962807
0.001664 0.000442 0.034347 0.963547
0.001305 0.000312 0.034880 0.963502
0.002034 0.000574 0.034722 0.962670
0.001455 0.000366 0.034591 0.963588
0.001463 0.000370 0.034587 0.963580
0.001895 0.000527 0.034564 0.963014
0.001473 0.000372 0.034205 0.963950
0.001398 0.000346 0.034616 0.963640
0.001977 0.000553 0.034803 0.962667
0.001299 0.000311 0.035362 0.963028
0.001452 0.000366 0.034669 0.963513
0.001994 0.000562 0.034812 0.962631
0.001457 0.000367 0.034503 0.963673
0.001448 0.000363 0.034003 0.964186
0.001576 0.000410 0.034628 0.963386
0.001389 0.000343 0.035317 0.962950
0.001297 0.000310 0.035398 0.962994
0.001992 0.000560 0.034946 0.962501
0.001300 0.000311 0.035294 0.963094
0.001466 0.000370 0.034252 0.963912
0.001442 0.000362 0.034209 0.963987
0.001451 0.000364 0.033898 0.964287
0.001297 0.000310 0.035406 0.962987
0.001659 0.000439 0.034453 0.963449
0.001315 0.000315 0.034418 0.963952
0.001472 0.000372 0.034403 0.963753
0.001470 0.000371 0.033980 0.964178
0.001474 0.000372 0.033881 0.964272
0.001297 0.000310 0.035400 0.962993
0.001297 0.000310 0.035400 0.962992
0.001304 0.000312 0.034958 0.963426
0.001576 0.000410 0.034610 0.963405
0.001594 0.000416 0.034404 0.963586
0.001502 0.000380 0.033587 0.964531
0.001297 0.000310 0.035407 0.962985
0.001297 0.000310 0.035400 0.962992
0.001396 0.000345 0.035075 0.963184
0.001550 0.000402 0.034700 0.963348
0.001656 0.000437 0.033945 0.963962
0.001472 0.000371 0.034134 0.964023
0.001297 0.000311 0.035414 0.962978
0.001304 0.000312 0.034917 0.963467
0.001437 0.000360 0.034563 0.963640
0.001815 0.000497 0.034354 0.963334
0.001463 0.000369 0.034308 0.963859
0.001309 0.000313 0.035027 0.963350
0.001304 0.000312 0.034920 0.963464
0.001300 0.000311 0.035207 0.963182
0.001468 0.000370 0.034103 0.964059
0.001955 0.000547 0.034613 0.962885
0.001591 0.000415 0.034519 0.963475
0.001513 0.000387 0.035153 0.962947
0.001300 0.000311 0.035198 0.963192
0.001301 0.000311 0.035302 0.963086
0.001749 0.000473 0.034810 0.962968
0.001986 0.000558 0.034814 0.962642
0.001811 0.000494 0.034363 0.963331
0.001776 0.000484 0.034619 0.963122
0.001307 0.000313 0.034805 0.963576
0.001306 0.000313 0.034855 0.963526
0.001894 0.000525 0.034563 0.963017
0.001693 0.000450 0.034084 0.963773
0.001644 0.000435 0.034099 0.963822
0.002560 0.000768 0.037031 0.959641
0.001302 0.000312 0.035132 0.963254
0.001309 0.000313 0.034692 0.963687
0.001676 0.000447 0.034230 0.963646
0.001469 0.000370 0.034093 0.964068
0.001857 0.000512 0.034647 0.962984
0.003083 0.000960 0.039235 0.956722
0.001302 0.000312 0.035244 0.963143
0.001395 0.000345 0.034982 0.963278
0.001694 0.000452 0.034313 0.963541
0.001395 0.000345 0.034984 0.963276
0.001939 0.000541 0.034718 0.962802
0.003132 0.000978 0.039516 0.956374
0.001392 0.000344 0.035232 0.963032
0.001437 0.000360 0.034514 0.963688
0.001819 0.000498 0.034759 0.962924
0.001438 0.000361 0.034530 0.963672
0.001681 0.000447 0.034045 0.963827
0.001994 0.000561 0.034871 0.962574
0.001441 0.000361 0.034229 0.963968
0.001459 0.000368 0.034469 0.963704
0.001431 0.000359 0.034691 0.963519
0.001468 0.000371 0.034074 0.964087
0.001589 0.000415 0.034495 0.963501
0.001660 0.000440 0.034398 0.963503
0.001590 0.000415 0.034110 0.963885
0.001586 0.000414 0.034621 0.963379
0.001454 0.000367 0.034577 0.963602
0.001591 0.000415 0.034449 0.963545
0.001652 0.000436 0.033987 0.963925
0.001389 0.000343 0.035308 0.962959
0.001660 0.000440 0.034117 0.963783
0.001793 0.000489 0.034686 0.963032
0.001463 0.000370 0.034595 0.963572
0.001799 0.000491 0.034617 0.963093
0.001461 0.000369 0.034343 0.963827
0.001431 0.000359 0.034690 0.963521
0.001689 0.000449 0.033973 0.963889
0.001636 0.000433 0.034282 0.963648
0.001475 0.000372 0.033938 0.964215
0.001640 0.000434 0.034232 0.963694
0.001469 0.000371 0.034446 0.963714
0.001477 0.000373 0.033838 0.964313
0.001472 0.000372 0.034325 0.963830
0.001694 0.000452 0.034040 0.963814
0.001303 0.000312 0.035001 0.963385
0.001682 0.000449 0.034291 0.963578
0.001574 0.000410 0.034655 0.963362
0.001498 0.000379 0.033611 0.964512
0.001578 0.000411 0.034591 0.963420
0.001681 0.000447 0.034283 0.963589
0.001303 0.000312 0.035184 0.963200
0.001856 0.000510 0.034510 0.963124
0.001433 0.000359 0.034648 0.963560
0.001482 0.000373 0.033829 0.964315
0.001552 0.000402 0.034694 0.963352
0.001457 0.000367 0.034581 0.963595
0.001302 0.000312 0.035262 0.963124
0.001639 0.000433 0.034228 0.963700
0.001575 0.000411 0.034648 0.963366
0.001311 0.000314 0.034860 0.963515
0.001639 0.000434 0.034253 0.963674
0.001306 0.000313 0.034842 0.963540
0.001300 0.000311 0.035313 0.963075
0.001468 0.000371 0.034094 0.964067
0.001647 0.000437 0.034322 0.963594
0.001315 0.000315 0.034600 0.963770
0.001850 0.000510 0.034714 0.962926
0.001301 0.000312 0.035155 0.963232
0.001506 0.000385 0.035344 0.962765
0.001470 0.000372 0.034362 0.963796
0.001678 0.000446 0.034056 0.963820
0.001515 0.000387 0.034973 0.963125
0.001934 0.000540 0.034748 0.962779
0.001392 0.000344 0.035191 0.963073
0.001611 0.000424 0.034332 0.963633
0.001458 0.000367 0.034527 0.963648
0.001466 0.000371 0.034396 0.963767
0.001998 0.000563 0.035294 0.962145
0.001664 0.000442 0.034357 0.963536
0.001434 0.000360 0.034626 0.963581
0.001673 0.000446 0.034276 0.963606
0.001391 0.000344 0.035227 0.963038
0.001456 0.000367 0.034560 0.963617
0.002721 0.000829 0.037706 0.958744
0.001463 0.000370 0.034587 0.963580
0.001456 0.000367 0.034525 0.963652
0.001692 0.000452 0.034353 0.963503
0.001433 0.000359 0.034648 0.963560
0.001300 0.000311 0.035338 0.963051
0.003159 0.000990 0.039657 0.956195
0.001452 0.000366 0.034669 0.963513
0.001593 0.000416 0.034259 0.963732
0.001658 0.000439 0.034445 0.963457
0.001575 0.000411 0.034634 0.963381
0.001299 0.000311 0.035371 0.963019
0.003794 0.001228 0.042954 0.952024
0.001297 0.000311 0.035408 0.962984
0.001638 0.000433 0.034219 0.963709
0.001297 0.000311 0.035410 0.962982
0.001647 0.000437 0.034315 0.963601
0.001395 0.000345 0.034813 0.963447
0.002348 0.000690 0.036151 0.960811
0.001297 0.000311 0.035408 0.962984
0.001459 0.000368 0.034483 0.963690
0.001297 0.000310 0.035394 0.962999
0.001679 0.000446 0.034072 0.963803
0.001456 0.000365 0.033750 0.964429
0.001663 0.000442 0.034332 0.963563
0.001297 0.000311 0.035408 0.962984
0.001466 0.000370 0.034522 0.963642
0.001297 0.000310 0.035398 0.962994
0.001467 0.000371 0.034409 0.963753
0.001479 0.000373 0.033798 0.964350
0.001462 0.000370 0.034569 0.963600
0.001297 0.000311 0.035408 0.962984
0.001464 0.000369 0.034231 0.963937
0.001304 0.000312 0.034919 0.963465
0.001457 0.000367 0.034577 0.963600
0.001479 0.000374 0.034179 0.963968
0.001452 0.000366 0.034652 0.963531
0.001297 0.000311 0.035408 0.962984
0.001398 0.000345 0.034610 0.963647
0.001300 0.000311 0.035209 0.963180
0.001306 0.000313 0.034852 0.963529
0.001465 0.000369 0.034419 0.963747
0.001297 0.000311 0.035409 0.962983
0.001297 0.000311 0.035408 0.962984
0.001438 0.000361 0.034402 0.963799
0.001301 0.000311 0.035306 0.963082
0.001302 0.000312 0.035160 0.963227
0.001395 0.000345 0.035137 0.963124
0.001297 0.000311 0.035412 0.962980
0.001297 0.000311 0.035408 0.962984
0.001461 0.000369 0.034423 0.963747
0.001315 0.000315 0.034425 0.963945
0.001393 0.000344 0.035193 0.963070
0.001705 0.000457 0.034997 0.962841
0.001313 0.000314 0.034489 0.963884
0.001297 0.000310 0.035398 0.962995
0.001478 0.000374 0.034105 0.964043
0.001312 0.000314 0.034510 0.963864
0.001442 0.000362 0.034193 0.964004
0.002133 0.000614 0.035431 0.961823
0.001311 0.000314 0.034562 0.963814
0.001297 0.000310 0.035405 0.962987
0.001588 0.000413 0.034144 0.963855
0.001399 0.000346 0.034870 0.963385
0.001459 0.000368 0.034340 0.963832
0.002429 0.000719 0.036127 0.960725
0.001324 0.000317 0.034136 0.964223
0.001297 0.000311 0.035410 0.962982
0.001558 0.000404 0.034486 0.963552
0.001441 0.000361 0.034464 0.963734
0.001589 0.000415 0.034558 0.963439
0.002470 0.000733 0.036535 0.960262
0.001311 0.000314 0.034767 0.963609
0.001297 0.000310 0.035400 0.962993
0.001659 0.000439 0.033849 0.964053
0.001460 0.000369 0.034422 0.963749
0.001636 0.000432 0.034320 0.963612
0.001973 0.000552 0.034888 0.962586
0.001316 0.000315 0.034567 0.963801
0.001297 0.000310 0.035400 0.962992
0.001692 0.000451 0.034101 0.963757
0.001745 0.000472 0.034921 0.962863
0.001456 0.000367 0.034530 0.963647
0.001455 0.000366 0.034592 0.963587
0.001517 0.000388 0.034949 0.963147
0.001304 0.000312 0.034917 0.963467
0.001866 0.000513 0.034422 0.963200
0.002117 0.000607 0.035399 0.961877
0.001594 0.000416 0.034278 0.963711
0.001298 0.000311 0.035345 0.963046
0.001783 0.000485 0.034548 0.963184
0.001300 0.000311 0.035207 0.963182
0.001805 0.000493 0.034533 0.963169
0.001935 0.000541 0.034612 0.962912
0.001670 0.000441 0.033669 0.964220
0.001394 0.000345 0.034799 0.963462
0.002566 0.000770 0.037017 0.959647
0.001300 0.000311 0.035292 0.963097
0.001645 0.000435 0.034185 0.963735
0.002005 0.000566 0.034876 0.962553
0.001467 0.000370 0.034144 0.964019
0.001435 0.000360 0.034512 0.963693
0.003083 0.000961 0.039219 0.956737
0.001306 0.000313 0.034852 0.963529
0.001871 0.000516 0.034424 0.963190
0.001985 0.000555 0.034728 0.962732
0.001474 0.000373 0.034342 0.963811
0.001458 0.000368 0.034472 0.963702
0.003810 0.001233 0.042967 0.951989
0.001309 0.000313 0.034693 0.963685
0.001968 0.000549 0.034470 0.963013
0.001456 0.000367 0.034491 0.963685
0.001471 0.000370 0.034129 0.964030
0.001489 0.000376 0.033815 0.964320
0.002396 0.000707 0.036275 0.960621
0.001395 0.000345 0.034984 0.963276
0.001845 0.000507 0.034545 0.963103
0.001307 0.000313 0.034821 0.963559
0.001395 0.000345 0.034983 0.963277
0.001489 0.000375 0.033629 0.964508
0.001958 0.000547 0.034830 0.962665
0.001438 0.000361 0.034530 0.963672
0.001656 0.000439 0.034184 0.963721
0.001310 0.000313 0.034677 0.963700
0.001717 0.000461 0.034553 0.963269
0.001402 0.000346 0.034663 0.963588
0.001584 0.000414 0.034658 0.963344
0.001469 0.000371 0.034086 0.964075
0.001670 0.000444 0.034275 0.963611
0.001312 0.000314 0.034600 0.963773
0.001907 0.000530 0.034410 0.963153
0.001445 0.000362 0.034378 0.963814
0.001632 0.000431 0.034350 0.963588
0.001591 0.000416 0.034455 0.963538
0.001586 0.000414 0.034621 0.963379
0.001405 0.000347 0.034449 0.963799
0.002029 0.000572 0.034624 0.962776
0.001487 0.000375 0.033657 0.964480
0.001454 0.000367 0.034569 0.963610
0.001800 0.000491 0.034638 0.963071
0.001794 0.000490 0.034706 0.963011
0.001453 0.000364 0.033923 0.964259
0.002261 0.000658 0.035789 0.961292
0.001760 0.000476 0.034584 0.963180
0.001463 0.000370 0.034589 0.963579
0.001640 0.000434 0.034237 0.963689
0.001637 0.000433 0.034289 0.963641
0.001590 0.000415 0.034283 0.963713
0.001967 0.000547 0.034346 0.963140
0.002518 0.000749 0.036561 0.960172
0.001453 0.000366 0.034671 0.963511
0.001680 0.000448 0.034257 0.963615
0.001694 0.000452 0.034039 0.963815
0.001825 0.000500 0.034547 0.963128
0.001589 0.000414 0.034255 0.963742
0.002370 0.000697 0.035804 0.961128
0.001297 0.000310 0.035402 0.962990
0.001839 0.000506 0.034738 0.962917
0.001681 0.000447 0.034281 0.963591
0.002169 0.000626 0.035493 0.961712
0.001676 0.000444 0.033858 0.964022
0.002521 0.000751 0.036623 0.960105
0.001303 0.000312 0.034908 0.963477
0.001633 0.000431 0.034368 0.963568
0.001457 0.000367 0.034577 0.963599
0.002195 0.000636 0.035594 0.961576
0.001847 0.000507 0.034524 0.963122
0.003431 0.001089 0.041100 0.954381
0.001300 0.000311 0.035203 0.963186
0.001454 0.000367 0.034579 0.963599
0.001300 0.000311 0.035335 0.963054
0.002753 0.000840 0.037879 0.958528
0.001657 0.000439 0.034183 0.963720
0.002300 0.000672 0.035748 0.961279
0.001300 0.000311 0.035290 0.963099
0.001463 0.000370 0.034599 0.963568
0.001298 0.000311 0.035351 0.963040
0.002400 0.000708 0.036093 0.960799
0.002060 0.000586 0.035435 0.961919
0.002100 0.000599 0.035172 0.962129
0.001300 0.000311 0.035339 0.963051
0.001491 0.000376 0.033639 0.964494
0.001389 0.000343 0.035302 0.962966
0.001988 0.000558 0.034770 0.962684
0.001910 0.000532 0.034597 0.962960
0.002377 0.000701 0.035987 0.960934
0.001305 0.000312 0.034871 0.963511
0.001305 0.000312 0.034795 0.963587
0.001430 0.000359 0.034678 0.963533
0.001680 0.000447 0.034336 0.963538
0.002223 0.000646 0.035732 0.961400
0.002417 0.000714 0.036284 0.960584
0.001398 0.000345 0.034611 0.963646
0.001307 0.000313 0.035076 0.963304
0.001454 0.000367 0.034571 0.963608
0.001456 0.000367 0.034614 0.963564
0.001961 0.000550 0.034777 0.962712
0.001867 0.000516 0.034701 0.962916
0.001439 0.000361 0.034416 0.963785
0.001305 0.000312 0.035194 0.963190
0.001463 0.000370 0.034581 0.963587
0.001305 0.000312 0.034868 0.963515
0.001955 0.000547 0.034852 0.962646
0.001932 0.000537 0.034489 0.963042
0.001472 0.000371 0.034042 0.964115
0.001302 0.000312 0.035272 0.963114
0.001462 0.000368 0.034276 0.963894
0.001391 0.000344 0.035082 0.963183
0.001463 0.000370 0.034587 0.963580
0.001590 0.000415 0.034107 0.963889
0.001472 0.000372 0.034329 0.963826
0.001671 0.000443 0.034696 0.963190
0.001300 0.000311 0.035209 0.963179
0.001443 0.000362 0.034161 0.964034
0.001452 0.000366 0.034669 0.963513
0.001674 0.000444 0.033840 0.964041
0.001588 0.000413 0.034217 0.963782
0.001883 0.000521 0.034322 0.963274
0.001307 0.000313 0.034818 0.963562
0.001461 0.000369 0.034343 0.963827
0.001297 0.000310 0.035392 0.963001
0.001697 0.000451 0.033873 0.963979
0.001557 0.000403 0.034515 0.963525
0.002011 0.000567 0.034721 0.962702
0.001302 0.000312 0.035137 0.963248
0.001469 0.000371 0.034466 0.963693
0.001297 0.000310 0.035403 0.962989
0.001488 0.000376 0.033895 0.964241
0.001643 0.000435 0.034154 0.963768
0.002034 0.000575 0.034932 0.962460
0.001309 0.000313 0.034773 0.963605
0.001584 0.000412 0.034284 0.963720
0.001297 0.000310 0.035402 0.962991
0.001598 0.000416 0.034022 0.963965
0.001852 0.000511 0.034634 0.963003
0.001944 0.000542 0.034849 0.962665
0.001394 0.000345 0.035021 0.963240
0.001446 0.000363 0.034066 0.964125
0.001297 0.000311 0.035409 0.962983
0.001562 0.000405 0.034360 0.963673
0.001936 0.000540 0.034713 0.962811
0.001505 0.000385 0.035324 0.962786
0.001437 0.000360 0.034548 0.963655
0.001596 0.000416 0.034030 0.963958
0.001297 0.000311 0.035408 0.962984
0.001812 0.000496 0.034480 0.963212
0.001829 0.000502 0.034701 0.962967
0.001610 0.000424 0.034308 0.963658
0.001578 0.000411 0.034572 0.963439
0.001663 0.000441 0.034070 0.963826
0.001312 0.000314 0.034476 0.963897
0.002195 0.000636 0.035491 0.961679
0.001647 0.000437 0.034320 0.963596
0.001672 0.000446 0.034259 0.963624
0.001649 0.000437 0.034280 0.963634
0.001676 0.000445 0.034217 0.963661
0.001303 0.000312 0.035004 0.963382
0.002754 0.000841 0.037856 0.958549
0.001697 0.000451 0.033823 0.964029
0.001708 0.000456 0.034098 0.963738
0.001830 0.000503 0.034719 0.962948
0.001590 0.000415 0.034563 0.963433
0.001310 0.000314 0.034717 0.963658
0.002748 0.000839 0.037810 0.958603
0.001483 0.000375 0.033902 0.964240
0.001666 0.000441 0.034333 0.963560
0.001647 0.000437 0.034321 0.963595
0.001795 0.000490 0.034654 0.963061
0.001305 0.000312 0.035069 0.963314
0.002432 0.000717 0.036018 0.960834
0.001465 0.000369 0.034316 0.963849
0.001317 0.000315 0.034397 0.963972
0.001664 0.000442 0.034360 0.963533
0.001801 0.000493 0.034646 0.963060
0.001310 0.000314 0.034732 0.963643
0.002022 0.000568 0.034557 0.962853
0.001312 0.000314 0.034684 0.963690
0.001313 0.000314 0.034493 0.963880
0.001473 0.000372 0.034202 0.963953
0.001945 0.000544 0.034697 0.962814
0.001518 0.000388 0.034601 0.963493
0.001731 0.000460 0.033714 0.964095
0.001306 0.000313 0.035048 0.963333
0.001315 0.000315 0.034488 0.963882
0.001457 0.000367 0.034499 0.963677
0.001979 0.000556 0.034874 0.962592
0.001625 0.000428 0.034073 0.963875
0.001472 0.000371 0.034137 0.964020
0.001517 0.000388 0.034697 0.963398
0.001400 0.000346 0.034837 0.963416
0.001300 0.000311 0.035296 0.963092
0.001674 0.000445 0.034410 0.963471
0.001855 0.000511 0.034579 0.963055
0.001326 0.000317 0.034162 0.964194
0.001782 0.000485 0.034489 0.963244
0.001441 0.000362 0.034447 0.963750
0.001300 0.000311 0.035335 0.963054
0.001462 0.000368 0.034278 0.963892
0.001969 0.000552 0.034726 0.962753
0.001528 0.000390 0.034313 0.963769
0.001968 0.000550 0.034397 0.963085
0.001739 0.000469 0.034862 0.962930
0.001299 0.000311 0.035361 0.963029
0.001299 0.000311 0.035194 0.963196
0.002199 0.000636 0.035683 0.961482
0.001810 0.000493 0.034050 0.963647
0.002285 0.000667 0.035815 0.961233
0.002150 0.000620 0.035474 0.961757
0.001389 0.000343 0.035306 0.962962
0.001300 0.000311 0.035294 0.963095
0.001812 0.000497 0.034670 0.963022
0.002571 0.000771 0.037038 0.959621
0.002361 0.000694 0.036127 0.960818
0.002779 0.000848 0.037799 0.958574
0.001431 0.000359 0.034688 0.963522
0.001300 0.000311 0.035337 0.963053
0.001922 0.000536 0.034670 0.962872
0.003123 0.000973 0.039239 0.956664
0.001849 0.000508 0.034396 0.963247
0.002427 0.000719 0.036234 0.960620
0.001454 0.000367 0.034573 0.963606
0.001299 0.000311 0.035363 0.963027
0.001679 0.000448 0.034319 0.963554
0.004813 0.001616 0.047821 0.945750
0.001655 0.000439 0.034129 0.963778
0.002421 0.000715 0.036397 0.960467
0.001463 0.000370 0.034587 0.963580
0.001389 0.000343 0.035309 0.962958
0.001674 0.000445 0.034409 0.963472
0.003653 0.001175 0.042071 0.953101
0.001837 0.000505 0.034649 0.963010
0.001678 0.000446 0.034365 0.963511
0.001452 0.000366 0.034669 0.963513
0.001439 0.000361 0.034264 0.963936
0.001453 0.000366 0.034673 0.963509
0.003698 0.001190 0.042231 0.952882
0.001651 0.000438 0.034274 0.963638
0.001455 0.000366 0.034635 0.963544
0.001297 0.000311 0.035408 0.962984
0.001458 0.000368 0.034402 0.963772
0.001304 0.000312 0.034918 0.963466
0.002434 0.000721 0.036280 0.960566
0.001667 0.000443 0.034332 0.963559
0.001395 0.000345 0.034808 0.963453
0.001297 0.000311 0.035408 0.962984
0.001466 0.000371 0.034477 0.963686
0.001300 0.000311 0.035204 0.963185
0.002810 0.000859 0.038172 0.958159
0.001594 0.000416 0.034282 0.963707
0.001444 0.000362 0.034101 0.964094
0.001297 0.000311 0.035408 0.962984
0.001455 0.000366 0.034601 0.963578
0.001300 0.000311 0.035296 0.963092
0.001959 0.000547 0.034535 0.962959
