0.000835 0.000131 0.071665 0.927368
0.000899 0.000160 0.058203 0.940738
0.000853 0.000140 0.066867 0.932141
0.000879 0.000154 0.057944 0.941023
0.000847 0.000137 0.068954 0.930062
0.000874 0.000153 0.057752 0.941221
0.000835 0.000131 0.071665 0.927369
0.000868 0.000146 0.064423 0.934564
0.000854 0.000140 0.066622 0.932383
0.000868 0.000147 0.062015 0.936970
0.000863 0.000144 0.065130 0.933863
0.000893 0.000159 0.057431 0.941517
0.000835 0.000131 0.071664 0.927369
0.000872 0.000148 0.063124 0.935856
0.000853 0.000140 0.066738 0.932268
0.000852 0.000139 0.066367 0.932641
0.000871 0.000148 0.063183 0.935798
0.000900 0.000161 0.057096 0.941843
0.000828 0.000130 0.070570 0.928472
0.000854 0.000140 0.067092 0.931915
0.000848 0.000137 0.069277 0.929738
0.000880 0.000152 0.061536 0.937433
0.000889 0.000156 0.060098 0.938858
0.000899 0.000160 0.057845 0.941096
0.000833 0.000131 0.071247 0.927789
0.000854 0.000140 0.066743 0.932263
0.000845 0.000138 0.066704 0.932313
0.000918 0.000170 0.054484 0.944428
0.000896 0.000159 0.058684 0.940261
0.000842 0.000136 0.068084 0.930939
0.000834 0.000131 0.071402 0.927633
0.000854 0.000140 0.066869 0.932138
0.000852 0.000139 0.066693 0.932316
0.000929 0.000175 0.053092 0.945803
0.000875 0.000149 0.062547 0.936429
0.000868 0.000149 0.061428 0.937555
0.000835 0.000131 0.071479 0.927555
0.000835 0.000131 0.071638 0.927396
0.000854 0.000140 0.066548 0.932458
0.000954 0.000184 0.050860 0.948002
0.000854 0.000140 0.066743 0.932263
0.000888 0.000156 0.058951 0.940005
0.000835 0.000131 0.071562 0.927471
0.000835 0.000131 0.071667 0.927367
0.000839 0.000137 0.064627 0.934397
0.000962 0.000187 0.050432 0.948420
0.000854 0.000140 0.066900 0.932106
0.000891 0.000158 0.056970 0.941980
0.000848 0.000137 0.069276 0.929740
0.000835 0.000131 0.071666 0.927367
0.000831 0.000131 0.070680 0.928359
0.000901 0.000160 0.058070 0.940869
0.000835 0.000131 0.071637 0.927397
0.000899 0.000160 0.057307 0.941633
0.000852 0.000139 0.067721 0.931288
0.000828 0.000130 0.070571 0.928470
0.000846 0.000136 0.068830 0.930188
0.000854 0.000140 0.066899 0.932107
0.000835 0.000131 0.071666 0.927368
0.000889 0.000156 0.059835 0.939120
0.000847 0.000139 0.066060 0.932955
0.000826 0.000130 0.070146 0.928898
0.000850 0.000138 0.067358 0.931653
0.000828 0.000130 0.070570 0.928472
0.000835 0.000131 0.071665 0.927368
0.000858 0.000143 0.064209 0.934791
0.000846 0.000139 0.065328 0.933688
0.000825 0.000130 0.069879 0.929167
0.000854 0.000140 0.066894 0.932112
0.000833 0.000131 0.071246 0.927789
0.000828 0.000130 0.070571 0.928471
0.000869 0.000147 0.062742 0.936242
0.000851 0.000139 0.066237 0.932772
0.000832 0.000131 0.070858 0.928180
0.000880 0.000152 0.061862 0.937106
0.000834 0.000131 0.071430 0.927604
0.000833 0.000131 0.071247 0.927789
0.000888 0.000155 0.059894 0.939062
0.000834 0.000131 0.071275 0.927759
0.000833 0.000131 0.071144 0.927891
0.000886 0.000156 0.058501 0.940458
0.000835 0.000131 0.071507 0.927527
0.000827 0.000130 0.070333 0.928710
0.000896 0.000159 0.058512 0.940434
0.000834 0.000131 0.071376 0.927658
0.000847 0.000137 0.069026 0.929990
0.000872 0.000148 0.062200 0.936780
0.000835 0.000131 0.071560 0.927473
0.000833 0.000131 0.071089 0.927947
0.000875 0.000149 0.062455 0.936521
0.000848 0.000137 0.069176 0.929840
0.000864 0.000144 0.065181 0.933811
0.000862 0.000147 0.059900 0.939091
0.000848 0.000137 0.069274 0.929741
0.000834 0.000131 0.071327 0.927708
0.000867 0.000146 0.064396 0.934591
0.000863 0.000144 0.065251 0.933741
0.000878 0.000153 0.060007 0.938962
0.000871 0.000149 0.061474 0.937506
0.000851 0.000139 0.067664 0.931346
0.000847 0.000137 0.069123 0.929893
0.000858 0.000146 0.061160 0.937836
0.000865 0.000147 0.062322 0.936666
0.000893 0.000158 0.058398 0.940552
0.000833 0.000131 0.071059 0.927977
0.000854 0.000140 0.067094 0.931913
0.000851 0.000139 0.067621 0.931389
0.000849 0.000139 0.066246 0.932766
0.000874 0.000149 0.062037 0.936940
0.000891 0.000159 0.057002 0.941948
0.000847 0.000137 0.068972 0.930045
0.000854 0.000140 0.066744 0.932261
0.000866 0.000145 0.064707 0.934282
0.000846 0.000139 0.065272 0.933744
0.000868 0.000148 0.061074 0.937910
0.000874 0.000149 0.061748 0.937229
0.000837 0.000136 0.065449 0.933577
0.000854 0.000140 0.066901 0.932105
0.000873 0.000148 0.062992 0.935987
0.000851 0.000139 0.066190 0.932820
0.000851 0.000139 0.066281 0.932728
0.000853 0.000140 0.066575 0.932432
0.000875 0.000151 0.061412 0.937562
0.000835 0.000131 0.071638 0.927396
0.000873 0.000149 0.062421 0.936557
0.000824 0.000130 0.069913 0.929133
0.000827 0.000130 0.070231 0.928812
0.000847 0.000137 0.069124 0.929892
0.000890 0.000157 0.058807 0.940146
0.000820 0.000129 0.069441 0.929610
0.000855 0.000140 0.066747 0.932258
0.000857 0.000142 0.066133 0.932868
0.000845 0.000136 0.068710 0.930308
0.000845 0.000138 0.066603 0.932415
0.000891 0.000158 0.057158 0.941793
0.000831 0.000131 0.070814 0.928224
0.000854 0.000140 0.066903 0.932102
0.000862 0.000145 0.062542 0.936450
0.000851 0.000139 0.067400 0.931611
0.000859 0.000144 0.063393 0.935605
0.000875 0.000150 0.061494 0.937482
0.000826 0.000130 0.070089 0.928956
0.000835 0.000131 0.071667 0.927366
0.000885 0.000155 0.059744 0.939217
0.000866 0.000145 0.064562 0.934427
0.000870 0.000148 0.062395 0.936587
0.000903 0.000162 0.057490 0.941445
0.000832 0.000131 0.070899 0.928138
0.000835 0.000131 0.071667 0.927367
0.000896 0.000159 0.058215 0.940730
0.000859 0.000146 0.060942 0.938053
0.000874 0.000149 0.062185 0.936793
0.000869 0.000147 0.063646 0.935339
0.000827 0.000130 0.070124 0.928919
0.000804 0.000126 0.067095 0.931975
0.000859 0.000157 0.048935 0.950049
0.000885 0.000155 0.059475 0.939486
0.000854 0.000140 0.066492 0.932514
0.000868 0.000148 0.061584 0.937401
0.000857 0.000142 0.066123 0.932878
0.000818 0.000129 0.068746 0.930308
0.000850 0.000144 0.059482 0.939524
0.000864 0.000147 0.061553 0.937436
0.000867 0.000146 0.064466 0.934521
0.000889 0.000156 0.059451 0.939503
0.000868 0.000146 0.063482 0.935503
0.000829 0.000130 0.070271 0.928770
0.000880 0.000154 0.058473 0.940493
0.000872 0.000149 0.061870 0.937109
0.000864 0.000144 0.065277 0.933716
0.000888 0.000157 0.057694 0.941261
0.000887 0.000155 0.060153 0.938804
0.000832 0.000131 0.070761 0.928276
0.000854 0.000145 0.059803 0.939198
0.000854 0.000140 0.066350 0.932656
0.000871 0.000148 0.063248 0.935733
0.000851 0.000139 0.066539 0.932470
0.000891 0.000158 0.057514 0.941438
0.000834 0.000131 0.071090 0.927944
0.000870 0.000148 0.060963 0.938019
0.000879 0.000151 0.061841 0.937128
0.000875 0.000149 0.062421 0.936554
0.000854 0.000140 0.066448 0.932558
0.000913 0.000166 0.055726 0.943195
0.000879 0.000154 0.060798 0.938169
0.000967 0.000200 0.044965 0.953868
0.000863 0.000146 0.062753 0.936238
0.000869 0.000148 0.061294 0.937688
0.000867 0.000146 0.064414 0.934573
0.000872 0.000148 0.062776 0.936204
0.000919 0.000172 0.053053 0.945857
0.001101 0.000247 0.039919 0.958733
0.000880 0.000154 0.059025 0.939942
0.000852 0.000140 0.066496 0.932512
0.000851 0.000139 0.067621 0.931389
0.000875 0.000149 0.062401 0.936575
0.000949 0.000183 0.050742 0.948126
0.001104 0.000245 0.040762 0.957888
0.000895 0.000159 0.057939 0.941008
0.000834 0.000131 0.071403 0.927632
0.000866 0.000145 0.064707 0.934282
0.000855 0.000140 0.066674 0.932331
0.000958 0.000187 0.049065 0.949790
0.001214 0.000289 0.037697 0.960800
0.000898 0.000159 0.057948 0.940995
0.000828 0.000130 0.070412 0.928630
0.000873 0.000148 0.062992 0.935987
0.000867 0.000146 0.064532 0.934455
0.000960 0.000186 0.050178 0.948676
0.001217 0.000288 0.037747 0.960748
0.000847 0.000139 0.065484 0.933530
0.000833 0.000131 0.071143 0.927893
0.000875 0.000149 0.062547 0.936429
0.000852 0.000139 0.067722 0.931288
0.000853 0.000140 0.066573 0.932434
0.000874 0.000153 0.058145 0.940828
0.000866 0.000145 0.064089 0.934900
0.000847 0.000137 0.069055 0.929962
0.000855 0.000140 0.066774 0.932231
0.000854 0.000140 0.067093 0.931914
0.000847 0.000137 0.069123 0.929893
0.000893 0.000158 0.057564 0.941385
0.000856 0.000143 0.064087 0.934914
0.000851 0.000139 0.067569 0.931441
0.000854 0.000140 0.066899 0.932107
0.000854 0.000140 0.066743 0.932262
0.000851 0.000139 0.067621 0.931389
0.000897 0.000159 0.057734 0.941209
0.000869 0.000147 0.062755 0.936229
0.000846 0.000138 0.065928 0.933087
0.000835 0.000131 0.071664 0.927369
0.000854 0.000140 0.066900 0.932106
0.000866 0.000145 0.064707 0.934282
0.000854 0.000140 0.066370 0.932636
0.000874 0.000149 0.062077 0.936900
0.000866 0.000146 0.064049 0.934939
0.000835 0.000131 0.071664 0.927369
0.000828 0.000130 0.070571 0.928471
0.000873 0.000148 0.062992 0.935987
0.000861 0.000145 0.063421 0.935573
0.000890 0.000156 0.059857 0.939097
0.000871 0.000148 0.062908 0.936073
0.000835 0.000131 0.071636 0.927398
0.000833 0.000131 0.071247 0.927788
0.000875 0.000149 0.062547 0.936429
0.000873 0.000150 0.062292 0.936685
0.000872 0.000148 0.063030 0.935950
0.000853 0.000140 0.066940 0.932067
0.000835 0.000131 0.071637 0.927397
0.000834 0.000131 0.071431 0.927604
0.000855 0.000140 0.066774 0.932231
0.000890 0.000156 0.059307 0.939647
0.000854 0.000143 0.062804 0.936199
0.000855 0.000140 0.066675 0.932330
0.000835 0.000131 0.071666 0.927367
0.000828 0.000130 0.070411 0.928631
0.000854 0.000140 0.066899 0.932107
0.000898 0.000160 0.058049 0.940893
0.000869 0.000148 0.062218 0.936766
0.000861 0.000145 0.063615 0.935379
0.000835 0.000131 0.071665 0.927368
0.000833 0.000131 0.071142 0.927893
0.000835 0.000131 0.071664 0.927369
0.000902 0.000161 0.057810 0.941128
0.000866 0.000148 0.061122 0.937864
0.000850 0.000138 0.067324 0.931688
0.000835 0.000131 0.071665 0.927368
0.000847 0.000137 0.069054 0.929962
0.000835 0.000131 0.071664 0.927369
0.000889 0.000156 0.060102 0.938853
0.000852 0.000140 0.066065 0.932944
0.000852 0.000139 0.066836 0.932172
0.000828 0.000130 0.070570 0.928471
0.000851 0.000139 0.067569 0.931442
0.000835 0.000131 0.071664 0.927369
0.000852 0.000139 0.067722 0.931288
0.000853 0.000140 0.066473 0.932534
0.000854 0.000140 0.066623 0.932383
0.000826 0.000130 0.070146 0.928898
0.000854 0.000140 0.066992 0.932014
0.000835 0.000131 0.071664 0.927369
0.000854 0.000140 0.067093 0.931913
0.000859 0.000142 0.066483 0.932516
0.000854 0.000140 0.066800 0.932206
0.000832 0.000131 0.071013 0.928024
0.000867 0.000146 0.064394 0.934592
0.000835 0.000131 0.071664 0.927369
0.000848 0.000139 0.065736 0.933278
0.000869 0.000147 0.063696 0.935289
0.000848 0.000137 0.069275 0.929741
0.000834 0.000131 0.071274 0.927761
0.000872 0.000148 0.063125 0.935855
0.000835 0.000131 0.071664 0.927369
0.000852 0.000140 0.066496 0.932512
0.000888 0.000155 0.060294 0.938664
0.000852 0.000139 0.067721 0.931289
0.000835 0.000131 0.071404 0.927630
0.000854 0.000140 0.067093 0.931914
0.000835 0.000131 0.071664 0.927369
0.000827 0.000130 0.070303 0.928740
0.000897 0.000159 0.058506 0.940438
0.000847 0.000139 0.066059 0.932955
0.000848 0.000137 0.069174 0.929842
0.000855 0.000140 0.066774 0.932231
0.000835 0.000131 0.071636 0.927398
0.000833 0.000131 0.071090 0.927946
0.000899 0.000160 0.058257 0.940685
0.000853 0.000140 0.066372 0.932636
0.000864 0.000144 0.065276 0.933716
0.000854 0.000140 0.066899 0.932107
0.000835 0.000131 0.071610 0.927424
0.000834 0.000131 0.071299 0.927736
0.000855 0.000140 0.066775 0.932230
0.000853 0.000140 0.066672 0.932335
0.000871 0.000148 0.063278 0.935703
0.000828 0.000130 0.070570 0.928472
0.000835 0.000131 0.071667 0.927366
0.000847 0.000137 0.069100 0.929917
0.000854 0.000140 0.066868 0.932138
0.000835 0.000131 0.071507 0.927527
0.000875 0.000149 0.062420 0.936556
0.000833 0.000131 0.071247 0.927789
0.000835 0.000131 0.071666 0.927367
0.000851 0.000139 0.067623 0.931387
0.000835 0.000131 0.071666 0.927368
0.000835 0.000131 0.071505 0.927529
0.000876 0.000150 0.062277 0.936697
0.000834 0.000131 0.071430 0.927604
0.000835 0.000131 0.071611 0.927423
0.000860 0.000144 0.063774 0.935221
0.000835 0.000131 0.071665 0.927368
0.000848 0.000137 0.069277 0.929739
0.000854 0.000140 0.066868 0.932139
0.000835 0.000131 0.071478 0.927556
0.000828 0.000130 0.070573 0.928468
0.000871 0.000148 0.062612 0.936369
0.000828 0.000130 0.070571 0.928471
0.000852 0.000139 0.067722 0.931288
0.000835 0.000131 0.071665 0.927368
0.000835 0.000131 0.071561 0.927472
0.000818 0.000129 0.068981 0.930072
0.000867 0.000148 0.061349 0.937636
0.000833 0.000131 0.071218 0.927818
0.000853 0.000140 0.067063 0.931944
0.000835 0.000131 0.071637 0.927397
0.000848 0.000137 0.069275 0.929740
0.000830 0.000131 0.070582 0.928458
0.000845 0.000139 0.065143 0.933874
0.000827 0.000130 0.070334 0.928709
0.000855 0.000140 0.066775 0.932230
0.000835 0.000131 0.071638 0.927396
0.000852 0.000139 0.067721 0.931289
0.000833 0.000131 0.071037 0.927999
0.000851 0.000139 0.066172 0.932838
0.000833 0.000131 0.071090 0.927947
0.000839 0.000137 0.064781 0.934242
0.000835 0.000131 0.071666 0.927367
0.000854 0.000140 0.067092 0.931914
0.000819 0.000129 0.069014 0.930038
0.000847 0.000137 0.068905 0.930112
0.000834 0.000131 0.071299 0.927736
0.000831 0.000131 0.070785 0.928254
0.000828 0.000130 0.070571 0.928470
0.000848 0.000139 0.065735 0.933278
0.000844 0.000136 0.068255 0.930765
0.000851 0.000139 0.067442 0.931569
0.000847 0.000137 0.069099 0.929917
0.000833 0.000131 0.071135 0.927901
0.000833 0.000131 0.071248 0.927788
0.000852 0.000140 0.066496 0.932512
0.000869 0.000149 0.061393 0.937589
0.000866 0.000145 0.064612 0.934376
0.000844 0.000137 0.066575 0.932443
0.000827 0.000130 0.070222 0.928821
0.000827 0.000130 0.070304 0.928740
0.000834 0.000131 0.071430 0.927604
0.000888 0.000156 0.058874 0.940082
0.000880 0.000153 0.059745 0.939221
0.000865 0.000145 0.064336 0.934654
0.000833 0.000131 0.071040 0.927996
0.000825 0.000130 0.069988 0.929057
0.000835 0.000131 0.071507 0.927527
0.000898 0.000160 0.057838 0.941105
0.000893 0.000158 0.058563 0.940387
0.000872 0.000148 0.062778 0.936202
0.000858 0.000142 0.066400 0.932600
0.000832 0.000131 0.070910 0.928127
0.000835 0.000131 0.071532 0.927502
0.000931 0.000175 0.053197 0.945697
0.000875 0.000149 0.062202 0.936774
0.000868 0.000148 0.061423 0.937562
0.000863 0.000146 0.062702 0.936290
0.000847 0.000137 0.068905 0.930112
0.000848 0.000137 0.069276 0.929740
0.000912 0.000167 0.054378 0.944542
0.000869 0.000148 0.061147 0.937836
0.000845 0.000139 0.065229 0.933787
0.000858 0.000146 0.060199 0.938797
0.000851 0.000139 0.067470 0.931540
0.000852 0.000139 0.067721 0.931288
0.000886 0.000155 0.059939 0.939020
0.000852 0.000140 0.066396 0.932612
0.000859 0.000144 0.063016 0.935981
0.000881 0.000155 0.057979 0.940986
0.000860 0.000144 0.063676 0.935319
0.000854 0.000140 0.067093 0.931914
0.000896 0.000159 0.058299 0.940646
0.000847 0.000137 0.069054 0.929962
0.000848 0.000138 0.066949 0.932064
0.000892 0.000158 0.057895 0.941055
0.000884 0.000154 0.060262 0.938700
0.000855 0.000140 0.066774 0.932231
0.000899 0.000160 0.058154 0.940788
0.000851 0.000139 0.067540 0.931471
0.000852 0.000139 0.066587 0.932422
0.000845 0.000138 0.065428 0.933589
0.000894 0.000158 0.058717 0.940231
0.000847 0.000139 0.065855 0.933159
0.000848 0.000139 0.065635 0.933378
0.000854 0.000140 0.066993 0.932013
0.000868 0.000146 0.064183 0.934804
0.000866 0.000146 0.063711 0.935277
0.000875 0.000149 0.062274 0.936702
0.000833 0.000131 0.071247 0.927789
0.000865 0.000145 0.064156 0.934833
0.000867 0.000146 0.064395 0.934591
0.000885 0.000154 0.060666 0.938295
0.000897 0.000160 0.057948 0.940994
0.000876 0.000150 0.062182 0.936792
0.000834 0.000131 0.071430 0.927604
0.000851 0.000139 0.067497 0.931513
0.000872 0.000148 0.063094 0.935886
0.000884 0.000154 0.060873 0.938090
0.000903 0.000163 0.056989 0.941945
0.000867 0.000146 0.064561 0.934426
0.000835 0.000131 0.071507 0.927527
0.000853 0.000140 0.066941 0.932066
0.000854 0.000140 0.067094 0.931912
0.000895 0.000158 0.058794 0.940153
0.000921 0.000170 0.054696 0.944213
0.000852 0.000139 0.067721 0.931289
0.000835 0.000131 0.071560 0.927473
0.000855 0.000140 0.066675 0.932330
0.000848 0.000139 0.065736 0.933277
0.000893 0.000159 0.057249 0.941700
0.000945 0.000180 0.051917 0.946957
0.000853 0.000140 0.067062 0.931945
0.000848 0.000137 0.069274 0.929741
0.000867 0.000146 0.064561 0.934426
0.000852 0.000140 0.066497 0.932512
0.000873 0.000149 0.061823 0.937154
0.000923 0.000170 0.054645 0.944262
0.000855 0.000140 0.066775 0.932230
0.000852 0.000139 0.067720 0.931289
0.000845 0.000138 0.066703 0.932315
0.000827 0.000130 0.070333 0.928710
0.000853 0.000140 0.066674 0.932333
0.000875 0.000149 0.062548 0.936428
0.000854 0.000140 0.066900 0.932106
0.000854 0.000140 0.067092 0.931915
0.000852 0.000139 0.066691 0.932318
0.000825 0.000130 0.069987 0.929058
0.000835 0.000131 0.071508 0.927526
0.000855 0.000140 0.066774 0.932230
0.000835 0.000131 0.071665 0.927369
0.000855 0.000140 0.066774 0.932231
0.000853 0.000140 0.066516 0.932490
0.000832 0.000131 0.070909 0.928128
0.000835 0.000131 0.071561 0.927472
0.000854 0.000140 0.066899 0.932106
0.000835 0.000131 0.071664 0.927369
0.000854 0.000140 0.066899 0.932107
0.000854 0.000140 0.066748 0.932259
0.000847 0.000137 0.068904 0.930112
0.000848 0.000137 0.069275 0.929740
0.000835 0.000131 0.071664 0.927369
0.000828 0.000130 0.070570 0.928472
0.000835 0.000131 0.071664 0.927369
0.000835 0.000131 0.071561 0.927473
0.000851 0.000139 0.067470 0.931540
0.000838 0.000136 0.065650 0.933376
0.000828 0.000130 0.070570 0.928472
0.000833 0.000131 0.071247 0.927789
0.000835 0.000131 0.071664 0.927369
0.000847 0.000137 0.069250 0.929766
0.000866 0.000145 0.064557 0.934433
0.000849 0.000139 0.066214 0.932798
0.000833 0.000131 0.071247 0.927789
0.000834 0.000131 0.071402 0.927633
0.000835 0.000131 0.071664 0.927369
0.000852 0.000139 0.067722 0.931288
0.000886 0.000154 0.060618 0.938342
0.000853 0.000140 0.066317 0.932690
0.000834 0.000131 0.071402 0.927633
0.000835 0.000131 0.071508 0.927526
0.000835 0.000131 0.071636 0.927398
0.000847 0.000139 0.066060 0.932954
0.000895 0.000158 0.058927 0.940021
0.000853 0.000140 0.066593 0.932414
0.000835 0.000131 0.071508 0.927526
0.000835 0.000131 0.071533 0.927501
0.000835 0.000131 0.071665 0.927368
0.000852 0.000140 0.066341 0.932667
0.000875 0.000149 0.062421 0.936554
0.000835 0.000131 0.071456 0.927578
0.000835 0.000131 0.071561 0.927473
0.000848 0.000137 0.069276 0.929739
0.000835 0.000131 0.071665 0.927368
0.000853 0.000140 0.066673 0.932333
0.000876 0.000150 0.062243 0.936731
0.000859 0.000142 0.066629 0.932370
0.000848 0.000137 0.069275 0.929741
0.000852 0.000139 0.067722 0.931288
0.000835 0.000131 0.071665 0.927369
0.000828 0.000130 0.070412 0.928630
0.000839 0.000137 0.064781 0.934242
0.000855 0.000144 0.061809 0.937191
0.000852 0.000139 0.067721 0.931289
0.000846 0.000138 0.066029 0.932986
0.000835 0.000131 0.071609 0.927425
0.000833 0.000131 0.071114 0.927922
0.000831 0.000131 0.070814 0.928224
0.000870 0.000148 0.061871 0.937111
0.000847 0.000139 0.066059 0.932955
0.000853 0.000140 0.066373 0.932634
0.000828 0.000130 0.070543 0.928499
0.000847 0.000137 0.069056 0.929961
0.000833 0.000131 0.071190 0.927845
0.000875 0.000150 0.061661 0.937314
0.000853 0.000140 0.066372 0.932636
0.000846 0.000139 0.065627 0.933389
0.000833 0.000131 0.071249 0.927786
0.000844 0.000137 0.066550 0.932468
0.000834 0.000131 0.071346 0.927688
0.000874 0.000149 0.062076 0.936900
0.000853 0.000140 0.066672 0.932335
0.000833 0.000131 0.071089 0.927947
0.000834 0.000131 0.071404 0.927631
0.000852 0.000139 0.066592 0.932417
0.000828 0.000130 0.070330 0.928712
0.000835 0.000131 0.071457 0.927577
0.000835 0.000131 0.071478 0.927556
0.000834 0.000131 0.071327 0.927707
0.000835 0.000131 0.071509 0.927525
0.000867 0.000146 0.064181 0.934807
0.000857 0.000142 0.066201 0.932801
0.000848 0.000140 0.064809 0.934203
0.000835 0.000131 0.071561 0.927472
0.000841 0.000136 0.068133 0.930890
0.000820 0.000129 0.069306 0.929745
0.000865 0.000147 0.061977 0.937012
0.000868 0.000146 0.063551 0.935435
0.000865 0.000146 0.062996 0.935993
0.000847 0.000137 0.069250 0.929766
0.000850 0.000138 0.067224 0.931788
0.000838 0.000135 0.067481 0.931546
0.000852 0.000139 0.066594 0.932415
0.000874 0.000149 0.062505 0.936472
0.000873 0.000149 0.062208 0.936771
0.000852 0.000139 0.067722 0.931288
0.000866 0.000145 0.064493 0.934496
0.000848 0.000138 0.066870 0.932144
0.000867 0.000146 0.064210 0.934777
0.000877 0.000150 0.061976 0.936998
0.000869 0.000149 0.060828 0.938154
0.000853 0.000140 0.067063 0.931944
0.000872 0.000148 0.062815 0.936165
0.000844 0.000138 0.065493 0.933524
0.000872 0.000148 0.062978 0.936002
0.000884 0.000155 0.059239 0.939723
0.000874 0.000149 0.061829 0.937149
0.000848 0.000139 0.065737 0.933277
0.000875 0.000149 0.062454 0.936522
0.000852 0.000140 0.066024 0.932984
0.000847 0.000138 0.065960 0.933055
0.000828 0.000135 0.064159 0.934879
0.000858 0.000142 0.066421 0.932579
0.000852 0.000140 0.066497 0.932511
0.000868 0.000146 0.064423 0.934563
0.000874 0.000151 0.060856 0.938120
0.000859 0.000144 0.063042 0.935955
0.000838 0.000137 0.064539 0.934486
0.000862 0.000146 0.062700 0.936292
0.000827 0.000130 0.070304 0.928739
0.000872 0.000148 0.063093 0.935888
0.000879 0.000152 0.060842 0.938127
0.000870 0.000147 0.062528 0.936455
0.000849 0.000139 0.065529 0.933482
0.000872 0.000149 0.062170 0.936809
0.000833 0.000131 0.071090 0.927946
0.000854 0.000140 0.067093 0.931913
0.000893 0.000158 0.058696 0.940254
0.000852 0.000139 0.066687 0.932322
0.000844 0.000138 0.065068 0.933949
0.000890 0.000156 0.059572 0.939382
0.000827 0.000130 0.070229 0.928814
0.000848 0.000139 0.065736 0.933277
0.000909 0.000166 0.054792 0.944132
0.000854 0.000140 0.066526 0.932480
0.000846 0.000136 0.068433 0.930585
0.000896 0.000158 0.058677 0.940269
0.000846 0.000136 0.068735 0.930283
0.000852 0.000140 0.066496 0.932512
0.000922 0.000170 0.054254 0.944654
0.000867 0.000146 0.064466 0.934521
0.000885 0.000156 0.059571 0.939389
0.000853 0.000140 0.066963 0.932044
0.000851 0.000138 0.067397 0.931613
0.000834 0.000131 0.071431 0.927604
0.000888 0.000155 0.060029 0.938928
0.000851 0.000142 0.063345 0.935662
0.000921 0.000173 0.052641 0.946265
0.000868 0.000146 0.064424 0.934562
0.000860 0.000144 0.063625 0.935371
0.000828 0.000130 0.070411 0.928631
0.000872 0.000148 0.062846 0.936133
0.000867 0.000147 0.062508 0.936477
0.000951 0.000183 0.050598 0.948268
0.000872 0.000148 0.063093 0.935887
0.000871 0.000148 0.062517 0.936465
0.000833 0.000131 0.071142 0.927893
0.000875 0.000149 0.062453 0.936523
0.000866 0.000148 0.060967 0.938019
0.000981 0.000196 0.047975 0.950849
0.000847 0.000139 0.066061 0.932954
0.000887 0.000155 0.059998 0.938959
0.000847 0.000137 0.069054 0.929962
0.000868 0.000146 0.064423 0.934564
0.000873 0.000149 0.061599 0.937378
0.000956 0.000184 0.050889 0.947971
0.000853 0.000140 0.066373 0.932634
0.000872 0.000148 0.062847 0.936132
0.000851 0.000139 0.067569 0.931442
0.000872 0.000148 0.063124 0.935856
0.000853 0.000140 0.066475 0.932532
0.000868 0.000148 0.061476 0.937509
0.000846 0.000138 0.065594 0.933422
0.000875 0.000149 0.062454 0.936522
0.000854 0.000140 0.066992 0.932014
0.000854 0.000140 0.067092 0.931915
0.000848 0.000140 0.064660 0.934352
0.000866 0.000146 0.064049 0.934939
0.000833 0.000131 0.071062 0.927975
0.000868 0.000146 0.064423 0.934563
0.000868 0.000146 0.064423 0.934564
0.000855 0.000140 0.066774 0.932231
0.000865 0.000146 0.062901 0.936088
0.000871 0.000148 0.062908 0.936073
0.000827 0.000130 0.070201 0.928842
0.000872 0.000148 0.063124 0.935856
0.000872 0.000148 0.063124 0.935856
0.000854 0.000140 0.066899 0.932107
0.000880 0.000154 0.058965 0.940001
0.000839 0.000137 0.064840 0.934184
0.000846 0.000136 0.068737 0.930281
0.000847 0.000139 0.066059 0.932955
0.000854 0.000140 0.067092 0.931915
0.000835 0.000131 0.071664 0.927369
0.000895 0.000159 0.057865 0.941082
0.000850 0.000139 0.065856 0.933154
0.000850 0.000138 0.067370 0.931641
0.000853 0.000140 0.066372 0.932636
0.000855 0.000140 0.066774 0.932231
0.000835 0.000131 0.071664 0.927369
0.000898 0.000160 0.057907 0.941035
0.000866 0.000145 0.064127 0.934862
0.000860 0.000144 0.063627 0.935369
0.000853 0.000140 0.066672 0.932335
0.000854 0.000140 0.066899 0.932107
0.000835 0.000131 0.071664 0.927369
0.000880 0.000152 0.061721 0.937248
0.000851 0.000139 0.067414 0.931597
0.000864 0.000147 0.061550 0.937439
0.000835 0.000131 0.071507 0.927527
0.000835 0.000131 0.071664 0.927369
0.000835 0.000131 0.071664 0.927369
0.000885 0.000156 0.058376 0.940583
0.000854 0.000140 0.066892 0.932115
0.000880 0.000154 0.058777 0.940189
0.000835 0.000131 0.071560 0.927473
0.000835 0.000131 0.071664 0.927369
0.000835 0.000131 0.071664 0.927369
0.000880 0.000154 0.059057 0.939909
0.000880 0.000152 0.061860 0.937108
0.000870 0.000148 0.062252 0.936731
0.000848 0.000137 0.069274 0.929741
0.000835 0.000131 0.071664 0.927369
0.000835 0.000131 0.071664 0.927369
0.000895 0.000159 0.057938 0.941009
0.000892 0.000157 0.059392 0.939559
0.000867 0.000148 0.061111 0.937875
0.000851 0.000139 0.067692 0.931318
0.000835 0.000131 0.071664 0.927369
0.000835 0.000131 0.071664 0.927369
0.000898 0.000159 0.057947 0.940995
0.000874 0.000149 0.062614 0.936363
0.000866 0.000146 0.063807 0.935181
0.000853 0.000140 0.067034 0.931974
0.000835 0.000131 0.071664 0.927369
0.000835 0.000131 0.071664 0.927369
0.000854 0.000140 0.066493 0.932513
0.000877 0.000150 0.062102 0.936871
0.000885 0.000154 0.060461 0.938501
0.000854 0.000140 0.066746 0.932260
0.000835 0.000131 0.071664 0.927369
0.000835 0.000131 0.071664 0.927369
0.000861 0.000145 0.063520 0.935474
0.000875 0.000149 0.062371 0.936604
0.000883 0.000153 0.060704 0.938260
0.000854 0.000140 0.066902 0.932104
0.000835 0.000131 0.071664 0.927369
0.000835 0.000131 0.071664 0.927369
0.000862 0.000144 0.064908 0.934087
0.000835 0.000131 0.071638 0.927396
0.000895 0.000158 0.058671 0.940276
0.000835 0.000131 0.071611 0.927423
0.000835 0.000131 0.071664 0.927369
0.000835 0.000131 0.071664 0.927369
0.000870 0.000147 0.063063 0.935919
0.000835 0.000131 0.071666 0.927367
0.000915 0.000167 0.055935 0.942984
0.000828 0.000130 0.070574 0.928468
0.000835 0.000131 0.071636 0.927398
0.000835 0.000131 0.071664 0.927369
0.000875 0.000149 0.062274 0.936702
0.000828 0.000130 0.070571 0.928470
0.000895 0.000158 0.058618 0.940328
0.000818 0.000129 0.069012 0.930041
0.000835 0.000131 0.071665 0.927368
0.000835 0.000131 0.071664 0.927369
0.000869 0.000148 0.061199 0.937784
0.000833 0.000131 0.071247 0.927788
0.000875 0.000149 0.062550 0.936425
0.000823 0.000129 0.069471 0.929577
0.000835 0.000131 0.071665 0.927368
0.000835 0.000131 0.071636 0.927398
0.000865 0.000145 0.064156 0.934833
0.000826 0.000130 0.070275 0.928768
0.000848 0.000139 0.065737 0.933276
0.000831 0.000131 0.070618 0.928420
0.000835 0.000131 0.071665 0.927369
0.000835 0.000131 0.071665 0.927368
0.000850 0.000138 0.067469 0.931543
0.000825 0.000130 0.069959 0.929086
0.000845 0.000138 0.065416 0.933601
0.000818 0.000129 0.068778 0.930276
0.000835 0.000131 0.071664 0.927369
0.000835 0.000131 0.071665 0.927368
0.000853 0.000140 0.066942 0.932065
0.000832 0.000131 0.070912 0.928125
0.000832 0.000131 0.071015 0.928022
0.000844 0.000136 0.068132 0.930889
0.000828 0.000130 0.070570 0.928472
0.000835 0.000131 0.071637 0.927397
0.000855 0.000140 0.066676 0.932329
0.000847 0.000137 0.068906 0.930110
0.000819 0.000129 0.069041 0.930011
0.000873 0.000150 0.062139 0.936838
0.000833 0.000131 0.071247 0.927789
0.000835 0.000131 0.071666 0.927368
0.000867 0.000146 0.064562 0.934425
0.000851 0.000139 0.067471 0.931539
0.000830 0.000131 0.070553 0.928486
0.000903 0.000163 0.056852 0.942082
0.000834 0.000131 0.071430 0.927604
0.000828 0.000130 0.070571 0.928471
0.000844 0.000138 0.066674 0.932344
0.000854 0.000143 0.062707 0.936296
0.000846 0.000136 0.068729 0.930288
0.000921 0.000170 0.054575 0.944335
0.000835 0.000131 0.071507 0.927527
0.000833 0.000131 0.071247 0.927788
0.000845 0.000138 0.065654 0.933363
0.000876 0.000153 0.058982 0.939990
0.000857 0.000143 0.064059 0.934941
0.000962 0.000189 0.049661 0.949188
0.000835 0.000131 0.071560 0.927473
0.000834 0.000131 0.071431 0.927604
0.000851 0.000140 0.066115 0.932894
0.000891 0.000157 0.058143 0.940808
0.000869 0.000147 0.062708 0.936276
0.000950 0.000182 0.051399 0.947469
0.000847 0.000137 0.069249 0.929767
0.000828 0.000130 0.070411 0.928631
0.000853 0.000140 0.066523 0.932484
0.000873 0.000149 0.061878 0.937100
0.000901 0.000162 0.057416 0.941521
0.000898 0.000159 0.058318 0.940625
0.000852 0.000139 0.067722 0.931288
0.000833 0.000131 0.071142 0.927893
0.000835 0.000131 0.071405 0.927629
0.000875 0.000149 0.061910 0.937065
0.000919 0.000169 0.055034 0.943879
0.000877 0.000150 0.062103 0.936870
0.000854 0.000140 0.067093 0.931914
0.000847 0.000137 0.069054 0.929962
0.000842 0.000136 0.068186 0.930837
0.000879 0.000152 0.061917 0.937052
0.000898 0.000159 0.058226 0.940716
0.000869 0.000148 0.061418 0.937566
0.000855 0.000140 0.066774 0.932231
0.000851 0.000139 0.067569 0.931442
0.000862 0.000144 0.064907 0.934087
0.000876 0.000152 0.060480 0.938493
0.000890 0.000156 0.059749 0.939205
0.000826 0.000130 0.070146 0.928898
0.000854 0.000140 0.066899 0.932107
0.000853 0.000140 0.066962 0.932045
0.000864 0.000146 0.062102 0.936888
0.000891 0.000157 0.058567 0.940385
0.000896 0.000158 0.058819 0.940127
0.000832 0.000131 0.071013 0.928024
0.000828 0.000130 0.070570 0.928472
0.000868 0.000146 0.064424 0.934563
0.000873 0.000149 0.061890 0.937088
0.000893 0.000159 0.056873 0.942075
0.000854 0.000140 0.067094 0.931912
0.000827 0.000130 0.070175 0.928868
0.000833 0.000131 0.071247 0.927789
0.000872 0.000148 0.063125 0.935855
0.000875 0.000149 0.061965 0.937010
0.000891 0.000159 0.056641 0.942309
0.000855 0.000140 0.066775 0.932230
0.000833 0.000131 0.070986 0.928050
0.000834 0.000131 0.071430 0.927604
0.000854 0.000140 0.067093 0.931914
0.000867 0.000146 0.064414 0.934573
0.000851 0.000139 0.066172 0.932838
0.000847 0.000139 0.065856 0.933158
0.000847 0.000137 0.068928 0.930088
0.000835 0.000131 0.071507 0.927527
0.000855 0.000140 0.066774 0.932231
0.000851 0.000139 0.067621 0.931389
0.000847 0.000137 0.068905 0.930112
0.000818 0.000129 0.069010 0.930043
0.000863 0.000144 0.065131 0.933861
0.000835 0.000131 0.071560 0.927473
0.000847 0.000139 0.065823 0.933192
0.000866 0.000145 0.064707 0.934282
0.000837 0.000136 0.065397 0.933630
0.000830 0.000131 0.070579 0.928460
0.000871 0.000148 0.063184 0.935797
0.000848 0.000137 0.069274 0.929741
0.000833 0.000131 0.071248 0.927788
0.000873 0.000148 0.062992 0.935987
0.000863 0.000145 0.063852 0.935140
0.000833 0.000131 0.071035 0.928001
0.000889 0.000156 0.060098 0.938857
0.000852 0.000139 0.067720 0.931289
0.000834 0.000131 0.071431 0.927603
0.000874 0.000149 0.062482 0.936495
0.000884 0.000154 0.060202 0.938760
0.000834 0.000131 0.071244 0.927790
0.000896 0.000159 0.058684 0.940260
0.000854 0.000140 0.067092 0.931915
0.000835 0.000131 0.071507 0.927527
0.000854 0.000140 0.066745 0.932261
0.000893 0.000158 0.058608 0.940340
0.000848 0.000137 0.069072 0.929944
0.000868 0.000148 0.061568 0.937416
0.000855 0.000140 0.066774 0.932231
0.000835 0.000131 0.071560 0.927473
0.000854 0.000140 0.066901 0.932104
0.000875 0.000149 0.062197 0.936779
0.000874 0.000150 0.062589 0.936387
0.000852 0.000140 0.066340 0.932668
0.000854 0.000140 0.066899 0.932107
0.000841 0.000136 0.068259 0.930764
0.000834 0.000131 0.071585 0.927450
0.000902 0.000162 0.057434 0.941502
0.000890 0.000156 0.059455 0.939499
0.000853 0.000140 0.066642 0.932366
0.000835 0.000131 0.071636 0.927398
0.000850 0.000138 0.067325 0.931687
0.000835 0.000131 0.071641 0.927393
0.000892 0.000157 0.059398 0.939553
0.000899 0.000160 0.058227 0.940714
0.000835 0.000131 0.071508 0.927525
0.000835 0.000131 0.071665 0.927368
0.000853 0.000140 0.066867 0.932141
0.000820 0.000129 0.069443 0.929607
0.000874 0.000149 0.062651 0.936325
0.000902 0.000161 0.057901 0.941036
0.000835 0.000131 0.071561 0.927472
0.000835 0.000131 0.071665 0.927368
0.000854 0.000140 0.066591 0.932415
0.000823 0.000130 0.069678 0.929369
0.000869 0.000149 0.061057 0.937925
0.000875 0.000149 0.062372 0.936603
0.000847 0.000137 0.069250 0.929766
0.000835 0.000131 0.071665 0.927369
0.000853 0.000140 0.066710 0.932297
0.000831 0.000131 0.070775 0.928263
0.000866 0.000148 0.060995 0.937992
0.000820 0.000129 0.069411 0.929640
0.000844 0.000138 0.066675 0.932344
0.000835 0.000131 0.071664 0.927369
0.000841 0.000136 0.068264 0.930759
0.000809 0.000127 0.067656 0.931408
0.000800 0.000126 0.066430 0.932644
0.000816 0.000128 0.068568 0.930488
0.000845 0.000138 0.065655 0.933362
0.000828 0.000130 0.070541 0.928501
0.000850 0.000138 0.067328 0.931684
0.000820 0.000129 0.068887 0.930164
0.000824 0.000130 0.069477 0.929569
0.000829 0.000130 0.070339 0.928701
0.000852 0.000140 0.066147 0.932861
0.000833 0.000131 0.071219 0.927817
0.000852 0.000139 0.066839 0.932169
0.000855 0.000141 0.065488 0.933516
0.000830 0.000131 0.070409 0.928630
0.000832 0.000131 0.070879 0.928158
0.000853 0.000140 0.066491 0.932517
0.000834 0.000131 0.071404 0.927631
0.000847 0.000139 0.065585 0.933429
0.000874 0.000151 0.059849 0.939125
0.000833 0.000134 0.066529 0.932503
0.000827 0.000130 0.070043 0.929000
0.000828 0.000130 0.070309 0.928733
0.000835 0.000131 0.071509 0.927525
0.000829 0.000136 0.063173 0.935862
0.000892 0.000157 0.058225 0.940726
0.000854 0.000143 0.063200 0.935803
0.000852 0.000141 0.065171 0.933835
0.000840 0.000135 0.067789 0.931236
0.000835 0.000131 0.071562 0.927472
0.000835 0.000135 0.066831 0.932200
0.000937 0.000181 0.049346 0.949536
0.000920 0.000174 0.052348 0.946559
0.000891 0.000158 0.058212 0.940738
0.000861 0.000144 0.064669 0.934326
0.000842 0.000136 0.068287 0.930736
0.000846 0.000138 0.066486 0.932530
0.000999 0.000205 0.045560 0.953236
0.000967 0.000192 0.047469 0.951371
0.000914 0.000167 0.055025 0.943893
0.000870 0.000147 0.062919 0.936064
0.000842 0.000137 0.066240 0.932781
0.000844 0.000138 0.065272 0.933746
0.000938 0.000180 0.049109 0.949772
0.000987 0.000200 0.045690 0.953123
0.000928 0.000172 0.053856 0.945044
0.000868 0.000148 0.061206 0.937777
0.000844 0.000138 0.065427 0.933591
0.000866 0.000146 0.063614 0.935374
0.000943 0.000180 0.050772 0.948105
0.001007 0.000208 0.045483 0.953302
0.000947 0.000181 0.051781 0.947091
0.000889 0.000156 0.059546 0.939410
0.000851 0.000140 0.065997 0.933012
0.000910 0.000167 0.055342 0.943581
0.000954 0.000184 0.050477 0.948385
0.001007 0.000207 0.045884 0.952903
0.000910 0.000165 0.056511 0.942414
0.000885 0.000154 0.060552 0.938410
0.000853 0.000140 0.066425 0.932582
0.000926 0.000173 0.053374 0.945527
0.000901 0.000162 0.057483 0.941454
0.000887 0.000157 0.057871 0.941085
0.000871 0.000148 0.063281 0.935700
0.000864 0.000146 0.062142 0.936848
0.000847 0.000137 0.069025 0.929991
0.000952 0.000183 0.050916 0.947948
0.000892 0.000157 0.059077 0.939874
0.000914 0.000167 0.055328 0.943591
0.000861 0.000147 0.060445 0.938547
0.000873 0.000149 0.061943 0.937035
0.000852 0.000142 0.063304 0.935703
0.000983 0.000196 0.048227 0.950594
0.000927 0.000174 0.053708 0.945191
0.000916 0.000174 0.049140 0.949771
0.000872 0.000149 0.061493 0.937486
0.000889 0.000156 0.059758 0.939197
0.000881 0.000153 0.060154 0.938812
0.000956 0.000184 0.051012 0.947848
0.000914 0.000168 0.054161 0.944757
0.000885 0.000156 0.057224 0.941734
0.000845 0.000138 0.065390 0.933627
0.000872 0.000148 0.062979 0.936001
0.000893 0.000158 0.058373 0.940575
0.000875 0.000149 0.062547 0.936429
0.000925 0.000171 0.054019 0.944885
0.000871 0.000149 0.061425 0.937556
0.000825 0.000130 0.069824 0.929221
0.000854 0.000140 0.066994 0.932013
0.000899 0.000160 0.057883 0.941058
0.000855 0.000140 0.066774 0.932231
0.000876 0.000150 0.061883 0.937091
0.000888 0.000156 0.059389 0.939567
0.000832 0.000131 0.070775 0.928262
0.000861 0.000145 0.063453 0.935541
0.000876 0.000150 0.062087 0.936888
0.000854 0.000140 0.066868 0.932139
0.000875 0.000149 0.062224 0.936752
0.000872 0.000148 0.062739 0.936241
0.000858 0.000142 0.066278 0.932722
0.000870 0.000148 0.062743 0.936239
0.000879 0.000152 0.062007 0.936962
0.000835 0.000131 0.071665 0.927368
0.000835 0.000131 0.071561 0.927472
0.000900 0.000164 0.056607 0.942329
0.000869 0.000147 0.063552 0.935433
0.000846 0.000138 0.065831 0.933184
0.000869 0.000147 0.063791 0.935194
0.000835 0.000131 0.071637 0.927397
0.000848 0.000137 0.069275 0.929740
0.000934 0.000178 0.051324 0.947565
0.000888 0.000155 0.060203 0.938754
0.000852 0.000140 0.066189 0.932820
0.000874 0.000149 0.062646 0.936330
0.000835 0.000131 0.071638 0.927396
0.000851 0.000139 0.067693 0.931318
0.000956 0.000185 0.050277 0.948582
0.000911 0.000166 0.056186 0.942737
0.000853 0.000140 0.066575 0.932432
0.000877 0.000150 0.062101 0.936872
0.000835 0.000131 0.071666 0.927367
0.000854 0.000140 0.067093 0.931913
0.000925 0.000173 0.052492 0.946410
0.000915 0.000169 0.053996 0.944920
0.000841 0.000136 0.068081 0.930943
0.000876 0.000149 0.062404 0.936570
0.000828 0.000130 0.070572 0.928470
0.000847 0.000139 0.065704 0.933310
0.000926 0.000172 0.053868 0.945035
0.000874 0.000149 0.062038 0.936939
0.000849 0.000138 0.067198 0.931815
0.000835 0.000131 0.071664 0.927369
0.000833 0.000131 0.071219 0.927817
0.000852 0.000140 0.066497 0.932511
0.000834 0.000131 0.071300 0.927735
0.000875 0.000149 0.062060 0.936915
0.000865 0.000145 0.064469 0.934521
0.000835 0.000131 0.071664 0.927369
0.000827 0.000130 0.070305 0.928739
0.000834 0.000131 0.071403 0.927631
0.000841 0.000136 0.068135 0.930888
0.000854 0.000140 0.066748 0.932259
0.000866 0.000147 0.061886 0.937102
0.000835 0.000131 0.071664 0.927369
0.000825 0.000130 0.069989 0.929056
0.000828 0.000130 0.070413 0.928630
0.000850 0.000138 0.067225 0.931787
0.000828 0.000130 0.070466 0.928576
0.000873 0.000149 0.062070 0.936908
0.000835 0.000131 0.071664 0.927369
0.000832 0.000131 0.070911 0.928126
0.000833 0.000131 0.071144 0.927892
0.000860 0.000144 0.063556 0.935440
0.000840 0.000135 0.067889 0.931135
0.000854 0.000144 0.062288 0.936714
0.000835 0.000131 0.071664 0.927369
0.000847 0.000137 0.068905 0.930112
0.000841 0.000136 0.068062 0.930962
0.000871 0.000148 0.062466 0.936516
0.000848 0.000138 0.067070 0.931943
0.000861 0.000146 0.061224 0.937769
0.000835 0.000131 0.071664 0.927369
0.000844 0.000137 0.066451 0.932567
0.000849 0.000138 0.067172 0.931840
0.000867 0.000148 0.061255 0.937731
0.000852 0.000139 0.066686 0.932322
0.000842 0.000138 0.065092 0.933927
0.000835 0.000131 0.071664 0.927369
0.000859 0.000144 0.063296 0.935701
0.000845 0.000138 0.065700 0.933317
0.000866 0.000146 0.063902 0.935086
0.000854 0.000140 0.066494 0.932512
0.000865 0.000145 0.063543 0.935447
0.000835 0.000131 0.071664 0.927369
0.000883 0.000154 0.060057 0.938905
0.000866 0.000146 0.063874 0.935115
0.000870 0.000148 0.062750 0.936232
0.000867 0.000146 0.064467 0.934520
0.000871 0.000148 0.062575 0.936407
0.000835 0.000131 0.071664 0.927369
0.000894 0.000158 0.058579 0.940370
0.000871 0.000148 0.062783 0.936199
0.000864 0.000145 0.064388 0.934603
0.000863 0.000144 0.065203 0.933791
0.000877 0.000151 0.061811 0.937162
0.000835 0.000131 0.071609 0.927425
0.000874 0.000149 0.062115 0.936862
0.000866 0.000145 0.064563 0.934426
0.000872 0.000148 0.062876 0.936104
0.000865 0.000147 0.062325 0.936664
0.000906 0.000164 0.056810 0.942121
0.000835 0.000131 0.071638 0.927395
0.000890 0.000156 0.059875 0.939079
0.000872 0.000148 0.062837 0.936143
0.000888 0.000155 0.060214 0.938743
0.000867 0.000148 0.061061 0.937925
0.000936 0.000177 0.052686 0.946201
0.000835 0.000131 0.071667 0.927366
0.000885 0.000154 0.060760 0.938201
0.000883 0.000154 0.059351 0.939612
0.000873 0.000148 0.063000 0.935979
0.000866 0.000148 0.060688 0.938298
0.000923 0.000171 0.054577 0.944329
0.000835 0.000131 0.071666 0.927367
0.000871 0.000148 0.063280 0.935701
0.000864 0.000147 0.061646 0.937343
0.000861 0.000147 0.060566 0.938426
0.000851 0.000139 0.066088 0.932922
0.000928 0.000172 0.054218 0.944682
0.000835 0.000131 0.071665 0.927368
0.000875 0.000149 0.062388 0.936588
0.000865 0.000147 0.060963 0.938025
0.000793 0.000130 0.058348 0.940729
0.000810 0.000128 0.067777 0.931286
