0.079943 0.037378 0.225562 0.657117
0.161395 0.087160 0.292857 0.458587
0.080285 0.037281 0.225802 0.656633
0.115671 0.057920 0.262185 0.564223
0.076039 0.035352 0.214958 0.673651
0.141634 0.073180 0.278165 0.507021
0.082343 0.038643 0.228945 0.650069
0.161478 0.087525 0.293448 0.457550
0.074738 0.034336 0.217138 0.673788
0.136361 0.070341 0.276970 0.516328
0.079095 0.037241 0.218384 0.665279
0.164464 0.088726 0.280245 0.466565
0.080048 0.037312 0.226382 0.656258
0.139776 0.073761 0.277412 0.509051
0.054697 0.023820 0.188894 0.732589
0.127531 0.065538 0.263245 0.543685
0.094978 0.045989 0.239586 0.619447
0.134972 0.070215 0.265347 0.529466
0.110112 0.054387 0.251207 0.584294
0.089825 0.043099 0.236054 0.631022
0.054535 0.023749 0.190254 0.731462
0.109827 0.054666 0.254597 0.580911
0.115442 0.057667 0.259768 0.567123
0.104994 0.052263 0.241405 0.601338
0.120621 0.060373 0.261691 0.557314
0.096491 0.047079 0.240707 0.615723
0.067128 0.030185 0.208832 0.693854
0.093576 0.045192 0.238045 0.623187
0.107562 0.053314 0.252169 0.586954
0.113837 0.057377 0.255308 0.573479
0.121391 0.061178 0.259866 0.557565
0.142169 0.073792 0.277977 0.506062
0.068550 0.031021 0.209029 0.691400
0.108192 0.053307 0.253520 0.584980
0.089964 0.043350 0.236170 0.630515
0.076435 0.035536 0.219682 0.668347
0.115178 0.057718 0.252386 0.574718
0.153235 0.081318 0.284292 0.481155
0.067036 0.030259 0.208562 0.694143
0.098025 0.047360 0.245571 0.609044
0.105304 0.052298 0.255403 0.586995
0.063296 0.028571 0.204482 0.703652
0.107150 0.052721 0.248847 0.591282
0.164132 0.088712 0.294076 0.453081
0.064978 0.029211 0.206663 0.699148
0.092237 0.044483 0.242254 0.621026
0.109772 0.054757 0.257131 0.578340
0.071440 0.033180 0.213273 0.682106
0.073552 0.033962 0.217399 0.675087
0.151331 0.080213 0.288021 0.480435
0.077922 0.036003 0.223735 0.662340
0.116130 0.057919 0.265981 0.559970
0.094576 0.045852 0.240218 0.619354
0.085430 0.041057 0.234366 0.639147
0.062425 0.027919 0.202696 0.706960
0.138634 0.072118 0.283545 0.505703
0.069143 0.031289 0.212217 0.687352
0.112866 0.056430 0.260585 0.570120
0.107552 0.053268 0.255628 0.583551
0.113615 0.057058 0.264779 0.564548
0.063090 0.028369 0.202805 0.705736
0.096117 0.046438 0.246956 0.610489
0.067146 0.030308 0.210087 0.692458
0.090767 0.043680 0.234563 0.630990
0.160754 0.085669 0.294876 0.458701
0.116911 0.059022 0.266731 0.557335
0.063283 0.028637 0.203183 0.704896
0.095477 0.046045 0.245504 0.612973
0.079521 0.036934 0.224014 0.659531
0.093396 0.044832 0.239392 0.622380
0.199233 0.111906 0.302745 0.386116
0.182984 0.101099 0.300612 0.415305
0.062966 0.028422 0.202029 0.706584
0.118124 0.058913 0.264369 0.558594
0.098640 0.047406 0.245754 0.608201
0.163551 0.086696 0.290660 0.459093
0.174036 0.094847 0.299448 0.431669
0.210602 0.121858 0.306715 0.360825
0.114017 0.056723 0.258466 0.570793
0.118426 0.059210 0.264545 0.557819
0.085967 0.040344 0.232385 0.641304
0.130821 0.066588 0.269596 0.532995
0.153872 0.081693 0.292324 0.472111
0.249601 0.155176 0.280972 0.314252
0.117088 0.059028 0.256748 0.567137
0.142260 0.073323 0.278969 0.505447
0.082793 0.038591 0.228847 0.649770
0.143269 0.074498 0.277267 0.504966
0.145291 0.075675 0.286649 0.492386
0.218653 0.127876 0.297565 0.355906
0.140750 0.073334 0.274245 0.511672
0.149990 0.078061 0.283375 0.488574
0.096550 0.046080 0.243938 0.613432
0.129561 0.066450 0.272930 0.531059
0.112421 0.055543 0.258372 0.573664
0.196310 0.110539 0.299730 0.393420
0.188739 0.105326 0.294858 0.411077
0.140942 0.072543 0.278535 0.507980
0.081081 0.037697 0.227560 0.653662
0.103621 0.050716 0.251536 0.594127
0.083515 0.039193 0.227313 0.649979
0.124783 0.063162 0.270667 0.541388
0.176646 0.097370 0.295923 0.430061
0.096774 0.046608 0.242158 0.614461
0.068581 0.030956 0.211494 0.688970
0.065639 0.029508 0.207296 0.697557
0.098128 0.047284 0.241899 0.612688
0.129887 0.065606 0.274454 0.530053
0.112219 0.056104 0.257668 0.574009
0.089825 0.042607 0.235832 0.631736
0.067200 0.030210 0.209504 0.693086
0.061203 0.027373 0.198352 0.713072
0.118066 0.058637 0.260978 0.562319
0.082455 0.038823 0.223755 0.654967
0.099325 0.048665 0.248492 0.603517
0.061186 0.027365 0.196277 0.715172
0.065318 0.029213 0.206884 0.698585
0.064257 0.028894 0.204699 0.702150
0.097441 0.046993 0.238780 0.616787
0.080565 0.037733 0.221918 0.659784
0.084301 0.040028 0.230817 0.644853
0.054060 0.023542 0.188225 0.734173
0.055199 0.024038 0.190536 0.730227
0.096987 0.046913 0.238248 0.617852
0.079129 0.036884 0.220333 0.663654
0.078507 0.036455 0.221622 0.663416
0.080288 0.037540 0.226619 0.655552
0.054077 0.023549 0.187778 0.734596
0.068057 0.030603 0.209604 0.691736
0.103020 0.050326 0.246401 0.600254
0.075124 0.034688 0.218137 0.672051
0.091510 0.043451 0.237223 0.627815
0.100697 0.048856 0.249376 0.601071
0.064705 0.029096 0.203081 0.703118
0.070420 0.031867 0.213097 0.684616
0.098964 0.047875 0.244163 0.608999
0.061746 0.027616 0.199899 0.710738
0.069535 0.031466 0.211671 0.687328
0.119572 0.059964 0.267834 0.552629
0.067879 0.030717 0.208722 0.692683
0.069413 0.031332 0.211920 0.687335
0.107015 0.052788 0.252325 0.587872
0.054110 0.023564 0.189506 0.732821
0.077808 0.036288 0.220302 0.665602
0.164323 0.087772 0.292232 0.455673
0.078873 0.036784 0.225217 0.659126
0.067793 0.030476 0.209812 0.691919
0.109140 0.053922 0.252704 0.584234
0.053206 0.023170 0.189253 0.734371
0.078493 0.036683 0.223535 0.661289
0.164718 0.088509 0.290823 0.455950
0.078862 0.036856 0.223227 0.661055
0.062887 0.028126 0.200339 0.708648
0.079685 0.037396 0.225708 0.657211
0.063225 0.028430 0.203211 0.705134
0.074346 0.034474 0.215099 0.676081
0.137187 0.070981 0.274116 0.517715
0.074450 0.034523 0.217210 0.673817
0.054941 0.023926 0.190297 0.730836
0.077908 0.036314 0.224004 0.661774
0.079899 0.037358 0.223841 0.658902
0.064169 0.028847 0.203673 0.703311
0.108121 0.053498 0.248549 0.589832
0.074192 0.034458 0.215018 0.676332
0.055494 0.024167 0.191779 0.728561
0.074996 0.034629 0.220269 0.670105
0.098909 0.047989 0.246911 0.606190
0.063000 0.028177 0.202973 0.705851
0.105916 0.051952 0.246753 0.595379
0.075131 0.034930 0.216426 0.673514
0.055719 0.024264 0.192420 0.727597
0.093239 0.044560 0.242827 0.619374
0.097185 0.047117 0.243081 0.612617
0.098256 0.047280 0.247577 0.606886
0.078512 0.036502 0.221798 0.663188
0.120539 0.060223 0.263490 0.555748
0.055814 0.024306 0.192658 0.727222
0.080897 0.038090 0.224852 0.656162
0.136985 0.070250 0.277001 0.515764
0.127724 0.064799 0.270323 0.537154
0.080810 0.037688 0.226154 0.655348
0.122889 0.062283 0.264420 0.550407
0.065247 0.029339 0.205653 0.699761
0.142214 0.073845 0.275662 0.508279
0.139598 0.072228 0.277426 0.510748
0.121439 0.061459 0.268508 0.548594
0.080554 0.037647 0.226770 0.655029
0.137011 0.070864 0.277178 0.514947
0.068192 0.030858 0.210408 0.690541
0.146520 0.076787 0.279139 0.497554
0.116635 0.058403 0.262881 0.562081
0.112699 0.056098 0.261169 0.570034
0.075327 0.034929 0.221577 0.668167
0.132641 0.068527 0.274877 0.523955
0.067848 0.030625 0.210148 0.691379
0.134542 0.069101 0.273493 0.522864
0.117175 0.058371 0.263634 0.560821
0.100189 0.048812 0.246650 0.604349
0.063199 0.028411 0.205292 0.703098
0.122462 0.062375 0.269297 0.545866
0.065534 0.029460 0.205360 0.699646
0.114957 0.057049 0.257182 0.570812
0.107502 0.053046 0.253652 0.585800
0.093847 0.044851 0.238719 0.622584
0.074611 0.034473 0.218824 0.672092
0.077205 0.035987 0.221063 0.665746
0.063283 0.028303 0.201469 0.706946
0.125158 0.063559 0.266296 0.544987
0.076473 0.035461 0.219047 0.669019
0.081963 0.038592 0.223543 0.655902
0.080685 0.037725 0.224935 0.656655
0.088003 0.042001 0.233479 0.636517
0.081540 0.037909 0.226703 0.653848
0.080350 0.037708 0.226336 0.655606
0.078454 0.036438 0.223448 0.661660
0.120013 0.060150 0.259589 0.560247
0.101520 0.049256 0.248629 0.600594
0.091427 0.043940 0.234071 0.630563
0.086965 0.040947 0.233284 0.638803
0.078706 0.036686 0.224663 0.659945
0.097096 0.046664 0.244785 0.611454
0.118204 0.059441 0.254924 0.567431
0.149092 0.077428 0.284840 0.488640
0.116301 0.058407 0.255642 0.569651
0.084661 0.039651 0.230766 0.644922
0.075608 0.034912 0.220795 0.668685
0.084951 0.039867 0.231510 0.643672
0.108421 0.053616 0.251303 0.586659
0.170396 0.091560 0.290154 0.447889
0.144024 0.075255 0.276592 0.504129
0.078132 0.036281 0.221896 0.663691
0.062507 0.027956 0.203699 0.705837
0.094236 0.045409 0.236255 0.624100
0.075946 0.035266 0.217894 0.670894
0.141007 0.072957 0.279155 0.506881
0.135713 0.070218 0.274896 0.519172
0.073176 0.033618 0.217270 0.675937
0.077264 0.035921 0.220364 0.666451
0.090682 0.043545 0.233707 0.632066
0.084727 0.040230 0.228949 0.646093
0.107929 0.053403 0.250996 0.587673
0.128762 0.065926 0.269767 0.535545
0.065546 0.029474 0.205419 0.699561
0.121702 0.061324 0.261283 0.555692
0.093780 0.044951 0.239017 0.622252
0.065156 0.029484 0.206206 0.699154
0.086492 0.041026 0.229230 0.643251
0.104133 0.051384 0.252485 0.591998
0.068553 0.031022 0.210406 0.690019
0.125707 0.063775 0.265962 0.544556
0.079643 0.037221 0.220259 0.662877
0.062533 0.028226 0.202170 0.707070
0.062617 0.028005 0.199724 0.709654
0.089451 0.042877 0.239223 0.628449
0.067951 0.030672 0.210018 0.691359
0.116099 0.058044 0.257443 0.568413
0.076536 0.035490 0.216809 0.671165
0.075986 0.035292 0.221259 0.667463
0.053907 0.023476 0.189037 0.733580
0.078856 0.036853 0.226141 0.658149
0.080258 0.037275 0.226633 0.655833
0.126521 0.064137 0.264232 0.545109
0.076308 0.035441 0.220395 0.667856
0.092454 0.044433 0.241833 0.621279
0.065305 0.029365 0.204334 0.700996
0.093328 0.044735 0.242827 0.619111
0.098886 0.047524 0.247120 0.606470
0.109931 0.054313 0.255467 0.580290
0.092805 0.044602 0.241148 0.621446
0.117771 0.059145 0.265105 0.557978
0.079618 0.037226 0.222985 0.660172
0.095871 0.046319 0.243942 0.613867
0.084531 0.039670 0.232081 0.643718
0.080799 0.037918 0.227599 0.653684
0.080919 0.037975 0.225284 0.655822
0.144900 0.075712 0.284644 0.494743
0.080738 0.037890 0.226372 0.655001
0.139280 0.071941 0.278531 0.510248
0.080326 0.037441 0.224802 0.657431
0.078901 0.036777 0.225219 0.659104
0.075389 0.035140 0.218834 0.670637
0.189008 0.104947 0.303575 0.402471
0.077675 0.036206 0.223773 0.662346
0.174064 0.094232 0.291383 0.440322
0.077046 0.035576 0.221564 0.665814
0.074405 0.034356 0.220107 0.671131
0.070779 0.032682 0.212910 0.683628
0.163966 0.087975 0.294867 0.453191
0.089743 0.042832 0.235854 0.631571
0.168841 0.091022 0.290231 0.449906
0.077934 0.036008 0.221008 0.665050
0.060869 0.027223 0.200114 0.711794
0.107100 0.052997 0.247938 0.591964
0.155663 0.082317 0.287298 0.474722
0.077008 0.035803 0.222445 0.664744
0.137196 0.070476 0.275841 0.516486
0.069389 0.031400 0.211226 0.687985
0.079668 0.037039 0.226076 0.657217
0.124561 0.063195 0.264325 0.547919
0.134302 0.068962 0.273998 0.522738
0.095977 0.046306 0.243268 0.614448
0.129439 0.065617 0.272738 0.532206
0.084337 0.039333 0.229990 0.646340
0.128011 0.064503 0.273398 0.534088
0.121210 0.061343 0.264915 0.552532
0.109337 0.054194 0.250508 0.585961
0.118468 0.059613 0.259646 0.562273
0.092600 0.044238 0.240870 0.622291
0.083274 0.038918 0.229745 0.648064
0.127904 0.064890 0.269701 0.537505
0.157415 0.084009 0.286807 0.471770
0.096528 0.046513 0.238586 0.618373
0.140561 0.072840 0.276633 0.509965
0.065618 0.029619 0.206316 0.698447
0.079848 0.037026 0.225617 0.657509
0.139914 0.072394 0.272877 0.514815
0.173197 0.094733 0.295338 0.436732
0.094097 0.045185 0.236035 0.624683
0.117467 0.058866 0.262855 0.560813
0.063265 0.028440 0.200386 0.707909
0.066005 0.029672 0.208276 0.696048
0.153750 0.081155 0.283859 0.481235
0.111368 0.055765 0.261697 0.571170
0.077393 0.035887 0.220626 0.666093
0.130647 0.066513 0.273383 0.529458
0.061181 0.027363 0.196200 0.715256
0.062547 0.027974 0.199987 0.709491
0.113818 0.056415 0.258599 0.571168
0.088233 0.042494 0.231279 0.637995
0.078948 0.036667 0.223982 0.660403
0.115506 0.057365 0.262841 0.564288
0.063749 0.028666 0.198783 0.708802
0.054737 0.023837 0.190069 0.731357
0.082082 0.038260 0.227369 0.652289
0.102358 0.050207 0.248083 0.599352
0.073692 0.034261 0.213411 0.678636
0.094971 0.045802 0.244919 0.614308
0.081291 0.038009 0.221179 0.659521
0.067378 0.030298 0.208879 0.693445
0.076673 0.035403 0.221808 0.666115
0.093047 0.044718 0.240868 0.621367
0.063627 0.028720 0.203025 0.704628
0.079538 0.037074 0.226665 0.656723
0.100738 0.048876 0.244411 0.605975
0.069764 0.031570 0.212368 0.686298
0.061486 0.027499 0.200727 0.710287
0.100206 0.048618 0.248625 0.602550
0.062671 0.028173 0.203169 0.705987
0.091749 0.043789 0.238386 0.626076
0.097031 0.047042 0.243991 0.611936
0.084560 0.039437 0.230597 0.645407
0.065442 0.029427 0.206939 0.698191
0.175098 0.094246 0.296570 0.434087
0.074075 0.034225 0.217069 0.674631
0.077198 0.035891 0.218261 0.668651
0.088803 0.042526 0.237323 0.631347
0.082057 0.038349 0.229229 0.650366
0.068282 0.030899 0.211034 0.689784
0.166083 0.089845 0.298923 0.445149
0.081459 0.038087 0.226996 0.653458
0.080240 0.037422 0.221925 0.660413
0.071774 0.033141 0.217489 0.677595
0.078855 0.036566 0.225151 0.659429
0.067589 0.030509 0.210190 0.691712
0.135549 0.069981 0.281004 0.513466
0.116546 0.058530 0.263719 0.561205
0.121434 0.060725 0.260349 0.557492
0.059472 0.026599 0.198455 0.715474
0.066531 0.029909 0.208819 0.694741
0.081150 0.037690 0.227571 0.653588
0.131727 0.067171 0.277392 0.523711
0.143311 0.074882 0.283965 0.497842
0.122916 0.061724 0.263047 0.552313
0.062480 0.028095 0.201756 0.707670
0.064753 0.028961 0.206309 0.699977
0.120708 0.060039 0.268215 0.551037
0.108001 0.053011 0.256822 0.582165
0.163113 0.087384 0.293677 0.455827
0.099684 0.048223 0.245748 0.606345
0.098520 0.047654 0.247017 0.606809
0.055574 0.024201 0.192805 0.727420
0.105931 0.051749 0.251821 0.590499
0.067818 0.030612 0.210833 0.690738
0.132042 0.067999 0.274356 0.525603
0.089624 0.042748 0.237597 0.630032
0.149179 0.078075 0.283765 0.488982
0.084431 0.039253 0.231402 0.644914
0.097963 0.047391 0.240208 0.614438
0.123181 0.061282 0.266948 0.548588
0.102995 0.050677 0.246040 0.600289
0.072384 0.033254 0.217371 0.676991
0.201775 0.113574 0.297191 0.387460
0.089223 0.042010 0.236424 0.632343
0.092167 0.043961 0.236559 0.627313
0.124481 0.062756 0.262495 0.550268
0.132784 0.067937 0.270873 0.528405
0.053466 0.023284 0.190140 0.733110
0.212714 0.122882 0.294987 0.369416
0.084878 0.039753 0.229266 0.646104
0.075459 0.034667 0.218808 0.671067
0.102379 0.049789 0.243899 0.603933
0.120287 0.060641 0.260403 0.558670
0.053975 0.023505 0.190820 0.731701
0.178087 0.097889 0.296723 0.427301
0.081287 0.037746 0.226016 0.654952
0.067065 0.030157 0.206547 0.696232
0.094899 0.045534 0.236699 0.622869
0.098350 0.047829 0.238702 0.615119
0.065064 0.029257 0.205581 0.700097
0.126044 0.064074 0.267501 0.542381
0.076674 0.035225 0.220940 0.667160
0.068604 0.031045 0.210241 0.690111
0.086367 0.040753 0.227834 0.645046
0.111691 0.055428 0.254530 0.578351
0.102806 0.049728 0.250708 0.596758
0.087351 0.041434 0.233898 0.637317
0.056281 0.024509 0.193326 0.725883
0.065029 0.029353 0.205121 0.700498
0.053906 0.023475 0.187161 0.735457
0.100801 0.049477 0.245863 0.603858
0.128267 0.064821 0.269396 0.537515
0.062588 0.027992 0.201195 0.708225
0.056307 0.024521 0.193417 0.725755
0.063760 0.028663 0.202479 0.705099
0.053362 0.023238 0.188388 0.735012
0.078325 0.036529 0.223456 0.661690
0.146267 0.076207 0.275628 0.501898
0.064381 0.028950 0.203401 0.703268
0.054709 0.023825 0.189947 0.731519
0.063173 0.028254 0.202795 0.705779
0.051933 0.022616 0.184104 0.741348
0.078683 0.036772 0.224916 0.659629
0.136365 0.070226 0.269120 0.524289
0.078021 0.036480 0.215025 0.670473
0.053814 0.023435 0.186393 0.736358
0.053968 0.023502 0.190172 0.732358
0.051878 0.022592 0.184491 0.741040
0.073930 0.034282 0.220221 0.671568
0.106220 0.052264 0.248034 0.593483
0.079180 0.037159 0.218856 0.664804
0.054940 0.023925 0.189866 0.731268
0.065130 0.029287 0.205011 0.700572
0.052378 0.022809 0.187032 0.737781
0.076929 0.035730 0.223924 0.663417
0.074240 0.034280 0.212729 0.678752
0.095675 0.046103 0.239311 0.618911
0.054673 0.023809 0.188809 0.732709
0.099481 0.048119 0.244907 0.607493
0.061549 0.027676 0.198644 0.712131
0.114567 0.056985 0.265520 0.562929
0.062552 0.027976 0.200659 0.708812
0.091506 0.043940 0.235146 0.629408
0.054532 0.023747 0.188232 0.733489
0.100874 0.049278 0.245926 0.603922
0.094589 0.045753 0.236342 0.623316
0.123645 0.062485 0.269465 0.544405
0.053138 0.023141 0.188536 0.735186
0.092206 0.044197 0.238244 0.625354
0.066275 0.029801 0.206675 0.697249
0.097361 0.047100 0.243778 0.611761
0.116059 0.058652 0.258110 0.567179
0.145987 0.076061 0.284798 0.493154
0.052343 0.022794 0.186392 0.738471
0.076351 0.035682 0.222945 0.665021
0.066883 0.030266 0.209206 0.693645
0.109651 0.054088 0.253581 0.582681
0.134132 0.069884 0.272354 0.523629
0.191543 0.105846 0.300612 0.401999
0.063668 0.028629 0.204526 0.703177
0.088697 0.042515 0.239020 0.629769
0.066638 0.030079 0.208885 0.694397
0.088331 0.042199 0.230451 0.639018
0.149247 0.079577 0.276909 0.494267
0.162549 0.086718 0.288649 0.462084
0.062759 0.028400 0.201174 0.707667
0.078463 0.036669 0.225894 0.658974
0.063679 0.028627 0.203488 0.704206
0.075758 0.035332 0.213438 0.675471
0.145754 0.077269 0.280914 0.496063
0.141519 0.072798 0.278667 0.507016
0.077363 0.036080 0.222266 0.664290
0.089407 0.042855 0.237570 0.630167
0.061819 0.027649 0.202146 0.708387
0.094550 0.045681 0.238291 0.621479
0.103144 0.051391 0.247514 0.597951
0.113487 0.056314 0.257503 0.572696
0.118393 0.059204 0.265164 0.557239
0.094311 0.045565 0.241311 0.618813
0.061859 0.027816 0.196109 0.714216
0.092137 0.044435 0.233176 0.630252
0.123455 0.063311 0.265827 0.547407
0.089255 0.042524 0.230931 0.637290
0.137481 0.071449 0.275057 0.516014
0.188381 0.104565 0.290368 0.416686
0.097698 0.047257 0.238891 0.616153
0.076128 0.035485 0.216786 0.671602
0.126727 0.065568 0.265736 0.541969
0.065798 0.029579 0.205131 0.699492
0.138646 0.072236 0.271441 0.517678
0.202028 0.114844 0.290323 0.392805
0.103504 0.050563 0.246866 0.599068
0.085752 0.040927 0.229318 0.644003
0.105082 0.052618 0.249983 0.592317
0.063526 0.028412 0.203609 0.704453
0.179361 0.099114 0.294508 0.427016
0.188235 0.105156 0.288682 0.417928
0.118497 0.059297 0.262366 0.559841
0.086675 0.041656 0.232151 0.639519
0.130337 0.067234 0.272858 0.529572
0.054215 0.023610 0.188680 0.733495
0.155707 0.083068 0.287183 0.474042
0.174596 0.095550 0.287500 0.442355
0.137067 0.070382 0.275965 0.516586
0.093458 0.045344 0.238747 0.622451
0.174139 0.096013 0.299617 0.430231
0.064829 0.029151 0.203655 0.702364
0.113302 0.056321 0.259328 0.571049
0.139971 0.072874 0.276713 0.510442
0.105655 0.052369 0.253375 0.588601
0.088931 0.043115 0.232591 0.635364
0.160852 0.086874 0.296004 0.456270
0.064937 0.029386 0.204389 0.701288
0.106181 0.052376 0.253008 0.588435
0.074581 0.034584 0.220000 0.670835
0.074990 0.034954 0.218766 0.671290
0.102402 0.050718 0.250051 0.596828
0.155533 0.083815 0.293284 0.467368
0.064487 0.029108 0.203254 0.703150
0.087191 0.041654 0.235750 0.635405
0.063777 0.028671 0.205323 0.702230
0.073244 0.033820 0.217435 0.675500
0.126270 0.064933 0.270462 0.538335
0.194602 0.110591 0.308692 0.386115
0.077334 0.035918 0.219230 0.667518
0.094386 0.045538 0.239424 0.620652
0.060877 0.027227 0.199822 0.712075
0.073450 0.033937 0.214385 0.678228
0.183925 0.102669 0.297895 0.415510
0.153639 0.081965 0.292463 0.471933
0.077288 0.035933 0.221503 0.665275
0.099461 0.048383 0.245843 0.606313
0.063606 0.028601 0.205042 0.702751
0.065299 0.029549 0.203851 0.701301
0.159542 0.087217 0.283088 0.470153
0.156721 0.083518 0.287198 0.472563
0.079540 0.037096 0.225646 0.657718
0.093402 0.044948 0.238241 0.623409
0.081088 0.037914 0.228493 0.652506
0.143438 0.074262 0.277760 0.504540
0.188536 0.108047 0.291496 0.411921
0.159680 0.085445 0.285610 0.469265
0.115342 0.057678 0.258787 0.568193
0.112948 0.056113 0.256867 0.574072
0.151336 0.078739 0.289485 0.480440
0.172008 0.094122 0.286380 0.447489
0.184558 0.105006 0.286384 0.424052
0.182521 0.100802 0.292601 0.424076
0.112177 0.056331 0.253588 0.577904
0.161444 0.086075 0.285184 0.467297
0.154549 0.081317 0.289503 0.474631
0.164345 0.088849 0.285991 0.460815
0.161067 0.088243 0.279175 0.471516
0.170590 0.092208 0.290470 0.446733
0.093302 0.045136 0.239218 0.622344
0.119787 0.060772 0.259561 0.559879
0.165363 0.088397 0.296184 0.450056
0.127637 0.065663 0.268384 0.538317
0.129300 0.067059 0.265115 0.538526
0.159130 0.084628 0.286967 0.469274
0.107564 0.053058 0.254430 0.584948
0.111798 0.055893 0.253075 0.579234
0.162797 0.086444 0.294197 0.456562
0.109497 0.054770 0.254090 0.581642
0.136552 0.072391 0.271416 0.519642
0.104816 0.051862 0.246298 0.597024
0.111328 0.055003 0.258017 0.575652
0.101358 0.049661 0.247006 0.601975
0.131352 0.066903 0.272331 0.529413
0.072669 0.033576 0.214406 0.679350
0.141260 0.075453 0.274734 0.508554
0.083140 0.039436 0.225521 0.651903
0.099420 0.048237 0.248915 0.603428
0.085860 0.040768 0.230544 0.642828
0.080948 0.037731 0.223951 0.657371
0.077784 0.036369 0.223550 0.662297
0.119132 0.061824 0.259511 0.559533
0.072995 0.033726 0.214047 0.679231
0.114313 0.057327 0.262702 0.565658
0.065636 0.029702 0.206985 0.697677
0.076414 0.035284 0.217926 0.670376
0.080310 0.037689 0.227027 0.654975
0.113790 0.058534 0.255693 0.571983
0.064458 0.029169 0.201032 0.705342
0.132695 0.068418 0.274878 0.524009
0.093489 0.045106 0.240852 0.620553
0.079089 0.036542 0.222610 0.661758
0.113127 0.056421 0.260182 0.570270
0.115478 0.059296 0.258818 0.566408
0.065284 0.029468 0.204444 0.700804
0.111384 0.055496 0.255675 0.577445
0.094831 0.046131 0.241563 0.617476
0.069027 0.031236 0.208882 0.690856
0.131448 0.068011 0.271240 0.529300
0.164536 0.090626 0.294943 0.449895
0.088144 0.042349 0.229488 0.640019
0.091903 0.044010 0.238219 0.625868
0.109684 0.054595 0.254721 0.581000
0.066486 0.030011 0.205532 0.697971
0.132298 0.068558 0.272094 0.527050
0.179186 0.101200 0.301070 0.418545
0.110939 0.055527 0.255694 0.577841
0.114233 0.056422 0.260360 0.568985
0.113401 0.056648 0.260461 0.569490
0.062217 0.027969 0.196798 0.713016
0.161330 0.086686 0.286321 0.465663
0.213144 0.128384 0.301997 0.356475
0.115020 0.057966 0.259035 0.567979
0.144842 0.075070 0.280683 0.499406
0.132406 0.067910 0.275795 0.523889
0.059806 0.026748 0.193617 0.719829
0.156252 0.083359 0.285086 0.475303
0.225433 0.139774 0.297319 0.337474
0.107645 0.053944 0.253656 0.584754
0.122714 0.062257 0.262419 0.552610
0.140064 0.072739 0.276657 0.510539
0.052618 0.022914 0.184283 0.740184
0.132589 0.068205 0.271694 0.527512
0.220426 0.134573 0.301994 0.343006
0.099090 0.048756 0.244452 0.607702
0.110312 0.055150 0.250843 0.583695
0.159740 0.085834 0.286703 0.467723
0.052385 0.022813 0.184752 0.740050
0.130186 0.066848 0.274182 0.528784
0.210528 0.124375 0.298999 0.366098
0.123272 0.063071 0.268573 0.545084
0.099207 0.048608 0.239085 0.613100
0.131642 0.068112 0.271057 0.529190
0.063803 0.028690 0.203322 0.704186
0.130376 0.066869 0.276093 0.526662
0.214811 0.127325 0.296653 0.361211
0.133632 0.069723 0.271620 0.525025
0.071320 0.032765 0.209935 0.685979
0.128417 0.065750 0.267604 0.538230
0.077799 0.036376 0.224105 0.661719
0.096656 0.046860 0.246570 0.609913
0.219359 0.130673 0.301803 0.348165
0.138738 0.072677 0.278165 0.510420
0.064570 0.029035 0.203821 0.702573
0.108060 0.053322 0.252852 0.585766
0.094162 0.045686 0.245070 0.615082
0.091477 0.043807 0.240587 0.624129
0.221464 0.132701 0.303128 0.342707
0.179325 0.099713 0.296047 0.424915
0.078472 0.036690 0.221833 0.663005
0.092201 0.044195 0.240224 0.623380
0.090193 0.043727 0.236553 0.629527
0.090686 0.043282 0.240469 0.625562
0.214636 0.127490 0.295787 0.362087
0.162801 0.089263 0.287061 0.460874
0.095542 0.046356 0.243818 0.614284
0.092298 0.044593 0.234913 0.628195
0.103769 0.051394 0.253341 0.591495
0.118311 0.058847 0.267407 0.555435
0.167748 0.092206 0.293506 0.446539
0.176674 0.097613 0.292023 0.433690
0.092873 0.045026 0.242948 0.619153
0.109786 0.054764 0.252727 0.582723
0.107175 0.053228 0.254527 0.585070
0.129292 0.065339 0.275003 0.530366
0.138994 0.073145 0.275895 0.511966
0.154328 0.083139 0.288706 0.473828
0.084382 0.040409 0.229645 0.645564
0.094726 0.045924 0.241359 0.617991
0.162052 0.086747 0.289748 0.461453
0.148874 0.077565 0.283916 0.489645
0.150725 0.079713 0.284015 0.485548
0.143487 0.076299 0.272668 0.507546
0.085688 0.040897 0.230484 0.642930
0.090397 0.043289 0.237608 0.628705
0.201008 0.113525 0.296833 0.388634
0.139867 0.072029 0.278711 0.509393
0.166280 0.089527 0.293170 0.451023
0.129448 0.066877 0.268203 0.535472
0.107459 0.053449 0.250907 0.588185
0.110637 0.054646 0.255342 0.579376
0.213321 0.123873 0.301648 0.361158
0.135417 0.068941 0.276167 0.519475
0.142153 0.074543 0.284639 0.498665
0.141671 0.074698 0.281336 0.502295
0.140628 0.073599 0.272275 0.513497
0.110773 0.055444 0.254672 0.579111
0.207712 0.119026 0.301980 0.371283
0.098903 0.047493 0.245942 0.607661
0.155550 0.082729 0.292086 0.469634
0.111773 0.056053 0.258135 0.574039
0.191265 0.107658 0.286714 0.414362
0.109918 0.055395 0.248130 0.586557
0.168589 0.091667 0.294097 0.445648
0.081140 0.037625 0.226673 0.654563
0.144447 0.076245 0.282711 0.496597
0.153481 0.081980 0.281688 0.482850
0.204115 0.117914 0.294051 0.383920
0.132605 0.068773 0.268698 0.529923
0.101952 0.050164 0.245879 0.602005
0.065705 0.029537 0.205856 0.698901
0.106152 0.052615 0.251198 0.590034
0.127127 0.065974 0.272836 0.534063
0.171432 0.094231 0.294394 0.439942
0.123316 0.063147 0.259420 0.554117
0.073113 0.033759 0.213916 0.679212
0.064492 0.028844 0.204957 0.701707
0.095548 0.046041 0.242236 0.616175
0.123117 0.063332 0.265657 0.547893
0.139378 0.073347 0.277094 0.510180
0.088519 0.042390 0.232827 0.636265
0.092536 0.044224 0.235756 0.627485
0.054166 0.023588 0.187189 0.735057
0.137405 0.070660 0.274907 0.517028
0.150349 0.079974 0.281704 0.487973
0.098825 0.048764 0.245077 0.607334
0.127920 0.065448 0.268981 0.537651
0.082845 0.039007 0.222854 0.655294
0.054322 0.023656 0.187596 0.734426
0.119374 0.059945 0.260170 0.560511
0.149934 0.080138 0.278761 0.491167
0.071223 0.033026 0.213290 0.682461
0.129076 0.067346 0.270640 0.532937
0.094208 0.045616 0.232086 0.628090
0.055147 0.024015 0.190355 0.730483
0.139423 0.072250 0.275927 0.512401
0.111336 0.056046 0.257539 0.575078
0.092097 0.044248 0.239705 0.623950
0.109047 0.055188 0.249119 0.586647
0.111448 0.055672 0.253551 0.579328
0.066719 0.030001 0.208061 0.695219
0.134350 0.069435 0.275560 0.520655
0.197424 0.112601 0.289421 0.400554
0.114650 0.057384 0.259243 0.568723
0.098301 0.048931 0.239977 0.612790
0.104983 0.052036 0.248607 0.594374
0.069220 0.031324 0.211615 0.687842
0.106203 0.052519 0.248679 0.592599
0.168861 0.094325 0.279015 0.457799
0.139857 0.072995 0.279008 0.508141
0.104823 0.052834 0.241188 0.601155
0.074254 0.034611 0.214103 0.677032
0.065398 0.029519 0.205801 0.699282
0.075005 0.034829 0.216308 0.673859
0.126737 0.065798 0.264449 0.543015
0.189090 0.105939 0.301502 0.403469
0.101530 0.050500 0.239421 0.608550
0.066751 0.030822 0.201428 0.700998
0.063859 0.028707 0.204958 0.702476
0.071078 0.032654 0.213788 0.682480
0.120035 0.061586 0.262304 0.556075
0.201268 0.115598 0.301053 0.382081
0.181414 0.102045 0.285532 0.431009
0.068293 0.031554 0.208756 0.691398
0.062956 0.028157 0.203832 0.705055
0.078661 0.036571 0.224722 0.660046
0.160116 0.086562 0.288177 0.465145
0.154335 0.082546 0.285217 0.477902
0.177738 0.101334 0.291501 0.429427
0.091418 0.044219 0.236294 0.628069
0.066429 0.029871 0.208752 0.694948
0.099830 0.048597 0.243553 0.608020
0.095792 0.046795 0.245233 0.612180
0.120315 0.061162 0.263252 0.555272
0.202749 0.120807 0.294837 0.381606
0.112323 0.056764 0.253975 0.576938
0.068730 0.031102 0.211876 0.688293
0.097656 0.047575 0.244963 0.609806
0.124676 0.064608 0.274728 0.535989
0.123252 0.062590 0.265856 0.548302
0.165717 0.094030 0.294983 0.445271
0.130034 0.067749 0.272892 0.529325
0.101156 0.048805 0.250732 0.599307
0.111444 0.055516 0.260317 0.572723
0.148019 0.079205 0.291899 0.480877
0.114100 0.057109 0.254438 0.574354
0.136654 0.073843 0.278265 0.511239
0.162094 0.089572 0.296867 0.451467
0.127238 0.064026 0.272975 0.535760
0.127462 0.065078 0.270682 0.536778
0.169347 0.093526 0.297529 0.439598
0.118046 0.059491 0.258546 0.563918
0.115302 0.059643 0.257156 0.567900
0.209451 0.124486 0.296539 0.369524
0.122721 0.061450 0.268642 0.547188
0.114914 0.057322 0.258429 0.569335
0.132693 0.069265 0.273935 0.524106
0.112070 0.056161 0.254513 0.577256
0.184212 0.105824 0.295123 0.414842
0.173246 0.097379 0.291541 0.437834
0.099665 0.048000 0.247686 0.604649
0.093047 0.045110 0.236574 0.625269
0.198852 0.113019 0.300396 0.387733
0.121990 0.062106 0.263158 0.552746
0.197223 0.115834 0.299308 0.387636
0.160234 0.088562 0.286887 0.464317
0.090125 0.042750 0.235361 0.631764
0.132223 0.067807 0.272643 0.527326
0.251750 0.156810 0.276901 0.314539
0.108019 0.053647 0.251865 0.586468
0.252870 0.169799 0.256633 0.320698
0.182023 0.102985 0.292554 0.422438
0.079720 0.036833 0.224384 0.659063
0.140645 0.072770 0.278473 0.508112
0.232559 0.140966 0.283995 0.342479
0.089445 0.043136 0.234577 0.632842
0.259657 0.180230 0.248612 0.311502
0.234349 0.143725 0.281713 0.340213
0.070420 0.031867 0.213097 0.684616
0.117441 0.058806 0.263722 0.560031
0.207135 0.119711 0.299266 0.373888
0.091436 0.044060 0.239159 0.625345
0.248322 0.163736 0.284417 0.303524
0.184984 0.105465 0.297181 0.412370
0.069413 0.031332 0.211920 0.687335
0.094552 0.045538 0.243329 0.616581
0.183878 0.102789 0.301157 0.412175
0.108562 0.053916 0.257975 0.579547
0.218876 0.133239 0.304432 0.343453
0.185502 0.106557 0.291790 0.416151
0.067793 0.030476 0.209812 0.691919
0.126528 0.064254 0.275394 0.533824
0.118187 0.059400 0.265360 0.557053
0.110208 0.054974 0.257940 0.576879
0.216276 0.129836 0.302943 0.350944
0.196153 0.114758 0.292685 0.396404
0.063785 0.028528 0.203200 0.704487
0.097914 0.047380 0.247933 0.606773
0.079806 0.037066 0.226032 0.657096
0.112783 0.056560 0.259390 0.571267
0.162633 0.089871 0.301892 0.445604
0.154324 0.084127 0.285984 0.475566
0.054534 0.023748 0.188886 0.732832
0.081204 0.038032 0.226406 0.654358
0.076194 0.035424 0.220890 0.667492
0.150361 0.080314 0.280473 0.488852
0.169109 0.093897 0.303574 0.433421
0.107041 0.053564 0.252907 0.586488
0.055303 0.024084 0.191120 0.729493
0.095904 0.046035 0.243655 0.614405
0.098783 0.047660 0.247458 0.606099
0.156110 0.083884 0.281726 0.478280
0.221672 0.132528 0.303891 0.341909
0.174505 0.096232 0.297429 0.431834
0.055636 0.024228 0.192134 0.728003
0.114085 0.056365 0.261167 0.568384
0.125057 0.062928 0.270640 0.541375
0.152890 0.081907 0.273731 0.491473
0.222113 0.133083 0.297127 0.347677
0.173002 0.096435 0.299783 0.430780
0.055787 0.024294 0.192566 0.727352
0.129217 0.064893 0.272965 0.532925
0.119069 0.059621 0.262797 0.558513
0.152505 0.081314 0.278834 0.487347
0.199250 0.114756 0.299189 0.386806
0.175703 0.098641 0.298934 0.426722
0.067210 0.030222 0.209592 0.692976
0.129634 0.065445 0.272522 0.532399
0.096050 0.046259 0.240321 0.617370
0.150679 0.079881 0.282209 0.487230
0.252420 0.159817 0.266324 0.321439
0.189896 0.109181 0.295499 0.405423
0.067369 0.030486 0.208515 0.693629
0.115153 0.057241 0.259910 0.567696
0.129252 0.065637 0.268860 0.536251
0.129950 0.067003 0.275237 0.527810
0.238712 0.147622 0.275661 0.338005
0.184306 0.104367 0.297962 0.413365
0.066293 0.029924 0.205952 0.697831
0.092918 0.044319 0.239536 0.623227
0.100142 0.048459 0.245709 0.605690
0.108568 0.054093 0.258576 0.578762
0.176354 0.098518 0.282821 0.442306
0.152044 0.081068 0.287077 0.479811
0.065803 0.029581 0.206440 0.698176
0.075781 0.034815 0.220166 0.669239
0.080567 0.037733 0.219606 0.662094
0.085715 0.041047 0.236272 0.636966
0.138402 0.073125 0.267506 0.520968
0.200369 0.114162 0.298739 0.386730
0.064382 0.028795 0.205043 0.701779
0.055040 0.023969 0.190077 0.730913
0.076079 0.035328 0.216067 0.672526
0.083261 0.039738 0.226927 0.650074
0.125272 0.064852 0.257091 0.552786
0.211513 0.122905 0.303042 0.362539
0.067709 0.030446 0.209765 0.692080
0.055518 0.024177 0.191638 0.728667
0.071031 0.032633 0.210903 0.685433
0.086579 0.041610 0.226803 0.645008
0.073968 0.034390 0.214574 0.677068
0.179897 0.100791 0.301721 0.417591
0.084455 0.039488 0.231496 0.644560
0.067057 0.030153 0.209116 0.693673
0.062546 0.028125 0.198385 0.710943
0.141308 0.073521 0.275816 0.509354
0.073653 0.034350 0.213342 0.678655
0.168972 0.092925 0.291606 0.446497
0.081611 0.038299 0.224682 0.655408
0.068431 0.030967 0.209203 0.691399
0.064531 0.029202 0.200036 0.706232
0.170189 0.092730 0.286380 0.450701
0.084601 0.040874 0.224803 0.649722
0.138107 0.072341 0.274067 0.515485
0.080085 0.037329 0.224405 0.658180
0.068158 0.030765 0.209656 0.691421
0.062875 0.028381 0.201869 0.706876
0.230919 0.138347 0.275479 0.355255
0.099956 0.049860 0.243902 0.606281
0.105109 0.051787 0.251751 0.591353
0.076882 0.035500 0.221284 0.666334
0.064844 0.029150 0.204429 0.701578
0.074910 0.034792 0.219695 0.670603
0.199811 0.115592 0.290084 0.394513
0.097065 0.048678 0.237715 0.616542
0.117548 0.058782 0.260815 0.562855
0.064488 0.028842 0.205380 0.701290
0.063832 0.028549 0.203968 0.703651
0.091331 0.043893 0.240197 0.624579
0.155323 0.084660 0.285940 0.474076
0.116344 0.059987 0.256868 0.566800
0.168078 0.090495 0.292461 0.448966
0.067752 0.030466 0.209899 0.691882
0.066384 0.029850 0.205993 0.697773
0.093604 0.045415 0.242007 0.618973
0.101173 0.049859 0.248131 0.600837
0.141332 0.075491 0.280372 0.502806
0.141365 0.074130 0.280300 0.504205
0.080548 0.037661 0.223609 0.658182
0.068053 0.030796 0.209913 0.691239
0.091206 0.044218 0.241680 0.622896
0.078723 0.037147 0.220953 0.663177
0.189717 0.109579 0.303446 0.397258
0.127697 0.065597 0.273302 0.533404
0.083116 0.039006 0.228131 0.649748
0.067598 0.030512 0.209656 0.692234
0.150599 0.080037 0.286980 0.482384
0.050869 0.022153 0.183167 0.743811
0.211360 0.127718 0.295779 0.365142
0.122406 0.062051 0.266547 0.548996
0.081042 0.037775 0.226355 0.654828
0.080010 0.037161 0.226388 0.656441
0.160602 0.086643 0.288261 0.464494
0.088658 0.042662 0.232435 0.636245
0.244042 0.157868 0.295783 0.302307
0.089202 0.042615 0.236799 0.631383
0.077298 0.035692 0.222185 0.664825
0.079073 0.036763 0.223033 0.661132
0.161373 0.086928 0.286255 0.465444
0.163559 0.089071 0.286054 0.461316
0.213055 0.131594 0.296490 0.358862
0.079246 0.036958 0.223407 0.660388
0.063636 0.028461 0.202594 0.705308
0.066525 0.030028 0.208330 0.695116
0.179894 0.100030 0.285912 0.434164
0.168645 0.092696 0.289149 0.449511
0.208024 0.125977 0.286498 0.379501
0.119184 0.059600 0.265731 0.555485
0.079176 0.036810 0.222914 0.661099
0.080301 0.037295 0.226403 0.656001
0.212568 0.125248 0.275566 0.386618
0.176315 0.098049 0.297569 0.428068
0.221416 0.135576 0.282886 0.360122
0.145194 0.075457 0.283769 0.495579
0.085133 0.040084 0.230969 0.643814
0.079432 0.036930 0.223235 0.660403
0.153871 0.082951 0.275976 0.487202
0.183035 0.102635 0.302238 0.412092
0.196455 0.117062 0.285689 0.400795
0.117887 0.059344 0.260358 0.562411
0.083451 0.039084 0.229410 0.648056
0.083115 0.038763 0.228443 0.649679
0.121690 0.062511 0.257618 0.558181
0.167046 0.091271 0.297476 0.444207
0.225800 0.141238 0.264115 0.368846
0.132694 0.067940 0.272976 0.526390
0.078641 0.036517 0.221895 0.662946
0.082362 0.038491 0.228760 0.650387
0.098074 0.048052 0.242220 0.611654
0.136566 0.071357 0.283438 0.508639
0.226887 0.145966 0.269952 0.357194
0.108560 0.053568 0.255825 0.582047
0.072348 0.033238 0.213940 0.680474
0.094152 0.045130 0.237551 0.623168
0.080184 0.038073 0.222441 0.659302
0.131501 0.068039 0.278971 0.521488
0.180022 0.106191 0.285418 0.428370
0.092732 0.044449 0.236000 0.626820
0.080195 0.037284 0.225583 0.656937
0.081261 0.037977 0.223023 0.657740
0.058817 0.026616 0.192945 0.721622
0.149183 0.079125 0.281546 0.490145
0.147092 0.080498 0.280491 0.491920
0.080333 0.037543 0.221960 0.660163
0.084502 0.039787 0.228773 0.646939
0.076364 0.035410 0.217875 0.670351
0.087433 0.042184 0.233305 0.637079
0.150345 0.079989 0.277295 0.492371
0.184399 0.106893 0.304512 0.404197
0.088280 0.042315 0.228316 0.641089
0.083041 0.038892 0.228098 0.649969
0.065327 0.029367 0.205320 0.699985
0.106763 0.053723 0.254288 0.585226
0.159543 0.085654 0.282668 0.472135
0.117147 0.061307 0.268888 0.552657
0.077763 0.036342 0.217790 0.668105
0.078296 0.036357 0.223791 0.661556
0.078442 0.036243 0.222709 0.662605
0.127900 0.066279 0.273547 0.532274
0.190875 0.106939 0.287973 0.414214
0.182347 0.105667 0.314152 0.397834
0.093391 0.044765 0.237215 0.624630
0.089327 0.042415 0.237740 0.630518
0.066343 0.030022 0.206841 0.696794
0.179389 0.099938 0.304725 0.415947
0.183004 0.101424 0.289176 0.426396
0.243463 0.157934 0.315163 0.283440
0.079121 0.036977 0.224285 0.659618
0.082340 0.038499 0.227214 0.651948
0.065302 0.029476 0.206789 0.698434
0.239869 0.148804 0.307603 0.303723
0.126527 0.064996 0.268118 0.540359
0.239629 0.154357 0.303616 0.302398
0.072002 0.033388 0.210956 0.683654
0.082896 0.038902 0.229337 0.648865
0.077688 0.036082 0.224077 0.662152
0.227090 0.137572 0.305671 0.329667
0.098239 0.048133 0.247020 0.606607
0.257076 0.172288 0.266885 0.303751
0.086402 0.041512 0.228480 0.643606
0.079218 0.036925 0.223145 0.660712
0.077293 0.035935 0.221420 0.665351
0.238437 0.147358 0.296910 0.317295
0.085157 0.040434 0.233679 0.640729
0.266287 0.202312 0.198567 0.332834
0.087519 0.042350 0.229300 0.640830
0.091882 0.043853 0.236247 0.628019
0.066419 0.029980 0.208000 0.695601
0.201615 0.118076 0.290955 0.389353
0.064104 0.029009 0.204793 0.702094
0.267178 0.200006 0.198606 0.334210
0.074625 0.034951 0.213392 0.677032
0.097979 0.047088 0.243744 0.611188
0.092580 0.044480 0.234825 0.628115
0.184397 0.103897 0.284440 0.427266
0.064378 0.029059 0.205921 0.700642
0.265930 0.192199 0.205955 0.335916
0.109240 0.054271 0.252182 0.584307
0.084094 0.039465 0.230386 0.646055
0.118274 0.059198 0.260605 0.561924
0.205515 0.118203 0.281762 0.394520
0.113752 0.056591 0.261388 0.568269
0.260400 0.174272 0.258469 0.306858
0.124026 0.063834 0.266817 0.545324
0.099772 0.048077 0.247360 0.604792
0.125523 0.063260 0.267250 0.543967
0.182481 0.102026 0.284783 0.430711
0.165187 0.089292 0.285403 0.460119
0.191181 0.109892 0.304735 0.394192
0.158727 0.085865 0.289961 0.465447
0.094126 0.045199 0.240108 0.620568
0.117315 0.058789 0.260253 0.563642
0.158390 0.085167 0.280553 0.475890
0.171989 0.093908 0.285337 0.448766
0.129547 0.067475 0.272047 0.530931
0.179210 0.101031 0.298901 0.420857
0.077047 0.035727 0.222243 0.664982
0.106165 0.052237 0.249360 0.592237
0.135503 0.071401 0.274421 0.518675
0.183853 0.102494 0.289013 0.424639
0.103316 0.051044 0.248264 0.597375
0.156738 0.086607 0.286017 0.470638
0.065446 0.029421 0.207155 0.697978
0.088934 0.042446 0.236309 0.632311
0.094395 0.046200 0.243226 0.616179
0.166210 0.090373 0.283875 0.459542
0.075382 0.035376 0.214364 0.674877
0.113238 0.057903 0.253890 0.574968
0.077122 0.035633 0.220583 0.666662
0.076430 0.035534 0.219916 0.668119
0.061110 0.027472 0.201839 0.709579
0.127241 0.064779 0.267719 0.540261
0.107756 0.053742 0.250337 0.588165
0.155579 0.084186 0.283341 0.476894
0.068777 0.031123 0.210741 0.689359
0.065158 0.029411 0.204212 0.701219
0.071991 0.033263 0.217943 0.676803
0.090124 0.043277 0.238387 0.628213
0.180552 0.100333 0.285460 0.433655
0.157407 0.085087 0.284569 0.472937
0.080774 0.037671 0.224973 0.656583
0.076339 0.035455 0.218838 0.669368
0.076060 0.035563 0.221916 0.666461
0.073251 0.033967 0.216886 0.675896
0.185930 0.104734 0.292951 0.416386
0.190512 0.107829 0.296949 0.404710
0.099175 0.047915 0.243526 0.609384
0.075165 0.034946 0.217633 0.672257
0.162966 0.087897 0.293490 0.455647
0.074418 0.034563 0.217760 0.673259
0.156241 0.084483 0.285008 0.474268
0.222276 0.134026 0.299435 0.344263
0.097041 0.046800 0.240280 0.615879
0.120563 0.060235 0.264892 0.554310
0.218216 0.128630 0.294751 0.358403
0.074896 0.034821 0.220162 0.670122
0.153927 0.083738 0.284946 0.477389
