0.144142 0.074977 0.284270 0.496612
0.190135 0.106641 0.292378 0.410846
0.142922 0.074347 0.281080 0.501652
0.174541 0.096563 0.289915 0.438981
0.181216 0.100905 0.300121 0.417758
0.236659 0.145157 0.283452 0.334731
0.125692 0.063368 0.272827 0.538112
0.173508 0.094741 0.290772 0.440980
0.128100 0.065369 0.267451 0.539080
0.137484 0.071514 0.274025 0.516977
0.161638 0.087383 0.290390 0.460588
0.242040 0.149771 0.279508 0.328681
0.109590 0.053836 0.257891 0.578683
0.166118 0.089560 0.290014 0.454307
0.128385 0.065355 0.270029 0.536231
0.141636 0.073678 0.278550 0.506136
0.186387 0.103877 0.297363 0.412373
0.212220 0.125381 0.287235 0.375165
0.127390 0.064544 0.269668 0.538399
0.144349 0.075084 0.281952 0.498616
0.145292 0.075993 0.282755 0.495961
0.129053 0.065855 0.273683 0.531408
0.194657 0.110128 0.299965 0.395249
0.173165 0.095269 0.288764 0.442801
0.132154 0.067438 0.273892 0.526517
0.125947 0.063497 0.271510 0.539047
0.144483 0.075685 0.284207 0.495626
0.128661 0.065496 0.273840 0.532003
0.212608 0.123748 0.297859 0.365784
0.124399 0.063055 0.269879 0.542668
0.131259 0.066819 0.274246 0.527676
0.106788 0.052460 0.256579 0.584172
0.128845 0.065590 0.274790 0.530775
0.143251 0.074925 0.285898 0.495926
0.193802 0.109258 0.298528 0.398412
0.122749 0.061884 0.269472 0.545894
0.129015 0.065394 0.273346 0.532245
0.108448 0.053275 0.258779 0.579498
0.123517 0.062607 0.273499 0.540377
0.140609 0.073655 0.282291 0.503444
0.177796 0.098364 0.295322 0.428518
0.109552 0.053817 0.259609 0.577022
0.124139 0.062585 0.271694 0.541581
0.109593 0.053838 0.260004 0.576565
0.121759 0.061385 0.271778 0.545078
0.126346 0.064317 0.273379 0.535958
0.139281 0.072448 0.277605 0.510667
0.123330 0.062487 0.274129 0.540055
0.108823 0.053460 0.260801 0.576916
0.110082 0.054078 0.260642 0.575198
0.127163 0.064429 0.275522 0.532886
0.143224 0.074911 0.281434 0.500431
0.142922 0.074347 0.281080 0.501652
0.126390 0.064496 0.272794 0.536319
0.108052 0.053081 0.257218 0.581650
0.110236 0.054154 0.260942 0.574668
0.152211 0.080150 0.289744 0.477896
0.144781 0.075841 0.282949 0.496429
0.131799 0.067256 0.275173 0.525772
0.147156 0.077303 0.285968 0.489572
0.107658 0.052887 0.255220 0.584235
0.148882 0.077877 0.288610 0.484631
0.154265 0.081603 0.289933 0.474199
0.171978 0.093312 0.294479 0.440231
0.128804 0.065569 0.270910 0.534718
0.149062 0.078508 0.286747 0.485683
0.108953 0.053523 0.257908 0.579615
0.156711 0.083151 0.290926 0.469211
0.195224 0.109407 0.299775 0.395594
0.196351 0.111087 0.299524 0.393038
0.145698 0.076205 0.283546 0.494551
0.144445 0.075471 0.284609 0.495475
0.128273 0.064991 0.273354 0.533381
0.153599 0.081081 0.289045 0.476275
0.195040 0.109678 0.298552 0.396729
0.192850 0.108634 0.298851 0.399665
0.144813 0.075857 0.284856 0.494474
0.193730 0.108165 0.299360 0.398745
0.151447 0.079748 0.283345 0.485460
0.148041 0.077450 0.286198 0.488311
0.171551 0.092951 0.294713 0.440785
0.167527 0.090844 0.295777 0.445852
0.129083 0.065711 0.275297 0.529909
0.197582 0.112013 0.300467 0.389939
0.152027 0.080420 0.286088 0.481464
0.141164 0.073035 0.282488 0.503313
0.149256 0.078085 0.286178 0.486482
0.158223 0.084451 0.291889 0.465438
0.127320 0.064535 0.273958 0.534187
0.176242 0.096511 0.297291 0.429956
0.146443 0.076931 0.285610 0.491016
0.130491 0.066115 0.276233 0.527161
0.142190 0.073565 0.282528 0.501717
0.124628 0.062832 0.272576 0.539964
0.122686 0.061852 0.272006 0.543455
0.167598 0.090502 0.294403 0.447497
0.141627 0.073669 0.282946 0.501758
0.134168 0.068466 0.278067 0.519298
0.112015 0.055028 0.262133 0.570824
0.129462 0.065594 0.276040 0.528904
0.127862 0.064783 0.275707 0.531648
0.154721 0.082125 0.286292 0.476862
0.124188 0.062610 0.271764 0.541438
0.132553 0.067477 0.276949 0.523021
0.112015 0.055028 0.262133 0.570824
0.133209 0.067976 0.277950 0.520864
0.153222 0.080683 0.289673 0.476422
0.110298 0.054184 0.259559 0.575959
0.108655 0.053377 0.260770 0.577197
0.129894 0.065840 0.275209 0.529057
0.110316 0.054193 0.258157 0.577333
0.150919 0.079279 0.284709 0.485093
0.153218 0.081050 0.285864 0.479869
0.129715 0.065722 0.274591 0.529972
0.127862 0.064783 0.275707 0.531648
0.126657 0.063855 0.273042 0.536447
0.109358 0.053722 0.255915 0.581004
0.150250 0.079134 0.281849 0.488767
0.149412 0.078490 0.284864 0.487234
0.133624 0.068188 0.276938 0.521250
0.153222 0.080683 0.289673 0.476422
0.112015 0.055028 0.262133 0.570824
0.110446 0.054257 0.258460 0.576838
0.146184 0.076380 0.281442 0.495994
0.165662 0.088954 0.292002 0.453382
0.132155 0.067275 0.276119 0.524451
0.155330 0.082167 0.289805 0.472697
0.112015 0.055028 0.262133 0.570824
0.111044 0.054551 0.259860 0.574545
0.126779 0.064261 0.268609 0.540351
0.149584 0.078357 0.285529 0.486529
0.125783 0.063756 0.270630 0.539830
0.150818 0.079229 0.287545 0.482408
0.110316 0.054193 0.258157 0.577333
0.111354 0.054703 0.260584 0.573360
0.122881 0.061951 0.264902 0.550266
0.132155 0.067275 0.276119 0.524451
0.123901 0.062465 0.270175 0.543459
0.164569 0.088367 0.290074 0.456990
0.111025 0.054541 0.259815 0.574619
0.109861 0.053970 0.260711 0.575458
0.108341 0.053223 0.257102 0.581335
0.127667 0.064711 0.274682 0.532940
0.110477 0.054272 0.260370 0.574881
0.146809 0.076903 0.280232 0.496056
0.109737 0.053908 0.256800 0.579555
0.107152 0.052638 0.256795 0.583415
0.107896 0.053004 0.258579 0.580521
0.123185 0.062105 0.268615 0.546095
0.110844 0.054452 0.260937 0.573766
0.130577 0.066471 0.272821 0.530131
0.110650 0.054357 0.258938 0.576055
0.108763 0.053430 0.258909 0.578899
0.109096 0.053594 0.259703 0.577608
0.110085 0.054079 0.259444 0.576392
0.111002 0.054530 0.261216 0.573252
0.128646 0.065208 0.272565 0.533581
0.111144 0.054599 0.260093 0.574164
0.109703 0.053892 0.260068 0.576336
0.108185 0.053146 0.260003 0.578665
0.110635 0.054350 0.260445 0.574571
0.128228 0.064968 0.275692 0.531112
0.125820 0.063433 0.271237 0.539511
0.108089 0.053099 0.256504 0.582309
0.110124 0.054098 0.260679 0.575099
0.107376 0.052749 0.260191 0.579684
0.109216 0.053653 0.257013 0.580118
0.130479 0.066583 0.273725 0.529212
0.109861 0.053970 0.260711 0.575458
0.109417 0.053751 0.258659 0.578172
0.127250 0.064473 0.271176 0.537101
0.124755 0.063209 0.271273 0.540763
0.128890 0.065304 0.272845 0.532960
0.130092 0.066225 0.274178 0.529505
0.108823 0.053460 0.260801 0.576916
0.108637 0.053368 0.259591 0.578404
0.150704 0.079356 0.286859 0.483081
0.148419 0.078153 0.283021 0.490407
0.131080 0.066890 0.275976 0.526055
0.126271 0.064004 0.269430 0.540295
0.108052 0.053081 0.257218 0.581650
0.109520 0.053802 0.260413 0.576265
0.153552 0.081227 0.288012 0.477210
0.151781 0.080290 0.285399 0.482531
0.130309 0.066335 0.275545 0.527810
0.122351 0.061684 0.265434 0.550531
0.109312 0.053700 0.259140 0.577848
0.110072 0.054073 0.260843 0.575012
0.147700 0.077591 0.282308 0.492402
0.170127 0.092270 0.292961 0.444641
0.128308 0.065036 0.274159 0.532497
0.128147 0.064927 0.271271 0.535654
0.109915 0.053996 0.260185 0.575904
0.125314 0.063492 0.271345 0.539849
0.142596 0.074173 0.280769 0.502462
0.189940 0.106048 0.296358 0.407654
0.123543 0.062285 0.272218 0.541954
0.130566 0.066627 0.274893 0.527913
0.127123 0.064408 0.270903 0.537566
0.126580 0.064594 0.267312 0.541514
0.122922 0.061972 0.270715 0.544391
0.169758 0.092188 0.294810 0.443244
0.108267 0.053186 0.257343 0.581204
0.129933 0.066143 0.274748 0.529176
0.152789 0.080455 0.285856 0.480900
0.143870 0.075577 0.274219 0.506334
0.128266 0.064988 0.274774 0.531972
0.147359 0.077412 0.287396 0.487833
0.128046 0.064876 0.273402 0.533676
0.126116 0.063925 0.273605 0.536354
0.148954 0.078794 0.280305 0.491947
0.147293 0.077577 0.278671 0.496459
0.132490 0.067609 0.277021 0.522879
0.142228 0.073981 0.284147 0.499644
0.130402 0.066544 0.272258 0.530795
0.120147 0.060573 0.267673 0.551607
0.146541 0.076982 0.281076 0.495401
0.143983 0.075230 0.279268 0.501519
0.129256 0.065799 0.276267 0.528677
0.124540 0.062787 0.272534 0.540139
0.129890 0.066122 0.273194 0.530794
0.108066 0.053087 0.258638 0.580208
0.141986 0.073855 0.280018 0.504142
0.145379 0.076039 0.282926 0.495656
0.127323 0.064537 0.274694 0.533446
0.108814 0.053455 0.257579 0.580152
0.148702 0.077777 0.284540 0.488982
0.127474 0.064587 0.274131 0.533808
0.122633 0.061826 0.270212 0.545330
0.142460 0.074625 0.284506 0.498409
0.145175 0.075519 0.285511 0.493795
0.128342 0.065026 0.273501 0.533131
0.144996 0.075953 0.281476 0.497575
0.131628 0.067169 0.276661 0.524542
0.107740 0.052927 0.256090 0.583243
0.123826 0.063035 0.274665 0.538474
0.133112 0.067926 0.277915 0.521047
0.153787 0.080980 0.287723 0.477510
0.129246 0.065794 0.273296 0.531664
0.145462 0.076413 0.276562 0.501563
0.121949 0.061787 0.268098 0.548166
0.123404 0.062550 0.273607 0.540438
0.129692 0.066021 0.272779 0.531507
0.155913 0.082475 0.288367 0.473246
0.125751 0.063740 0.272813 0.537696
0.167746 0.091210 0.289146 0.451899
0.127788 0.065210 0.273087 0.533915
0.121696 0.061354 0.271757 0.545193
0.148731 0.077792 0.284594 0.488883
0.151420 0.079546 0.286509 0.482525
0.123623 0.062325 0.271391 0.542662
0.167707 0.091075 0.290370 0.450848
0.127946 0.065132 0.273645 0.533276
0.124674 0.063168 0.271311 0.540848
0.149310 0.078213 0.285005 0.487472
0.143081 0.074425 0.284126 0.498368
0.110072 0.054073 0.260843 0.575012
0.146489 0.076955 0.279993 0.496563
0.144478 0.075567 0.281108 0.498847
0.172543 0.093840 0.295797 0.437820
0.130109 0.066233 0.271843 0.531814
0.123185 0.062105 0.268616 0.546095
0.127217 0.064456 0.275465 0.532862
0.141746 0.073730 0.279095 0.505429
0.143627 0.075236 0.283091 0.498046
0.221185 0.129920 0.293731 0.355164
0.128336 0.065050 0.271908 0.534705
0.110085 0.054079 0.259444 0.576392
0.131473 0.067090 0.277644 0.523793
0.119254 0.060122 0.269393 0.551232
0.166624 0.090407 0.292516 0.450452
0.220654 0.130031 0.293275 0.356040
0.123783 0.062406 0.270915 0.542897
0.110635 0.054350 0.260445 0.574571
0.151487 0.079578 0.288737 0.480198
0.125176 0.063422 0.273998 0.537404
0.172455 0.094466 0.293950 0.439130
0.206518 0.119159 0.293215 0.381109
0.108608 0.053354 0.256746 0.581292
0.110901 0.054480 0.260976 0.573643
0.152482 0.080310 0.288487 0.478722
0.128204 0.065422 0.272478 0.533896
0.162561 0.088080 0.285196 0.464164
0.176945 0.097447 0.295073 0.430535
0.109813 0.053946 0.258805 0.577436
0.130095 0.065914 0.275395 0.528595
0.147374 0.077001 0.285844 0.489781
0.126106 0.064196 0.273266 0.536432
0.141211 0.073876 0.279609 0.505305
0.139468 0.072157 0.280682 0.507693
0.108788 0.053442 0.259671 0.578099
0.129928 0.066302 0.273551 0.530220
0.148062 0.077442 0.283315 0.491180
0.122834 0.062262 0.268644 0.546259
0.153174 0.081803 0.281011 0.484012
0.110686 0.054375 0.260862 0.574076
0.109575 0.053829 0.260454 0.576142
0.129624 0.065986 0.274095 0.530296
0.146809 0.076903 0.280232 0.496056
0.186428 0.103510 0.297111 0.412951
0.146527 0.077157 0.281782 0.494535
0.109259 0.053673 0.257204 0.579864
0.128863 0.065290 0.275147 0.530700
0.127938 0.064848 0.273369 0.533844
0.130577 0.066471 0.272821 0.530131
0.178853 0.098745 0.291859 0.430543
0.150385 0.079551 0.284501 0.485563
0.108451 0.053277 0.258782 0.579490
0.130819 0.066756 0.277427 0.524997
0.121632 0.061321 0.264014 0.553033
0.128647 0.065208 0.272565 0.533581
0.172013 0.094195 0.293590 0.440202
0.143198 0.075226 0.284716 0.496860
0.128019 0.064863 0.274246 0.532871
0.129906 0.066130 0.276490 0.527473
0.109091 0.053591 0.256719 0.580599
0.125820 0.063433 0.271237 0.539511
0.184182 0.102724 0.293418 0.419676
0.159888 0.085853 0.292802 0.461457
0.132356 0.067541 0.276739 0.523365
0.148646 0.077747 0.287311 0.486296
0.126745 0.064217 0.272504 0.536533
0.109861 0.053970 0.260711 0.575458
0.175726 0.096955 0.294709 0.432609
0.141432 0.074086 0.286166 0.498317
0.131124 0.066750 0.275956 0.526169
0.149017 0.078060 0.286823 0.486099
0.131371 0.067038 0.275597 0.525993
0.108823 0.053460 0.260801 0.576916
0.128680 0.065506 0.274041 0.531774
0.146533 0.076976 0.288692 0.487799
0.121491 0.061581 0.263077 0.553852
0.131612 0.066999 0.276818 0.524571
0.130535 0.066450 0.275111 0.527905
0.109733 0.053907 0.261220 0.575140
0.125113 0.063416 0.273145 0.538325
0.146410 0.077112 0.284530 0.491949
0.138805 0.072205 0.273927 0.515063
0.150144 0.078531 0.287298 0.484027
0.124666 0.063190 0.273838 0.538306
0.110289 0.054179 0.261455 0.574077
0.143005 0.074390 0.284496 0.498109
0.186924 0.104176 0.298577 0.410323
0.127625 0.065127 0.266848 0.540400
0.148173 0.077618 0.282836 0.491373
0.122677 0.061848 0.272040 0.543435
0.108814 0.053455 0.257579 0.580152
0.127756 0.065193 0.273095 0.533956
0.175195 0.095966 0.295797 0.433042
0.128140 0.065231 0.269675 0.536955
0.131334 0.066857 0.274403 0.527405
0.128070 0.064888 0.275705 0.531337
0.124698 0.063180 0.265737 0.546384
0.146225 0.076814 0.282061 0.494900
0.210374 0.121694 0.293452 0.374480
0.124879 0.063298 0.266308 0.545515
0.129142 0.065459 0.273614 0.531786
0.132074 0.067397 0.277743 0.522786
0.148942 0.078429 0.278658 0.493971
0.148757 0.078348 0.284072 0.488824
0.196148 0.110947 0.294830 0.398075
0.137303 0.071424 0.279867 0.511406
0.126171 0.063610 0.271994 0.538225
0.130629 0.066498 0.276665 0.526209
0.152610 0.080728 0.282258 0.484404
0.166465 0.089789 0.291943 0.451804
0.183643 0.102120 0.297097 0.417140
0.124023 0.063289 0.269968 0.542720
0.111731 0.054888 0.261468 0.571913
0.172131 0.092988 0.296300 0.438581
0.149239 0.078400 0.282382 0.489979
0.147405 0.077636 0.278651 0.496308
0.144591 0.075645 0.280967 0.498797
0.121668 0.061936 0.267543 0.548852
0.108454 0.053278 0.257370 0.580899
0.175451 0.095582 0.295935 0.433031
0.137731 0.071642 0.273503 0.517124
0.163328 0.088097 0.288917 0.459658
0.139078 0.071955 0.278946 0.510020
0.122001 0.061839 0.269077 0.547083
0.109687 0.053884 0.259296 0.577134
0.155141 0.081895 0.288941 0.474023
0.118508 0.059746 0.265798 0.555948
0.145246 0.076499 0.280925 0.497330
0.107128 0.052627 0.255708 0.584537
0.115193 0.058075 0.260779 0.565952
0.110477 0.054272 0.260370 0.574881
0.147196 0.077007 0.282229 0.493568
0.104007 0.051094 0.253221 0.591678
0.142494 0.074452 0.280728 0.502326
0.108614 0.053357 0.258168 0.579862
0.164320 0.088801 0.290907 0.455972
0.110844 0.054452 0.260937 0.573766
0.138908 0.071868 0.276008 0.513216
0.104843 0.051504 0.252646 0.591007
0.126248 0.063992 0.271650 0.538110
0.126218 0.063950 0.269500 0.540333
0.195891 0.111703 0.298383 0.394023
0.111002 0.054530 0.261216 0.573252
0.108796 0.053446 0.254599 0.583159
0.106809 0.052470 0.256029 0.584692
0.120301 0.060650 0.270316 0.548733
0.129097 0.065877 0.273774 0.531252
0.213392 0.125550 0.299312 0.361746
0.128228 0.064968 0.275692 0.531112
0.108442 0.053272 0.253770 0.584516
0.122129 0.061879 0.271699 0.544293
0.125898 0.063788 0.274487 0.535827
0.126887 0.064593 0.270064 0.538456
0.207526 0.120786 0.299630 0.372059
0.132414 0.067571 0.277785 0.522230
0.109824 0.053951 0.257004 0.579221
0.165190 0.089841 0.289294 0.455675
0.149117 0.078521 0.289608 0.482754
0.144083 0.075360 0.283188 0.497369
0.210583 0.123515 0.304253 0.361650
0.129383 0.065864 0.272684 0.532069
0.107283 0.052703 0.254591 0.585424
0.192075 0.109149 0.296969 0.401806
0.151992 0.080401 0.289982 0.477625
0.145647 0.076294 0.284101 0.493958
0.163166 0.088209 0.295834 0.452792
0.127710 0.064733 0.272500 0.535057
0.107256 0.052690 0.257045 0.583009
0.188476 0.106753 0.299504 0.405267
0.148184 0.077845 0.287592 0.486379
0.127634 0.064973 0.274944 0.532448
0.165155 0.089083 0.295904 0.449858
0.125059 0.063049 0.271308 0.540583
0.107094 0.052610 0.258407 0.581889
0.179391 0.099816 0.298090 0.422704
0.185016 0.102646 0.296555 0.415783
0.146410 0.076578 0.286334 0.490678
0.172312 0.093692 0.297379 0.436617
0.129963 0.065847 0.275115 0.529075
0.106815 0.052473 0.259193 0.581519
0.199621 0.113724 0.299736 0.386919
0.172565 0.094010 0.293640 0.439786
0.145150 0.076034 0.286647 0.492170
0.170588 0.092639 0.296037 0.440736
0.133760 0.068257 0.277220 0.520763
0.108010 0.053060 0.259986 0.578944
0.167279 0.091130 0.297790 0.443800
0.175470 0.095633 0.294779 0.434118
0.149708 0.078643 0.288780 0.482868
0.195224 0.109407 0.299775 0.395594
0.130275 0.066318 0.276469 0.526938
0.123223 0.062432 0.270785 0.543560
0.168571 0.091873 0.294595 0.444962
0.173129 0.094140 0.294027 0.438704
0.147043 0.077445 0.280800 0.494712
0.195040 0.109678 0.298552 0.396729
0.128218 0.064991 0.274866 0.531925
0.146775 0.077288 0.283034 0.492903
0.187626 0.105373 0.295087 0.411914
0.164164 0.088030 0.291526 0.456280
0.165250 0.089134 0.289813 0.455803
0.171551 0.092951 0.294713 0.440785
0.125493 0.063268 0.272764 0.538475
0.172298 0.094097 0.293528 0.440077
0.183461 0.102270 0.294998 0.419270
0.127667 0.064711 0.274682 0.532940
0.150739 0.079392 0.284954 0.484915
0.149256 0.078085 0.286178 0.486482
0.111227 0.054640 0.261837 0.572296
0.194159 0.109502 0.296803 0.399537
0.148083 0.077792 0.284573 0.489552
0.125039 0.063039 0.272658 0.539264
0.166005 0.089541 0.288361 0.456093
0.142190 0.073565 0.282528 0.501717
0.111283 0.054668 0.261877 0.572172
0.187555 0.105122 0.293113 0.414210
0.187142 0.103826 0.296727 0.412306
0.111067 0.054562 0.261760 0.572611
0.151312 0.079694 0.283840 0.485154
0.112015 0.055028 0.262133 0.570824
0.130491 0.066115 0.276233 0.527161
0.184445 0.102703 0.296134 0.416718
0.172021 0.093713 0.295573 0.438692
0.111227 0.054640 0.261837 0.572296
0.142700 0.074559 0.283675 0.499066
0.112015 0.055028 0.262133 0.570824
0.134169 0.068466 0.278067 0.519298
0.164108 0.088718 0.293428 0.453746
0.150481 0.079436 0.289024 0.481060
0.111283 0.054668 0.261877 0.572172
0.119422 0.060532 0.258843 0.561203
0.112015 0.055028 0.262133 0.570824
0.132553 0.067477 0.276949 0.523021
0.144414 0.075455 0.284510 0.495622
0.145816 0.076285 0.286129 0.491769
0.130491 0.066115 0.276233 0.527161
0.119849 0.060422 0.262534 0.557195
0.112015 0.055028 0.262133 0.570824
0.129894 0.065840 0.275209 0.529057
0.127320 0.064535 0.273958 0.534187
0.137689 0.071237 0.278300 0.512774
0.134169 0.068466 0.278067 0.519298
0.106489 0.052313 0.255622 0.585576
0.112015 0.055028 0.262133 0.570824
0.126657 0.063855 0.273042 0.536447
0.120847 0.060926 0.267930 0.550297
0.109523 0.053803 0.259257 0.577416
0.128822 0.065578 0.269155 0.536445
0.103209 0.050702 0.246739 0.599350
0.112015 0.055028 0.262133 0.570824
0.112015 0.055028 0.262133 0.570824
0.126665 0.064177 0.273127 0.536031
0.126884 0.064287 0.270394 0.538436
0.127572 0.064663 0.270288 0.537477
0.144000 0.075323 0.277260 0.503416
0.110316 0.054193 0.258157 0.577333
0.112015 0.055028 0.262133 0.570824
0.150146 0.079063 0.283857 0.486934
0.152625 0.080368 0.285549 0.481458
0.125244 0.063143 0.269996 0.541617
0.145306 0.077100 0.285064 0.492530
0.109358 0.053722 0.255915 0.581004
0.112015 0.055028 0.262133 0.570824
0.153192 0.081036 0.285815 0.479957
0.155105 0.082048 0.286873 0.475975
0.111260 0.054657 0.260366 0.573717
0.144514 0.076286 0.285352 0.493849
0.108796 0.053446 0.254599 0.583159
0.112015 0.055028 0.262133 0.570824
0.149389 0.078478 0.284819 0.487314
0.148703 0.078118 0.286179 0.487001
0.111458 0.054754 0.260828 0.572961
0.162282 0.087649 0.293307 0.456762
0.106907 0.052518 0.250178 0.590397
0.112015 0.055028 0.262133 0.570824
0.161067 0.086487 0.289055 0.463390
0.141156 0.073424 0.279342 0.506078
0.106788 0.052460 0.256579 0.584172
0.153660 0.082622 0.294223 0.469495
0.108912 0.053503 0.254870 0.582715
0.112015 0.055028 0.262133 0.570824
0.146378 0.076677 0.283202 0.493742
0.122227 0.061621 0.269667 0.546485
0.106802 0.052466 0.254851 0.585882
0.123930 0.063088 0.275045 0.537938
0.108398 0.053250 0.257237 0.581115
0.112015 0.055028 0.262133 0.570824
0.128295 0.065310 0.274591 0.531804
0.109312 0.053700 0.259919 0.577070
0.108635 0.053367 0.257732 0.580266
0.207766 0.119932 0.301433 0.370869
0.106208 0.052175 0.254534 0.587083
0.112015 0.055028 0.262133 0.570824
0.126740 0.064241 0.273589 0.535430
0.108295 0.053200 0.256630 0.581876
0.106288 0.052214 0.251657 0.589841
0.216687 0.127871 0.297356 0.358086
0.106461 0.052299 0.256879 0.584361
0.112015 0.055028 0.262133 0.570824
0.122431 0.061724 0.267769 0.548076
0.127874 0.064789 0.272653 0.534685
0.107988 0.053049 0.255621 0.583342
0.195718 0.111186 0.299500 0.393595
0.105023 0.051593 0.257872 0.585513
0.112015 0.055028 0.262133 0.570824
0.126027 0.063853 0.272889 0.537231
0.130139 0.066410 0.275827 0.527624
0.144464 0.075566 0.280047 0.499924
0.243375 0.149900 0.281651 0.325075
0.105068 0.051615 0.255199 0.588118
0.110316 0.054193 0.258157 0.577333
0.130695 0.066693 0.276000 0.526612
0.150283 0.078946 0.287450 0.483321
0.151280 0.080270 0.285712 0.482738
0.238919 0.146397 0.284334 0.330349
0.124621 0.063141 0.271905 0.540333
0.111025 0.054541 0.259815 0.574619
0.150804 0.079219 0.287434 0.482543
0.151704 0.079900 0.287508 0.480889
0.149614 0.078978 0.285444 0.485965
0.175741 0.096236 0.297311 0.430712
0.145435 0.076582 0.283759 0.494224
0.111419 0.054735 0.260737 0.573109
0.151966 0.080038 0.287512 0.480483
0.144736 0.075623 0.285648 0.493993
0.141156 0.073848 0.284397 0.500598
0.162824 0.087924 0.287065 0.462187
0.170711 0.093230 0.294616 0.441443
0.111629 0.054838 0.261229 0.572305
0.144857 0.075686 0.285675 0.493781
0.127323 0.064537 0.274694 0.533446
0.136027 0.070377 0.281076 0.512520
0.151669 0.080505 0.281142 0.486684
0.214137 0.124835 0.295937 0.365091
0.111731 0.054888 0.261468 0.571913
0.148128 0.077476 0.287308 0.487088
0.145175 0.075519 0.285511 0.493795
0.124964 0.063314 0.274871 0.536851
0.109120 0.053605 0.256878 0.580396
0.210655 0.122838 0.298965 0.367543
0.110136 0.054104 0.261362 0.574397
0.148760 0.077925 0.286808 0.486506
0.133112 0.067926 0.277915 0.521047
0.150160 0.079070 0.289775 0.480996
0.109966 0.054021 0.258777 0.577236
0.186662 0.104362 0.299010 0.409966
0.110665 0.054364 0.261609 0.573361
0.131517 0.066950 0.276782 0.524752
0.131612 0.066999 0.276818 0.524571
0.150624 0.079678 0.286002 0.483696
0.129209 0.065465 0.273520 0.531806
0.182211 0.101017 0.300326 0.416446
0.111067 0.054562 0.261760 0.572611
0.127090 0.064418 0.271022 0.537470
0.150144 0.078531 0.287298 0.484027
0.189688 0.106304 0.294573 0.409435
0.129356 0.066010 0.276258 0.528376
0.160940 0.086536 0.290091 0.462433
0.111227 0.054640 0.261837 0.572296
0.145251 0.075558 0.282872 0.496319
0.150244 0.078703 0.286788 0.484265
0.190726 0.107252 0.294817 0.407205
0.126998 0.064650 0.275692 0.532660
0.129174 0.065757 0.274028 0.531042
0.111283 0.054668 0.261877 0.572171
0.133372 0.068059 0.276417 0.522151
0.132553 0.067477 0.276949 0.523021
0.188541 0.105512 0.292133 0.413815
0.125886 0.063809 0.274294 0.536011
0.147963 0.077390 0.285516 0.489131
0.130491 0.066115 0.276233 0.527161
0.132022 0.067207 0.275841 0.524929
0.127998 0.064879 0.271191 0.535933
0.170938 0.092949 0.290306 0.445807
0.121762 0.061387 0.268226 0.548625
0.148490 0.077784 0.285584 0.488141
0.134168 0.068466 0.278067 0.519298
0.129513 0.065647 0.274402 0.530438
0.123678 0.062353 0.266618 0.547351
0.158321 0.084897 0.286198 0.470583
0.108768 0.053433 0.258973 0.578825
0.152494 0.080107 0.287680 0.479720
0.130628 0.066498 0.272929 0.529946
0.124490 0.062762 0.272462 0.540286
0.108796 0.053446 0.254599 0.583159
0.122572 0.062129 0.266760 0.548539
0.147279 0.077039 0.282889 0.492793
0.151144 0.079605 0.288416 0.480835
0.126845 0.064295 0.268749 0.540111
0.108977 0.053535 0.257618 0.579871
0.108442 0.053272 0.253770 0.584516
0.121751 0.061381 0.267645 0.549223
0.177857 0.097428 0.293553 0.431162
0.144432 0.075464 0.281796 0.498307
0.124803 0.062920 0.269044 0.543234
0.108425 0.053264 0.255533 0.582778
0.109824 0.053951 0.257004 0.579221
0.107528 0.052823 0.258423 0.581225
0.175939 0.096539 0.290212 0.437310
0.127504 0.064629 0.272442 0.535425
0.109371 0.053729 0.255945 0.580955
0.109668 0.053875 0.258168 0.578290
0.108934 0.053514 0.258509 0.579043
0.108553 0.053327 0.259518 0.578603
0.166884 0.090495 0.291309 0.451312
0.124975 0.063007 0.271271 0.540747
0.107186 0.052655 0.250831 0.589328
0.110320 0.054195 0.259611 0.575874
0.106541 0.052338 0.255331 0.585790
0.123841 0.062745 0.270258 0.543156
0.152052 0.081157 0.278042 0.488749
0.107637 0.052877 0.253296 0.586190
0.105838 0.051993 0.251163 0.591006
0.129579 0.065653 0.274302 0.530467
0.106707 0.052420 0.257473 0.583400
0.145334 0.076529 0.282827 0.495309
0.119706 0.060350 0.264104 0.555840
0.127739 0.064721 0.270407 0.537133
0.106444 0.052291 0.255099 0.586167
0.131463 0.067085 0.276781 0.524671
0.104968 0.051566 0.254712 0.588753
0.149483 0.079074 0.285456 0.485987
0.106351 0.052245 0.252879 0.588525
0.126669 0.064639 0.266690 0.542002
0.108199 0.053153 0.257568 0.581080
0.126684 0.064490 0.272012 0.536814
0.106964 0.052546 0.257467 0.583023
0.168257 0.091255 0.293432 0.447056
0.106537 0.052336 0.255951 0.585175
0.127513 0.064912 0.269632 0.537943
0.107581 0.052849 0.258549 0.581021
0.124012 0.062859 0.268077 0.545053
0.126196 0.063939 0.273152 0.536712
0.166159 0.089827 0.292655 0.451359
0.125949 0.063814 0.271730 0.538507
0.126536 0.064138 0.270374 0.538951
0.105512 0.051833 0.258735 0.583920
0.122714 0.061867 0.268540 0.546878
0.149049 0.078485 0.288383 0.484084
0.165130 0.089069 0.294603 0.451198
0.125247 0.063913 0.274868 0.535971
0.120707 0.060855 0.269582 0.548856
0.122936 0.062287 0.274246 0.540531
0.109548 0.053816 0.259316 0.577320
0.173870 0.094956 0.297309 0.433864
0.170113 0.092497 0.297755 0.439635
0.145411 0.076386 0.287644 0.490559
0.108190 0.053148 0.259551 0.579111
0.148407 0.078147 0.289719 0.483727
0.126749 0.064219 0.270108 0.538923
0.190978 0.107708 0.298443 0.402872
0.166983 0.090681 0.292462 0.449874
0.141671 0.074616 0.280321 0.503392
0.123840 0.062745 0.274394 0.539020
0.151391 0.080083 0.290029 0.478497
0.148122 0.077997 0.281945 0.491936
0.187143 0.104891 0.297788 0.410178
0.147798 0.077642 0.284855 0.489705
0.160284 0.086455 0.290667 0.462595
0.128742 0.065697 0.277040 0.528522
0.169306 0.091824 0.297060 0.441810
0.149548 0.079109 0.285317 0.486027
0.164278 0.088568 0.292457 0.454696
0.140459 0.073061 0.278560 0.507919
0.146900 0.077370 0.285071 0.490658
0.126346 0.064317 0.272043 0.537294
0.211060 0.121799 0.299714 0.367427
0.146860 0.077150 0.284511 0.491479
0.162415 0.087210 0.288978 0.461397
0.137918 0.071744 0.270603 0.519735
0.209256 0.120568 0.297511 0.372665
0.167636 0.090560 0.294271 0.447534
0.217732 0.127085 0.296498 0.358686
0.139921 0.072781 0.278142 0.509156
0.147268 0.077144 0.283233 0.492355
0.149169 0.078548 0.279083 0.493200
0.200814 0.114472 0.297318 0.387396
0.169531 0.092357 0.291124 0.446989
0.199318 0.112893 0.298507 0.389282
0.121233 0.061120 0.268787 0.548860
0.147384 0.077422 0.282839 0.492356
0.150558 0.079643 0.283324 0.486475
0.207009 0.120226 0.298611 0.374154
0.195641 0.110180 0.295673 0.398505
0.187972 0.104590 0.297844 0.409594
0.124907 0.063286 0.273449 0.538357
0.149616 0.078800 0.284551 0.487033
0.147565 0.077520 0.283040 0.491875
0.187303 0.105147 0.298279 0.409271
0.196622 0.111215 0.295542 0.396621
0.161681 0.086297 0.291430 0.460593
0.150466 0.079231 0.288421 0.481882
0.143597 0.075028 0.279196 0.502179
0.134770 0.070102 0.270162 0.524967
0.173958 0.095705 0.292440 0.437897
0.183953 0.102292 0.297598 0.416157
0.126657 0.063855 0.273042 0.536447
0.153254 0.081069 0.288914 0.476763
0.125044 0.063381 0.270915 0.540660
0.115277 0.058118 0.263257 0.563348
0.126250 0.063993 0.271253 0.538505
0.146789 0.076795 0.285239 0.491177
0.112015 0.055028 0.262133 0.570824
0.147031 0.077240 0.287448 0.488281
0.123131 0.062077 0.270169 0.544623
0.105101 0.051631 0.255982 0.587287
0.123800 0.062414 0.270363 0.543423
0.138403 0.071606 0.282093 0.507898
0.112015 0.055028 0.262133 0.570824
0.163302 0.087687 0.294594 0.454417
0.126508 0.064097 0.274299 0.535096
0.124529 0.063094 0.272047 0.540329
0.146116 0.076430 0.283248 0.494206
0.109894 0.053985 0.261302 0.574819
0.112015 0.055028 0.262133 0.570824
0.169900 0.091874 0.295987 0.442240
0.130982 0.066839 0.276772 0.525407
0.127110 0.064863 0.270948 0.537079
0.152619 0.080980 0.283331 0.483069
0.110349 0.054209 0.261498 0.573943
0.112015 0.055028 0.262133 0.570824
0.155330 0.082167 0.289805 0.472697
0.126236 0.064262 0.271933 0.537569
0.140905 0.074019 0.285206 0.499870
0.146616 0.077396 0.280637 0.495351
0.129462 0.065594 0.276040 0.528904
0.112015 0.055028 0.262133 0.570824
0.148740 0.078138 0.283584 0.489538
0.145510 0.076107 0.284573 0.493811
0.209289 0.121561 0.302931 0.366220
0.139384 0.072921 0.273054 0.514641
0.133209 0.067976 0.277950 0.520864
0.108723 0.053410 0.254429 0.583438
0.165186 0.088698 0.291161 0.454955
0.146756 0.076875 0.285049 0.491320
0.214248 0.125964 0.299666 0.360123
0.133648 0.069146 0.269934 0.527272
0.153021 0.080383 0.288674 0.477922
0.110077 0.054076 0.257598 0.578249
0.149310 0.078213 0.285005 0.487472
0.151064 0.079356 0.287442 0.482137
0.192485 0.108775 0.300248 0.398492
0.123798 0.062724 0.268062 0.545416
0.153743 0.080974 0.288401 0.476881
0.110850 0.054455 0.259405 0.575290
0.132022 0.067207 0.275841 0.524929
0.152099 0.080108 0.287525 0.480269
0.175974 0.097479 0.296445 0.430102
0.125255 0.063917 0.268608 0.542220
0.148455 0.077566 0.285814 0.488165
0.111260 0.054657 0.260366 0.573717
0.129513 0.065647 0.274402 0.530438
0.166986 0.090070 0.295389 0.447555
0.212970 0.124754 0.290777 0.371499
0.143919 0.075602 0.282752 0.497727
0.129894 0.065840 0.275209 0.529057
0.111458 0.054754 0.260828 0.572961
0.124490 0.062762 0.272462 0.540286
0.147632 0.077755 0.280778 0.493835
0.178174 0.098370 0.291358 0.432099
0.142680 0.075147 0.285280 0.496893
0.124794 0.062916 0.269026 0.543265
0.108455 0.053279 0.260584 0.577683
0.110665 0.054364 0.261609 0.573361
0.144316 0.075404 0.280594 0.499686
0.174026 0.095297 0.291868 0.438808
0.135975 0.071045 0.279669 0.513311
0.111025 0.054541 0.259815 0.574619
0.107737 0.052926 0.257082 0.582256
0.109375 0.053731 0.257773 0.579121
0.127432 0.064592 0.271908 0.536068
0.165945 0.089609 0.290649 0.453797
0.141122 0.073812 0.283395 0.501670
0.106701 0.052417 0.249696 0.591187
0.107549 0.052834 0.255155 0.584463
0.110242 0.054157 0.259520 0.576082
0.124837 0.062937 0.270826 0.541400
0.175498 0.096193 0.295908 0.432402
0.159791 0.086407 0.291289 0.462513
0.108823 0.053459 0.254662 0.583056
0.108913 0.053503 0.257872 0.579712
0.109014 0.053553 0.256537 0.580895
0.129714 0.065722 0.274589 0.529975
0.128060 0.065349 0.276667 0.529925
0.165013 0.090118 0.287586 0.457283
0.110051 0.054063 0.257537 0.578349
0.109559 0.053821 0.259340 0.577280
0.128762 0.065239 0.272573 0.533427
0.129741 0.066206 0.277080 0.526973
0.127988 0.065154 0.276016 0.530842
0.204902 0.119452 0.286360 0.389286
0.109066 0.053579 0.258823 0.578532
0.148186 0.077513 0.282401 0.491900
0.131058 0.066879 0.271622 0.530441
0.125505 0.063889 0.268389 0.542217
0.126548 0.064144 0.274473 0.534835
0.220174 0.132706 0.283144 0.363976
0.106626 0.052380 0.252062 0.588931
0.154171 0.081804 0.287141 0.476884
0.128575 0.065452 0.272861 0.533111
0.125239 0.063481 0.269765 0.541515
0.123888 0.062458 0.272403 0.541251
0.203254 0.118165 0.290169 0.388412
0.104286 0.051231 0.254925 0.589558
0.149536 0.078937 0.287208 0.484319
0.127116 0.064432 0.272503 0.535949
0.123359 0.062192 0.269564 0.544884
0.128569 0.065141 0.275902 0.530387
0.199205 0.114526 0.294873 0.391396
0.106429 0.052284 0.257583 0.583704
0.145188 0.075957 0.284896 0.493959
0.122886 0.061954 0.271122 0.544038
0.109774 0.053927 0.259847 0.576453
0.172546 0.093841 0.290347 0.443265
0.174802 0.096987 0.297476 0.430735
0.106285 0.052213 0.255061 0.586442
0.139247 0.072043 0.281449 0.507260
0.107943 0.053027 0.256663 0.582367
0.148352 0.077600 0.282718 0.491330
0.176455 0.097082 0.288418 0.438045
0.137031 0.071597 0.283754 0.507617
0.125549 0.063611 0.271452 0.539387
0.106984 0.052556 0.256759 0.583700
0.107550 0.052834 0.258384 0.581233
0.150130 0.079660 0.284155 0.486055
0.167150 0.091060 0.282259 0.459531
0.135708 0.070980 0.278325 0.514987
0.126078 0.064337 0.274855 0.534730
0.126665 0.064177 0.273127 0.536031
0.127016 0.064354 0.274031 0.534598
0.148740 0.078516 0.284629 0.488115
0.159993 0.085884 0.283207 0.470917
0.139325 0.072983 0.281170 0.506522
0.191552 0.107418 0.302075 0.398955
0.150146 0.079063 0.283857 0.486934
0.129495 0.066081 0.272562 0.531863
0.144848 0.075779 0.283171 0.496202
0.133695 0.069171 0.265650 0.531483
0.144888 0.076111 0.285187 0.493814
0.199220 0.113563 0.300123 0.387094
0.153192 0.081036 0.285815 0.479957
0.147748 0.077614 0.281133 0.493505
0.138920 0.071874 0.280332 0.508874
0.104839 0.051503 0.251897 0.591761
0.188501 0.105904 0.296207 0.409388
0.188568 0.105984 0.301549 0.403899
0.149389 0.078478 0.284819 0.487314
0.145663 0.076719 0.280084 0.497534
0.108396 0.053250 0.260151 0.578203
0.103927 0.051054 0.251340 0.593679
0.226410 0.136635 0.281635 0.355320
0.164555 0.088858 0.295064 0.451522
0.163229 0.087647 0.292934 0.456190
0.161977 0.087369 0.285657 0.464997
0.146852 0.076815 0.288541 0.487791
0.102003 0.050109 0.250622 0.597265
0.228975 0.139483 0.287683 0.343858
0.199357 0.112932 0.300981 0.386730
0.147752 0.077397 0.285860 0.488990
0.146723 0.077277 0.278068 0.497932
0.155135 0.082315 0.291044 0.471507
0.104837 0.051501 0.254697 0.588965
0.219831 0.131912 0.289314 0.358943
0.155390 0.082450 0.286935 0.475225
0.125354 0.063813 0.268295 0.542538
0.141496 0.073930 0.279253 0.505321
0.152333 0.080413 0.289118 0.478136
0.102387 0.050298 0.255850 0.591466
0.195118 0.111381 0.294277 0.399225
0.152564 0.080535 0.286357 0.480545
0.124949 0.063334 0.269724 0.541993
0.123625 0.062662 0.270750 0.542963
0.146961 0.076885 0.286217 0.489937
0.140983 0.073745 0.286044 0.499228
0.154355 0.082387 0.288180 0.475078
0.167295 0.090356 0.289411 0.452938
0.121425 0.061217 0.265570 0.551788
0.139707 0.072674 0.282931 0.504687
0.161998 0.086515 0.292932 0.458554
0.169015 0.092584 0.299760 0.438641
0.118831 0.059909 0.269838 0.551422
0.164366 0.088378 0.289255 0.458001
0.127261 0.064479 0.271347 0.536913
0.127520 0.065073 0.275935 0.531472
0.152663 0.080388 0.285618 0.481331
0.211226 0.123749 0.306224 0.358802
0.145454 0.076084 0.287601 0.490861
0.131389 0.066885 0.274518 0.527209
0.131649 0.067180 0.274695 0.526476
0.123618 0.062929 0.271216 0.542237
0.155159 0.082076 0.286972 0.475792
0.210786 0.123634 0.304118 0.361462
0.149668 0.079414 0.286989 0.483929
0.125299 0.063511 0.269589 0.541601
0.147320 0.077389 0.287198 0.488094
0.142976 0.074782 0.284458 0.497784
0.148922 0.078233 0.281782 0.491063
0.250705 0.159104 0.276745 0.313446
0.142263 0.075098 0.275273 0.507366
0.123557 0.062292 0.269426 0.544726
0.149226 0.078595 0.287553 0.484625
0.166124 0.089832 0.294702 0.449341
0.143611 0.074701 0.280511 0.501177
0.229484 0.138664 0.291114 0.340738
0.160769 0.086832 0.286269 0.466130
0.108637 0.053368 0.259591 0.578404
0.143100 0.074768 0.285504 0.496627
0.174520 0.095310 0.296732 0.433438
0.123745 0.062386 0.266763 0.547106
0.225388 0.134377 0.292625 0.347609
0.202779 0.116375 0.293225 0.387621
0.109520 0.053802 0.260413 0.576265
0.126269 0.064003 0.274428 0.535301
0.195828 0.110443 0.298974 0.394755
0.107160 0.052642 0.254299 0.585898
0.210682 0.122208 0.292814 0.374296
0.175240 0.096413 0.289062 0.439285
0.110072 0.054073 0.260843 0.575012
0.123723 0.062375 0.272366 0.541536
0.210323 0.121802 0.299955 0.367920
0.108856 0.053476 0.257333 0.580334
0.202103 0.115607 0.294435 0.387855
0.189666 0.106727 0.294661 0.408946
0.125314 0.063492 0.271345 0.539849
0.150209 0.078571 0.288733 0.482486
0.188134 0.105447 0.296169 0.410250
0.106630 0.052382 0.254795 0.586192
0.148427 0.077973 0.285648 0.487952
0.168361 0.093951 0.283465 0.454223
0.128357 0.065500 0.271063 0.535080
0.157659 0.083654 0.290871 0.467816
0.162873 0.087811 0.287571 0.461745
0.108301 0.053203 0.257516 0.580980
0.143025 0.074396 0.283040 0.499538
0.149460 0.080145 0.279704 0.490690
0.149113 0.078331 0.284211 0.488345
0.174415 0.095058 0.293006 0.437522
0.142188 0.073961 0.279966 0.503885
0.106031 0.052088 0.254736 0.587145
0.123287 0.062156 0.267968 0.546589
0.120120 0.060886 0.262490 0.556504
0.148800 0.078371 0.281521 0.491308
0.172352 0.093717 0.292706 0.441226
0.121048 0.061027 0.262606 0.555320
0.122059 0.061843 0.267348 0.548751
0.108399 0.053251 0.258741 0.579609
0.117802 0.059390 0.264550 0.558257
0.142924 0.074676 0.277213 0.505187
0.163695 0.087779 0.290692 0.457834
0.127251 0.064473 0.269374 0.538902
0.127902 0.065268 0.272431 0.534398
0.109367 0.053727 0.259959 0.576946
0.121650 0.061636 0.265995 0.550719
0.144805 0.075738 0.281808 0.497648
0.129385 0.065582 0.274129 0.530905
0.129964 0.066320 0.273626 0.530090
0.142073 0.074633 0.277734 0.505560
0.125041 0.063354 0.266987 0.544618
0.181322 0.101917 0.302750 0.414011
0.144199 0.075536 0.283648 0.496618
0.124439 0.062736 0.268259 0.544566
0.127602 0.064957 0.273981 0.533461
0.145494 0.076629 0.281150 0.496726
0.130318 0.066501 0.272083 0.531098
0.186690 0.106892 0.296777 0.409642
0.128712 0.065522 0.274506 0.531259
0.109163 0.053627 0.259054 0.578156
0.126305 0.064021 0.273034 0.536640
0.159233 0.085888 0.287278 0.467602
0.127872 0.065094 0.273153 0.533881
0.176000 0.099460 0.291024 0.433516
0.125146 0.063433 0.273372 0.538048
0.110078 0.054076 0.260222 0.575623
0.120490 0.060745 0.271196 0.547569
0.165510 0.089994 0.292512 0.451985
0.146841 0.076803 0.284812 0.491544
0.184737 0.105733 0.288596 0.420934
0.121141 0.061074 0.271531 0.546255
0.109004 0.053548 0.256897 0.580550
0.107970 0.053040 0.260492 0.578497
0.165680 0.089974 0.292630 0.451716
0.147793 0.077418 0.284942 0.489847
0.164439 0.090728 0.289069 0.455764
0.126657 0.064172 0.275408 0.533763
0.109970 0.054023 0.258879 0.577128
0.127163 0.064429 0.275522 0.532886
0.163953 0.088921 0.296095 0.451031
0.125297 0.063784 0.271575 0.539343
0.225966 0.135452 0.288119 0.350463
0.151943 0.080009 0.289739 0.478309
0.108841 0.053468 0.259711 0.577980
0.152211 0.080150 0.289744 0.477896
0.162585 0.087895 0.294782 0.454738
0.122770 0.062229 0.267769 0.547232
0.228906 0.141371 0.285190 0.344533
0.154185 0.081561 0.289920 0.474334
0.128266 0.064988 0.274774 0.531972
0.154265 0.081603 0.289933 0.474199
0.160217 0.086419 0.292197 0.461168
0.141537 0.073626 0.280988 0.503848
0.231797 0.144910 0.287886 0.335408
0.172062 0.093319 0.296293 0.438326
0.132490 0.067609 0.277021 0.522879
0.192974 0.108146 0.296321 0.402558
0.168420 0.091576 0.295143 0.444861
0.130773 0.066733 0.275008 0.527485
0.208662 0.124698 0.301800 0.364840
0.191600 0.106975 0.298949 0.402476
0.127350 0.064829 0.272192 0.535629
0.193303 0.108701 0.295892 0.402104
0.167789 0.091119 0.294518 0.446574
0.129732 0.066041 0.274766 0.529461
0.213860 0.127792 0.301060 0.357288
0.170966 0.092844 0.291504 0.444686
0.126155 0.063945 0.272173 0.537727
0.170447 0.092353 0.292816 0.444384
0.188315 0.105535 0.292442 0.413709
0.168703 0.091136 0.295785 0.444376
0.144505 0.076109 0.285419 0.493967
0.148472 0.077997 0.280930 0.492602
0.144269 0.075047 0.283728 0.496956
0.148607 0.077745 0.284933 0.488715
0.189575 0.106605 0.293038 0.410782
0.166076 0.090475 0.289751 0.453698
0.179488 0.100032 0.303454 0.417026
0.143350 0.074565 0.280001 0.502084
0.128836 0.065745 0.268988 0.536431
0.139743 0.072300 0.277666 0.510291
0.185435 0.103774 0.293016 0.417775
0.148754 0.078524 0.283804 0.488917
0.207662 0.121436 0.303455 0.367446
0.125462 0.063252 0.270465 0.540820
0.128870 0.065602 0.271049 0.534479
0.109163 0.053627 0.259054 0.578156
0.168529 0.091638 0.290656 0.449177
0.144811 0.075760 0.282715 0.496714
0.242011 0.151634 0.283660 0.322694
0.111354 0.054703 0.260584 0.573360
0.145760 0.076237 0.283666 0.494337
0.110078 0.054076 0.260222 0.575623
0.158850 0.085181 0.285213 0.470757
0.138892 0.071859 0.280099 0.509150
0.227121 0.138194 0.287919 0.346767
0.109861 0.053970 0.260711 0.575458
0.146976 0.076991 0.284358 0.491675
0.109004 0.053548 0.256897 0.580550
0.123061 0.062377 0.270313 0.544250
0.128784 0.065250 0.274443 0.531524
0.212532 0.125797 0.290278 0.371393
0.108823 0.053460 0.260801 0.576916
0.130535 0.066450 0.275111 0.527905
0.109970 0.054023 0.258879 0.577128
0.121650 0.061330 0.269761 0.547258
0.145601 0.076669 0.281579 0.496151
0.213608 0.125664 0.287379 0.373349
