0.238482 0.151240 0.283815 0.326463
0.241285 0.156471 0.271779 0.330466
0.231067 0.141494 0.298169 0.329270
0.249509 0.160815 0.285557 0.304119
0.240297 0.153845 0.285047 0.320811
0.269765 0.192940 0.265450 0.271845
0.235652 0.147522 0.287245 0.329581
0.242865 0.157066 0.274753 0.325316
0.222610 0.133328 0.301127 0.342935
0.248034 0.159338 0.286550 0.306077
0.240643 0.153606 0.286607 0.319145
0.271488 0.196087 0.258093 0.274332
0.217545 0.130295 0.300880 0.351280
0.237260 0.151455 0.290953 0.320332
0.220395 0.132002 0.297025 0.350578
0.244377 0.155006 0.289017 0.311599
0.232500 0.144233 0.292897 0.330371
0.273706 0.200869 0.246333 0.279091
0.213602 0.127934 0.301577 0.356887
0.229682 0.144701 0.296149 0.329469
0.221189 0.132477 0.297347 0.348987
0.234535 0.144531 0.295271 0.325664
0.242570 0.155300 0.294391 0.307739
0.267677 0.187460 0.260797 0.284066
0.232896 0.144847 0.294227 0.328030
0.228554 0.145390 0.302794 0.323262
0.238692 0.148452 0.288319 0.324537
0.232357 0.142284 0.296186 0.329174
0.239718 0.153015 0.300230 0.307036
0.258200 0.172243 0.275645 0.293912
0.233044 0.145468 0.298055 0.323433
0.218986 0.136693 0.297530 0.346791
0.239644 0.149588 0.287991 0.322778
0.240286 0.149443 0.290244 0.320026
0.246266 0.158725 0.293299 0.301711
0.265075 0.180477 0.260970 0.293477
0.226941 0.140785 0.291920 0.340354
0.221413 0.137355 0.297416 0.343815
0.237626 0.147413 0.289977 0.324985
0.240829 0.150328 0.289416 0.319428
0.245765 0.157880 0.291619 0.304737
0.257183 0.171238 0.267190 0.304389
0.241805 0.154810 0.282665 0.320720
0.251133 0.167132 0.277352 0.304383
0.233217 0.143719 0.297105 0.325959
0.238517 0.147966 0.291065 0.322452
0.242376 0.153737 0.293109 0.310777
0.248131 0.159513 0.278792 0.313563
0.250665 0.166290 0.274097 0.308948
0.261022 0.180692 0.269096 0.289190
0.231067 0.141494 0.298169 0.329270
0.236039 0.145458 0.292695 0.325808
0.259793 0.172896 0.272117 0.295194
0.244444 0.155021 0.283444 0.317091
0.241935 0.156465 0.279073 0.322528
0.274327 0.206808 0.236726 0.282140
0.222610 0.133328 0.301127 0.342935
0.233610 0.143051 0.294147 0.329193
0.267480 0.185162 0.255254 0.292104
0.237951 0.148961 0.284399 0.328689
0.252352 0.167441 0.269278 0.310930
0.273888 0.204200 0.257733 0.264179
0.223037 0.133585 0.300587 0.342791
0.222014 0.132972 0.294975 0.350039
0.256334 0.171829 0.262629 0.309208
0.221670 0.132766 0.294517 0.351048
0.247866 0.162811 0.285859 0.303464
0.266378 0.190701 0.265956 0.276964
0.223326 0.133758 0.300221 0.342695
0.219894 0.131702 0.292158 0.356246
0.251941 0.165512 0.269938 0.312609
0.220036 0.131787 0.300048 0.348130
0.238188 0.151081 0.294424 0.316307
0.252838 0.168591 0.282837 0.295734
0.240286 0.149443 0.290244 0.320026
0.220980 0.132352 0.293600 0.353068
0.247533 0.159409 0.277325 0.315734
0.218188 0.130680 0.296799 0.354333
0.242912 0.155519 0.294076 0.307493
0.255160 0.169705 0.278644 0.296491
0.240829 0.150328 0.289416 0.319428
0.221985 0.132955 0.294936 0.350124
0.231311 0.141643 0.291252 0.335794
0.217009 0.129974 0.293551 0.359466
0.240379 0.153437 0.299105 0.307078
0.250333 0.162338 0.282282 0.305047
0.238517 0.147966 0.291065 0.322452
0.222677 0.133369 0.295856 0.348098
0.222971 0.133545 0.296246 0.347239
0.216244 0.129516 0.299079 0.355162
0.231458 0.143587 0.302699 0.322257
0.268285 0.187521 0.250126 0.294068
0.236039 0.145458 0.292695 0.325808
0.220730 0.132203 0.300995 0.346072
0.218523 0.130881 0.305375 0.345221
0.217966 0.130547 0.299951 0.351537
0.258338 0.171927 0.277527 0.292209
0.266532 0.185074 0.261724 0.286670
0.233610 0.143051 0.294147 0.329193
0.216127 0.129446 0.301648 0.352779
0.219245 0.131313 0.305135 0.344306
0.236373 0.147010 0.291181 0.325437
0.257766 0.171626 0.276435 0.294174
0.256682 0.173577 0.266053 0.303689
0.222014 0.132972 0.294975 0.350039
0.215075 0.128816 0.297817 0.358292
0.220549 0.132094 0.303636 0.343721
0.235733 0.147146 0.295718 0.321404
0.260104 0.173811 0.271240 0.294845
0.246798 0.159982 0.278195 0.315026
0.222508 0.133268 0.295630 0.348594
0.217304 0.130151 0.298132 0.354412
0.221400 0.132604 0.302627 0.343369
0.229246 0.142214 0.298378 0.330162
0.263996 0.181510 0.255716 0.298778
0.237107 0.148433 0.287852 0.326608
0.223104 0.133624 0.296422 0.346850
0.219049 0.131196 0.298668 0.351087
0.219289 0.131340 0.298373 0.350998
0.243743 0.156051 0.288649 0.311558
0.258299 0.174665 0.260087 0.306949
0.221101 0.132425 0.297230 0.349244
0.223513 0.133870 0.296966 0.345651
0.237012 0.147407 0.290011 0.325570
0.248670 0.160702 0.273622 0.317006
0.243526 0.155446 0.288356 0.312672
0.244350 0.155981 0.279084 0.320585
0.238494 0.148329 0.288080 0.325096
0.223797 0.134040 0.297343 0.344820
0.250491 0.162441 0.282567 0.304500
0.250276 0.162938 0.272923 0.313863
0.232038 0.143947 0.291171 0.332844
0.241064 0.151871 0.283882 0.323183
0.235425 0.146954 0.298478 0.319143
0.218918 0.131118 0.298525 0.351439
0.245170 0.158557 0.287007 0.309266
0.247485 0.159098 0.278067 0.315349
0.245613 0.157248 0.281272 0.315867
0.231580 0.141808 0.291591 0.335021
0.233556 0.144888 0.299508 0.322048
0.219825 0.131661 0.299026 0.349488
0.242003 0.154483 0.289569 0.313945
0.243942 0.154703 0.282862 0.318493
0.255859 0.169736 0.274909 0.299496
0.215542 0.129096 0.293921 0.361441
0.232176 0.143077 0.299012 0.325735
0.221072 0.132407 0.299047 0.347474
0.239026 0.150588 0.291687 0.318699
0.238132 0.149074 0.292546 0.320248
0.248876 0.160954 0.283221 0.306949
0.214579 0.128519 0.299488 0.357414
0.227885 0.139545 0.295620 0.336950
0.221910 0.132910 0.299068 0.346112
0.229635 0.140617 0.297097 0.332650
0.218801 0.131047 0.305380 0.344772
0.245538 0.156739 0.286221 0.311502
0.216840 0.129873 0.300260 0.353027
0.219801 0.131646 0.299070 0.349483
0.222483 0.133253 0.299088 0.345176
0.238194 0.148142 0.291457 0.322207
0.219864 0.131684 0.304448 0.344004
0.237202 0.149439 0.291738 0.321621
0.216097 0.129428 0.296475 0.358001
0.251668 0.162639 0.276921 0.308773
0.237609 0.147779 0.294961 0.319651
0.251427 0.163048 0.283623 0.301902
0.220967 0.132344 0.303156 0.343533
0.224990 0.137772 0.293871 0.343367
0.217921 0.130521 0.297131 0.354427
0.252820 0.164594 0.275697 0.306890
0.238458 0.148847 0.293932 0.318763
0.247593 0.160124 0.281761 0.310523
0.221698 0.132782 0.302280 0.343240
0.234692 0.145964 0.289111 0.330233
0.231926 0.144244 0.299308 0.324522
0.249366 0.160307 0.280179 0.310148
0.236655 0.146810 0.294434 0.322101
0.244287 0.155941 0.284763 0.315009
0.239096 0.148703 0.292560 0.319641
0.234056 0.146100 0.285695 0.334149
0.248330 0.161040 0.287279 0.303351
0.243549 0.154453 0.290394 0.311603
0.234535 0.144531 0.295271 0.325664
0.240856 0.151740 0.288160 0.319245
0.253536 0.164416 0.277946 0.304102
0.230535 0.143014 0.284899 0.341552
0.243040 0.157179 0.280700 0.319081
0.239326 0.149822 0.293416 0.317437
0.232357 0.142284 0.296186 0.329174
0.231195 0.141573 0.294705 0.332527
0.252067 0.163017 0.279263 0.305653
0.242729 0.155401 0.282060 0.319810
0.238478 0.152232 0.289337 0.319954
0.222610 0.133328 0.301127 0.342935
0.240286 0.149443 0.290244 0.320026
0.239382 0.148881 0.289153 0.322583
0.248103 0.158377 0.283370 0.310150
0.240647 0.153608 0.290004 0.315742
0.235903 0.148620 0.292546 0.322932
0.223037 0.133585 0.300587 0.342791
0.240829 0.150328 0.289416 0.319428
0.238160 0.148661 0.294161 0.319018
0.241313 0.152028 0.284176 0.322483
0.232075 0.143969 0.296027 0.327929
0.255387 0.168865 0.273286 0.302461
0.223326 0.133758 0.300221 0.342695
0.238517 0.147966 0.291065 0.322452
0.236083 0.146456 0.295416 0.322045
0.231456 0.141732 0.291436 0.335376
0.226062 0.139309 0.297913 0.336716
0.251035 0.163431 0.278410 0.307124
0.240286 0.149443 0.290244 0.320026
0.236039 0.145458 0.292695 0.325808
0.234134 0.144284 0.295928 0.325653
0.223104 0.133624 0.296422 0.346850
0.217655 0.133281 0.296191 0.352873
0.244348 0.157081 0.294122 0.304449
0.240829 0.150328 0.289416 0.319428
0.233610 0.143051 0.294147 0.329193
0.229474 0.140519 0.293292 0.336715
0.223513 0.133870 0.296966 0.345651
0.223714 0.139137 0.286215 0.350934
0.254040 0.167454 0.284257 0.294249
0.235956 0.146377 0.287940 0.329728
0.224644 0.134547 0.298468 0.342341
0.221189 0.132477 0.297347 0.348987
0.223797 0.134040 0.297343 0.344820
0.242099 0.156999 0.275694 0.325207
0.251523 0.164161 0.285039 0.299276
0.233882 0.144129 0.290021 0.331967
0.224644 0.134547 0.298468 0.342341
0.238692 0.148452 0.288319 0.324537
0.221572 0.132707 0.302143 0.343579
0.243366 0.157390 0.277894 0.321350
0.230439 0.142955 0.289964 0.336642
0.229452 0.140505 0.288911 0.341132
0.224644 0.134547 0.298468 0.342341
0.239644 0.149588 0.287991 0.322778
0.219312 0.131353 0.298328 0.351007
0.252233 0.167362 0.275047 0.305359
0.226649 0.139672 0.288233 0.345447
0.221388 0.132597 0.294143 0.351872
0.222014 0.132972 0.294975 0.350039
0.237626 0.147413 0.289977 0.324985
0.220472 0.132048 0.298236 0.349245
0.258793 0.176743 0.277473 0.286991
0.251309 0.166169 0.263060 0.319462
0.222269 0.133124 0.295313 0.349294
0.222508 0.133268 0.295630 0.348594
0.233217 0.143719 0.297105 0.325959
0.221499 0.132663 0.298513 0.347325
0.247678 0.163802 0.298292 0.290228
0.245424 0.159778 0.267632 0.327166
0.220448 0.132034 0.300610 0.346909
0.223104 0.133624 0.296422 0.346850
0.231067 0.141494 0.298169 0.329270
0.222198 0.133082 0.298705 0.346015
0.238210 0.152061 0.302934 0.306795
0.243547 0.156566 0.273642 0.326245
0.221122 0.132438 0.300791 0.345649
0.220884 0.132295 0.293473 0.353348
0.222610 0.133328 0.301127 0.342935
0.239382 0.148881 0.289153 0.322583
0.235875 0.148602 0.301785 0.313738
0.234692 0.148836 0.287400 0.329073
0.219463 0.131444 0.304641 0.344452
0.219055 0.131200 0.291043 0.358701
0.223037 0.133585 0.300587 0.342791
0.238160 0.148661 0.294161 0.319018
0.242657 0.154361 0.295204 0.307778
0.227087 0.142160 0.293223 0.337530
0.220310 0.131951 0.303933 0.343805
0.217911 0.130514 0.297150 0.354425
0.223326 0.133758 0.300221 0.342695
0.236083 0.146456 0.295416 0.322045
0.261931 0.176557 0.270898 0.290614
0.210013 0.125784 0.303497 0.360706
0.221268 0.132525 0.302800 0.343407
0.219315 0.131355 0.298332 0.350999
0.240286 0.149443 0.290244 0.320026
0.234134 0.144284 0.295928 0.325653
0.273449 0.199488 0.235030 0.292033
0.210538 0.126098 0.307405 0.355959
0.238835 0.148541 0.293042 0.319582
0.220654 0.132157 0.298482 0.348708
0.238282 0.148738 0.286355 0.326626
0.232078 0.142113 0.296619 0.329190
0.271948 0.195722 0.241811 0.290519
0.213424 0.127827 0.306626 0.352124
0.239655 0.149594 0.291719 0.319032
0.219067 0.131206 0.302984 0.346743
0.236359 0.146627 0.288431 0.328584
0.223326 0.133758 0.300221 0.342695
0.267775 0.186293 0.254715 0.291217
0.245997 0.158975 0.293325 0.301704
0.251720 0.162240 0.280022 0.306017
0.217399 0.130208 0.306937 0.345456
0.231886 0.142899 0.287546 0.337670
0.240286 0.149443 0.290244 0.320026
0.255820 0.169476 0.269350 0.305353
0.258554 0.174948 0.282964 0.283533
0.250103 0.160667 0.281371 0.307860
0.235965 0.146756 0.298105 0.319174
0.230302 0.141025 0.289982 0.338691
0.238282 0.148738 0.286355 0.326626
0.236988 0.148358 0.283248 0.331405
0.266184 0.185544 0.268448 0.279824
0.246083 0.156089 0.285224 0.312604
0.237513 0.148258 0.295620 0.318609
0.222269 0.133124 0.295313 0.349294
0.236359 0.146627 0.288431 0.328584
0.218373 0.130791 0.290137 0.360699
0.270502 0.192777 0.255166 0.281556
0.236039 0.145458 0.292695 0.325808
0.235807 0.146285 0.295900 0.322008
0.220448 0.132034 0.300610 0.346909
0.227112 0.139957 0.281626 0.351306
0.219873 0.131690 0.292130 0.356307
0.262083 0.182337 0.257710 0.297870
0.231021 0.141466 0.290887 0.336627
0.248697 0.159223 0.284804 0.307276
0.221122 0.132438 0.300791 0.345649
0.226191 0.138508 0.284806 0.350496
0.221162 0.132462 0.293842 0.352534
0.259063 0.175799 0.261905 0.303234
0.219894 0.131702 0.292158 0.356246
0.259234 0.171974 0.270520 0.298271
0.216794 0.129846 0.300936 0.352424
0.219362 0.131383 0.291450 0.357805
0.219618 0.131537 0.299479 0.349367
0.261981 0.178920 0.257308 0.301791
0.220980 0.132352 0.293600 0.353068
0.252067 0.163017 0.279263 0.305653
0.218171 0.130670 0.300983 0.350176
0.218306 0.130751 0.297689 0.353255
0.217966 0.130547 0.304216 0.347271
0.255497 0.168973 0.269587 0.305943
0.221985 0.132955 0.294936 0.350124
0.245606 0.156783 0.280519 0.317092
0.219731 0.131605 0.300697 0.347966
0.219515 0.131475 0.298604 0.350407
0.213947 0.128140 0.303909 0.354004
0.246288 0.157218 0.281297 0.315197
0.222677 0.133369 0.295856 0.348098
0.241682 0.152261 0.284610 0.321447
0.235075 0.146203 0.288429 0.330293
0.213362 0.127790 0.310287 0.348561
0.216040 0.129394 0.303353 0.351213
0.238606 0.150323 0.296616 0.314456
0.218075 0.130613 0.297375 0.353937
0.232039 0.142089 0.292170 0.333702
0.236598 0.147687 0.287999 0.327716
0.212120 0.127046 0.305904 0.354930
0.218071 0.130610 0.302640 0.348679
0.228453 0.139893 0.301928 0.329726
0.216662 0.129766 0.302395 0.351176
0.223513 0.133870 0.296966 0.345651
0.242981 0.156607 0.278086 0.322326
0.214982 0.128760 0.304444 0.351814
0.236417 0.147037 0.293816 0.322730
0.220549 0.132094 0.303636 0.343721
0.218331 0.130766 0.302325 0.348579
0.221166 0.132464 0.293847 0.352523
0.240040 0.154202 0.277315 0.328442
0.234187 0.145650 0.296364 0.323798
0.251651 0.163193 0.279752 0.305404
0.218744 0.131014 0.298998 0.351244
0.214650 0.128562 0.294491 0.362297
0.219434 0.131426 0.299227 0.349912
0.238167 0.151068 0.281674 0.329092
0.233323 0.145642 0.291631 0.329404
0.260610 0.175183 0.272233 0.291974
0.217166 0.130068 0.295484 0.357282
0.216657 0.129763 0.295406 0.358174
0.220426 0.132021 0.299844 0.347709
0.227767 0.140360 0.294568 0.337305
0.266112 0.185334 0.248799 0.299754
0.255394 0.169991 0.273277 0.301338
0.249509 0.161244 0.274546 0.314701
0.233174 0.145020 0.293207 0.328599
0.221484 0.132654 0.299604 0.346258
0.224277 0.137336 0.292941 0.345445
0.266149 0.186059 0.257606 0.290187
0.250833 0.163698 0.278583 0.306885
0.246387 0.160405 0.268681 0.324527
0.249214 0.161613 0.280710 0.308463
0.222195 0.133080 0.299451 0.345273
0.227124 0.141257 0.295021 0.336598
0.261746 0.178268 0.267237 0.292749
0.240856 0.151740 0.288160 0.319245
0.243913 0.156802 0.274054 0.325231
0.248706 0.160844 0.281360 0.309091
0.220201 0.131886 0.303801 0.344113
0.227607 0.142074 0.299940 0.330380
0.252073 0.164480 0.280002 0.303445
0.231195 0.141573 0.294705 0.332527
0.239486 0.151876 0.285549 0.323089
0.241670 0.154270 0.296360 0.307701
0.237900 0.147960 0.294750 0.319389
0.228038 0.141465 0.300034 0.330463
0.244951 0.156706 0.291189 0.307153
0.239382 0.148881 0.289153 0.322583
0.234188 0.146605 0.295042 0.324164
0.237873 0.149861 0.298512 0.313754
0.239012 0.149193 0.292919 0.318877
0.243238 0.155728 0.289880 0.311155
0.220609 0.132130 0.303588 0.343673
0.233107 0.145507 0.287921 0.333465
0.218217 0.130698 0.302167 0.348918
0.241810 0.153822 0.288758 0.315609
0.237046 0.147053 0.293750 0.322151
0.240960 0.153808 0.295327 0.309904
0.238454 0.148304 0.293745 0.319496
0.229231 0.142205 0.286842 0.341723
0.214612 0.128538 0.309485 0.347365
0.235731 0.147145 0.292241 0.324883
0.234809 0.144700 0.294818 0.325673
0.255448 0.171149 0.279377 0.294026
0.239393 0.149431 0.292209 0.318967
0.226292 0.139452 0.286016 0.348240
0.216161 0.129466 0.308505 0.345869
0.231866 0.143840 0.290280 0.334014
0.247762 0.157608 0.284067 0.310563
0.264685 0.184417 0.262954 0.287945
0.237315 0.147220 0.293277 0.322188
0.223517 0.136871 0.285678 0.353934
0.232678 0.144712 0.295931 0.326678
0.257188 0.171162 0.265456 0.306195
0.240829 0.150328 0.289416 0.319428
0.262068 0.179634 0.267225 0.291073
0.249736 0.159888 0.282132 0.308245
0.216963 0.129946 0.291666 0.361424
0.248954 0.161444 0.282317 0.307285
0.257053 0.171151 0.267055 0.304742
0.238517 0.147966 0.291065 0.322452
0.252945 0.166172 0.279523 0.301360
0.248160 0.158404 0.283293 0.310144
0.231205 0.143796 0.294580 0.330419
0.248414 0.160655 0.282926 0.308004
0.246778 0.158644 0.285234 0.309344
0.236039 0.145458 0.292695 0.325808
0.259521 0.173764 0.269851 0.296863
0.231180 0.143414 0.282112 0.343294
0.225819 0.140958 0.293115 0.340109
0.266107 0.183611 0.254869 0.295413
0.242909 0.154048 0.289083 0.313960
0.233610 0.143051 0.294147 0.329193
0.257473 0.170806 0.276643 0.295079
0.229733 0.141572 0.284876 0.343820
0.223858 0.138872 0.298827 0.338443
0.264420 0.181188 0.258810 0.295582
0.237106 0.148432 0.297032 0.317430
0.219504 0.131468 0.291639 0.357389
0.247593 0.160124 0.281761 0.310523
0.229027 0.140245 0.288377 0.342352
0.221981 0.136795 0.304108 0.337116
0.251905 0.165573 0.277460 0.305062
0.220310 0.131951 0.303933 0.343805
0.220427 0.132022 0.292866 0.354685
0.241772 0.154335 0.281832 0.322061
0.221355 0.132577 0.294098 0.351970
0.222361 0.136163 0.303869 0.337608
0.241651 0.153250 0.287586 0.317514
0.221268 0.132525 0.302800 0.343407
0.216503 0.129671 0.287652 0.366174
0.231451 0.145816 0.276908 0.345825
0.219541 0.131490 0.291688 0.357281
0.245056 0.158367 0.284041 0.312536
0.233262 0.146025 0.284331 0.336382
0.238835 0.148541 0.293042 0.319582
0.218249 0.130717 0.289972 0.361063
0.223409 0.136805 0.284781 0.355005
0.210754 0.126228 0.301243 0.361776
0.253835 0.171755 0.277936 0.296475
0.217716 0.130398 0.293415 0.358472
0.239655 0.149594 0.291719 0.319032
0.217369 0.130190 0.288803 0.363639
0.231047 0.143697 0.279084 0.346172
0.212883 0.127503 0.302853 0.356761
0.262165 0.182743 0.265983 0.289109
0.216846 0.129876 0.291509 0.361769
0.251720 0.162240 0.280022 0.306017
0.214209 0.128297 0.299345 0.358149
0.231687 0.144621 0.286167 0.337525
0.215857 0.129284 0.302282 0.352577
0.267570 0.190688 0.253634 0.288108
0.233095 0.144971 0.289356 0.332579
0.250103 0.160667 0.281371 0.307860
0.213427 0.127829 0.297038 0.361707
0.229056 0.142097 0.294448 0.334400
0.215142 0.128856 0.298181 0.357821
0.264416 0.183960 0.260932 0.290692
0.235110 0.146758 0.289806 0.328326
0.246083 0.156089 0.285224 0.312604
0.210949 0.126344 0.305206 0.357500
0.221359 0.136412 0.308990 0.333239
0.214308 0.128356 0.302922 0.354415
0.249261 0.162672 0.286831 0.301237
0.229735 0.142518 0.301301 0.326446
0.236039 0.145458 0.292695 0.325808
0.210822 0.126268 0.301616 0.361294
0.215819 0.132157 0.301478 0.350547
0.256171 0.172038 0.273278 0.298513
0.262392 0.178650 0.273946 0.285013
0.225831 0.139167 0.298482 0.336520
0.233610 0.143051 0.294147 0.329193
0.211233 0.126515 0.305294 0.356958
0.207839 0.124482 0.306003 0.361676
0.258080 0.175278 0.270218 0.296424
0.256601 0.170850 0.280188 0.292362
0.223072 0.136598 0.302958 0.337371
0.224644 0.134547 0.298468 0.342341
0.246142 0.159068 0.287835 0.306955
0.228676 0.142223 0.300354 0.328747
0.254819 0.169761 0.275265 0.300156
0.247359 0.159017 0.288407 0.305218
0.233192 0.145031 0.297982 0.323795
0.224644 0.134547 0.298468 0.342341
0.246794 0.160670 0.290811 0.301725
0.246344 0.159752 0.287723 0.306181
0.248767 0.162323 0.287056 0.301854
0.243547 0.154452 0.290734 0.311268
0.232720 0.145266 0.292619 0.329395
0.224644 0.134547 0.298468 0.342341
0.263656 0.183216 0.261249 0.291879
0.271620 0.197370 0.239035 0.291975
0.256306 0.170468 0.277926 0.295300
0.253320 0.164805 0.280069 0.301806
0.255656 0.171288 0.264780 0.308276
0.224644 0.134547 0.298468 0.342341
0.261457 0.180352 0.270273 0.287918
0.271453 0.196636 0.257665 0.274246
0.249792 0.161988 0.287792 0.300429
0.253536 0.164416 0.277946 0.304102
0.252301 0.169067 0.270160 0.308472
0.222014 0.132972 0.294975 0.350039
0.265775 0.185760 0.261829 0.286636
0.272899 0.198960 0.251655 0.276486
0.248766 0.160883 0.287809 0.302542
0.252067 0.163017 0.279263 0.305653
0.259165 0.177132 0.261726 0.301977
0.222508 0.133267 0.295630 0.348594
0.251967 0.166607 0.275646 0.305779
0.263795 0.183443 0.262967 0.289795
0.242800 0.154991 0.286779 0.315430
0.245606 0.156783 0.280519 0.317092
0.252819 0.167170 0.272732 0.307280
0.223104 0.133624 0.296422 0.346850
0.256348 0.172838 0.263492 0.307322
0.254025 0.168337 0.276638 0.300999
0.252694 0.165457 0.276316 0.305532
0.239159 0.150671 0.281639 0.328530
0.247062 0.160211 0.285076 0.307650
0.223513 0.133870 0.296966 0.345651
0.242893 0.156035 0.284914 0.316158
0.231929 0.142925 0.294947 0.330199
0.242982 0.155099 0.281105 0.320814
0.229894 0.140776 0.289468 0.339862
0.228376 0.140736 0.301837 0.329051
0.223797 0.134040 0.297343 0.344820
0.253143 0.166886 0.275521 0.304450
0.257847 0.170492 0.269904 0.301757
0.248356 0.160072 0.276279 0.315293
0.221985 0.132955 0.294936 0.350124
0.241119 0.153383 0.297766 0.307733
0.221572 0.132707 0.302143 0.343579
0.246394 0.158284 0.282985 0.312337
0.253101 0.164777 0.276004 0.306118
0.247589 0.159052 0.278543 0.314816
0.222677 0.133369 0.295856 0.348098
0.232359 0.145041 0.296543 0.326057
0.219312 0.131353 0.298328 0.351007
0.241233 0.153012 0.292145 0.313611
0.247984 0.159419 0.286627 0.305970
0.242399 0.153752 0.288904 0.314944
0.215542 0.129096 0.293921 0.361441
0.226586 0.140564 0.289804 0.343046
0.215340 0.128975 0.291295 0.364390
0.226613 0.139649 0.299506 0.334233
0.243817 0.154623 0.290163 0.311398
0.232666 0.143380 0.295759 0.328195
0.211945 0.126941 0.295811 0.365303
0.241460 0.154589 0.281095 0.322856
0.217308 0.130153 0.292865 0.359675
0.241642 0.153715 0.290273 0.314370
0.237315 0.148563 0.289273 0.324849
0.226056 0.138425 0.297870 0.337650
0.212096 0.127032 0.293692 0.367180
0.249243 0.165346 0.263874 0.321537
0.216565 0.129708 0.291131 0.362596
0.235921 0.147264 0.293638 0.323178
0.218273 0.130731 0.294166 0.356830
0.215524 0.129085 0.297331 0.358060
0.212516 0.127283 0.291562 0.368639
0.249876 0.167968 0.253421 0.328735
0.234899 0.146093 0.283737 0.335272
0.234631 0.145555 0.294424 0.325389
0.219662 0.131563 0.295295 0.353481
0.217605 0.130331 0.297788 0.354276
0.212724 0.127408 0.290045 0.369824
0.245906 0.163676 0.263493 0.326924
0.234807 0.146569 0.290021 0.328603
0.247774 0.158632 0.283747 0.309847
0.234953 0.146127 0.283803 0.335117
0.233486 0.145214 0.286479 0.334821
0.222596 0.138441 0.287267 0.351696
0.240061 0.156668 0.283636 0.319635
0.229120 0.142136 0.302141 0.326602
0.257473 0.170806 0.276643 0.295079
0.236604 0.147690 0.284338 0.331367
0.232867 0.145358 0.283457 0.338318
0.238974 0.154973 0.284342 0.321711
0.226403 0.142635 0.286083 0.344880
0.225384 0.138892 0.299064 0.336659
0.250083 0.161735 0.284596 0.303587
0.233303 0.144731 0.292553 0.329412
0.244806 0.157784 0.280175 0.317235
0.238665 0.154350 0.291103 0.315881
0.214771 0.131515 0.299800 0.353914
0.222756 0.136404 0.303336 0.337504
0.243934 0.155715 0.284352 0.316000
0.229435 0.141388 0.299544 0.329632
0.240190 0.154298 0.285387 0.320125
0.235016 0.150022 0.298422 0.316540
0.204055 0.122215 0.309810 0.363921
0.215716 0.129200 0.305217 0.349867
0.240287 0.151382 0.287479 0.320852
0.228176 0.139724 0.299986 0.332114
0.237782 0.150823 0.288586 0.322809
0.230674 0.145326 0.304313 0.319687
0.222934 0.138651 0.309568 0.328846
0.234722 0.145983 0.296715 0.322580
0.230786 0.141322 0.294183 0.333709
0.217763 0.130426 0.306547 0.345264
0.221969 0.136788 0.292520 0.348723
0.241491 0.159677 0.290153 0.308679
0.255132 0.171974 0.285593 0.287300
0.261563 0.176309 0.267257 0.294870
0.239096 0.148703 0.288807 0.323394
0.218938 0.131129 0.305527 0.344406
0.216961 0.132856 0.295247 0.354935
0.250733 0.169656 0.280140 0.299470
0.252756 0.170515 0.295048 0.281680
0.260098 0.175468 0.274600 0.289834
0.239930 0.149766 0.288335 0.321968
0.237218 0.147535 0.295976 0.319272
0.228471 0.142095 0.292301 0.337133
0.256085 0.178505 0.261503 0.303907
0.266955 0.191027 0.266692 0.275327
0.265344 0.182529 0.264505 0.287623
0.235769 0.146261 0.295646 0.322324
0.252369 0.163659 0.281390 0.302582
0.241833 0.156827 0.283339 0.318002
0.253653 0.180769 0.241927 0.323651
0.274678 0.209709 0.234637 0.280976
0.261661 0.176873 0.269683 0.291782
0.228449 0.140781 0.290398 0.340372
0.251084 0.162382 0.281998 0.304537
0.242458 0.156803 0.284305 0.316434
0.256105 0.185393 0.232260 0.326242
0.266055 0.202438 0.223118 0.308388
0.249028 0.161486 0.279264 0.310222
0.227403 0.139250 0.291776 0.341571
0.259212 0.171993 0.270593 0.298202
0.250199 0.166013 0.286772 0.297017
0.260466 0.191832 0.242077 0.305625
0.258185 0.183301 0.243364 0.315150
0.232649 0.143369 0.292106 0.331876
0.220003 0.131767 0.296497 0.351734
0.253763 0.166685 0.271837 0.307716
0.255952 0.174803 0.279327 0.289917
0.257639 0.182927 0.257196 0.302238
0.265375 0.197217 0.221624 0.315784
0.246158 0.156588 0.282228 0.315025
0.221101 0.132425 0.297230 0.349244
0.243925 0.154720 0.282724 0.318631
0.248967 0.164655 0.285800 0.300579
0.248314 0.167918 0.283330 0.300437
0.261606 0.183274 0.252710 0.302410
0.239644 0.149588 0.287991 0.322778
0.233477 0.145209 0.282020 0.339294
0.234461 0.144486 0.290739 0.330314
0.251834 0.167097 0.286476 0.294593
0.227780 0.147654 0.308033 0.316533
0.249758 0.164162 0.274672 0.311408
0.237626 0.147413 0.289977 0.324985
0.228531 0.142651 0.289737 0.339082
0.232447 0.142339 0.292683 0.332532
0.249815 0.164091 0.287629 0.298465
0.216609 0.135601 0.314898 0.332891
0.232740 0.147598 0.304854 0.314808
0.233217 0.143719 0.297105 0.325959
0.228265 0.141606 0.292724 0.337405
0.221166 0.132464 0.293847 0.352523
0.263899 0.180908 0.266156 0.289038
0.246620 0.165623 0.297638 0.290119
0.224233 0.140373 0.307755 0.327639
0.228455 0.139894 0.294797 0.336854
0.228313 0.140697 0.294037 0.336952
0.216797 0.129847 0.295632 0.357724
0.262269 0.182734 0.259558 0.295440
0.251152 0.170573 0.290240 0.288035
0.210046 0.125804 0.309168 0.354983
0.220472 0.132048 0.298236 0.349245
0.225019 0.137790 0.291902 0.345288
0.218301 0.130748 0.296953 0.353998
0.256909 0.176098 0.262681 0.304312
0.265650 0.191455 0.260973 0.281923
0.230585 0.143410 0.301884 0.324120
0.221499 0.132663 0.298513 0.347325
0.212671 0.127376 0.304264 0.355689
0.219958 0.131741 0.297541 0.350760
0.258956 0.176906 0.260246 0.303891
0.271898 0.225753 0.205545 0.296804
0.227851 0.142226 0.293003 0.336920
0.222198 0.133082 0.298705 0.346015
0.245154 0.158430 0.292762 0.303653
0.221079 0.132412 0.297948 0.348561
0.256433 0.172200 0.266751 0.304616
0.270641 0.228754 0.197359 0.303246
0.268388 0.194189 0.236201 0.301223
0.236827 0.147292 0.286066 0.329815
0.247610 0.161202 0.289300 0.301887
0.219364 0.131384 0.302646 0.346607
0.242003 0.153501 0.284207 0.320290
0.270235 0.214240 0.216610 0.298915
0.268208 0.203406 0.223259 0.305127
0.235991 0.147308 0.291483 0.325219
0.245042 0.157527 0.290396 0.307036
0.235082 0.146207 0.299248 0.319463
0.244064 0.156256 0.291392 0.308288
0.269500 0.203761 0.232163 0.294576
0.265003 0.194955 0.233760 0.306282
0.231911 0.143868 0.290196 0.334025
0.239558 0.151922 0.297980 0.310541
0.236536 0.147648 0.297291 0.318525
0.238438 0.152198 0.294772 0.314591
0.260986 0.181613 0.266023 0.291378
0.259795 0.180559 0.253401 0.306245
0.230813 0.142237 0.291729 0.335221
0.261859 0.177136 0.272967 0.288038
0.235126 0.145862 0.297027 0.321985
0.229937 0.142643 0.298884 0.328535
0.245654 0.160848 0.284063 0.309434
0.250183 0.168089 0.275853 0.305876
0.224551 0.137504 0.286999 0.350947
0.262569 0.177664 0.268368 0.291399
0.233272 0.143753 0.297332 0.325643
0.224262 0.138200 0.292069 0.345469
0.239074 0.152604 0.289688 0.318634
0.219494 0.134407 0.293576 0.352523
0.214885 0.128702 0.296466 0.359947
0.260129 0.174373 0.271267 0.294231
0.246686 0.156924 0.286659 0.309731
0.221429 0.135592 0.290083 0.352896
0.242173 0.156087 0.295616 0.306125
0.226061 0.140597 0.299271 0.334071
0.233860 0.145447 0.289745 0.330948
0.255311 0.167727 0.277390 0.299572
0.253536 0.164416 0.277946 0.304102
0.246021 0.158990 0.274542 0.320447
0.239367 0.153770 0.292255 0.314608
0.226916 0.141643 0.303557 0.327884
0.233885 0.145993 0.294563 0.325559
0.261195 0.174885 0.267666 0.296254
0.252067 0.163017 0.279263 0.305653
0.258106 0.174644 0.265666 0.301584
0.250810 0.165348 0.281174 0.302668
0.227359 0.141044 0.302879 0.328719
0.232787 0.144411 0.295755 0.327046
0.245663 0.156810 0.280443 0.317084
0.245606 0.156783 0.280519 0.317092
0.256470 0.171920 0.270276 0.301335
0.255175 0.170378 0.280194 0.294253
0.254114 0.169116 0.286102 0.290668
0.226877 0.139812 0.305829 0.327482
0.236359 0.146627 0.288431 0.328584
0.241682 0.152261 0.284610 0.321447
0.249406 0.163847 0.288909 0.297837
0.253031 0.167342 0.282369 0.297258
0.252550 0.168153 0.290830 0.288467
0.241812 0.153823 0.296780 0.307585
0.234461 0.144486 0.290739 0.330314
0.229452 0.140505 0.288911 0.341132
0.242253 0.156008 0.298956 0.302783
0.265662 0.183304 0.260472 0.290562
0.263779 0.183301 0.266678 0.286241
0.235866 0.147230 0.298406 0.318497
0.232447 0.142339 0.292683 0.332532
0.218776 0.131033 0.290673 0.359519
0.225624 0.138161 0.305696 0.330519
0.263227 0.180371 0.270400 0.286002
0.269318 0.193233 0.250690 0.286760
0.246706 0.159009 0.283771 0.310514
0.223797 0.134040 0.297343 0.344820
0.220155 0.131858 0.292504 0.355484
0.230274 0.143217 0.292590 0.333918
0.251107 0.165049 0.280009 0.303835
0.266327 0.186636 0.258155 0.288882
0.243304 0.156299 0.281297 0.319100
0.216384 0.129600 0.295069 0.358947
0.218925 0.131121 0.298533 0.351421
0.225269 0.140615 0.282142 0.351974
0.254178 0.167545 0.275105 0.303173
0.263393 0.179937 0.262622 0.294048
0.262554 0.179986 0.254819 0.302642
0.217743 0.130414 0.296194 0.355650
0.220010 0.131771 0.299277 0.348942
0.251783 0.168693 0.259943 0.319581
0.251785 0.164332 0.278198 0.305684
0.265444 0.185397 0.249361 0.299798
0.255798 0.171410 0.262121 0.310672
0.219576 0.131512 0.297024 0.351887
0.218628 0.130944 0.303481 0.346947
0.258989 0.180448 0.243967 0.316596
0.236137 0.146489 0.291822 0.325551
0.251431 0.166284 0.273137 0.309147
0.252069 0.165681 0.269719 0.312531
0.220814 0.132253 0.297590 0.349343
0.214407 0.128415 0.303455 0.353723
0.257840 0.176736 0.252345 0.313079
0.248811 0.159296 0.281088 0.310805
0.242188 0.154601 0.283978 0.319233
0.236048 0.149696 0.281450 0.332807
0.221661 0.132760 0.297982 0.347596
0.216351 0.129580 0.303025 0.351044
0.247693 0.162722 0.280909 0.308676
0.243241 0.155264 0.285592 0.315904
0.239302 0.150762 0.287474 0.322462
0.231055 0.144644 0.291095 0.333206
0.234868 0.146074 0.299247 0.319811
0.235344 0.146370 0.294451 0.323836
0.232001 0.149406 0.296575 0.322018
0.233918 0.145113 0.292707 0.328262
0.230054 0.140874 0.294032 0.335040
0.213378 0.127800 0.295467 0.363355
0.235982 0.147302 0.298192 0.318524
0.234415 0.146324 0.289797 0.329463
0.216368 0.132493 0.303336 0.347803
0.229962 0.141713 0.290655 0.337670
0.219364 0.131384 0.302646 0.346607
0.210793 0.126251 0.296736 0.366219
0.232132 0.144004 0.294360 0.329504
0.247637 0.159609 0.279297 0.313457
0.206030 0.123399 0.304087 0.366484
0.228769 0.140086 0.292390 0.338755
0.235082 0.146207 0.299248 0.319463
0.211035 0.126396 0.294499 0.368069
0.228223 0.140641 0.291687 0.339449
0.257430 0.171884 0.272813 0.297873
0.209819 0.125668 0.304363 0.360150
0.220956 0.132338 0.297035 0.349670
0.233945 0.146031 0.294034 0.325989
0.226492 0.140864 0.297946 0.334698
0.227310 0.139193 0.293432 0.340064
0.254997 0.168643 0.276606 0.299755
0.244988 0.158322 0.287315 0.309375
0.233838 0.145433 0.290278 0.330451
0.232958 0.144517 0.294288 0.328237
0.244407 0.158495 0.287475 0.309623
0.247985 0.160259 0.272869 0.318886
0.245538 0.156739 0.286221 0.311502
0.270218 0.197603 0.249977 0.282201
0.230369 0.143798 0.283961 0.341872
0.229091 0.141176 0.292002 0.337731
0.243071 0.157199 0.292661 0.307068
0.247289 0.160993 0.269665 0.322053
0.239772 0.151058 0.294899 0.314271
0.269405 0.196533 0.252288 0.281774
0.225349 0.139797 0.288059 0.346795
0.243318 0.154782 0.282745 0.319155
0.252061 0.167248 0.288404 0.292287
0.243302 0.156409 0.281216 0.319073
0.227140 0.139089 0.296680 0.337091
0.269355 0.197680 0.250324 0.282640
0.222977 0.137408 0.287721 0.351894
0.246161 0.159633 0.269860 0.324345
0.248119 0.162978 0.295227 0.293676
0.238372 0.151170 0.291637 0.318822
0.233720 0.145360 0.287913 0.333008
0.265577 0.188697 0.259611 0.286115
0.218512 0.133806 0.283791 0.363890
0.244363 0.158035 0.278551 0.319051
0.260908 0.178857 0.271800 0.288435
0.232752 0.145707 0.290981 0.330560
0.235641 0.147089 0.287630 0.329640
0.250104 0.165739 0.276602 0.307554
0.224716 0.139760 0.283337 0.352187
0.241881 0.154405 0.283617 0.320096
0.255799 0.171411 0.276668 0.296122
0.212138 0.127057 0.298629 0.362177
0.234560 0.145511 0.289873 0.330055
0.254426 0.169324 0.275268 0.300982
0.224090 0.139879 0.294909 0.341122
0.237025 0.149327 0.292696 0.320952
0.259944 0.177664 0.263646 0.298746
0.212022 0.126987 0.303524 0.357466
0.245112 0.156927 0.276908 0.321053
0.254562 0.169493 0.275857 0.300088
0.238126 0.153478 0.293243 0.315153
0.225123 0.137854 0.294823 0.342200
0.262485 0.180471 0.258140 0.298904
0.231894 0.144224 0.296680 0.327203
0.242685 0.154909 0.284939 0.317468
0.256622 0.171484 0.277691 0.294203
0.237150 0.152346 0.298140 0.312365
0.212788 0.127446 0.306105 0.353661
0.267118 0.187874 0.247455 0.297552
0.248660 0.161254 0.283166 0.306920
0.229002 0.142063 0.294378 0.334556
0.251613 0.166373 0.277781 0.304233
0.230717 0.146342 0.308576 0.314364
0.227085 0.141233 0.292866 0.338816
0.253995 0.169060 0.272160 0.304785
0.246465 0.159395 0.289552 0.304588
0.228229 0.140645 0.295660 0.335467
0.245527 0.159216 0.288370 0.306887
0.236363 0.151326 0.308000 0.304311
0.227809 0.142200 0.288213 0.341778
0.249477 0.162813 0.278729 0.308980
0.254579 0.168919 0.285383 0.291119
0.227661 0.139408 0.296469 0.336461
0.244669 0.156644 0.288532 0.310156
0.262485 0.181051 0.280463 0.276001
0.242926 0.156572 0.279423 0.321078
0.235204 0.148180 0.290448 0.326168
0.262900 0.179548 0.271935 0.285617
0.214721 0.128604 0.300433 0.356242
0.244189 0.155869 0.288291 0.311651
0.267010 0.187297 0.268046 0.277647
0.241477 0.155125 0.287189 0.316209
0.226164 0.138492 0.296187 0.339158
0.255462 0.168951 0.280229 0.295358
0.233577 0.145271 0.293113 0.328040
0.249574 0.160857 0.282316 0.307254
0.268935 0.192994 0.252375 0.285696
0.262114 0.179684 0.261938 0.296264
0.218906 0.131111 0.299568 0.350415
0.245686 0.156834 0.288993 0.308486
0.245666 0.159312 0.283039 0.311983
0.246672 0.158463 0.289347 0.305518
0.273456 0.207376 0.224262 0.294907
0.252591 0.169261 0.280395 0.297754
0.234874 0.146078 0.296145 0.322903
0.255051 0.167001 0.278041 0.299907
0.245392 0.158701 0.283906 0.312001
0.255971 0.168750 0.278599 0.296679
0.271067 0.204766 0.220680 0.303488
0.237127 0.155860 0.280323 0.326689
0.233736 0.145900 0.291787 0.328577
0.259234 0.171974 0.270520 0.298271
0.242821 0.155005 0.286804 0.315371
0.246009 0.158037 0.282542 0.313412
0.266386 0.187877 0.246470 0.299267
0.228844 0.145128 0.286999 0.339030
0.245640 0.158321 0.287056 0.308983
0.252067 0.163017 0.279263 0.305653
0.251502 0.164677 0.283055 0.300766
0.242573 0.153862 0.285700 0.317866
0.256374 0.172153 0.262199 0.309274
0.242786 0.157952 0.279656 0.319606
0.245065 0.157430 0.287772 0.309733
0.248103 0.158377 0.283370 0.310150
0.241422 0.154103 0.286702 0.317774
0.233231 0.143728 0.292836 0.330205
0.245048 0.157809 0.282438 0.314705
0.231515 0.144514 0.289965 0.334006
0.239479 0.151900 0.286932 0.321689
0.243840 0.153620 0.287152 0.315388
0.245640 0.158321 0.287056 0.308983
0.241639 0.153714 0.277047 0.327599
0.228636 0.140005 0.295032 0.336326
0.251091 0.168229 0.266977 0.313703
0.245381 0.157099 0.281828 0.315692
0.231021 0.141466 0.290887 0.336627
0.242537 0.155806 0.284804 0.316853
0.235665 0.147104 0.283209 0.334022
0.218345 0.130774 0.303088 0.347793
0.254845 0.177561 0.277309 0.290286
0.243001 0.155111 0.289134 0.312754
0.222508 0.133268 0.295630 0.348594
0.239864 0.152144 0.287394 0.320597
0.232633 0.144316 0.291713 0.331339
0.216809 0.129855 0.299104 0.354232
0.249902 0.171295 0.279959 0.298844
0.248513 0.160173 0.283972 0.307342
0.223104 0.133624 0.296422 0.346850
0.245940 0.157458 0.282471 0.314131
0.231237 0.142499 0.293942 0.332321
0.215933 0.129330 0.303213 0.351524
0.239869 0.157582 0.284028 0.318522
0.247592 0.159054 0.284361 0.308993
0.223513 0.133870 0.296966 0.345651
0.240862 0.153745 0.286589 0.318803
0.227330 0.139206 0.291682 0.341782
0.234773 0.146015 0.295416 0.323796
0.237416 0.152894 0.287500 0.322191
0.239586 0.151968 0.290151 0.318296
0.218657 0.130961 0.290513 0.359869
0.246635 0.158962 0.281826 0.312577
0.214666 0.128571 0.304216 0.352547
0.236607 0.147692 0.293670 0.322031
0.233707 0.148668 0.298986 0.318639
0.230097 0.141797 0.296113 0.331993
0.212260 0.127130 0.289446 0.371164
0.241913 0.155406 0.285783 0.316898
0.216334 0.129570 0.304534 0.349563
0.247083 0.159251 0.279498 0.314168
0.271232 0.197386 0.254899 0.276483
0.241970 0.153924 0.283163 0.320943
0.214775 0.128636 0.292156 0.364432
0.236508 0.150015 0.285853 0.327624
0.235366 0.146384 0.295608 0.322643
0.244502 0.157068 0.286801 0.311629
0.271375 0.199160 0.260011 0.269454
0.236049 0.147344 0.288128 0.328480
0.217414 0.130216 0.294099 0.358271
0.228271 0.140671 0.292088 0.338970
0.237007 0.147942 0.293823 0.321228
0.251910 0.166073 0.274179 0.307837
0.266309 0.189032 0.275118 0.269541
0.234850 0.145691 0.290231 0.329228
0.219202 0.131287 0.295417 0.354094
0.241119 0.153383 0.288969 0.316529
0.233140 0.144630 0.299901 0.322329
0.245147 0.157483 0.281553 0.315818
0.260282 0.178408 0.281662 0.279648
0.246214 0.157633 0.286110 0.310042
0.212783 0.127443 0.300818 0.358957
0.235151 0.146783 0.293554 0.324511
0.259041 0.172395 0.275018 0.293545
0.239700 0.152040 0.282317 0.325943
0.266982 0.188730 0.259051 0.285237
0.245103 0.156452 0.287256 0.311189
0.227308 0.141372 0.304131 0.327189
0.244364 0.157499 0.285565 0.312573
0.258359 0.172021 0.274365 0.295255
0.228592 0.140869 0.294848 0.335691
0.259927 0.175877 0.268423 0.295773
0.233798 0.145038 0.298859 0.322304
0.230317 0.143766 0.302349 0.323567
0.241896 0.155395 0.292121 0.310588
0.246535 0.158487 0.281594 0.313384
0.240552 0.153022 0.283150 0.323276
0.266496 0.185762 0.254891 0.292851
0.231975 0.142953 0.299332 0.325740
0.230365 0.142909 0.301031 0.325696
0.236639 0.150099 0.290916 0.322346
0.240257 0.152366 0.282272 0.325104
0.230285 0.143746 0.290028 0.335941
0.267698 0.190778 0.241754 0.299770
0.230382 0.141074 0.299207 0.329336
0.229467 0.141408 0.300618 0.328507
0.243400 0.155831 0.285370 0.315399
0.250502 0.162972 0.273120 0.313406
0.227327 0.141024 0.288818 0.342831
0.260145 0.180989 0.247327 0.311539
0.236270 0.146946 0.289895 0.326890
0.255364 0.168850 0.283420 0.292366
0.240701 0.153642 0.283003 0.322654
0.238061 0.148600 0.286090 0.327249
0.224993 0.138651 0.295707 0.340649
0.243978 0.159224 0.273028 0.323770
0.237490 0.148243 0.289084 0.325183
0.269586 0.189655 0.255478 0.285281
0.245021 0.157923 0.284306 0.312751
0.236456 0.146687 0.288549 0.328308
0.240481 0.152977 0.287681 0.318861
0.227823 0.143530 0.275280 0.353368
0.247640 0.159611 0.275483 0.317265
0.268007 0.187421 0.257626 0.286946
0.256644 0.171359 0.271656 0.300341
0.232335 0.143176 0.295982 0.328507
0.232865 0.145356 0.297005 0.324773
0.215899 0.132206 0.277015 0.374881
0.246748 0.158512 0.277597 0.317143
0.260947 0.177630 0.263978 0.297445
0.253326 0.167538 0.281207 0.297929
0.228064 0.139655 0.302192 0.330089
0.239946 0.154651 0.286721 0.318682
0.203797 0.122061 0.281864 0.392279
0.241064 0.152905 0.279407 0.326624
0.255260 0.169105 0.272576 0.303059
0.238640 0.152336 0.284353 0.324672
0.217197 0.130087 0.300755 0.351960
0.238092 0.152951 0.292555 0.316402
0.203355 0.121796 0.294084 0.380765
0.224823 0.138546 0.286411 0.350221
0.250200 0.162775 0.272791 0.314234
0.233799 0.147294 0.292429 0.326479
0.218828 0.131063 0.300222 0.349888
0.250001 0.164815 0.282846 0.302338
0.219769 0.136683 0.292233 0.351315
0.221827 0.135836 0.286245 0.356093
0.237489 0.148243 0.285402 0.328865
0.240999 0.153307 0.288301 0.317394
0.220160 0.131862 0.300184 0.347795
0.243645 0.156518 0.288231 0.311606
0.217590 0.135822 0.305090 0.341498
0.213254 0.127725 0.296022 0.362998
0.236051 0.146436 0.288056 0.329457
0.235448 0.146969 0.292231 0.325353
0.237906 0.147963 0.291104 0.323027
0.253857 0.167357 0.277361 0.301425
0.208785 0.129522 0.305812 0.355881
0.215797 0.129248 0.297707 0.357247
0.232049 0.142999 0.295617 0.329335
0.248658 0.160267 0.281280 0.309795
0.252604 0.163811 0.276923 0.306661
0.256187 0.171054 0.283434 0.289326
0.220519 0.141182 0.306135 0.332164
