0.086176 0.041015 0.222867 0.649943
0.113525 0.056384 0.253184 0.576907
0.066986 0.030544 0.201205 0.701265
0.104558 0.050960 0.246835 0.597646
0.101176 0.049526 0.242254 0.607045
0.064414 0.029432 0.197508 0.708645
0.084466 0.040361 0.216188 0.658985
0.055470 0.024545 0.183125 0.736860
0.051905 0.022862 0.174562 0.750670
0.089135 0.042676 0.228136 0.640053
0.159222 0.083849 0.285019 0.471910
0.058860 0.026601 0.187881 0.726659
0.125378 0.063431 0.257294 0.553897
0.054233 0.023971 0.181547 0.740248
0.051197 0.022433 0.174874 0.751496
0.085491 0.040603 0.224504 0.649402
0.147098 0.076601 0.277565 0.498735
0.063315 0.028696 0.195871 0.712119
0.104678 0.051722 0.235137 0.608462
0.065601 0.029842 0.199853 0.704705
0.042242 0.017946 0.159782 0.780030
0.084706 0.039994 0.224120 0.651180
0.160995 0.085529 0.286316 0.467160
0.083903 0.040007 0.220352 0.655738
0.083266 0.039547 0.214774 0.662413
0.066044 0.030151 0.198205 0.705600
0.042406 0.018015 0.160378 0.779200
0.083005 0.039098 0.221921 0.655975
0.128353 0.065441 0.267921 0.538284
0.088227 0.042337 0.226775 0.642660
0.064733 0.029578 0.195061 0.710628
0.053345 0.023579 0.177729 0.745347
0.052978 0.023232 0.179218 0.744572
0.055190 0.024394 0.182858 0.737558
0.094315 0.045756 0.231496 0.628433
0.127702 0.064991 0.262295 0.545012
0.058053 0.026236 0.185572 0.730139
0.052887 0.023295 0.178157 0.745660
0.054371 0.024058 0.182074 0.739496
0.066555 0.030276 0.200971 0.702199
0.052596 0.023166 0.177310 0.746928
0.151760 0.080060 0.279291 0.488888
0.040078 0.017027 0.154112 0.788783
0.064409 0.029145 0.196808 0.709637
0.054399 0.024045 0.181974 0.739582
0.067971 0.031031 0.202647 0.698351
0.051320 0.022486 0.175941 0.750252
0.109484 0.054222 0.249492 0.586802
0.039864 0.016935 0.155312 0.787889
0.069784 0.031891 0.204679 0.693647
0.053508 0.023568 0.180384 0.742540
0.055212 0.024404 0.183085 0.737300
0.051591 0.022624 0.175288 0.750497
0.104075 0.051177 0.246804 0.597944
0.039991 0.016990 0.156209 0.786810
0.071537 0.032948 0.207439 0.688076
0.050848 0.022280 0.174349 0.752523
0.053973 0.023773 0.181044 0.741210
0.067915 0.031036 0.199196 0.701853
0.100102 0.048903 0.242339 0.608656
0.062103 0.028147 0.195262 0.714488
0.067122 0.030768 0.199800 0.702310
0.041300 0.017546 0.156740 0.784415
0.050399 0.022083 0.172023 0.755495
0.069398 0.031963 0.203412 0.695227
0.063969 0.029168 0.195524 0.711338
0.126728 0.064712 0.264984 0.543576
0.064385 0.029250 0.196564 0.709802
0.065955 0.029892 0.198572 0.705581
0.052253 0.022914 0.176767 0.748066
0.068154 0.031241 0.202180 0.698424
0.065041 0.029587 0.198099 0.707273
0.138030 0.072188 0.274298 0.515484
0.051470 0.022552 0.176577 0.749401
0.073581 0.033953 0.209147 0.683319
0.055656 0.024627 0.182848 0.736868
0.064937 0.029500 0.197697 0.707866
0.066736 0.030467 0.200656 0.702140
0.211265 0.121198 0.296212 0.371325
0.042249 0.017949 0.160324 0.779479
0.072342 0.033301 0.207656 0.686701
0.055396 0.024485 0.182731 0.737388
0.049100 0.021514 0.169987 0.759399
0.086158 0.040671 0.226706 0.646466
0.230496 0.136915 0.288084 0.344504
0.052710 0.023115 0.179090 0.745086
0.067710 0.030938 0.201955 0.699398
0.054172 0.023861 0.180869 0.741098
0.040729 0.017303 0.156631 0.785337
0.092525 0.044300 0.233234 0.629941
0.179408 0.098596 0.288294 0.433702
0.068810 0.031446 0.204338 0.695406
0.062305 0.028158 0.194528 0.715009
0.050910 0.022307 0.176181 0.750602
0.063396 0.028733 0.193919 0.713953
0.105543 0.051823 0.245386 0.597248
0.127608 0.065149 0.266560 0.540684
0.070778 0.032599 0.204659 0.691965
0.042152 0.017907 0.160322 0.779619
0.041354 0.017569 0.157457 0.783620
0.071491 0.032989 0.206011 0.689510
0.087958 0.041893 0.227148 0.643001
0.144454 0.075301 0.278214 0.502031
0.069283 0.031759 0.203293 0.695664
0.041587 0.017667 0.157858 0.782888
0.041282 0.017538 0.156654 0.784526
0.070710 0.032549 0.205415 0.691326
0.081821 0.038488 0.220141 0.659550
0.086734 0.041224 0.226798 0.645244
0.064492 0.029298 0.195048 0.711161
0.042004 0.017845 0.159397 0.780754
0.041842 0.017776 0.158774 0.781608
0.081779 0.038612 0.221654 0.657955
0.053827 0.023709 0.180553 0.741912
0.069244 0.031741 0.204226 0.694790
0.051572 0.022597 0.176029 0.749802
0.052566 0.023052 0.178601 0.745781
0.041373 0.017577 0.157018 0.784032
0.100558 0.048963 0.242974 0.607505
0.052058 0.022810 0.177685 0.747448
0.064279 0.029201 0.197627 0.708893
0.052832 0.023168 0.178727 0.745272
0.069967 0.031974 0.205216 0.692843
0.063647 0.028846 0.191621 0.715886
0.068940 0.031753 0.202619 0.696687
0.050462 0.022129 0.172463 0.754946
0.079608 0.037245 0.217035 0.666112
0.055040 0.024354 0.182729 0.737877
0.072986 0.033616 0.209006 0.684392
0.070795 0.032668 0.203798 0.692739
0.067754 0.031058 0.201656 0.699533
0.053561 0.023700 0.177298 0.745441
0.071401 0.032947 0.204443 0.691209
0.054895 0.024264 0.182434 0.738408
0.068108 0.031220 0.200905 0.699766
0.069317 0.031908 0.203353 0.695422
0.063364 0.028786 0.193789 0.714062
0.054224 0.023967 0.179810 0.741998
0.070978 0.032673 0.205037 0.691312
0.052074 0.022937 0.176508 0.748481
0.065043 0.029549 0.197321 0.708087
0.066909 0.030572 0.200319 0.702201
0.080365 0.037599 0.218306 0.663730
0.053446 0.023541 0.179278 0.743735
0.068046 0.031092 0.201625 0.699238
0.051074 0.022379 0.175585 0.750962
0.051845 0.022717 0.177088 0.748349
0.061728 0.027897 0.193328 0.717046
0.072998 0.033685 0.208714 0.684603
0.051830 0.022710 0.176910 0.748550
0.078337 0.036578 0.213738 0.671347
0.042156 0.017909 0.159994 0.779940
0.042480 0.018047 0.160681 0.778792
0.040912 0.017381 0.158269 0.783438
0.088426 0.042064 0.229000 0.640509
0.051391 0.022536 0.177110 0.748963
0.054586 0.024154 0.181224 0.740036
0.052639 0.023084 0.178902 0.745376
0.042520 0.018064 0.160810 0.778606
0.051201 0.022453 0.177134 0.749212
0.088608 0.042202 0.228828 0.640362
0.053929 0.023863 0.181491 0.740717
0.053815 0.023787 0.180658 0.741740
0.054671 0.024191 0.180419 0.740718
0.051323 0.022506 0.175404 0.750767
0.068082 0.031113 0.203619 0.697187
0.080639 0.037933 0.219860 0.661569
0.054108 0.023916 0.181580 0.740396
0.053135 0.023404 0.179590 0.743871
0.067505 0.030817 0.201324 0.700354
0.054978 0.024327 0.181988 0.738707
0.071177 0.032783 0.207557 0.688483
0.053326 0.023488 0.180154 0.743032
0.052193 0.022989 0.176715 0.748103
0.049863 0.021848 0.171064 0.757225
0.069987 0.032121 0.204896 0.692996
0.054950 0.024288 0.182215 0.738548
0.084913 0.040222 0.223272 0.651593
0.051738 0.022670 0.177438 0.748154
0.050969 0.022333 0.175490 0.751209
0.040421 0.017172 0.154647 0.787760
0.067358 0.030714 0.201260 0.700668
0.053827 0.023709 0.180553 0.741912
0.129179 0.065438 0.263505 0.541879
0.051836 0.022731 0.176173 0.749260
0.066045 0.029933 0.199956 0.704067
0.050348 0.022079 0.172289 0.755284
0.053864 0.023725 0.180680 0.741731
0.051143 0.022409 0.174564 0.751884
0.113476 0.056281 0.251411 0.578832
0.054305 0.024029 0.179210 0.742456
0.092226 0.043975 0.232988 0.630811
0.066707 0.030484 0.197030 0.705779
0.049561 0.021716 0.170830 0.757893
0.051791 0.022712 0.177004 0.748493
0.089172 0.042577 0.225750 0.642500
0.067276 0.030712 0.198192 0.703820
0.094625 0.045408 0.235085 0.624882
0.070767 0.032594 0.203949 0.692690
0.051616 0.022635 0.175881 0.749868
0.055213 0.024431 0.182768 0.737588
0.082795 0.039015 0.219651 0.658539
0.068892 0.031618 0.199786 0.699704
0.087540 0.041636 0.227925 0.642900
0.065684 0.030109 0.196834 0.707373
0.055164 0.024409 0.182202 0.738225
0.055058 0.024336 0.182576 0.738030
0.062692 0.028333 0.194126 0.714849
0.066919 0.030514 0.198621 0.703946
0.079907 0.037441 0.218534 0.664119
0.077542 0.036398 0.214835 0.671225
0.054964 0.024294 0.182178 0.738564
0.053864 0.023725 0.180680 0.741731
0.041725 0.017726 0.159433 0.781116
0.052973 0.023333 0.178674 0.745020
0.052082 0.022820 0.177895 0.747203
0.064859 0.029610 0.198069 0.707461
0.053797 0.023696 0.180390 0.742118
0.051288 0.022472 0.176783 0.749456
0.041372 0.017576 0.157355 0.783698
0.049935 0.021880 0.172575 0.755610
0.041848 0.017779 0.158292 0.782081
0.052703 0.023295 0.179356 0.744646
0.063161 0.028580 0.196193 0.712066
0.052542 0.023041 0.179036 0.745381
0.040691 0.017287 0.155715 0.786307
0.040497 0.017204 0.155256 0.787044
0.042249 0.017949 0.159786 0.780016
0.051145 0.022528 0.175083 0.751244
0.054858 0.024274 0.182800 0.738069
0.055688 0.024641 0.183930 0.735741
0.040136 0.017051 0.153109 0.789704
0.040863 0.017360 0.157158 0.784619
0.051994 0.022801 0.175892 0.749312
0.077289 0.036160 0.215877 0.670674
0.054772 0.024209 0.182488 0.738531
0.054282 0.023993 0.179917 0.741808
0.051088 0.022403 0.174442 0.752068
0.041449 0.017609 0.158652 0.782290
0.054551 0.024138 0.179218 0.742092
0.088550 0.042222 0.229778 0.639449
0.051759 0.022798 0.174388 0.751055
0.053532 0.023579 0.179501 0.743389
0.068367 0.031243 0.201781 0.698609
0.051737 0.022688 0.177455 0.748120
0.053888 0.023819 0.177755 0.744539
0.113706 0.056413 0.255314 0.574567
0.050909 0.022306 0.174524 0.752260
0.063980 0.028951 0.194460 0.712610
0.070451 0.032448 0.205452 0.691649
0.067396 0.030799 0.202479 0.699326
0.050888 0.022414 0.171639 0.755060
0.137669 0.070624 0.273372 0.518336
0.065051 0.029482 0.195849 0.709618
0.055522 0.024567 0.182406 0.737505
0.084386 0.039972 0.224391 0.651250
0.086945 0.041381 0.228735 0.642940
0.050591 0.022167 0.173171 0.754070
0.127851 0.065044 0.267274 0.539831
0.073014 0.033692 0.207534 0.685760
0.055323 0.024453 0.182488 0.737736
0.081363 0.038527 0.221669 0.658441
0.108601 0.053651 0.248990 0.588758
0.041484 0.017624 0.158234 0.782658
0.101386 0.049563 0.238938 0.610113
0.072009 0.033148 0.206699 0.688144
0.053312 0.023482 0.179815 0.743392
0.063999 0.029182 0.195579 0.711240
0.105416 0.051977 0.243558 0.599048
0.041353 0.017568 0.158518 0.782561
0.082830 0.039221 0.217693 0.660256
0.064245 0.029355 0.193588 0.712812
0.051795 0.022694 0.177290 0.748221
0.052295 0.023034 0.177810 0.746860
0.083073 0.039283 0.220720 0.656924
0.041226 0.017514 0.158535 0.782724
0.066333 0.030247 0.198055 0.705365
0.061402 0.027750 0.191045 0.719804
0.041942 0.017818 0.159979 0.780261
0.063476 0.028723 0.196145 0.711656
0.081491 0.038252 0.219695 0.660563
0.049242 0.021594 0.172342 0.756822
0.053483 0.023557 0.179336 0.743624
0.041407 0.017591 0.158397 0.782605
0.042172 0.017916 0.160372 0.779540
0.068731 0.031410 0.203953 0.695907
0.083931 0.039591 0.220674 0.655804
0.053138 0.023513 0.179518 0.743831
0.064981 0.029404 0.197504 0.708112
0.041773 0.017746 0.159342 0.781139
0.042323 0.017980 0.160628 0.779068
0.113209 0.055739 0.254592 0.576460
0.069578 0.032046 0.201761 0.696615
0.066543 0.030378 0.200909 0.702170
0.054262 0.024010 0.181708 0.740021
0.041952 0.017823 0.159760 0.780465
0.052786 0.023148 0.179403 0.744663
0.116656 0.058170 0.257797 0.567377
0.067333 0.030865 0.200427 0.701376
0.085968 0.040770 0.226700 0.646562
0.052540 0.023223 0.177484 0.746753
0.063906 0.028963 0.197920 0.709211
0.055782 0.024683 0.184087 0.735448
0.108401 0.053398 0.249967 0.588234
0.063319 0.028765 0.193309 0.714607
0.107724 0.052931 0.249815 0.589530
0.052410 0.023085 0.177926 0.746579
0.071491 0.032989 0.208236 0.687284
0.067142 0.030651 0.197798 0.704408
0.083195 0.039204 0.222527 0.655075
0.049346 0.021622 0.169293 0.759739
0.132564 0.067776 0.266228 0.533432
0.050221 0.022005 0.173006 0.754769
0.085430 0.040639 0.221912 0.652019
0.070069 0.032158 0.203198 0.694575
0.062652 0.028315 0.192869 0.716164
0.040886 0.017370 0.156427 0.785318
0.131371 0.067610 0.260481 0.540538
0.040979 0.017409 0.156040 0.785573
0.086644 0.041267 0.224576 0.647513
0.067582 0.030816 0.200589 0.701013
0.040302 0.017122 0.152422 0.790154
0.050695 0.022231 0.175189 0.751884
0.103447 0.050958 0.237841 0.607755
0.064044 0.029026 0.193898 0.713033
0.080799 0.038008 0.218460 0.662733
0.053150 0.023410 0.177453 0.745987
0.051589 0.022623 0.174521 0.751267
0.067773 0.030972 0.202058 0.699197
0.078308 0.036901 0.209248 0.675543
0.087150 0.041555 0.223400 0.647895
0.084705 0.039843 0.224074 0.651378
0.051860 0.022723 0.176279 0.749137
0.055268 0.024455 0.181572 0.738704
0.069908 0.032198 0.205394 0.692500
0.061777 0.027919 0.190077 0.720227
0.089519 0.042957 0.225085 0.642439
0.090060 0.042889 0.229707 0.637344
0.040857 0.017358 0.156320 0.785465
0.055152 0.024377 0.181924 0.738547
0.063772 0.029233 0.193857 0.713138
0.050721 0.022243 0.174802 0.752234
0.084471 0.040176 0.221805 0.653547
0.070107 0.032272 0.205946 0.691675
0.040959 0.017401 0.155952 0.785689
0.052218 0.023000 0.176125 0.748657
0.077233 0.036253 0.214198 0.672315
0.052800 0.023363 0.179129 0.744708
0.076592 0.035888 0.213614 0.673906
0.067306 0.030754 0.201849 0.700091
0.041762 0.017742 0.158476 0.782020
0.049401 0.021646 0.173071 0.755883
0.080605 0.038022 0.217024 0.664348
0.052455 0.023185 0.178831 0.745529
0.049231 0.021571 0.171583 0.757614
0.061998 0.028019 0.192066 0.717916
0.041489 0.017626 0.158720 0.782165
0.041376 0.017578 0.158651 0.782395
0.069994 0.032238 0.204108 0.693660
0.049720 0.021900 0.173122 0.755257
0.050299 0.022058 0.174680 0.752963
0.042004 0.017844 0.159385 0.780768
0.041793 0.017755 0.159451 0.781000
0.041797 0.017757 0.159527 0.780919
0.085385 0.040446 0.224515 0.649654
0.048348 0.021184 0.169930 0.760537
0.052097 0.023052 0.176619 0.748232
0.040801 0.017334 0.154848 0.787016
0.064788 0.029363 0.198747 0.707102
0.041835 0.017773 0.159713 0.780679
0.126548 0.064105 0.266961 0.542386
0.062914 0.028514 0.195110 0.713462
0.065727 0.030005 0.199004 0.705264
0.064296 0.029140 0.193576 0.712988
0.070999 0.032762 0.207630 0.688609
0.051125 0.022420 0.177089 0.749366
0.111124 0.055114 0.252921 0.580840
0.109882 0.054199 0.252019 0.583900
0.083820 0.039751 0.221284 0.655144
0.072533 0.033470 0.206167 0.687831
0.070319 0.032370 0.206358 0.690953
0.108885 0.053247 0.252681 0.585187
0.087587 0.041820 0.228747 0.641845
0.143232 0.074193 0.276741 0.505834
0.104001 0.051101 0.245146 0.599751
0.070485 0.032446 0.204862 0.692207
0.084330 0.039816 0.224777 0.651076
0.122259 0.061337 0.262525 0.553879
0.081174 0.038251 0.220738 0.659836
0.190741 0.105662 0.292231 0.411366
0.104487 0.051618 0.238983 0.604912
0.067663 0.030916 0.201244 0.700177
0.082567 0.038892 0.222162 0.656378
0.113938 0.056697 0.252356 0.577009
0.062708 0.028340 0.195133 0.713819
0.181413 0.099980 0.292708 0.425899
0.125998 0.064256 0.260376 0.549370
0.061409 0.027753 0.193115 0.717723
0.068969 0.031486 0.204328 0.695217
0.103099 0.050399 0.242966 0.603535
0.066363 0.030077 0.201018 0.702542
0.125802 0.063927 0.264435 0.545836
0.103689 0.051126 0.240270 0.604916
0.041263 0.017530 0.158843 0.782364
0.089117 0.042264 0.229888 0.638732
0.096816 0.046637 0.237274 0.619272
0.073621 0.033972 0.210494 0.681913
0.082012 0.038646 0.220920 0.658423
0.079440 0.037565 0.214131 0.668865
0.041000 0.017418 0.156881 0.784702
0.087697 0.041682 0.225481 0.645140
0.056027 0.024791 0.184064 0.735118
0.090749 0.043169 0.231666 0.634416
0.062018 0.028028 0.191871 0.718083
0.078918 0.037044 0.215210 0.668827
0.051494 0.022582 0.176646 0.749279
0.070041 0.032106 0.204098 0.693755
0.055585 0.024569 0.183352 0.736494
0.090398 0.043055 0.230774 0.635773
0.051431 0.022554 0.176525 0.749490
0.062706 0.028627 0.193156 0.715511
0.054667 0.024189 0.182117 0.739027
0.066256 0.030100 0.199228 0.704416
0.053454 0.023544 0.180294 0.742709
0.083318 0.039193 0.222359 0.655130
0.068768 0.031427 0.203626 0.696179
0.065131 0.029733 0.197947 0.707188
0.086264 0.040721 0.226814 0.646202
0.051457 0.022546 0.174909 0.751088
0.050982 0.022339 0.174509 0.752170
0.054389 0.023956 0.181590 0.740065
0.070814 0.032616 0.204250 0.692320
0.065674 0.030142 0.197500 0.706684
0.115343 0.057092 0.255878 0.571686
0.041709 0.017720 0.157227 0.783344
0.041510 0.017635 0.157036 0.783820
0.052512 0.023009 0.178497 0.745981
0.069203 0.031722 0.202903 0.696171
0.078418 0.036947 0.216812 0.667823
0.111814 0.055376 0.253341 0.579469
0.041020 0.017427 0.155929 0.785624
0.042072 0.017874 0.159137 0.780917
0.042825 0.018193 0.161430 0.777552
0.063338 0.028774 0.193690 0.714198
0.067293 0.030884 0.201737 0.700086
0.087929 0.041821 0.228332 0.641918
0.041834 0.017772 0.158558 0.781836
0.041616 0.017680 0.157390 0.783315
0.042825 0.018193 0.161431 0.777552
0.063739 0.028842 0.195456 0.711964
0.124704 0.062925 0.266803 0.545567
0.080230 0.037592 0.218845 0.663333
0.042233 0.017942 0.159773 0.780052
0.052465 0.023007 0.177484 0.747044
0.042825 0.018193 0.161430 0.777552
0.055306 0.024472 0.182670 0.737552
0.116047 0.058012 0.257868 0.568072
0.052125 0.022839 0.177974 0.747062
0.040452 0.017185 0.154281 0.788081
0.054820 0.024257 0.182000 0.738923
0.041426 0.017599 0.156160 0.784814
0.054159 0.023939 0.181360 0.740543
0.132098 0.067633 0.271925 0.528345
0.042588 0.018093 0.161067 0.778252
0.040898 0.017375 0.156761 0.784966
0.053922 0.023834 0.181014 0.741231
0.040829 0.017346 0.153910 0.787915
0.052314 0.023043 0.176677 0.747966
0.133379 0.068199 0.272178 0.526243
0.052239 0.022908 0.176719 0.748135
0.050754 0.022257 0.175500 0.751489
0.052232 0.023006 0.176537 0.748225
0.041847 0.017778 0.157746 0.782629
0.062971 0.028494 0.194884 0.713650
0.119383 0.060403 0.252916 0.567298
0.055676 0.024636 0.182914 0.736774
0.054281 0.024018 0.181459 0.740242
0.050418 0.022091 0.174637 0.752854
0.042320 0.017979 0.159530 0.780171
0.053813 0.023811 0.178975 0.743401
0.084612 0.040079 0.221077 0.654232
0.055435 0.024502 0.182858 0.737205
0.053227 0.023526 0.178093 0.745154
0.041783 0.017751 0.159395 0.781071
0.041799 0.017757 0.157563 0.782881
0.054189 0.023952 0.180472 0.741388
0.083277 0.039433 0.218469 0.658821
0.054240 0.023891 0.181095 0.740774
0.062515 0.028439 0.192819 0.716227
0.051290 0.022492 0.175132 0.751086
0.039962 0.016977 0.152894 0.790167
0.066712 0.030348 0.200233 0.702707
0.083349 0.039270 0.220250 0.657131
0.052410 0.022964 0.178148 0.746478
0.081177 0.038292 0.219499 0.661032
0.068659 0.031376 0.202642 0.697323
0.040287 0.017115 0.155528 0.787070
0.066855 0.030521 0.200963 0.701660
0.068119 0.031264 0.197544 0.703073
0.041485 0.017624 0.157694 0.783197
0.088016 0.041890 0.228056 0.642038
0.069440 0.031983 0.202504 0.696072
0.041201 0.017503 0.157864 0.783432
0.064926 0.029640 0.193078 0.712356
0.063559 0.028981 0.194454 0.713005
0.042079 0.017877 0.159488 0.780556
0.089662 0.042844 0.229768 0.637726
0.085457 0.040480 0.224131 0.649932
0.041621 0.017682 0.158947 0.781749
0.067354 0.030912 0.199099 0.702635
0.051179 0.022542 0.174161 0.752118
0.041669 0.017702 0.157637 0.782992
0.082522 0.039022 0.222147 0.656309
0.085225 0.040355 0.223989 0.650431
0.041159 0.017486 0.158475 0.782880
0.065695 0.029955 0.197910 0.706440
0.049007 0.021473 0.170348 0.759173
0.042145 0.017905 0.159414 0.780537
0.093600 0.045448 0.228092 0.632860
0.066161 0.030168 0.199885 0.703785
0.062512 0.028332 0.196241 0.712914
0.053146 0.023409 0.179099 0.744347
0.040456 0.017187 0.154758 0.787598
0.042353 0.017993 0.160179 0.779475
0.084587 0.040283 0.220160 0.654970
0.052314 0.023043 0.176677 0.747966
0.107726 0.053135 0.249659 0.589480
0.063280 0.028634 0.193452 0.714634
0.040253 0.017101 0.156024 0.786622
0.052117 0.022855 0.178121 0.746907
0.069827 0.032143 0.203134 0.694896
0.062971 0.028494 0.194884 0.713650
0.114289 0.057233 0.252485 0.575993
0.051959 0.022991 0.175914 0.749136
0.080146 0.037577 0.219543 0.662734
0.054376 0.024061 0.179997 0.741566
0.067174 0.030693 0.200227 0.701907
0.054786 0.024242 0.182214 0.738758
0.108425 0.053721 0.248146 0.589707
0.065744 0.030013 0.198669 0.705574
0.091609 0.044126 0.233180 0.631085
0.053777 0.023770 0.180156 0.742297
0.078686 0.036741 0.216053 0.668519
0.054675 0.024167 0.182090 0.739068
0.118441 0.059525 0.255235 0.566799
0.067436 0.030950 0.199396 0.702218
0.103805 0.051488 0.240374 0.604333
0.053080 0.023380 0.179322 0.744218
0.065774 0.030058 0.200480 0.703687
0.065860 0.029960 0.197673 0.706508
0.124167 0.062562 0.258169 0.555102
0.065490 0.029862 0.197729 0.706919
0.101542 0.050197 0.240946 0.607315
0.051603 0.022611 0.176977 0.748809
0.068124 0.031376 0.201698 0.698801
0.064171 0.029296 0.192895 0.713638
0.092021 0.044215 0.230709 0.633055
0.050220 0.022120 0.171656 0.756005
0.140094 0.072763 0.273991 0.513151
0.052677 0.023100 0.179032 0.745191
0.067371 0.030882 0.201171 0.700576
0.066842 0.030514 0.198774 0.703869
0.085851 0.040992 0.222977 0.650180
0.095326 0.046155 0.233140 0.625379
0.089527 0.042864 0.229483 0.638126
0.054801 0.024249 0.182739 0.738210
0.064031 0.029089 0.196747 0.710133
0.068431 0.031406 0.199843 0.700320
0.080502 0.037934 0.217634 0.663930
0.092307 0.044462 0.230688 0.632544
0.106161 0.052127 0.247153 0.594559
0.068530 0.031285 0.203793 0.696393
0.049980 0.021899 0.172948 0.755173
0.066444 0.030297 0.198386 0.704873
0.060462 0.027325 0.189362 0.722850
0.087518 0.041983 0.224693 0.645806
0.104090 0.051254 0.248029 0.596627
0.067162 0.030824 0.196139 0.705875
0.105772 0.051338 0.247250 0.595639
0.050882 0.022411 0.172343 0.754363
0.040959 0.017401 0.157493 0.784147
0.081324 0.038555 0.216496 0.663625
0.119253 0.060492 0.254552 0.565703
0.063671 0.029032 0.190105 0.717191
0.118971 0.059854 0.253815 0.567361
0.059891 0.027100 0.187574 0.725434
0.050483 0.022138 0.173587 0.753792
0.089540 0.043132 0.229330 0.637998
0.086339 0.041256 0.223437 0.648968
0.052409 0.023084 0.175736 0.748770
0.115545 0.057780 0.252471 0.574203
0.053317 0.023592 0.178571 0.744521
0.065322 0.029852 0.196480 0.708347
0.065683 0.030017 0.199639 0.704661
0.080620 0.038123 0.215825 0.665432
0.064239 0.029068 0.195247 0.711446
0.105955 0.052113 0.244943 0.596990
0.052924 0.023393 0.178911 0.744772
0.069520 0.032020 0.203408 0.695052
0.069551 0.032034 0.204958 0.693457
0.063743 0.028958 0.194845 0.712454
0.055555 0.024582 0.182515 0.737347
0.090804 0.043614 0.230921 0.634661
0.052262 0.023019 0.178043 0.746676
0.082068 0.038875 0.219106 0.659951
0.081674 0.038688 0.219783 0.659855
0.101940 0.049357 0.242309 0.606394
0.052155 0.023053 0.176491 0.748301
0.041343 0.017564 0.157199 0.783895
0.061382 0.027775 0.193800 0.717042
0.102724 0.050284 0.242862 0.604131
0.079185 0.037495 0.215803 0.667517
0.091746 0.044192 0.233427 0.630635
0.050683 0.022324 0.175398 0.751595
0.049733 0.021809 0.172203 0.756255
0.082719 0.039087 0.224484 0.653710
0.084705 0.040260 0.224225 0.650810
0.100151 0.048812 0.241425 0.609612
0.089839 0.043097 0.231107 0.635957
0.049174 0.021546 0.171445 0.757836
0.052765 0.023348 0.176638 0.747249
0.091070 0.043759 0.233405 0.631767
0.082138 0.038908 0.220023 0.658931
0.111404 0.055143 0.252258 0.581196
0.081323 0.038555 0.219161 0.660961
0.040549 0.017227 0.155288 0.786936
0.051746 0.022872 0.173138 0.752244
0.107244 0.052943 0.247882 0.591930
0.079926 0.037846 0.213748 0.668480
0.110775 0.054861 0.251340 0.583023
0.074254 0.034605 0.210819 0.680322
0.041076 0.017450 0.157452 0.784021
0.064666 0.029417 0.195216 0.710702
0.102424 0.050325 0.240964 0.606287
0.079384 0.037402 0.215988 0.667225
0.104843 0.051555 0.244591 0.599010
0.041665 0.017701 0.159240 0.781394
0.079043 0.037060 0.216281 0.667615
0.065450 0.029880 0.197843 0.706827
0.119975 0.060373 0.253273 0.566379
0.066957 0.030730 0.198296 0.704017
0.120379 0.060820 0.257756 0.561045
0.083638 0.039215 0.224219 0.652929
0.141059 0.072691 0.273797 0.512452
0.083232 0.039290 0.222904 0.654574
0.111934 0.055405 0.248316 0.584345
0.081607 0.038450 0.218898 0.661045
0.085259 0.040523 0.223627 0.650590
0.096461 0.046462 0.237661 0.619416
0.145045 0.075742 0.277203 0.502009
0.086937 0.041624 0.225299 0.646140
0.111739 0.055339 0.249127 0.583795
0.083654 0.039673 0.220555 0.656118
0.068706 0.031494 0.202820 0.696980
0.112265 0.055684 0.251733 0.580318
0.131739 0.067738 0.270148 0.530375
0.079667 0.037837 0.216452 0.666044
0.086591 0.041185 0.225454 0.646771
0.080922 0.038461 0.217345 0.663272
0.065116 0.029582 0.197956 0.707346
0.109675 0.054218 0.249626 0.586481
0.115333 0.057777 0.256706 0.570184
0.064543 0.029491 0.196898 0.709068
0.076489 0.035840 0.211909 0.675762
0.082656 0.039153 0.220913 0.657279
0.063562 0.028762 0.196503 0.711174
0.098607 0.047838 0.239081 0.614473
0.076923 0.035918 0.215807 0.671351
0.076215 0.035587 0.213878 0.674319
0.049547 0.021710 0.173329 0.755414
0.078788 0.037308 0.213051 0.670853
0.066551 0.030413 0.199452 0.703583
0.053827 0.023709 0.180553 0.741912
0.053685 0.023755 0.179325 0.743235
0.067887 0.031024 0.202691 0.698399
0.041423 0.017598 0.158761 0.782217
0.064030 0.029196 0.194961 0.711812
0.069319 0.031927 0.201858 0.696895
0.052058 0.022810 0.177685 0.747448
0.066328 0.030280 0.197844 0.705548
0.087225 0.041514 0.228547 0.642714
0.041770 0.017745 0.159519 0.780967
0.063918 0.029077 0.196381 0.710623
0.068270 0.031294 0.201532 0.698904
0.051323 0.022506 0.175404 0.750767
0.086634 0.041086 0.225219 0.647061
0.132097 0.067538 0.269503 0.530862
0.051933 0.022774 0.178032 0.747261
0.101039 0.049300 0.243847 0.605814
0.064931 0.029498 0.197392 0.708180
0.054978 0.024327 0.181988 0.738707
0.085963 0.040858 0.222532 0.650648
0.130808 0.067320 0.262635 0.539236
0.067603 0.030894 0.203064 0.698438
0.089970 0.043230 0.228641 0.638159
0.063428 0.028701 0.193810 0.714060
0.053980 0.023859 0.178999 0.743162
0.086641 0.041041 0.224652 0.647666
0.104592 0.051522 0.242625 0.601261
0.111599 0.054947 0.254508 0.578946
0.102874 0.050785 0.242793 0.603548
0.067945 0.031050 0.201768 0.699237
0.053354 0.023500 0.178967 0.744179
0.083014 0.039308 0.219357 0.658321
0.079874 0.037639 0.214790 0.667697
0.117551 0.058616 0.258397 0.565436
0.099351 0.048815 0.237706 0.614127
0.069006 0.031783 0.201990 0.697221
0.051824 0.022707 0.176887 0.748582
0.065207 0.029733 0.197589 0.707471
0.077945 0.036395 0.214019 0.671641
0.109052 0.053719 0.250388 0.586842
0.097448 0.047386 0.237232 0.617934
0.068051 0.031194 0.201529 0.699226
0.052117 0.022855 0.178121 0.746907
0.052930 0.023314 0.178896 0.744860
0.068076 0.031110 0.202160 0.698653
0.081960 0.038622 0.218836 0.660583
0.084454 0.040052 0.221210 0.654284
0.064841 0.029457 0.197355 0.708348
0.054376 0.024061 0.179997 0.741566
0.050726 0.022226 0.175705 0.751342
0.069213 0.031878 0.204717 0.694192
0.079479 0.037111 0.216854 0.666556
0.084213 0.040026 0.222615 0.653145
0.050792 0.022255 0.175828 0.751125
0.053777 0.023770 0.180156 0.742297
0.041882 0.017793 0.159772 0.780554
0.067858 0.031106 0.202638 0.698398
0.055915 0.024741 0.183697 0.735646
0.104491 0.051204 0.246558 0.597746
0.052073 0.022835 0.178190 0.746902
0.052146 0.022969 0.176169 0.748716
0.051472 0.022572 0.177512 0.748443
0.063527 0.028860 0.196678 0.710935
0.054562 0.024117 0.179979 0.741342
0.106527 0.052635 0.248949 0.591889
0.066814 0.030534 0.199767 0.702886
0.050276 0.022029 0.172423 0.755272
0.068505 0.031306 0.204088 0.696101
0.050839 0.022276 0.176185 0.750700
0.052868 0.023286 0.176512 0.747334
0.084962 0.040352 0.225157 0.649529
0.070677 0.032552 0.205646 0.691125
0.050217 0.022022 0.170671 0.757091
0.071750 0.033047 0.208122 0.687081
0.050194 0.022011 0.172154 0.755641
0.050962 0.022330 0.174950 0.751758
0.066028 0.030169 0.200411 0.703392
0.067772 0.031066 0.199943 0.701218
0.052551 0.023253 0.175236 0.748959
0.085680 0.040586 0.223868 0.649866
0.085503 0.040402 0.223949 0.650146
0.042160 0.017911 0.159794 0.780135
0.077503 0.036189 0.216501 0.669807
0.079613 0.037370 0.214791 0.668225
0.065578 0.029937 0.195015 0.709470
0.082518 0.039074 0.216478 0.661930
0.092164 0.044284 0.229352 0.634200
0.042396 0.018011 0.160388 0.779205
0.067586 0.030886 0.200745 0.700783
0.067210 0.030683 0.199631 0.702476
0.067656 0.031051 0.199993 0.701300
0.082966 0.039090 0.219240 0.658703
0.110996 0.054795 0.249195 0.585014
0.041893 0.017797 0.159774 0.780536
0.089273 0.042489 0.229105 0.639134
0.067574 0.030848 0.201530 0.700048
0.062420 0.028462 0.190215 0.718903
0.070430 0.032324 0.204245 0.693002
0.107309 0.052725 0.246247 0.593720
0.041592 0.017669 0.159418 0.781320
0.090850 0.043411 0.230843 0.634896
0.069958 0.032108 0.204814 0.693120
0.050274 0.022144 0.173613 0.753969
0.066497 0.030321 0.197367 0.705816
0.077090 0.036263 0.210990 0.675657
0.052100 0.022847 0.178409 0.746643
0.106236 0.051934 0.247093 0.594737
0.066134 0.030156 0.199934 0.703776
0.059544 0.026943 0.188226 0.725287
0.052785 0.023250 0.178039 0.745926
0.051251 0.022574 0.173460 0.752714
0.055253 0.024449 0.183367 0.736931
0.086823 0.041112 0.226262 0.645802
0.052438 0.023097 0.178890 0.745575
0.052158 0.023079 0.177594 0.747169
0.049263 0.021585 0.171576 0.757576
0.049143 0.021533 0.170204 0.759120
0.053899 0.023823 0.179427 0.742851
0.066986 0.030544 0.201205 0.701265
0.050243 0.022015 0.173479 0.754263
0.065334 0.029826 0.198926 0.705913
0.041401 0.017589 0.158175 0.782835
0.040615 0.017254 0.154925 0.787206
0.066652 0.030320 0.199943 0.703085
0.053728 0.023665 0.180690 0.741918
0.051866 0.022745 0.177156 0.748232
0.081600 0.038699 0.222545 0.657156
0.041143 0.017479 0.156642 0.784736
0.040704 0.017292 0.155008 0.786996
0.084011 0.039629 0.220884 0.655476
0.051166 0.022419 0.174767 0.751649
0.055078 0.024371 0.182636 0.737915
0.127235 0.064698 0.269182 0.538886
0.041106 0.017463 0.157747 0.783684
0.062581 0.028363 0.193817 0.715240
0.069764 0.032132 0.199778 0.698327
0.041528 0.017642 0.157080 0.783750
0.067477 0.030804 0.199906 0.701813
0.136043 0.070166 0.275893 0.517897
0.050533 0.022160 0.173692 0.753614
0.068050 0.031401 0.200593 0.699957
0.068857 0.031564 0.200649 0.698931
0.041387 0.017583 0.156525 0.784505
0.086338 0.040946 0.222718 0.649998
0.156871 0.083405 0.284428 0.475296
0.082526 0.038996 0.219450 0.659029
0.083673 0.039803 0.222833 0.653690
0.064487 0.029296 0.196194 0.710022
0.051413 0.022546 0.173924 0.752117
0.084461 0.040144 0.220242 0.655153
0.129903 0.066469 0.267389 0.536239
0.089800 0.043149 0.226360 0.640692
0.083395 0.039719 0.223384 0.653502
0.051539 0.022583 0.176415 0.749463
0.054203 0.023984 0.178072 0.743742
0.067227 0.030816 0.197745 0.704212
0.150995 0.078862 0.281197 0.488946
0.086011 0.041068 0.224300 0.648622
0.075493 0.035512 0.211907 0.677088
0.041815 0.017764 0.159495 0.780925
0.052830 0.023351 0.176083 0.747737
0.064620 0.029357 0.195570 0.710453
0.111191 0.054940 0.251827 0.582042
0.099896 0.048664 0.240443 0.610997
0.078676 0.037007 0.215202 0.669116
0.041123 0.017470 0.158604 0.782803
0.051913 0.022866 0.176320 0.748902
0.050813 0.022264 0.175198 0.751725
0.109345 0.053691 0.250226 0.586738
0.080210 0.037782 0.218913 0.663094
0.102050 0.050240 0.241099 0.606610
0.040891 0.017372 0.156699 0.785038
0.049341 0.021619 0.171302 0.757737
0.041445 0.017607 0.158855 0.782093
0.088497 0.042150 0.229147 0.640206
0.066395 0.030310 0.200997 0.702298
0.109849 0.054500 0.249733 0.585917
0.051472 0.022572 0.176592 0.749364
0.040876 0.017365 0.157206 0.784553
0.049357 0.021644 0.170670 0.758329
0.079190 0.037251 0.213627 0.669932
0.067723 0.031082 0.203078 0.698116
0.134129 0.068808 0.269377 0.527686
0.054667 0.024189 0.182101 0.739043
0.040909 0.017379 0.157805 0.783907
0.052718 0.023327 0.177986 0.745970
0.052089 0.022943 0.174800 0.750168
0.081905 0.038590 0.222246 0.657258
0.151589 0.079796 0.281530 0.487085
0.066868 0.030526 0.199267 0.703340
0.050379 0.022093 0.175659 0.751869
0.053265 0.023544 0.179494 0.743697
0.050353 0.022063 0.171922 0.755662
0.066999 0.030749 0.197937 0.704315
0.103611 0.051087 0.243571 0.601730
0.109432 0.053686 0.249420 0.587461
0.067029 0.030632 0.202123 0.700217
0.065559 0.029823 0.199131 0.705487
0.041918 0.017808 0.158531 0.781744
0.081782 0.038532 0.219156 0.660531
0.100099 0.048934 0.241909 0.609058
0.112257 0.055676 0.252777 0.579291
0.083331 0.039661 0.220302 0.656707
0.083810 0.039534 0.223500 0.653155
0.052594 0.023064 0.177919 0.746424
0.082889 0.039310 0.215312 0.662490
0.083214 0.039403 0.222715 0.654668
0.088218 0.042122 0.225952 0.643708
0.107162 0.052940 0.247361 0.592537
0.085135 0.040519 0.224268 0.650078
0.054119 0.023947 0.181228 0.740706
0.106040 0.052104 0.241834 0.600022
0.066212 0.030191 0.200026 0.703571
0.080676 0.038017 0.215790 0.665517
0.130284 0.066441 0.267076 0.536198
0.108896 0.053796 0.250254 0.587054
0.053384 0.023596 0.180334 0.742686
0.090110 0.043058 0.227368 0.639464
0.066520 0.030260 0.200738 0.702482
0.060642 0.027406 0.188802 0.723149
0.132509 0.067576 0.268654 0.531262
0.107474 0.052992 0.248567 0.590967
0.050245 0.022131 0.172212 0.755412
0.081887 0.038722 0.220185 0.659205
0.081939 0.038651 0.219918 0.659491
0.041610 0.017677 0.158213 0.782501
0.107411 0.052961 0.245353 0.594275
0.082529 0.039026 0.219421 0.659024
0.047575 0.020846 0.164982 0.766597
0.064383 0.029249 0.196879 0.709489
0.088746 0.042238 0.228636 0.640380
0.052244 0.022911 0.177635 0.747210
0.101229 0.049486 0.242524 0.606761
0.063594 0.028890 0.193284 0.714231
0.039956 0.016975 0.152659 0.790410
0.049641 0.021751 0.174268 0.754340
0.090570 0.043278 0.230586 0.635566
0.053536 0.023689 0.178581 0.744193
0.083833 0.039696 0.223213 0.653257
0.077932 0.036461 0.213049 0.672559
0.063714 0.028877 0.194061 0.713349
0.041348 0.017566 0.158970 0.782116
0.084896 0.040145 0.224108 0.650851
0.053118 0.023478 0.179071 0.744333
0.066702 0.030415 0.200523 0.702360
0.071749 0.033108 0.205962 0.689181
0.089437 0.042645 0.227581 0.640337
0.041676 0.017705 0.159551 0.781068
0.065911 0.029943 0.199230 0.704916
0.064571 0.029374 0.197976 0.708080
0.053473 0.023553 0.180162 0.742812
0.071155 0.032754 0.205711 0.690379
0.110495 0.054821 0.251032 0.583652
0.065166 0.029535 0.199663 0.705636
0.064240 0.029069 0.197568 0.709123
0.066431 0.030327 0.200517 0.702725
0.050930 0.022316 0.176302 0.750452
0.066875 0.030557 0.200641 0.701927
0.102528 0.050850 0.243621 0.603000
0.072243 0.033336 0.209151 0.685270
0.055480 0.024549 0.183650 0.736321
0.054297 0.023999 0.181674 0.740030
0.066004 0.029915 0.200564 0.703517
0.060587 0.027382 0.190086 0.721945
0.093398 0.045558 0.235481 0.625562
0.139201 0.070929 0.275989 0.513881
0.055212 0.024404 0.183085 0.737300
0.065392 0.029747 0.199684 0.705176
0.070887 0.032710 0.202973 0.693429
0.050762 0.022260 0.175527 0.751450
0.062456 0.028373 0.194815 0.714356
0.147643 0.076632 0.279096 0.496629
0.053973 0.023773 0.181044 0.741209
0.083845 0.039550 0.224416 0.652188
0.070694 0.032542 0.204216 0.692547
0.054316 0.024034 0.181577 0.740074
0.050224 0.022006 0.175074 0.752696
0.130566 0.066677 0.262374 0.540384
0.052159 0.022854 0.178031 0.746955
0.090087 0.042876 0.231449 0.635587
0.066716 0.030484 0.197684 0.705116
0.054258 0.023982 0.181544 0.740215
0.063234 0.028659 0.194862 0.713246
0.085807 0.040681 0.222806 0.650706
0.052239 0.022908 0.176718 0.748135
0.091319 0.043636 0.232235 0.632810
0.078886 0.036834 0.215236 0.669044
0.065307 0.029708 0.197077 0.707907
0.135608 0.069246 0.273538 0.521608
0.077537 0.036135 0.213790 0.672539
0.054700 0.024204 0.179707 0.741388
0.085347 0.040358 0.225118 0.649177
0.055689 0.024641 0.182955 0.736714
0.082565 0.038947 0.221598 0.656890
0.171549 0.092839 0.284047 0.451565
0.041920 0.017809 0.158019 0.782252
0.054944 0.024285 0.181239 0.739532
0.083105 0.039009 0.222591 0.655295
0.053779 0.023771 0.180784 0.741666
0.089123 0.042417 0.229607 0.638853
0.164597 0.088677 0.279103 0.467622
0.042353 0.017993 0.159654 0.780000
0.053047 0.023365 0.177112 0.746476
0.067737 0.030924 0.200102 0.701237
0.052107 0.022951 0.176356 0.748586
0.090768 0.043372 0.231090 0.634770
0.144897 0.076034 0.269160 0.509908
0.041552 0.017653 0.158977 0.781818
0.051826 0.022708 0.176162 0.749305
0.055200 0.024399 0.182083 0.738318
0.050417 0.022091 0.174613 0.752880
0.084978 0.040184 0.224326 0.650512
0.092638 0.044756 0.230789 0.631818
0.041980 0.017834 0.159839 0.780347
0.041971 0.017831 0.159543 0.780655
0.052314 0.023042 0.174663 0.749981
0.041077 0.017451 0.156689 0.784783
0.063662 0.028921 0.194681 0.712736
0.063729 0.028837 0.195425 0.712010
0.041535 0.017645 0.157612 0.783208
0.041725 0.017726 0.159433 0.781116
0.051490 0.022561 0.175021 0.750929
0.040966 0.017403 0.156004 0.785627
0.063944 0.028934 0.196085 0.711037
0.052715 0.023326 0.177409 0.746550
0.041408 0.017591 0.158410 0.782591
0.042086 0.017879 0.160072 0.779963
0.042427 0.018024 0.159931 0.779618
0.065162 0.029533 0.197381 0.707924
0.055419 0.024522 0.183044 0.737015
0.050773 0.022442 0.172275 0.754510
0.041782 0.017750 0.159407 0.781061
0.041706 0.017718 0.159597 0.780979
0.041316 0.017552 0.157054 0.784078
0.069022 0.031850 0.199845 0.699283
0.054134 0.023927 0.179426 0.742513
0.050585 0.022281 0.174058 0.753076
0.066040 0.029931 0.200180 0.703849
0.041947 0.017821 0.160021 0.780211
0.041952 0.017823 0.159008 0.781217
0.085226 0.040542 0.220129 0.654104
0.053427 0.023532 0.179148 0.743893
0.061967 0.028040 0.193317 0.716677
0.073339 0.033842 0.209820 0.682999
0.052374 0.022967 0.178834 0.745825
0.041310 0.017550 0.158570 0.782570
0.083728 0.039878 0.218665 0.657729
0.061686 0.027913 0.189712 0.720689
0.053099 0.023496 0.177790 0.745615
0.069465 0.031976 0.203031 0.695527
0.069540 0.031779 0.205244 0.693436
0.041039 0.017435 0.156760 0.784767
0.076348 0.035914 0.210117 0.677621
0.054356 0.024052 0.179929 0.741663
0.080928 0.038202 0.217432 0.663437
0.082515 0.038959 0.218914 0.659611
0.072550 0.033415 0.208957 0.685079
0.041700 0.017715 0.158733 0.781852
0.051909 0.022864 0.176167 0.749060
0.053638 0.023708 0.177867 0.744786
0.104043 0.051499 0.243288 0.601170
0.081853 0.038556 0.219057 0.660534
0.088209 0.041783 0.228717 0.641291
0.050339 0.022075 0.173563 0.754023
0.059218 0.026796 0.186073 0.727914
0.052325 0.023047 0.177290 0.747337
0.129036 0.066098 0.265841 0.539025
0.054853 0.024245 0.181810 0.739092
0.087095 0.041241 0.226970 0.644695
0.054039 0.023911 0.180493 0.741557
0.052020 0.023018 0.176580 0.748382
0.051134 0.022405 0.175735 0.750726
0.107140 0.053137 0.245070 0.594653
0.053759 0.023679 0.180262 0.742301
0.068300 0.031143 0.202720 0.697836
0.085540 0.040379 0.225315 0.648766
0.064444 0.029420 0.197426 0.708710
0.050032 0.021940 0.173239 0.754788
0.094988 0.046334 0.232788 0.625890
0.062921 0.028471 0.193509 0.715098
0.054389 0.023956 0.181590 0.740065
0.090355 0.043260 0.231257 0.635128
0.082234 0.038999 0.222611 0.656157
0.053845 0.023825 0.180253 0.742077
0.074434 0.034939 0.206873 0.683754
0.054031 0.023908 0.180686 0.741374
0.052513 0.023009 0.178497 0.745981
0.086124 0.040904 0.226166 0.646807
0.083650 0.039758 0.223941 0.652650
0.052289 0.023112 0.176699 0.747901
0.095211 0.046457 0.230065 0.628267
0.054277 0.023991 0.181310 0.740422
0.042096 0.017884 0.158686 0.781334
0.081953 0.038694 0.219831 0.659522
0.099773 0.048892 0.242112 0.609223
0.064828 0.029490 0.197450 0.708231
0.086931 0.041770 0.221109 0.650189
0.053374 0.023509 0.179936 0.743180
0.041121 0.017470 0.155009 0.786400
0.081157 0.038228 0.219318 0.661297
0.128210 0.065518 0.268090 0.538181
0.066574 0.030393 0.200169 0.702864
0.082622 0.039450 0.217069 0.660859
0.050769 0.022245 0.174053 0.752933
0.041999 0.017842 0.158318 0.781841
0.054567 0.024119 0.181730 0.739584
0.130558 0.066878 0.266598 0.535966
0.084308 0.039798 0.224979 0.650915
0.095074 0.046315 0.234015 0.624597
0.050523 0.022156 0.173407 0.753915
0.042404 0.018015 0.159844 0.779737
0.065805 0.029935 0.197509 0.706751
0.134295 0.068893 0.269602 0.527210
0.089356 0.042782 0.227910 0.639951
0.092776 0.045174 0.231753 0.630297
0.068087 0.031115 0.201609 0.699189
0.041858 0.017783 0.157787 0.782572
0.067565 0.030845 0.200684 0.700906
0.127686 0.064960 0.264878 0.542476
0.101296 0.049738 0.237947 0.611019
0.077343 0.036811 0.209900 0.675947
0.071708 0.033027 0.206829 0.688435
0.041743 0.017734 0.158677 0.781846
0.066574 0.030392 0.198547 0.704488
0.127883 0.064698 0.267050 0.540369
0.085616 0.040777 0.222773 0.650834
0.080528 0.038479 0.217041 0.663951
0.069649 0.031927 0.204210 0.694214
0.040503 0.017207 0.155728 0.786562
0.069450 0.031875 0.203327 0.695349
0.110491 0.054594 0.251602 0.583313
0.078914 0.037121 0.213651 0.670313
0.094370 0.046133 0.235698 0.623800
0.063513 0.028853 0.194225 0.713408
0.041401 0.017589 0.158175 0.782835
0.067056 0.030576 0.200357 0.702011
0.085750 0.040727 0.226193 0.647330
0.064826 0.029490 0.194571 0.711114
0.096606 0.047289 0.236253 0.619851
