0.003056 0.000929 0.041885 0.954130
0.003053 0.000928 0.041567 0.954453
0.003056 0.000929 0.041894 0.954121
0.024182 0.009999 0.105818 0.860000
0.003056 0.000929 0.041894 0.954121
0.003056 0.000929 0.041760 0.954256
0.003056 0.000929 0.041893 0.954122
0.003611 0.001148 0.042931 0.952310
0.003056 0.000929 0.041894 0.954121
0.011137 0.004255 0.068881 0.915727
0.003056 0.000929 0.041894 0.954121
0.003029 0.000920 0.041497 0.954554
0.003056 0.000929 0.041897 0.954118
0.007136 0.002541 0.056315 0.934008
0.003032 0.000922 0.041567 0.954479
0.003862 0.001248 0.043470 0.951421
0.003056 0.000929 0.041894 0.954121
0.003616 0.001150 0.043046 0.952189
0.003006 0.000914 0.041001 0.955079
0.008946 0.003304 0.062217 0.925533
0.003052 0.000928 0.041842 0.954178
0.003699 0.001187 0.042499 0.952615
0.003056 0.000929 0.041894 0.954121
0.003932 0.001272 0.044183 0.950613
0.003017 0.000917 0.041086 0.954981
0.008603 0.003174 0.060740 0.927484
0.003056 0.000929 0.041885 0.954130
0.003040 0.000924 0.041280 0.954756
0.003056 0.000929 0.041894 0.954121
0.003902 0.001265 0.043670 0.951164
0.003051 0.000927 0.041591 0.954431
0.007543 0.002741 0.056837 0.932879
0.003056 0.000929 0.041893 0.954122
0.003051 0.000927 0.041573 0.954449
0.003056 0.000929 0.041894 0.954121
0.003867 0.001250 0.043760 0.951123
0.003055 0.000928 0.041752 0.954264
0.006669 0.002369 0.054043 0.936919
0.003056 0.000929 0.041897 0.954118
0.003688 0.001173 0.043833 0.951306
0.003032 0.000922 0.041567 0.954479
0.003696 0.001186 0.042656 0.952462
0.003052 0.000928 0.041822 0.954198
0.003951 0.001279 0.044397 0.950373
0.003006 0.000914 0.041001 0.955079
0.003939 0.001275 0.044320 0.950466
0.003052 0.000928 0.041842 0.954178
0.002963 0.000901 0.039837 0.956299
0.003654 0.001162 0.043503 0.951681
0.003948 0.001280 0.044192 0.950580
0.003041 0.000924 0.041407 0.954628
0.005109 0.001735 0.048625 0.944532
0.003056 0.000929 0.041885 0.954130
0.003027 0.000920 0.040709 0.955344
0.003883 0.001257 0.043496 0.951364
0.003877 0.001253 0.043869 0.951002
0.003054 0.000928 0.041642 0.954375
0.005459 0.001880 0.049537 0.943124
0.003056 0.000929 0.041893 0.954122
0.003007 0.000914 0.040432 0.955647
0.003931 0.001274 0.043771 0.951025
0.003751 0.001204 0.043451 0.951594
0.003056 0.000929 0.041760 0.954256
0.005218 0.001787 0.048467 0.944528
0.003056 0.000929 0.041897 0.954118
0.003037 0.000923 0.041093 0.954947
0.003835 0.001239 0.043211 0.951715
0.003056 0.000929 0.041894 0.954121
0.003052 0.000928 0.041823 0.954197
0.003877 0.001253 0.043869 0.951002
0.003006 0.000914 0.041001 0.955079
0.003632 0.001155 0.043138 0.952075
0.003740 0.001200 0.043254 0.951806
0.003032 0.000922 0.041567 0.954479
0.003692 0.001174 0.043955 0.951179
0.003751 0.001204 0.043451 0.951594
0.003041 0.000924 0.041407 0.954628
0.007106 0.002530 0.056276 0.934087
0.003002 0.000912 0.040928 0.955157
0.003052 0.000928 0.041842 0.954178
0.003951 0.001279 0.044397 0.950373
0.003056 0.000929 0.041894 0.954121
0.003031 0.000921 0.041318 0.954730
0.008703 0.003214 0.060838 0.927245
0.003673 0.001168 0.043491 0.951668
0.003056 0.000929 0.041885 0.954130
0.003948 0.001280 0.044192 0.950580
0.003056 0.000929 0.041894 0.954121
0.003052 0.000927 0.041709 0.954311
0.013191 0.005110 0.075162 0.906537
0.003948 0.001278 0.044189 0.950585
0.003056 0.000929 0.041893 0.954122
0.003877 0.001253 0.043869 0.951002
0.003056 0.000929 0.041894 0.954121
0.003028 0.000920 0.041490 0.954562
0.013087 0.005078 0.075126 0.906709
0.003888 0.001260 0.043314 0.951538
0.003056 0.000929 0.041897 0.954118
0.003751 0.001204 0.043451 0.951594
0.003056 0.000929 0.041894 0.954121
0.003647 0.001160 0.043419 0.951775
0.007297 0.002641 0.055563 0.934499
0.003811 0.001232 0.042951 0.952006
0.003006 0.000914 0.041001 0.955079
0.003056 0.000929 0.041894 0.954121
0.003056 0.000929 0.041894 0.954121
0.003940 0.001275 0.044273 0.950512
0.003861 0.001248 0.043463 0.951428
0.004761 0.001600 0.046987 0.946651
0.003041 0.000924 0.041407 0.954628
0.003032 0.000922 0.041567 0.954479
0.003056 0.000929 0.041894 0.954121
0.003889 0.001261 0.043388 0.951463
0.003662 0.001175 0.042078 0.953085
0.003944 0.001276 0.044260 0.950520
0.003054 0.000928 0.041642 0.954375
0.003052 0.000928 0.041842 0.954178
0.003056 0.000929 0.041894 0.954121
0.003821 0.001235 0.043012 0.951932
0.002991 0.000909 0.040398 0.955703
0.003936 0.001276 0.044108 0.950680
0.003032 0.000921 0.041435 0.954612
0.003056 0.000929 0.041885 0.954130
0.003032 0.000922 0.041567 0.954479
0.003656 0.001173 0.042003 0.953169
0.003035 0.000922 0.041095 0.954948
0.004921 0.001666 0.047438 0.945975
0.003049 0.000927 0.041772 0.954253
0.003032 0.000922 0.041567 0.954479
0.003052 0.000928 0.041842 0.954178
0.002990 0.000909 0.040392 0.955709
0.003589 0.001141 0.042457 0.952813
0.005129 0.001754 0.047739 0.945378
0.003690 0.001173 0.043935 0.951201
0.003053 0.000928 0.041846 0.954174
0.003056 0.000929 0.041885 0.954130
0.003035 0.000922 0.041095 0.954948
0.003909 0.001265 0.043925 0.950900
0.003931 0.001274 0.043771 0.951024
0.003950 0.001278 0.044390 0.950382
0.003006 0.000913 0.040994 0.955087
0.003056 0.000929 0.041893 0.954122
0.003685 0.001172 0.043600 0.951543
0.004983 0.001692 0.047543 0.945782
0.003875 0.001252 0.043665 0.951208
0.003948 0.001280 0.044188 0.950585
0.003017 0.000917 0.041085 0.954981
0.003056 0.000929 0.041897 0.954118
0.003876 0.001254 0.043410 0.951460
0.007481 0.002703 0.056456 0.933360
0.003748 0.001202 0.043338 0.951712
0.003822 0.001235 0.043102 0.951841
0.003051 0.000927 0.041594 0.954427
0.003006 0.000914 0.041001 0.955079
0.004978 0.001690 0.047329 0.946002
0.008015 0.002929 0.058438 0.930618
0.002980 0.000906 0.040623 0.955492
0.003737 0.001199 0.043050 0.952014
0.003006 0.000913 0.040871 0.955210
0.003041 0.000924 0.041407 0.954628
0.007593 0.002743 0.057364 0.932300
0.005329 0.001838 0.047693 0.945140
0.003666 0.001166 0.043409 0.951759
0.003054 0.000928 0.041642 0.954375
0.003037 0.000923 0.041339 0.954701
0.003054 0.000928 0.041642 0.954375
0.007873 0.002877 0.057627 0.931623
0.005034 0.001718 0.046911 0.946338
0.003947 0.001277 0.044169 0.950607
0.003056 0.000929 0.041760 0.954256
0.003689 0.001173 0.043725 0.951413
0.003056 0.000929 0.041760 0.954256
0.005308 0.001831 0.048243 0.944619
0.004780 0.001606 0.046807 0.946806
0.003943 0.001278 0.044074 0.950705
0.003052 0.000928 0.041823 0.954197
0.003846 0.001245 0.043022 0.951887
0.003052 0.000928 0.041823 0.954197
0.006807 0.002436 0.053914 0.936842
0.003888 0.001258 0.043310 0.951544
0.003826 0.001236 0.043335 0.951603
0.003692 0.001174 0.043955 0.951179
0.003913 0.001268 0.043625 0.951194
0.003692 0.001174 0.043955 0.951179
0.007220 0.002589 0.056094 0.934097
0.003896 0.001263 0.043582 0.951260
0.004695 0.001578 0.046387 0.947341
0.003951 0.001279 0.044397 0.950373
0.004976 0.001684 0.047851 0.945489
0.003951 0.001279 0.044397 0.950373
0.005582 0.001929 0.050013 0.942476
0.010466 0.003915 0.067502 0.918117
0.003932 0.001272 0.043961 0.950835
0.003948 0.001280 0.044192 0.950580
0.005200 0.001778 0.048481 0.944541
0.003948 0.001280 0.044192 0.950580
0.005301 0.001829 0.047940 0.944930
0.014527 0.005684 0.080090 0.899699
0.003904 0.001265 0.043518 0.951313
0.003877 0.001253 0.043869 0.951002
0.003936 0.001276 0.044111 0.950677
0.003877 0.001253 0.043869 0.951002
0.004990 0.001703 0.046768 0.946539
0.008964 0.003325 0.062008 0.925703
0.003865 0.001249 0.043664 0.951223
0.003751 0.001204 0.043451 0.951594
0.004911 0.001662 0.047293 0.946133
0.003751 0.001204 0.043451 0.951594
0.003651 0.001171 0.041722 0.953456
0.012316 0.004738 0.072581 0.910365
0.003687 0.001183 0.042592 0.952537
0.003056 0.000929 0.041894 0.954121
0.005197 0.001777 0.048276 0.944750
0.003056 0.000929 0.041894 0.954121
0.003012 0.000915 0.040679 0.955394
0.011302 0.004315 0.069543 0.914840
0.003603 0.001146 0.042664 0.952587
0.003056 0.000929 0.041894 0.954121
0.003905 0.001266 0.043525 0.951305
0.003032 0.000922 0.041567 0.954479
0.003023 0.000919 0.041072 0.954987
0.003890 0.001261 0.043394 0.951456
0.003931 0.001272 0.043997 0.950799
0.003056 0.000929 0.041894 0.954121
0.003865 0.001249 0.043667 0.951219
0.003029 0.000921 0.041520 0.954531
0.003610 0.001148 0.042781 0.952462
0.003861 0.001248 0.043467 0.951424
0.003884 0.001259 0.043270 0.951587
0.003056 0.000929 0.041894 0.954121
0.003740 0.001200 0.043360 0.951700
0.003052 0.000928 0.041835 0.954186
0.004872 0.001652 0.046540 0.946935
0.003750 0.001203 0.043248 0.951799
0.003850 0.001244 0.043388 0.951518
0.003032 0.000922 0.041567 0.954479
0.003691 0.001174 0.043950 0.951185
0.003032 0.000921 0.041559 0.954488
0.007612 0.002759 0.056811 0.932818
0.002983 0.000907 0.040566 0.955544
0.004773 0.001604 0.047107 0.946516
0.003052 0.000928 0.041842 0.954178
0.003951 0.001278 0.044393 0.950378
0.003053 0.000928 0.041845 0.954174
0.008278 0.003047 0.059005 0.929669
0.003033 0.000922 0.041289 0.954756
0.003855 0.001247 0.042843 0.952055
0.003056 0.000929 0.041885 0.954130
0.003892 0.001261 0.043416 0.951431
0.002983 0.000907 0.040685 0.955426
0.007421 0.002705 0.055293 0.934581
0.003688 0.001173 0.043707 0.951433
0.003912 0.001268 0.043352 0.951468
0.003056 0.000929 0.041893 0.954122
0.003862 0.001248 0.043474 0.951416
0.002990 0.000909 0.040515 0.955586
0.006861 0.002455 0.054176 0.936507
0.003946 0.001277 0.044276 0.950502
0.004979 0.001685 0.047730 0.945605
0.003056 0.000929 0.041897 0.954118
0.003713 0.001191 0.042818 0.952279
0.003039 0.000924 0.041163 0.954874
0.004999 0.001710 0.046025 0.947267
0.003894 0.001262 0.043642 0.951202
0.005190 0.001775 0.048392 0.944644
0.002983 0.000907 0.040689 0.955422
0.003052 0.000927 0.041709 0.954311
0.003006 0.000914 0.040652 0.955428
0.004934 0.001676 0.046520 0.946870
0.004895 0.001657 0.047138 0.946310
0.003882 0.001258 0.043574 0.951285
0.003013 0.000916 0.041039 0.955032
0.003052 0.000927 0.041815 0.954206
0.003013 0.000916 0.040896 0.955175
0.007465 0.002697 0.056662 0.933176
0.005192 0.001775 0.048224 0.944809
0.006941 0.002468 0.055424 0.935167
0.003050 0.000927 0.041584 0.954439
0.003691 0.001174 0.043950 0.951185
0.003613 0.001149 0.042708 0.952529
0.011241 0.004312 0.068442 0.916004
0.003904 0.001265 0.043518 0.951313
0.008208 0.003000 0.059534 0.929258
0.003055 0.000928 0.041752 0.954265
0.003951 0.001278 0.044393 0.950378
0.005064 0.001717 0.048245 0.944974
0.008102 0.002982 0.058643 0.930272
0.003865 0.001249 0.043664 0.951223
0.005629 0.001950 0.050044 0.942377
0.003052 0.000928 0.041825 0.954194
0.003851 0.001248 0.042958 0.951943
0.005542 0.001915 0.049758 0.942784
0.034108 0.014468 0.129182 0.822242
0.003687 0.001183 0.042592 0.952537
0.005269 0.001813 0.048171 0.944748
0.003630 0.001154 0.043068 0.952147
0.003854 0.001245 0.043383 0.951518
0.007618 0.002756 0.057574 0.932052
0.025432 0.010608 0.109265 0.854695
0.003673 0.001168 0.043491 0.951668
0.004799 0.001626 0.046292 0.947282
0.003879 0.001255 0.043223 0.951642
0.003749 0.001203 0.043231 0.951817
0.007656 0.002788 0.057118 0.932439
0.013895 0.005450 0.077872 0.902783
0.003948 0.001278 0.044189 0.950585
0.003040 0.000924 0.041400 0.954637
0.003932 0.001274 0.043606 0.951188
0.003055 0.000929 0.041760 0.954256
0.007215 0.002591 0.055920 0.934274
0.011839 0.004554 0.071277 0.912329
0.003888 0.001260 0.043314 0.951538
0.003054 0.000928 0.041642 0.954376
0.003872 0.001251 0.043565 0.951313
0.003053 0.000928 0.041826 0.954194
0.005448 0.001877 0.049349 0.943326
0.010856 0.004144 0.068145 0.916854
0.003811 0.001232 0.042951 0.952006
0.003056 0.000929 0.041763 0.954252
0.003701 0.001188 0.042837 0.952274
0.003630 0.001154 0.043069 0.952146
0.005130 0.001757 0.047685 0.945427
0.005068 0.001721 0.048130 0.945081
0.004761 0.001600 0.046987 0.946651
0.003003 0.000913 0.040935 0.955150
0.003675 0.001169 0.043793 0.951363
0.003934 0.001273 0.043984 0.950808
0.003818 0.001234 0.043254 0.951694
0.007580 0.002739 0.057602 0.932079
0.003944 0.001276 0.044260 0.950520
0.003674 0.001168 0.043496 0.951662
0.005040 0.001709 0.048132 0.945120
0.003947 0.001279 0.043995 0.950780
0.004764 0.001601 0.047143 0.946492
0.007792 0.002848 0.057527 0.931833
0.003936 0.001276 0.044108 0.950680
0.003949 0.001278 0.044193 0.950580
0.005570 0.001925 0.049905 0.942600
0.003873 0.001251 0.043759 0.951117
0.003948 0.001278 0.044366 0.950408
0.011666 0.004437 0.070872 0.913025
0.004988 0.001688 0.048079 0.945245
0.003944 0.001278 0.044081 0.950697
0.005447 0.001879 0.049285 0.943390
0.003742 0.001201 0.043379 0.951679
0.003947 0.001279 0.044180 0.950593
0.013819 0.005381 0.077611 0.903189
0.005146 0.001760 0.047903 0.945190
0.003866 0.001249 0.043794 0.951091
0.005020 0.001713 0.047209 0.946058
0.003692 0.001174 0.043955 0.951179
0.003822 0.001235 0.043098 0.951845
0.008167 0.002991 0.059082 0.929760
0.003891 0.001261 0.043327 0.951522
0.004721 0.001587 0.046718 0.946974
0.003736 0.001199 0.043047 0.952017
0.003951 0.001279 0.044397 0.950373
0.003688 0.001183 0.042322 0.952807
0.005339 0.001837 0.048818 0.944006
0.003828 0.001237 0.043132 0.951803
0.003942 0.001276 0.044299 0.950484
0.003006 0.000914 0.040772 0.955309
0.003948 0.001280 0.044192 0.950580
0.003039 0.000924 0.041168 0.954869
0.004812 0.001630 0.046418 0.947140
0.003739 0.001200 0.043238 0.951823
0.003904 0.001265 0.043698 0.951132
0.003040 0.000924 0.041280 0.954756
0.003837 0.001240 0.043412 0.951512
0.003054 0.000928 0.041512 0.954506
0.002971 0.000903 0.040254 0.955872
0.003028 0.000920 0.041489 0.954562
0.003868 0.001250 0.043770 0.951112
0.003051 0.000927 0.041573 0.954449
0.003744 0.001201 0.043366 0.951689
0.003052 0.000927 0.041690 0.954330
0.003035 0.000923 0.041118 0.954924
0.003684 0.001172 0.043863 0.951282
0.003749 0.001203 0.043429 0.951619
0.003688 0.001173 0.043833 0.951306
0.003056 0.000929 0.041885 0.954130
0.003682 0.001171 0.043880 0.951267
0.003053 0.000928 0.041505 0.954514
0.003889 0.001259 0.043565 0.951287
0.003006 0.000914 0.041001 0.955079
0.003939 0.001275 0.044320 0.950466
0.003056 0.000929 0.041893 0.954122
0.005114 0.001734 0.048846 0.944305
0.003028 0.000920 0.041366 0.954686
0.003880 0.001258 0.043056 0.951807
0.003041 0.000924 0.041410 0.954625
0.005109 0.001735 0.048625 0.944532
0.003056 0.000929 0.041897 0.954118
0.005594 0.001933 0.050123 0.942349
0.003675 0.001169 0.043793 0.951364
0.003861 0.001248 0.043283 0.951609
0.002983 0.000907 0.040461 0.955649
0.005459 0.001880 0.049537 0.943124
0.003006 0.000914 0.041001 0.955079
0.005455 0.001882 0.049365 0.943298
0.005024 0.001703 0.047944 0.945329
0.003629 0.001164 0.041624 0.953583
0.003013 0.000916 0.040913 0.955159
0.005218 0.001787 0.048467 0.944528
0.002997 0.000911 0.040813 0.955280
0.005088 0.001736 0.047915 0.945260
0.005484 0.001895 0.049010 0.943611
0.003029 0.000921 0.041115 0.954935
0.003046 0.000926 0.041515 0.954512
0.003877 0.001253 0.043869 0.951002
0.003047 0.000926 0.041542 0.954485
0.003751 0.001204 0.043451 0.951594
0.005423 0.001870 0.048983 0.943724
0.003677 0.001169 0.043614 0.951541
0.003686 0.001172 0.043808 0.951333
0.003751 0.001204 0.043451 0.951594
0.003054 0.000928 0.041743 0.954274
0.003056 0.000929 0.041894 0.954121
0.005003 0.001707 0.047069 0.946220
0.005092 0.001726 0.048665 0.944517
0.003938 0.001274 0.044309 0.950478
0.003056 0.000929 0.041894 0.954121
0.003052 0.000928 0.041821 0.954199
0.003056 0.000929 0.041894 0.954121
0.003727 0.001196 0.042975 0.952102
0.005552 0.001918 0.049929 0.942601
0.004957 0.001683 0.047138 0.946222
0.003056 0.000929 0.041894 0.954121
0.003692 0.001174 0.043954 0.951181
0.003056 0.000929 0.041894 0.954121
0.003651 0.001161 0.043276 0.951912
0.007351 0.002659 0.055423 0.934566
0.005269 0.001815 0.047641 0.945274
0.003056 0.000929 0.041894 0.954121
0.003817 0.001235 0.042485 0.952463
0.003032 0.000922 0.041567 0.954479
0.003879 0.001255 0.043392 0.951474
0.007733 0.002816 0.057156 0.932295
0.005098 0.001746 0.047111 0.946045
0.003056 0.000929 0.041894 0.954121
0.003915 0.001269 0.043329 0.951487
0.003052 0.000928 0.041842 0.954178
0.003919 0.001270 0.043697 0.951113
0.005204 0.001782 0.048094 0.944920
0.003822 0.001235 0.043002 0.951941
0.003056 0.000929 0.041894 0.954121
0.003836 0.001239 0.043016 0.951908
0.003056 0.000929 0.041885 0.954130
0.004979 0.001685 0.047878 0.945458
0.003871 0.001251 0.043653 0.951225
0.003693 0.001185 0.042737 0.952386
0.003032 0.000922 0.041567 0.954479
0.003739 0.001200 0.043151 0.951910
0.003056 0.000929 0.041893 0.954122
0.005200 0.001778 0.048484 0.944538
0.003731 0.001197 0.043309 0.951763
0.003612 0.001149 0.042893 0.952347
0.003052 0.000928 0.041842 0.954178
0.003048 0.000926 0.041753 0.954273
0.003033 0.000922 0.041570 0.954475
0.003880 0.001258 0.043343 0.951519
0.004592 0.001532 0.046260 0.947617
0.004999 0.001695 0.047539 0.945768
0.003032 0.000921 0.041559 0.954487
0.004650 0.001551 0.046853 0.946945
0.003003 0.000913 0.040953 0.955132
0.004965 0.001680 0.047703 0.945652
0.005592 0.001932 0.049857 0.942619
0.005400 0.001866 0.048136 0.944598
0.003052 0.000928 0.041842 0.954178
0.005611 0.001939 0.050027 0.942424
0.003040 0.000924 0.041400 0.954637
0.005211 0.001782 0.048451 0.944556
0.005532 0.001917 0.049111 0.943440
0.005319 0.001835 0.047894 0.944953
0.003056 0.000929 0.041889 0.954127
0.005544 0.001921 0.049186 0.943349
0.003031 0.000921 0.041318 0.954731
0.003944 0.001278 0.044081 0.950697
0.005304 0.001825 0.048537 0.944334
0.004962 0.001693 0.046531 0.946814
0.003006 0.000914 0.041001 0.955079
0.005305 0.001825 0.048399 0.944471
0.003052 0.000928 0.041712 0.954308
0.003826 0.001236 0.043339 0.951599
0.004846 0.001642 0.046950 0.946561
0.004718 0.001586 0.046511 0.947185
0.003041 0.000924 0.041410 0.954625
0.004848 0.001643 0.046839 0.946670
0.003002 0.000912 0.040928 0.955157
0.004768 0.001602 0.047183 0.946447
0.003593 0.001142 0.042627 0.952638
0.004987 0.001691 0.047701 0.945622
0.003006 0.000914 0.040772 0.955309
0.003650 0.001161 0.043382 0.951806
0.003635 0.001156 0.043044 0.952165
0.003949 0.001278 0.044373 0.950400
0.003883 0.001257 0.043415 0.951445
0.007595 0.002753 0.057217 0.932435
0.003040 0.000924 0.041280 0.954756
0.003930 0.001272 0.044222 0.950575
0.003940 0.001275 0.044091 0.950694
0.003948 0.001280 0.044184 0.950588
0.003882 0.001258 0.043126 0.951734
0.012995 0.005022 0.075687 0.906295
0.003027 0.000920 0.041250 0.954803
0.005103 0.001733 0.048574 0.944590
0.003845 0.001246 0.042837 0.952072
0.003836 0.001240 0.043408 0.951516
0.003816 0.001233 0.042892 0.952059
0.022683 0.009279 0.102992 0.865046
0.003681 0.001171 0.043745 0.951403
0.005313 0.001830 0.048216 0.944641
0.003803 0.001229 0.042861 0.952106
0.003691 0.001184 0.042597 0.952528
0.003733 0.001198 0.043089 0.951980
0.013517 0.005262 0.077011 0.904210
0.003858 0.001249 0.043413 0.951480
0.005181 0.001774 0.048126 0.944919
0.004756 0.001598 0.046935 0.946710
0.003040 0.000924 0.041400 0.954637
0.003626 0.001153 0.042937 0.952284
0.007648 0.002788 0.056974 0.932589
0.005072 0.001722 0.048282 0.944924
0.003818 0.001234 0.043061 0.951887
0.003885 0.001257 0.043458 0.951399
0.003054 0.000928 0.041642 0.954376
0.003827 0.001238 0.042686 0.952249
0.006772 0.002423 0.053303 0.937503
0.005444 0.001875 0.049402 0.943279
0.003736 0.001199 0.043038 0.952027
0.003879 0.001257 0.043244 0.951621
0.003056 0.000929 0.041763 0.954252
0.005054 0.001716 0.047848 0.945382
0.005176 0.001770 0.048126 0.944928
0.005143 0.001761 0.047724 0.945371
0.003055 0.000928 0.041648 0.954368
0.004824 0.001633 0.046332 0.947211
0.002960 0.000900 0.040359 0.955781
0.005349 0.001843 0.048451 0.944357
0.003898 0.001263 0.043566 0.951273
0.003861 0.001248 0.043466 0.951425
0.002950 0.000897 0.039815 0.956338
0.005093 0.001742 0.047267 0.945899
0.003659 0.001164 0.043326 0.951851
0.005149 0.001764 0.047858 0.945229
0.003817 0.001233 0.043242 0.951708
0.003670 0.001178 0.041890 0.953262
0.002997 0.000911 0.040506 0.955587
0.003841 0.001245 0.042647 0.952268
0.003945 0.001277 0.044145 0.950634
0.004952 0.001676 0.047766 0.945606
0.004762 0.001600 0.047119 0.946519
0.003027 0.000920 0.040813 0.955240
0.003681 0.001171 0.043407 0.951741
0.004867 0.001647 0.046821 0.946665
0.003900 0.001264 0.043596 0.951239
0.006975 0.002501 0.054486 0.936038
0.003814 0.001234 0.042461 0.952491
0.003051 0.000927 0.041330 0.954692
0.003942 0.001276 0.044151 0.950632
0.005007 0.001712 0.046772 0.946509
0.003857 0.001246 0.043696 0.951200
0.005510 0.001904 0.049421 0.943166
0.003914 0.001269 0.043319 0.951499
0.003687 0.001172 0.043721 0.951420
0.003923 0.001272 0.044032 0.950774
0.004953 0.001682 0.047091 0.946275
0.004665 0.001568 0.045877 0.947890
0.007629 0.002760 0.057498 0.932114
0.003786 0.001223 0.042304 0.952687
0.003884 0.001257 0.043771 0.951089
0.006837 0.002430 0.054706 0.936027
0.007556 0.002730 0.057081 0.932633
0.003923 0.001270 0.043593 0.951214
0.007657 0.002788 0.056861 0.932694
0.003679 0.001180 0.042054 0.953087
0.007154 0.002551 0.056291 0.934004
0.008028 0.002934 0.058413 0.930625
0.007818 0.002857 0.057277 0.932048
0.003949 0.001280 0.043808 0.950963
0.005168 0.001770 0.048158 0.944904
0.003031 0.000921 0.041037 0.955010
0.008711 0.003207 0.061330 0.926753
0.005514 0.001910 0.048827 0.943749
0.005308 0.001831 0.047842 0.945019
0.003818 0.001234 0.042911 0.952037
0.004907 0.001661 0.047247 0.946185
0.004631 0.001545 0.046527 0.947296
0.008185 0.002998 0.059214 0.929603
0.005298 0.001823 0.048388 0.944491
0.006777 0.002425 0.053642 0.937155
0.003680 0.001181 0.042486 0.952653
0.005195 0.001777 0.048253 0.944776
0.005551 0.001918 0.049739 0.942791
0.005342 0.001838 0.048841 0.943979
0.004836 0.001638 0.046850 0.946676
0.007090 0.002543 0.055421 0.934947
0.004713 0.001572 0.047413 0.946301
0.003946 0.001279 0.043990 0.950785
0.007587 0.002757 0.056574 0.933082
0.004814 0.001631 0.046433 0.947122
0.003682 0.001171 0.043875 0.951272
0.005486 0.001896 0.049502 0.943116
0.005612 0.001939 0.050223 0.942226
0.003780 0.001221 0.042560 0.952439
0.012577 0.004848 0.074052 0.908523
0.002997 0.000911 0.040813 0.955280
0.005113 0.001733 0.048828 0.944326
0.011589 0.004407 0.071708 0.912296
0.005591 0.001937 0.049895 0.942577
0.003683 0.001182 0.042474 0.952661
0.012126 0.004686 0.071791 0.911397
0.003047 0.000926 0.041542 0.954485
0.005512 0.001905 0.049368 0.943215
0.023076 0.009442 0.104486 0.862996
0.007485 0.002700 0.057028 0.932787
0.003680 0.001170 0.043621 0.951529
0.007575 0.002740 0.057252 0.932432
0.003054 0.000928 0.041743 0.954274
0.005432 0.001874 0.049019 0.943676
0.023552 0.009682 0.103020 0.863746
0.007322 0.002647 0.055854 0.934177
0.003944 0.001276 0.044253 0.950527
0.007753 0.002823 0.057719 0.931704
0.003052 0.000928 0.041821 0.954199
0.005082 0.001734 0.047743 0.945442
0.014666 0.005757 0.079900 0.899678
0.003933 0.001275 0.043794 0.950998
0.003894 0.001262 0.043635 0.951209
0.007138 0.002563 0.055443 0.934856
0.003692 0.001174 0.043954 0.951181
0.003748 0.001203 0.043341 0.951709
0.012153 0.004681 0.072296 0.910870
0.003876 0.001252 0.043672 0.951200
0.004894 0.001656 0.047123 0.946327
0.005431 0.001871 0.049153 0.943545
0.003857 0.001248 0.042940 0.951955
0.003029 0.000920 0.041497 0.954554
0.005017 0.001712 0.047243 0.946028
0.003710 0.001191 0.042907 0.952192
0.005125 0.001753 0.047541 0.945582
0.005074 0.001738 0.046972 0.946216
0.003923 0.001272 0.043425 0.951381
0.003647 0.001160 0.043423 0.951770
0.003743 0.001201 0.043362 0.951694
0.003025 0.000919 0.041450 0.954606
0.003931 0.001274 0.043598 0.951197
0.003811 0.001231 0.042834 0.952124
0.003878 0.001253 0.043491 0.951378
0.003940 0.001275 0.044276 0.950509
0.002972 0.000903 0.040223 0.955902
0.003646 0.001159 0.043406 0.951789
0.003831 0.001238 0.043107 0.951824
0.003732 0.001197 0.043079 0.951992
0.003747 0.001202 0.043240 0.951810
0.003946 0.001279 0.044161 0.950614
0.003027 0.000920 0.040934 0.955118
0.003940 0.001275 0.044269 0.950516
0.003679 0.001181 0.042429 0.952711
0.003649 0.001160 0.043360 0.951831
0.003024 0.000919 0.041433 0.954623
0.003836 0.001239 0.043402 0.951523
0.003031 0.000921 0.041077 0.954971
0.003945 0.001279 0.044158 0.950618
0.003663 0.001165 0.043404 0.951769
0.003888 0.001258 0.043743 0.951111
0.004723 0.001576 0.047636 0.946066
0.003655 0.001173 0.042180 0.952993
0.003004 0.000913 0.040712 0.955371
0.003821 0.001235 0.043092 0.951852
0.005101 0.001730 0.048614 0.944555
0.005003 0.001699 0.047580 0.945718
0.005554 0.001919 0.049645 0.942882
0.002990 0.000909 0.040509 0.955593
0.003032 0.000922 0.041269 0.954777
0.003687 0.001183 0.042319 0.952810
0.005489 0.001897 0.049235 0.943379
0.005354 0.001844 0.048407 0.944395
0.005607 0.001943 0.049853 0.942597
0.003039 0.000923 0.041160 0.954877
0.004726 0.001577 0.047544 0.946153
0.002994 0.000910 0.040345 0.955751
0.005328 0.001838 0.048349 0.944485
0.005055 0.001731 0.046712 0.946502
0.005336 0.001836 0.048788 0.944040
0.003054 0.000928 0.041515 0.954503
0.005465 0.001888 0.048906 0.943740
0.003039 0.000924 0.041044 0.954993
0.006976 0.002496 0.054912 0.935615
0.003766 0.001217 0.042227 0.952790
0.004751 0.001610 0.045832 0.947807
0.003003 0.000913 0.040816 0.955269
0.005476 0.001897 0.048846 0.943781
0.003050 0.000927 0.041445 0.954578
0.005209 0.001781 0.048428 0.944582
0.003667 0.001177 0.042049 0.953108
0.003014 0.000916 0.041042 0.955029
0.003607 0.001147 0.042586 0.952660
0.007278 0.002626 0.055461 0.934636
0.003679 0.001170 0.043758 0.951393
0.003901 0.001265 0.043607 0.951228
0.003623 0.001152 0.042735 0.952490
0.002979 0.000905 0.040411 0.955705
0.005077 0.001721 0.048227 0.944975
0.007346 0.002655 0.055968 0.934031
0.005084 0.001724 0.048720 0.944472
0.003804 0.001229 0.042943 0.952024
0.005064 0.001717 0.048285 0.944934
0.003036 0.000923 0.041223 0.954819
0.005560 0.001921 0.049786 0.942733
0.003941 0.001277 0.044050 0.950731
0.007807 0.002829 0.058028 0.931336
0.004756 0.001598 0.046894 0.946752
0.005333 0.001843 0.047797 0.945027
0.003050 0.000927 0.041569 0.954454
0.005401 0.001863 0.049092 0.943644
0.003781 0.001222 0.042410 0.952588
0.008576 0.003157 0.060635 0.927632
0.003948 0.001278 0.044185 0.950589
0.007344 0.002657 0.055669 0.934331
0.003627 0.001153 0.042951 0.952269
0.006967 0.002493 0.055175 0.935365
0.004685 0.001574 0.045970 0.947770
0.007838 0.002857 0.057901 0.931403
0.003943 0.001278 0.044077 0.950702
0.011357 0.004341 0.069339 0.914963
0.003868 0.001252 0.043147 0.951733
0.007279 0.002610 0.056550 0.933561
0.003887 0.001258 0.043145 0.951710
0.005019 0.001713 0.047262 0.946006
0.003812 0.001232 0.043031 0.951926
0.007647 0.002795 0.056284 0.933274
0.005000 0.001698 0.047276 0.946027
0.005594 0.001933 0.050123 0.942349
0.003925 0.001272 0.043571 0.951232
0.003707 0.001189 0.042935 0.952169
0.004760 0.001600 0.046936 0.946704
0.005317 0.001834 0.048376 0.944472
0.005405 0.001862 0.048865 0.943868
0.005455 0.001882 0.049365 0.943298
0.003813 0.001232 0.043072 0.951883
0.002979 0.000905 0.040637 0.955478
0.003949 0.001278 0.044193 0.950580
0.009966 0.003748 0.064886 0.921400
0.005095 0.001745 0.047396 0.945765
0.005088 0.001736 0.047915 0.945260
0.006527 0.002303 0.053820 0.937351
0.003036 0.000923 0.041350 0.954691
0.003944 0.001278 0.044081 0.950697
0.012238 0.004695 0.073004 0.910063
0.004930 0.001669 0.047691 0.945710
0.003751 0.001204 0.043451 0.951594
0.005512 0.001905 0.049445 0.943138
0.003054 0.000928 0.041637 0.954380
0.003866 0.001249 0.043794 0.951091
0.008632 0.003192 0.060566 0.927609
0.007186 0.002577 0.056168 0.934069
0.003056 0.000929 0.041894 0.954121
0.007931 0.002882 0.058562 0.930624
0.003006 0.000914 0.040881 0.955199
0.004669 0.001569 0.046196 0.947567
0.012342 0.004762 0.073095 0.909800
0.007798 0.002826 0.057960 0.931416
0.003056 0.000929 0.041894 0.954121
0.008335 0.003060 0.059748 0.928857
0.002991 0.000909 0.040501 0.955599
0.003934 0.001273 0.044204 0.950589
0.011503 0.004427 0.069645 0.914424
0.008566 0.003153 0.060562 0.927719
0.003056 0.000929 0.041894 0.954121
0.007266 0.002629 0.055501 0.934603
0.003615 0.001150 0.042457 0.952778
0.003902 0.001265 0.043675 0.951158
0.006908 0.002481 0.053844 0.936767
0.007719 0.002814 0.057150 0.932317
0.003056 0.000929 0.041894 0.954121
0.003851 0.001245 0.043402 0.951502
0.003886 0.001258 0.043210 0.951646
0.003868 0.001250 0.043762 0.951120
0.005356 0.001845 0.048678 0.944121
0.005067 0.001729 0.047557 0.945648
0.003056 0.000929 0.041894 0.954121
0.004776 0.001605 0.047133 0.946486
0.003922 0.001271 0.043716 0.951090
0.003749 0.001203 0.043427 0.951621
0.007016 0.002520 0.054735 0.935730
0.003750 0.001203 0.043248 0.951799
0.003056 0.000929 0.041894 0.954121
0.003946 0.001277 0.044284 0.950493
0.004942 0.001673 0.047801 0.945585
0.002972 0.000903 0.040229 0.955896
0.007580 0.002738 0.057403 0.932279
0.002983 0.000907 0.040566 0.955544
0.003056 0.000929 0.041894 0.954121
0.003895 0.001262 0.043646 0.951197
0.007071 0.002536 0.055270 0.935124
0.002968 0.000902 0.040124 0.956006
0.007742 0.002829 0.056885 0.932544
0.003010 0.000915 0.040972 0.955104
0.003032 0.000922 0.041567 0.954479
0.004973 0.001683 0.047937 0.945406
0.007894 0.002861 0.058676 0.930569
0.002997 0.000911 0.040409 0.955683
0.007453 0.002696 0.056246 0.933606
0.003680 0.001170 0.043621 0.951529
0.003052 0.000928 0.041842 0.954178
0.005214 0.001783 0.048582 0.944420
0.008461 0.003114 0.060008 0.928418
0.003039 0.000924 0.041133 0.954904
0.007744 0.002820 0.057363 0.932073
0.003944 0.001276 0.044253 0.950527
0.003056 0.000929 0.041885 0.954130
0.003948 0.001280 0.044184 0.950588
0.007654 0.002790 0.056557 0.932999
0.003046 0.000926 0.041507 0.954521
0.005125 0.001755 0.047473 0.945647
0.003936 0.001276 0.044104 0.950684
0.003056 0.000929 0.041893 0.954122
0.003877 0.001253 0.043864 0.951006
0.005063 0.001728 0.047569 0.945640
0.004720 0.001575 0.047615 0.946090
0.003848 0.001243 0.043294 0.951615
0.004910 0.001662 0.047277 0.946151
0.003056 0.000929 0.041897 0.954118
0.003630 0.001165 0.041897 0.953308
0.003694 0.001185 0.042559 0.952561
0.005475 0.001892 0.048587 0.944047
0.004682 0.001573 0.046251 0.947494
0.005130 0.001754 0.047589 0.945526
0.003006 0.000914 0.041001 0.955079
0.003033 0.000922 0.041308 0.954737
0.003037 0.000923 0.041339 0.954701
0.007877 0.002863 0.057979 0.931281
0.005000 0.001695 0.047631 0.945674
0.003932 0.001274 0.043606 0.951188
0.003041 0.000924 0.041407 0.954628
0.003053 0.000928 0.041625 0.954394
0.003689 0.001173 0.043725 0.951413
0.008289 0.003043 0.059422 0.929247
0.005446 0.001882 0.048897 0.943775
0.003831 0.001238 0.043111 0.951820
0.003054 0.000928 0.041642 0.954375
0.003055 0.000929 0.041759 0.954258
0.003888 0.001258 0.043486 0.951367
0.007163 0.002592 0.054900 0.935345
0.007568 0.002738 0.057199 0.932495
0.003731 0.001197 0.043186 0.951886
0.003032 0.000921 0.041435 0.954612
0.003053 0.000928 0.041829 0.954190
0.003921 0.001271 0.043720 0.951088
0.003833 0.001239 0.043567 0.951361
0.007753 0.002823 0.057715 0.931709
0.003681 0.001170 0.043861 0.951288
0.003049 0.000927 0.041772 0.954253
0.003555 0.001130 0.041904 0.953411
0.004981 0.001686 0.047898 0.945435
0.010077 0.003742 0.066820 0.919361
0.007256 0.002606 0.056242 0.933897
0.005112 0.001733 0.048825 0.944330
0.003690 0.001173 0.043935 0.951201
0.003915 0.001267 0.043504 0.951314
0.005202 0.001779 0.048503 0.944515
0.008628 0.003190 0.059367 0.928814
0.005379 0.001853 0.048778 0.943991
0.005592 0.001932 0.050098 0.942378
0.003908 0.001265 0.043911 0.950917
0.003947 0.001279 0.043789 0.950984
0.003937 0.001276 0.044116 0.950672
0.008737 0.003240 0.059981 0.928042
0.005133 0.001758 0.047467 0.945642
0.005381 0.001856 0.048659 0.944104
0.003898 0.001263 0.043627 0.951212
0.003796 0.001227 0.042810 0.952168
0.004923 0.001666 0.047454 0.945957
0.007919 0.002902 0.057470 0.931709
0.003861 0.001248 0.043287 0.951604
0.005069 0.001730 0.047578 0.945624
0.003813 0.001232 0.042994 0.951961
0.003717 0.001193 0.043145 0.951945
0.005072 0.001735 0.047260 0.945933
0.006699 0.002395 0.053352 0.937553
0.003710 0.001190 0.042711 0.952390
0.003750 0.001203 0.043251 0.951796
0.003697 0.001186 0.042597 0.952520
0.004584 0.001529 0.046185 0.947702
0.003930 0.001274 0.043981 0.950816
0.003055 0.000929 0.041656 0.954360
0.003024 0.000919 0.041319 0.954737
0.003012 0.000915 0.041159 0.954914
0.003051 0.000927 0.041594 0.954428
0.005506 0.001903 0.049096 0.943496
0.003873 0.001251 0.043818 0.951058
0.002932 0.000891 0.038712 0.957465
0.003674 0.001168 0.043775 0.951383
0.003002 0.000912 0.041135 0.954951
0.003006 0.000914 0.040874 0.955206
0.005587 0.001936 0.049593 0.942885
0.003750 0.001203 0.043437 0.951610
0.002965 0.000901 0.039235 0.956899
0.005107 0.001731 0.048775 0.944386
0.003675 0.001168 0.043748 0.951409
0.002990 0.000909 0.040499 0.955602
0.005088 0.001750 0.046313 0.946848
0.003007 0.000914 0.041007 0.955072
0.003682 0.001171 0.042689 0.952458
0.005589 0.001931 0.050071 0.942409
0.003945 0.001277 0.044336 0.950442
0.003671 0.001167 0.043275 0.951886
0.004797 0.001625 0.046078 0.947500
0.002963 0.000901 0.039837 0.956300
0.003945 0.001277 0.043807 0.950971
0.005378 0.001855 0.048637 0.944130
0.003869 0.001254 0.043298 0.951579
0.003888 0.001258 0.043305 0.951549
0.003629 0.001154 0.042630 0.952587
0.003026 0.000920 0.040706 0.955347
0.003892 0.001261 0.043799 0.951047
0.004943 0.001687 0.046322 0.947049
0.003707 0.001198 0.041537 0.953559
0.003917 0.001270 0.043615 0.951198
0.003874 0.001254 0.043020 0.951851
0.003010 0.000915 0.040676 0.955400
0.017559 0.006920 0.090368 0.885152
0.003729 0.001196 0.042776 0.952299
0.003644 0.001169 0.041272 0.953914
0.004888 0.001654 0.047144 0.946314
0.003908 0.001267 0.043456 0.951370
0.003022 0.000918 0.041148 0.954912
0.051580 0.022738 0.162712 0.762971
0.003053 0.000928 0.041505 0.954514
0.003026 0.000920 0.040470 0.955585
0.007184 0.002576 0.056011 0.934229
0.006692 0.002379 0.053633 0.937296
0.003662 0.001164 0.043687 0.951487
0.031425 0.013342 0.121886 0.833347
0.003052 0.000927 0.041690 0.954331
0.003055 0.000928 0.041154 0.954863
0.005550 0.001918 0.049915 0.942617
0.007956 0.002908 0.058290 0.930846
0.007175 0.002555 0.056610 0.933660
0.025337 0.010567 0.108520 0.855576
0.003682 0.001171 0.043879 0.951268
0.002968 0.000902 0.039897 0.956233
0.007683 0.002779 0.057836 0.931702
0.007831 0.002846 0.058259 0.931064
0.008982 0.003317 0.062317 0.925383
0.016070 0.006438 0.082581 0.894911
0.005029 0.001705 0.047993 0.945273
0.004530 0.001511 0.045273 0.948685
0.007860 0.002862 0.058144 0.931134
0.012681 0.004887 0.074871 0.907561
0.008306 0.003065 0.058535 0.930094
0.004693 0.001577 0.046442 0.947287
0.005567 0.001924 0.049753 0.942757
0.011754 0.004478 0.071266 0.912502
0.005148 0.001763 0.047767 0.945322
0.012337 0.004768 0.073472 0.909423
0.007416 0.002694 0.055531 0.934359
0.003938 0.001274 0.044250 0.950538
0.005445 0.001878 0.049185 0.943492
0.015263 0.006037 0.082276 0.896424
0.003862 0.001248 0.043474 0.951416
0.011760 0.004472 0.071444 0.912323
0.004791 0.001623 0.045849 0.947737
0.003888 0.001260 0.043381 0.951470
0.005073 0.001731 0.047792 0.945404
0.013799 0.005426 0.077914 0.902861
0.003750 0.001203 0.043251 0.951796
0.013876 0.005404 0.077933 0.902788
0.003051 0.000927 0.041338 0.954684
0.003821 0.001235 0.043009 0.951935
0.003742 0.001201 0.043379 0.951679
0.031884 0.013528 0.125336 0.829252
0.003056 0.000929 0.041760 0.954256
0.007905 0.002895 0.057186 0.932014
0.003047 0.000926 0.041622 0.954405
0.003598 0.001154 0.041065 0.954183
0.003622 0.001152 0.043121 0.952106
0.039308 0.016804 0.140379 0.803509
0.003052 0.000928 0.041823 0.954197
0.005235 0.001801 0.047862 0.945103
0.004626 0.001543 0.046746 0.947085
0.002977 0.000905 0.039928 0.956189
0.003934 0.001273 0.044204 0.950589
0.016118 0.006375 0.084857 0.892650
0.003692 0.001174 0.043955 0.951179
0.004852 0.001644 0.046878 0.946626
0.007957 0.002884 0.058977 0.930182
0.002975 0.000904 0.040047 0.956074
0.003944 0.001278 0.044144 0.950633
0.014407 0.005665 0.078696 0.901231
0.003951 0.001279 0.044397 0.950373
0.003006 0.000913 0.040994 0.955087
0.008779 0.003246 0.061162 0.926813
0.003663 0.001165 0.043239 0.951933
0.003876 0.001252 0.043854 0.951018
0.011526 0.004422 0.070116 0.913936
0.003948 0.001280 0.044192 0.950580
0.003041 0.000924 0.041413 0.954621
0.008240 0.003028 0.059203 0.929528
0.003858 0.001249 0.043273 0.951620
0.003713 0.001191 0.043012 0.952084
0.004859 0.001646 0.046957 0.946537
0.003877 0.001253 0.043869 0.951002
0.002951 0.000897 0.039725 0.956426
0.007074 0.002549 0.055001 0.935376
0.006832 0.002437 0.054102 0.936630
0.002969 0.000902 0.040182 0.955947
0.003052 0.000928 0.041822 0.954198
0.003751 0.001204 0.043451 0.951594
0.002981 0.000906 0.039978 0.956135
0.004770 0.001603 0.047203 0.946424
0.012785 0.004942 0.073981 0.908293
0.003027 0.000920 0.040927 0.955126
0.003692 0.001174 0.043954 0.951180
0.003032 0.000922 0.041567 0.954479
0.003035 0.000923 0.040863 0.955179
0.003939 0.001275 0.044320 0.950466
0.013245 0.005182 0.075194 0.906379
0.003031 0.000921 0.041074 0.954975
0.003850 0.001246 0.043126 0.951778
0.003052 0.000928 0.041842 0.954178
0.003684 0.001172 0.043492 0.951653
0.005109 0.001735 0.048625 0.944532
0.008028 0.002950 0.058016 0.931006
0.003029 0.000921 0.041264 0.954786
0.003924 0.001272 0.043698 0.951106
0.003056 0.000929 0.041885 0.954130
0.003879 0.001255 0.043656 0.951209
0.005459 0.001880 0.049537 0.943124
0.010174 0.003848 0.066153 0.919824
0.002995 0.000910 0.040820 0.955275
0.003874 0.001252 0.043650 0.951224
0.003056 0.000929 0.041893 0.954122
0.006935 0.002473 0.055045 0.935546
0.005147 0.001763 0.047812 0.945278
0.010521 0.003966 0.067500 0.918014
0.004643 0.001549 0.046665 0.947144
0.003678 0.001180 0.042531 0.952611
0.003056 0.000929 0.041897 0.954118
0.013168 0.005090 0.075465 0.906277
0.003869 0.001250 0.043776 0.951105
0.008419 0.003109 0.060040 0.928432
0.005602 0.001936 0.049992 0.942471
0.003045 0.000925 0.041726 0.954303
0.003006 0.000914 0.041001 0.955079
0.014148 0.005535 0.078576 0.901740
0.003712 0.001191 0.042997 0.952100
0.041373 0.017771 0.144650 0.796206
0.005444 0.001886 0.048438 0.944232
0.003590 0.001142 0.042596 0.952673
0.003041 0.000924 0.041407 0.954628
0.008275 0.003041 0.059410 0.929275
0.003052 0.000928 0.041842 0.954178
0.049701 0.022112 0.155982 0.772205
0.005207 0.001791 0.047570 0.945432
0.003882 0.001256 0.043405 0.951456
0.003031 0.000921 0.041318 0.954730
0.006997 0.002522 0.054469 0.936012
0.003056 0.000929 0.041889 0.954127
0.024030 0.009964 0.105260 0.860745
0.006479 0.002301 0.052442 0.938778
0.003935 0.001276 0.043869 0.950920
0.003052 0.000927 0.041709 0.954311
0.004759 0.001599 0.046922 0.946720
0.003006 0.000914 0.041001 0.955079
0.007774 0.002849 0.056782 0.932595
0.003879 0.001255 0.043204 0.951662
0.003787 0.001224 0.042368 0.952621
0.003052 0.000927 0.041815 0.954206
0.003892 0.001259 0.043408 0.951441
0.003017 0.000917 0.041088 0.954977
0.009841 0.003692 0.064716 0.921751
0.003915 0.001269 0.043588 0.951228
0.003718 0.001193 0.042598 0.952492
0.003621 0.001152 0.043116 0.952111
0.003887 0.001260 0.043222 0.951632
0.003002 0.000912 0.040724 0.955361
0.003946 0.001277 0.044165 0.950611
0.004877 0.001651 0.046985 0.946487
0.003632 0.001155 0.042667 0.952546
0.003892 0.001260 0.043737 0.951112
0.003857 0.001246 0.043508 0.951388
0.003016 0.000917 0.040952 0.955116
0.003887 0.001260 0.043307 0.951546
0.007039 0.002524 0.054865 0.935571
0.003875 0.001254 0.043034 0.951836
0.003879 0.001257 0.043281 0.951582
0.004766 0.001601 0.047161 0.946472
0.003047 0.000926 0.041522 0.954505
0.003811 0.001231 0.042947 0.952010
0.005447 0.001882 0.048872 0.943799
0.003908 0.001267 0.043464 0.951361
0.003859 0.001247 0.043440 0.951455
0.003938 0.001275 0.044313 0.950474
0.003687 0.001172 0.043812 0.951329
0.004631 0.001556 0.045627 0.948186
0.007418 0.002684 0.056075 0.933823
0.006887 0.002448 0.055199 0.935466
0.003749 0.001203 0.043241 0.951807
0.005107 0.001734 0.048606 0.944553
0.003880 0.001256 0.043511 0.951354
0.003919 0.001268 0.043756 0.951056
0.007685 0.002798 0.057265 0.932251
0.007908 0.002890 0.057989 0.931213
0.002973 0.000903 0.040118 0.956006
0.005381 0.001854 0.048800 0.943966
0.005080 0.001725 0.048205 0.944990
0.003933 0.001275 0.043890 0.950903
0.007073 0.002540 0.055009 0.935378
