0.242196 0.151794 0.292345 0.313665
0.204592 0.117930 0.301291 0.376187
0.228326 0.137758 0.300321 0.333596
0.214562 0.127573 0.301376 0.356489
0.196763 0.112845 0.304740 0.385652
0.209150 0.121988 0.305994 0.362868
0.251610 0.161589 0.281870 0.304932
0.186195 0.104162 0.305227 0.404416
0.228527 0.138319 0.298878 0.334276
0.218639 0.130218 0.300430 0.350713
0.182061 0.101271 0.304045 0.412624
0.204239 0.117839 0.306161 0.371761
0.257520 0.168421 0.272715 0.301344
0.181126 0.100751 0.307173 0.410950
0.221220 0.131700 0.301504 0.345576
0.203330 0.117910 0.299002 0.379758
0.201877 0.115843 0.304734 0.377546
0.198714 0.113298 0.305893 0.382095
0.227312 0.136790 0.297970 0.337927
0.179386 0.099193 0.305941 0.415481
0.223652 0.133285 0.299998 0.343065
0.196372 0.112621 0.296597 0.394410
0.188008 0.105694 0.299971 0.406326
0.176918 0.097828 0.295449 0.429805
0.219289 0.129706 0.301045 0.349960
0.164045 0.088501 0.297076 0.450378
0.218936 0.129399 0.301181 0.350484
0.182064 0.101273 0.298467 0.418196
0.183718 0.102776 0.303735 0.409771
0.165192 0.089119 0.295144 0.450545
0.200635 0.114393 0.304438 0.380534
0.165622 0.089351 0.298637 0.446391
0.190288 0.106451 0.304473 0.398788
0.196209 0.112591 0.299301 0.391899
0.201092 0.116093 0.300267 0.382548
0.188534 0.105492 0.300873 0.405101
0.183800 0.101634 0.303845 0.410722
0.188653 0.105559 0.303709 0.402079
0.187135 0.104093 0.304217 0.404555
0.186758 0.104992 0.300514 0.407736
0.201370 0.116073 0.300994 0.381563
0.191108 0.107437 0.301654 0.399800
0.169819 0.091615 0.301148 0.437418
0.212426 0.123947 0.301674 0.361953
0.183800 0.101634 0.303845 0.410722
0.183011 0.102380 0.304033 0.410576
0.186807 0.104504 0.302081 0.406609
0.188911 0.105681 0.302269 0.403140
0.169819 0.091615 0.301148 0.437418
0.211656 0.123450 0.301756 0.363139
0.169819 0.091615 0.301148 0.437418
0.178783 0.099447 0.306270 0.415500
0.181654 0.101045 0.304999 0.412302
0.177676 0.098832 0.302491 0.421001
0.167064 0.090129 0.296264 0.446543
0.203537 0.117433 0.306598 0.372432
0.169819 0.091615 0.301148 0.437418
0.174796 0.096655 0.300491 0.428058
0.198587 0.113956 0.301452 0.386005
0.176788 0.097757 0.302947 0.422508
0.167996 0.090632 0.297915 0.443457
0.195146 0.111264 0.302076 0.391514
0.169819 0.091615 0.301148 0.437418
0.179609 0.100498 0.300817 0.419077
0.185709 0.104402 0.304483 0.405406
0.165298 0.089176 0.300030 0.445495
0.168634 0.090976 0.299047 0.441343
0.180035 0.099552 0.301512 0.418901
0.169819 0.091615 0.301148 0.437418
0.184387 0.103659 0.302427 0.409527
0.184871 0.103421 0.304628 0.407080
0.163639 0.088281 0.295564 0.452516
0.169009 0.091178 0.299712 0.440101
0.167319 0.090266 0.299465 0.442950
0.169819 0.091615 0.301148 0.437418
0.205294 0.119203 0.303033 0.372470
0.183204 0.101907 0.304308 0.410582
0.165246 0.089148 0.297578 0.448028
0.169232 0.091299 0.300107 0.439362
0.167948 0.090606 0.300067 0.441380
0.169819 0.091615 0.301148 0.437418
0.225029 0.135525 0.297398 0.342047
0.202559 0.116235 0.304796 0.376410
0.207586 0.120614 0.304988 0.366812
0.166543 0.089848 0.302110 0.441499
0.190498 0.106591 0.304007 0.398904
0.169819 0.091615 0.301148 0.437418
0.219344 0.131194 0.303344 0.346118
0.188399 0.105914 0.307385 0.398302
0.211699 0.124179 0.303500 0.360622
0.167382 0.090301 0.301930 0.440388
0.186773 0.105000 0.302104 0.406122
0.169819 0.091615 0.301148 0.437418
0.220460 0.132108 0.306103 0.341329
0.208338 0.120970 0.306279 0.364412
0.207514 0.120493 0.303996 0.367997
0.168118 0.090698 0.301683 0.439501
0.182891 0.102313 0.298243 0.416553
0.169819 0.091615 0.301148 0.437418
0.217258 0.129176 0.305558 0.348007
0.204779 0.118750 0.301133 0.375338
0.196337 0.112663 0.303531 0.387468
0.168496 0.090902 0.301573 0.439029
0.182029 0.101253 0.299866 0.416852
0.169819 0.091615 0.301148 0.437418
0.194768 0.111701 0.298487 0.395044
0.194723 0.111675 0.294107 0.399494
0.191589 0.108594 0.304016 0.395801
0.168752 0.091040 0.301504 0.438705
0.180201 0.099644 0.300932 0.419224
0.169819 0.091615 0.301148 0.437418
0.180679 0.100502 0.299265 0.419554
0.180847 0.100596 0.296473 0.422083
0.187967 0.105175 0.304098 0.402760
0.191212 0.106990 0.305147 0.396651
0.167381 0.090300 0.299055 0.443263
0.169819 0.091615 0.301148 0.437418
0.200778 0.115213 0.301466 0.382543
0.200997 0.115339 0.298941 0.384723
0.190574 0.107137 0.304066 0.398223
0.193011 0.108507 0.304657 0.393826
0.187101 0.104690 0.305940 0.402269
0.169819 0.091615 0.301148 0.437418
0.211372 0.123332 0.300178 0.365118
0.190425 0.107053 0.300576 0.401946
0.188413 0.105403 0.304068 0.402116
0.190288 0.106451 0.304473 0.398788
0.186952 0.105101 0.308165 0.399782
0.169819 0.091615 0.301148 0.437418
0.210876 0.122995 0.300643 0.365486
0.182713 0.102213 0.299518 0.415556
0.204672 0.118159 0.307082 0.370087
0.187135 0.104093 0.304217 0.404555
0.185780 0.103930 0.307032 0.403258
0.167064 0.090129 0.296264 0.446543
0.197419 0.113904 0.304566 0.384112
0.175976 0.097886 0.305018 0.421119
0.203737 0.117437 0.306251 0.372574
0.183800 0.101634 0.303845 0.410722
0.181012 0.100688 0.301269 0.417031
0.167996 0.090632 0.297915 0.443457
0.193304 0.110213 0.305043 0.391440
0.175615 0.097108 0.304767 0.422510
0.182923 0.102331 0.296674 0.418072
0.169819 0.091615 0.301148 0.437418
0.173907 0.096163 0.292798 0.437132
0.168634 0.090976 0.299047 0.441343
0.178889 0.098918 0.303392 0.418801
0.164374 0.088678 0.301055 0.445893
0.181839 0.101148 0.298688 0.418325
0.169819 0.091615 0.301148 0.437418
0.184761 0.103381 0.297443 0.414414
0.169009 0.091178 0.299712 0.440101
0.166384 0.089762 0.300522 0.443331
0.162805 0.087831 0.296224 0.453139
0.180117 0.099597 0.300213 0.420073
0.169819 0.091615 0.301148 0.437418
0.204117 0.119099 0.289875 0.386909
0.166483 0.089816 0.295233 0.448468
0.167044 0.090118 0.300817 0.442021
0.183318 0.102573 0.305131 0.408978
0.189313 0.105928 0.302117 0.402642
0.169819 0.091615 0.301148 0.437418
0.205515 0.119868 0.293000 0.381617
0.164740 0.088875 0.298840 0.447545
0.209072 0.121478 0.307171 0.362280
0.228356 0.138443 0.298202 0.334999
0.191603 0.107715 0.302435 0.398246
0.169819 0.091615 0.301148 0.437418
0.199262 0.114967 0.300158 0.385614
0.166212 0.089669 0.299819 0.444300
0.209978 0.123169 0.301032 0.365821
0.229552 0.139755 0.296741 0.333952
0.183631 0.102727 0.307867 0.405775
0.169819 0.091615 0.301148 0.437418
0.189343 0.107955 0.307380 0.395322
0.167318 0.090266 0.300247 0.442169
0.206208 0.119735 0.302082 0.371976
0.220173 0.131874 0.296022 0.351932
0.181986 0.101229 0.306871 0.409914
0.169819 0.091615 0.301148 0.437418
0.175632 0.097117 0.304796 0.422454
0.167916 0.090589 0.300534 0.440962
0.201156 0.115428 0.303269 0.380147
0.209949 0.123476 0.303380 0.363196
0.180169 0.099626 0.305563 0.414641
0.169819 0.091615 0.301148 0.437418
0.158915 0.085733 0.303600 0.451753
0.165478 0.089274 0.302408 0.442840
0.195284 0.110688 0.303894 0.390134
0.210750 0.124033 0.298897 0.366319
0.164424 0.088705 0.296981 0.449890
0.167064 0.090129 0.296264 0.446543
0.161437 0.087094 0.303371 0.448097
0.188576 0.105516 0.306755 0.399153
0.190498 0.106591 0.304007 0.398904
0.185389 0.104222 0.296678 0.413712
0.160550 0.086615 0.289123 0.463713
0.167996 0.090632 0.297915 0.443457
0.185020 0.103525 0.308646 0.402810
0.191123 0.107446 0.305855 0.395576
0.186773 0.105000 0.302104 0.406122
0.184858 0.103414 0.298930 0.412798
0.203985 0.118522 0.292052 0.385441
0.168634 0.090976 0.299047 0.441343
0.226710 0.137445 0.297375 0.338471
0.186007 0.104056 0.300787 0.409150
0.185683 0.103875 0.302797 0.407644
0.180373 0.100332 0.302847 0.416448
0.209340 0.122794 0.293758 0.374108
0.169009 0.091178 0.299712 0.440101
0.227984 0.138800 0.296303 0.336913
0.184007 0.102354 0.301653 0.411986
0.183965 0.102330 0.303056 0.410649
0.200395 0.114994 0.304198 0.380413
0.205963 0.119593 0.297163 0.377281
0.169232 0.091299 0.300107 0.439362
0.253934 0.164442 0.274083 0.307541
0.203401 0.116718 0.302517 0.377363
0.181473 0.100347 0.303055 0.415125
0.187006 0.105131 0.306609 0.401254
0.198239 0.113754 0.302993 0.385013
0.166543 0.089848 0.302110 0.441499
0.250037 0.160189 0.279148 0.310626
0.192042 0.107962 0.303128 0.396869
0.168170 0.090726 0.300464 0.440640
0.182775 0.102248 0.308415 0.406561
0.187399 0.106219 0.308969 0.397413
0.167382 0.090301 0.301930 0.440388
0.229901 0.140325 0.290365 0.339408
0.189588 0.106059 0.303353 0.401000
0.187802 0.105082 0.307087 0.400028
0.181513 0.100966 0.307091 0.410430
0.160147 0.086397 0.303516 0.449940
0.168118 0.090698 0.301683 0.439501
0.198651 0.113991 0.303624 0.383733
0.183737 0.102203 0.305940 0.408121
0.187547 0.105435 0.301783 0.405234
0.201383 0.115560 0.307520 0.375537
0.162753 0.087803 0.303067 0.446377
0.168496 0.090902 0.301573 0.439029
0.193435 0.109640 0.304255 0.392669
0.181219 0.100207 0.305128 0.413446
0.186430 0.104293 0.302362 0.406914
0.187517 0.105419 0.301793 0.405271
0.164451 0.088719 0.302686 0.444144
0.168752 0.091040 0.301504 0.438705
0.167318 0.090266 0.300247 0.442169
0.165362 0.089211 0.296738 0.448688
0.178935 0.099532 0.293917 0.427616
0.207652 0.120572 0.301879 0.369897
0.187268 0.104784 0.307491 0.400457
0.191212 0.106990 0.305147 0.396651
0.167916 0.090589 0.300534 0.440962
0.166680 0.089922 0.298322 0.445077
0.175264 0.096914 0.292123 0.435700
0.226918 0.136663 0.295897 0.340522
0.231155 0.140139 0.298282 0.330424
0.193011 0.108507 0.304657 0.393826
0.162722 0.087787 0.297371 0.452119
0.167573 0.090403 0.299397 0.442627
0.183152 0.102480 0.292284 0.422083
0.223424 0.133635 0.297684 0.345257
0.247804 0.156793 0.284129 0.311274
0.190288 0.106451 0.304473 0.398788
0.183776 0.102830 0.298946 0.414448
0.190245 0.106449 0.303604 0.399702
0.184482 0.103712 0.298398 0.413408
0.206122 0.118925 0.302694 0.372259
0.240142 0.150080 0.285287 0.324491
0.187135 0.104093 0.304217 0.404555
0.187782 0.105567 0.300508 0.406143
0.192295 0.108105 0.303528 0.396072
0.184117 0.102999 0.300242 0.412642
0.191717 0.109309 0.298260 0.400714
0.231200 0.141084 0.292228 0.335488
0.183800 0.101634 0.303845 0.410722
0.186559 0.104365 0.301680 0.407395
0.186882 0.104546 0.306354 0.402218
0.177128 0.098527 0.305450 0.418895
0.177433 0.098113 0.298754 0.425699
0.209168 0.122242 0.296603 0.371987
0.167064 0.090129 0.296264 0.446543
0.184382 0.102562 0.302268 0.410788
0.184529 0.102644 0.305636 0.407191
0.170477 0.094267 0.301835 0.433421
0.165821 0.089459 0.297562 0.447159
0.178212 0.098544 0.294607 0.428637
0.167996 0.090632 0.297915 0.443457
0.197876 0.113548 0.301844 0.386731
0.181969 0.100621 0.304750 0.412660
0.158034 0.085257 0.300227 0.456482
0.166927 0.090055 0.298764 0.444254
0.166280 0.089706 0.294873 0.449140
0.168634 0.090976 0.299047 0.441343
0.184963 0.103983 0.304886 0.406169
0.168496 0.090902 0.301573 0.439029
0.182380 0.102048 0.307038 0.408534
0.167610 0.090424 0.299464 0.442502
0.164610 0.088805 0.298604 0.447981
0.166265 0.089698 0.294846 0.449191
0.184453 0.103187 0.304838 0.407522
0.168752 0.091040 0.301504 0.438705
0.180743 0.101610 0.297496 0.420152
0.184540 0.103257 0.308652 0.403551
0.166027 0.089570 0.299485 0.444918
0.164714 0.088861 0.292096 0.454328
0.182918 0.101747 0.304440 0.410895
0.191212 0.106990 0.305147 0.396651
0.222395 0.134180 0.294745 0.348680
0.187788 0.105571 0.307814 0.398828
0.164291 0.088633 0.301510 0.445566
0.163602 0.088261 0.296776 0.451360
0.180570 0.099848 0.304016 0.415566
0.193011 0.108507 0.304657 0.393826
0.236498 0.148758 0.286710 0.328034
0.186562 0.104367 0.306586 0.402485
0.162824 0.087842 0.303028 0.446306
0.162711 0.087781 0.293505 0.456003
0.186590 0.104404 0.307764 0.401242
0.184812 0.103388 0.295711 0.416089
0.247996 0.160177 0.277565 0.314262
0.184237 0.102481 0.305757 0.407525
0.164647 0.088825 0.302664 0.443864
0.162275 0.087546 0.291199 0.458980
0.210877 0.123044 0.305919 0.360160
0.183278 0.101948 0.297946 0.416828
0.230252 0.143017 0.283007 0.343724
0.181432 0.100324 0.305026 0.413218
0.182328 0.102019 0.298124 0.417529
0.161765 0.087270 0.296124 0.454840
0.210533 0.122794 0.304819 0.361854
0.181258 0.100228 0.299643 0.418871
0.214891 0.130298 0.295201 0.359610
0.209574 0.121769 0.300054 0.368603
0.186410 0.104796 0.300011 0.408782
0.158459 0.085487 0.294410 0.461644
0.205389 0.118502 0.305171 0.370938
0.168235 0.090761 0.298340 0.442664
0.188722 0.107601 0.300452 0.403226
0.213285 0.125108 0.299294 0.362313
0.204061 0.118487 0.296659 0.380794
0.183088 0.102445 0.301879 0.412589
0.199427 0.113704 0.305377 0.381492
0.168667 0.090994 0.299106 0.441232
0.194152 0.111411 0.304874 0.389563
0.208766 0.121221 0.301209 0.368805
0.221379 0.133327 0.288674 0.356620
0.181373 0.101964 0.300525 0.416137
0.204846 0.117547 0.304666 0.372941
0.163488 0.088200 0.302783 0.445530
0.179641 0.100991 0.295234 0.424134
0.200259 0.114914 0.298460 0.386367
0.219284 0.131159 0.292168 0.357389
0.178737 0.099990 0.304110 0.417163
0.193011 0.108507 0.304657 0.393826
0.165040 0.089037 0.302568 0.443355
0.174843 0.097811 0.302073 0.425272
0.194723 0.110370 0.300322 0.394585
0.197834 0.114143 0.305206 0.382817
0.199938 0.115426 0.305904 0.378732
0.190288 0.106451 0.304473 0.398788
0.166463 0.089805 0.302145 0.441586
0.214641 0.128751 0.306722 0.349885
0.165380 0.089220 0.300000 0.445400
0.193637 0.110404 0.305570 0.390389
0.217981 0.130479 0.305730 0.345810
0.187135 0.104093 0.304217 0.404555
0.167180 0.090192 0.301959 0.440669
0.217451 0.130817 0.304651 0.347081
0.166586 0.089871 0.300494 0.443048
0.176148 0.097402 0.305788 0.420662
0.206258 0.120301 0.306888 0.366552
0.175910 0.097271 0.290802 0.436017
0.167621 0.090429 0.301856 0.440094
0.222567 0.134233 0.302049 0.341151
0.167539 0.090385 0.300645 0.441430
0.161531 0.087144 0.303285 0.448039
0.219871 0.131756 0.306796 0.341577
0.164595 0.088797 0.291884 0.454724
0.212364 0.123391 0.304050 0.360195
0.214354 0.128280 0.310804 0.346563
0.162470 0.087651 0.297415 0.452464
0.163544 0.088230 0.302933 0.445293
0.232666 0.143746 0.294894 0.328695
0.163742 0.088337 0.290372 0.457548
0.215395 0.126347 0.302256 0.356002
0.242038 0.153788 0.291740 0.312434
0.164523 0.088758 0.298959 0.447761
0.208885 0.121369 0.307490 0.362257
0.219327 0.131184 0.300209 0.349280
0.160555 0.086617 0.284720 0.468108
0.207435 0.120447 0.299287 0.372831
0.240450 0.151243 0.290612 0.317695
0.187967 0.105175 0.304098 0.402760
0.212667 0.124746 0.305158 0.357428
0.223162 0.133727 0.298916 0.344195
0.160930 0.086820 0.285385 0.466866
0.202027 0.115928 0.301094 0.380951
0.236215 0.146723 0.293398 0.323663
0.190575 0.107137 0.304066 0.398223
0.225201 0.135822 0.295754 0.343224
0.219475 0.130494 0.300215 0.349816
0.156109 0.084219 0.294510 0.465163
0.196081 0.111140 0.302418 0.390360
0.210915 0.125563 0.290602 0.372920
0.188413 0.105403 0.304068 0.402116
0.239459 0.148923 0.287136 0.324483
0.219736 0.130872 0.295287 0.354105
0.159712 0.086162 0.297293 0.456833
0.169009 0.091178 0.299712 0.440101
0.240541 0.151900 0.276582 0.330977
0.201846 0.116528 0.302843 0.378783
0.228642 0.140241 0.285168 0.345949
0.204094 0.118353 0.303287 0.374265
0.159837 0.086230 0.299826 0.454108
0.169232 0.091299 0.300107 0.439362
0.216995 0.130543 0.292353 0.360109
0.201663 0.116242 0.303133 0.378963
0.196447 0.113343 0.288487 0.401723
0.199653 0.114502 0.304207 0.381638
0.156753 0.084566 0.302822 0.455859
0.166543 0.089848 0.302110 0.441499
0.199702 0.115957 0.294214 0.390127
0.187074 0.104654 0.303407 0.404865
0.193232 0.110172 0.293204 0.403392
0.184359 0.102549 0.303705 0.409388
0.154170 0.083173 0.298693 0.463963
0.167382 0.090301 0.301930 0.440388
0.196574 0.112799 0.297303 0.393324
0.184765 0.102775 0.303494 0.408966
0.173493 0.095934 0.293691 0.436882
0.178912 0.098931 0.298780 0.423377
0.218869 0.132151 0.301783 0.347197
0.168118 0.090698 0.301683 0.439501
0.183910 0.104241 0.307096 0.404753
0.179189 0.099084 0.298665 0.423062
0.163018 0.087946 0.294058 0.454977
0.163680 0.088304 0.299122 0.448894
0.225625 0.138202 0.298216 0.337957
0.168496 0.090902 0.301573 0.439029
0.160502 0.086589 0.300872 0.452038
0.185807 0.103966 0.303825 0.406402
0.159643 0.086126 0.299048 0.455183
0.187222 0.104758 0.304552 0.403467
0.238343 0.149380 0.291305 0.320972
0.168752 0.091040 0.301504 0.438705
0.181515 0.101564 0.308681 0.408240
0.189019 0.106263 0.304151 0.400567
0.156821 0.084603 0.302371 0.456205
0.190162 0.106905 0.304317 0.398616
0.260576 0.174154 0.264520 0.300750
0.188392 0.105413 0.300647 0.405548
0.179629 0.100984 0.305455 0.413933
0.187471 0.104875 0.304050 0.403603
0.160178 0.086414 0.302456 0.450952
0.188131 0.105245 0.304223 0.402401
0.262674 0.179509 0.258734 0.299083
0.191003 0.107378 0.301488 0.400130
0.180109 0.100757 0.305509 0.413625
0.185012 0.102912 0.303898 0.408178
0.181047 0.101302 0.310363 0.407288
0.182561 0.101549 0.306521 0.409368
0.235689 0.147297 0.295039 0.321975
0.188941 0.105698 0.302319 0.403042
0.239841 0.149577 0.292751 0.317831
0.179258 0.099122 0.305929 0.415690
0.182125 0.102387 0.304523 0.410964
0.199354 0.114396 0.302617 0.383632
0.227517 0.138836 0.299465 0.334183
0.186205 0.103576 0.302705 0.407514
0.241413 0.151683 0.290273 0.316631
0.188576 0.105516 0.306755 0.399153
0.223689 0.134961 0.300948 0.340402
0.189120 0.106320 0.302649 0.401912
0.208899 0.122085 0.304504 0.364511
0.183135 0.101266 0.302746 0.412853
0.242597 0.152046 0.288541 0.316815
0.191123 0.107446 0.305855 0.395576
0.255886 0.167412 0.273510 0.303193
0.187485 0.104883 0.303177 0.404455
0.180570 0.099848 0.304016 0.415566
0.161199 0.086965 0.292417 0.459419
0.250346 0.160777 0.285029 0.303848
0.186007 0.104056 0.300787 0.409150
0.252950 0.164084 0.277348 0.305617
0.185045 0.102931 0.303354 0.408671
0.186590 0.104404 0.307764 0.401242
0.163839 0.088389 0.295539 0.452233
0.240137 0.150988 0.288147 0.320728
0.184007 0.102354 0.301653 0.411986
0.249273 0.160221 0.275226 0.315280
0.198585 0.113955 0.295355 0.392105
0.205383 0.119838 0.297949 0.376830
0.165821 0.089459 0.297562 0.447158
0.200096 0.115448 0.298267 0.386189
0.203401 0.116718 0.302517 0.377363
0.235151 0.147894 0.283023 0.333931
0.180314 0.101369 0.291657 0.426659
0.203625 0.118765 0.294817 0.382792
0.166927 0.090055 0.298764 0.444254
0.195702 0.111581 0.300319 0.392399
0.186574 0.104888 0.294497 0.414042
0.208163 0.122392 0.296711 0.372734
0.178533 0.099875 0.291136 0.430456
0.200507 0.115685 0.297918 0.385890
0.167610 0.090424 0.299464 0.442502
0.180475 0.099795 0.300808 0.418922
0.185711 0.103891 0.297150 0.413247
0.174043 0.096811 0.286711 0.442435
0.173822 0.096688 0.286348 0.443142
0.196078 0.111795 0.300249 0.391877
0.181696 0.101666 0.303894 0.412744
0.189546 0.106058 0.302489 0.401906
0.181178 0.100780 0.301679 0.416363
0.169427 0.093686 0.282940 0.453947
0.174545 0.096516 0.291486 0.437454
0.202303 0.116088 0.300883 0.380726
0.177890 0.100006 0.291590 0.430514
0.186074 0.104607 0.300972 0.408347
0.179467 0.099238 0.302179 0.419116
0.155258 0.083760 0.283731 0.477251
0.155810 0.084057 0.290674 0.469459
0.185650 0.104369 0.307189 0.402791
0.176902 0.098963 0.290711 0.433424
0.182280 0.101971 0.304431 0.411318
0.166983 0.090085 0.299646 0.443285
0.174902 0.097864 0.297964 0.429270
0.172179 0.096340 0.298536 0.432945
0.181677 0.101634 0.308892 0.407798
0.172487 0.095946 0.286258 0.445310
0.181366 0.100884 0.304358 0.413392
0.162183 0.087496 0.303062 0.447260
0.180909 0.101703 0.300541 0.416847
0.176063 0.098979 0.303321 0.421637
0.178010 0.099018 0.302552 0.420420
0.173441 0.095905 0.291591 0.439063
0.179651 0.099340 0.303905 0.417105
0.164000 0.088476 0.302832 0.444691
0.173319 0.096958 0.307176 0.422547
0.172213 0.096340 0.307632 0.423816
0.177192 0.097980 0.302744 0.422084
0.200078 0.116252 0.293958 0.389712
0.166858 0.090018 0.300865 0.442259
0.187457 0.104890 0.307341 0.400312
0.165557 0.092091 0.304664 0.437688
0.170611 0.094902 0.302034 0.432453
0.165142 0.089092 0.300109 0.445657
0.195316 0.114568 0.301023 0.389093
0.186590 0.104404 0.307764 0.401242
0.190054 0.106845 0.306498 0.396603
0.179950 0.103261 0.303030 0.413760
0.207628 0.123783 0.304489 0.364100
0.210037 0.122038 0.303769 0.364156
0.191916 0.111436 0.305942 0.390706
0.210877 0.123044 0.305919 0.360160
0.187860 0.105093 0.305914 0.401133
0.212738 0.128974 0.299349 0.358939
0.231560 0.146658 0.290375 0.331407
0.229989 0.140114 0.290684 0.339212
0.184908 0.106105 0.310823 0.398164
0.210533 0.122794 0.304819 0.361854
0.227559 0.136500 0.298838 0.337103
0.217590 0.132472 0.298884 0.351054
0.245096 0.161193 0.275221 0.318491
0.222349 0.134670 0.294334 0.348648
0.182957 0.103701 0.309392 0.403950
0.205389 0.118502 0.305171 0.370938
0.227255 0.136715 0.298033 0.337998
0.256387 0.172780 0.262551 0.308282
0.262789 0.183648 0.247940 0.305623
0.216217 0.128720 0.298162 0.356902
0.172549 0.096548 0.300484 0.430419
0.199427 0.113704 0.305377 0.381492
0.204766 0.118898 0.295437 0.380899
0.266584 0.193382 0.233846 0.306187
0.259223 0.176760 0.265864 0.298153
0.208969 0.122126 0.300951 0.367954
0.232660 0.146644 0.294031 0.326665
0.204846 0.117547 0.304666 0.372941
0.194664 0.111704 0.290122 0.403510
0.268131 0.192973 0.251230 0.287666
0.250435 0.164000 0.283309 0.302256
0.180830 0.099991 0.301982 0.417197
0.248491 0.164319 0.275411 0.311779
0.190194 0.106924 0.300212 0.402670
0.190838 0.108169 0.294331 0.406662
0.252545 0.168130 0.285335 0.293989
0.240735 0.153564 0.299530 0.306172
0.162162 0.087485 0.296348 0.454006
0.264945 0.186358 0.246491 0.302206
0.185517 0.103782 0.296839 0.413862
0.163308 0.088103 0.289602 0.458988
0.237468 0.152149 0.287157 0.323226
0.221161 0.135652 0.306136 0.337051
0.183166 0.102488 0.305189 0.409157
0.262128 0.179910 0.256986 0.300976
0.181111 0.100742 0.294423 0.423724
0.162710 0.087780 0.288541 0.460970
0.198813 0.116190 0.303769 0.381228
0.189943 0.109590 0.299193 0.401274
0.184306 0.103613 0.300626 0.411455
0.255385 0.171442 0.273867 0.299306
0.179717 0.099376 0.297096 0.423811
0.159558 0.086080 0.295505 0.458858
0.191815 0.110070 0.307705 0.390410
0.208590 0.123499 0.299945 0.367966
0.181264 0.101403 0.297079 0.420254
0.240739 0.153566 0.293096 0.312598
0.164572 0.088784 0.291843 0.454801
0.154269 0.083226 0.294904 0.467600
0.224534 0.136125 0.301671 0.337670
0.214835 0.128596 0.294939 0.361629
0.177871 0.098940 0.294613 0.428577
0.224634 0.137783 0.305132 0.332451
0.160730 0.086712 0.291566 0.460991
0.155996 0.084158 0.292522 0.467324
0.240667 0.152277 0.285527 0.321529
0.240614 0.151541 0.281601 0.326244
0.195738 0.112321 0.301413 0.390529
0.198165 0.114334 0.308446 0.379054
0.160686 0.086688 0.296389 0.456238
0.157243 0.084831 0.297022 0.460904
0.227294 0.142050 0.292918 0.337737
0.249687 0.163136 0.272502 0.314675
0.207553 0.121104 0.301096 0.370247
0.191135 0.108977 0.303014 0.396875
0.160563 0.086622 0.299580 0.453235
0.157550 0.084997 0.300161 0.457292
0.237561 0.150730 0.288347 0.323362
0.238486 0.152835 0.288855 0.319824
0.205349 0.119771 0.305053 0.369826
0.216685 0.129183 0.304341 0.349791
0.157752 0.085105 0.290499 0.466644
0.200438 0.116461 0.303718 0.379383
0.240860 0.152650 0.286188 0.320303
0.221983 0.135459 0.298871 0.343687
0.198523 0.114541 0.308677 0.378259
0.228437 0.139169 0.298884 0.333510
0.158486 0.085501 0.295613 0.460400
0.240655 0.152419 0.291823 0.315103
0.218557 0.130724 0.298883 0.351835
0.202084 0.118102 0.306761 0.373054
0.188491 0.107469 0.305959 0.398081
0.240677 0.151505 0.285022 0.322797
0.177032 0.099056 0.300596 0.423316
0.238327 0.150722 0.297449 0.313501
0.199474 0.115090 0.306330 0.379105
0.170292 0.094164 0.294811 0.440733
0.196605 0.112819 0.306322 0.384254
0.233466 0.145013 0.285869 0.335652
0.203459 0.118715 0.302689 0.375136
0.247243 0.158916 0.289225 0.304616
0.230256 0.141716 0.305510 0.322518
0.178867 0.100083 0.301678 0.419372
0.187106 0.105187 0.305230 0.402477
0.222715 0.135041 0.297393 0.344850
0.224521 0.136011 0.297240 0.342228
0.252028 0.164881 0.276611 0.306479
0.217452 0.130818 0.303184 0.348546
0.216846 0.131465 0.294928 0.356761
0.207163 0.120288 0.304812 0.367737
0.215350 0.127502 0.300594 0.356554
0.217197 0.130703 0.307262 0.344837
0.227753 0.139695 0.299401 0.333151
0.199918 0.116083 0.300782 0.383218
0.220525 0.134259 0.294912 0.350305
0.223689 0.134718 0.294901 0.346692
0.197187 0.113662 0.294742 0.394409
0.224760 0.138146 0.294675 0.342419
0.220887 0.132364 0.301844 0.344905
0.196365 0.112679 0.302221 0.388734
0.234132 0.145749 0.289448 0.330672
0.233893 0.145375 0.288911 0.331821
0.180883 0.101190 0.299636 0.418292
0.228338 0.141073 0.296870 0.333720
0.236174 0.145914 0.293385 0.324528
0.209766 0.123454 0.297276 0.369504
0.221979 0.136190 0.299338 0.342493
0.218425 0.131442 0.292874 0.357259
0.174637 0.097141 0.298598 0.429624
0.215948 0.129163 0.301893 0.352996
0.222234 0.132923 0.299975 0.344868
0.225474 0.136695 0.287657 0.350174
0.221814 0.135511 0.295231 0.347444
0.212713 0.125816 0.296737 0.364735
0.196158 0.112562 0.302166 0.389114
0.200423 0.115637 0.304526 0.379414
0.199460 0.115081 0.303301 0.382159
0.225029 0.137001 0.293829 0.344140
0.211888 0.127611 0.301083 0.359417
0.193227 0.110169 0.296520 0.400084
0.186942 0.105095 0.302369 0.405594
0.235225 0.144775 0.292925 0.327075
0.215819 0.127779 0.301248 0.355154
0.208924 0.125136 0.291155 0.374786
0.211577 0.126549 0.302191 0.359684
0.173092 0.095713 0.295406 0.435788
0.180051 0.100724 0.307544 0.411681
0.217053 0.130578 0.303242 0.349127
0.200218 0.115409 0.299272 0.385102
0.204060 0.120013 0.295177 0.380749
0.197351 0.113865 0.304181 0.384603
0.181190 0.101382 0.301897 0.415531
0.200686 0.115858 0.308626 0.374830
0.221939 0.133855 0.301637 0.342570
0.180517 0.100985 0.291909 0.426589
0.186025 0.105440 0.301468 0.407066
0.227903 0.140268 0.295998 0.335832
0.182795 0.102764 0.305375 0.409065
0.218685 0.130901 0.307741 0.342674
0.216770 0.129726 0.297975 0.355529
0.180214 0.100244 0.295435 0.424107
0.159604 0.086105 0.299181 0.455110
0.216022 0.129957 0.304132 0.349889
0.179908 0.100644 0.300408 0.419040
0.206734 0.120579 0.308307 0.364380
0.210187 0.123582 0.300580 0.365651
0.197658 0.113423 0.301511 0.387408
0.177980 0.099586 0.295953 0.426481
0.234665 0.147153 0.294680 0.323502
0.176680 0.098278 0.303552 0.421490
0.202450 0.116807 0.307606 0.373137
0.182763 0.101662 0.302268 0.413307
0.185012 0.104010 0.297704 0.413274
0.196061 0.114399 0.307637 0.381903
0.231428 0.144597 0.291146 0.332828
0.194520 0.111622 0.309056 0.384802
0.236979 0.145854 0.295108 0.322059
0.217766 0.129827 0.298634 0.353773
0.178926 0.100095 0.297247 0.423732
0.193343 0.112769 0.299243 0.394645
0.221779 0.135368 0.292111 0.350742
0.206586 0.120540 0.307341 0.365534
0.226084 0.136010 0.299705 0.338201
0.209868 0.123104 0.300875 0.366153
0.170505 0.094843 0.298483 0.436169
0.212811 0.127525 0.298636 0.361027
0.212974 0.126921 0.300363 0.359742
0.226888 0.137445 0.300373 0.335295
0.229093 0.138169 0.297578 0.335160
0.200650 0.116507 0.301535 0.381308
0.171785 0.094990 0.300451 0.432774
0.227354 0.140464 0.289554 0.342628
0.229588 0.140987 0.294717 0.334708
0.221485 0.133284 0.305450 0.339781
0.224836 0.134553 0.299060 0.341551
0.196846 0.112955 0.302807 0.387392
0.183048 0.102422 0.303276 0.411254
0.207129 0.123889 0.300380 0.368602
0.224178 0.135804 0.300842 0.339177
0.233462 0.143494 0.299076 0.323968
0.216402 0.127236 0.301894 0.354468
0.186795 0.105877 0.294781 0.412546
0.183809 0.103334 0.306282 0.406575
0.244980 0.158760 0.276788 0.319472
0.216461 0.130260 0.301999 0.351280
0.237327 0.146626 0.294817 0.321231
0.187135 0.104093 0.304217 0.404555
0.178728 0.100005 0.295365 0.425902
0.201556 0.117032 0.310012 0.371401
0.242550 0.157270 0.289423 0.310757
0.205161 0.121349 0.303119 0.370371
0.223071 0.133424 0.301106 0.342400
0.183800 0.101634 0.303845 0.410722
0.181160 0.101844 0.294020 0.422976
0.238332 0.149222 0.300385 0.312061
0.227506 0.140650 0.299526 0.332319
0.208017 0.123160 0.298784 0.370039
0.202871 0.117049 0.300759 0.379320
0.169819 0.091615 0.301148 0.437418
0.197326 0.114576 0.295928 0.392171
0.234496 0.146436 0.295428 0.323640
0.208184 0.123247 0.308137 0.360432
0.197227 0.113685 0.301013 0.388075
0.218406 0.129311 0.298233 0.354049
0.169819 0.091615 0.301148 0.437418
0.199352 0.115603 0.298300 0.386745
0.218498 0.130871 0.301779 0.348852
0.234320 0.147036 0.297379 0.321266
0.204939 0.118997 0.301540 0.374523
0.202154 0.116525 0.297701 0.383620
0.169819 0.091615 0.301148 0.437418
0.190770 0.109408 0.306132 0.393689
0.227822 0.139226 0.293306 0.339646
0.202695 0.118897 0.308867 0.369540
0.222223 0.133835 0.300986 0.342957
0.187367 0.104817 0.299799 0.408017
0.167064 0.090129 0.296264 0.446543
0.195931 0.113113 0.309539 0.381417
0.232228 0.142608 0.291159 0.334005
0.238697 0.149681 0.295810 0.315811
0.232771 0.144678 0.294523 0.328028
0.185146 0.102987 0.300982 0.410885
0.165281 0.089167 0.293100 0.452452
0.191504 0.110386 0.306535 0.391575
0.228628 0.138499 0.293506 0.339367
0.237492 0.148386 0.295074 0.319049
0.214735 0.129222 0.300642 0.355401
0.171645 0.094913 0.290563 0.442879
0.161626 0.087196 0.286620 0.464558
0.197662 0.114771 0.309759 0.377807
0.220372 0.132614 0.296766 0.350248
0.240478 0.152614 0.281770 0.325137
0.209580 0.123963 0.302477 0.363981
0.161665 0.087216 0.291617 0.459502
0.164366 0.088673 0.291478 0.455483
0.193806 0.112387 0.300009 0.393799
0.213765 0.126438 0.299926 0.359871
0.230897 0.143599 0.288141 0.337363
0.193615 0.110391 0.304095 0.391899
0.161560 0.087160 0.296500 0.454780
0.163498 0.088205 0.289940 0.458357
0.231037 0.143049 0.291921 0.333993
0.193897 0.110552 0.305968 0.389583
0.243106 0.155029 0.280780 0.321084
0.200307 0.114943 0.304262 0.380488
0.163821 0.088380 0.298198 0.449601
0.162710 0.087780 0.295157 0.454353
0.236914 0.149020 0.283368 0.330698
0.178909 0.098929 0.304261 0.417901
0.221746 0.133441 0.295596 0.349217
0.208154 0.121455 0.306423 0.363968
0.165414 0.089239 0.299023 0.446324
0.159190 0.085881 0.293630 0.461299
0.246735 0.159363 0.280648 0.313255
0.166489 0.089819 0.300968 0.442725
0.215110 0.127233 0.299054 0.358603
0.222763 0.134947 0.300663 0.341627
0.177140 0.099117 0.305538 0.418205
0.156958 0.084677 0.298796 0.459569
0.249089 0.160886 0.278818 0.311207
0.186312 0.104248 0.307898 0.401541
0.191988 0.109463 0.308483 0.390067
0.220759 0.132847 0.300975 0.345419
0.182122 0.102385 0.306346 0.409146
0.160403 0.086535 0.300102 0.452959
0.236447 0.149606 0.293624 0.320324
0.189184 0.106356 0.307045 0.397415
0.196089 0.112522 0.311181 0.380208
0.211576 0.125143 0.298866 0.364414
0.200884 0.116642 0.302516 0.379959
0.160127 0.086387 0.301963 0.451523
0.209594 0.123971 0.304089 0.362346
0.203558 0.118195 0.297561 0.380686
0.183758 0.103305 0.303723 0.409214
0.192096 0.109525 0.297467 0.400913
0.201813 0.117030 0.302876 0.378282
0.180889 0.101214 0.303056 0.414841
0.187905 0.107135 0.303304 0.401655
0.203890 0.118234 0.298849 0.379026
0.180702 0.101089 0.299254 0.418954
0.196586 0.112807 0.295171 0.395436
0.194908 0.111781 0.299626 0.393684
0.200684 0.117096 0.303076 0.379145
0.196019 0.112482 0.304461 0.387038
0.199717 0.114539 0.300991 0.384753
0.177279 0.098611 0.296211 0.427899
0.205598 0.119963 0.299654 0.374784
0.238521 0.148754 0.289490 0.323236
0.239910 0.151097 0.288624 0.320368
0.186646 0.104929 0.304001 0.404424
0.205937 0.118889 0.301189 0.373984
0.216040 0.128798 0.291603 0.363559
0.206536 0.120463 0.300740 0.372261
0.240324 0.150999 0.288351 0.320326
0.239390 0.150412 0.289151 0.321046
0.224527 0.135466 0.302342 0.337664
0.204865 0.118087 0.301693 0.375354
0.227902 0.138842 0.288046 0.345211
0.199797 0.115276 0.305440 0.379488
0.222254 0.134015 0.302560 0.341171
0.247459 0.158006 0.282114 0.312421
0.222705 0.134795 0.297231 0.345270
0.183631 0.102727 0.307867 0.405775
0.223735 0.135509 0.296169 0.344587
0.189441 0.108011 0.303886 0.398661
0.214898 0.127222 0.304420 0.353460
0.230663 0.141518 0.298846 0.328972
0.232919 0.144103 0.296426 0.326553
0.181986 0.101229 0.306871 0.409914
0.214680 0.127805 0.303932 0.353583
0.170173 0.094099 0.299377 0.436352
0.200932 0.116708 0.304622 0.377738
0.229096 0.139959 0.302854 0.328091
0.216502 0.129565 0.298310 0.355623
0.180169 0.099626 0.305563 0.414641
0.204625 0.119587 0.308714 0.367075
0.179094 0.100210 0.298397 0.422299
0.182296 0.102002 0.299686 0.416016
0.204907 0.118824 0.307615 0.368653
0.210081 0.123520 0.300698 0.365700
0.167180 0.090192 0.301959 0.440669
0.174579 0.096535 0.307710 0.421176
0.181436 0.102000 0.295981 0.420583
0.181196 0.101865 0.292474 0.424466
0.194768 0.111701 0.298487 0.395044
0.198799 0.114769 0.294225 0.392207
0.164865 0.088943 0.296893 0.449299
0.160592 0.086637 0.297855 0.454916
0.202876 0.117799 0.298504 0.380821
0.202859 0.117789 0.295570 0.383782
0.180679 0.100502 0.299265 0.419554
0.196712 0.113388 0.299951 0.389949
0.207473 0.120549 0.297047 0.374931
0.184653 0.103321 0.304519 0.407507
0.220710 0.132924 0.298938 0.347429
0.203668 0.118105 0.297854 0.380373
0.200778 0.115213 0.301466 0.382543
0.204676 0.118844 0.300895 0.375586
0.209054 0.122627 0.293357 0.374962
0.206468 0.120471 0.299810 0.373251
0.234311 0.145635 0.296472 0.323582
0.217178 0.129348 0.299733 0.353742
0.208586 0.121707 0.296222 0.373485
0.199336 0.115594 0.300692 0.384378
0.205661 0.119418 0.296728 0.378193
0.226591 0.137266 0.294149 0.341994
0.216029 0.130001 0.302455 0.351515
0.201958 0.117114 0.306335 0.374593
0.208797 0.121782 0.297679 0.371743
0.196043 0.112432 0.302110 0.389416
0.198122 0.113688 0.295276 0.392914
0.241204 0.150849 0.285120 0.322827
0.204843 0.121161 0.303368 0.370628
0.192359 0.110319 0.311901 0.385421
0.198835 0.114721 0.306752 0.379692
0.176200 0.098011 0.306319 0.419470
0.190393 0.107916 0.300996 0.400695
0.233925 0.144350 0.295315 0.326410
0.189890 0.108267 0.304116 0.397727
0.178691 0.099397 0.308278 0.413635
0.194352 0.110811 0.306698 0.388138
0.196975 0.113031 0.308442 0.381552
0.162435 0.087632 0.299615 0.450319
0.213088 0.126037 0.298975 0.361900
0.197697 0.113445 0.304712 0.384146
0.177619 0.098216 0.306648 0.417517
0.176712 0.097714 0.299700 0.425873
0.187379 0.105341 0.306489 0.400791
0.161682 0.087225 0.301667 0.449426
0.185308 0.105655 0.292415 0.416622
0.208886 0.121882 0.303321 0.365911
0.184216 0.103076 0.302928 0.409779
0.162127 0.087466 0.299467 0.450940
0.204530 0.118759 0.309439 0.367272
0.161074 0.086898 0.296617 0.455411
0.173058 0.095694 0.294311 0.436937
0.225982 0.136896 0.301447 0.335675
0.206073 0.120240 0.298715 0.374972
0.164051 0.088504 0.300419 0.447027
0.204329 0.118489 0.308116 0.369065
0.155460 0.083869 0.289969 0.470703
0.162989 0.087931 0.294641 0.454440
0.238796 0.149343 0.297499 0.314362
0.243237 0.153193 0.281144 0.322425
0.209346 0.121637 0.304433 0.364584
0.236343 0.146334 0.290897 0.326427
0.180687 0.101101 0.299587 0.418624
0.186310 0.104248 0.300530 0.408913
0.231045 0.142572 0.295714 0.330668
0.242033 0.152073 0.283560 0.322335
0.213086 0.124992 0.302727 0.359196
0.226389 0.137024 0.296082 0.340505
0.203577 0.118784 0.296574 0.381064
0.186382 0.104781 0.304095 0.404743
0.213739 0.126423 0.301922 0.357916
0.233928 0.143645 0.290867 0.331560
0.205647 0.119409 0.307371 0.367572
0.216953 0.129159 0.295689 0.358200
0.224383 0.135928 0.292009 0.347680
0.195663 0.113610 0.308882 0.381845
0.191030 0.108917 0.295816 0.404237
0.209703 0.123332 0.300015 0.366950
0.221103 0.131766 0.303267 0.343865
0.220414 0.131355 0.295655 0.352576
0.219852 0.132301 0.299252 0.348595
0.197536 0.114549 0.308382 0.379533
0.195754 0.112330 0.293922 0.397994
0.186558 0.105742 0.300687 0.407013
0.214249 0.126629 0.299487 0.359635
0.216630 0.128036 0.298008 0.357326
0.227566 0.139870 0.304112 0.328452
0.195053 0.111864 0.307394 0.385690
0.207722 0.121203 0.294995 0.376081
0.162754 0.087804 0.297033 0.452409
0.184053 0.102963 0.297627 0.415357
0.180466 0.100957 0.295836 0.422741
0.213793 0.127116 0.307162 0.351930
0.180736 0.100534 0.305470 0.413261
0.205625 0.119932 0.300837 0.373606
0.162136 0.087470 0.293618 0.456776
0.182712 0.101633 0.299530 0.416126
0.180046 0.100150 0.298210 0.421593
0.194896 0.111774 0.310543 0.382787
0.200186 0.114873 0.306710 0.378231
0.201718 0.116384 0.302382 0.379516
0.164298 0.088637 0.296250 0.450815
0.199579 0.114525 0.296832 0.389064
0.176093 0.097372 0.301927 0.424608
0.180480 0.100392 0.307548 0.411580
0.245790 0.154920 0.290165 0.309125
0.188419 0.107428 0.304274 0.399879
0.184565 0.103271 0.304424 0.407741
0.189365 0.106457 0.298903 0.405275
0.164531 0.088763 0.299491 0.447215
0.200374 0.114981 0.308314 0.376331
0.244433 0.155437 0.284606 0.315524
0.169234 0.093579 0.299634 0.437554
0.206461 0.120467 0.307296 0.365775
0.184882 0.103427 0.303074 0.408618
0.165937 0.089521 0.299971 0.444571
0.228192 0.138343 0.295185 0.338280
0.237263 0.147577 0.290472 0.324688
0.160113 0.086379 0.297623 0.455885
0.207070 0.120775 0.306157 0.365999
0.180227 0.100251 0.305648 0.413875
0.183044 0.102420 0.309368 0.405168
0.229203 0.139542 0.294460 0.336794
0.227931 0.138272 0.296466 0.337331
0.184083 0.103002 0.304186 0.408729
0.197169 0.113759 0.304910 0.384162
0.178740 0.098836 0.304839 0.417586
0.186601 0.104904 0.308460 0.400036
0.237755 0.148005 0.284430 0.329810
0.205267 0.119226 0.298831 0.376676
0.184623 0.103791 0.299844 0.411742
0.193203 0.110156 0.305118 0.391524
0.163544 0.088230 0.302854 0.445372
0.207110 0.120257 0.307355 0.365279
0.232302 0.142523 0.289504 0.335671
0.188505 0.105476 0.300827 0.405192
0.222930 0.134502 0.299467 0.343101
0.200240 0.114904 0.305108 0.379747
0.165022 0.089027 0.302580 0.443372
0.206476 0.119734 0.306258 0.367532
0.211345 0.124263 0.294840 0.369551
0.188252 0.105832 0.304496 0.401420
0.239542 0.150672 0.294016 0.315770
0.208119 0.121434 0.299210 0.371237
0.185298 0.103681 0.302375 0.408646
0.201236 0.115410 0.306247 0.377107
0.180892 0.100620 0.301202 0.417286
0.186725 0.104458 0.304496 0.404321
0.235299 0.146154 0.296190 0.322357
0.208352 0.121522 0.299980 0.370146
0.209884 0.122464 0.301748 0.365904
0.224840 0.134869 0.295266 0.345025
0.179297 0.099144 0.301892 0.419667
0.181793 0.101122 0.299478 0.417607
0.215398 0.128232 0.299108 0.357262
0.221544 0.132758 0.300822 0.344877
0.209767 0.122348 0.302017 0.365867
0.225124 0.135433 0.295238 0.344205
0.164074 0.088516 0.301112 0.446298
0.174283 0.096371 0.297999 0.431347
0.205203 0.119925 0.305197 0.369675
0.218103 0.129678 0.301841 0.350378
0.225028 0.134846 0.297455 0.342671
0.208766 0.121221 0.301208 0.368805
0.165503 0.089287 0.301260 0.443950
0.163384 0.088144 0.296890 0.451583
0.196681 0.112862 0.301366 0.389090
0.201052 0.115305 0.304630 0.379013
0.220942 0.131367 0.299103 0.348589
0.203063 0.116523 0.302639 0.377775
0.163802 0.088369 0.302808 0.445021
0.187027 0.104649 0.302577 0.405747
0.205620 0.119976 0.296598 0.377806
0.179457 0.099823 0.301891 0.418830
0.200354 0.114904 0.306789 0.377952
0.196739 0.111513 0.303432 0.388316
0.187098 0.104689 0.307581 0.400632
0.189880 0.106747 0.302958 0.400414
0.206620 0.120512 0.298165 0.374703
0.175370 0.096972 0.297674 0.429984
0.184529 0.102644 0.305636 0.407191
0.166543 0.089848 0.302110 0.441499
0.189936 0.106778 0.306582 0.396703
0.185009 0.103498 0.305869 0.405624
0.197028 0.113678 0.299603 0.389690
0.185987 0.104067 0.300895 0.409051
0.179161 0.099069 0.300047 0.421723
0.162037 0.087417 0.292289 0.458257
0.209470 0.121627 0.305202 0.363701
0.201965 0.116596 0.309277 0.372162
0.211151 0.125015 0.294732 0.369101
0.189232 0.106382 0.301923 0.402463
0.166680 0.089922 0.298322 0.445077
0.164566 0.088781 0.295309 0.451344
0.205495 0.119165 0.300526 0.374814
0.196246 0.113119 0.299368 0.391267
0.191401 0.110327 0.293405 0.404867
0.184676 0.103312 0.298036 0.413977
0.167573 0.090403 0.299397 0.442627
0.160941 0.086826 0.288050 0.464184
0.221196 0.131741 0.297250 0.349813
0.183061 0.102408 0.300024 0.414507
0.174059 0.097373 0.293708 0.434860
0.201814 0.116509 0.302794 0.378884
0.190245 0.106449 0.303604 0.399702
0.163697 0.088313 0.292473 0.455518
0.208058 0.120652 0.301352 0.369938
0.181949 0.101209 0.301368 0.415473
0.175631 0.097694 0.297139 0.429535
0.198903 0.114651 0.306584 0.379862
0.192295 0.108105 0.303528 0.396072
0.187196 0.104743 0.298738 0.409322
0.202710 0.116256 0.302673 0.378362
0.196092 0.112524 0.294430 0.396953
0.193846 0.111236 0.303514 0.391404
