0.203741 0.122115 0.311007 0.363138
0.173388 0.097746 0.308191 0.420675
0.182489 0.104196 0.310058 0.403257
0.202094 0.121799 0.308270 0.367837
0.268129 0.220484 0.234091 0.277295
0.259082 0.195905 0.256894 0.288119
0.203088 0.121146 0.311886 0.363880
0.182136 0.104097 0.311935 0.401832
0.194261 0.113847 0.308470 0.383423
0.207354 0.126451 0.307191 0.359004
0.265263 0.223681 0.226809 0.284247
0.250824 0.180529 0.273686 0.294961
0.188912 0.109953 0.310448 0.390686
0.197642 0.116540 0.314667 0.371152
0.198518 0.117221 0.308026 0.376235
0.199518 0.120165 0.302505 0.377812
0.264585 0.211011 0.254598 0.269806
0.260484 0.198543 0.249240 0.291733
0.180203 0.102919 0.308238 0.408641
0.201381 0.119709 0.313059 0.365850
0.190061 0.110178 0.308973 0.390788
0.190854 0.113237 0.301566 0.394343
0.259903 0.195693 0.259841 0.284563
0.255075 0.186318 0.266703 0.291903
0.170776 0.095860 0.306540 0.426825
0.194867 0.114479 0.310133 0.380521
0.179682 0.102176 0.309470 0.408672
0.196810 0.117881 0.304440 0.380869
0.257850 0.190108 0.267539 0.284504
0.260464 0.195663 0.261823 0.282050
0.198165 0.116994 0.309337 0.375504
0.210037 0.126954 0.308583 0.354426
0.174906 0.098507 0.307544 0.419043
0.220607 0.138825 0.300059 0.340509
0.254266 0.182036 0.275803 0.287895
0.251458 0.179743 0.282742 0.286057
0.197904 0.116789 0.308578 0.376729
0.204415 0.122185 0.307583 0.365816
0.171265 0.095987 0.307294 0.425453
0.224457 0.142569 0.300013 0.332960
0.249571 0.180621 0.276693 0.293115
0.253892 0.182906 0.279932 0.283271
0.214604 0.131126 0.307316 0.346954
0.215422 0.131260 0.306369 0.346949
0.165946 0.092081 0.305139 0.436834
0.219257 0.137984 0.307070 0.335689
0.259620 0.199019 0.251024 0.290338
0.242018 0.166063 0.294934 0.296985
0.208604 0.126045 0.308503 0.356849
0.213118 0.129478 0.307073 0.350331
0.164275 0.090801 0.303936 0.440988
0.224473 0.143320 0.307067 0.325141
0.249360 0.179114 0.273811 0.297715
0.246542 0.171234 0.289586 0.292639
0.214500 0.130880 0.308660 0.345961
0.203982 0.121920 0.309453 0.364645
0.178452 0.101067 0.308872 0.411609
0.226352 0.144757 0.304925 0.323966
0.249379 0.177889 0.272625 0.300107
0.248337 0.175061 0.277953 0.298649
0.188456 0.109237 0.310509 0.391798
0.185188 0.106467 0.310132 0.398213
0.172165 0.096559 0.307015 0.424261
0.213804 0.132187 0.309275 0.344735
0.244662 0.171003 0.274914 0.309421
0.260462 0.192534 0.261477 0.285527
0.177032 0.100667 0.306026 0.416275
0.170164 0.095306 0.305765 0.428765
0.188903 0.109243 0.310277 0.391577
0.216781 0.134510 0.309363 0.339346
0.258743 0.193938 0.264895 0.282425
0.261378 0.192996 0.262109 0.283517
0.176447 0.100156 0.305619 0.417778
0.153604 0.083631 0.295697 0.467068
0.195209 0.114247 0.311382 0.379162
0.244463 0.162049 0.294333 0.299155
0.246685 0.175314 0.284311 0.293689
0.263805 0.200182 0.248395 0.287618
0.183253 0.105178 0.308667 0.402902
0.157268 0.086088 0.298884 0.457760
0.189562 0.109891 0.310431 0.390115
0.253912 0.174376 0.280612 0.291101
0.253689 0.184104 0.279023 0.283184
0.261367 0.193186 0.259264 0.286183
0.181293 0.103386 0.309089 0.406232
0.172460 0.097191 0.303866 0.426484
0.177024 0.100020 0.308757 0.414199
0.249530 0.168714 0.286950 0.294806
0.248314 0.174753 0.289077 0.287857
0.250684 0.177532 0.281399 0.290384
0.193288 0.112831 0.310243 0.383638
0.181178 0.103510 0.307047 0.408266
0.178001 0.101131 0.306541 0.414327
0.247462 0.165841 0.288673 0.298024
0.241587 0.164775 0.302021 0.291617
0.242500 0.164534 0.289258 0.303708
0.196122 0.115304 0.312478 0.376096
0.193884 0.113416 0.310453 0.382247
0.171746 0.096257 0.306708 0.425289
0.240961 0.157546 0.295997 0.305495
0.258441 0.187054 0.277292 0.277214
0.239000 0.159660 0.290893 0.310447
0.190292 0.110687 0.311893 0.387128
0.187757 0.109050 0.311580 0.391612
0.173647 0.097734 0.305591 0.423027
0.219938 0.135978 0.306526 0.337559
0.267381 0.204568 0.261372 0.266679
0.229554 0.149424 0.299270 0.321753
0.189913 0.110233 0.310506 0.389349
0.184730 0.106793 0.308179 0.400298
0.180132 0.102504 0.308520 0.408843
0.206763 0.124472 0.309061 0.359705
0.263569 0.200151 0.255710 0.280570
0.228124 0.148493 0.295016 0.328367
0.181347 0.103530 0.308468 0.406655
0.180681 0.103514 0.308224 0.407582
0.177076 0.100211 0.307208 0.415505
0.207315 0.125043 0.307745 0.359897
0.266790 0.204064 0.249776 0.279370
0.251164 0.176145 0.276580 0.296112
0.176258 0.099691 0.307753 0.416299
0.174762 0.098689 0.307645 0.418904
0.175780 0.099421 0.308062 0.416737
0.200109 0.119206 0.306377 0.374308
0.264858 0.207631 0.227224 0.300287
0.243187 0.165873 0.284124 0.306816
0.191127 0.111477 0.306153 0.391243
0.179968 0.102360 0.309721 0.407951
0.177385 0.100513 0.307689 0.414413
0.193630 0.113876 0.304617 0.387877
0.256293 0.185921 0.259000 0.298787
0.236066 0.156920 0.291382 0.315632
0.200417 0.118986 0.306948 0.373649
0.215576 0.131452 0.308673 0.344299
0.170289 0.095323 0.306192 0.428195
0.181162 0.104563 0.300040 0.414235
0.257227 0.185019 0.258687 0.299066
0.242455 0.164794 0.283406 0.309345
0.191690 0.112062 0.306631 0.389617
0.214281 0.130983 0.309791 0.344945
0.172504 0.096716 0.307506 0.423274
0.183480 0.106213 0.302564 0.407743
0.247016 0.171653 0.279101 0.302230
0.235780 0.157166 0.294747 0.312307
0.186399 0.107632 0.308276 0.397693
0.217099 0.133638 0.307058 0.342205
0.169851 0.094882 0.306368 0.428898
0.178505 0.102675 0.300153 0.418667
0.231440 0.154030 0.280204 0.334327
0.234835 0.154793 0.296782 0.313590
0.181054 0.103997 0.303504 0.411445
0.205517 0.124451 0.301409 0.368622
0.187148 0.107761 0.311383 0.393708
0.178349 0.102607 0.301302 0.417742
0.200069 0.123807 0.294097 0.382027
0.229918 0.152053 0.290843 0.327186
0.161136 0.089820 0.294812 0.454233
0.183463 0.107307 0.292839 0.416391
0.181264 0.103427 0.309581 0.405727
0.171619 0.097340 0.301640 0.429401
0.206536 0.129509 0.296063 0.367892
0.232770 0.154224 0.292135 0.320871
0.161196 0.089391 0.297615 0.451798
0.169206 0.095509 0.296658 0.438627
0.192435 0.112131 0.310755 0.384679
0.173883 0.099214 0.304560 0.422342
0.192069 0.116161 0.295566 0.396205
0.226268 0.147307 0.297595 0.328830
0.169551 0.095234 0.303457 0.431758
0.187848 0.109327 0.303587 0.399238
0.185756 0.106736 0.310266 0.397242
0.175326 0.100787 0.300210 0.423676
0.223955 0.145845 0.292629 0.337571
0.245455 0.168167 0.284217 0.302161
0.176961 0.100481 0.306513 0.416045
0.187022 0.108473 0.306626 0.397879
0.188145 0.108533 0.311513 0.391809
0.184620 0.107960 0.305947 0.401474
0.209969 0.133373 0.303836 0.352822
0.240789 0.162664 0.284828 0.311719
0.175002 0.099585 0.305828 0.419585
0.181185 0.104344 0.308716 0.405756
0.179866 0.102148 0.309127 0.408860
0.199641 0.120300 0.308219 0.371839
0.241338 0.168371 0.295831 0.294459
0.241523 0.166049 0.289238 0.303191
0.198953 0.119314 0.311972 0.369761
0.174409 0.099403 0.310024 0.416164
0.183845 0.105313 0.309534 0.401307
0.213056 0.132984 0.301672 0.352288
0.247933 0.177215 0.289027 0.285825
0.241432 0.164907 0.288910 0.304750
0.198999 0.119539 0.307718 0.373744
0.172718 0.098129 0.305430 0.423723
0.180853 0.102915 0.310055 0.406178
0.240688 0.160603 0.289319 0.309390
0.241311 0.170712 0.290572 0.297406
0.248204 0.173105 0.283060 0.295631
0.203149 0.123117 0.302798 0.370935
0.165139 0.092554 0.298199 0.444108
0.178381 0.100950 0.309535 0.411134
0.237528 0.158100 0.297594 0.306779
0.241237 0.168440 0.289378 0.300944
0.238156 0.159214 0.293052 0.309578
0.195484 0.116070 0.304761 0.383686
0.176711 0.100897 0.304846 0.417546
0.178754 0.101102 0.309820 0.410324
0.248532 0.170832 0.283953 0.296683
0.264150 0.212987 0.240742 0.282121
0.227743 0.149005 0.297380 0.325872
0.218503 0.136338 0.303209 0.341951
0.226048 0.142593 0.303744 0.327615
0.170901 0.095469 0.307213 0.426418
0.248937 0.170398 0.284701 0.295964
0.265615 0.220040 0.225345 0.289000
0.254049 0.182391 0.271293 0.292268
0.249515 0.168429 0.283015 0.299040
0.268082 0.203780 0.226737 0.301401
0.171378 0.095876 0.307135 0.425612
0.240432 0.160716 0.297089 0.301763
0.266639 0.219136 0.228469 0.285756
0.249908 0.177139 0.274910 0.298044
0.247070 0.166007 0.291374 0.295549
0.266615 0.197790 0.250786 0.284808
0.173740 0.097587 0.307047 0.421626
0.227016 0.145327 0.303412 0.324244
0.269070 0.227812 0.229029 0.274089
0.249499 0.174661 0.278561 0.297279
0.230554 0.148201 0.306941 0.314304
0.253341 0.177561 0.280242 0.288856
0.172432 0.096523 0.307200 0.423845
0.250856 0.171437 0.284504 0.293202
0.266866 0.214332 0.245801 0.273002
0.241060 0.165751 0.277432 0.315757
0.217156 0.135212 0.307813 0.339820
0.235943 0.155169 0.293667 0.315221
0.166026 0.091770 0.305750 0.436455
0.237811 0.155953 0.298914 0.307322
0.257391 0.190941 0.274159 0.277510
0.244360 0.171704 0.273658 0.310278
0.208284 0.127225 0.306557 0.357934
0.206102 0.125998 0.298786 0.369114
0.169278 0.094506 0.304394 0.431822
0.232378 0.149498 0.301961 0.316163
0.245682 0.172516 0.286322 0.295480
0.240875 0.164736 0.285857 0.308532
0.191114 0.111981 0.307604 0.389301
0.162026 0.090014 0.296659 0.451301
0.171418 0.096073 0.305446 0.427062
0.247340 0.167345 0.283025 0.302290
0.245936 0.170411 0.289183 0.294470
0.241036 0.165721 0.286106 0.307137
0.215472 0.132055 0.306605 0.345869
0.192006 0.112864 0.305131 0.390000
0.166745 0.092525 0.305329 0.435401
0.238180 0.157504 0.289339 0.314977
0.256116 0.184395 0.272501 0.286988
0.239825 0.162441 0.288703 0.309032
0.241981 0.158346 0.290982 0.308691
0.230396 0.147638 0.299346 0.322619
0.165490 0.091473 0.305315 0.437722
0.223316 0.140538 0.301772 0.334373
0.258769 0.188568 0.270546 0.282117
0.231231 0.154207 0.300065 0.314497
0.240144 0.156817 0.296493 0.306546
0.226428 0.143807 0.304865 0.324899
0.163584 0.090038 0.304936 0.441441
0.231274 0.147981 0.298365 0.322380
0.263541 0.199607 0.254182 0.282670
0.238776 0.162903 0.298926 0.299395
0.228998 0.146645 0.300372 0.323984
0.210426 0.129489 0.311935 0.348150
0.163286 0.090169 0.304292 0.442254
0.223022 0.139677 0.303077 0.334224
0.262721 0.198897 0.257665 0.280717
0.247591 0.171545 0.290450 0.290414
0.211036 0.130009 0.302111 0.356844
0.196011 0.116931 0.309892 0.377167
0.166668 0.092593 0.305299 0.435440
0.207249 0.125320 0.312037 0.355394
0.259392 0.190441 0.262548 0.287620
0.253777 0.180579 0.283465 0.282179
0.190120 0.111201 0.306070 0.392609
0.188565 0.110362 0.308463 0.392611
0.174872 0.098424 0.308142 0.418562
0.209551 0.127799 0.311646 0.351003
0.247886 0.172245 0.280749 0.299120
0.248563 0.172853 0.286905 0.291680
0.173828 0.098117 0.306147 0.421909
0.202140 0.120804 0.311159 0.365897
0.173544 0.097356 0.308041 0.421059
0.205215 0.123326 0.311730 0.359729
0.248585 0.171846 0.280871 0.298698
0.264521 0.202637 0.249123 0.283719
0.190721 0.110998 0.308714 0.389567
0.223112 0.139184 0.306641 0.331063
0.170490 0.095063 0.307490 0.426957
0.195206 0.114803 0.311353 0.378638
0.242412 0.164046 0.289688 0.303854
0.266208 0.209783 0.235034 0.288976
0.208395 0.126262 0.309351 0.355992
0.254633 0.174026 0.279239 0.292102
0.186839 0.107361 0.312548 0.393252
0.191380 0.112063 0.308619 0.387939
0.245834 0.169631 0.282101 0.302434
0.261405 0.193462 0.256230 0.288903
0.211301 0.129183 0.312555 0.346960
0.256460 0.177172 0.280318 0.286050
0.189338 0.109352 0.312819 0.388491
0.216711 0.133076 0.305818 0.344395
0.235438 0.157137 0.290782 0.316643
0.260752 0.191201 0.258187 0.289859
0.203696 0.122574 0.308926 0.364805
0.246683 0.164653 0.292785 0.295879
0.181669 0.103483 0.309941 0.404907
0.229972 0.146586 0.296507 0.326936
0.238200 0.159887 0.290692 0.311221
0.251513 0.179271 0.266127 0.303089
0.199846 0.118877 0.308672 0.372604
0.228589 0.144505 0.303887 0.323018
0.177775 0.100444 0.309338 0.412442
0.220369 0.137563 0.298884 0.343184
0.232190 0.151859 0.297430 0.318520
0.239717 0.162234 0.287403 0.310647
0.179357 0.102850 0.304323 0.413470
0.206397 0.124376 0.306904 0.362324
0.173240 0.097029 0.308473 0.421257
0.215649 0.132595 0.303854 0.347902
0.236365 0.157493 0.288529 0.317612
0.228744 0.149897 0.294438 0.326920
0.195859 0.116126 0.304861 0.383155
0.188227 0.108961 0.309541 0.393271
0.173399 0.097133 0.307842 0.421626
0.208559 0.126464 0.307976 0.357001
0.237006 0.158298 0.293334 0.311362
0.219262 0.141307 0.290885 0.348546
0.226960 0.143599 0.295679 0.333761
0.201595 0.119367 0.310534 0.368503
0.176594 0.099583 0.307741 0.416082
0.182729 0.105007 0.307989 0.404275
0.239518 0.162187 0.289656 0.308639
0.213535 0.135154 0.293710 0.357602
0.221774 0.139038 0.301642 0.337546
0.208835 0.125633 0.309152 0.356379
0.173345 0.097452 0.305734 0.423470
0.175071 0.099575 0.304897 0.420457
0.240757 0.163353 0.287323 0.308567
0.216045 0.138166 0.300162 0.345628
0.208225 0.126754 0.304120 0.360901
0.200000 0.118215 0.311049 0.370735
0.170409 0.095230 0.304825 0.429535
0.172246 0.097667 0.303532 0.426555
0.237012 0.158755 0.286371 0.317862
0.233012 0.155133 0.291346 0.320508
0.202607 0.122351 0.305724 0.369317
0.191745 0.111685 0.312831 0.383739
0.167077 0.092766 0.303784 0.436373
0.174300 0.098795 0.304712 0.422193
0.227301 0.148959 0.295342 0.328399
0.236100 0.160469 0.284880 0.318550
0.190055 0.111933 0.306430 0.391582
0.183634 0.105479 0.308096 0.402791
0.157052 0.085508 0.301697 0.455743
0.191280 0.111818 0.308371 0.388531
0.236316 0.160512 0.279144 0.324027
0.229313 0.155367 0.291211 0.324109
0.167590 0.094391 0.300265 0.437753
0.167696 0.093476 0.303066 0.435762
0.152725 0.082430 0.300663 0.464182
0.195320 0.115308 0.307678 0.381694
0.241579 0.166717 0.279334 0.312370
0.228895 0.153672 0.295791 0.321642
0.187921 0.109884 0.305068 0.397127
0.165979 0.092043 0.304619 0.437359
0.160195 0.087690 0.304763 0.447352
0.211324 0.128996 0.309000 0.350679
0.238235 0.162421 0.283640 0.315705
0.254089 0.185220 0.272786 0.287905
0.192660 0.113753 0.307873 0.385714
0.173672 0.097549 0.307614 0.421165
0.159976 0.087626 0.303690 0.448708
0.224683 0.142104 0.303292 0.329921
0.229902 0.152113 0.295375 0.322611
0.246341 0.172750 0.284592 0.296317
0.212436 0.130548 0.308549 0.348467
0.196092 0.114611 0.311051 0.378246
0.158733 0.086787 0.302728 0.451752
0.215227 0.132888 0.306585 0.345301
0.243520 0.169393 0.281516 0.305570
0.247040 0.175144 0.286456 0.291359
0.226000 0.143787 0.302593 0.327620
0.187843 0.108587 0.311009 0.392562
0.164706 0.091151 0.303482 0.440662
0.204391 0.122668 0.310163 0.362777
0.229952 0.154048 0.300121 0.315878
0.263037 0.206289 0.260220 0.270455
0.231750 0.149608 0.303798 0.314843
0.181996 0.104169 0.310043 0.403792
0.172419 0.096634 0.306855 0.424092
0.198029 0.117753 0.308636 0.375583
0.233962 0.159442 0.289942 0.316654
0.262877 0.209203 0.249027 0.278893
0.221723 0.138960 0.309770 0.329546
0.176614 0.100794 0.300965 0.421627
0.182663 0.104296 0.308629 0.404413
0.208137 0.125662 0.309718 0.356482
0.238681 0.164800 0.288122 0.308397
0.257005 0.191439 0.265730 0.285826
0.224257 0.142535 0.299646 0.333562
0.167421 0.094143 0.295756 0.442681
0.188053 0.108628 0.309236 0.394082
0.213886 0.131118 0.308398 0.346598
0.249172 0.178354 0.274421 0.298053
0.260524 0.193650 0.266726 0.279100
0.223697 0.141488 0.299565 0.335250
0.155186 0.084847 0.294945 0.465022
0.190580 0.110854 0.308253 0.390313
0.215864 0.132885 0.307525 0.343726
0.248681 0.176558 0.283214 0.291547
0.265305 0.204693 0.252719 0.277283
0.224422 0.141637 0.303854 0.330086
0.177743 0.101235 0.303434 0.417588
0.182138 0.104213 0.309251 0.404398
0.210702 0.128366 0.305329 0.355602
0.268450 0.214042 0.240550 0.276958
0.265435 0.206947 0.249351 0.278266
0.238054 0.154537 0.296095 0.311314
0.193611 0.113445 0.307118 0.385826
0.174319 0.098050 0.307947 0.419684
0.210416 0.128632 0.305251 0.355701
0.265915 0.206551 0.263552 0.263982
0.257815 0.195343 0.263166 0.283676
0.239649 0.156062 0.293277 0.311012
0.183800 0.106277 0.309892 0.400032
0.162361 0.089365 0.303871 0.444402
0.197901 0.117377 0.307079 0.377643
0.264374 0.204371 0.261045 0.270210
0.257206 0.190144 0.270206 0.282445
0.223610 0.141039 0.306994 0.328357
0.178007 0.101897 0.310189 0.409908
0.163882 0.090498 0.304392 0.441227
0.204327 0.122361 0.309502 0.363810
0.256200 0.187559 0.278800 0.277441
0.253343 0.181461 0.270909 0.294286
0.208140 0.127339 0.306243 0.358278
0.174688 0.098911 0.309421 0.416980
0.167275 0.092930 0.306960 0.432834
0.203655 0.121830 0.309364 0.365151
0.259805 0.194136 0.262364 0.283695
0.251636 0.176156 0.280750 0.291459
0.210566 0.129202 0.302114 0.358119
0.163764 0.091230 0.300340 0.444666
0.182349 0.104116 0.309773 0.403762
0.189444 0.111028 0.305872 0.393656
0.247926 0.173064 0.277326 0.301683
0.253679 0.178031 0.283052 0.285237
0.193378 0.113770 0.306152 0.386700
0.162882 0.090490 0.300362 0.446266
0.180544 0.102808 0.308361 0.408287
0.196048 0.116701 0.305203 0.382048
0.262533 0.198269 0.246000 0.293199
0.262854 0.195178 0.273351 0.268617
0.179159 0.102546 0.305041 0.413254
0.220579 0.137543 0.301104 0.340774
0.184328 0.105630 0.310317 0.399725
0.188177 0.110238 0.303931 0.397655
0.261188 0.195762 0.254212 0.288838
0.260492 0.191540 0.269197 0.278772
0.223056 0.139025 0.304106 0.333814
0.251075 0.171114 0.274266 0.303544
0.184456 0.105677 0.311171 0.398697
0.188372 0.109764 0.305306 0.396558
0.262476 0.199938 0.246439 0.291147
0.245077 0.168909 0.288870 0.297144
0.226592 0.143691 0.304076 0.325640
0.250653 0.170333 0.275827 0.303186
0.192296 0.111756 0.310773 0.385175
0.187660 0.109390 0.304307 0.398643
0.252460 0.180435 0.275298 0.291806
0.242829 0.164306 0.287199 0.305665
0.208989 0.127442 0.311155 0.352414
0.241246 0.159712 0.293745 0.305297
0.181338 0.103260 0.310135 0.405267
0.201927 0.121735 0.305915 0.370423
0.239894 0.162970 0.291150 0.305986
0.241546 0.163683 0.278931 0.315840
0.200215 0.119767 0.308034 0.371984
0.222187 0.140928 0.299540 0.337346
0.176380 0.099639 0.308558 0.415424
0.206862 0.126293 0.305931 0.360913
0.221250 0.142176 0.300038 0.336535
0.258197 0.185735 0.257741 0.298327
0.197846 0.117631 0.309364 0.375158
0.191087 0.112891 0.304743 0.391279
0.176238 0.099477 0.307813 0.416472
0.209205 0.128211 0.307679 0.354905
0.229961 0.151158 0.295988 0.322892
0.251012 0.175787 0.273521 0.299680
0.182577 0.104728 0.309334 0.403360
0.172572 0.097786 0.303947 0.425694
0.177225 0.100206 0.307487 0.415082
0.196360 0.116612 0.308874 0.378154
0.226365 0.147301 0.300115 0.326218
0.255468 0.182638 0.269020 0.292874
0.211135 0.127860 0.311419 0.349587
0.168079 0.094086 0.304641 0.433194
0.166562 0.092423 0.304708 0.436307
0.191934 0.112925 0.310329 0.384812
0.243719 0.167413 0.284903 0.303965
0.237917 0.159029 0.290795 0.312260
0.233211 0.149300 0.298290 0.319199
0.207446 0.125100 0.309262 0.358193
0.171713 0.096272 0.304848 0.427166
0.211337 0.129218 0.311127 0.348318
0.249380 0.176309 0.273867 0.300444
0.215513 0.135832 0.307341 0.341314
0.225728 0.142462 0.304261 0.327548
0.217840 0.135122 0.311564 0.335474
0.176556 0.100044 0.305409 0.417991
0.223125 0.140645 0.305757 0.330473
0.248068 0.176147 0.273163 0.302622
0.195897 0.118138 0.301944 0.384021
0.224912 0.141559 0.303182 0.330347
0.226380 0.143594 0.307569 0.322457
0.170124 0.095231 0.304462 0.430183
0.232706 0.150475 0.297522 0.319298
0.246444 0.173116 0.277214 0.303226
0.211775 0.132975 0.298506 0.356744
0.210411 0.127653 0.308384 0.353551
0.229287 0.146152 0.304789 0.319772
0.164309 0.090821 0.304159 0.440711
0.230852 0.148518 0.297772 0.322858
0.248697 0.178012 0.266538 0.306753
0.221104 0.141268 0.298731 0.338898
0.196410 0.115968 0.305796 0.381826
0.224526 0.141867 0.301177 0.332431
0.169519 0.094640 0.305777 0.430064
0.235996 0.153302 0.295236 0.315466
0.243138 0.168606 0.280930 0.307327
0.232131 0.152775 0.294188 0.320906
0.184402 0.106305 0.308655 0.400638
0.202789 0.121646 0.307783 0.367783
0.164105 0.090678 0.305302 0.439915
0.230086 0.147145 0.296726 0.326043
0.235861 0.160762 0.286811 0.316566
0.256421 0.184256 0.263492 0.295831
0.204288 0.122070 0.310666 0.362976
0.232047 0.147555 0.299212 0.321185
0.166382 0.092267 0.307170 0.434180
0.225685 0.143699 0.296425 0.334191
0.240671 0.166429 0.288641 0.304259
0.245891 0.171003 0.284876 0.298230
0.198968 0.117982 0.309751 0.373298
0.236582 0.152241 0.298290 0.312888
0.172170 0.096705 0.307071 0.424054
0.215800 0.134022 0.303829 0.346349
0.242286 0.167928 0.287430 0.302356
0.242039 0.167191 0.287675 0.303094
0.193668 0.113503 0.308949 0.383880
0.230040 0.145435 0.303502 0.321023
0.178370 0.101281 0.307963 0.412387
0.210518 0.129076 0.305626 0.354780
0.236782 0.160697 0.300954 0.301567
0.239931 0.163159 0.288854 0.308056
0.176684 0.100699 0.306232 0.416385
0.212038 0.130140 0.306526 0.351296
0.180096 0.102484 0.309627 0.407794
0.198500 0.118549 0.305417 0.377535
0.243659 0.169267 0.288664 0.298410
0.237784 0.160202 0.289722 0.312291
0.190518 0.111426 0.306327 0.391728
0.202866 0.122482 0.303668 0.370984
0.193417 0.112652 0.311640 0.382291
0.187513 0.109555 0.306423 0.396508
0.253545 0.183035 0.283281 0.280139
0.219914 0.140142 0.302721 0.337223
0.183996 0.106266 0.303872 0.405866
0.175617 0.099832 0.303185 0.421366
0.201940 0.119400 0.311532 0.367128
0.191813 0.113357 0.307826 0.387005
0.262427 0.196541 0.267963 0.273070
0.250532 0.174581 0.282952 0.291935
0.192933 0.113110 0.308036 0.385920
0.176530 0.100186 0.304627 0.418657
0.200412 0.118339 0.312856 0.368394
0.206736 0.125931 0.305495 0.361837
0.260487 0.194405 0.266840 0.278268
0.258200 0.187205 0.273875 0.280720
0.187770 0.109308 0.305870 0.397053
0.179392 0.102280 0.305618 0.412710
0.190027 0.110158 0.311486 0.388329
0.211695 0.130491 0.303703 0.354111
0.265793 0.212533 0.229427 0.292247
0.249870 0.177221 0.276447 0.296462
0.210766 0.128435 0.307070 0.353728
0.205798 0.123685 0.310941 0.359575
0.187849 0.108365 0.310147 0.393640
0.207921 0.127185 0.305991 0.358904
0.260036 0.198015 0.253270 0.288679
0.247729 0.172974 0.282837 0.296459
0.194469 0.114910 0.308611 0.382010
0.204435 0.123082 0.312829 0.359654
0.176006 0.099184 0.308466 0.416344
0.214726 0.133810 0.301344 0.350120
0.261287 0.201114 0.241655 0.295943
0.250891 0.176352 0.278061 0.294696
0.183609 0.106259 0.307752 0.402380
0.198585 0.117932 0.311761 0.371722
0.164147 0.090535 0.304350 0.440968
0.230973 0.149171 0.297424 0.322432
0.256541 0.188487 0.255922 0.299049
0.241553 0.164506 0.281376 0.312565
0.185085 0.107417 0.304685 0.402812
0.183526 0.105754 0.308594 0.402126
0.173940 0.097648 0.306992 0.421420
0.221867 0.140184 0.303135 0.334814
0.255785 0.185391 0.266078 0.292746
0.247613 0.171915 0.274256 0.306216
0.189029 0.110419 0.308735 0.391817
0.171550 0.096920 0.303127 0.428403
0.179617 0.102185 0.307028 0.411169
0.219495 0.137817 0.304910 0.337779
0.230770 0.153366 0.293094 0.322770
0.247030 0.172446 0.283007 0.297517
0.193983 0.113871 0.310950 0.381196
0.192350 0.112552 0.307779 0.387319
0.172331 0.096882 0.304614 0.426173
0.226817 0.144787 0.301717 0.326679
0.240005 0.166255 0.284045 0.309696
0.249033 0.174574 0.278370 0.298024
0.211981 0.129418 0.308459 0.350142
0.225626 0.141164 0.302752 0.330457
0.169775 0.094876 0.304053 0.431296
0.221083 0.139301 0.307693 0.331923
0.225220 0.148926 0.295456 0.330399
0.241973 0.164225 0.288243 0.305559
0.227194 0.143386 0.305162 0.324258
0.228582 0.144135 0.302572 0.324711
0.166219 0.092290 0.303551 0.437940
0.218812 0.136317 0.308040 0.336832
0.220892 0.143296 0.299768 0.336044
0.227723 0.149577 0.297835 0.324865
0.212925 0.130323 0.312872 0.343880
0.226137 0.141795 0.305866 0.326201
0.156563 0.085242 0.301450 0.456745
0.228428 0.145453 0.304439 0.321680
0.228615 0.151381 0.291145 0.328859
0.218661 0.139878 0.301648 0.339814
0.221868 0.138010 0.308418 0.331704
0.220092 0.136687 0.309883 0.333338
0.158954 0.087011 0.302676 0.451359
0.233111 0.150074 0.302112 0.314703
0.244219 0.171720 0.278928 0.305133
0.242851 0.167684 0.279839 0.309626
0.211065 0.128236 0.308200 0.352498
0.189609 0.111110 0.305848 0.393432
0.167099 0.092832 0.306820 0.433248
0.227708 0.144772 0.303841 0.323679
0.249125 0.181392 0.272459 0.297024
0.234307 0.159042 0.282174 0.324477
0.203653 0.122605 0.305410 0.368333
0.169096 0.095640 0.295577 0.439688
0.166889 0.092605 0.307004 0.433503
0.242464 0.160145 0.291431 0.305961
0.254119 0.193723 0.256764 0.295394
0.238875 0.162221 0.284001 0.314903
0.200409 0.120092 0.301743 0.377755
0.173150 0.098114 0.300476 0.428259
0.172837 0.096903 0.309352 0.420909
0.234064 0.150510 0.299596 0.315830
0.256868 0.196533 0.253820 0.292778
0.254098 0.183047 0.270968 0.291887
0.224190 0.140803 0.296336 0.338671
0.183391 0.105642 0.304061 0.406907
0.178295 0.101029 0.309440 0.411236
0.226537 0.143160 0.300918 0.329385
0.249068 0.180560 0.277237 0.293135
0.254278 0.184354 0.269154 0.292215
0.209712 0.127206 0.304930 0.358152
0.208630 0.125894 0.305686 0.359790
0.187550 0.108038 0.311974 0.392438
0.220257 0.137336 0.301478 0.340929
0.250734 0.182088 0.278438 0.288740
0.238872 0.165020 0.286106 0.310001
0.197184 0.116630 0.308067 0.378120
0.210201 0.127945 0.310508 0.351346
0.197396 0.115685 0.312469 0.374450
0.216419 0.134306 0.300889 0.348386
0.256674 0.192909 0.272002 0.278415
0.240800 0.168419 0.290621 0.300160
0.193888 0.114509 0.308403 0.383200
0.197451 0.117519 0.316135 0.368895
0.201448 0.118950 0.312022 0.367580
0.197502 0.117915 0.303093 0.381491
0.257559 0.193423 0.284031 0.264987
0.238021 0.162145 0.292875 0.306959
0.179998 0.103643 0.307604 0.408754
0.187008 0.108697 0.311259 0.393036
0.197413 0.116101 0.308360 0.378126
0.194695 0.115511 0.301186 0.388609
0.248820 0.182589 0.280368 0.288222
0.242074 0.165911 0.287765 0.304250
0.162607 0.090071 0.302600 0.444722
0.170980 0.096598 0.302727 0.429695
0.187014 0.107941 0.308312 0.396733
0.188953 0.110642 0.304832 0.395574
0.260445 0.199939 0.263249 0.276367
0.243172 0.167832 0.287657 0.301339
0.168861 0.094484 0.304742 0.431913
0.159602 0.088135 0.298355 0.453908
0.182361 0.104051 0.308797 0.404790
0.183995 0.106560 0.306835 0.402610
0.261436 0.201553 0.257849 0.279161
0.256864 0.189876 0.272662 0.280597
0.180323 0.103435 0.306088 0.410154
0.202009 0.120679 0.306936 0.370376
0.171538 0.095824 0.306953 0.425685
0.187019 0.108926 0.309339 0.394716
0.263756 0.207465 0.248880 0.279898
0.265134 0.211160 0.243386 0.280320
0.207927 0.125917 0.309157 0.356999
0.255065 0.174248 0.270656 0.300031
0.164291 0.090614 0.304011 0.441084
0.194322 0.114896 0.311538 0.379244
0.265317 0.223958 0.211203 0.299523
0.262127 0.200526 0.254634 0.282713
0.238452 0.154933 0.297817 0.308798
0.250903 0.169798 0.280212 0.299087
0.157319 0.085839 0.302109 0.454733
0.184665 0.107481 0.308966 0.398888
0.267522 0.223107 0.237267 0.272103
0.255568 0.185720 0.271531 0.287182
0.238203 0.154897 0.297165 0.309735
0.244290 0.162147 0.294759 0.298805
0.163127 0.090082 0.303148 0.443643
0.198087 0.118161 0.309454 0.374298
0.262920 0.205431 0.251184 0.280465
0.255847 0.185972 0.270605 0.287575
0.223697 0.140620 0.302453 0.333230
0.226508 0.144018 0.304654 0.324819
0.159385 0.087302 0.301416 0.451897
0.210179 0.128906 0.304944 0.355971
0.259475 0.194991 0.264611 0.280923
0.259720 0.193418 0.260730 0.286132
0.211653 0.129487 0.308417 0.350443
0.192575 0.113786 0.305316 0.388322
0.158612 0.086721 0.301075 0.453592
0.224449 0.142182 0.298719 0.334650
0.255869 0.186829 0.274194 0.283109
0.251624 0.181038 0.274369 0.292969
0.205415 0.124116 0.305945 0.364524
0.155012 0.084580 0.297476 0.462931
0.157788 0.086094 0.302183 0.453935
0.236969 0.154828 0.290657 0.317546
0.232173 0.154604 0.297118 0.316105
0.252168 0.179182 0.280563 0.288088
0.199787 0.118611 0.307943 0.373659
0.168392 0.094328 0.302776 0.434504
0.180464 0.102560 0.310242 0.406734
0.249364 0.169517 0.281428 0.299690
0.261378 0.193043 0.268597 0.276981
0.251111 0.177803 0.277869 0.293217
0.200172 0.118720 0.309722 0.371386
0.204429 0.122172 0.308049 0.365350
0.183839 0.105240 0.311671 0.399249
0.240157 0.157863 0.294660 0.307320
0.257385 0.187229 0.277525 0.277860
0.246391 0.172123 0.279900 0.301585
0.200166 0.119028 0.311006 0.369800
0.222732 0.138947 0.304693 0.333628
0.180553 0.102848 0.309956 0.406644
0.225892 0.143110 0.306157 0.324841
0.257023 0.187782 0.270070 0.285126
0.242948 0.167259 0.285131 0.304662
0.207464 0.126185 0.302766 0.363585
0.217445 0.135957 0.302997 0.343602
0.176642 0.099804 0.309656 0.413899
0.207558 0.126417 0.309297 0.356728
0.255026 0.186608 0.263458 0.294907
0.251178 0.179033 0.278102 0.291687
0.197534 0.117905 0.305983 0.378579
0.207011 0.126756 0.301567 0.364666
0.179675 0.102082 0.309316 0.408928
0.190293 0.112156 0.305600 0.391951
0.255736 0.189148 0.259993 0.295124
0.251993 0.179756 0.270004 0.298248
0.185790 0.107938 0.305006 0.401265
0.197991 0.118520 0.304203 0.379286
0.171064 0.095875 0.304444 0.428617
0.192844 0.113966 0.305041 0.388149
0.247806 0.175581 0.264985 0.311628
0.244637 0.170777 0.277211 0.307375
0.184447 0.106644 0.304585 0.404324
0.175006 0.099485 0.303365 0.422143
0.182477 0.104190 0.308315 0.405018
0.200979 0.120646 0.303402 0.374972
0.253670 0.184769 0.255555 0.306006
0.243050 0.168816 0.283033 0.305101
0.198140 0.117633 0.305450 0.378777
0.182271 0.104953 0.305191 0.407585
0.186491 0.107726 0.306668 0.399115
0.221346 0.138400 0.300250 0.340005
0.250168 0.177265 0.274222 0.298344
0.244355 0.170767 0.279569 0.305309
0.187951 0.109980 0.308369 0.393699
0.212262 0.130245 0.308542 0.348951
0.191531 0.111407 0.308359 0.388702
0.231732 0.148514 0.299258 0.320496
0.240002 0.165365 0.287662 0.306971
0.249849 0.177678 0.273759 0.298714
0.210863 0.128715 0.310203 0.350219
0.213820 0.132446 0.309403 0.344331
0.182426 0.104377 0.307732 0.405465
0.231274 0.148665 0.303275 0.316786
0.238477 0.163858 0.289785 0.307879
0.234971 0.158966 0.289830 0.316233
0.205108 0.124154 0.308207 0.362531
0.215883 0.134369 0.306615 0.343133
0.173136 0.097384 0.308018 0.421462
0.215497 0.134447 0.303880 0.346176
0.220966 0.144257 0.302614 0.332163
0.239557 0.164705 0.290245 0.305493
0.192219 0.113442 0.307070 0.387268
0.203952 0.124572 0.300721 0.370755
0.162175 0.089263 0.303515 0.445048
0.199553 0.120043 0.307120 0.373284
0.212834 0.136195 0.301777 0.349193
0.247404 0.175525 0.279221 0.297851
0.180737 0.104291 0.305214 0.409758
0.191457 0.113616 0.302409 0.392518
0.162520 0.089746 0.303328 0.444407
0.184688 0.107476 0.305162 0.402674
0.233616 0.156593 0.292514 0.317277
0.243827 0.172006 0.281149 0.303019
0.224109 0.140845 0.304507 0.330539
0.213929 0.131873 0.303895 0.350303
0.159536 0.087385 0.302823 0.450256
0.191407 0.112634 0.304541 0.391418
0.256535 0.185835 0.277510 0.280120
0.244006 0.169639 0.287089 0.299266
0.222364 0.139112 0.302616 0.335908
0.239720 0.157142 0.292992 0.310146
0.165890 0.091994 0.305144 0.436972
0.217568 0.134982 0.301186 0.346264
0.263270 0.197689 0.268020 0.271021
0.255135 0.185020 0.278137 0.281708
0.226939 0.144066 0.301325 0.327670
0.239838 0.157256 0.296666 0.306239
0.188675 0.109076 0.309750 0.392499
0.228690 0.146196 0.303175 0.321939
0.270038 0.218343 0.239549 0.272070
0.262472 0.196500 0.266140 0.274888
0.228473 0.146288 0.299945 0.325294
0.232216 0.150741 0.306138 0.310905
0.187165 0.107960 0.310488 0.394387
0.236177 0.155136 0.293353 0.315334
0.270500 0.219749 0.245677 0.264073
0.258982 0.190366 0.275640 0.275011
0.226125 0.144333 0.300649 0.328893
0.228405 0.147096 0.305627 0.318872
0.201723 0.119532 0.312734 0.366011
0.229867 0.148487 0.298630 0.323016
0.259760 0.194205 0.268124 0.277911
0.262211 0.196878 0.273135 0.267775
0.205390 0.125526 0.297661 0.371423
0.203512 0.124183 0.300990 0.371315
0.197586 0.116270 0.310954 0.375190
0.209762 0.128950 0.306847 0.354441
0.256300 0.188153 0.258749 0.296798
0.261069 0.194270 0.266591 0.278071
0.189505 0.112497 0.296374 0.401625
0.191327 0.113915 0.296373 0.398384
0.193201 0.112928 0.309356 0.384515
0.190389 0.112016 0.307841 0.389754
0.253846 0.185130 0.254962 0.306062
0.262096 0.194150 0.262663 0.281091
0.199123 0.119832 0.300870 0.380176
0.203698 0.123578 0.299069 0.373656
0.176308 0.099802 0.307185 0.416705
0.214453 0.133082 0.298620 0.353846
0.247414 0.174565 0.265578 0.312444
0.259120 0.186372 0.270518 0.283991
0.208558 0.127912 0.302269 0.361261
0.244415 0.163949 0.277891 0.313744
0.180683 0.102871 0.308974 0.407472
0.211381 0.131387 0.299626 0.357606
0.257241 0.188221 0.253341 0.301197
0.259052 0.190684 0.256001 0.294263
0.216643 0.135224 0.301957 0.346175
0.249282 0.170230 0.276874 0.303613
0.182363 0.103911 0.309891 0.403835
0.221707 0.140938 0.297031 0.340324
0.257020 0.188841 0.260730 0.293408
0.262957 0.198626 0.244149 0.294268
0.199520 0.121058 0.307023 0.372399
0.234985 0.154962 0.299125 0.310927
0.180313 0.102454 0.310083 0.407151
0.231345 0.150970 0.290780 0.326906
0.232516 0.156906 0.290914 0.319664
0.253505 0.182053 0.266322 0.298120
0.204344 0.125248 0.311567 0.358841
0.215766 0.135594 0.312321 0.336320
0.180021 0.102261 0.311177 0.406540
0.230149 0.149841 0.290846 0.329164
0.215062 0.138883 0.298921 0.347134
0.241360 0.164927 0.278677 0.315036
0.202105 0.122724 0.308823 0.366348
0.194561 0.116219 0.308519 0.380701
0.183279 0.105003 0.309638 0.402081
0.201209 0.122363 0.305816 0.370613
0.209744 0.133811 0.299186 0.357259
0.227333 0.149904 0.280012 0.342751
0.206431 0.126345 0.307206 0.360018
0.170577 0.097251 0.298540 0.433633
0.176578 0.099714 0.308543 0.415166
0.218947 0.138452 0.305713 0.336889
0.205673 0.127810 0.303511 0.363006
0.215476 0.138080 0.293579 0.352866
0.212826 0.131668 0.308012 0.347494
0.182532 0.105941 0.305304 0.406222
0.164398 0.090869 0.303313 0.441420
0.218087 0.137104 0.307529 0.337280
0.225535 0.147836 0.295945 0.330683
0.209788 0.130944 0.300998 0.358270
0.254363 0.177478 0.280440 0.287719
0.241522 0.159694 0.292960 0.305825
0.168544 0.094096 0.302633 0.434726
0.213053 0.132558 0.308174 0.346215
0.253842 0.184709 0.275818 0.285630
0.223209 0.144568 0.298622 0.333601
0.267713 0.200875 0.248285 0.283127
0.266615 0.197317 0.247457 0.288611
0.179169 0.101868 0.305764 0.413198
0.211297 0.131189 0.308362 0.349152
0.263496 0.207264 0.254721 0.274519
0.219775 0.141876 0.300289 0.338060
0.262884 0.190931 0.265008 0.281178
0.265462 0.194077 0.262153 0.278309
0.181841 0.103889 0.308589 0.405681
0.243775 0.164769 0.290230 0.301226
0.266014 0.215097 0.251543 0.267346
0.207503 0.130880 0.307766 0.353851
0.255230 0.178521 0.279639 0.286609
0.258377 0.183045 0.286025 0.272553
0.179965 0.102287 0.308648 0.409100
0.247699 0.170843 0.278677 0.302781
0.262507 0.203071 0.256254 0.278168
0.240043 0.165410 0.295788 0.298759
0.247639 0.167350 0.288613 0.296398
0.243378 0.163733 0.292399 0.300490
0.175340 0.098843 0.308908 0.416908
0.249198 0.172897 0.273560 0.304345
0.252772 0.188109 0.265511 0.293608
0.243518 0.168855 0.287619 0.300009
0.233461 0.151848 0.293704 0.320987
0.218057 0.136771 0.299028 0.346145
0.166171 0.092263 0.306327 0.435238
0.251814 0.176935 0.269811 0.301440
0.255834 0.190940 0.260137 0.293090
0.253185 0.181008 0.279343 0.286464
0.214306 0.131894 0.304390 0.349409
0.191770 0.112997 0.303406 0.391827
0.155464 0.084643 0.300511 0.459382
0.255567 0.181307 0.269200 0.293927
0.257400 0.194380 0.257681 0.290540
0.259337 0.193916 0.264963 0.281783
0.222653 0.139686 0.302044 0.335618
0.213940 0.131177 0.303734 0.351149
0.166677 0.092548 0.304734 0.436040
0.238054 0.159818 0.283721 0.318408
0.263835 0.204566 0.249370 0.282228
0.267220 0.226988 0.215427 0.290365
0.227596 0.144619 0.299763 0.328022
0.251163 0.169187 0.277682 0.301967
0.167178 0.092943 0.304499 0.435381
0.225646 0.146029 0.297921 0.330404
0.257626 0.191767 0.264667 0.285940
0.267752 0.217285 0.232591 0.282372
0.219864 0.137127 0.302493 0.340516
0.242195 0.159990 0.293649 0.304166
0.181692 0.103561 0.309196 0.405551
0.212384 0.133056 0.302801 0.351759
0.257881 0.193773 0.274075 0.274271
0.262047 0.199620 0.256285 0.282048
0.209985 0.128389 0.309687 0.351939
0.223803 0.141393 0.309168 0.325636
0.203287 0.120641 0.311261 0.364811
0.210987 0.131180 0.305601 0.352232
0.246569 0.176815 0.281521 0.295095
0.253546 0.185751 0.259969 0.300734
0.199249 0.119063 0.307256 0.374432
0.206818 0.126066 0.308694 0.358423
0.206306 0.123409 0.312121 0.358164
0.211922 0.131698 0.302591 0.353789
0.248196 0.178048 0.281922 0.291834
0.253587 0.183325 0.270772 0.292316
0.195120 0.115458 0.307562 0.381860
0.183569 0.106173 0.306303 0.403955
0.192073 0.111837 0.311404 0.384685
0.216494 0.136633 0.306809 0.340064
0.245580 0.172538 0.279797 0.302085
0.241035 0.164193 0.288390 0.306382
0.194522 0.114780 0.309054 0.381643
0.157936 0.086454 0.301045 0.454566
0.185824 0.106832 0.311321 0.396022
0.239133 0.159932 0.294111 0.306825
0.249265 0.178497 0.276055 0.296183
0.244384 0.167273 0.287061 0.301282
0.193877 0.114232 0.309964 0.381927
0.195598 0.115144 0.309072 0.380186
0.171996 0.096332 0.307242 0.424430
0.248124 0.171622 0.285588 0.294667
0.263106 0.204976 0.243466 0.288453
0.250683 0.175686 0.283771 0.289860
0.222981 0.139899 0.301102 0.336018
0.236882 0.152426 0.296546 0.314146
0.164588 0.090888 0.304501 0.440022
0.251842 0.175792 0.280618 0.291748
0.261996 0.205158 0.252366 0.280479
0.237139 0.160936 0.299327 0.302598
0.216675 0.134918 0.303009 0.345398
0.240200 0.157802 0.293461 0.308537
0.175748 0.099044 0.307410 0.417798
0.240892 0.161821 0.294490 0.302797
0.262949 0.205563 0.250567 0.280921
0.247275 0.171347 0.288932 0.292446
0.212398 0.131381 0.301287 0.354933
0.231811 0.148614 0.302156 0.317419
0.179544 0.102577 0.303872 0.414007
0.256891 0.183791 0.268043 0.291275
0.253716 0.186622 0.271822 0.287840
0.249159 0.173460 0.285113 0.292268
0.212713 0.131218 0.301834 0.354234
0.216797 0.133857 0.305914 0.343433
0.186174 0.107343 0.306684 0.399799
0.247372 0.170119 0.282122 0.300387
0.252974 0.184991 0.272913 0.289122
0.243284 0.166929 0.283184 0.306603
0.213179 0.132001 0.298538 0.356282
0.190520 0.112313 0.301978 0.395189
0.181914 0.104085 0.306870 0.407131
0.247361 0.169759 0.282416 0.300464
0.239778 0.165848 0.286275 0.308099
0.248805 0.173247 0.276653 0.301296
0.193616 0.114583 0.306845 0.384956
0.172101 0.097309 0.301366 0.429224
0.172871 0.097235 0.305487 0.424407
0.240199 0.160289 0.290378 0.309134
0.255184 0.187357 0.272355 0.285104
0.264420 0.204220 0.238893 0.292467
0.210242 0.128438 0.309186 0.352134
0.193772 0.113902 0.308549 0.383777
0.161487 0.088884 0.302242 0.447388
0.248003 0.168857 0.284470 0.298669
0.254146 0.184457 0.275727 0.285670
0.257535 0.187391 0.262059 0.293016
0.210377 0.128830 0.311516 0.349277
0.208029 0.125675 0.306921 0.359375
0.162889 0.089950 0.305470 0.441691
0.227510 0.146552 0.300474 0.325464
0.259979 0.194369 0.268141 0.277511
0.252974 0.178971 0.271912 0.296144
0.203741 0.122984 0.310699 0.362576
0.202816 0.121205 0.309802 0.366177
0.159223 0.087213 0.302772 0.450792
0.228986 0.148428 0.297973 0.324613
0.257395 0.191952 0.266805 0.283848
0.242734 0.166359 0.288264 0.302643
0.195318 0.116145 0.311600 0.376937
0.202831 0.121906 0.313961 0.361303
0.165063 0.091535 0.303751 0.439651
0.228407 0.147063 0.301057 0.323473
0.256588 0.192037 0.267003 0.284372
0.230877 0.151466 0.298698 0.318959
0.214589 0.132460 0.308058 0.344893
0.191859 0.112908 0.309899 0.385333
0.171758 0.096474 0.306204 0.425564
0.225994 0.144615 0.300755 0.328636
0.253954 0.188613 0.261189 0.296244
0.223992 0.143433 0.304608 0.327968
0.218247 0.136195 0.300858 0.344700
0.191269 0.112591 0.303898 0.392243
0.177401 0.100731 0.307889 0.413979
0.218853 0.137045 0.303096 0.341007
0.255160 0.188310 0.262322 0.294207
0.224875 0.145140 0.300525 0.329460
0.238593 0.155813 0.291957 0.313637
0.182888 0.105511 0.305992 0.405609
0.209360 0.126286 0.307185 0.357169
0.232166 0.151319 0.294631 0.321884
0.256309 0.188734 0.261005 0.293952
0.227254 0.146690 0.302277 0.323779
0.238849 0.156927 0.290678 0.313546
0.193777 0.113915 0.307844 0.384464
0.206449 0.124115 0.307712 0.361724
0.232908 0.152565 0.295362 0.319165
0.255230 0.187903 0.266921 0.289946
0.247130 0.170782 0.282701 0.299387
0.251283 0.171932 0.276974 0.299811
0.238000 0.153803 0.293097 0.315100
0.202950 0.121012 0.310583 0.365455
0.234391 0.153614 0.292598 0.319397
0.255949 0.191258 0.263252 0.289542
0.247260 0.172188 0.276579 0.303973
0.233528 0.151253 0.295468 0.319751
0.238428 0.155333 0.295072 0.311166
0.200376 0.118669 0.311661 0.369294
0.232478 0.151101 0.297285 0.319137
0.248835 0.179418 0.283542 0.288205
0.248145 0.173963 0.269184 0.308707
0.207999 0.127926 0.303252 0.360823
