0.000747 0.000133 0.042197 0.956923
0.000741 0.000130 0.043791 0.955337
0.000714 0.000121 0.046221 0.952945
0.000671 0.000107 0.050087 0.949135
0.000672 0.000107 0.050339 0.948882
0.000718 0.000123 0.044146 0.955013
0.000768 0.000141 0.040434 0.958658
0.000713 0.000120 0.046440 0.952727
0.000693 0.000114 0.047936 0.951258
0.000672 0.000107 0.050225 0.948995
0.000673 0.000107 0.050398 0.948822
0.000717 0.000123 0.044357 0.954803
0.000741 0.000131 0.042065 0.957063
0.000717 0.000123 0.045376 0.953784
0.000695 0.000115 0.047732 0.951459
0.000711 0.000119 0.047224 0.951945
0.000673 0.000107 0.050414 0.948806
0.000681 0.000111 0.047341 0.951866
0.000709 0.000120 0.045244 0.953927
0.000721 0.000124 0.045105 0.954050
0.000696 0.000115 0.047677 0.951512
0.000716 0.000122 0.045497 0.953664
0.000671 0.000107 0.050138 0.949084
0.000688 0.000113 0.046699 0.952500
0.000717 0.000123 0.044806 0.954354
0.000721 0.000124 0.045196 0.953960
0.000695 0.000115 0.047826 0.951364
0.000718 0.000123 0.044745 0.954414
0.000688 0.000112 0.048572 0.950628
0.000694 0.000114 0.046967 0.952225
0.000741 0.000130 0.043445 0.955683
0.000694 0.000114 0.047535 0.951657
0.000673 0.000107 0.050470 0.948750
0.000743 0.000131 0.043399 0.955728
0.000692 0.000114 0.047852 0.951342
0.000765 0.000137 0.042649 0.956449
0.000771 0.000139 0.042643 0.956446
0.000672 0.000107 0.050338 0.948883
0.000673 0.000107 0.050469 0.948751
0.000746 0.000132 0.043013 0.956109
0.000695 0.000115 0.047671 0.951519
0.000846 0.000165 0.038801 0.960188
0.000847 0.000165 0.039088 0.959899
0.000673 0.000107 0.050398 0.948823
0.000673 0.000107 0.050471 0.948750
0.000695 0.000115 0.047669 0.951522
0.000696 0.000115 0.047620 0.951569
0.000954 0.000200 0.036511 0.962334
0.000852 0.000168 0.037929 0.961051
0.000673 0.000107 0.050414 0.948806
0.000673 0.000107 0.050471 0.948750
0.000696 0.000115 0.047621 0.951568
0.000714 0.000121 0.046221 0.952945
0.001100 0.000255 0.032474 0.966171
0.000862 0.000173 0.036725 0.962241
0.000673 0.000107 0.050413 0.948807
0.000673 0.000107 0.050470 0.948750
0.000714 0.000121 0.046221 0.952945
0.000693 0.000114 0.047936 0.951258
0.001133 0.000268 0.031274 0.967325
0.000821 0.000158 0.038500 0.960521
0.000689 0.000112 0.048740 0.950458
0.000671 0.000107 0.050193 0.949029
0.000690 0.000114 0.047618 0.951578
0.000695 0.000115 0.047732 0.951459
0.000964 0.000208 0.033998 0.964829
0.000750 0.000133 0.042869 0.956248
0.000693 0.000114 0.047937 0.951256
0.000672 0.000107 0.050338 0.948883
0.000691 0.000114 0.047039 0.952156
0.000696 0.000115 0.047677 0.951512
0.000857 0.000171 0.036458 0.962514
0.000695 0.000115 0.047826 0.951364
0.000695 0.000115 0.047730 0.951461
0.000673 0.000107 0.050398 0.948823
0.000695 0.000115 0.047329 0.951862
0.000695 0.000115 0.047826 0.951364
0.000748 0.000133 0.042692 0.956427
0.000673 0.000107 0.050470 0.948750
0.000696 0.000115 0.047677 0.951512
0.000673 0.000107 0.050414 0.948806
0.000695 0.000115 0.047619 0.951571
0.000673 0.000107 0.050470 0.948750
0.000711 0.000121 0.045630 0.953539
0.000673 0.000107 0.050470 0.948750
0.000695 0.000115 0.047827 0.951363
0.000673 0.000107 0.050413 0.948807
0.000673 0.000107 0.050304 0.948916
0.000673 0.000107 0.050470 0.948750
0.000717 0.000122 0.045220 0.953940
0.000673 0.000107 0.050470 0.948750
0.000673 0.000107 0.050470 0.948750
0.000689 0.000112 0.048742 0.950456
0.000689 0.000112 0.048616 0.950583
0.000673 0.000107 0.050470 0.948750
0.000695 0.000115 0.047595 0.951596
0.000673 0.000107 0.050470 0.948750
0.000671 0.000107 0.050193 0.949029
0.000693 0.000114 0.047934 0.951259
0.000740 0.000128 0.045254 0.953878
0.000673 0.000107 0.050469 0.948751
0.000714 0.000121 0.046025 0.953140
0.000673 0.000107 0.050470 0.948750
0.000672 0.000107 0.050338 0.948883
0.000695 0.000115 0.047732 0.951459
0.000745 0.000132 0.043183 0.955941
0.000673 0.000107 0.050471 0.948750
0.000718 0.000123 0.045382 0.953778
0.000673 0.000107 0.050469 0.948751
0.000673 0.000107 0.050397 0.948824
0.000696 0.000115 0.047677 0.951512
0.000750 0.000134 0.042675 0.956442
0.000673 0.000107 0.050471 0.948750
0.000714 0.000121 0.046179 0.952987
0.000673 0.000107 0.050471 0.948750
0.000673 0.000107 0.050414 0.948806
0.000695 0.000115 0.047827 0.951363
0.000751 0.000134 0.042715 0.956400
0.000673 0.000107 0.050470 0.948750
0.000718 0.000123 0.045306 0.953853
0.000673 0.000107 0.050471 0.948750
0.000673 0.000107 0.050414 0.948807
0.000671 0.000107 0.050193 0.949029
0.000721 0.000123 0.045332 0.953824
0.000671 0.000107 0.050193 0.949029
0.000720 0.000123 0.045243 0.953914
0.000673 0.000107 0.050470 0.948750
0.000689 0.000112 0.048739 0.950460
0.000672 0.000107 0.050338 0.948883
0.000673 0.000107 0.050470 0.948750
0.000672 0.000107 0.050337 0.948883
0.000694 0.000115 0.047382 0.951810
0.000671 0.000107 0.050193 0.949029
0.000690 0.000114 0.047618 0.951578
0.000673 0.000107 0.050398 0.948823
0.000673 0.000107 0.050469 0.948751
0.000673 0.000107 0.050398 0.948822
0.000695 0.000115 0.047685 0.951506
0.000672 0.000107 0.050338 0.948883
0.000694 0.000115 0.047586 0.951605
0.000673 0.000107 0.050414 0.948806
0.000673 0.000107 0.050470 0.948750
0.000673 0.000107 0.050414 0.948806
0.000671 0.000107 0.050126 0.949096
0.000673 0.000107 0.050398 0.948823
0.000696 0.000115 0.047599 0.951590
0.000673 0.000107 0.050413 0.948807
0.000673 0.000107 0.050469 0.948751
0.000673 0.000107 0.050413 0.948808
0.000672 0.000107 0.050283 0.948938
0.000673 0.000107 0.050414 0.948806
0.000694 0.000114 0.047479 0.951713
0.000689 0.000112 0.048740 0.950458
0.000673 0.000107 0.050471 0.948750
0.000686 0.000112 0.048385 0.950816
0.000671 0.000107 0.050069 0.949153
0.000673 0.000107 0.050413 0.948807
0.000672 0.000107 0.050282 0.948939
0.000693 0.000114 0.047937 0.951256
0.000671 0.000107 0.050194 0.949028
0.000692 0.000114 0.047783 0.951411
0.000686 0.000112 0.048172 0.951031
0.000689 0.000112 0.048741 0.950458
0.000689 0.000112 0.048648 0.950551
0.000695 0.000115 0.047730 0.951461
0.000672 0.000107 0.050338 0.948883
0.000695 0.000115 0.047651 0.951540
0.000692 0.000114 0.047644 0.951550
0.000693 0.000114 0.047934 0.951259
0.000693 0.000114 0.047874 0.951320
0.000696 0.000115 0.047677 0.951512
0.000671 0.000107 0.050126 0.949096
0.000694 0.000115 0.047325 0.951867
0.000713 0.000121 0.046010 0.953155
0.000695 0.000115 0.047732 0.951459
0.000695 0.000115 0.047674 0.951516
0.000695 0.000115 0.047827 0.951363
0.000672 0.000107 0.050284 0.948937
0.000695 0.000115 0.047631 0.951560
0.000714 0.000122 0.044564 0.954600
0.000696 0.000115 0.047681 0.951508
0.000715 0.000121 0.046097 0.953067
0.000673 0.000107 0.050470 0.948750
0.000673 0.000107 0.050342 0.948879
0.000686 0.000112 0.048298 0.950904
0.000739 0.000130 0.043385 0.955746
0.000693 0.000114 0.047532 0.951660
0.000715 0.000122 0.045109 0.954054
0.000671 0.000107 0.050193 0.949029
0.000686 0.000112 0.048321 0.950881
0.000690 0.000113 0.047420 0.951777
0.000734 0.000129 0.042981 0.956156
0.000671 0.000107 0.050072 0.949150
0.000694 0.000115 0.047586 0.951605
0.000672 0.000107 0.050338 0.948883
0.000692 0.000114 0.047725 0.951469
0.000692 0.000114 0.047169 0.952024
0.000742 0.000132 0.042263 0.956864
0.000672 0.000107 0.050270 0.948951
0.000696 0.000115 0.047599 0.951590
0.000673 0.000107 0.050398 0.948823
0.000713 0.000121 0.046078 0.953088
0.000713 0.000121 0.045756 0.953410
0.000718 0.000123 0.044388 0.954771
0.000673 0.000107 0.050344 0.948877
0.000695 0.000115 0.047768 0.951422
0.000673 0.000107 0.050414 0.948806
0.000718 0.000123 0.045244 0.953915
0.000715 0.000122 0.044916 0.954246
0.000768 0.000139 0.042075 0.957018
0.000669 0.000106 0.049636 0.949589
0.000670 0.000107 0.049896 0.949328
0.000673 0.000107 0.050413 0.948807
0.000720 0.000123 0.045184 0.953972
0.000713 0.000121 0.045865 0.953301
0.000739 0.000131 0.042268 0.956863
0.000684 0.000112 0.047890 0.951314
0.000687 0.000112 0.048410 0.950790
0.000689 0.000112 0.048740 0.950458
0.000714 0.000121 0.046091 0.953073
0.000741 0.000130 0.043776 0.955353
0.000768 0.000139 0.042038 0.957054
0.000710 0.000120 0.045969 0.953201
0.000692 0.000114 0.047773 0.951421
0.000693 0.000114 0.047936 0.951258
0.000718 0.000123 0.045442 0.953717
0.000772 0.000141 0.041734 0.957354
0.000809 0.000154 0.039455 0.959583
0.000717 0.000122 0.045097 0.954064
0.000695 0.000115 0.047614 0.951577
0.000695 0.000115 0.047732 0.951459
0.000695 0.000115 0.047732 0.951459
0.000747 0.000133 0.042856 0.956265
0.000850 0.000168 0.037624 0.961359
0.000721 0.000124 0.044870 0.954286
0.000696 0.000115 0.047563 0.951627
0.000696 0.000115 0.047677 0.951512
0.000696 0.000115 0.047677 0.951512
0.000774 0.000142 0.041478 0.957606
0.000775 0.000143 0.039815 0.959266
0.000807 0.000150 0.041558 0.957485
0.000734 0.000128 0.044468 0.954670
0.000695 0.000115 0.047826 0.951364
0.000695 0.000115 0.047826 0.951364
0.000747 0.000133 0.042979 0.956142
0.000843 0.000165 0.038048 0.960945
0.000808 0.000153 0.040192 0.958847
0.000715 0.000122 0.045391 0.953771
0.000673 0.000107 0.050470 0.948750
0.000673 0.000107 0.050470 0.948750
0.000720 0.000123 0.045241 0.953915
0.000773 0.000142 0.040369 0.958715
0.000776 0.000144 0.040305 0.958775
0.000720 0.000123 0.045040 0.954117
0.000673 0.000107 0.050470 0.948750
0.000673 0.000107 0.050470 0.948750
0.000696 0.000115 0.047677 0.951512
0.000746 0.000133 0.042194 0.956927
0.000784 0.000146 0.040145 0.958925
0.000722 0.000124 0.044964 0.954189
0.000673 0.000107 0.050469 0.948751
0.000673 0.000107 0.050470 0.948750
0.000695 0.000115 0.047827 0.951363
0.000722 0.000124 0.044683 0.954472
0.000782 0.000145 0.040627 0.958447
0.000721 0.000123 0.045276 0.953880
0.000673 0.000107 0.050471 0.948750
0.000673 0.000107 0.050470 0.948750
0.000673 0.000107 0.050469 0.948751
0.000769 0.000139 0.042458 0.956634
0.000695 0.000115 0.047765 0.951425
0.000689 0.000112 0.048740 0.950458
0.000673 0.000107 0.050471 0.948750
0.000673 0.000107 0.050469 0.948751
0.000673 0.000107 0.050471 0.948750
0.000716 0.000122 0.045438 0.953724
0.000673 0.000107 0.050414 0.948806
0.000693 0.000114 0.047936 0.951258
0.000673 0.000107 0.050470 0.948750
0.000673 0.000107 0.050471 0.948750
0.000673 0.000107 0.050470 0.948750
0.000743 0.000131 0.043679 0.955447
0.000686 0.000112 0.048384 0.950818
0.000695 0.000115 0.047732 0.951458
0.000671 0.000107 0.050193 0.949029
0.000673 0.000107 0.050471 0.948750
0.000673 0.000107 0.050469 0.948751
0.000774 0.000142 0.041588 0.957496
0.000692 0.000114 0.047783 0.951411
0.000696 0.000115 0.047676 0.951513
0.000672 0.000107 0.050337 0.948884
0.000673 0.000107 0.050470 0.948750
0.000671 0.000107 0.050193 0.949029
0.000778 0.000143 0.040856 0.958223
0.000691 0.000114 0.047092 0.952103
0.000695 0.000115 0.047825 0.951365
0.000673 0.000107 0.050397 0.948824
0.000671 0.000107 0.050193 0.949029
0.000672 0.000107 0.050338 0.948883
0.000721 0.000124 0.045105 0.954050
0.000695 0.000115 0.047345 0.951845
0.000673 0.000107 0.050471 0.948750
0.000673 0.000107 0.050415 0.948806
0.000672 0.000107 0.050338 0.948883
0.000673 0.000107 0.050399 0.948822
0.000721 0.000124 0.045196 0.953959
0.000695 0.000115 0.047620 0.951571
0.000673 0.000107 0.050471 0.948750
0.000673 0.000107 0.050414 0.948806
0.000673 0.000107 0.050398 0.948823
0.000671 0.000107 0.050140 0.949082
0.000694 0.000114 0.047534 0.951658
0.000689 0.000112 0.048610 0.950589
0.000671 0.000107 0.050194 0.949029
0.000686 0.000112 0.048384 0.950818
0.000673 0.000107 0.050414 0.948806
0.000671 0.000107 0.050018 0.949205
0.000672 0.000107 0.050339 0.948882
0.000693 0.000114 0.047817 0.951376
0.000671 0.000107 0.050072 0.949150
0.000690 0.000113 0.047477 0.951719
0.000673 0.000107 0.050413 0.948807
0.000685 0.000112 0.048148 0.951055
0.000673 0.000107 0.050398 0.948822
0.000740 0.000129 0.044925 0.954206
0.000672 0.000107 0.050268 0.948953
0.000694 0.000114 0.047509 0.951683
0.000689 0.000112 0.048740 0.950458
0.000692 0.000114 0.047644 0.951551
0.000673 0.000107 0.050414 0.948806
0.000745 0.000132 0.043107 0.956016
0.000673 0.000107 0.050341 0.948879
0.000696 0.000115 0.047541 0.951648
0.000693 0.000114 0.047937 0.951256
0.000695 0.000115 0.047536 0.951654
0.000671 0.000107 0.050138 0.949084
0.000749 0.000133 0.042798 0.956320
0.000673 0.000107 0.050358 0.948862
0.000695 0.000115 0.047712 0.951478
0.000695 0.000115 0.047730 0.951461
0.000714 0.000121 0.045962 0.953203
0.000688 0.000112 0.048572 0.950628
0.000722 0.000124 0.045024 0.954130
0.000689 0.000112 0.048679 0.950520
0.000689 0.000112 0.048679 0.950520
0.000696 0.000115 0.047677 0.951512
0.000740 0.000130 0.044002 0.955128
0.000692 0.000114 0.047854 0.951340
0.000721 0.000123 0.045333 0.953823
0.000713 0.000120 0.046442 0.952725
0.000713 0.000120 0.046442 0.952725
0.000695 0.000115 0.047827 0.951363
0.000741 0.000130 0.044039 0.955091
0.000695 0.000115 0.047671 0.951520
0.000673 0.000107 0.050471 0.948750
0.000715 0.000122 0.045035 0.954129
0.000718 0.000123 0.045378 0.953782
0.000673 0.000107 0.050470 0.948750
0.000747 0.000133 0.042914 0.956206
0.000696 0.000115 0.047619 0.951570
0.000671 0.000107 0.050194 0.949028
0.000720 0.000124 0.044950 0.954206
0.000721 0.000124 0.045103 0.954053
0.000671 0.000107 0.050193 0.949029
0.000749 0.000133 0.042783 0.956334
0.000714 0.000121 0.046221 0.952945
0.000671 0.000107 0.050070 0.949152
0.000721 0.000124 0.045114 0.954042
0.000721 0.000124 0.045195 0.953960
0.000672 0.000107 0.050337 0.948883
0.000721 0.000124 0.045196 0.953959
0.000693 0.000114 0.047938 0.951256
0.000672 0.000107 0.050269 0.948952
0.000695 0.000115 0.047766 0.951424
0.000695 0.000115 0.047827 0.951363
0.000673 0.000107 0.050398 0.948822
0.000694 0.000114 0.047533 0.951660
0.000693 0.000114 0.047429 0.951764
0.000673 0.000107 0.050343 0.948877
0.000673 0.000107 0.050414 0.948807
0.000673 0.000107 0.050470 0.948750
0.000673 0.000107 0.050414 0.948806
0.000672 0.000107 0.050339 0.948882
0.000694 0.000115 0.047251 0.951941
0.000673 0.000107 0.050358 0.948862
0.000689 0.000112 0.048742 0.950456
0.000671 0.000107 0.050192 0.949030
0.000673 0.000107 0.050414 0.948807
0.000673 0.000107 0.050397 0.948824
0.000695 0.000115 0.047611 0.951580
0.000684 0.000112 0.048012 0.951192
0.000693 0.000114 0.047936 0.951257
0.000672 0.000107 0.050338 0.948883
0.000686 0.000112 0.048385 0.950817
0.000671 0.000107 0.050141 0.949082
0.000673 0.000107 0.050344 0.948876
0.000710 0.000120 0.046073 0.953097
0.000693 0.000114 0.047428 0.951765
0.000673 0.000107 0.050398 0.948822
0.000692 0.000114 0.047782 0.951413
0.000670 0.000106 0.049784 0.949439
0.000671 0.000107 0.050083 0.949140
0.000717 0.000122 0.045195 0.953966
0.000695 0.000115 0.047535 0.951654
0.000673 0.000107 0.050414 0.948806
0.000695 0.000115 0.047652 0.951538
0.000687 0.000112 0.048329 0.950872
0.000686 0.000112 0.048174 0.951029
0.000721 0.000124 0.044982 0.954173
0.000695 0.000115 0.047750 0.951441
0.000671 0.000107 0.050138 0.949084
0.000696 0.000115 0.047617 0.951572
0.000689 0.000113 0.047138 0.952060
0.000708 0.000120 0.045773 0.953400
0.000719 0.000123 0.044779 0.954379
0.000671 0.000107 0.050140 0.949082
0.000686 0.000112 0.048231 0.950972
0.000695 0.000115 0.047770 0.951420
0.000694 0.000114 0.047282 0.951910
0.000716 0.000122 0.045062 0.954100
0.000730 0.000127 0.043885 0.955259
0.000671 0.000107 0.050018 0.949205
0.000692 0.000114 0.047701 0.951493
0.000686 0.000112 0.048384 0.950818
0.000711 0.000121 0.045428 0.953741
0.000716 0.000123 0.044084 0.955077
0.000710 0.000121 0.044524 0.954645
0.000688 0.000112 0.048484 0.950716
0.000695 0.000115 0.047593 0.951598
0.000692 0.000114 0.047783 0.951411
0.000768 0.000138 0.042565 0.956529
0.000737 0.000130 0.042754 0.956380
0.000718 0.000123 0.044603 0.954555
0.000692 0.000114 0.047792 0.951402
0.000696 0.000115 0.047562 0.951627
0.000693 0.000114 0.047354 0.951839
0.000741 0.000131 0.042594 0.956534
0.000732 0.000128 0.042817 0.956323
0.000722 0.000124 0.044689 0.954465
0.000695 0.000115 0.047615 0.951576
0.000714 0.000121 0.046159 0.953006
0.000695 0.000115 0.047478 0.951712
0.000807 0.000152 0.040106 0.958935
0.000737 0.000129 0.043343 0.955790
0.000741 0.000130 0.043592 0.955536
0.000715 0.000121 0.046032 0.953133
0.000709 0.000120 0.046042 0.953129
0.000695 0.000115 0.047690 0.951500
0.000815 0.000157 0.038626 0.960403
0.000746 0.000133 0.042492 0.956629
0.000735 0.000128 0.044629 0.954508
0.000740 0.000130 0.044059 0.955071
0.000717 0.000122 0.045211 0.953950
0.000689 0.000112 0.048675 0.950524
0.000806 0.000153 0.038994 0.960047
0.000840 0.000163 0.038864 0.960133
0.000806 0.000151 0.040917 0.958126
0.000717 0.000123 0.045376 0.953784
0.000721 0.000124 0.045021 0.954135
0.000693 0.000114 0.047877 0.951316
0.000747 0.000133 0.042600 0.956520
0.000848 0.000167 0.037816 0.961169
0.000811 0.000156 0.038327 0.960706
0.000721 0.000124 0.045105 0.954050
0.000721 0.000124 0.045132 0.954023
0.000714 0.000121 0.046176 0.952989
0.000773 0.000141 0.041486 0.957601
0.000896 0.000183 0.036863 0.962059
0.000820 0.000159 0.038159 0.960862
0.000721 0.000124 0.045196 0.953959
0.000695 0.000115 0.047770 0.951420
0.000714 0.000122 0.044679 0.954485
0.000716 0.000122 0.044911 0.954250
0.000862 0.000173 0.036715 0.962250
0.000783 0.000145 0.040420 0.958652
0.000694 0.000114 0.047534 0.951658
0.000689 0.000112 0.048741 0.950458
0.000719 0.000123 0.044945 0.954213
0.000719 0.000123 0.045032 0.954125
0.000863 0.000173 0.036668 0.962296
0.000741 0.000130 0.043782 0.955346
0.000672 0.000107 0.050339 0.948882
0.000693 0.000114 0.047936 0.951258
0.000695 0.000115 0.047523 0.951667
0.000714 0.000121 0.045997 0.953168
0.000772 0.000141 0.041001 0.958086
0.000693 0.000114 0.047876 0.951318
0.000673 0.000107 0.050398 0.948823
0.000693 0.000114 0.047429 0.951764
0.000695 0.000115 0.047710 0.951480
0.000718 0.000123 0.045379 0.953781
0.000743 0.000132 0.042609 0.956516
0.000711 0.000120 0.045795 0.953374
0.000673 0.000107 0.050413 0.948807
0.000695 0.000115 0.047535 0.951655
0.000673 0.000107 0.050355 0.948865
0.000693 0.000114 0.047372 0.951821
0.000694 0.000114 0.047509 0.951682
0.000718 0.000123 0.045147 0.954013
0.000671 0.000107 0.050137 0.949085
0.000695 0.000115 0.047749 0.951441
0.000712 0.000119 0.047337 0.951832
0.000713 0.000121 0.045913 0.953252
0.000696 0.000115 0.047542 0.951648
0.000720 0.000123 0.045157 0.953999
0.000688 0.000112 0.048572 0.950628
0.000673 0.000107 0.050414 0.948806
0.000713 0.000122 0.045206 0.953959
0.000717 0.000122 0.045355 0.953805
0.000694 0.000114 0.047423 0.951769
0.000694 0.000115 0.047326 0.951866
0.000692 0.000114 0.047854 0.951340
0.000673 0.000107 0.050413 0.948807
0.000717 0.000123 0.044656 0.954504
0.000693 0.000114 0.047372 0.951821
0.000686 0.000112 0.048170 0.951032
0.000695 0.000115 0.047630 0.951560
0.000693 0.000114 0.047371 0.951822
0.000689 0.000112 0.048740 0.950458
0.000720 0.000124 0.044501 0.954655
0.000694 0.000115 0.047197 0.951995
0.000711 0.000120 0.046156 0.953013
0.000689 0.000112 0.048649 0.950550
0.000694 0.000115 0.047196 0.951996
0.000693 0.000114 0.047936 0.951258
0.000720 0.000123 0.045048 0.954109
0.000712 0.000121 0.045954 0.953214
0.000717 0.000123 0.045220 0.953941
0.000693 0.000114 0.047874 0.951320
0.000712 0.000121 0.045954 0.953214
0.000695 0.000115 0.047732 0.951459
0.000673 0.000107 0.050285 0.948935
0.000692 0.000114 0.047793 0.951401
0.000719 0.000123 0.044673 0.954485
0.000695 0.000115 0.047675 0.951516
0.000692 0.000114 0.047798 0.951395
0.000696 0.000115 0.047677 0.951512
0.000689 0.000112 0.048612 0.950587
0.000695 0.000115 0.047613 0.951577
0.000741 0.000130 0.043487 0.955641
0.000714 0.000121 0.046089 0.953075
0.000693 0.000114 0.047313 0.951880
0.000695 0.000115 0.047827 0.951363
0.000713 0.000120 0.046378 0.952789
0.000714 0.000121 0.046029 0.953135
0.000740 0.000130 0.043956 0.955175
0.000718 0.000123 0.045442 0.953718
0.000711 0.000121 0.045498 0.953671
0.000673 0.000107 0.050470 0.948751
0.000741 0.000130 0.044042 0.955088
0.000740 0.000130 0.044061 0.955069
0.000715 0.000122 0.044972 0.954191
0.000695 0.000115 0.047734 0.951456
0.000738 0.000129 0.043768 0.955364
0.000673 0.000107 0.050469 0.948752
0.000744 0.000132 0.042562 0.956562
0.000717 0.000123 0.045376 0.953784
0.000720 0.000124 0.044895 0.954261
0.000696 0.000115 0.047674 0.951515
0.000717 0.000123 0.045222 0.953938
0.000673 0.000107 0.050470 0.948750
0.000746 0.000133 0.042310 0.956811
0.000719 0.000123 0.044788 0.954371
0.000742 0.000131 0.043628 0.955500
0.000694 0.000114 0.047536 0.951656
0.000716 0.000123 0.044150 0.955011
0.000673 0.000107 0.050471 0.948749
0.000720 0.000123 0.044965 0.954191
0.000721 0.000124 0.045046 0.954109
0.000718 0.000123 0.045383 0.953777
0.000672 0.000107 0.050339 0.948882
0.000739 0.000130 0.043148 0.955982
0.000671 0.000107 0.050194 0.949028
0.000695 0.000115 0.047692 0.951498
0.000695 0.000115 0.047748 0.951442
0.000695 0.000115 0.047671 0.951519
0.000673 0.000107 0.050398 0.948822
0.000738 0.000129 0.043751 0.955381
0.000670 0.000106 0.049838 0.949385
0.000673 0.000107 0.050357 0.948863
0.000673 0.000107 0.050413 0.948807
0.000714 0.000121 0.046091 0.953073
0.000670 0.000107 0.049898 0.949325
0.000715 0.000122 0.044853 0.954310
0.000671 0.000107 0.049895 0.949328
0.000689 0.000112 0.048679 0.950520
0.000673 0.000107 0.050414 0.948806
0.000715 0.000122 0.045118 0.954045
0.000672 0.000107 0.050160 0.949062
0.000718 0.000123 0.044479 0.954680
0.000672 0.000107 0.050147 0.949074
0.000709 0.000120 0.046042 0.953129
0.000689 0.000112 0.048739 0.950459
0.000694 0.000115 0.047586 0.951606
0.000688 0.000112 0.048562 0.950638
0.000798 0.000149 0.040737 0.958316
0.000673 0.000107 0.050235 0.948985
0.000717 0.000122 0.045211 0.953950
0.000690 0.000114 0.047618 0.951578
0.000693 0.000114 0.047051 0.952142
0.000693 0.000114 0.047815 0.951378
0.000771 0.000142 0.040431 0.958656
0.000689 0.000112 0.048552 0.950647
0.000718 0.000123 0.044709 0.954449
0.000692 0.000114 0.047296 0.951898
0.000694 0.000115 0.047500 0.951691
0.000695 0.000115 0.047614 0.951576
0.000748 0.000134 0.042294 0.956824
0.000740 0.000128 0.045184 0.953947
0.000721 0.000124 0.044984 0.954171
0.000695 0.000115 0.047460 0.951730
0.000672 0.000107 0.050274 0.948947
0.000740 0.000129 0.044810 0.954321
0.000777 0.000143 0.040996 0.958085
0.000764 0.000139 0.041191 0.957906
0.000695 0.000115 0.047693 0.951497
0.000693 0.000114 0.047408 0.951784
0.000684 0.000112 0.047949 0.951255
0.000744 0.000132 0.043223 0.955901
0.000807 0.000153 0.039635 0.959406
0.000777 0.000144 0.040310 0.958769
0.000689 0.000112 0.048673 0.950526
0.000672 0.000107 0.050228 0.948993
0.000688 0.000113 0.046978 0.952221
0.000720 0.000123 0.045127 0.954029
0.000741 0.000130 0.043982 0.955148
0.000783 0.000145 0.040298 0.958775
0.000693 0.000114 0.047877 0.951316
0.000689 0.000112 0.048588 0.950611
0.000736 0.000128 0.044275 0.954861
0.000720 0.000124 0.044715 0.954441
0.000773 0.000141 0.041700 0.957385
0.000750 0.000133 0.042745 0.956372
0.000711 0.000120 0.045795 0.953374
0.000713 0.000120 0.046370 0.952797
0.000745 0.000132 0.042782 0.956341
0.000720 0.000123 0.045185 0.953972
0.000779 0.000144 0.040744 0.958333
0.000695 0.000115 0.047712 0.951478
0.000718 0.000123 0.045148 0.954011
0.000718 0.000123 0.045317 0.953843
0.000749 0.000133 0.042561 0.956556
0.000673 0.000107 0.050398 0.948823
0.000749 0.000133 0.042782 0.956336
0.000712 0.000119 0.047337 0.951832
0.000718 0.000123 0.044847 0.954312
0.000743 0.000131 0.043686 0.955441
0.000772 0.000140 0.042274 0.956814
0.000673 0.000107 0.050414 0.948806
0.000721 0.000124 0.045196 0.953960
0.000716 0.000122 0.045565 0.953597
0.000695 0.000115 0.047477 0.951712
0.000747 0.000133 0.042981 0.956140
0.000840 0.000163 0.038659 0.960337
0.000673 0.000107 0.050413 0.948807
0.000694 0.000114 0.047535 0.951657
0.000720 0.000123 0.045127 0.954030
0.000695 0.000115 0.047693 0.951497
0.000720 0.000123 0.045241 0.953916
0.000773 0.000142 0.040358 0.958728
0.000689 0.000112 0.048740 0.950458
0.000672 0.000107 0.050338 0.948883
0.000722 0.000124 0.045026 0.954128
0.000689 0.000112 0.048674 0.950524
0.000696 0.000115 0.047676 0.951513
0.000778 0.000145 0.039498 0.959579
0.000693 0.000114 0.047940 0.951254
0.000673 0.000107 0.050396 0.948824
0.000721 0.000123 0.045332 0.953824
0.000690 0.000114 0.047561 0.951635
0.000695 0.000115 0.047827 0.951363
0.000778 0.000144 0.039325 0.959752
0.000695 0.000115 0.047729 0.951462
0.000673 0.000107 0.050414 0.948807
0.000673 0.000107 0.050470 0.948750
0.000713 0.000121 0.045994 0.953173
0.000673 0.000107 0.050471 0.948750
0.000719 0.000123 0.044666 0.954492
0.000696 0.000115 0.047678 0.951512
0.000673 0.000107 0.050413 0.948807
0.000673 0.000107 0.050470 0.948750
0.000718 0.000123 0.045221 0.953938
0.000671 0.000107 0.050194 0.949029
0.000681 0.000111 0.047193 0.952014
0.000695 0.000115 0.047827 0.951363
0.000689 0.000112 0.048741 0.950457
0.000673 0.000107 0.050470 0.948750
0.000720 0.000123 0.045179 0.953978
0.000671 0.000107 0.050071 0.949151
0.000706 0.000119 0.045105 0.954070
0.000673 0.000107 0.050471 0.948750
0.000689 0.000113 0.047337 0.951861
0.000673 0.000107 0.050470 0.948750
0.000696 0.000115 0.047619 0.951570
0.000672 0.000107 0.050269 0.948952
0.000762 0.000137 0.041633 0.957467
0.000670 0.000107 0.049950 0.949274
0.000691 0.000114 0.046924 0.952271
0.000673 0.000107 0.050470 0.948750
0.000714 0.000121 0.046221 0.952945
0.000673 0.000107 0.050343 0.948878
0.000894 0.000180 0.037696 0.961230
0.000672 0.000107 0.050214 0.949007
0.000692 0.000114 0.046765 0.952428
0.000673 0.000107 0.050470 0.948750
0.000693 0.000114 0.047936 0.951257
0.000673 0.000107 0.050358 0.948863
0.000900 0.000187 0.034316 0.964597
0.000672 0.000107 0.050327 0.948894
0.000694 0.000114 0.047309 0.951882
0.000673 0.000107 0.050470 0.948750
0.000693 0.000114 0.047429 0.951764
0.000686 0.000112 0.048322 0.950880
0.001073 0.000244 0.032611 0.966072
0.000673 0.000107 0.050360 0.948860
0.000673 0.000107 0.050111 0.949109
0.000673 0.000107 0.050470 0.948750
0.000694 0.000115 0.047252 0.951940
0.000711 0.000120 0.046252 0.952917
0.001104 0.000257 0.031352 0.967287
0.000673 0.000107 0.050355 0.948865
0.000711 0.000119 0.047052 0.952117
0.000673 0.000107 0.050469 0.948751
0.000695 0.000115 0.047612 0.951579
0.000717 0.000123 0.045286 0.953875
0.001029 0.000231 0.032554 0.966186
0.000712 0.000119 0.047339 0.951830
0.000772 0.000139 0.043149 0.955940
0.000673 0.000107 0.050471 0.948750
0.000673 0.000107 0.050343 0.948878
0.000721 0.000124 0.045043 0.954113
0.000861 0.000173 0.035527 0.963439
0.000711 0.000121 0.044884 0.954284
0.000850 0.000166 0.039166 0.959818
0.000673 0.000107 0.050470 0.948750
0.000673 0.000107 0.050358 0.948863
0.000719 0.000123 0.044834 0.954324
0.000938 0.000199 0.034145 0.964718
0.000719 0.000123 0.044820 0.954338
0.000861 0.000172 0.036877 0.962090
0.000673 0.000107 0.050470 0.948750
0.000689 0.000112 0.048677 0.950522
0.000713 0.000121 0.046045 0.953122
0.000843 0.000164 0.038485 0.960507
0.000720 0.000124 0.044562 0.954594
0.000859 0.000173 0.035945 0.963023
0.000671 0.000107 0.050192 0.949030
0.000713 0.000120 0.046442 0.952725
0.000692 0.000114 0.047854 0.951340
0.000849 0.000167 0.037727 0.961257
0.000718 0.000123 0.044780 0.954378
0.000780 0.000145 0.039951 0.959124
0.000672 0.000107 0.050338 0.948883
0.000717 0.000123 0.045376 0.953784
0.000695 0.000115 0.047675 0.951516
0.000815 0.000157 0.037993 0.961034
0.000671 0.000107 0.049897 0.949325
0.000720 0.000123 0.045032 0.954125
0.000673 0.000107 0.050398 0.948822
0.000721 0.000124 0.045109 0.954046
0.000696 0.000115 0.047616 0.951573
0.000888 0.000181 0.035904 0.963026
0.000710 0.000119 0.046944 0.952227
0.000673 0.000107 0.050290 0.948931
0.000673 0.000107 0.050414 0.948806
0.000719 0.000123 0.044886 0.954272
0.000714 0.000121 0.046227 0.952939
0.000846 0.000167 0.037626 0.961362
0.000713 0.000122 0.044999 0.954167
0.000670 0.000107 0.049790 0.949433
0.000671 0.000107 0.050138 0.949084
0.000695 0.000115 0.047685 0.951505
0.000693 0.000114 0.047934 0.951260
0.000775 0.000143 0.040252 0.958829
0.000738 0.000130 0.043031 0.956101
0.000709 0.000119 0.046859 0.952314
0.000686 0.000112 0.048231 0.950972
0.000673 0.000107 0.050399 0.948822
0.000693 0.000114 0.047430 0.951763
0.000750 0.000134 0.042347 0.956770
0.000772 0.000141 0.041222 0.957864
0.000739 0.000129 0.044070 0.955061
0.000692 0.000114 0.047701 0.951493
0.000673 0.000107 0.050413 0.948808
0.000692 0.000114 0.046783 0.952411
0.000770 0.000141 0.040999 0.958090
0.000799 0.000152 0.038790 0.960259
0.000746 0.000133 0.042816 0.956306
0.000695 0.000115 0.047594 0.951597
0.000670 0.000107 0.049897 0.949327
0.000694 0.000114 0.047363 0.951828
0.000735 0.000129 0.043401 0.955735
0.000743 0.000132 0.042131 0.956995
0.000751 0.000134 0.042512 0.956603
0.000696 0.000115 0.047561 0.951629
0.000685 0.000112 0.048084 0.951119
0.000670 0.000106 0.049722 0.949502
0.000716 0.000122 0.045066 0.954095
0.000769 0.000141 0.040667 0.958424
0.000805 0.000152 0.040449 0.958594
0.000714 0.000121 0.046161 0.953004
0.000691 0.000114 0.047627 0.951568
0.000672 0.000107 0.050006 0.949215
0.000742 0.000131 0.043513 0.955614
0.000770 0.000141 0.041276 0.957813
0.000744 0.000132 0.043220 0.955904
0.000709 0.000120 0.046040 0.953131
0.000691 0.000114 0.046986 0.952208
0.000688 0.000112 0.048377 0.950822
0.000747 0.000133 0.042856 0.956265
0.000746 0.000132 0.042762 0.956360
0.000720 0.000123 0.045129 0.954028
0.000717 0.000122 0.045211 0.953950
0.000695 0.000115 0.047233 0.951957
0.000774 0.000138 0.044156 0.954931
0.000733 0.000129 0.042707 0.956431
0.000759 0.000138 0.041151 0.957952
0.000722 0.000124 0.045024 0.954130
0.000718 0.000123 0.044708 0.954450
0.000738 0.000128 0.044628 0.954506
0.000777 0.000143 0.041043 0.958037
0.000738 0.000130 0.043387 0.955746
0.000803 0.000152 0.039190 0.959854
0.000721 0.000123 0.045333 0.953823
0.000721 0.000124 0.044987 0.954169
0.000740 0.000130 0.044144 0.954986
0.000851 0.000167 0.038412 0.960569
0.000745 0.000132 0.042760 0.956363
0.000803 0.000152 0.038956 0.960089
0.000671 0.000107 0.050193 0.949030
0.000694 0.000114 0.047408 0.951784
0.000746 0.000133 0.042829 0.956292
0.000861 0.000172 0.036832 0.962135
0.000721 0.000124 0.044923 0.954233
0.000780 0.000144 0.040231 0.958846
0.000672 0.000107 0.050339 0.948882
0.000688 0.000112 0.048514 0.950686
0.000803 0.000152 0.039847 0.959198
0.000818 0.000157 0.038637 0.960388
0.000721 0.000124 0.045024 0.954131
0.000782 0.000145 0.040353 0.958720
0.000671 0.000107 0.050126 0.949096
0.000692 0.000114 0.047792 0.951402
0.000813 0.000156 0.038729 0.960302
0.000722 0.000124 0.045026 0.954127
0.000772 0.000138 0.043913 0.955177
0.000801 0.000149 0.041016 0.958034
0.000672 0.000107 0.050284 0.948937
0.000714 0.000121 0.046104 0.953061
0.000748 0.000133 0.042710 0.956409
0.000717 0.000123 0.044761 0.954400
0.000738 0.000130 0.042606 0.956526
0.000771 0.000142 0.040528 0.958560
0.000671 0.000107 0.050071 0.949151
0.000718 0.000123 0.045250 0.953909
0.000720 0.000124 0.044655 0.954501
0.000672 0.000107 0.050214 0.949007
0.000748 0.000133 0.042343 0.956775
0.000767 0.000141 0.040390 0.958703
0.000688 0.000112 0.048507 0.950692
0.000742 0.000130 0.043805 0.955323
0.000720 0.000123 0.045127 0.954029
0.000672 0.000107 0.050328 0.948893
0.000752 0.000135 0.042361 0.956752
0.000776 0.000144 0.039418 0.959662
0.000692 0.000114 0.047794 0.951400
0.000713 0.000122 0.044419 0.954747
0.000689 0.000112 0.048650 0.950549
0.000673 0.000107 0.050359 0.948861
0.000747 0.000133 0.042570 0.956550
0.000777 0.000144 0.039855 0.959224
0.000714 0.000121 0.046106 0.953059
0.000717 0.000123 0.044532 0.954629
0.000693 0.000114 0.047874 0.951319
0.000673 0.000107 0.050356 0.948864
0.000671 0.000107 0.049962 0.949260
0.000708 0.000120 0.044910 0.954262
0.000718 0.000123 0.045249 0.953909
0.000695 0.000115 0.047320 0.951870
0.000693 0.000114 0.047373 0.951819
0.000712 0.000119 0.047337 0.951832
0.000710 0.000119 0.047021 0.952150
0.000737 0.000129 0.043329 0.955804
0.000742 0.000130 0.043807 0.955321
0.000695 0.000115 0.047583 0.951607
0.000711 0.000121 0.045556 0.953613
0.000713 0.000122 0.045208 0.953956
0.000713 0.000122 0.045053 0.954113
0.000770 0.000139 0.042518 0.956573
0.000718 0.000123 0.045306 0.953853
0.000673 0.000107 0.050242 0.948978
0.000717 0.000122 0.045199 0.953963
0.000717 0.000123 0.044654 0.954506
0.000717 0.000123 0.044545 0.954615
0.000842 0.000164 0.038325 0.960668
0.000720 0.000123 0.045241 0.953915
0.000742 0.000128 0.046180 0.952950
0.000695 0.000115 0.047595 0.951596
0.000721 0.000124 0.044794 0.954360
0.000742 0.000131 0.043237 0.955890
0.000894 0.000184 0.035493 0.963429
0.000696 0.000115 0.047677 0.951512
0.000773 0.000141 0.042290 0.956796
0.000696 0.000115 0.047559 0.951630
0.000721 0.000123 0.045193 0.953963
0.000771 0.000140 0.041651 0.957438
0.000949 0.000202 0.034845 0.964005
0.000695 0.000115 0.047827 0.951363
0.000780 0.000144 0.040677 0.958399
0.000714 0.000121 0.046159 0.953007
0.000673 0.000107 0.050356 0.948864
0.000715 0.000122 0.044914 0.954249
0.000908 0.000189 0.035091 0.963812
0.000671 0.000107 0.050193 0.949029
0.000785 0.000146 0.040316 0.958752
0.000713 0.000120 0.046446 0.952721
0.000686 0.000112 0.048322 0.950879
0.000741 0.000131 0.043436 0.955692
0.000820 0.000158 0.038402 0.960620
0.000672 0.000107 0.050337 0.948883
0.000782 0.000145 0.040714 0.958359
0.000717 0.000123 0.045374 0.953786
0.000712 0.000120 0.046255 0.952913
0.000765 0.000140 0.040852 0.958243
0.000775 0.000142 0.041328 0.957755
0.000673 0.000107 0.050398 0.948822
0.000694 0.000114 0.047534 0.951658
0.000717 0.000123 0.044506 0.954654
0.000717 0.000123 0.045286 0.953874
0.000742 0.000132 0.042320 0.956807
0.000758 0.000138 0.039975 0.959129
0.000673 0.000107 0.050414 0.948806
0.000672 0.000107 0.050338 0.948883
0.000720 0.000123 0.044905 0.954251
0.000717 0.000123 0.044447 0.954713
0.000718 0.000123 0.044444 0.954715
0.000713 0.000122 0.044523 0.954641
0.000673 0.000107 0.050414 0.948807
0.000673 0.000107 0.050397 0.948824
0.000695 0.000115 0.047676 0.951515
0.000719 0.000123 0.044569 0.954589
0.000741 0.000130 0.043316 0.955813
0.000717 0.000123 0.044368 0.954792
0.000686 0.000112 0.048383 0.950818
0.000673 0.000107 0.050414 0.948807
0.000671 0.000107 0.050088 0.949134
0.000712 0.000121 0.045866 0.953302
0.000718 0.000122 0.045177 0.953983
0.000719 0.000123 0.044443 0.954715
0.000692 0.000114 0.047783 0.951411
0.000671 0.000107 0.050139 0.949083
0.000672 0.000107 0.050224 0.948996
0.000690 0.000114 0.047426 0.951770
0.000735 0.000128 0.044318 0.954819
0.000694 0.000114 0.046997 0.952195
0.000695 0.000115 0.047652 0.951539
0.000688 0.000112 0.048572 0.950628
0.000711 0.000119 0.047222 0.951947
0.000693 0.000114 0.047130 0.952063
0.000771 0.000141 0.041676 0.957412
0.000871 0.000164 0.043590 0.955374
0.000696 0.000115 0.047617 0.951573
0.000690 0.000114 0.047541 0.951655
0.000716 0.000122 0.045509 0.953652
0.000738 0.000129 0.044415 0.954719
0.000800 0.000152 0.038771 0.960277
0.000862 0.000171 0.037502 0.961465
0.000695 0.000115 0.047770 0.951420
0.000692 0.000114 0.047238 0.951956
0.000720 0.000123 0.045063 0.954093
0.000771 0.000140 0.041855 0.957235
0.000776 0.000144 0.039867 0.959213
0.000914 0.000190 0.035419 0.963477
0.000689 0.000112 0.048741 0.950458
0.000695 0.000115 0.047404 0.951786
0.000744 0.000131 0.043581 0.955545
0.000746 0.000133 0.042827 0.956294
0.000778 0.000144 0.039916 0.959161
0.000961 0.000209 0.032905 0.965925
0.000693 0.000114 0.047936 0.951258
0.000713 0.000121 0.046059 0.953107
0.000743 0.000132 0.042764 0.956361
0.000776 0.000142 0.041277 0.957805
0.000738 0.000130 0.042973 0.956159
0.001010 0.000225 0.032784 0.965981
0.000693 0.000114 0.047434 0.951759
0.000693 0.000114 0.047817 0.951376
0.000694 0.000115 0.047587 0.951605
0.000800 0.000152 0.038888 0.960160
0.000713 0.000122 0.044447 0.954718
0.000743 0.000132 0.042300 0.956825
0.000695 0.000115 0.047531 0.951658
0.000711 0.000120 0.045732 0.953437
0.000692 0.000114 0.046830 0.952364
0.000742 0.000132 0.042382 0.956745
0.000732 0.000127 0.043823 0.955317
0.000747 0.000133 0.042139 0.956981
0.000695 0.000115 0.047749 0.951441
0.000740 0.000130 0.043751 0.955379
0.000694 0.000114 0.047376 0.951815
0.000720 0.000123 0.044788 0.954369
0.000763 0.000139 0.040612 0.958486
0.000721 0.000124 0.044794 0.954362
0.000673 0.000107 0.050414 0.948806
0.000745 0.000132 0.042940 0.956182
0.000672 0.000107 0.050208 0.949013
0.000719 0.000123 0.044699 0.954458
0.000805 0.000153 0.038969 0.960073
0.000760 0.000136 0.042684 0.956421
0.000673 0.000107 0.050415 0.948806
0.000721 0.000124 0.045043 0.954113
0.000689 0.000112 0.048548 0.950650
0.000695 0.000115 0.047518 0.951673
0.000802 0.000153 0.038345 0.960700
0.000734 0.000130 0.041645 0.957492
0.000682 0.000111 0.047789 0.951417
0.000719 0.000123 0.044834 0.954323
0.000693 0.000114 0.047759 0.951435
0.000707 0.000119 0.046720 0.952454
0.000883 0.000180 0.035854 0.963084
0.000767 0.000141 0.040104 0.958988
0.000689 0.000113 0.047222 0.951975
0.000713 0.000121 0.046047 0.953120
0.000774 0.000139 0.043953 0.955134
0.000735 0.000129 0.043592 0.955545
0.000847 0.000167 0.037382 0.961604
0.000800 0.000153 0.037663 0.961384
0.000692 0.000114 0.047091 0.952103
0.000690 0.000114 0.047538 0.951658
0.000773 0.000142 0.040663 0.958422
0.000745 0.000132 0.042621 0.956501
0.000888 0.000181 0.036192 0.962738
0.000812 0.000156 0.037908 0.961124
0.000695 0.000115 0.047297 0.951893
0.000694 0.000115 0.047527 0.951664
0.000781 0.000145 0.040340 0.958734
0.000775 0.000142 0.041164 0.957919
0.000858 0.000172 0.036548 0.962423
0.000770 0.000139 0.041865 0.957226
0.000694 0.000114 0.047243 0.951949
0.000696 0.000115 0.047543 0.951647
0.000752 0.000135 0.042448 0.956665
0.000779 0.000144 0.040684 0.958393
0.000884 0.000181 0.035655 0.963280
0.000934 0.000194 0.036420 0.962451
0.000734 0.000127 0.045318 0.953821
0.000714 0.000121 0.046153 0.953013
0.000747 0.000133 0.042631 0.956490
0.000742 0.000130 0.043742 0.955386
0.000847 0.000167 0.037355 0.961631
0.000948 0.000202 0.034045 0.964804
0.000771 0.000140 0.041881 0.957208
0.000690 0.000114 0.047560 0.951635
0.000672 0.000107 0.050282 0.948939
0.000737 0.000130 0.043539 0.955594
0.000815 0.000156 0.038508 0.960520
0.001092 0.000251 0.032544 0.966112
0.000810 0.000154 0.039442 0.959593
0.000713 0.000121 0.045996 0.953170
0.000689 0.000112 0.048646 0.950553
0.000745 0.000132 0.042866 0.956257
0.000776 0.000142 0.041211 0.957870
0.001137 0.000269 0.031127 0.967466
0.000820 0.000158 0.038343 0.960678
0.000718 0.000123 0.045217 0.953942
0.000693 0.000114 0.047874 0.951319
0.000720 0.000124 0.045018 0.954138
0.000779 0.000144 0.040682 0.958395
0.000973 0.000212 0.033018 0.965797
0.000851 0.000169 0.037503 0.961478
0.000720 0.000123 0.045179 0.953977
0.000695 0.000115 0.047675 0.951516
0.000721 0.000124 0.045134 0.954021
0.000770 0.000139 0.042649 0.956442
0.000843 0.000166 0.037479 0.961512
0.000772 0.000141 0.041730 0.957357
0.000696 0.000115 0.047620 0.951569
0.000714 0.000121 0.046091 0.953073
0.000695 0.000115 0.047770 0.951420
0.000745 0.000132 0.043107 0.956016
0.000845 0.000166 0.037679 0.961309
0.000746 0.000132 0.043037 0.956085
0.000714 0.000121 0.046221 0.952945
0.000713 0.000122 0.044820 0.954344
0.000686 0.000112 0.048382 0.950820
0.000749 0.000133 0.042796 0.956322
0.000768 0.000140 0.041149 0.957943
0.000721 0.000124 0.045107 0.954048
0.000690 0.000114 0.047619 0.951577
0.000694 0.000114 0.047449 0.951743
0.000690 0.000113 0.047478 0.951719
0.000718 0.000123 0.044199 0.954960
0.000780 0.000144 0.040306 0.958770
0.000721 0.000124 0.045193 0.953962
0.000694 0.000115 0.047584 0.951607
0.000695 0.000115 0.047523 0.951667
0.000694 0.000114 0.047509 0.951682
0.000719 0.000123 0.044914 0.954244
0.000809 0.000154 0.039264 0.959773
0.000695 0.000115 0.047826 0.951364
0.000696 0.000115 0.047599 0.951590
0.000695 0.000115 0.047712 0.951478
0.000696 0.000115 0.047541 0.951648
0.000672 0.000107 0.050265 0.948956
0.000772 0.000141 0.041651 0.957436
0.000671 0.000107 0.050194 0.949029
0.000695 0.000115 0.047768 0.951422
0.000673 0.000107 0.050356 0.948864
0.000694 0.000114 0.047425 0.951767
0.000671 0.000107 0.050036 0.949186
0.000741 0.000131 0.042319 0.956808
