0.014765 0.004792 0.091959 0.888483
0.014761 0.004789 0.091894 0.888555
0.013905 0.004433 0.089953 0.891710
0.014792 0.004806 0.092007 0.888395
0.015546 0.005131 0.093697 0.885625
0.017146 0.005813 0.097312 0.879729
0.015228 0.004991 0.093031 0.886750
0.014617 0.004733 0.091579 0.889071
0.013921 0.004438 0.089998 0.891644
0.014363 0.004623 0.090903 0.890111
0.015767 0.005220 0.094240 0.884774
0.016853 0.005687 0.096670 0.880789
0.015697 0.005191 0.094116 0.884995
0.014862 0.004834 0.092187 0.888118
0.013890 0.004426 0.089943 0.891741
0.014339 0.004609 0.090894 0.890158
0.015835 0.005245 0.094420 0.884500
0.016843 0.005682 0.096755 0.880720
0.015696 0.005191 0.093989 0.885124
0.015180 0.004971 0.092865 0.886985
0.014166 0.004545 0.090588 0.890702
0.013874 0.004417 0.089840 0.891869
0.015235 0.004991 0.092975 0.886799
0.019077 0.006670 0.102115 0.872138
0.015757 0.005211 0.094178 0.884854
0.015211 0.004983 0.092980 0.886825
0.013895 0.004430 0.089999 0.891676
0.013776 0.004381 0.089509 0.892334
0.015255 0.004998 0.093008 0.886738
0.019488 0.006850 0.103036 0.870625
0.015342 0.005034 0.093276 0.886348
0.015631 0.005164 0.093982 0.885222
0.014221 0.004569 0.090767 0.890444
0.014263 0.004582 0.090626 0.890529
0.015042 0.004914 0.092410 0.887634
0.017647 0.006036 0.098516 0.877801
0.015153 0.004959 0.092779 0.887109
0.014844 0.004827 0.092221 0.888108
0.014340 0.004616 0.091078 0.889966
0.015156 0.004958 0.092819 0.887067
0.015268 0.005005 0.093010 0.886718
0.017875 0.006133 0.098909 0.877082
0.015160 0.004962 0.092884 0.886995
0.015125 0.004950 0.092826 0.887098
0.014295 0.004597 0.090954 0.890155
0.015412 0.005064 0.093462 0.886062
0.015760 0.005214 0.094220 0.884806
0.016884 0.005692 0.096693 0.880732
0.015962 0.005311 0.094781 0.883946
0.015147 0.004957 0.092869 0.887027
0.013866 0.004418 0.089873 0.891843
0.015329 0.005029 0.093213 0.886429
0.015767 0.005219 0.094329 0.884684
0.014886 0.004836 0.092105 0.888173
0.015931 0.005290 0.094705 0.884075
0.014831 0.004819 0.091826 0.888524
0.013849 0.004409 0.089840 0.891902
0.015537 0.005124 0.093723 0.885616
0.016164 0.005393 0.095133 0.883309
0.014711 0.004770 0.091640 0.888879
0.015856 0.005257 0.094403 0.884484
0.014482 0.004661 0.090935 0.889921
0.013463 0.004249 0.088953 0.893335
0.016064 0.005351 0.095064 0.883521
0.016152 0.005384 0.095175 0.883288
0.016347 0.005477 0.095388 0.882789
0.015685 0.005183 0.093937 0.885196
0.014418 0.004635 0.090796 0.890151
0.013457 0.004247 0.088942 0.893354
0.015398 0.005062 0.093557 0.885984
0.016291 0.005444 0.095317 0.882947
0.016901 0.005707 0.096709 0.880683
0.015258 0.004995 0.093035 0.886712
0.014289 0.004584 0.090565 0.890562
0.013449 0.004244 0.088922 0.893385
0.015726 0.005206 0.094316 0.884753
0.015976 0.005296 0.094616 0.884112
0.017749 0.006068 0.098707 0.877477
0.014272 0.004585 0.090637 0.890505
0.014292 0.004592 0.090695 0.890421
0.013755 0.004375 0.089641 0.892229
0.016138 0.005383 0.095320 0.883159
0.015349 0.005034 0.093112 0.886505
0.017732 0.006059 0.098607 0.877602
0.014750 0.004785 0.091668 0.888797
0.016840 0.005693 0.096893 0.880574
0.013892 0.004429 0.090015 0.891664
0.015228 0.004992 0.093126 0.886655
0.015950 0.005297 0.094552 0.884201
0.017811 0.006099 0.098839 0.877251
0.015644 0.005164 0.093822 0.885370
0.018893 0.006587 0.101846 0.872675
0.013893 0.004429 0.090013 0.891665
0.014347 0.004618 0.090952 0.890082
0.015369 0.005046 0.093361 0.886224
0.017121 0.005807 0.097206 0.879865
0.016262 0.005429 0.095373 0.882936
0.020327 0.007229 0.105076 0.867368
0.013865 0.004418 0.089869 0.891848
0.014295 0.004595 0.090767 0.890342
0.016977 0.005752 0.097208 0.880063
0.017994 0.006181 0.099394 0.876431
0.016473 0.005519 0.095960 0.882049
0.019689 0.006942 0.103391 0.869978
0.013843 0.004407 0.089758 0.891992
0.013875 0.004417 0.089847 0.891861
0.017752 0.006081 0.099121 0.877046
0.018894 0.006579 0.101592 0.872936
0.016686 0.005618 0.096517 0.881179
0.018649 0.006467 0.100922 0.873963
0.013479 0.004254 0.088882 0.893385
0.013480 0.004254 0.088967 0.893299
0.018547 0.006437 0.100879 0.874137
0.020144 0.007142 0.104442 0.868271
0.017693 0.006063 0.098946 0.877298
0.015245 0.004993 0.093013 0.886749
0.013492 0.004258 0.088953 0.893297
0.013773 0.004380 0.089654 0.892193
0.016984 0.005749 0.097163 0.880104
0.018857 0.006565 0.101478 0.873100
0.017443 0.005948 0.098425 0.878183
0.014263 0.004581 0.090677 0.890480
0.013477 0.004253 0.088950 0.893319
0.014213 0.004566 0.090540 0.890681
0.016740 0.005638 0.096517 0.881105
0.018871 0.006581 0.101542 0.873007
0.016451 0.005517 0.095909 0.882123
0.013481 0.004255 0.088866 0.893399
0.013768 0.004379 0.089581 0.892272
0.014762 0.004791 0.091847 0.888600
0.014364 0.004622 0.090933 0.890081
0.017579 0.006005 0.098562 0.877854
0.016339 0.005460 0.095613 0.882588
0.014836 0.004832 0.092078 0.888255
0.014246 0.004577 0.090769 0.890409
0.014901 0.004846 0.092254 0.887999
0.014284 0.004588 0.090674 0.890454
0.016384 0.005485 0.095690 0.882442
0.015188 0.004969 0.092939 0.886903
0.015422 0.005072 0.093561 0.885944
0.014728 0.004780 0.091955 0.888538
0.014811 0.004810 0.092059 0.888320
0.013514 0.004265 0.088739 0.893482
0.015708 0.005196 0.094081 0.885015
0.013855 0.004411 0.089709 0.892026
0.015419 0.005070 0.093312 0.886199
0.014844 0.004827 0.092252 0.888077
0.014292 0.004594 0.090809 0.890305
0.014175 0.004543 0.090211 0.891072
0.016070 0.005350 0.094935 0.883645
0.013496 0.004259 0.088916 0.893329
0.015781 0.005220 0.094164 0.884835
0.014766 0.004795 0.092051 0.888388
0.014885 0.004852 0.092172 0.888092
0.014820 0.004810 0.091807 0.888563
0.014402 0.004638 0.090976 0.889984
0.014455 0.004670 0.091124 0.889751
0.016103 0.005361 0.094942 0.883595
0.014615 0.004735 0.091677 0.888973
0.015271 0.005009 0.093197 0.886522
0.015349 0.005033 0.093181 0.886436
0.014752 0.004785 0.091613 0.888849
0.014906 0.004851 0.092327 0.887916
0.014421 0.004644 0.091040 0.889895
0.014294 0.004597 0.090955 0.890154
0.015397 0.005062 0.093430 0.886111
0.016201 0.005406 0.095202 0.883191
0.015254 0.004993 0.092785 0.886969
0.014881 0.004842 0.092230 0.888047
0.014736 0.004780 0.091782 0.888702
0.013892 0.004429 0.090007 0.891673
0.015337 0.005035 0.093292 0.886336
0.017746 0.006083 0.098747 0.877423
0.015278 0.005003 0.092843 0.886876
0.015579 0.005143 0.093875 0.885404
0.016424 0.005508 0.095860 0.882209
0.013871 0.004420 0.089949 0.891760
0.015537 0.005124 0.093788 0.885551
0.018078 0.006221 0.099538 0.876163
0.015319 0.005021 0.092940 0.886720
0.015719 0.005200 0.094219 0.884862
0.016485 0.005527 0.096017 0.881971
0.013830 0.004403 0.089848 0.891919
0.014653 0.004749 0.091767 0.888831
0.018779 0.006529 0.101140 0.873552
0.016192 0.005398 0.095054 0.883356
0.014731 0.004781 0.091777 0.888711
0.016386 0.005485 0.095647 0.882482
0.013443 0.004243 0.088869 0.893445
0.014355 0.004623 0.090917 0.890106
0.018316 0.006319 0.100164 0.875202
0.017753 0.006081 0.098895 0.877272
0.014861 0.004831 0.092076 0.888232
0.016862 0.005687 0.096817 0.880634
0.013463 0.004249 0.088921 0.893368
0.014731 0.004779 0.091681 0.888809
0.017327 0.005893 0.097819 0.878961
0.018794 0.006539 0.101423 0.873245
0.015133 0.004948 0.092709 0.887209
0.016695 0.005616 0.096493 0.881196
0.013460 0.004248 0.088933 0.893359
0.014844 0.004820 0.091934 0.888402
0.017082 0.005791 0.097267 0.879859
0.019488 0.006849 0.102978 0.870685
0.014371 0.004626 0.090969 0.890034
0.014864 0.004834 0.092241 0.888062
0.013456 0.004247 0.088933 0.893364
0.014393 0.004629 0.090885 0.890094
0.017318 0.005891 0.097883 0.878908
0.020074 0.007114 0.104236 0.868576
0.014674 0.004756 0.091663 0.888907
0.015525 0.005122 0.093810 0.885542
0.013454 0.004246 0.088958 0.893341
0.013947 0.004444 0.089849 0.891760
0.016986 0.005745 0.097005 0.880264
0.019353 0.006787 0.102611 0.871249
0.015095 0.004936 0.092723 0.887246
0.016090 0.005364 0.095225 0.883321
0.013755 0.004374 0.089596 0.892274
0.014931 0.004867 0.092179 0.888023
0.017062 0.005771 0.097185 0.879981
0.016957 0.005729 0.097078 0.880236
0.015712 0.005199 0.094023 0.885066
0.015858 0.005260 0.094694 0.884187
0.013906 0.004433 0.089935 0.891726
0.015680 0.005184 0.093990 0.885146
0.017153 0.005820 0.097364 0.879664
0.016154 0.005388 0.095189 0.883269
0.015437 0.005072 0.093236 0.886255
0.015329 0.005034 0.093401 0.886236
0.013918 0.004437 0.089855 0.891790
0.016890 0.005702 0.096929 0.880480
0.016218 0.005412 0.095285 0.883085
0.015598 0.005151 0.093909 0.885342
0.015760 0.005209 0.093974 0.885056
0.015186 0.004973 0.093051 0.886790
0.013933 0.004440 0.089934 0.891693
0.017567 0.005999 0.098442 0.877992
0.015744 0.005209 0.094158 0.884890
0.015161 0.004964 0.092745 0.887130
0.015709 0.005188 0.093961 0.885142
0.014232 0.004571 0.090795 0.890403
0.013874 0.004417 0.089842 0.891867
0.018020 0.006194 0.099504 0.876281
0.016647 0.005600 0.096286 0.881467
0.015267 0.005004 0.093026 0.886703
0.014871 0.004831 0.092060 0.888238
0.013448 0.004244 0.088950 0.893357
0.013783 0.004383 0.089652 0.892182
0.016783 0.005656 0.096718 0.880843
0.016997 0.005747 0.096951 0.880305
0.015327 0.005029 0.093022 0.886622
0.015914 0.005288 0.094508 0.884290
0.013443 0.004243 0.088869 0.893445
0.014221 0.004569 0.090670 0.890540
0.016613 0.005588 0.096310 0.881489
0.016358 0.005467 0.095300 0.882876
0.014875 0.004830 0.091919 0.888376
0.017877 0.006140 0.099094 0.876889
0.013464 0.004249 0.088928 0.893358
0.015098 0.004939 0.092797 0.887166
0.015856 0.005257 0.094583 0.884304
0.016348 0.005458 0.095416 0.882778
0.014732 0.004773 0.091624 0.888871
0.018351 0.006335 0.100138 0.875176
0.013464 0.004249 0.088958 0.893329
0.015367 0.005049 0.093438 0.886145
0.016085 0.005362 0.095011 0.883542
0.016661 0.005599 0.096290 0.881450
0.015481 0.005098 0.093295 0.886126
0.018335 0.006326 0.100126 0.875214
0.013459 0.004248 0.088955 0.893338
0.015312 0.005024 0.093282 0.886382
0.015858 0.005255 0.094500 0.884387
0.015810 0.005236 0.094429 0.884525
0.015493 0.005094 0.093336 0.886076
0.018597 0.006448 0.100683 0.874272
0.013450 0.004245 0.088931 0.893374
0.014757 0.004790 0.091932 0.888521
0.015296 0.005014 0.093190 0.886500
0.017617 0.006034 0.098524 0.877825
0.017206 0.005840 0.097330 0.879624
0.016727 0.005632 0.096452 0.881189
0.013749 0.004373 0.089557 0.892321
0.014601 0.004726 0.091514 0.889160
0.014699 0.004766 0.091742 0.888793
0.019312 0.006772 0.102542 0.871374
0.018833 0.006547 0.101310 0.873310
0.017011 0.005765 0.097279 0.879946
0.013913 0.004436 0.090022 0.891629
0.013932 0.004441 0.090014 0.891613
0.014754 0.004787 0.091882 0.888577
0.019101 0.006669 0.102047 0.872184
0.018840 0.006554 0.101349 0.873257
0.018015 0.006201 0.099691 0.876093
0.013907 0.004433 0.090006 0.891654
0.014243 0.004575 0.090695 0.890488
0.014606 0.004729 0.091550 0.889115
0.017672 0.006039 0.098691 0.877598
0.018578 0.006447 0.100744 0.874231
0.017698 0.006056 0.098862 0.877384
0.013880 0.004423 0.089935 0.891763
0.014373 0.004627 0.091064 0.889936
0.015235 0.004994 0.093132 0.886639
0.016750 0.005641 0.096571 0.881038
0.020579 0.007340 0.105308 0.866773
0.017422 0.005938 0.097919 0.878721
0.013827 0.004402 0.089699 0.892072
0.014659 0.004751 0.091739 0.888851
0.015325 0.005031 0.093382 0.886262
0.015800 0.005243 0.094236 0.884722
0.019470 0.006836 0.102845 0.870848
0.016876 0.005686 0.096661 0.880777
0.013791 0.004386 0.089619 0.892204
0.014697 0.004768 0.091870 0.888665
0.015179 0.004973 0.093011 0.886837
0.015302 0.005019 0.093196 0.886482
0.018376 0.006349 0.100360 0.874915
0.014832 0.004812 0.091904 0.888453
0.013920 0.004438 0.089998 0.891644
0.014791 0.004806 0.092138 0.888265
0.015586 0.005147 0.093977 0.885290
0.015820 0.005242 0.094391 0.884547
0.017961 0.006171 0.099318 0.876550
0.014286 0.004588 0.090623 0.890503
0.013908 0.004434 0.089934 0.891724
0.014683 0.004763 0.091854 0.888700
0.014774 0.004800 0.092024 0.888402
0.015901 0.005274 0.094509 0.884315
0.017154 0.005820 0.097528 0.879498
0.014704 0.004766 0.091611 0.888919
0.013899 0.004429 0.089941 0.891731
0.014759 0.004793 0.092046 0.888403
0.014353 0.004620 0.091028 0.890000
0.015736 0.005202 0.094081 0.884981
0.016646 0.005603 0.096342 0.881409
0.016400 0.005498 0.095674 0.882428
0.014511 0.004692 0.091322 0.889475
0.014288 0.004595 0.090869 0.890248
0.014286 0.004592 0.090882 0.890239
0.015428 0.005078 0.093398 0.886095
0.015959 0.005299 0.094677 0.884065
0.017715 0.006058 0.098941 0.877286
0.014387 0.004634 0.091003 0.889976
0.013888 0.004425 0.089930 0.891757
0.013839 0.004406 0.089794 0.891961
0.015346 0.005039 0.093241 0.886374
0.016303 0.005445 0.095501 0.882751
0.018252 0.006298 0.100134 0.875317
0.014415 0.004642 0.091034 0.889908
0.013841 0.004406 0.089821 0.891932
0.013466 0.004250 0.088807 0.893477
0.015282 0.005012 0.093048 0.886659
0.016175 0.005395 0.095063 0.883367
0.018114 0.006237 0.099831 0.875818
0.014727 0.004776 0.091800 0.888697
0.013453 0.004246 0.088871 0.893430
0.013805 0.004390 0.089569 0.892236
0.016170 0.005394 0.095174 0.883263
0.015317 0.005021 0.093108 0.886554
0.018326 0.006336 0.100338 0.875000
0.014760 0.004789 0.091949 0.888502
0.013467 0.004250 0.088867 0.893416
0.013949 0.004447 0.089898 0.891706
0.016755 0.005645 0.096483 0.881118
0.015107 0.004940 0.092646 0.887307
0.016244 0.005428 0.095515 0.882813
0.014234 0.004573 0.090677 0.890516
0.013794 0.004387 0.089669 0.892150
0.013970 0.004454 0.089998 0.891578
0.015413 0.005064 0.093272 0.886251
0.016148 0.005384 0.095212 0.883256
0.015827 0.005247 0.094562 0.884365
0.015058 0.004924 0.092599 0.887419
0.013914 0.004436 0.089896 0.891754
0.014248 0.004575 0.090688 0.890489
0.016139 0.005377 0.094946 0.883538
0.015889 0.005270 0.094666 0.884175
0.015641 0.005170 0.094115 0.885074
0.015719 0.005201 0.094284 0.884797
0.013940 0.004444 0.089920 0.891696
0.015029 0.004910 0.092536 0.887526
0.016269 0.005429 0.095327 0.882974
0.016562 0.005572 0.096069 0.881797
0.015200 0.004980 0.093069 0.886751
0.015394 0.005058 0.093532 0.886016
0.014247 0.004575 0.090614 0.890565
0.015261 0.005005 0.093194 0.886540
0.015788 0.005224 0.094281 0.884708
0.016977 0.005737 0.097077 0.880208
0.014281 0.004593 0.090774 0.890353
0.015267 0.005007 0.093077 0.886649
0.014700 0.004764 0.091762 0.888774
0.016178 0.005401 0.095366 0.883055
0.016170 0.005396 0.095018 0.883416
0.016269 0.005432 0.095434 0.882866
0.013904 0.004430 0.089744 0.891922
0.015147 0.004951 0.092304 0.887597
0.014395 0.004636 0.091120 0.889849
0.016393 0.005489 0.095906 0.882212
0.017323 0.005889 0.097739 0.879049
0.015349 0.005039 0.093253 0.886359
0.013914 0.004430 0.089818 0.891839
0.014510 0.004667 0.090934 0.889889
0.015068 0.004927 0.092710 0.887295
0.015751 0.005214 0.094333 0.884701
0.017416 0.005930 0.098066 0.878588
0.015192 0.004973 0.092851 0.886984
0.013504 0.004262 0.088801 0.893433
0.014378 0.004619 0.090773 0.890229
0.015681 0.005186 0.094246 0.884887
0.015124 0.004948 0.092834 0.887094
0.017520 0.005977 0.098332 0.878171
0.014948 0.004877 0.092286 0.887890
0.013524 0.004268 0.088769 0.893439
0.014439 0.004648 0.091044 0.889870
0.015692 0.005192 0.094223 0.884893
0.014734 0.004781 0.091961 0.888524
0.016960 0.005730 0.097097 0.880212
0.015748 0.005212 0.094236 0.884805
0.014187 0.004547 0.090343 0.890924
0.015045 0.004915 0.092496 0.887544
0.015351 0.005041 0.093427 0.886181
0.013895 0.004429 0.089862 0.891814
0.017529 0.005992 0.098430 0.878049
0.015427 0.005072 0.093456 0.886044
0.015566 0.005134 0.093633 0.885666
0.019124 0.006705 0.102287 0.871884
0.015219 0.004986 0.093044 0.886751
0.013909 0.004432 0.089907 0.891752
0.017445 0.005947 0.098245 0.878363
0.015742 0.005209 0.094001 0.885048
0.016040 0.005329 0.094662 0.883969
0.020970 0.007511 0.106526 0.864993
0.014303 0.004598 0.090888 0.890211
0.014184 0.004551 0.090579 0.890687
0.016508 0.005534 0.095957 0.882001
0.016200 0.005398 0.095137 0.883264
0.016889 0.005696 0.096638 0.880777
0.020100 0.007120 0.104235 0.868545
0.013850 0.004409 0.089845 0.891896
0.013907 0.004434 0.089932 0.891727
0.016330 0.005458 0.095420 0.882793
0.015230 0.004987 0.092913 0.886870
0.018506 0.006406 0.100554 0.874533
0.019658 0.006914 0.103186 0.870243
0.013769 0.004379 0.089662 0.892190
0.013917 0.004436 0.089978 0.891669
0.016268 0.005427 0.095331 0.882974
0.015258 0.005001 0.092929 0.886812
0.018117 0.006235 0.099780 0.875867
0.018214 0.006279 0.099915 0.875592
0.013897 0.004430 0.090014 0.891659
0.014550 0.004709 0.091399 0.889341
0.014693 0.004762 0.091641 0.888905
0.015733 0.005203 0.094069 0.884995
0.017420 0.005937 0.098243 0.878401
0.014256 0.004580 0.090754 0.890410
0.014220 0.004568 0.090763 0.890449
0.014820 0.004816 0.092103 0.888262
0.015108 0.004940 0.092726 0.887226
0.017050 0.005778 0.097257 0.879915
0.019693 0.006949 0.103581 0.869776
0.014725 0.004779 0.091938 0.888558
0.014337 0.004615 0.091061 0.889987
0.014395 0.004636 0.090983 0.889987
0.016147 0.005386 0.095301 0.883166
0.017070 0.005781 0.097312 0.879838
0.019513 0.006859 0.103214 0.870414
0.016001 0.005329 0.094940 0.883730
0.014292 0.004596 0.090937 0.890175
0.014725 0.004775 0.091761 0.888739
0.016775 0.005659 0.096759 0.880807
0.016920 0.005715 0.096951 0.880414
0.017672 0.006044 0.098861 0.877423
0.016442 0.005509 0.096044 0.882005
0.013870 0.004420 0.089939 0.891772
0.014757 0.004788 0.091755 0.888700
0.017008 0.005755 0.097216 0.880021
0.017250 0.005865 0.097620 0.879265
0.016881 0.005699 0.096898 0.880523
0.015841 0.005252 0.094476 0.884430
0.013829 0.004403 0.089837 0.891932
0.014301 0.004594 0.090724 0.890381
0.016793 0.005660 0.096648 0.880900
0.017355 0.005900 0.097965 0.878779
0.015643 0.005164 0.094007 0.885186
0.015280 0.005009 0.093109 0.886602
0.013449 0.004245 0.088955 0.893351
0.014735 0.004780 0.091816 0.888668
0.015787 0.005224 0.094305 0.884684
0.015409 0.005063 0.093320 0.886208
0.014182 0.004550 0.090597 0.890670
0.014674 0.004755 0.091692 0.888879
0.013444 0.004243 0.088874 0.893439
0.015567 0.005138 0.093797 0.885498
0.014750 0.004786 0.091880 0.888585
0.016141 0.005378 0.094958 0.883523
0.013905 0.004433 0.089995 0.891667
0.013779 0.004382 0.089658 0.892181
0.013464 0.004249 0.088930 0.893356
0.015380 0.005053 0.093341 0.886226
0.014210 0.004563 0.090599 0.890629
0.015823 0.005239 0.094231 0.884707
0.014221 0.004568 0.090734 0.890476
0.013906 0.004433 0.090039 0.891622
0.013460 0.004248 0.088887 0.893404
0.016578 0.005572 0.096169 0.881681
0.015029 0.004910 0.092590 0.887472
0.016047 0.005340 0.094781 0.883832
0.014680 0.004762 0.091799 0.888759
0.014571 0.004718 0.091589 0.889122
0.013477 0.004253 0.088948 0.893321
0.016432 0.005503 0.095789 0.882276
0.015249 0.005001 0.093212 0.886538
0.015981 0.005305 0.094803 0.883911
0.014808 0.004811 0.092144 0.888237
0.014829 0.004823 0.091954 0.888393
0.013467 0.004250 0.088949 0.893334
0.015863 0.005254 0.094263 0.884620
0.015359 0.005046 0.093255 0.886340
0.017139 0.005816 0.097500 0.879544
0.014348 0.004618 0.090983 0.890051
0.014875 0.004833 0.091938 0.888354
0.013764 0.004377 0.089587 0.892271
0.015268 0.005000 0.092901 0.886831
0.015334 0.005029 0.093115 0.886523
0.016877 0.005704 0.096789 0.880631
0.014293 0.004594 0.090784 0.890329
0.014426 0.004642 0.090955 0.889977
0.013916 0.004436 0.090007 0.891641
0.016020 0.005328 0.094648 0.884004
0.015133 0.004946 0.092585 0.887336
0.017876 0.006137 0.099071 0.876917
0.013859 0.004412 0.089732 0.891997
0.014311 0.004596 0.090767 0.890326
0.014237 0.004574 0.090768 0.890422
0.014940 0.004861 0.092268 0.887930
0.014391 0.004628 0.090901 0.890081
0.016953 0.005728 0.097044 0.880275
0.013795 0.004387 0.089609 0.892208
0.013487 0.004256 0.088917 0.893340
0.014350 0.004619 0.091076 0.889955
0.016065 0.005351 0.095009 0.883576
0.013965 0.004452 0.089968 0.891616
0.016905 0.005706 0.096983 0.880406
0.013926 0.004440 0.090035 0.891600
0.015189 0.004987 0.092905 0.886919
0.014298 0.004598 0.090946 0.890158
0.017804 0.006110 0.099086 0.877000
0.015343 0.005046 0.093246 0.886365
0.015263 0.005005 0.092964 0.886768
0.014234 0.004573 0.090707 0.890487
0.016843 0.005689 0.096845 0.880623
0.014199 0.004559 0.090702 0.890540
0.017659 0.006037 0.098652 0.877653
0.016292 0.005449 0.095519 0.882739
0.015887 0.005277 0.094271 0.884565
0.014703 0.004770 0.091736 0.888791
0.017245 0.005852 0.097630 0.879273
0.014296 0.004598 0.090970 0.890136
0.017413 0.005932 0.097880 0.878775
0.016857 0.005691 0.096896 0.880556
0.015811 0.005232 0.094068 0.884889
0.015200 0.004977 0.092723 0.887099
0.017142 0.005802 0.097269 0.879788
0.013891 0.004428 0.090002 0.891678
0.017595 0.005997 0.098387 0.878021
0.017536 0.005986 0.098485 0.877994
0.015550 0.005112 0.093508 0.885830
0.014948 0.004861 0.092151 0.888040
0.016773 0.005643 0.096301 0.881283
0.013869 0.004419 0.089934 0.891778
0.015805 0.005228 0.094277 0.884691
0.017433 0.005938 0.098157 0.878472
0.015435 0.005067 0.093212 0.886286
0.014873 0.004830 0.092062 0.888235
0.014678 0.004751 0.091481 0.889090
0.013826 0.004402 0.089822 0.891949
0.015075 0.004927 0.092538 0.887460
0.015284 0.005012 0.093024 0.886679
0.016456 0.005515 0.095495 0.882534
0.014687 0.004758 0.091684 0.888872
0.015012 0.004900 0.092456 0.887631
0.013446 0.004243 0.088933 0.893378
0.016058 0.005349 0.094878 0.883715
0.015495 0.005105 0.093443 0.885956
0.016682 0.005611 0.096150 0.881558
0.015035 0.004912 0.092581 0.887473
0.016689 0.005621 0.096573 0.881118
0.013448 0.004244 0.088945 0.893364
0.017166 0.005829 0.097587 0.879418
0.014877 0.004834 0.092135 0.888155
0.018621 0.006461 0.100770 0.874148
0.016465 0.005532 0.095990 0.882012
0.018120 0.006246 0.099999 0.875636
0.013450 0.004245 0.088960 0.893346
0.017795 0.006097 0.099075 0.877034
0.014759 0.004790 0.091824 0.888627
0.019854 0.007004 0.103674 0.869468
0.017608 0.006020 0.098698 0.877673
0.019369 0.006804 0.102636 0.871191
0.013444 0.004243 0.088876 0.893437
0.017606 0.006013 0.098556 0.877825
0.015214 0.004984 0.092841 0.886961
0.020893 0.007478 0.105971 0.865658
0.017702 0.006055 0.098921 0.877322
0.018945 0.006596 0.101579 0.872880
0.013460 0.004248 0.088853 0.893439
0.016718 0.005630 0.096393 0.881259
0.016080 0.005356 0.094851 0.883714
0.020599 0.007351 0.105329 0.866721
0.016880 0.005699 0.096918 0.880502
0.016940 0.005715 0.096937 0.880408
0.013477 0.004253 0.088869 0.893401
0.016538 0.005551 0.096058 0.881853
0.016244 0.005423 0.095292 0.883041
0.020028 0.007087 0.104132 0.868753
0.015632 0.005160 0.093937 0.885271
0.015251 0.004995 0.092961 0.886794
0.013493 0.004258 0.088957 0.893291
0.014902 0.004849 0.092156 0.888093
0.016483 0.005522 0.095829 0.882167
0.018168 0.006264 0.099750 0.875818
0.014186 0.004551 0.090378 0.890884
0.014278 0.004586 0.090734 0.890402
0.013478 0.004254 0.088955 0.893313
0.015287 0.005010 0.093018 0.886684
0.016296 0.005443 0.095313 0.882949
0.018095 0.006226 0.099577 0.876102
0.014299 0.004594 0.090674 0.890434
0.015213 0.004995 0.093013 0.886778
0.013769 0.004379 0.089582 0.892270
0.015724 0.005198 0.094082 0.884996
0.016660 0.005602 0.096164 0.881574
0.017318 0.005890 0.097724 0.879067
0.014444 0.004651 0.091137 0.889769
0.016407 0.005497 0.096010 0.882086
0.014240 0.004575 0.090694 0.890491
0.016099 0.005362 0.094971 0.883568
0.016734 0.005632 0.096410 0.881224
0.016694 0.005616 0.096316 0.881374
0.014729 0.004778 0.091759 0.888733
0.016536 0.005552 0.096206 0.881705
0.014747 0.004786 0.091948 0.888519
0.015419 0.005066 0.093484 0.886031
0.016401 0.005489 0.095605 0.882505
0.015910 0.005275 0.094487 0.884329
0.015163 0.004963 0.092833 0.887042
0.016848 0.005688 0.096851 0.880612
0.014861 0.004833 0.092258 0.888049
0.016556 0.005564 0.096187 0.881692
0.017361 0.005907 0.097827 0.878905
0.016597 0.005578 0.095942 0.881883
0.015950 0.005307 0.094637 0.884105
0.016708 0.005624 0.096468 0.881201
0.014777 0.004799 0.092053 0.888371
0.016852 0.005689 0.096991 0.880467
0.017917 0.006153 0.099156 0.876773
0.016501 0.005526 0.095705 0.882267
0.016393 0.005487 0.095840 0.882280
0.014331 0.004609 0.090892 0.890167
0.014622 0.004737 0.091686 0.888956
0.016795 0.005667 0.096831 0.880707
0.017962 0.006172 0.099386 0.876481
0.017240 0.005851 0.097456 0.879454
0.016449 0.005511 0.095927 0.882113
0.013891 0.004426 0.089837 0.891846
0.014640 0.004745 0.091761 0.888854
0.016256 0.005435 0.095516 0.882793
0.017497 0.005969 0.098365 0.878169
0.017012 0.005749 0.097065 0.880174
0.016216 0.005414 0.095223 0.883148
0.014183 0.004550 0.090501 0.890765
0.014354 0.004623 0.091093 0.889930
0.016270 0.005435 0.095590 0.882705
0.017880 0.006140 0.099169 0.876811
0.017888 0.006141 0.099110 0.876861
0.015733 0.005201 0.093951 0.885116
0.014263 0.004582 0.090783 0.890371
0.014331 0.004613 0.091016 0.890041
0.014775 0.004798 0.092004 0.888422
0.017416 0.005932 0.097986 0.878666
0.017895 0.006147 0.099265 0.876692
0.015127 0.004942 0.092526 0.887405
0.014731 0.004781 0.091762 0.888726
0.014275 0.004589 0.090909 0.890227
0.014303 0.004598 0.090892 0.890206
0.016861 0.005685 0.096523 0.880931
0.019876 0.007027 0.103806 0.869292
0.014945 0.004861 0.092252 0.887942
0.014902 0.004846 0.092054 0.888197
0.013833 0.004404 0.089862 0.891902
0.013842 0.004407 0.089637 0.892114
0.015953 0.005286 0.094408 0.884354
0.018950 0.006605 0.101693 0.872752
0.015213 0.004982 0.092850 0.886956
0.015234 0.004986 0.092761 0.887018
0.013445 0.004243 0.088883 0.893429
0.013821 0.004395 0.089613 0.892171
0.015706 0.005186 0.093842 0.885266
0.018231 0.006289 0.099785 0.875695
0.015599 0.005151 0.093725 0.885525
0.015242 0.004989 0.092810 0.886960
0.013463 0.004249 0.088752 0.893536
0.013943 0.004445 0.090018 0.891594
0.015601 0.005147 0.093681 0.885571
0.017382 0.005909 0.097779 0.878931
0.017655 0.006042 0.098719 0.877584
0.014880 0.004834 0.092088 0.888199
0.013518 0.004266 0.088935 0.893280
0.014244 0.004576 0.090703 0.890477
0.016613 0.005586 0.096174 0.881627
0.016207 0.005401 0.095194 0.883198
0.017656 0.006037 0.098791 0.877517
0.015504 0.005110 0.093650 0.885737
0.013502 0.004261 0.088955 0.893282
0.014355 0.004621 0.091079 0.889945
0.018505 0.006416 0.100697 0.874382
0.015608 0.005152 0.093751 0.885490
0.017690 0.006051 0.098725 0.877534
0.017188 0.005839 0.097758 0.879215
0.013479 0.004254 0.088926 0.893340
0.015384 0.005066 0.093388 0.886162
0.019664 0.006929 0.103147 0.870260
0.015411 0.005064 0.093260 0.886266
0.017369 0.005911 0.097865 0.878855
0.018031 0.006209 0.099728 0.876032
0.013769 0.004379 0.089631 0.892221
0.015405 0.005063 0.093525 0.886007
0.019590 0.006888 0.102820 0.870701
0.017518 0.005987 0.098115 0.878380
0.017133 0.005808 0.097304 0.879755
0.018217 0.006288 0.100010 0.875485
0.014942 0.004877 0.092475 0.887706
0.015340 0.005036 0.093079 0.886544
0.018756 0.006510 0.100939 0.873795
0.018291 0.006310 0.100114 0.875285
0.015410 0.005059 0.093374 0.886157
0.018198 0.006268 0.099929 0.875605
0.015390 0.005060 0.093607 0.885943
0.014911 0.004845 0.092083 0.888161
0.017371 0.005902 0.097769 0.878958
0.017744 0.006067 0.098880 0.877309
0.015251 0.004999 0.092949 0.886802
0.016279 0.005435 0.095461 0.882824
0.015347 0.005043 0.093383 0.886226
0.014737 0.004775 0.091759 0.888729
0.015769 0.005215 0.094100 0.884916
0.017332 0.005900 0.097806 0.878962
0.016091 0.005362 0.094935 0.883613
0.014724 0.004775 0.091790 0.888712
0.015248 0.004999 0.093082 0.886671
0.014139 0.004532 0.090411 0.890917
0.017030 0.005771 0.096923 0.880276
0.018342 0.006342 0.099987 0.875329
0.016669 0.005610 0.096386 0.881334
0.014185 0.004551 0.090514 0.890751
0.014690 0.004760 0.091792 0.888759
0.014377 0.004631 0.091024 0.889968
0.018654 0.006475 0.100806 0.874065
0.016852 0.005680 0.096529 0.880939
0.016820 0.005675 0.096808 0.880696
0.014979 0.004889 0.092471 0.887661
0.013474 0.004253 0.088961 0.893312
0.016329 0.005475 0.095624 0.882573
0.019625 0.006902 0.103179 0.870295
0.017065 0.005769 0.097116 0.880051
0.017012 0.005757 0.097183 0.880048
0.015412 0.005067 0.093534 0.885986
0.013457 0.004247 0.088867 0.893428
0.017122 0.005806 0.097558 0.879514
0.019641 0.006913 0.103178 0.870269
0.016995 0.005742 0.096968 0.880295
0.016775 0.005654 0.096410 0.881162
0.015377 0.005053 0.093284 0.886286
0.013774 0.004380 0.089559 0.892287
0.017047 0.005768 0.097290 0.879895
0.019345 0.006781 0.102508 0.871366
0.016618 0.005587 0.096072 0.881723
0.016257 0.005422 0.095227 0.883094
0.015673 0.005179 0.093979 0.885170
0.014258 0.004581 0.090784 0.890377
0.015878 0.005263 0.094495 0.884364
0.018815 0.006561 0.101181 0.873443
0.018144 0.006258 0.099788 0.875810
0.015727 0.005196 0.094019 0.885058
0.015588 0.005143 0.093873 0.885396
0.014387 0.004633 0.091133 0.889846
0.016010 0.005323 0.094610 0.884057
0.018160 0.006257 0.099713 0.875870
0.018852 0.006564 0.101501 0.873083
0.014905 0.004847 0.092050 0.888198
0.014386 0.004633 0.091125 0.889855
0.014350 0.004619 0.091038 0.889993
0.013996 0.004462 0.089848 0.891694
0.017142 0.005804 0.097396 0.879657
0.018497 0.006405 0.100444 0.874653
0.015588 0.005142 0.093650 0.885620
0.014690 0.004766 0.091795 0.888749
0.014616 0.004735 0.091614 0.889034
0.014679 0.004753 0.091511 0.889058
0.017330 0.005892 0.097811 0.878967
0.018785 0.006528 0.101002 0.873685
0.017062 0.005783 0.097260 0.879895
0.015525 0.005122 0.093628 0.885725
0.014663 0.004752 0.091774 0.888811
0.015291 0.005012 0.093127 0.886570
0.016833 0.005674 0.096628 0.880865
0.018408 0.006362 0.100203 0.875028
0.017623 0.006020 0.098687 0.877671
0.015381 0.005049 0.093264 0.886305
0.014378 0.004630 0.091142 0.889850
0.015736 0.005206 0.094233 0.884825
0.016015 0.005329 0.094392 0.884264
0.016309 0.005445 0.095484 0.882762
0.017580 0.006007 0.098459 0.877955
0.014924 0.004853 0.092092 0.888131
0.014343 0.004617 0.090986 0.890054
0.017035 0.005778 0.097326 0.879860
0.016930 0.005710 0.096720 0.880639
0.015800 0.005232 0.094263 0.884705
0.018536 0.006428 0.100555 0.874482
0.014844 0.004818 0.091955 0.888382
0.014296 0.004595 0.090880 0.890229
0.018577 0.006454 0.100861 0.874108
0.017580 0.005995 0.098335 0.878090
0.017663 0.006047 0.098612 0.877679
0.017998 0.006181 0.099372 0.876450
0.014639 0.004738 0.091558 0.889065
0.014173 0.004547 0.090604 0.890676
0.017741 0.006071 0.098879 0.877309
0.016980 0.005737 0.096993 0.880289
0.018694 0.006494 0.101022 0.873791
0.016346 0.005462 0.095591 0.882601
0.014970 0.004886 0.092432 0.887712
0.013902 0.004432 0.090011 0.891654
0.017011 0.005751 0.097111 0.880127
0.017787 0.006099 0.098861 0.877253
0.018244 0.006294 0.099931 0.875531
0.015855 0.005254 0.094390 0.884502
0.016214 0.005417 0.095513 0.882856
0.013893 0.004429 0.089982 0.891697
0.016208 0.005404 0.095171 0.883217
0.019418 0.006829 0.102692 0.871060
0.017652 0.006031 0.098617 0.877700
0.016055 0.005344 0.094776 0.883825
0.017402 0.005934 0.098234 0.878430
0.014199 0.004560 0.090706 0.890535
0.014307 0.004595 0.090534 0.890564
0.019265 0.006740 0.102361 0.871634
0.017704 0.006062 0.098790 0.877443
0.016602 0.005580 0.096150 0.881668
0.017659 0.006037 0.098771 0.877533
0.014297 0.004598 0.090975 0.890130
0.014544 0.004698 0.091066 0.889692
0.018975 0.006616 0.101497 0.872911
0.016603 0.005586 0.096313 0.881499
0.016981 0.005738 0.097158 0.880124
0.016878 0.005695 0.096868 0.880559
0.013892 0.004428 0.090004 0.891676
0.015346 0.005033 0.093090 0.886531
0.018210 0.006275 0.099658 0.875858
0.016249 0.005433 0.095320 0.882998
0.016501 0.005534 0.095960 0.882005
0.015238 0.004991 0.092967 0.886804
0.013863 0.004418 0.089856 0.891863
0.015892 0.005266 0.094415 0.884427
0.017687 0.006045 0.098526 0.877742
0.016366 0.005474 0.095414 0.882746
0.017181 0.005835 0.097506 0.879477
0.014281 0.004587 0.090753 0.890380
0.013843 0.004407 0.089803 0.891947
0.016807 0.005665 0.096655 0.880873
0.016116 0.005368 0.095005 0.883511
0.016445 0.005498 0.095563 0.882495
0.017130 0.005816 0.097448 0.879606
0.014114 0.004524 0.090397 0.890965
0.013463 0.004249 0.088949 0.893339
0.018909 0.006597 0.101533 0.872961
0.016930 0.005721 0.096900 0.880448
0.015358 0.005032 0.092961 0.886650
0.016300 0.005450 0.095612 0.882638
0.014728 0.004781 0.091948 0.888543
0.013459 0.004248 0.088957 0.893336
0.018281 0.006308 0.100082 0.875329
0.017423 0.005938 0.097902 0.878737
0.014423 0.004636 0.090656 0.890284
0.015895 0.005275 0.094648 0.884182
0.015232 0.004995 0.093173 0.886600
0.013451 0.004245 0.088938 0.893366
0.018812 0.006541 0.101345 0.873302
0.019217 0.006724 0.102087 0.871973
0.015418 0.005066 0.093031 0.886485
0.016161 0.005390 0.095002 0.883447
0.015716 0.005202 0.094276 0.884806
0.013750 0.004373 0.089513 0.892364
0.018789 0.006532 0.101309 0.873370
0.018833 0.006547 0.101308 0.873312
0.017264 0.005865 0.097535 0.879336
0.015345 0.005028 0.092817 0.886810
0.015766 0.005219 0.094346 0.884669
0.013925 0.004439 0.089929 0.891707
0.017465 0.005949 0.098259 0.878326
0.017052 0.005770 0.097093 0.880085
0.019016 0.006631 0.101699 0.872654
0.014848 0.004812 0.091577 0.888762
0.014793 0.004804 0.091990 0.888413
0.013941 0.004444 0.090002 0.891614
0.016514 0.005548 0.096076 0.881862
0.017249 0.005859 0.097508 0.879384
0.021083 0.007560 0.106539 0.864818
0.014545 0.004682 0.090909 0.889864
0.014311 0.004600 0.090802 0.890286
0.013902 0.004430 0.089873 0.891795
0.017256 0.005868 0.097953 0.878924
0.018259 0.006303 0.099997 0.875441
0.024114 0.008959 0.113230 0.853697
0.014828 0.004806 0.091695 0.888671
0.013872 0.004416 0.089797 0.891914
0.013866 0.004415 0.089825 0.891894
0.016455 0.005516 0.096110 0.881919
0.017632 0.006023 0.098538 0.877807
0.021930 0.007948 0.108371 0.861750
0.016427 0.005505 0.095654 0.882415
0.013786 0.004384 0.089640 0.892190
0.014100 0.004519 0.090331 0.891051
0.016276 0.005442 0.095643 0.882638
0.017173 0.005821 0.097366 0.879641
0.020112 0.007131 0.104299 0.868458
0.020450 0.007289 0.105145 0.867116
0.014239 0.004574 0.090782 0.890405
0.014744 0.004786 0.091947 0.888524
0.016209 0.005412 0.095416 0.882963
0.018407 0.006369 0.100181 0.875043
0.019418 0.006813 0.102729 0.871041
0.023125 0.008497 0.111197 0.857182
0.014714 0.004775 0.091937 0.888574
0.014869 0.004838 0.092218 0.888075
0.014730 0.004779 0.091859 0.888632
0.018540 0.006421 0.100664 0.874375
0.017456 0.005946 0.098180 0.878417
0.026005 0.009842 0.117348 0.846805
0.015188 0.004978 0.092951 0.886883
0.015208 0.004982 0.093018 0.886792
0.013904 0.004430 0.089937 0.891728
0.016963 0.005732 0.097109 0.880196
0.016063 0.005352 0.094817 0.883768
0.025016 0.009363 0.115104 0.850517
0.015306 0.005022 0.093128 0.886545
0.015223 0.004988 0.093045 0.886744
0.013853 0.004410 0.089827 0.891910
0.017353 0.005911 0.097910 0.878826
0.015876 0.005256 0.094576 0.884292
0.020080 0.007111 0.104065 0.868743
0.014812 0.004810 0.091918 0.888460
0.014667 0.004754 0.091722 0.888858
0.013459 0.004248 0.088924 0.893369
0.018482 0.006406 0.100473 0.874640
0.015627 0.005158 0.093639 0.885575
0.017084 0.005794 0.097093 0.880028
0.014320 0.004603 0.090819 0.890258
0.014346 0.004618 0.090895 0.890142
0.013760 0.004376 0.089592 0.892272
0.017952 0.006168 0.099274 0.876605
0.015818 0.005236 0.094318 0.884628
0.015765 0.005215 0.094128 0.884892
0.013883 0.004420 0.089864 0.891833
0.014693 0.004762 0.091759 0.888785
0.014238 0.004574 0.090756 0.890431
0.017065 0.005775 0.097242 0.879918
0.015862 0.005254 0.094248 0.884636
0.015558 0.005131 0.093701 0.885609
0.014104 0.004521 0.090327 0.891048
0.014373 0.004627 0.091020 0.889980
0.014362 0.004625 0.091002 0.890010
0.016362 0.005471 0.095580 0.882586
0.015696 0.005183 0.093700 0.885421
0.015942 0.005291 0.094660 0.884107
0.015144 0.004955 0.092362 0.887540
0.014684 0.004759 0.091757 0.888800
0.014356 0.004621 0.090888 0.890135
0.016021 0.005331 0.094606 0.884043
0.018098 0.006190 0.098512 0.877200
0.016297 0.005441 0.094996 0.883266
0.015596 0.005127 0.093344 0.885932
0.014356 0.004621 0.090870 0.890153
0.014331 0.004607 0.090880 0.890182
0.016144 0.005378 0.094920 0.883558
0.017719 0.006004 0.097622 0.878654
0.016347 0.005453 0.094944 0.883257
0.015955 0.005282 0.094212 0.884551
0.015074 0.004924 0.092563 0.887439
0.014194 0.004554 0.090572 0.890680
0.015899 0.005268 0.094266 0.884567
0.017441 0.005897 0.097183 0.879479
0.017444 0.005925 0.097650 0.878981
0.015901 0.005262 0.094135 0.884703
0.014885 0.004841 0.092238 0.888037
0.013912 0.004435 0.089816 0.891837
0.016459 0.005505 0.095573 0.882462
0.019852 0.006987 0.102793 0.870368
0.016114 0.005350 0.094647 0.883889
0.015224 0.004978 0.092697 0.887102
0.015190 0.004974 0.092982 0.886854
0.014277 0.004587 0.090524 0.890612
0.016834 0.005673 0.096400 0.881092
0.020854 0.007450 0.105421 0.866275
0.016382 0.005472 0.095271 0.882875
0.018444 0.006397 0.100445 0.874714
0.014825 0.004819 0.092183 0.888172
0.015164 0.004958 0.092721 0.887157
0.017673 0.006044 0.098565 0.877719
0.041450 0.017300 0.148460 0.792791
0.021347 0.007692 0.106995 0.863966
0.022889 0.008391 0.110674 0.858046
0.015875 0.005275 0.094653 0.884198
0.015391 0.005053 0.093241 0.886315
0.018079 0.006223 0.099673 0.876025
0.068705 0.031484 0.192936 0.706875
0.024871 0.009313 0.114742 0.851074
0.023642 0.008735 0.111957 0.855666
0.015349 0.005044 0.093369 0.886238
0.014933 0.004856 0.092126 0.888085
0.019949 0.007058 0.104050 0.868943
0.067016 0.030710 0.189780 0.712494
0.024956 0.009327 0.114821 0.850896
0.025129 0.009408 0.115010 0.850453
0.015345 0.005038 0.093284 0.886334
0.015979 0.005312 0.094597 0.884111
0.020416 0.007266 0.104669 0.867648
0.047353 0.020449 0.157522 0.774675
0.027079 0.010340 0.119201 0.843380
0.024327 0.009029 0.113397 0.853247
0.014845 0.004824 0.092134 0.888197
0.017170 0.005828 0.097466 0.879536
0.021027 0.007518 0.106020 0.865435
0.037502 0.015405 0.139579 0.807515
0.027319 0.010444 0.119722 0.842515
0.018026 0.006190 0.099463 0.876320
0.014690 0.004760 0.091783 0.888768
0.016629 0.005583 0.096318 0.881471
0.018376 0.006336 0.099996 0.875292
0.017984 0.006167 0.099011 0.876837
0.018861 0.006564 0.101298 0.873277
0.016690 0.005620 0.096392 0.881298
0.013459 0.004248 0.088849 0.893444
0.017916 0.006154 0.099340 0.876590
0.017427 0.005922 0.097870 0.878781
0.015455 0.005071 0.093206 0.886269
0.019507 0.006864 0.102881 0.870748
0.020067 0.007119 0.104465 0.868349
0.014102 0.004520 0.090319 0.891059
0.018657 0.006481 0.101045 0.873817
0.015349 0.005034 0.093077 0.886540
0.015632 0.005157 0.093701 0.885511
0.019754 0.006962 0.103519 0.869766
0.020614 0.007354 0.105759 0.866273
0.014754 0.004789 0.091982 0.888475
0.017398 0.005924 0.098116 0.878563
0.019627 0.006926 0.103198 0.870249
0.018589 0.006464 0.100687 0.874260
0.019297 0.006766 0.102400 0.871537
0.019961 0.007055 0.104160 0.868825
0.014888 0.004844 0.092334 0.887934
0.016734 0.005640 0.096553 0.881073
0.020262 0.007190 0.104754 0.867794
0.020473 0.007290 0.105191 0.867046
0.018413 0.006365 0.100338 0.874884
0.018856 0.006565 0.101578 0.873001
0.014819 0.004817 0.092097 0.888267
0.016898 0.005704 0.096998 0.880400
0.022082 0.008023 0.108796 0.861099
0.022049 0.008006 0.108693 0.861252
0.019058 0.006655 0.101702 0.872585
0.017606 0.006020 0.098599 0.877775
0.015076 0.004927 0.092647 0.887350
0.015301 0.005020 0.093211 0.886468
0.021514 0.007756 0.107559 0.863171
0.022936 0.008411 0.110513 0.858139
0.016375 0.005475 0.095581 0.882570
0.014311 0.004602 0.090903 0.890184
0.014679 0.004758 0.091775 0.888788
0.015521 0.005118 0.093723 0.885637
0.021883 0.007931 0.108352 0.861834
0.020847 0.007456 0.105683 0.866014
0.016751 0.005643 0.096408 0.881198
0.014229 0.004571 0.090721 0.890479
0.014389 0.004634 0.091142 0.889835
0.015241 0.004997 0.093018 0.886744
0.016279 0.005443 0.095565 0.882713
0.017277 0.005868 0.097386 0.879469
0.016198 0.005405 0.095201 0.883196
0.014349 0.004619 0.091071 0.889961
0.014350 0.004619 0.091038 0.889992
0.014750 0.004787 0.091814 0.888648
0.016277 0.005440 0.095330 0.882953
0.016825 0.005666 0.096417 0.881092
0.017252 0.005865 0.097720 0.879163
0.014296 0.004598 0.090931 0.890175
0.014615 0.004735 0.091644 0.889007
0.014864 0.004832 0.092121 0.888184
0.015258 0.004999 0.092909 0.886834
0.015809 0.005231 0.094094 0.884866
0.017333 0.005901 0.097860 0.878905
0.014187 0.004556 0.090541 0.890716
0.014638 0.004744 0.091748 0.888870
0.015140 0.004951 0.092784 0.887125
0.015275 0.005005 0.093020 0.886700
0.016240 0.005419 0.095130 0.883211
0.017052 0.005770 0.097151 0.880027
