0.211491 0.134246 0.313569 0.340694
0.185770 0.110854 0.330557 0.372819
0.233091 0.156138 0.296197 0.314574
0.219191 0.143055 0.315442 0.322312
0.209280 0.132012 0.315038 0.343671
0.199548 0.124660 0.318794 0.356998
0.218333 0.141124 0.305871 0.334672
0.185501 0.110694 0.328620 0.375185
0.221337 0.143580 0.306423 0.328661
0.222645 0.145069 0.311590 0.320696
0.214996 0.139441 0.307246 0.338317
0.209573 0.133142 0.313394 0.343891
0.219210 0.142324 0.304839 0.333627
0.193966 0.117892 0.325703 0.362440
0.218247 0.140690 0.303692 0.337372
0.234571 0.157351 0.299436 0.308642
0.210104 0.134437 0.311639 0.343820
0.229813 0.153337 0.297743 0.319107
0.225332 0.148338 0.300797 0.325533
0.221792 0.143667 0.304579 0.329961
0.215168 0.137723 0.306659 0.340450
0.238944 0.163204 0.287053 0.310800
0.213101 0.137373 0.311623 0.337903
0.242367 0.168671 0.282969 0.305993
0.217150 0.140207 0.305362 0.337281
0.222516 0.146621 0.300229 0.330634
0.201537 0.124612 0.318901 0.354950
0.243390 0.169153 0.280304 0.307153
0.210883 0.134980 0.314306 0.339831
0.239204 0.165201 0.287548 0.308046
0.207441 0.130579 0.314952 0.347027
0.218205 0.141806 0.304964 0.335025
0.193769 0.117705 0.322094 0.366431
0.236594 0.161339 0.287118 0.314949
0.207840 0.130957 0.316780 0.344423
0.232502 0.157604 0.299164 0.310730
0.198608 0.122282 0.323094 0.356016
0.212054 0.135373 0.312644 0.339928
0.192840 0.116635 0.323681 0.366844
0.219769 0.142782 0.301308 0.336141
0.218621 0.141479 0.314394 0.325506
0.218608 0.142484 0.310902 0.328005
0.200032 0.123255 0.324046 0.352667
0.211237 0.133786 0.314119 0.340857
0.186622 0.111362 0.330899 0.371117
0.205348 0.128153 0.313390 0.353109
0.216450 0.140853 0.310362 0.332335
0.202905 0.127176 0.315823 0.354096
0.196885 0.120449 0.325546 0.357120
0.196757 0.120371 0.324869 0.358003
0.186837 0.111491 0.331281 0.370391
0.192124 0.116202 0.326086 0.365587
0.224951 0.148533 0.305368 0.321148
0.199867 0.123693 0.320357 0.356083
0.195385 0.119182 0.327336 0.358098
0.202996 0.126157 0.324039 0.346807
0.195993 0.119124 0.325475 0.359407
0.186024 0.111006 0.328193 0.374777
0.220513 0.145514 0.301177 0.332796
0.200860 0.124565 0.320822 0.353753
0.202835 0.125529 0.322700 0.348936
0.202101 0.125883 0.321430 0.350586
0.197298 0.120702 0.325623 0.356377
0.184067 0.109838 0.326314 0.379781
0.210311 0.134823 0.307110 0.347756
0.217522 0.140494 0.303920 0.338064
0.212182 0.134092 0.315965 0.337762
0.208934 0.131646 0.316925 0.342495
0.196237 0.119702 0.326011 0.358049
0.183492 0.109495 0.327557 0.379456
0.223192 0.146272 0.296240 0.334296
0.221184 0.145113 0.301331 0.332372
0.213928 0.136372 0.308812 0.340889
0.204326 0.127269 0.319619 0.348786
0.213004 0.134361 0.315136 0.337499
0.184934 0.110355 0.328957 0.375753
0.222833 0.147582 0.299449 0.330136
0.214567 0.138826 0.309037 0.337570
0.213100 0.135728 0.309582 0.341590
0.209495 0.132000 0.313706 0.344800
0.214713 0.136618 0.313004 0.335666
0.202055 0.125142 0.316402 0.356400
0.218911 0.142433 0.304874 0.333782
0.212954 0.136735 0.309198 0.341113
0.216725 0.139056 0.305368 0.338851
0.222337 0.143884 0.304218 0.329561
0.205660 0.128299 0.315998 0.350043
0.205664 0.129076 0.316330 0.348929
0.213324 0.137829 0.312440 0.336407
0.210925 0.134429 0.311538 0.343109
0.210343 0.132810 0.310917 0.345930
0.219627 0.142920 0.303153 0.334301
0.211508 0.133319 0.312498 0.342675
0.210970 0.134129 0.316980 0.337921
0.206987 0.131507 0.319573 0.341934
0.199135 0.123758 0.319484 0.357623
0.201448 0.124557 0.315418 0.358577
0.210950 0.133990 0.310578 0.344483
0.209898 0.131962 0.313880 0.344260
0.217557 0.140673 0.314449 0.327321
0.188487 0.114496 0.327018 0.369999
0.200058 0.124610 0.320668 0.354664
0.193516 0.117552 0.324547 0.364385
0.204567 0.128243 0.311075 0.356116
0.197933 0.120736 0.321877 0.359454
0.215244 0.138376 0.315133 0.331247
0.203349 0.127706 0.318212 0.350733
0.215293 0.138295 0.313006 0.333405
0.192181 0.116237 0.326519 0.365064
0.195119 0.119623 0.318087 0.367171
0.195218 0.118585 0.321191 0.365006
0.201786 0.125312 0.324312 0.348590
0.203173 0.127512 0.319127 0.350188
0.210545 0.134557 0.315141 0.339758
0.186833 0.111488 0.331217 0.370462
0.184930 0.110353 0.324900 0.379818
0.190856 0.115435 0.321021 0.372688
0.204173 0.128098 0.315048 0.352681
0.227231 0.150219 0.303920 0.318630
0.207465 0.131197 0.317488 0.343850
0.185014 0.110403 0.327275 0.377308
0.190845 0.115995 0.320529 0.372630
0.186520 0.111302 0.326033 0.376145
0.217538 0.140153 0.306142 0.336168
0.236693 0.161332 0.294134 0.307841
0.224838 0.147350 0.308875 0.318937
0.184285 0.109968 0.327734 0.378012
0.193911 0.118629 0.321322 0.366138
0.187471 0.111869 0.326958 0.373701
0.222670 0.145688 0.300088 0.331554
0.237355 0.162946 0.294709 0.304990
0.223734 0.148179 0.303656 0.324431
0.202575 0.125464 0.318019 0.353942
0.192739 0.117569 0.326268 0.363424
0.186952 0.111559 0.325634 0.375855
0.219843 0.143245 0.300867 0.336045
0.231642 0.156103 0.302217 0.310038
0.219822 0.143026 0.306347 0.330805
0.207055 0.129949 0.315534 0.347461
0.199562 0.123504 0.324566 0.352368
0.185802 0.110873 0.326368 0.376957
0.221936 0.145039 0.298062 0.334964
0.223953 0.148598 0.302822 0.324627
0.223864 0.147473 0.302928 0.325735
0.212784 0.135282 0.309441 0.342493
0.199694 0.123842 0.325651 0.350812
0.193474 0.117593 0.325698 0.363235
0.212156 0.135795 0.312437 0.339612
0.211058 0.135420 0.304853 0.348669
0.219913 0.143324 0.306717 0.330047
0.210017 0.133221 0.315250 0.341513
0.209905 0.132965 0.322260 0.334870
0.195851 0.119816 0.325037 0.359296
0.198253 0.122582 0.320463 0.358702
0.205963 0.130045 0.310377 0.353615
0.220167 0.142057 0.306806 0.330970
0.210081 0.134209 0.310283 0.345427
0.209642 0.133979 0.315991 0.340388
0.195544 0.119279 0.325144 0.360033
0.192028 0.116647 0.326458 0.364867
0.214811 0.137985 0.305461 0.341743
0.218851 0.141795 0.311386 0.327968
0.200974 0.125181 0.317073 0.356772
0.222863 0.146496 0.303589 0.327052
0.193649 0.117632 0.327636 0.361082
0.189300 0.114494 0.327574 0.368631
0.220708 0.143783 0.302289 0.333220
0.208449 0.131820 0.315938 0.343793
0.197395 0.122052 0.315899 0.364654
0.227218 0.150807 0.299854 0.322122
0.200136 0.123319 0.325228 0.351316
0.184462 0.110074 0.332839 0.372625
0.217702 0.141222 0.309518 0.331559
0.208676 0.131533 0.317394 0.342396
0.190277 0.115584 0.321674 0.372465
0.232098 0.155666 0.295811 0.316425
0.214777 0.136448 0.315384 0.333391
0.210389 0.132828 0.314629 0.342154
0.203897 0.128945 0.319006 0.348152
0.207422 0.130405 0.318235 0.343938
0.205971 0.129352 0.311103 0.353573
0.234049 0.157902 0.288045 0.320003
0.214768 0.137845 0.308845 0.338542
0.214252 0.138022 0.310443 0.337282
0.198824 0.124082 0.320623 0.356471
0.196115 0.119627 0.325023 0.359236
0.209331 0.133888 0.309808 0.346972
0.228955 0.153825 0.295390 0.321830
0.211286 0.134203 0.311539 0.342973
0.220040 0.143168 0.306957 0.329835
0.195432 0.120421 0.322566 0.361581
0.211600 0.133475 0.312507 0.342419
0.208406 0.133351 0.310264 0.347979
0.212663 0.136922 0.309448 0.340968
0.214592 0.137120 0.307609 0.340679
0.225268 0.148398 0.304993 0.321341
0.193575 0.118424 0.325120 0.362881
0.212707 0.135342 0.313239 0.338711
0.204563 0.129365 0.317731 0.348341
0.204123 0.127964 0.316650 0.351263
0.213474 0.136793 0.301675 0.348058
0.225748 0.150029 0.296764 0.327459
0.209794 0.132895 0.312787 0.344523
0.214068 0.136099 0.312736 0.337096
0.203086 0.129178 0.309996 0.357741
0.196869 0.120696 0.322359 0.360076
0.204523 0.127932 0.310101 0.357444
0.209823 0.133641 0.311145 0.345392
0.234503 0.158914 0.293309 0.313275
0.212747 0.134952 0.313373 0.338927
0.193523 0.120015 0.317400 0.369062
0.183543 0.109525 0.328770 0.378162
0.201286 0.125002 0.317871 0.355842
0.214281 0.137488 0.311606 0.336625
0.231973 0.158602 0.293151 0.316274
0.207057 0.129779 0.314521 0.348642
0.213434 0.137854 0.310278 0.338435
0.196279 0.121565 0.314423 0.367733
0.198599 0.122276 0.321369 0.357757
0.205996 0.130066 0.312664 0.351274
0.229664 0.155028 0.298325 0.316983
0.192045 0.116658 0.320853 0.370444
0.217489 0.142689 0.310707 0.329115
0.209090 0.133734 0.309570 0.347606
0.191765 0.115985 0.327462 0.364788
0.207871 0.130976 0.312530 0.348623
0.223618 0.148427 0.301947 0.326009
0.198757 0.122469 0.316034 0.362740
0.229074 0.154143 0.298857 0.317927
0.209236 0.133882 0.309400 0.347482
0.184917 0.110345 0.335327 0.369411
0.200202 0.124700 0.320414 0.354683
0.207348 0.131736 0.313709 0.347207
0.195332 0.119499 0.317538 0.367630
0.228512 0.154537 0.308751 0.308200
0.205606 0.130025 0.311337 0.353032
0.182972 0.109185 0.331306 0.376537
0.206568 0.130155 0.318094 0.345183
0.205678 0.129740 0.312714 0.351869
0.194218 0.118470 0.317901 0.369412
0.226490 0.154026 0.305367 0.314117
0.214156 0.138896 0.302898 0.344050
0.201497 0.124797 0.320893 0.352812
0.211370 0.134169 0.314827 0.339635
0.215497 0.139766 0.310515 0.334223
0.192972 0.117221 0.322402 0.367405
0.228051 0.153856 0.302531 0.315562
0.211077 0.136899 0.311045 0.340978
0.206114 0.129358 0.318005 0.346523
0.209223 0.132673 0.319282 0.338822
0.218101 0.142262 0.307160 0.332478
0.195689 0.120579 0.317430 0.366303
0.233591 0.160083 0.294283 0.312043
0.213924 0.139537 0.309339 0.337201
0.213148 0.135514 0.313571 0.337767
0.199125 0.123660 0.320295 0.356920
0.214786 0.139330 0.309104 0.336780
0.190568 0.116584 0.319402 0.373445
0.221600 0.146376 0.307343 0.324681
0.212978 0.138158 0.312637 0.336227
0.237144 0.159503 0.292077 0.311276
0.221402 0.144413 0.304852 0.329333
0.217657 0.141590 0.310035 0.330718
0.190812 0.116393 0.323692 0.369103
0.248503 0.175990 0.273724 0.301783
0.207975 0.132703 0.318796 0.340526
0.234466 0.158846 0.296167 0.310521
0.219066 0.143088 0.304209 0.333637
0.211555 0.136153 0.312948 0.339344
0.188066 0.114241 0.323818 0.373876
0.251638 0.182762 0.276467 0.289133
0.210672 0.134747 0.322212 0.332369
0.218683 0.142117 0.307084 0.332116
0.210576 0.134401 0.308946 0.346076
0.223327 0.147200 0.304914 0.324558
0.196503 0.121081 0.320806 0.361610
0.240252 0.167084 0.293047 0.299617
0.236443 0.162731 0.295626 0.305200
0.213034 0.135999 0.311473 0.339494
0.220495 0.144372 0.295258 0.339875
0.217028 0.141856 0.306352 0.334763
0.208186 0.132261 0.316113 0.343440
0.228090 0.152376 0.306232 0.313303
0.234004 0.162072 0.294908 0.309016
0.201147 0.124998 0.314851 0.359003
0.216963 0.141902 0.301069 0.340066
0.220311 0.144624 0.306814 0.328251
0.216533 0.141673 0.312306 0.329488
0.226002 0.149703 0.304716 0.319579
0.236164 0.163179 0.293289 0.307367
0.186457 0.111264 0.326199 0.376079
0.206420 0.131237 0.308597 0.353746
0.220653 0.144651 0.304712 0.329984
0.223836 0.148712 0.307142 0.320310
0.200611 0.124411 0.322964 0.352014
0.237884 0.164043 0.291710 0.306363
0.203896 0.126282 0.317671 0.352151
0.205933 0.130630 0.313143 0.350293
0.227918 0.152361 0.300091 0.319631
0.225224 0.151034 0.304225 0.319517
0.220292 0.142283 0.307471 0.329954
0.246464 0.172914 0.279434 0.301187
0.206917 0.129863 0.317758 0.345462
0.202393 0.126855 0.319213 0.351539
0.218138 0.142582 0.305987 0.333293
0.216137 0.141474 0.308669 0.333719
0.222703 0.146109 0.302058 0.329130
0.237847 0.162800 0.297161 0.302193
0.204874 0.127809 0.319235 0.348083
0.189738 0.115256 0.331922 0.363084
0.219629 0.144176 0.306680 0.329515
0.228372 0.152411 0.301399 0.317819
0.226606 0.149491 0.299383 0.324520
0.239499 0.165146 0.297852 0.297503
0.197017 0.121861 0.319176 0.361947
0.203683 0.127915 0.323127 0.345276
0.220914 0.144822 0.306775 0.327488
0.237952 0.164682 0.288101 0.309265
0.218208 0.140985 0.308885 0.331922
0.227590 0.152426 0.301984 0.318000
0.194616 0.119315 0.322357 0.363711
0.207713 0.132853 0.317824 0.341610
0.213630 0.137339 0.314094 0.334937
0.232708 0.158580 0.293836 0.314876
0.220864 0.143054 0.307478 0.328603
0.216318 0.139904 0.310030 0.333748
0.192980 0.117293 0.322214 0.367513
0.216829 0.141432 0.312105 0.329634
0.217958 0.140632 0.313070 0.328340
0.232506 0.159393 0.288663 0.319438
0.202299 0.126006 0.316350 0.355345
0.197457 0.121573 0.320356 0.360613
0.202241 0.126055 0.312388 0.359316
0.221753 0.146672 0.303119 0.328456
0.217547 0.140951 0.314413 0.327089
0.227782 0.154463 0.296350 0.321405
0.196978 0.121794 0.317177 0.364050
0.218151 0.139682 0.307188 0.334979
0.204041 0.127630 0.313067 0.355261
0.241543 0.167838 0.282571 0.308047
0.224233 0.147396 0.308098 0.320273
0.219034 0.143158 0.305843 0.331965
0.191689 0.116441 0.322836 0.369033
0.225492 0.148079 0.298297 0.328132
0.217393 0.140267 0.310286 0.332054
0.240993 0.167279 0.286306 0.305422
0.218393 0.142161 0.308668 0.330777
0.215866 0.139580 0.312580 0.331975
0.198756 0.122469 0.317394 0.361381
0.222306 0.145561 0.305619 0.326514
0.217448 0.140886 0.311294 0.330372
0.245779 0.172944 0.285642 0.295635
0.219838 0.143684 0.302465 0.334013
0.209086 0.134418 0.307838 0.348658
0.196343 0.120118 0.320467 0.363072
0.216510 0.139450 0.311095 0.332945
0.206097 0.130333 0.315054 0.348516
0.236916 0.162886 0.293242 0.306956
0.216577 0.140039 0.303116 0.340269
0.210703 0.135951 0.311416 0.341930
0.200678 0.124717 0.316509 0.358096
0.209581 0.132570 0.317426 0.340424
0.193823 0.119885 0.318896 0.367396
0.221312 0.146404 0.305363 0.326922
0.221998 0.145505 0.297715 0.334782
0.218884 0.144591 0.305748 0.330777
0.207285 0.131576 0.314360 0.346779
0.189186 0.114426 0.322296 0.374092
0.191290 0.117276 0.320853 0.370580
0.202740 0.127098 0.318724 0.351438
0.218361 0.141772 0.301692 0.338174
0.213045 0.138201 0.308235 0.340519
0.207360 0.131491 0.315746 0.345403
0.183579 0.109547 0.326478 0.380395
0.208938 0.131912 0.311595 0.347555
0.203204 0.126944 0.316790 0.353062
0.214411 0.138439 0.305958 0.341192
0.221260 0.145451 0.300629 0.332660
0.197853 0.122870 0.318823 0.360454
0.201977 0.125094 0.317081 0.355847
0.215394 0.138757 0.307898 0.337951
0.211813 0.134565 0.309053 0.344568
0.204535 0.128750 0.317845 0.348871
0.217874 0.143115 0.311674 0.327337
0.196089 0.120730 0.321717 0.361464
0.206631 0.129683 0.314887 0.348799
0.217193 0.141315 0.305889 0.335604
0.214031 0.137372 0.310032 0.338565
0.196357 0.120895 0.325682 0.357066
0.237023 0.162148 0.299016 0.301813
0.205091 0.128799 0.317554 0.348556
0.213653 0.135835 0.310705 0.339808
0.227527 0.152883 0.301768 0.317822
0.226272 0.149406 0.305416 0.318906
0.189851 0.114827 0.331109 0.364213
0.235288 0.161507 0.301175 0.302030
0.220463 0.143761 0.309359 0.326417
0.210002 0.133212 0.318342 0.338445
0.224499 0.150175 0.307251 0.318075
0.224753 0.148312 0.306676 0.320259
0.193022 0.117318 0.330444 0.359216
0.225635 0.151442 0.305340 0.317582
0.220930 0.145082 0.306044 0.327944
0.211944 0.135399 0.316680 0.335977
0.207828 0.132007 0.318825 0.341340
0.212903 0.136485 0.313825 0.336786
0.200928 0.125237 0.321441 0.352395
0.208869 0.133995 0.315811 0.341325
0.222088 0.146480 0.306416 0.325016
0.200037 0.124597 0.318197 0.357169
0.204305 0.128079 0.320931 0.346686
0.199082 0.123138 0.324113 0.353667
0.218682 0.142125 0.307164 0.332029
0.235845 0.160729 0.291969 0.311457
0.216761 0.141280 0.308402 0.333556
0.198662 0.122835 0.320044 0.358459
0.212493 0.135324 0.318909 0.333274
0.202819 0.126704 0.317051 0.353426
0.228431 0.152242 0.298999 0.320329
0.232271 0.156675 0.294586 0.316468
0.220218 0.143454 0.308143 0.328185
0.193023 0.117252 0.324953 0.364772
0.230825 0.153505 0.306244 0.309425
0.211488 0.134359 0.309139 0.345014
0.232151 0.156388 0.293113 0.318348
0.236387 0.161587 0.287839 0.314187
0.221048 0.144005 0.307599 0.327348
0.216414 0.138570 0.304742 0.340274
0.240452 0.165365 0.294394 0.299789
0.214688 0.137794 0.307741 0.339778
0.231979 0.155565 0.293713 0.318743
0.237693 0.163202 0.291795 0.307310
0.218559 0.141778 0.311180 0.328483
0.224265 0.147274 0.300382 0.328079
0.234906 0.159536 0.295984 0.309573
0.218125 0.141232 0.305589 0.335054
0.229035 0.152881 0.298772 0.319313
0.233003 0.159855 0.289243 0.317899
0.224734 0.147735 0.305631 0.321900
0.221250 0.144870 0.308068 0.325812
0.226667 0.149956 0.303117 0.320259
0.221420 0.145154 0.298732 0.334694
0.214678 0.138612 0.310079 0.336631
0.212294 0.137072 0.308702 0.341932
0.222448 0.146120 0.308778 0.322654
0.213278 0.137369 0.309354 0.339999
0.226859 0.149191 0.300102 0.323849
0.210715 0.135465 0.306546 0.347274
0.206219 0.129810 0.316517 0.347453
0.203638 0.128185 0.314244 0.353932
0.215262 0.138760 0.308637 0.337342
0.205565 0.130030 0.310126 0.354279
0.222071 0.144030 0.303762 0.330138
0.197245 0.122492 0.317260 0.363003
0.197987 0.121899 0.323769 0.356345
0.195076 0.120107 0.320451 0.364367
0.208336 0.132155 0.310977 0.348532
0.188743 0.114158 0.326019 0.371080
0.214020 0.136943 0.305194 0.343843
0.194852 0.119969 0.318850 0.366330
0.191712 0.115953 0.328042 0.364293
0.204490 0.128422 0.311120 0.355968
0.211311 0.134995 0.305381 0.348313
0.192985 0.117296 0.325524 0.364195
0.209281 0.132349 0.311580 0.346789
0.196329 0.120973 0.318912 0.363786
0.203749 0.126192 0.322076 0.347983
0.207320 0.132602 0.311588 0.348490
0.208875 0.132585 0.308075 0.350466
0.213331 0.135530 0.312374 0.338765
0.204876 0.127858 0.316205 0.351061
0.189585 0.115983 0.320462 0.373970
0.214247 0.137033 0.313698 0.335022
0.214701 0.140044 0.306836 0.338419
0.217360 0.140496 0.304018 0.338127
0.214433 0.137630 0.314802 0.333136
0.190265 0.115078 0.322483 0.372174
0.204130 0.129308 0.314295 0.352267
0.212647 0.136065 0.311712 0.339576
0.213607 0.138566 0.310754 0.337074
0.210664 0.134176 0.313857 0.341303
0.208925 0.132704 0.321756 0.336615
0.186065 0.111031 0.327192 0.375712
0.215231 0.140215 0.310522 0.334032
0.217804 0.140405 0.308406 0.333386
0.215608 0.140257 0.309919 0.334216
0.202452 0.127438 0.314360 0.355750
0.219577 0.143069 0.309261 0.328093
0.184508 0.110101 0.329197 0.376194
0.212773 0.138025 0.312315 0.336887
0.213864 0.136888 0.308996 0.340252
0.202620 0.127934 0.319842 0.349605
0.191948 0.118181 0.320233 0.369637
0.211917 0.136710 0.305955 0.345418
0.193620 0.117681 0.325130 0.363569
0.212789 0.137172 0.314883 0.335157
0.209976 0.132303 0.312478 0.345243
0.227505 0.152022 0.304308 0.316165
0.192524 0.118629 0.319343 0.369503
0.199870 0.124687 0.313216 0.362227
0.195308 0.119484 0.321757 0.363451
0.225257 0.149917 0.311506 0.313320
0.213194 0.135327 0.312511 0.338967
0.224838 0.151493 0.302500 0.321168
0.191698 0.117276 0.322905 0.368122
0.213309 0.137075 0.301436 0.348179
0.200891 0.124849 0.319384 0.354877
0.232006 0.157008 0.307273 0.303714
0.210023 0.133180 0.314022 0.342775
0.228518 0.154313 0.299723 0.317446
0.207039 0.131150 0.309327 0.352484
0.229398 0.153881 0.286155 0.330566
0.201763 0.125672 0.320042 0.352523
0.235286 0.160491 0.301908 0.302315
0.202443 0.125720 0.319346 0.352492
0.228356 0.153265 0.302480 0.315899
0.216293 0.140906 0.309104 0.333697
0.220770 0.144977 0.301166 0.333087
0.215529 0.138447 0.310418 0.335606
0.235392 0.161536 0.296644 0.306428
0.197832 0.121804 0.321400 0.358964
0.238143 0.163711 0.295195 0.302951
0.229551 0.154862 0.304255 0.311332
0.212671 0.137568 0.312374 0.337386
0.212716 0.135945 0.312509 0.338830
0.232529 0.158097 0.295578 0.313796
0.191632 0.115905 0.326149 0.366313
0.233670 0.158850 0.295279 0.312201
0.231044 0.156888 0.306806 0.305262
0.205160 0.130359 0.317798 0.346682
0.208688 0.131971 0.317272 0.342068
0.243170 0.168968 0.282485 0.305376
0.195681 0.118934 0.324192 0.361193
0.236581 0.163639 0.293293 0.306487
0.225448 0.150968 0.307608 0.315976
0.192242 0.117860 0.329144 0.360754
0.216315 0.139007 0.311516 0.333162
0.242786 0.168524 0.282809 0.305882
0.204730 0.127607 0.317419 0.350244
0.226948 0.152675 0.300211 0.320167
0.208591 0.133703 0.318908 0.338797
0.181729 0.108443 0.334789 0.375039
0.216646 0.139761 0.310895 0.332698
0.234791 0.158708 0.292998 0.313504
0.203314 0.127175 0.313601 0.355910
0.224968 0.149047 0.302374 0.323611
0.224522 0.148529 0.305807 0.321141
0.199765 0.123724 0.324647 0.351865
0.212508 0.135107 0.315479 0.336906
0.230090 0.153170 0.302293 0.314447
0.209453 0.132557 0.312439 0.345552
0.220440 0.143848 0.303829 0.331884
0.233834 0.158837 0.293090 0.314239
0.227060 0.151001 0.301420 0.320519
0.211220 0.133984 0.316133 0.338663
0.219249 0.142254 0.312848 0.325649
0.208666 0.131752 0.314310 0.345273
0.215732 0.139443 0.308927 0.335898
0.241548 0.168945 0.277408 0.312098
0.236467 0.162623 0.293689 0.307221
0.215906 0.137931 0.312591 0.333572
0.199919 0.123612 0.321721 0.354748
0.200190 0.123779 0.317863 0.358168
0.223832 0.148197 0.300362 0.327609
0.238471 0.165504 0.285200 0.310825
0.246486 0.174276 0.281115 0.298123
0.212324 0.134775 0.313555 0.339346
0.193786 0.117715 0.325467 0.363032
0.201911 0.124958 0.319260 0.353871
0.222828 0.147663 0.303783 0.325726
0.244036 0.171135 0.282420 0.302408
0.246831 0.175540 0.279749 0.297880
0.211263 0.133966 0.314228 0.340542
0.192699 0.116550 0.326491 0.364259
0.199630 0.123803 0.321570 0.354998
0.212806 0.137014 0.309896 0.340284
0.227625 0.152273 0.300292 0.319810
0.232555 0.157858 0.293993 0.315594
0.212527 0.134502 0.313476 0.339495
0.205523 0.127290 0.318691 0.348496
0.201309 0.125109 0.318838 0.354744
0.199114 0.124825 0.311848 0.364213
0.212513 0.136235 0.314139 0.337113
0.220691 0.144225 0.308581 0.326504
0.208724 0.131788 0.310767 0.348720
0.215675 0.137945 0.306031 0.340349
0.202690 0.126250 0.318434 0.352626
0.208716 0.132918 0.309608 0.348758
0.195960 0.121207 0.322572 0.360261
0.220207 0.143696 0.306892 0.329204
0.201166 0.124383 0.316771 0.357680
0.213133 0.136376 0.307483 0.343009
0.199903 0.123602 0.322380 0.354115
0.210440 0.134598 0.313949 0.341013
0.201162 0.125668 0.318255 0.354914
0.209876 0.133087 0.314097 0.342939
0.202842 0.125533 0.318530 0.353095
0.204947 0.129609 0.305273 0.360171
0.199914 0.123722 0.317748 0.358616
0.218036 0.142219 0.307069 0.332676
0.202738 0.126365 0.318208 0.352689
0.209338 0.132484 0.314009 0.344169
0.202003 0.125274 0.317089 0.355634
0.199459 0.124478 0.307040 0.369023
0.215283 0.138700 0.304591 0.341426
0.215946 0.140083 0.310774 0.333196
0.212243 0.135298 0.314179 0.338280
0.205101 0.129501 0.313866 0.351532
0.195049 0.118978 0.319730 0.366244
0.188928 0.114269 0.316673 0.380131
0.212373 0.136308 0.309812 0.341507
0.215070 0.139907 0.316079 0.328943
0.220299 0.143031 0.308591 0.328080
0.215682 0.138545 0.307928 0.337846
0.190535 0.115740 0.321567 0.372158
0.184357 0.110011 0.326599 0.379033
0.209696 0.133193 0.313409 0.343703
0.210043 0.135180 0.314719 0.340058
0.233175 0.156565 0.301180 0.309080
0.211326 0.135056 0.310869 0.342749
0.187880 0.113635 0.320876 0.377609
0.190535 0.115807 0.321028 0.372631
0.214511 0.137069 0.310806 0.337614
0.222744 0.146816 0.305341 0.325098
0.226256 0.149934 0.308691 0.315119
0.207030 0.130923 0.312458 0.349589
0.192951 0.117275 0.320423 0.369351
0.189994 0.116233 0.325664 0.368108
0.206542 0.129852 0.319634 0.343972
0.218957 0.143117 0.310271 0.327655
0.216233 0.139221 0.315013 0.329533
0.207667 0.130897 0.314958 0.346478
0.195270 0.119461 0.322276 0.362993
0.188655 0.115077 0.331598 0.364671
0.200856 0.124827 0.323681 0.350636
0.221535 0.145427 0.306158 0.326879
0.210882 0.134750 0.307855 0.346513
0.213731 0.136958 0.315094 0.334217
0.194099 0.118398 0.325662 0.361842
0.187022 0.113606 0.331857 0.367515
0.209103 0.132730 0.316035 0.342133
0.243732 0.169660 0.281697 0.304912
0.202721 0.127450 0.308991 0.360838
0.204242 0.127756 0.321257 0.346746
0.209022 0.131849 0.319723 0.339406
0.202673 0.127281 0.320597 0.349449
0.209174 0.132642 0.315728 0.342456
0.238874 0.166228 0.289827 0.305071
0.209084 0.132445 0.304905 0.353567
0.210186 0.133021 0.318663 0.338131
0.209362 0.133214 0.322153 0.335272
0.207086 0.132452 0.315807 0.344655
0.200922 0.124776 0.318746 0.355556
0.224085 0.149029 0.302058 0.324829
0.220611 0.143720 0.298265 0.337404
0.205678 0.129865 0.317303 0.347155
0.202346 0.126232 0.325408 0.346015
0.237861 0.164674 0.290410 0.307056
0.214928 0.137469 0.307532 0.340071
0.225934 0.149784 0.301118 0.323164
0.219357 0.142296 0.301746 0.336600
0.207242 0.130580 0.316747 0.345431
0.207570 0.130836 0.318651 0.342943
0.250292 0.183063 0.268024 0.298621
0.228278 0.150975 0.298796 0.321952
0.215121 0.138968 0.309370 0.336541
0.206431 0.130547 0.316460 0.346563
0.219477 0.142033 0.305740 0.332750
0.214145 0.137223 0.311199 0.337433
0.247437 0.181882 0.263795 0.306886
0.221234 0.145282 0.302167 0.331317
0.199625 0.124062 0.317045 0.359268
0.198832 0.124086 0.323190 0.353892
0.220511 0.143495 0.305034 0.330960
0.221160 0.143735 0.303266 0.331838
0.235543 0.164369 0.285195 0.314892
0.215309 0.139274 0.305171 0.340247
0.217404 0.140691 0.307948 0.333957
0.186766 0.112961 0.329821 0.370452
0.220737 0.142923 0.305565 0.330775
0.236608 0.160847 0.285504 0.317041
0.237674 0.165102 0.290377 0.306848
0.208112 0.132234 0.311027 0.348627
0.216796 0.141078 0.308391 0.333735
0.182429 0.108861 0.331119 0.377592
0.224699 0.147303 0.306503 0.321494
0.234836 0.159231 0.288664 0.317270
0.227265 0.152234 0.303814 0.316687
0.195037 0.119573 0.323017 0.362373
0.206681 0.131278 0.311139 0.350902
0.184036 0.109820 0.331657 0.374487
0.216588 0.139241 0.312657 0.331514
0.222382 0.145803 0.301447 0.330368
0.215821 0.140002 0.314420 0.329757
0.191896 0.116633 0.321216 0.370255
0.207690 0.132710 0.306276 0.353324
0.219404 0.141241 0.310615 0.328740
0.201655 0.125231 0.320604 0.352510
0.210595 0.133812 0.313309 0.342284
0.211594 0.136401 0.320653 0.331351
0.201950 0.125874 0.318995 0.353182
0.209518 0.134258 0.310787 0.345437
0.239480 0.164772 0.290163 0.305584
0.195505 0.120371 0.317235 0.366889
0.196698 0.120592 0.324501 0.358209
0.217223 0.141749 0.317211 0.323817
0.202546 0.126695 0.321429 0.349331
0.207638 0.132362 0.309450 0.350549
0.242996 0.170572 0.284689 0.301743
0.189116 0.114383 0.320849 0.375651
0.186053 0.111023 0.332572 0.370352
0.224742 0.148133 0.310101 0.317023
0.208591 0.132011 0.319520 0.339877
0.212515 0.137977 0.301758 0.347750
0.236894 0.163126 0.294588 0.305392
0.201482 0.124787 0.312778 0.360952
0.185478 0.110680 0.330183 0.373659
0.229328 0.152840 0.304568 0.313264
0.216422 0.139285 0.313864 0.330429
0.208953 0.134915 0.307917 0.348215
0.226617 0.151212 0.301838 0.320333
0.206225 0.129428 0.311524 0.352823
0.194019 0.117924 0.326741 0.361316
0.229200 0.154400 0.293252 0.323147
0.209045 0.132560 0.321091 0.337304
0.205509 0.131859 0.313090 0.349542
0.212034 0.134869 0.312837 0.340260
0.212570 0.135146 0.310360 0.341924
0.205143 0.127864 0.320078 0.346914
0.248454 0.177029 0.269042 0.305476
0.216532 0.139712 0.310785 0.332972
0.213080 0.139837 0.300844 0.346239
0.210218 0.132850 0.316015 0.340917
0.209000 0.132576 0.318571 0.339854
0.215070 0.137100 0.312968 0.334861
0.243373 0.172480 0.273188 0.310959
0.224484 0.148291 0.301010 0.326215
0.208955 0.135975 0.306706 0.348363
0.213691 0.136221 0.315396 0.334692
0.203746 0.127704 0.323868 0.344682
0.219280 0.142369 0.301702 0.336649
0.229339 0.154601 0.289285 0.326775
0.224098 0.148220 0.296486 0.331196
0.205478 0.133043 0.310181 0.351298
0.221505 0.143813 0.309292 0.325390
0.189561 0.115149 0.327528 0.367762
0.214889 0.138748 0.304783 0.341581
0.216309 0.140621 0.298315 0.344755
0.216425 0.140394 0.301602 0.341579
0.217644 0.145524 0.301360 0.335472
0.215720 0.139284 0.309300 0.335696
0.189276 0.114480 0.328575 0.367669
0.215081 0.138001 0.306829 0.340089
0.200955 0.126564 0.313080 0.359400
0.228325 0.151487 0.293290 0.326898
0.233326 0.163430 0.287316 0.315928
0.205490 0.129351 0.313950 0.351210
0.193695 0.117727 0.326656 0.361922
0.209362 0.132191 0.312259 0.346188
0.190508 0.115790 0.324031 0.369672
0.217947 0.141209 0.307730 0.333114
0.224133 0.153931 0.303454 0.318482
0.204621 0.128379 0.310791 0.356209
0.221706 0.143612 0.305030 0.329653
0.201896 0.124834 0.318275 0.354995
0.190488 0.116535 0.322972 0.370005
0.207152 0.131000 0.315593 0.346255
0.229481 0.160248 0.295726 0.314545
0.205000 0.129553 0.302885 0.362562
0.233466 0.156861 0.293531 0.316143
0.193106 0.117302 0.328297 0.361295
0.190252 0.116051 0.326954 0.366743
0.195802 0.121109 0.321025 0.362064
0.239981 0.173790 0.285548 0.300680
0.199975 0.125086 0.304991 0.369948
0.233208 0.158598 0.290576 0.317618
0.198004 0.122005 0.324774 0.355216
0.186659 0.113386 0.327878 0.372077
0.191929 0.117668 0.323947 0.366455
0.238173 0.170844 0.293653 0.297330
0.206217 0.130509 0.308086 0.355187
0.225325 0.150909 0.293698 0.330067
0.195389 0.119534 0.326010 0.359067
0.216715 0.141513 0.308696 0.333075
0.183758 0.109654 0.331091 0.375497
0.235312 0.166375 0.296326 0.301987
0.202008 0.127547 0.308947 0.361498
0.213916 0.138350 0.302512 0.345222
0.193970 0.118319 0.324145 0.363567
0.219684 0.145327 0.306715 0.328274
0.199717 0.123695 0.316781 0.359807
0.254763 0.192804 0.269855 0.282578
0.192756 0.119183 0.316372 0.371689
0.195543 0.120394 0.317192 0.366871
0.193240 0.117384 0.325319 0.364057
0.231660 0.157390 0.301393 0.309557
0.212222 0.135737 0.310900 0.341141
0.252000 0.189165 0.280005 0.278831
0.186090 0.113040 0.329458 0.371412
0.190332 0.115118 0.323669 0.370881
0.219127 0.140307 0.308562 0.332005
0.236909 0.163250 0.296222 0.303620
0.224116 0.149079 0.298891 0.327914
0.253282 0.189843 0.279117 0.277758
0.182598 0.110440 0.331531 0.375431
0.201091 0.124545 0.322069 0.352295
0.225474 0.148067 0.302001 0.324457
0.244455 0.172000 0.291279 0.292267
0.228165 0.154933 0.292871 0.324031
0.255730 0.194334 0.267595 0.282341
0.193693 0.119963 0.321691 0.364653
0.202041 0.126802 0.322465 0.348693
0.223488 0.146335 0.303883 0.326294
0.239382 0.165840 0.297580 0.297198
0.224855 0.150571 0.297847 0.326727
0.254921 0.192078 0.270057 0.282944
0.205537 0.131462 0.319864 0.343137
0.198787 0.124012 0.323439 0.353762
0.215927 0.139075 0.309246 0.335752
0.235933 0.162189 0.299534 0.302345
0.208978 0.133952 0.312831 0.344239
0.246191 0.176749 0.283783 0.293278
0.220032 0.146362 0.312568 0.321038
0.202463 0.127617 0.318188 0.351732
0.209620 0.132594 0.314306 0.343480
0.236228 0.161145 0.294939 0.307687
0.206642 0.131440 0.311205 0.350714
0.253377 0.186250 0.269931 0.290442
0.247638 0.178684 0.280297 0.293381
0.200306 0.125931 0.315493 0.358271
0.192856 0.116645 0.325426 0.365072
0.229345 0.153424 0.300588 0.316643
0.211822 0.136470 0.311100 0.340607
0.250898 0.183663 0.269058 0.296381
0.256751 0.194069 0.267345 0.281834
0.216813 0.140036 0.305816 0.337335
0.195787 0.118999 0.325360 0.359854
0.228148 0.152088 0.293637 0.326127
0.215457 0.140969 0.311199 0.332375
0.240948 0.169518 0.286956 0.302578
0.247199 0.178836 0.289860 0.284106
0.232664 0.158756 0.286315 0.322266
0.195497 0.119600 0.320335 0.364568
0.234215 0.158560 0.289363 0.317862
0.212570 0.138506 0.308949 0.339976
0.240816 0.167376 0.290314 0.301494
0.254035 0.186173 0.277527 0.282264
0.235496 0.163710 0.280987 0.319807
0.201907 0.125481 0.316146 0.356466
0.232550 0.156991 0.293036 0.317423
0.223407 0.148914 0.300961 0.326718
0.233088 0.158060 0.298435 0.310417
0.253168 0.186181 0.271716 0.288935
0.232918 0.160628 0.288322 0.318132
0.202932 0.126400 0.316958 0.353710
0.216737 0.140198 0.307004 0.336061
0.215984 0.141874 0.309055 0.333088
0.218564 0.142851 0.304383 0.334202
0.236757 0.163581 0.295449 0.304212
0.224993 0.152011 0.300222 0.322775
0.198762 0.122897 0.315597 0.362744
0.209621 0.133193 0.310616 0.346570
0.228167 0.152990 0.302725 0.316118
0.214643 0.138789 0.311231 0.335337
0.238141 0.163255 0.293838 0.304766
0.206307 0.131639 0.313367 0.348686
0.200511 0.124091 0.313711 0.361688
0.194779 0.119415 0.325507 0.360298
0.239159 0.166311 0.290475 0.304054
0.221307 0.145052 0.307640 0.326001
0.247855 0.174991 0.279813 0.297341
0.201372 0.126341 0.322432 0.349855
0.198963 0.123389 0.317087 0.360562
0.189056 0.114907 0.320567 0.375470
0.235480 0.162699 0.298863 0.302958
0.218636 0.141950 0.306778 0.332636
0.230813 0.155818 0.291286 0.322083
0.201830 0.127550 0.321125 0.349496
0.200107 0.124362 0.317553 0.357978
0.190755 0.116699 0.316670 0.375876
0.227113 0.152604 0.305802 0.314480
0.211224 0.136381 0.300610 0.351785
0.222287 0.146611 0.300714 0.330388
0.215011 0.139739 0.315022 0.330228
0.201614 0.125580 0.318083 0.354723
0.198200 0.123176 0.314147 0.364477
0.234455 0.161189 0.295064 0.309292
0.208185 0.133576 0.307054 0.351185
0.226474 0.150526 0.299198 0.323802
0.232475 0.158038 0.302807 0.306680
0.198418 0.122684 0.323926 0.354971
0.199393 0.124196 0.318107 0.358304
0.228944 0.154045 0.299474 0.317536
0.218860 0.143630 0.300419 0.337091
0.215290 0.138406 0.309056 0.337247
0.230533 0.156313 0.305730 0.307424
0.191505 0.116330 0.330126 0.362040
0.223650 0.146509 0.301791 0.328050
0.224875 0.149402 0.302647 0.323076
0.214274 0.139436 0.300851 0.345439
0.202960 0.126041 0.318309 0.352689
0.243439 0.169465 0.291033 0.296062
0.207232 0.130144 0.322105 0.340518
0.219872 0.144252 0.312332 0.323544
0.235909 0.161395 0.289523 0.313173
0.206788 0.131346 0.310994 0.350872
0.193429 0.119093 0.318922 0.368556
0.247967 0.177364 0.281655 0.293014
0.213853 0.136781 0.318428 0.330938
0.210683 0.136312 0.317429 0.335576
0.235434 0.161346 0.289638 0.313581
0.199914 0.125326 0.324715 0.350044
0.201609 0.126613 0.312979 0.358800
0.244180 0.172138 0.285353 0.298329
0.213582 0.136663 0.317347 0.332407
0.207654 0.133331 0.315857 0.343158
0.228965 0.154242 0.298593 0.318200
0.213222 0.138470 0.312700 0.335608
0.202084 0.126829 0.315022 0.356065
0.238595 0.164542 0.288726 0.308137
0.227194 0.149352 0.306342 0.317112
0.214781 0.139549 0.311825 0.333846
0.219782 0.144521 0.304615 0.331083
0.209248 0.134798 0.316226 0.339728
0.200596 0.125141 0.315551 0.358711
0.239754 0.165257 0.287232 0.307757
0.233672 0.156526 0.299004 0.310798
0.200847 0.125632 0.318963 0.354559
0.216960 0.141136 0.306797 0.335107
0.204972 0.130824 0.320265 0.343938
0.196698 0.121663 0.315145 0.366494
0.223190 0.146091 0.304009 0.326711
0.230015 0.152134 0.301349 0.316501
0.231003 0.155060 0.290921 0.323017
0.203404 0.128429 0.313796 0.354370
0.210271 0.135012 0.318074 0.336644
0.217676 0.141363 0.308827 0.332133
0.222518 0.145588 0.303365 0.328530
0.230567 0.152502 0.300043 0.316888
0.243817 0.173391 0.273780 0.309011
0.203613 0.128294 0.314613 0.353480
0.247457 0.174174 0.281463 0.296907
0.218265 0.143334 0.311172 0.327229
0.217529 0.140939 0.307657 0.333875
0.225918 0.147876 0.303699 0.322507
0.240068 0.170881 0.277537 0.311513
0.215274 0.139313 0.307333 0.338080
0.246588 0.174893 0.288978 0.289542
0.216482 0.141748 0.309943 0.331827
0.206291 0.130455 0.312640 0.350615
0.210970 0.132801 0.314527 0.341702
0.230760 0.158902 0.287906 0.322432
0.215051 0.139942 0.307824 0.337184
0.246711 0.175869 0.285229 0.292190
0.211720 0.136365 0.315289 0.336626
0.197876 0.122392 0.317099 0.362633
0.202079 0.124418 0.320135 0.353368
0.219426 0.146413 0.295530 0.338631
0.212954 0.137884 0.307375 0.341787
0.249519 0.180563 0.275211 0.294707
0.204757 0.129519 0.323476 0.342248
0.194919 0.119501 0.318527 0.367053
0.194859 0.117857 0.324552 0.362732
0.197101 0.123006 0.318359 0.361534
0.216818 0.142137 0.306952 0.334093
0.239534 0.167575 0.285409 0.307482
0.221453 0.144607 0.307333 0.326608
0.200245 0.124021 0.317320 0.358415
0.189409 0.113025 0.327921 0.369645
0.201370 0.126463 0.318831 0.353337
0.215816 0.141453 0.306025 0.336706
0.212946 0.137104 0.307528 0.342422
0.235905 0.162313 0.288721 0.313061
0.204638 0.128432 0.316184 0.350747
0.188301 0.112365 0.326004 0.373330
0.215647 0.140621 0.315364 0.328368
0.212006 0.137646 0.306741 0.343607
0.229885 0.152785 0.294573 0.322757
0.232083 0.159684 0.290051 0.318181
0.209260 0.133042 0.314500 0.343198
0.187544 0.111913 0.324693 0.375851
0.215642 0.141609 0.314722 0.328027
0.215273 0.141715 0.300620 0.342393
0.225232 0.149171 0.299065 0.326532
0.233358 0.159740 0.290535 0.316367
0.206379 0.130913 0.316298 0.346409
0.184111 0.109865 0.318751 0.387273
0.217985 0.143774 0.318017 0.320224
0.214296 0.141072 0.302318 0.342313
0.219354 0.142722 0.308793 0.329131
0.240699 0.167765 0.280114 0.311422
0.199021 0.124742 0.315808 0.360429
0.184667 0.110196 0.319713 0.385424
0.230783 0.156478 0.308162 0.304578
0.224502 0.150741 0.298992 0.325765
0.215728 0.139382 0.313952 0.330938
0.221185 0.145936 0.302698 0.330181
0.200989 0.126782 0.308737 0.363492
0.184311 0.109983 0.319095 0.386611
0.236858 0.162583 0.302175 0.298384
0.224860 0.151965 0.299161 0.324015
0.208213 0.132286 0.317702 0.341799
0.215227 0.139355 0.312535 0.332883
0.202859 0.129076 0.305675 0.362389
0.185303 0.110576 0.323833 0.380288
0.245693 0.174490 0.280183 0.299634
0.224708 0.151375 0.304761 0.319156
0.192090 0.116685 0.327590 0.363635
0.216150 0.141699 0.308492 0.333659
0.213037 0.138091 0.301134 0.347738
0.185721 0.110825 0.327650 0.375804
0.246779 0.178638 0.272609 0.301974
0.223471 0.149859 0.312433 0.314237
0.199138 0.122704 0.324979 0.353179
0.208749 0.134201 0.311559 0.345491
0.221155 0.146783 0.297049 0.335014
0.184006 0.109801 0.334352 0.371840
0.253048 0.187820 0.256003 0.303129
0.230380 0.156877 0.310921 0.301823
0.213862 0.135866 0.315424 0.334848
0.197594 0.122709 0.321964 0.357734
0.223564 0.149942 0.300703 0.325792
0.182434 0.108864 0.334692 0.374010
0.245068 0.175402 0.270627 0.308903
0.229379 0.155019 0.309557 0.306045
0.219356 0.143520 0.298188 0.338936
0.205727 0.131584 0.306016 0.356672
0.216790 0.143390 0.312457 0.327363
0.182458 0.108878 0.337110 0.371554
0.237382 0.163916 0.280691 0.318011
0.236727 0.162695 0.305051 0.295527
0.224935 0.149442 0.295541 0.330082
0.219256 0.145008 0.294328 0.341409
0.211091 0.138171 0.318264 0.332474
0.190392 0.115720 0.330037 0.363852
0.217939 0.142721 0.304919 0.334421
0.244784 0.171978 0.293905 0.289332
0.219738 0.144492 0.297697 0.338073
0.231082 0.157834 0.292294 0.318791
0.205972 0.132156 0.320740 0.341132
0.202099 0.125967 0.322966 0.348968
0.213393 0.138215 0.311471 0.336920
0.255008 0.186345 0.270456 0.288191
0.218955 0.142434 0.300575 0.338036
0.227081 0.154702 0.296128 0.322088
0.209361 0.134740 0.320424 0.335475
0.237659 0.160686 0.294221 0.307433
0.197863 0.123243 0.321429 0.357466
0.257065 0.189964 0.261762 0.291208
0.207500 0.131015 0.308943 0.352542
0.228887 0.155153 0.295939 0.320020
0.229294 0.154161 0.307656 0.308889
0.246591 0.173406 0.283928 0.296075
0.196097 0.121249 0.325136 0.357519
0.250583 0.179537 0.275029 0.294851
0.194819 0.120458 0.320687 0.364036
0.217478 0.144547 0.308988 0.328987
0.253862 0.184639 0.277416 0.284083
0.253348 0.182546 0.271568 0.292538
0.190121 0.115489 0.330873 0.363517
0.247834 0.174635 0.275395 0.302136
0.197107 0.121984 0.322712 0.358197
0.205156 0.131891 0.320985 0.341968
0.259034 0.197692 0.258149 0.285124
0.244119 0.170954 0.285185 0.299743
0.214827 0.137554 0.317382 0.330237
0.235041 0.159385 0.289004 0.316571
0.196403 0.121801 0.323837 0.357958
0.216974 0.142776 0.306411 0.333839
0.255688 0.192342 0.264125 0.287845
0.231177 0.154985 0.299220 0.314619
0.231276 0.154881 0.305072 0.308771
0.215242 0.137984 0.309155 0.337619
0.190464 0.116181 0.326150 0.367205
0.224345 0.152191 0.298965 0.324499
0.249531 0.182522 0.269110 0.298838
0.206081 0.129192 0.315205 0.349522
0.234387 0.160677 0.294632 0.310304
0.200696 0.124137 0.317333 0.357834
0.189793 0.115289 0.329167 0.365751
0.218728 0.145196 0.305780 0.330296
0.238383 0.166546 0.279592 0.315479
0.206826 0.129207 0.315394 0.348573
0.235970 0.162733 0.289074 0.312224
0.198055 0.121424 0.320077 0.360444
0.230018 0.153201 0.302972 0.313808
0.247607 0.179852 0.270104 0.302438
0.225948 0.150820 0.291864 0.331369
0.198220 0.121266 0.321417 0.359098
0.237820 0.163923 0.287666 0.310591
0.186175 0.111096 0.327313 0.375417
0.231474 0.157291 0.297477 0.313758
0.252671 0.191233 0.258836 0.297260
0.220831 0.145374 0.300063 0.333732
0.205337 0.127612 0.318770 0.348281
0.229834 0.153414 0.296884 0.319869
0.183958 0.109773 0.326178 0.380092
0.238884 0.166193 0.285948 0.308974
0.238454 0.169726 0.286673 0.305147
0.221766 0.145990 0.303638 0.328606
0.205452 0.127970 0.318690 0.347889
0.226508 0.149112 0.300388 0.323993
0.193549 0.117638 0.322233 0.366580
0.234666 0.161462 0.293514 0.310358
0.239857 0.169905 0.291731 0.298507
0.212582 0.137258 0.312512 0.337648
0.201922 0.124851 0.322170 0.351057
0.225304 0.148319 0.307529 0.318847
0.194555 0.119024 0.321575 0.364846
0.231655 0.157714 0.292250 0.318381
0.233275 0.161642 0.296478 0.308604
