0.249097 0.164300 0.284515 0.302088
0.256990 0.176267 0.276772 0.289970
0.245638 0.158796 0.289490 0.306077
0.253923 0.170079 0.276531 0.299467
0.255093 0.171512 0.280793 0.292602
0.254342 0.173108 0.279721 0.292828
0.248700 0.163334 0.285216 0.302750
0.253437 0.172169 0.277682 0.296713
0.252552 0.167109 0.281819 0.298520
0.251341 0.166533 0.280112 0.302015
0.254451 0.170649 0.281245 0.293655
0.256610 0.176212 0.279028 0.288151
0.244230 0.159796 0.291382 0.304592
0.252654 0.170074 0.279188 0.298084
0.252623 0.167382 0.281541 0.298454
0.250618 0.165303 0.281862 0.302217
0.250690 0.165351 0.285058 0.298902
0.252465 0.170696 0.280258 0.296581
0.241724 0.156265 0.293468 0.308543
0.251721 0.167973 0.281151 0.299154
0.251510 0.165891 0.282865 0.299734
0.249806 0.164060 0.283378 0.302757
0.249823 0.164071 0.285662 0.300445
0.251648 0.168636 0.281388 0.298328
0.248436 0.164386 0.283445 0.303733
0.250599 0.165955 0.282982 0.300463
0.248854 0.163434 0.282298 0.305415
0.249007 0.162921 0.284629 0.303442
0.248991 0.162911 0.286302 0.301795
0.255165 0.173668 0.273450 0.297717
0.249517 0.165324 0.282635 0.302524
0.256588 0.173829 0.277846 0.291737
0.248164 0.162370 0.283666 0.305800
0.244597 0.158123 0.291655 0.305625
0.250988 0.166075 0.280075 0.302862
0.257320 0.176700 0.273818 0.292161
0.249252 0.164403 0.283767 0.302577
0.256084 0.173967 0.281192 0.288757
0.243616 0.157489 0.285459 0.313436
0.244856 0.158290 0.291235 0.305619
0.249775 0.165495 0.278367 0.306363
0.258447 0.178926 0.268531 0.294096
0.259740 0.178835 0.272732 0.288693
0.254521 0.171330 0.282522 0.291627
0.244198 0.157865 0.286141 0.311796
0.245232 0.158533 0.290399 0.305837
0.249331 0.164454 0.280414 0.305801
0.256867 0.176466 0.274978 0.291690
0.259372 0.178363 0.273276 0.288989
0.253030 0.168847 0.283455 0.294668
0.241586 0.156176 0.283079 0.319159
0.245475 0.158690 0.289854 0.305981
0.247327 0.162432 0.280566 0.309675
0.255131 0.173047 0.278280 0.293542
0.254328 0.171201 0.282935 0.291537
0.251535 0.166575 0.284574 0.297317
0.241369 0.156036 0.287806 0.314789
0.245638 0.158796 0.289490 0.306077
0.247091 0.161668 0.282440 0.308801
0.250197 0.166307 0.286946 0.296550
0.252706 0.168631 0.284361 0.294302
0.252112 0.166818 0.283061 0.298009
0.240990 0.155791 0.286637 0.316581
0.252552 0.167109 0.281819 0.298520
0.241622 0.156200 0.288108 0.314070
0.253376 0.169713 0.282692 0.294220
0.251313 0.166428 0.285164 0.297095
0.258179 0.175124 0.274309 0.292388
0.241101 0.155863 0.290525 0.312511
0.252623 0.167382 0.281541 0.298454
0.241338 0.156016 0.292081 0.310564
0.248360 0.164558 0.286659 0.300423
0.250397 0.165684 0.281698 0.302221
0.255743 0.172912 0.273865 0.297480
0.242389 0.156696 0.290515 0.310400
0.251510 0.165891 0.282865 0.299734
0.242581 0.156819 0.291581 0.309019
0.254392 0.171781 0.279454 0.294374
0.249331 0.165201 0.279571 0.305897
0.254065 0.170256 0.276841 0.298838
0.240895 0.155729 0.296943 0.306433
0.250431 0.164470 0.284088 0.301011
0.242341 0.156664 0.294264 0.306732
0.254302 0.171195 0.279526 0.294976
0.253539 0.171205 0.271772 0.303484
0.252577 0.167889 0.279655 0.299879
0.247546 0.163797 0.287252 0.301405
0.249453 0.163214 0.285140 0.302193
0.243225 0.157236 0.293191 0.306348
0.258670 0.176823 0.273146 0.291360
0.253565 0.170699 0.273822 0.301915
0.247240 0.161765 0.282609 0.308386
0.247756 0.164158 0.289125 0.298961
0.246121 0.159108 0.288393 0.306378
0.249878 0.165340 0.288789 0.295994
0.253957 0.170962 0.275980 0.299101
0.252515 0.168578 0.277208 0.301698
0.244379 0.157982 0.286352 0.311287
0.254196 0.171649 0.281621 0.292534
0.246121 0.159108 0.288393 0.306378
0.256662 0.174095 0.279517 0.289726
0.257424 0.175971 0.274486 0.292120
0.247938 0.162833 0.286293 0.302936
0.243696 0.157540 0.290580 0.308184
0.252568 0.170027 0.279409 0.297996
0.246121 0.159108 0.288393 0.306378
0.256146 0.173184 0.279241 0.291428
0.254425 0.171277 0.279167 0.295130
0.246299 0.161150 0.290937 0.301614
0.244227 0.157883 0.290487 0.307404
0.262155 0.183543 0.264323 0.289979
0.244515 0.158070 0.286512 0.310902
0.260037 0.178436 0.272620 0.288907
0.251513 0.167909 0.279232 0.301346
0.242317 0.156649 0.296356 0.304678
0.244784 0.158244 0.289869 0.307104
0.259143 0.178882 0.273478 0.288498
0.244825 0.158270 0.286875 0.310029
0.258567 0.176189 0.274499 0.290746
0.248085 0.162929 0.283674 0.305312
0.243244 0.157248 0.294620 0.304888
0.242296 0.156635 0.291136 0.309932
0.260621 0.181864 0.266898 0.290617
0.245224 0.158528 0.287343 0.308904
0.259774 0.177577 0.271939 0.290709
0.246624 0.161362 0.288637 0.303376
0.244061 0.157776 0.292914 0.305248
0.243052 0.157124 0.290750 0.309074
0.257347 0.176046 0.272592 0.294015
0.242304 0.156641 0.283922 0.317133
0.256350 0.172573 0.276829 0.294247
0.250792 0.165945 0.284249 0.299014
0.251514 0.166423 0.284696 0.297367
0.250855 0.165986 0.283051 0.300108
0.253016 0.170972 0.278546 0.297467
0.243091 0.157149 0.284844 0.314916
0.254474 0.169886 0.279358 0.296282
0.251373 0.166554 0.283271 0.298801
0.257797 0.174865 0.275683 0.291655
0.249840 0.165538 0.280706 0.303917
0.245248 0.161066 0.284196 0.309490
0.242800 0.156961 0.289512 0.310728
0.248854 0.163434 0.282298 0.305415
0.249497 0.164564 0.287946 0.297993
0.262116 0.181466 0.267851 0.288568
0.249328 0.164453 0.282108 0.304112
0.252090 0.168852 0.277674 0.301384
0.240383 0.155398 0.285915 0.318304
0.248164 0.162370 0.283666 0.305800
0.247179 0.162334 0.286434 0.304052
0.260519 0.178975 0.270555 0.289951
0.252647 0.169867 0.278100 0.299386
0.247537 0.164012 0.283139 0.305312
0.241748 0.156281 0.286274 0.315697
0.243616 0.157489 0.285459 0.313436
0.253433 0.169751 0.279154 0.297662
0.258007 0.174998 0.274576 0.292419
0.252543 0.169370 0.279137 0.298950
0.247510 0.163253 0.284404 0.304833
0.240521 0.155487 0.293961 0.310031
0.242589 0.156825 0.284256 0.316330
0.251146 0.166403 0.282173 0.300278
0.253467 0.168480 0.280640 0.297413
0.249347 0.164465 0.283532 0.302656
0.252956 0.170075 0.281642 0.295326
0.241771 0.156296 0.293525 0.308409
0.241871 0.156361 0.283414 0.318354
0.248858 0.164142 0.281575 0.305425
0.249453 0.163214 0.285140 0.302193
0.246144 0.161654 0.286490 0.305711
0.251880 0.168925 0.285830 0.293365
0.250017 0.165432 0.285250 0.299302
0.241761 0.156290 0.288274 0.313676
0.254591 0.171174 0.275201 0.299034
0.244515 0.158070 0.286512 0.310902
0.246021 0.160968 0.287228 0.305783
0.248557 0.163944 0.288751 0.298747
0.248553 0.164686 0.291683 0.295078
0.242879 0.157012 0.288884 0.311225
0.253365 0.169921 0.280674 0.296040
0.243219 0.157232 0.284993 0.314555
0.249459 0.165063 0.286547 0.298931
0.253703 0.170577 0.284858 0.290861
0.248145 0.163672 0.291306 0.296877
0.242585 0.156822 0.292314 0.308279
0.249723 0.164713 0.285230 0.300335
0.243927 0.157690 0.285823 0.312560
0.250249 0.165809 0.285568 0.298375
0.250312 0.167873 0.280718 0.301096
0.260090 0.179075 0.274603 0.286232
0.242127 0.156526 0.295281 0.306065
0.249147 0.163627 0.285728 0.301498
0.244597 0.158123 0.286608 0.310671
0.249779 0.164750 0.285735 0.299736
0.253553 0.171215 0.276703 0.298529
0.259754 0.178625 0.273976 0.287644
0.240140 0.155241 0.295373 0.309246
0.245758 0.160796 0.288189 0.305257
0.245048 0.158414 0.287136 0.309402
0.254516 0.171124 0.282524 0.291836
0.256130 0.176554 0.266217 0.301099
0.255516 0.172000 0.279513 0.292971
0.247053 0.163471 0.285435 0.304041
0.243052 0.157124 0.290750 0.309074
0.244147 0.157832 0.291119 0.306902
0.254016 0.170357 0.282520 0.293108
0.255660 0.174971 0.269182 0.300187
0.264187 0.184891 0.264131 0.286791
0.246969 0.163636 0.282281 0.307114
0.250855 0.165986 0.283051 0.300108
0.243279 0.157271 0.294430 0.305020
0.256518 0.173217 0.278156 0.292109
0.254844 0.174872 0.264848 0.305436
0.261441 0.181997 0.264816 0.291746
0.251953 0.170134 0.274123 0.303791
0.251413 0.166580 0.282473 0.299534
0.243932 0.157693 0.293205 0.305170
0.255813 0.172212 0.278574 0.293401
0.251249 0.171202 0.274839 0.302710
0.255068 0.171699 0.275490 0.297743
0.257796 0.177702 0.267374 0.297128
0.250616 0.165302 0.283565 0.300518
0.242948 0.157057 0.289911 0.310085
0.254052 0.169605 0.280628 0.295715
0.248255 0.165734 0.281226 0.304785
0.253506 0.169164 0.278509 0.298821
0.261407 0.183220 0.266045 0.289329
0.255093 0.171512 0.280793 0.292602
0.243680 0.157530 0.289397 0.309393
0.256311 0.172331 0.277060 0.294298
0.243504 0.159921 0.292344 0.304232
0.250381 0.165811 0.279277 0.304531
0.257412 0.176840 0.276810 0.288937
0.254451 0.170649 0.281245 0.293655
0.248099 0.164163 0.278555 0.309183
0.253967 0.170324 0.276293 0.299416
0.244104 0.159714 0.292178 0.304005
0.242770 0.156942 0.284467 0.315821
0.252964 0.171578 0.281857 0.293601
0.250690 0.165351 0.285058 0.298902
0.255024 0.172984 0.270957 0.301036
0.250225 0.165044 0.281420 0.303311
0.239506 0.154832 0.300053 0.305609
0.242392 0.156697 0.289025 0.311886
0.248119 0.164925 0.289605 0.297351
0.249823 0.164071 0.285662 0.300445
0.255065 0.172453 0.273139 0.299343
0.249538 0.163884 0.283075 0.303503
0.252068 0.170766 0.286736 0.290430
0.243326 0.157301 0.289416 0.309957
0.245285 0.160487 0.291753 0.302475
0.248991 0.162911 0.286302 0.301795
0.252828 0.169426 0.280520 0.297225
0.247240 0.161765 0.282609 0.308386
0.253589 0.172272 0.283451 0.290688
0.242536 0.156790 0.287207 0.313467
0.248457 0.164400 0.284368 0.302775
0.250988 0.166075 0.280075 0.302862
0.249880 0.166096 0.281032 0.302992
0.244379 0.157982 0.286352 0.311287
0.263351 0.185929 0.267296 0.283424
0.242165 0.156550 0.290978 0.310307
0.255552 0.173342 0.275630 0.295476
0.251341 0.166533 0.280112 0.302015
0.242667 0.158773 0.290350 0.308210
0.243696 0.157540 0.290580 0.308184
0.262544 0.184176 0.268260 0.285019
0.241849 0.156346 0.294380 0.307425
0.259902 0.179933 0.272411 0.287754
0.250618 0.165303 0.281862 0.302217
0.239003 0.154506 0.290720 0.315770
0.244227 0.157883 0.290487 0.307404
0.268165 0.194097 0.254353 0.283386
0.249946 0.165385 0.286448 0.298221
0.263480 0.185381 0.265800 0.285339
0.249806 0.164060 0.283378 0.302757
0.239337 0.154723 0.288050 0.317890
0.244784 0.158244 0.289869 0.307104
0.267127 0.191946 0.260011 0.280916
0.250766 0.166152 0.284886 0.298196
0.261719 0.181998 0.268901 0.287382
0.249007 0.162921 0.284629 0.303442
0.248090 0.164157 0.281391 0.306362
0.243921 0.157686 0.293088 0.305306
0.264757 0.187222 0.265100 0.282921
0.249011 0.164243 0.289126 0.297620
0.256288 0.173833 0.280156 0.289723
0.242978 0.157076 0.289725 0.310221
0.248341 0.164545 0.285267 0.301847
0.244355 0.157966 0.292309 0.305369
0.258130 0.175770 0.275833 0.290267
0.254848 0.171347 0.281688 0.292116
0.250326 0.166392 0.283258 0.300025
0.243555 0.157449 0.289688 0.309309
0.259183 0.179225 0.274475 0.287118
0.251750 0.166578 0.284062 0.297610
0.255746 0.172061 0.278799 0.293394
0.260004 0.178542 0.273034 0.288420
0.251879 0.168711 0.277442 0.301968
0.244332 0.157952 0.289334 0.308382
0.258276 0.178284 0.278554 0.284887
0.252039 0.166995 0.283177 0.297789
0.248991 0.162911 0.286302 0.301795
0.256750 0.173593 0.277278 0.292378
0.248283 0.164507 0.278957 0.308254
0.244847 0.158284 0.289113 0.307757
0.253830 0.172947 0.282852 0.290370
0.251063 0.165597 0.284071 0.299269
0.252552 0.167109 0.281819 0.298520
0.254928 0.170833 0.279519 0.294720
0.248251 0.163742 0.280889 0.307117
0.245191 0.158507 0.288963 0.307340
0.250096 0.166890 0.286352 0.296662
0.256311 0.172331 0.277060 0.294298
0.252623 0.167382 0.281541 0.298454
0.257405 0.175193 0.271709 0.295693
0.252804 0.169973 0.273270 0.303952
0.249633 0.165178 0.283586 0.301603
0.254069 0.172275 0.277417 0.296240
0.253967 0.170324 0.276293 0.299416
0.248392 0.163835 0.279358 0.308416
0.252689 0.169467 0.274904 0.302940
0.251896 0.168936 0.279047 0.300121
0.250203 0.165779 0.283218 0.300799
0.253833 0.172176 0.273777 0.300214
0.250225 0.165044 0.281420 0.303311
0.247863 0.162783 0.281174 0.308180
0.249331 0.164454 0.280414 0.305801
0.247555 0.163283 0.287815 0.301348
0.249794 0.164760 0.284040 0.301405
0.259206 0.179451 0.266669 0.294674
0.249538 0.163884 0.283075 0.303503
0.247670 0.162047 0.283101 0.307182
0.248912 0.163472 0.282364 0.305252
0.246223 0.161706 0.291837 0.300235
0.249195 0.163659 0.284944 0.302201
0.262488 0.184683 0.265294 0.287536
0.248827 0.162804 0.284424 0.303944
0.244871 0.158300 0.286929 0.309901
0.248381 0.162512 0.283914 0.305194
0.246246 0.161115 0.291182 0.301457
0.245385 0.160552 0.282156 0.311908
0.259360 0.180358 0.267705 0.292577
0.245674 0.158819 0.287870 0.307636
0.245230 0.158532 0.287349 0.308889
0.239374 0.154747 0.285428 0.320451
0.242446 0.156732 0.296084 0.304739
0.248632 0.164516 0.282449 0.304403
0.254354 0.172520 0.278894 0.294231
0.244597 0.158123 0.291655 0.305625
0.241405 0.156059 0.292795 0.309741
0.239382 0.154751 0.289713 0.316154
0.250332 0.165640 0.287790 0.296238
0.246567 0.163370 0.279103 0.310960
0.249419 0.165790 0.287907 0.296884
0.243239 0.157245 0.289312 0.310204
0.240614 0.155548 0.290463 0.313375
0.241243 0.155955 0.289974 0.312829
0.257083 0.174381 0.278130 0.290406
0.245276 0.161780 0.278902 0.314042
0.246234 0.161107 0.290591 0.302067
0.243932 0.157693 0.288860 0.309515
0.242112 0.156516 0.289731 0.311640
0.242691 0.156890 0.289604 0.310816
0.261681 0.181164 0.269796 0.287359
0.245852 0.161463 0.281121 0.311564
0.249111 0.164832 0.283379 0.302678
0.242962 0.157066 0.286888 0.313084
0.243282 0.157272 0.289485 0.309961
0.243645 0.157508 0.289356 0.309492
0.260168 0.178734 0.271972 0.289126
0.242215 0.158478 0.288417 0.310890
0.248885 0.164905 0.286424 0.299786
0.243712 0.157550 0.287220 0.311518
0.240844 0.155697 0.285520 0.317939
0.246260 0.162946 0.291356 0.299438
0.262749 0.182518 0.266842 0.287891
0.245806 0.162645 0.282941 0.308608
0.254919 0.172137 0.279453 0.293492
0.249642 0.165184 0.278573 0.306601
0.254037 0.172100 0.275084 0.298778
0.253786 0.172144 0.282955 0.291115
0.258940 0.176443 0.273122 0.291495
0.245392 0.162591 0.289647 0.302371
0.260109 0.179296 0.271203 0.289392
0.247775 0.164170 0.281125 0.306929
0.254300 0.172755 0.279232 0.293713
0.254126 0.171818 0.281677 0.292379
0.254474 0.169886 0.279358 0.296282
0.244702 0.161401 0.293508 0.300389
0.257342 0.176122 0.271532 0.295004
0.247713 0.163387 0.282935 0.305965
0.253267 0.170486 0.281131 0.295116
0.252995 0.169538 0.282648 0.294820
0.250431 0.164470 0.284088 0.301011
0.243737 0.160074 0.290372 0.305817
0.252353 0.169108 0.281749 0.296791
0.244997 0.160901 0.285989 0.308113
0.252134 0.168249 0.282451 0.297167
0.251666 0.167283 0.283932 0.297120
0.249453 0.163214 0.285140 0.302193
0.256092 0.175651 0.278970 0.289286
0.255550 0.173930 0.274169 0.296351
0.245226 0.160448 0.286865 0.307461
0.248656 0.164668 0.291449 0.295226
0.264172 0.185569 0.266760 0.283499
0.246121 0.159108 0.288393 0.306378
0.253676 0.172331 0.284600 0.289393
0.251294 0.168532 0.276506 0.303668
0.241793 0.156310 0.293034 0.308862
0.249754 0.165258 0.289239 0.295749
0.260740 0.181652 0.268110 0.289498
0.246121 0.159108 0.288393 0.306378
0.261864 0.184879 0.267256 0.286001
0.246696 0.162716 0.279688 0.310899
0.247134 0.163524 0.287453 0.301889
0.255214 0.173113 0.277540 0.294134
0.258668 0.177732 0.271732 0.291868
0.244515 0.158070 0.286512 0.310902
0.265365 0.190681 0.259112 0.284842
0.244101 0.160313 0.283553 0.312033
0.248428 0.164603 0.286062 0.300907
0.254928 0.172361 0.277659 0.295052
0.256579 0.173978 0.275498 0.293945
0.244825 0.158270 0.286875 0.310029
0.261540 0.184948 0.266651 0.286860
0.251152 0.168223 0.277889 0.302736
0.253796 0.171378 0.282645 0.292181
0.253603 0.169946 0.279847 0.296604
0.252872 0.169491 0.277086 0.300550
0.245224 0.158528 0.287343 0.308904
0.260423 0.181618 0.268806 0.289153
0.248445 0.164614 0.285020 0.301921
0.252113 0.169721 0.280709 0.297457
0.261441 0.182246 0.263317 0.292997
0.250820 0.165964 0.279887 0.303329
0.245494 0.158703 0.287659 0.308144
0.263666 0.186276 0.262819 0.287240
0.245553 0.161963 0.287778 0.304706
0.255483 0.174643 0.272398 0.297476
0.259007 0.178111 0.268441 0.294441
0.250381 0.165897 0.284081 0.299642
0.245674 0.158819 0.287870 0.307636
0.257554 0.176267 0.276813 0.289366
0.242961 0.159564 0.289681 0.307793
0.257685 0.177625 0.272848 0.291842
0.254226 0.171132 0.279613 0.295030
0.246575 0.162637 0.281634 0.309154
0.244597 0.158123 0.291655 0.305625
0.253389 0.169803 0.282261 0.294547
0.247810 0.165985 0.284712 0.301493
0.256964 0.175863 0.275003 0.292170
0.252676 0.168611 0.282002 0.296711
0.246570 0.161934 0.282773 0.308723
0.243239 0.157245 0.289312 0.310204
0.255531 0.173917 0.277956 0.292596
0.246689 0.163450 0.286361 0.303500
0.257275 0.176540 0.270568 0.295616
0.251319 0.166432 0.283448 0.298800
0.245563 0.160668 0.287959 0.305810
0.242318 0.156649 0.286948 0.314084
0.252586 0.169398 0.281508 0.296509
0.252007 0.170171 0.277357 0.300465
0.254007 0.173081 0.275240 0.297673
0.243921 0.157686 0.293088 0.305306
0.243098 0.157154 0.290805 0.308943
0.243276 0.157269 0.287258 0.312197
0.249331 0.164454 0.285222 0.300993
0.257101 0.177222 0.274060 0.291617
0.246213 0.164371 0.281286 0.308129
0.244355 0.157966 0.292309 0.305369
0.250852 0.165985 0.283049 0.300115
0.244111 0.157809 0.287691 0.310389
0.255148 0.171549 0.278133 0.295170
0.259319 0.181756 0.270265 0.288660
0.250397 0.168355 0.278186 0.303062
0.251750 0.166578 0.284062 0.297610
0.249226 0.165131 0.290108 0.295535
0.249907 0.165359 0.278868 0.305865
0.254653 0.170784 0.278779 0.295784
0.259153 0.182336 0.269717 0.288794
0.251324 0.168551 0.278847 0.301278
0.252039 0.166995 0.283177 0.297789
0.248653 0.164007 0.290126 0.297213
0.247955 0.164289 0.281328 0.306428
0.256053 0.172903 0.279511 0.291533
0.256668 0.178486 0.270546 0.294300
0.247297 0.163113 0.287135 0.302455
0.251063 0.165597 0.284071 0.299269
0.254804 0.171317 0.281808 0.292071
0.245106 0.161668 0.284968 0.308259
0.255315 0.171877 0.280144 0.292665
0.252233 0.171082 0.280721 0.295964
0.252624 0.169852 0.284326 0.293199
0.256311 0.172331 0.277060 0.294298
0.254391 0.170608 0.281407 0.293594
0.245541 0.161259 0.285943 0.307257
0.253701 0.169370 0.281661 0.295268
0.255046 0.173587 0.277787 0.293580
0.256646 0.176237 0.284159 0.282958
0.255510 0.171359 0.277972 0.295159
0.247460 0.163220 0.281726 0.307594
0.245987 0.160946 0.286487 0.306581
0.249823 0.164071 0.285662 0.300445
0.257421 0.176769 0.277193 0.288617
0.253773 0.171580 0.286225 0.288421
0.251510 0.165891 0.282865 0.299734
0.257344 0.177185 0.265261 0.300210
0.242320 0.156651 0.292846 0.308183
0.247403 0.161872 0.284476 0.306250
0.259264 0.179491 0.276875 0.284370
0.252734 0.169363 0.285806 0.292097
0.250431 0.164470 0.284088 0.301011
0.257691 0.177206 0.267077 0.298026
0.245903 0.162710 0.285454 0.305933
0.249703 0.165224 0.278640 0.306433
0.255765 0.175709 0.280138 0.288388
0.255966 0.174213 0.276693 0.293128
0.249453 0.163214 0.285140 0.302193
0.254211 0.171122 0.274563 0.300104
0.252623 0.171356 0.281040 0.294982
0.248879 0.164901 0.277368 0.308852
0.258026 0.179238 0.272129 0.290607
0.257139 0.176575 0.270435 0.295852
0.246121 0.159108 0.288393 0.306378
0.252879 0.168746 0.277820 0.300555
0.253132 0.171147 0.280998 0.294724
0.247125 0.163000 0.277934 0.311941
0.253612 0.172812 0.274746 0.298829
0.262544 0.186160 0.256271 0.295025
0.244515 0.158070 0.286512 0.310902
0.246199 0.163041 0.284508 0.306252
0.252308 0.169078 0.282126 0.296488
0.247176 0.162333 0.280395 0.310097
0.256129 0.175085 0.272245 0.296541
0.262110 0.184657 0.259737 0.293496
0.241642 0.156213 0.283146 0.319000
0.239302 0.154700 0.293912 0.312086
0.257140 0.175013 0.275568 0.292279
0.246033 0.160976 0.286245 0.306746
0.257546 0.177529 0.267115 0.297810
0.260044 0.180021 0.266194 0.293741
0.241031 0.155818 0.282430 0.320721
0.241180 0.155913 0.292949 0.309958
0.258071 0.177215 0.279660 0.285054
0.240558 0.155512 0.291137 0.312793
0.259528 0.181903 0.264133 0.294436
0.253301 0.171073 0.276776 0.298850
0.242409 0.156708 0.284044 0.316839
0.240995 0.155794 0.289800 0.313410
0.260380 0.180264 0.275063 0.284292
0.238910 0.154446 0.292190 0.314453
0.255872 0.175782 0.275154 0.293191
0.248273 0.164415 0.286323 0.300989
0.243529 0.157433 0.285357 0.313681
0.240642 0.155566 0.287479 0.316313
0.259194 0.178064 0.275635 0.287107
0.239373 0.154746 0.294997 0.310884
0.251882 0.170844 0.280651 0.296623
0.239768 0.155001 0.293239 0.311992
0.243070 0.157135 0.289834 0.309961
0.253201 0.171533 0.280973 0.294293
0.255419 0.173243 0.276499 0.294838
0.239540 0.154853 0.291793 0.313814
0.246920 0.164128 0.283108 0.305844
0.241303 0.155994 0.292270 0.310433
0.241215 0.155936 0.296915 0.305933
0.258253 0.179637 0.270422 0.291688
0.251299 0.167039 0.281714 0.299948
0.248296 0.164293 0.284184 0.303226
0.241645 0.158105 0.288131 0.312119
0.241081 0.155850 0.289337 0.313733
0.240928 0.155751 0.299017 0.304303
0.257739 0.177868 0.271799 0.292594
0.259775 0.178177 0.269714 0.292333
0.253156 0.171717 0.278091 0.297036
0.244407 0.161720 0.286024 0.307849
0.246584 0.163161 0.284150 0.306105
0.242281 0.156625 0.296538 0.304556
0.255233 0.173797 0.279329 0.291641
0.256128 0.173997 0.271726 0.298150
0.257945 0.178578 0.274875 0.288602
0.252772 0.171456 0.277911 0.297861
0.254177 0.172409 0.276234 0.297180
0.240137 0.155240 0.290426 0.314196
0.252376 0.169793 0.285879 0.291952
0.253079 0.170360 0.273342 0.303219
0.262202 0.184482 0.267805 0.285511
0.258011 0.178624 0.274297 0.289068
0.257458 0.178241 0.271282 0.293018
0.248461 0.164403 0.283010 0.304126
0.258630 0.177392 0.276254 0.287724
0.247804 0.165360 0.277195 0.309641
0.258507 0.179764 0.273038 0.288691
0.254880 0.175101 0.278304 0.291715
0.255236 0.175345 0.271809 0.297609
0.259340 0.180134 0.264704 0.295822
0.254258 0.172727 0.280317 0.292698
0.245752 0.162745 0.278412 0.313090
0.254314 0.172494 0.279164 0.294028
0.256556 0.178216 0.275059 0.290170
0.253017 0.171614 0.279207 0.296161
0.263676 0.187215 0.257184 0.291925
0.251447 0.169261 0.280011 0.299281
0.239441 0.154790 0.283542 0.322228
0.254201 0.173012 0.278314 0.294472
0.256865 0.179250 0.273723 0.290162
0.254673 0.173333 0.280673 0.291321
0.262371 0.183984 0.262243 0.291401
0.254972 0.174221 0.272049 0.298758
0.240003 0.155153 0.288380 0.316464
0.257352 0.176721 0.273868 0.292058
0.254374 0.174091 0.277834 0.293701
0.252121 0.169086 0.283601 0.295193
0.258427 0.178107 0.276747 0.286720
0.259709 0.180552 0.265694 0.294044
0.238669 0.154290 0.290509 0.316532
0.254809 0.172281 0.277784 0.295127
0.252480 0.173250 0.269632 0.304639
0.254240 0.171678 0.283139 0.290943
0.253693 0.170679 0.283112 0.292515
0.254925 0.172359 0.274734 0.297982
0.245221 0.162258 0.291083 0.301438
0.256792 0.176209 0.274239 0.292760
0.255418 0.178240 0.266236 0.300107
0.252945 0.170281 0.286782 0.289991
0.246201 0.161086 0.292675 0.300038
0.258386 0.177303 0.273534 0.290777
0.245849 0.162894 0.293208 0.298050
0.254322 0.173296 0.274404 0.297979
0.256266 0.179616 0.267084 0.297034
0.257729 0.176179 0.279311 0.286781
0.243500 0.157413 0.294090 0.304997
0.254790 0.173615 0.278190 0.293404
0.243577 0.160659 0.293497 0.302266
0.254268 0.173814 0.274336 0.297582
0.258516 0.181888 0.269053 0.290543
0.260248 0.179392 0.273753 0.286608
0.242598 0.156831 0.290634 0.309937
0.249870 0.166812 0.286905 0.296413
0.249483 0.167740 0.283641 0.299136
0.250372 0.168549 0.277025 0.304053
0.257941 0.179371 0.271887 0.290801
0.257409 0.176168 0.273381 0.293043
0.254865 0.172661 0.273326 0.299149
0.246813 0.162094 0.289710 0.301382
0.253777 0.174266 0.277548 0.294409
0.250003 0.166901 0.279275 0.303821
0.251208 0.170387 0.289640 0.288765
0.258892 0.177650 0.270840 0.292618
0.255738 0.173732 0.273064 0.297465
0.243659 0.159422 0.285454 0.311466
0.259084 0.183707 0.261542 0.295667
0.252537 0.169793 0.280327 0.297343
0.249807 0.170022 0.286086 0.294085
0.262641 0.183280 0.264445 0.289633
0.259849 0.179114 0.267740 0.293297
0.246910 0.163376 0.279484 0.310230
0.263266 0.189982 0.254601 0.292151
0.250002 0.167665 0.283118 0.299215
0.250134 0.171765 0.280324 0.297778
0.256161 0.175313 0.267956 0.300570
0.257140 0.175905 0.269187 0.297768
0.253556 0.171988 0.276155 0.298301
0.261235 0.189977 0.251583 0.297205
0.250848 0.169388 0.281465 0.298299
0.251630 0.174207 0.271783 0.302380
0.250797 0.168066 0.273279 0.307858
0.254302 0.171841 0.277606 0.296252
0.259162 0.179421 0.269274 0.292143
0.257948 0.182281 0.265372 0.294398
0.250359 0.168540 0.285299 0.295801
0.252545 0.173496 0.273142 0.300817
0.247484 0.164503 0.278979 0.309034
0.246873 0.162133 0.289451 0.301542
0.258365 0.177495 0.271516 0.292624
0.258950 0.182101 0.269784 0.289165
0.249943 0.166861 0.285963 0.297233
0.265492 0.193546 0.250730 0.290233
0.244798 0.160168 0.284122 0.310912
0.245124 0.160381 0.287587 0.306908
0.254565 0.172664 0.283316 0.289455
0.252141 0.171810 0.285998 0.290051
0.251932 0.169387 0.279553 0.299128
0.265375 0.194836 0.255701 0.284088
0.241188 0.155919 0.285611 0.317282
0.242816 0.156971 0.289753 0.310459
0.249232 0.165665 0.291572 0.293532
0.247282 0.165084 0.287352 0.300282
0.256965 0.176456 0.275850 0.290729
0.260773 0.190527 0.260581 0.288118
0.239931 0.155106 0.293240 0.311722
0.240867 0.155711 0.291089 0.312332
0.252780 0.169314 0.286107 0.291798
0.248147 0.166842 0.293672 0.291339
0.255924 0.177179 0.272722 0.294174
0.256333 0.181867 0.276269 0.285530
0.240019 0.155164 0.296475 0.308342
0.249036 0.164783 0.283989 0.302192
0.249006 0.164986 0.285196 0.300812
0.255228 0.175263 0.284910 0.284598
0.260394 0.183210 0.265958 0.290438
0.253496 0.176146 0.277780 0.292577
0.247571 0.163814 0.292015 0.296600
0.256150 0.173748 0.275338 0.294764
0.247093 0.162979 0.283577 0.306351
0.257249 0.178096 0.276244 0.288411
0.259503 0.180457 0.269014 0.291027
0.244337 0.162411 0.284658 0.308594
0.247309 0.163861 0.287671 0.301158
0.254896 0.172339 0.280343 0.292422
0.258878 0.178241 0.268644 0.294236
0.265701 0.191500 0.259368 0.283431
0.254601 0.172688 0.280103 0.292608
0.252617 0.173268 0.275630 0.298486
0.246285 0.162445 0.290885 0.300385
0.251826 0.168755 0.280520 0.298899
0.263471 0.185545 0.260819 0.290165
0.264128 0.188367 0.266690 0.280815
0.256670 0.174693 0.277164 0.291473
0.259982 0.185208 0.274703 0.280107
0.258739 0.178145 0.275400 0.287717
0.254250 0.173045 0.276562 0.296143
0.260298 0.179633 0.268017 0.292052
0.270761 0.201569 0.247117 0.280554
0.257737 0.176986 0.280754 0.284524
0.266430 0.197875 0.256899 0.278795
0.263532 0.185588 0.265977 0.284903
0.251688 0.168796 0.280508 0.299008
0.257239 0.175162 0.276722 0.290877
0.268465 0.195536 0.254084 0.281915
0.254607 0.172144 0.283892 0.289356
0.263635 0.192692 0.262233 0.281440
0.264688 0.187078 0.262768 0.285466
0.248701 0.164039 0.284502 0.302758
0.253947 0.170850 0.284030 0.291172
0.260568 0.183436 0.265924 0.290072
0.253346 0.169774 0.284135 0.292745
0.260652 0.185583 0.272191 0.281574
0.262156 0.183021 0.271002 0.283820
0.254700 0.171247 0.277644 0.296409
0.247362 0.161845 0.290213 0.300580
0.254028 0.172248 0.276601 0.297122
0.257903 0.175532 0.276980 0.289585
0.258994 0.181344 0.277648 0.282013
0.262579 0.184653 0.265169 0.287598
0.251802 0.168872 0.280696 0.298629
0.244567 0.158103 0.291843 0.305487
0.258219 0.177242 0.271372 0.293167
0.251584 0.168726 0.277187 0.302502
0.267693 0.195282 0.258461 0.278564
0.253951 0.173043 0.271009 0.301997
0.253693 0.171309 0.281401 0.293596
0.244981 0.158371 0.290942 0.305705
0.247660 0.164094 0.278256 0.309991
0.259622 0.179528 0.265436 0.295414
0.263725 0.187522 0.269551 0.279202
0.248894 0.166161 0.275494 0.309451
0.253639 0.170748 0.281498 0.294115
0.250544 0.165781 0.281301 0.302374
0.246017 0.162268 0.278361 0.313354
0.259660 0.179239 0.267197 0.293904
0.263604 0.188523 0.267704 0.280169
0.246268 0.161736 0.281039 0.310956
0.252486 0.168559 0.282631 0.296324
0.256912 0.174264 0.272962 0.295862
0.250724 0.168575 0.280943 0.299759
0.254661 0.173513 0.268661 0.303164
0.265722 0.191550 0.262042 0.280685
0.251325 0.168339 0.273701 0.306635
0.248907 0.163469 0.286320 0.301303
0.256390 0.173349 0.274558 0.295703
0.251178 0.168454 0.282040 0.298328
0.250951 0.167460 0.275703 0.305885
0.264713 0.190172 0.258641 0.286474
0.248457 0.164622 0.281898 0.305023
0.252215 0.168936 0.281453 0.297396
0.253170 0.169655 0.275864 0.301311
0.248314 0.163783 0.285468 0.302435
0.244847 0.162146 0.282946 0.310060
0.257794 0.177103 0.271851 0.293251
0.246058 0.162295 0.291077 0.300570
0.254394 0.172557 0.274693 0.298356
0.251740 0.167332 0.278729 0.302198
0.245736 0.161386 0.293342 0.299536
0.238052 0.153892 0.287369 0.320687
0.261112 0.181381 0.266982 0.290525
0.243270 0.159767 0.292726 0.304237
0.254391 0.171998 0.275574 0.298036
0.245513 0.160635 0.285639 0.308213
0.244375 0.159891 0.296534 0.299200
0.240325 0.155361 0.287593 0.316720
0.261995 0.182829 0.268782 0.286394
0.239231 0.156525 0.285941 0.318302
0.253273 0.169724 0.278278 0.298725
0.242925 0.157042 0.288939 0.311093
0.255684 0.173216 0.282801 0.288299
0.237778 0.153715 0.292845 0.315662
0.255385 0.174782 0.271543 0.298290
0.235253 0.152082 0.289510 0.323155
0.251963 0.167480 0.280692 0.299865
0.243886 0.157663 0.288805 0.309646
0.256492 0.174244 0.280041 0.289224
0.236388 0.152816 0.288667 0.322130
0.250702 0.168002 0.281326 0.299970
0.243598 0.161185 0.281802 0.313414
0.253767 0.169975 0.281403 0.294855
0.241661 0.156225 0.290373 0.311741
0.254949 0.171619 0.281240 0.292192
0.247115 0.167411 0.278832 0.306643
0.249955 0.166146 0.283414 0.300486
0.257537 0.178882 0.266079 0.297503
0.250083 0.165699 0.288173 0.296044
0.242603 0.156834 0.290213 0.310350
0.263895 0.184687 0.265677 0.285740
0.248680 0.168937 0.282223 0.300159
0.246872 0.161524 0.286946 0.304658
0.259199 0.184037 0.260076 0.296689
0.249490 0.164560 0.288107 0.297843
0.249459 0.165063 0.286547 0.298931
0.266751 0.190198 0.258244 0.284808
0.249240 0.167776 0.283375 0.299609
0.249494 0.165086 0.280681 0.304740
0.253112 0.177491 0.273795 0.295602
0.248965 0.163508 0.287800 0.299727
0.250249 0.165809 0.285568 0.298375
0.261356 0.180364 0.269107 0.289172
0.259608 0.181687 0.272707 0.285998
0.248089 0.164378 0.288210 0.299324
0.256465 0.181058 0.274485 0.287991
0.246767 0.161456 0.285993 0.305784
0.248193 0.163704 0.283920 0.304184
0.258817 0.176237 0.273357 0.291588
0.257658 0.179364 0.281679 0.281299
0.251175 0.169609 0.278004 0.301211
0.251754 0.173644 0.280916 0.293686
0.249256 0.164929 0.279854 0.305961
0.253232 0.170260 0.281098 0.295409
0.256287 0.172424 0.277058 0.294231
0.260948 0.184232 0.281198 0.273623
0.250093 0.168361 0.276313 0.305233
0.246683 0.164684 0.286909 0.301724
0.256025 0.173663 0.272021 0.298291
0.253122 0.169758 0.281526 0.295594
0.249453 0.163214 0.285140 0.302193
0.265042 0.190449 0.271422 0.273087
0.249805 0.166769 0.278800 0.304626
0.248960 0.167388 0.290112 0.293540
0.254228 0.171888 0.272244 0.301639
0.255893 0.172795 0.277479 0.293833
0.242936 0.157049 0.284662 0.315352
0.261685 0.185050 0.270859 0.282407
0.244258 0.160416 0.285475 0.309851
0.264236 0.190343 0.273888 0.271533
0.252995 0.169539 0.275675 0.301792
0.253820 0.170870 0.276404 0.298906
0.243537 0.157437 0.285365 0.313661
0.259103 0.180698 0.269664 0.290534
0.255448 0.175209 0.269624 0.299719
0.263735 0.192084 0.263481 0.280700
0.250798 0.166706 0.282715 0.299782
0.251446 0.167865 0.282803 0.297887
0.244333 0.157952 0.286299 0.311415
0.266301 0.192747 0.254456 0.286495
0.252473 0.171514 0.280986 0.295027
0.264221 0.193791 0.260126 0.281862
0.246119 0.161032 0.290725 0.302125
0.252834 0.169993 0.277699 0.299474
0.244871 0.158300 0.286929 0.309901
0.269068 0.198161 0.245844 0.286927
0.250668 0.168737 0.286945 0.293649
0.262684 0.188639 0.264657 0.284020
0.243482 0.157402 0.292665 0.306450
0.252852 0.169576 0.278220 0.299352
0.243618 0.157490 0.285461 0.313431
0.266670 0.191782 0.254704 0.286845
0.245380 0.163742 0.281788 0.309089
0.265434 0.193624 0.253657 0.287285
0.239734 0.154979 0.291099 0.314188
0.249571 0.164613 0.282948 0.302868
0.241727 0.156268 0.293186 0.308819
0.260425 0.183194 0.263744 0.292637
0.250774 0.170041 0.279468 0.299717
0.267235 0.195947 0.248429 0.288389
0.241069 0.155842 0.290591 0.312499
0.246307 0.161761 0.286114 0.305818
0.242646 0.156861 0.292915 0.307578
0.254985 0.174299 0.276720 0.293996
0.244096 0.161733 0.287058 0.307113
0.264155 0.189248 0.265749 0.280849
0.249503 0.165092 0.283253 0.302151
0.251116 0.168200 0.277850 0.302834
0.242064 0.156485 0.289674 0.311777
0.248795 0.164761 0.284996 0.301448
0.254087 0.175701 0.269157 0.301056
0.263716 0.187752 0.270113 0.278418
0.256426 0.173935 0.274788 0.294850
0.246642 0.163419 0.282951 0.306987
0.243063 0.157131 0.289224 0.310582
0.243311 0.157291 0.290343 0.309055
0.259936 0.183757 0.261149 0.295158
0.261648 0.183380 0.272824 0.282148
0.255990 0.173079 0.275881 0.295049
0.246899 0.162850 0.284270 0.305981
0.241028 0.155815 0.290769 0.312389
0.244087 0.157793 0.289881 0.308239
0.257143 0.179631 0.277912 0.285314
0.254048 0.171669 0.285325 0.288958
0.258338 0.177270 0.278500 0.285892
0.247149 0.162315 0.285129 0.305407
0.253763 0.171915 0.274218 0.300105
0.249321 0.164971 0.290010 0.295698
0.258748 0.180451 0.276130 0.284671
0.246013 0.161569 0.289104 0.303313
0.256961 0.175094 0.279958 0.287986
0.252546 0.169157 0.282397 0.295899
0.253432 0.172165 0.272008 0.302395
0.254623 0.172712 0.279400 0.293266
0.260467 0.184016 0.271273 0.284245
0.256861 0.176179 0.271690 0.295271
0.252896 0.168832 0.283939 0.294333
0.249143 0.165077 0.288840 0.296940
0.251728 0.169451 0.279196 0.299626
0.254525 0.172089 0.278910 0.294476
0.251741 0.172288 0.284903 0.291068
0.260390 0.181123 0.266073 0.292414
0.249196 0.163659 0.287229 0.299917
0.254161 0.171625 0.285182 0.289032
0.249305 0.166362 0.279960 0.304373
0.253323 0.169758 0.280664 0.296255
0.247017 0.165532 0.286298 0.301153
0.259520 0.179097 0.268995 0.292388
0.246916 0.161553 0.285641 0.305890
0.253938 0.170949 0.284193 0.290920
0.253895 0.172157 0.278136 0.295812
0.250387 0.166433 0.280692 0.302488
0.261832 0.186957 0.260956 0.290256
0.262364 0.182972 0.264493 0.290171
0.256908 0.174045 0.273159 0.295888
0.252662 0.168676 0.284579 0.294082
0.246477 0.163310 0.286320 0.303892
0.258948 0.177610 0.268855 0.294586
0.259239 0.182833 0.262886 0.295041
0.259848 0.179227 0.272825 0.288100
0.255865 0.173818 0.271447 0.298869
0.255355 0.171688 0.280132 0.292826
0.245555 0.161964 0.290361 0.302120
0.256242 0.174074 0.276871 0.292812
0.260161 0.183085 0.266559 0.290195
0.248902 0.166166 0.282608 0.302324
0.254445 0.171280 0.274817 0.299458
0.258782 0.177703 0.270326 0.293189
0.252550 0.169802 0.282938 0.294711
0.253127 0.170392 0.277788 0.298693
0.266761 0.194626 0.257055 0.281558
0.244184 0.160367 0.284363 0.311086
0.251502 0.167827 0.276308 0.304363
0.260861 0.180597 0.266570 0.291972
0.251739 0.168830 0.286186 0.293245
0.251889 0.168086 0.279863 0.300162
0.263397 0.189438 0.264293 0.282872
0.244870 0.160215 0.285186 0.309729
0.247719 0.164048 0.281294 0.306938
0.258131 0.177334 0.268074 0.296461
0.254787 0.172048 0.281681 0.291484
0.249699 0.165359 0.285849 0.299092
0.254481 0.174050 0.281610 0.289858
0.242825 0.156977 0.288382 0.311815
0.240584 0.155528 0.286154 0.317734
0.254586 0.172678 0.270936 0.301800
0.259268 0.178716 0.277228 0.284788
0.242100 0.156509 0.289612 0.311778
0.252008 0.170200 0.287216 0.290575
0.249009 0.164765 0.279577 0.306648
0.240824 0.155684 0.290191 0.313302
0.250849 0.166740 0.277741 0.304670
0.263038 0.184363 0.269637 0.282962
0.250012 0.165429 0.282101 0.302457
0.254788 0.172762 0.282715 0.289735
0.254089 0.172349 0.279931 0.293631
0.242205 0.156576 0.290293 0.310926
0.244879 0.160220 0.284901 0.310000
0.259504 0.178278 0.274506 0.287711
0.249759 0.165484 0.285681 0.299076
0.256084 0.173703 0.279430 0.290784
0.249854 0.168931 0.281310 0.299905
0.240428 0.155427 0.291379 0.312766
0.240855 0.155703 0.286476 0.316966
0.262325 0.182224 0.268807 0.286644
0.249253 0.164403 0.286408 0.299935
0.258772 0.179151 0.273656 0.288421
0.249430 0.167149 0.282442 0.300978
0.247611 0.163840 0.288007 0.300542
0.241006 0.155802 0.290411 0.312781
0.258567 0.176189 0.274499 0.290746
0.253578 0.170493 0.277263 0.298666
0.262530 0.184712 0.266683 0.286075
0.249215 0.165654 0.283631 0.301499
0.246184 0.163116 0.288569 0.302131
0.241038 0.155822 0.293953 0.309187
0.259774 0.177577 0.271939 0.290709
0.252385 0.169263 0.281923 0.296429
0.265304 0.188978 0.260630 0.285087
0.245077 0.160350 0.290855 0.303717
0.251404 0.169763 0.279371 0.299462
0.240702 0.155605 0.290978 0.312715
0.256350 0.172573 0.276829 0.294247
0.248985 0.164226 0.286099 0.300690
0.260204 0.180944 0.266496 0.292355
0.252824 0.171278 0.274984 0.300914
0.251988 0.169637 0.279313 0.299063
0.246368 0.163017 0.285304 0.305310
0.252923 0.168851 0.277656 0.300570
0.254949 0.171415 0.278762 0.294874
0.255907 0.173573 0.274089 0.296431
0.257780 0.179308 0.274222 0.288690
0.256234 0.175157 0.277424 0.291185
0.246728 0.163476 0.288357 0.301440
0.249144 0.163625 0.282627 0.304603
0.252962 0.169650 0.277499 0.299890
0.255383 0.173816 0.274565 0.296236
0.254193 0.175421 0.272884 0.297502
0.259044 0.178562 0.273142 0.289251
0.253501 0.171180 0.281114 0.294205
0.248560 0.162629 0.284118 0.304694
0.248360 0.163814 0.286065 0.301761
0.250983 0.168323 0.277411 0.303283
0.250108 0.170307 0.272135 0.307451
0.262307 0.183850 0.270266 0.283577
0.259178 0.178654 0.272628 0.289540
0.245494 0.158703 0.287659 0.308144
0.249808 0.167958 0.274376 0.307858
0.244910 0.161538 0.278486 0.315066
0.253651 0.174765 0.266230 0.305353
0.254888 0.175106 0.276492 0.293514
0.257318 0.176105 0.278375 0.288202
0.244066 0.157779 0.285986 0.312169
0.250311 0.167872 0.275424 0.306393
0.242644 0.159356 0.282417 0.315583
0.247608 0.166059 0.282773 0.303560
0.251724 0.170736 0.277170 0.300370
0.258071 0.177086 0.279554 0.285290
0.241675 0.156234 0.288171 0.313920
0.247801 0.163445 0.280941 0.307813
0.243593 0.159379 0.284394 0.312634
0.257358 0.177963 0.272018 0.292660
0.254661 0.173325 0.274331 0.297683
0.262127 0.182921 0.271699 0.283253
0.239444 0.154791 0.284798 0.320967
0.246655 0.161990 0.286519 0.304836
0.244569 0.161827 0.280929 0.312675
0.256261 0.176893 0.280198 0.286649
0.252392 0.169268 0.278612 0.299729
0.258618 0.176995 0.276110 0.288277
0.241110 0.155869 0.285518 0.317503
0.253064 0.169504 0.280004 0.297428
0.245300 0.162530 0.284953 0.307217
0.250991 0.171013 0.288440 0.289556
0.255323 0.172409 0.275443 0.296825
0.254362 0.170454 0.281225 0.293959
0.242610 0.156838 0.286472 0.314079
0.247511 0.163995 0.293899 0.294594
0.242033 0.159641 0.291185 0.307141
0.246513 0.164498 0.294508 0.294481
0.258805 0.178398 0.276627 0.286170
0.258549 0.175971 0.274700 0.290780
0.242382 0.156691 0.290683 0.310245
0.247211 0.163056 0.293418 0.296315
0.247114 0.166147 0.286359 0.300380
0.257330 0.178704 0.276880 0.287086
0.256636 0.175639 0.282472 0.285253
0.260641 0.178980 0.270468 0.289912
0.247514 0.163776 0.285573 0.303138
0.247349 0.162446 0.291584 0.298621
0.248608 0.166730 0.285169 0.299493
0.252142 0.171289 0.278879 0.297690
0.249517 0.167208 0.282541 0.300734
0.257273 0.173947 0.275505 0.293275
0.243190 0.161132 0.288309 0.307369
0.250654 0.167890 0.279912 0.301543
0.250659 0.169261 0.288442 0.291638
0.261993 0.184969 0.263907 0.289131
0.247298 0.164380 0.281449 0.306873
0.255340 0.171110 0.278230 0.295319
0.242443 0.159911 0.286559 0.311086
0.245542 0.162691 0.278810 0.312957
0.257089 0.177214 0.279894 0.285803
0.268493 0.197656 0.252220 0.281631
0.243164 0.159098 0.283530 0.314208
0.253467 0.168480 0.280640 0.297413
0.240644 0.158043 0.282885 0.318429
0.260457 0.184460 0.254306 0.300777
0.263987 0.189534 0.265515 0.280964
0.268491 0.199525 0.246583 0.285402
0.254379 0.172332 0.272240 0.301049
0.249453 0.163214 0.285140 0.302193
0.248724 0.166597 0.277178 0.307501
0.261372 0.185040 0.256653 0.296935
0.260684 0.188119 0.261295 0.289903
0.263603 0.187852 0.264135 0.284409
0.260564 0.181244 0.263870 0.294322
0.246121 0.159108 0.288393 0.306378
0.251299 0.170457 0.275516 0.302727
0.259799 0.180686 0.263638 0.295877
0.251059 0.178208 0.256429 0.314304
0.260154 0.181476 0.274468 0.283902
0.258175 0.178168 0.275808 0.287849
0.246121 0.159108 0.288393 0.306378
0.259277 0.183844 0.267328 0.289551
0.254047 0.172260 0.280449 0.293244
0.256078 0.185228 0.246916 0.311778
