0.013184 0.004168 0.102887 0.879761
0.015217 0.005042 0.107577 0.872164
0.017229 0.005944 0.111349 0.865478
0.015610 0.005226 0.107069 0.872095
0.021517 0.007926 0.118826 0.851731
0.018424 0.006471 0.113828 0.861276
0.013243 0.004187 0.103329 0.879241
0.018130 0.006295 0.114698 0.860877
0.018124 0.006293 0.114660 0.860923
0.018763 0.006603 0.115205 0.859429
0.017956 0.006279 0.112002 0.863764
0.017568 0.006098 0.112062 0.864272
0.013275 0.004197 0.103685 0.878843
0.015949 0.005340 0.109795 0.868916
0.015843 0.005304 0.108649 0.870204
0.022972 0.008524 0.124537 0.843968
0.017013 0.005869 0.109564 0.867553
0.023006 0.008513 0.124418 0.844063
0.013284 0.004200 0.103978 0.878539
0.015598 0.005199 0.108609 0.870594
0.015522 0.005174 0.108003 0.871302
0.037502 0.015466 0.152118 0.794914
0.017748 0.006163 0.112571 0.863518
0.028497 0.011157 0.133549 0.826796
0.019671 0.006937 0.119406 0.853986
0.015229 0.005046 0.107534 0.872191
0.015207 0.005038 0.107287 0.872468
0.038950 0.016257 0.153090 0.791703
0.043186 0.018155 0.163477 0.775182
0.023021 0.008602 0.122300 0.846077
0.019424 0.006902 0.116170 0.857505
0.014865 0.004890 0.106668 0.873577
0.014849 0.004884 0.106543 0.873723
0.048544 0.021066 0.169419 0.760970
0.043062 0.018318 0.161712 0.776908
0.021272 0.007815 0.118192 0.852721
0.018579 0.006542 0.114152 0.860727
0.013314 0.004209 0.104038 0.878439
0.013297 0.004204 0.103995 0.878505
0.033612 0.013691 0.142870 0.809827
0.036592 0.015185 0.148751 0.799472
0.019593 0.007043 0.115217 0.858147
0.017715 0.006160 0.112155 0.863970
0.013319 0.004211 0.104077 0.878393
0.015991 0.005334 0.110734 0.867942
0.024354 0.009257 0.124818 0.841570
0.041462 0.017573 0.157144 0.783821
0.017861 0.006202 0.112810 0.863127
0.016802 0.005755 0.110262 0.867182
0.013319 0.004211 0.104078 0.878392
0.015946 0.005339 0.109776 0.868939
0.017068 0.005888 0.109838 0.867206
0.038904 0.016252 0.152769 0.792075
0.019061 0.006738 0.114987 0.859214
0.013301 0.004205 0.104029 0.878465
0.013239 0.004186 0.103015 0.879560
0.015594 0.005198 0.108584 0.870624
0.017858 0.006201 0.112626 0.863315
0.023914 0.008928 0.126696 0.840461
0.023347 0.008717 0.124319 0.843616
0.015859 0.005290 0.109416 0.869436
0.013178 0.004166 0.102482 0.880173
0.015151 0.005020 0.106553 0.873276
0.015766 0.005279 0.108530 0.870425
0.022692 0.008421 0.122801 0.846087
0.028957 0.011360 0.135716 0.823967
0.015840 0.005303 0.108969 0.869888
0.013222 0.004180 0.103171 0.879427
0.014817 0.004874 0.106235 0.874075
0.018949 0.006668 0.116109 0.858275
0.020817 0.007587 0.117717 0.853879
0.026682 0.010329 0.130696 0.832294
0.015530 0.005176 0.108045 0.871249
0.013258 0.004192 0.103512 0.879039
0.013287 0.004201 0.103744 0.878768
0.018386 0.006458 0.113456 0.861699
0.017021 0.005872 0.109380 0.867727
0.026622 0.010256 0.131420 0.831702
0.015188 0.005032 0.107242 0.872537
0.013274 0.004196 0.103799 0.878730
0.013299 0.004205 0.103905 0.878591
0.021858 0.008016 0.121753 0.848374
0.014670 0.004825 0.104714 0.875791
0.037100 0.015203 0.151752 0.795944
0.014834 0.004879 0.106559 0.873728
0.015945 0.005318 0.110558 0.868179
0.013303 0.004206 0.104045 0.878446
0.023079 0.008564 0.124302 0.844055
0.013193 0.004171 0.102940 0.879697
0.028319 0.011091 0.132961 0.827629
0.015854 0.005288 0.109379 0.869479
0.019522 0.006901 0.118167 0.855410
0.015995 0.005335 0.110765 0.867904
0.021633 0.007969 0.118787 0.851611
0.013161 0.004161 0.102433 0.880246
0.022068 0.008160 0.120771 0.849001
0.015753 0.005274 0.107985 0.870988
0.019030 0.006724 0.115816 0.858430
0.015932 0.005334 0.109678 0.869056
0.017927 0.006269 0.112139 0.863665
0.015843 0.005284 0.109792 0.869081
0.020366 0.007379 0.117148 0.855107
0.015363 0.005120 0.106439 0.873078
0.018040 0.006308 0.112366 0.863286
0.015586 0.005195 0.108529 0.870690
0.021262 0.007748 0.119991 0.850999
0.019157 0.006772 0.115444 0.858627
0.016752 0.005738 0.109932 0.867577
0.015000 0.004970 0.105393 0.874638
0.017177 0.005926 0.110773 0.866124
0.015226 0.005044 0.107511 0.872219
0.018020 0.006283 0.113286 0.862411
0.023605 0.008813 0.125456 0.842125
0.013274 0.004197 0.103905 0.878624
0.014639 0.004815 0.104626 0.875920
0.014759 0.004855 0.105400 0.874986
0.014875 0.004893 0.106739 0.873493
0.015342 0.005114 0.106209 0.873335
0.022517 0.008356 0.122203 0.846924
0.019611 0.006916 0.119045 0.854427
0.015788 0.005266 0.109345 0.869601
0.013227 0.004182 0.103273 0.879318
0.013318 0.004211 0.104071 0.878400
0.022715 0.008405 0.122699 0.846181
0.026410 0.010174 0.130013 0.833402
0.019506 0.006931 0.117005 0.856558
0.019373 0.006848 0.117512 0.856266
0.013180 0.004167 0.102583 0.880070
0.013240 0.004186 0.103020 0.879554
0.022403 0.008297 0.121793 0.847506
0.021171 0.007750 0.119144 0.851935
0.018636 0.006562 0.114545 0.860257
0.023437 0.008750 0.124506 0.843307
0.015875 0.005295 0.109874 0.868956
0.013255 0.004191 0.103504 0.879050
0.018393 0.006476 0.112748 0.862382
0.028170 0.010934 0.134425 0.826471
0.017601 0.006120 0.111106 0.865172
0.028957 0.011360 0.135710 0.823973
0.015878 0.005316 0.109354 0.869453
0.013205 0.004175 0.102687 0.879933
0.017543 0.006100 0.111457 0.864900
0.023289 0.008689 0.124133 0.843889
0.016633 0.005697 0.108664 0.869007
0.035459 0.014519 0.147112 0.802910
0.019041 0.006701 0.116725 0.857534
0.013234 0.004184 0.103328 0.879254
0.026223 0.010040 0.130439 0.833298
0.021362 0.007841 0.118675 0.852123
0.013128 0.004150 0.102040 0.880682
0.026629 0.010308 0.129645 0.833417
0.018439 0.006476 0.113723 0.861362
0.013268 0.004195 0.103690 0.878848
0.023944 0.008989 0.124826 0.842240
0.017442 0.006065 0.109644 0.866849
0.013033 0.004120 0.100886 0.881960
0.020802 0.007582 0.118234 0.853382
0.021945 0.008047 0.121937 0.848071
0.015949 0.005320 0.110450 0.868281
0.022954 0.008578 0.122557 0.845911
0.016391 0.005614 0.106171 0.871824
0.013103 0.004142 0.102280 0.880475
0.021103 0.007690 0.118484 0.852722
0.018563 0.006520 0.114598 0.860320
0.015907 0.005326 0.109647 0.869120
0.027210 0.010567 0.131177 0.831046
0.012948 0.004093 0.100561 0.882398
0.015694 0.005235 0.108310 0.870762
0.017811 0.006210 0.111881 0.864098
0.017674 0.006135 0.112395 0.863795
0.019080 0.006714 0.116906 0.857300
0.024797 0.009467 0.126071 0.839665
0.013001 0.004110 0.101073 0.881815
0.019221 0.006795 0.116653 0.857331
0.015347 0.005115 0.106437 0.873101
0.015217 0.005042 0.107577 0.872164
0.018603 0.006534 0.114911 0.859952
0.021701 0.007958 0.121130 0.849211
0.015610 0.005207 0.107892 0.871291
0.022979 0.008579 0.121683 0.846759
0.018402 0.006437 0.114479 0.860682
0.018130 0.006295 0.114698 0.860877
0.017701 0.006145 0.112537 0.863617
0.029399 0.011548 0.136024 0.823028
0.023876 0.008929 0.126756 0.840439
0.038005 0.015791 0.152156 0.794047
0.017979 0.006269 0.113273 0.862478
0.015949 0.005340 0.109795 0.868916
0.015151 0.005020 0.106553 0.873276
0.027962 0.010951 0.132222 0.828865
0.057953 0.025833 0.184431 0.731783
0.035090 0.014455 0.145847 0.804608
0.023955 0.008918 0.127550 0.839577
0.015598 0.005199 0.108609 0.870594
0.014817 0.004874 0.106235 0.874075
0.028212 0.011028 0.133444 0.827317
0.079085 0.037293 0.210472 0.673151
0.033792 0.013786 0.143876 0.808546
0.022930 0.008555 0.121635 0.846880
0.015229 0.005046 0.107534 0.872191
0.013287 0.004201 0.103744 0.878768
0.025756 0.009912 0.127536 0.836796
0.094496 0.045858 0.226108 0.633538
0.025454 0.009796 0.127147 0.837603
0.027029 0.010487 0.130549 0.831934
0.014877 0.004894 0.106753 0.873476
0.013299 0.004205 0.103905 0.878591
0.019833 0.007176 0.114150 0.858840
0.084108 0.039906 0.215819 0.660168
0.045643 0.019602 0.165988 0.768767
0.021920 0.008089 0.120437 0.849554
0.013320 0.004211 0.104086 0.878382
0.013298 0.004204 0.104007 0.878490
0.017990 0.006292 0.111316 0.864401
0.039498 0.016661 0.152110 0.791731
0.029938 0.011885 0.137382 0.820796
0.020175 0.007300 0.116647 0.855878
0.013321 0.004211 0.104093 0.878374
0.015983 0.005331 0.110683 0.868003
0.022008 0.008106 0.121076 0.848810
0.020530 0.007482 0.116172 0.855816
0.035456 0.014577 0.147470 0.802497
0.015135 0.005014 0.107210 0.872641
0.013321 0.004211 0.104088 0.878380
0.015945 0.005338 0.109764 0.868953
0.018651 0.006591 0.113414 0.861344
0.016923 0.005838 0.108609 0.868630
0.035160 0.014433 0.146305 0.804102
0.029367 0.011430 0.138857 0.820346
0.013241 0.004186 0.103030 0.879542
0.015595 0.005198 0.108592 0.870615
0.022194 0.008199 0.121956 0.847651
0.014582 0.004796 0.104092 0.876529
0.042166 0.017888 0.159060 0.780886
0.032420 0.012947 0.143029 0.811604
0.013252 0.004190 0.103479 0.879079
0.015240 0.005049 0.107613 0.872097
0.035193 0.014422 0.146751 0.803634
0.013135 0.004153 0.102737 0.879975
0.039948 0.016598 0.156615 0.786839
0.030025 0.011883 0.137281 0.820811
0.013280 0.004199 0.103694 0.878827
0.014798 0.004868 0.105750 0.874584
0.051367 0.022546 0.174991 0.751096
0.024617 0.009194 0.129852 0.836337
0.036545 0.015054 0.149237 0.799164
0.026350 0.010181 0.128844 0.834625
0.013297 0.004204 0.103888 0.878611
0.013257 0.004191 0.103519 0.879032
0.037800 0.015799 0.151145 0.795255
0.032171 0.012848 0.143126 0.811856
0.025867 0.009977 0.127008 0.837148
0.023044 0.008634 0.122329 0.845993
0.013302 0.004205 0.104035 0.878458
0.013287 0.004201 0.103744 0.878768
0.043701 0.018767 0.161780 0.775752
0.039900 0.016704 0.155591 0.787806
0.020052 0.007265 0.114692 0.857991
0.014835 0.004880 0.106360 0.873925
0.015991 0.005334 0.110737 0.867938
0.013299 0.004205 0.103905 0.878591
0.030554 0.012269 0.137161 0.820016
0.047445 0.020627 0.166531 0.765397
0.016621 0.005693 0.108866 0.868821
0.013206 0.004175 0.102747 0.879872
0.015843 0.005304 0.108649 0.870204
0.013298 0.004204 0.104007 0.878490
0.033244 0.013463 0.143467 0.809827
0.039532 0.016675 0.153614 0.790179
0.013223 0.004180 0.103167 0.879431
0.013230 0.004183 0.103399 0.879188
0.015522 0.005174 0.108003 0.871302
0.015983 0.005331 0.110683 0.868003
0.029846 0.011773 0.137965 0.820415
0.020832 0.007592 0.118214 0.853361
0.013248 0.004188 0.103571 0.878992
0.015919 0.005310 0.110150 0.868621
0.015192 0.005033 0.107181 0.872594
0.015945 0.005338 0.109764 0.868953
0.036626 0.015104 0.149665 0.798605
0.017172 0.005924 0.111004 0.865900
0.015628 0.005213 0.107187 0.871971
0.015877 0.005316 0.109302 0.869505
0.014852 0.004885 0.106565 0.873698
0.015595 0.005198 0.108592 0.870615
0.037211 0.015361 0.150960 0.796468
0.017987 0.006246 0.114166 0.861601
0.024184 0.009045 0.127245 0.839527
0.015450 0.005150 0.107289 0.872112
0.013301 0.004205 0.104028 0.878466
0.015240 0.005049 0.107613 0.872097
0.044831 0.019169 0.162753 0.773247
0.024298 0.009087 0.127302 0.839314
0.023742 0.008912 0.124665 0.842681
0.018361 0.006422 0.113800 0.861417
0.015992 0.005334 0.110746 0.867928
0.014798 0.004868 0.105750 0.874584
0.026435 0.010233 0.128183 0.835149
0.023830 0.008945 0.125112 0.842112
0.022075 0.008162 0.121049 0.848713
0.017969 0.006265 0.112808 0.862958
0.015945 0.005339 0.109768 0.868948
0.013252 0.004190 0.103479 0.879079
0.020732 0.007556 0.117581 0.854130
0.022180 0.008201 0.121323 0.848295
0.020151 0.007301 0.116347 0.856201
0.015347 0.005115 0.105969 0.873568
0.015500 0.005166 0.107504 0.871829
0.013280 0.004199 0.103694 0.878827
0.017075 0.005891 0.109652 0.867383
0.020384 0.007386 0.117416 0.854814
0.035502 0.014409 0.149286 0.800803
0.014938 0.004949 0.105090 0.875023
0.015156 0.005021 0.106934 0.872889
0.013297 0.004204 0.103888 0.878611
0.014741 0.004849 0.105672 0.874738
0.016565 0.005673 0.107976 0.869787
0.024831 0.009379 0.128085 0.837705
0.017881 0.006209 0.113143 0.862767
0.014841 0.004882 0.106403 0.873875
0.013302 0.004205 0.104035 0.878458
0.013149 0.004157 0.102425 0.880270
0.015678 0.005229 0.108088 0.871005
0.022694 0.008455 0.121325 0.847526
0.019365 0.006845 0.117280 0.856510
0.013293 0.004202 0.103853 0.878652
0.015991 0.005334 0.110737 0.867938
0.019249 0.006788 0.116599 0.857364
0.015671 0.005247 0.107318 0.871764
0.020803 0.007601 0.117576 0.854020
0.018927 0.006688 0.115656 0.858729
0.013296 0.004203 0.103986 0.878516
0.015843 0.005304 0.108649 0.870204
0.019356 0.006877 0.116274 0.857493
0.015426 0.005142 0.107272 0.872160
0.024201 0.009124 0.125754 0.840921
0.029182 0.011412 0.137016 0.822390
0.015987 0.005332 0.110707 0.867974
0.015522 0.005174 0.108003 0.871302
0.023114 0.008599 0.124007 0.844280
0.015100 0.005003 0.106777 0.873119
0.015891 0.005320 0.109377 0.869411
0.036477 0.015016 0.148476 0.800031
0.015840 0.005303 0.108631 0.870226
0.015207 0.005038 0.107287 0.872468
0.021707 0.008010 0.119018 0.851265
0.022141 0.008133 0.121792 0.847934
0.015515 0.005171 0.108284 0.871030
0.027699 0.010799 0.132287 0.829215
0.015518 0.005172 0.107978 0.871331
0.014862 0.004889 0.106636 0.873613
0.025129 0.009610 0.126034 0.839227
0.024087 0.009043 0.126236 0.840634
0.023260 0.008607 0.125671 0.842462
0.021455 0.007882 0.118998 0.851664
0.015114 0.005007 0.106217 0.873662
0.013303 0.004206 0.104045 0.878446
0.022586 0.008381 0.121703 0.847330
0.030078 0.011883 0.137857 0.820183
0.022529 0.008344 0.122086 0.847041
0.019696 0.007081 0.115616 0.857607
0.014791 0.004865 0.106054 0.874290
0.015995 0.005335 0.110765 0.867904
0.021642 0.007972 0.119652 0.850734
0.027759 0.010833 0.132653 0.828755
0.018584 0.006543 0.114181 0.860692
0.014734 0.004847 0.105341 0.875078
0.013268 0.004195 0.103690 0.878848
0.015949 0.005340 0.109795 0.868916
0.017751 0.006207 0.110578 0.865464
0.024186 0.009193 0.123837 0.842783
0.017676 0.006146 0.111905 0.864273
0.015762 0.005257 0.108719 0.870262
0.015966 0.005325 0.110563 0.868146
0.015598 0.005199 0.108609 0.870594
0.026727 0.010309 0.131520 0.831444
0.027227 0.010502 0.132727 0.829544
0.016603 0.005687 0.108110 0.869600
0.015800 0.005290 0.108761 0.870149
0.015920 0.005330 0.109731 0.869020
0.015244 0.005050 0.107637 0.872069
0.038682 0.016039 0.154679 0.790600
0.022107 0.008187 0.119574 0.850132
0.013093 0.004139 0.101867 0.880901
0.018997 0.006685 0.116405 0.857913
0.019088 0.006717 0.116959 0.857235
0.014887 0.004897 0.106824 0.873391
0.039702 0.016687 0.153454 0.790156
0.018340 0.006458 0.112747 0.862455
0.015789 0.005266 0.109128 0.869817
0.018528 0.006508 0.114692 0.860273
0.018608 0.006536 0.114941 0.859915
0.013323 0.004212 0.104104 0.878362
0.035348 0.014613 0.145663 0.804377
0.017522 0.006093 0.111191 0.865195
0.015801 0.005290 0.108688 0.870221
0.022000 0.008068 0.122508 0.847424
0.017707 0.006147 0.112572 0.863575
0.013318 0.004210 0.104066 0.878406
0.058716 0.026328 0.185413 0.729543
0.026290 0.010066 0.130786 0.832859
0.015390 0.005130 0.107006 0.872475
0.023323 0.008655 0.125566 0.842456
0.015244 0.005050 0.107637 0.872069
0.013316 0.004210 0.104054 0.878420
0.033143 0.013463 0.142287 0.811107
0.019413 0.006898 0.116890 0.856799
0.023059 0.008532 0.125014 0.843395
0.022126 0.008150 0.121974 0.847750
0.014887 0.004897 0.106824 0.873392
0.013320 0.004211 0.104086 0.878382
0.021394 0.007853 0.119595 0.851157
0.029598 0.011656 0.135493 0.823252
0.028980 0.011346 0.135732 0.823943
0.018179 0.006357 0.113625 0.861839
0.013323 0.004212 0.104104 0.878362
0.013321 0.004211 0.104093 0.878374
0.021605 0.007936 0.118871 0.851587
0.028018 0.010993 0.131910 0.829078
0.022958 0.008579 0.121672 0.846791
0.017218 0.005940 0.111106 0.865736
0.013318 0.004210 0.104066 0.878406
0.013321 0.004211 0.104088 0.878380
0.025841 0.009925 0.128324 0.835909
0.024673 0.009447 0.123778 0.842102
0.021005 0.007717 0.116511 0.854766
0.014868 0.004891 0.106689 0.873553
0.013316 0.004210 0.104054 0.878420
0.013241 0.004186 0.103030 0.879542
0.018855 0.006663 0.114766 0.859717
0.017259 0.006002 0.108977 0.867763
0.024637 0.009360 0.125862 0.840141
0.013318 0.004211 0.104072 0.878399
0.013320 0.004211 0.104086 0.878382
0.013257 0.004191 0.103519 0.879032
0.022546 0.008329 0.123294 0.845831
0.016377 0.005609 0.107374 0.870640
0.017787 0.006202 0.111392 0.864619
0.013320 0.004211 0.104084 0.878385
0.013315 0.004209 0.104042 0.878434
0.013287 0.004201 0.103744 0.878768
0.021314 0.007802 0.120200 0.850684
0.024285 0.009070 0.128421 0.838223
0.015304 0.005101 0.106359 0.873236
0.013319 0.004211 0.104073 0.878398
0.013309 0.004207 0.103994 0.878490
0.013299 0.004205 0.103905 0.878591
0.038362 0.015786 0.153981 0.791871
0.031529 0.012591 0.141269 0.814611
0.022788 0.008432 0.123727 0.845053
0.013175 0.004165 0.102049 0.880611
0.013237 0.004185 0.102998 0.879580
0.013303 0.004206 0.104045 0.878446
0.030244 0.012006 0.136752 0.820998
0.055202 0.024489 0.180358 0.739951
0.037607 0.015593 0.150970 0.795830
0.013184 0.004168 0.102888 0.879761
0.013255 0.004190 0.103500 0.879054
0.015979 0.005330 0.110654 0.868037
0.027042 0.010510 0.130609 0.831839
0.068421 0.031694 0.199073 0.700811
0.029809 0.011844 0.136289 0.822058
0.013243 0.004187 0.103329 0.879241
0.013278 0.004198 0.103678 0.878846
0.015937 0.005336 0.109711 0.869016
0.020914 0.007641 0.117887 0.853557
0.075135 0.035602 0.207476 0.681787
0.035024 0.014405 0.145437 0.805135
0.013270 0.004195 0.103649 0.878885
0.013143 0.004155 0.101808 0.880893
0.015594 0.005198 0.108580 0.870629
0.019112 0.006818 0.114292 0.859778
0.032907 0.013404 0.141642 0.812047
0.042002 0.017847 0.158700 0.781450
0.013277 0.004198 0.103929 0.878596
0.013170 0.004163 0.102864 0.879803
0.015241 0.005050 0.107620 0.872089
0.013190 0.004170 0.102808 0.879832
0.024008 0.009126 0.123438 0.843429
0.034132 0.013871 0.145415 0.806581
0.019662 0.006934 0.119351 0.854053
0.015906 0.005305 0.109977 0.868812
0.014884 0.004896 0.106802 0.873418
0.019519 0.006883 0.118466 0.855131
0.021025 0.007662 0.119435 0.851879
0.028634 0.011233 0.133634 0.826499
0.019463 0.006916 0.116406 0.857214
0.015862 0.005311 0.109177 0.869651
0.013241 0.004186 0.103030 0.879542
0.019533 0.006940 0.117124 0.856403
0.028758 0.011212 0.136692 0.823337
0.026278 0.010172 0.128489 0.835060
0.018595 0.006547 0.114246 0.860612
0.015424 0.005141 0.107232 0.872203
0.013257 0.004191 0.103519 0.879032
0.018422 0.006487 0.112508 0.862583
0.041949 0.017633 0.159989 0.780429
0.026246 0.010111 0.129122 0.834521
0.017550 0.006103 0.110728 0.865619
0.023159 0.008569 0.125212 0.843060
0.013287 0.004201 0.103744 0.878768
0.017444 0.006066 0.110220 0.866270
0.038523 0.016102 0.152270 0.793106
0.021167 0.007748 0.118836 0.852249
0.016697 0.005719 0.109505 0.868080
0.022646 0.008387 0.123015 0.845952
0.013299 0.004205 0.103905 0.878591
0.020413 0.007385 0.117036 0.855166
0.044457 0.019092 0.161405 0.775046
0.017483 0.006069 0.111455 0.864993
0.013264 0.004193 0.103658 0.878885
0.018637 0.006562 0.114601 0.860200
0.013303 0.004206 0.104045 0.878446
0.015760 0.005277 0.108367 0.870595
0.030932 0.012421 0.137349 0.819298
0.022886 0.008469 0.123946 0.844699
0.015945 0.005318 0.110418 0.868319
0.017525 0.006094 0.110364 0.866017
0.015995 0.005335 0.110765 0.867904
0.015477 0.005159 0.107936 0.871428
0.020180 0.007301 0.116716 0.855802
0.028614 0.011203 0.134618 0.825565
0.015900 0.005323 0.109596 0.869180
0.020621 0.007460 0.118524 0.853394
0.015949 0.005340 0.109795 0.868916
0.023175 0.008576 0.125736 0.842513
0.018516 0.006476 0.115145 0.859862
0.030164 0.011917 0.137995 0.819924
0.018813 0.006621 0.114512 0.860054
0.015760 0.005277 0.107949 0.871014
0.015598 0.005199 0.108609 0.870594
0.029169 0.011420 0.136903 0.822509
0.017917 0.006247 0.112445 0.863391
0.027607 0.010774 0.131584 0.830035
0.018412 0.006467 0.113654 0.861467
0.015453 0.005151 0.107518 0.871878
0.015244 0.005050 0.107637 0.872069
0.030235 0.011945 0.138060 0.819759
0.018793 0.006613 0.114995 0.859598
0.024016 0.009129 0.122755 0.844099
0.017587 0.006105 0.111657 0.864651
0.015133 0.005014 0.107001 0.872852
0.014887 0.004897 0.106824 0.873392
0.027482 0.010725 0.130968 0.830825
0.022898 0.008497 0.123420 0.845185
0.020834 0.007592 0.117426 0.854148
0.015073 0.004994 0.106001 0.873933
0.022545 0.008281 0.124258 0.844915
0.013318 0.004210 0.104066 0.878406
0.024478 0.009304 0.125192 0.841025
0.021905 0.008069 0.120917 0.849109
0.017634 0.006149 0.110043 0.866174
0.014757 0.004854 0.106033 0.874356
0.019485 0.006923 0.117109 0.856483
0.013316 0.004210 0.104054 0.878420
0.017116 0.005905 0.110080 0.866898
0.018052 0.006312 0.113058 0.862577
0.015301 0.005100 0.106488 0.873111
0.019607 0.006914 0.118969 0.854510
0.023307 0.008671 0.124809 0.843213
0.013320 0.004211 0.104086 0.878382
0.014787 0.004864 0.106141 0.874208
0.021245 0.007742 0.120208 0.850805
0.018363 0.006423 0.114507 0.860707
0.019516 0.006934 0.117134 0.856416
0.021997 0.008117 0.120499 0.849387
0.013321 0.004211 0.104093 0.878374
0.015941 0.005317 0.110305 0.868437
0.022403 0.008252 0.122884 0.846461
0.028543 0.011128 0.135590 0.824739
0.018500 0.006514 0.113533 0.861453
0.020151 0.007291 0.115994 0.856564
0.013321 0.004211 0.104088 0.878380
0.015656 0.005242 0.106477 0.872625
0.018623 0.006581 0.112125 0.862671
0.030008 0.011909 0.136668 0.821415
0.021854 0.008028 0.120701 0.849417
0.015036 0.004982 0.105628 0.874354
0.013241 0.004186 0.103030 0.879542
0.015337 0.005112 0.106735 0.872816
0.017845 0.006240 0.111405 0.864510
0.052858 0.023271 0.177489 0.746381
0.020730 0.007533 0.118241 0.853495
0.014662 0.004823 0.104677 0.875838
0.013257 0.004191 0.103519 0.879032
0.018434 0.006448 0.114433 0.860686
0.017018 0.005871 0.109217 0.867895
0.046205 0.020043 0.165644 0.768108
0.015529 0.005176 0.108048 0.871247
0.013095 0.004140 0.101876 0.880890
0.013287 0.004201 0.103744 0.878768
0.018008 0.006279 0.113198 0.862516
0.014574 0.004794 0.103659 0.876973
0.031266 0.012587 0.138943 0.817204
0.015099 0.005002 0.106316 0.873583
0.015796 0.005269 0.109398 0.869538
0.013299 0.004205 0.103905 0.878591
0.015516 0.005172 0.108405 0.870907
0.012958 0.004097 0.100512 0.882433
0.025790 0.009877 0.129476 0.834858
0.017993 0.006248 0.113968 0.861791
0.019394 0.006856 0.117640 0.856109
0.013303 0.004206 0.104045 0.878446
0.030597 0.011997 0.141103 0.816303
0.023629 0.008825 0.124381 0.843165
0.034797 0.014153 0.146502 0.804549
0.019496 0.006892 0.117963 0.855648
0.023810 0.008889 0.126694 0.840607
0.015995 0.005335 0.110765 0.867904
0.029801 0.011742 0.137535 0.820922
0.024104 0.009105 0.125456 0.841334
0.023860 0.008956 0.125622 0.841562
0.019004 0.006715 0.115716 0.858565
0.029335 0.011508 0.137151 0.822006
0.015949 0.005340 0.109795 0.868916
0.022812 0.008499 0.122098 0.846591
0.028517 0.011232 0.133713 0.826538
0.028510 0.011144 0.134543 0.825802
0.018118 0.006336 0.113433 0.862113
0.035433 0.014508 0.146757 0.803302
0.015598 0.005199 0.108609 0.870594
0.021007 0.007675 0.118453 0.852866
0.047641 0.020722 0.167260 0.764377
0.026105 0.010046 0.129238 0.834611
0.021395 0.007796 0.120767 0.850042
0.026807 0.010377 0.130527 0.832290
0.015244 0.005050 0.107637 0.872069
0.019144 0.006830 0.114330 0.859695
0.086305 0.041356 0.219212 0.653127
0.020274 0.007335 0.117287 0.855104
0.018096 0.006310 0.113713 0.861881
0.020934 0.007629 0.118698 0.852738
0.014887 0.004897 0.106824 0.873392
0.013282 0.004199 0.103767 0.878752
0.076581 0.035910 0.209217 0.678292
0.018451 0.006454 0.114376 0.860719
0.015575 0.005191 0.108451 0.870783
0.017234 0.005946 0.111238 0.865582
0.013323 0.004212 0.104104 0.878362
0.013286 0.004200 0.103910 0.878604
0.065040 0.029927 0.194030 0.711003
0.017957 0.006261 0.112789 0.862993
0.015138 0.005015 0.106459 0.873388
0.014859 0.004888 0.106743 0.873510
0.013323 0.004212 0.104104 0.878362
0.015863 0.005291 0.109444 0.869401
0.038391 0.016267 0.148409 0.796933
0.015421 0.005140 0.106885 0.872554
0.014810 0.004872 0.106188 0.874130
0.015877 0.005295 0.109536 0.869291
0.013318 0.004210 0.104066 0.878406
0.015840 0.005303 0.108971 0.869886
0.023017 0.008695 0.120429 0.847859
0.015097 0.005002 0.106526 0.873374
0.013204 0.004174 0.102677 0.879945
0.015869 0.005313 0.109168 0.869650
0.013312 0.004209 0.104021 0.878458
0.015344 0.005114 0.105917 0.873624
0.020397 0.007379 0.117610 0.854614
0.014693 0.004833 0.105045 0.875429
0.013227 0.004182 0.103273 0.879318
0.015560 0.005186 0.108256 0.870998
0.013314 0.004209 0.104038 0.878439
0.014891 0.004933 0.104226 0.875950
0.024235 0.009064 0.127835 0.838866
0.015835 0.005281 0.109592 0.869292
0.013180 0.004167 0.102583 0.880070
0.015218 0.005042 0.107450 0.872291
0.013319 0.004211 0.104077 0.878393
0.014627 0.004811 0.104797 0.875764
0.023584 0.008853 0.125226 0.842337
0.015658 0.005242 0.107028 0.872071
0.015875 0.005295 0.109874 0.868956
0.014862 0.004889 0.106765 0.873484
0.013315 0.004209 0.104043 0.878432
0.015833 0.005281 0.109481 0.869405
0.076683 0.035741 0.209405 0.678171
0.018622 0.006553 0.113815 0.861010
0.015878 0.005316 0.109354 0.869453
0.015960 0.005323 0.110525 0.868191
0.013228 0.004182 0.102927 0.879663
0.015705 0.005258 0.107985 0.871052
0.105051 0.051771 0.241457 0.601721
0.018041 0.006336 0.110402 0.865220
0.019041 0.006701 0.116725 0.857534
0.015916 0.005329 0.109569 0.869186
0.013164 0.004162 0.102376 0.880297
0.023386 0.008707 0.124955 0.842952
0.063996 0.029317 0.191182 0.715505
0.021319 0.007818 0.118665 0.852198
0.018439 0.006476 0.113723 0.861361
0.015587 0.005195 0.108533 0.870685
0.013212 0.004177 0.103096 0.879516
0.040049 0.016731 0.155914 0.787306
0.032756 0.013316 0.140821 0.813107
0.018127 0.006367 0.111927 0.863579
0.021945 0.008047 0.121937 0.848071
0.015237 0.005048 0.107593 0.872122
0.013258 0.004191 0.103510 0.879040
0.036562 0.015168 0.147885 0.800385
0.026690 0.010419 0.128441 0.834450
0.027571 0.010702 0.133452 0.828275
0.018525 0.006507 0.114366 0.860603
0.014879 0.004894 0.106762 0.873465
0.013195 0.004172 0.102761 0.879872
0.026739 0.010397 0.129640 0.833223
0.022262 0.008177 0.122430 0.847131
0.029301 0.011558 0.136556 0.822585
0.017656 0.006129 0.112280 0.863936
0.013125 0.004149 0.101164 0.881562
0.015759 0.005256 0.108822 0.870162
0.030475 0.012174 0.136641 0.820710
0.019316 0.006863 0.115902 0.857918
0.074764 0.034657 0.210442 0.680136
0.015200 0.005036 0.107451 0.872314
0.013120 0.004148 0.102343 0.880389
0.019228 0.006797 0.116035 0.857940
0.025959 0.009971 0.128467 0.835604
0.018361 0.006465 0.112703 0.862472
0.077318 0.036227 0.210725 0.675731
0.018107 0.006287 0.114554 0.861052
0.013211 0.004176 0.103013 0.879600
0.018895 0.006677 0.114996 0.859432
0.018716 0.006613 0.113721 0.860949
0.021772 0.007998 0.120950 0.849281
0.091217 0.043912 0.224944 0.639927
0.015941 0.005337 0.109738 0.868985
0.013256 0.004191 0.103497 0.879057
0.018062 0.006316 0.113056 0.862566
0.022176 0.008192 0.120982 0.848649
0.026023 0.009995 0.128882 0.835099
0.042572 0.018260 0.156363 0.782806
0.015481 0.005160 0.107369 0.871990
0.013268 0.004195 0.103933 0.878604
0.021348 0.007780 0.120908 0.849964
0.020960 0.007673 0.117589 0.853779
0.023582 0.008804 0.125235 0.842379
0.039401 0.016529 0.153037 0.791034
0.015157 0.005022 0.106942 0.872880
0.024861 0.009286 0.130419 0.835434
0.022551 0.008307 0.124020 0.845122
0.021452 0.007867 0.119420 0.851261
0.022278 0.008267 0.120344 0.849111
0.021347 0.007815 0.119583 0.851255
0.014744 0.004850 0.105291 0.875116
0.024899 0.009405 0.128339 0.837356
0.023986 0.008955 0.127073 0.839987
0.022549 0.008368 0.121844 0.847239
0.026144 0.010072 0.128784 0.834999
0.017499 0.006075 0.110896 0.865531
0.013222 0.004180 0.103233 0.879364
0.023049 0.008587 0.123627 0.844737
0.022724 0.008433 0.122977 0.845866
0.027460 0.010693 0.131841 0.830007
0.020988 0.007683 0.117615 0.853714
0.015031 0.004980 0.105776 0.874213
0.013258 0.004191 0.103609 0.878942
0.021140 0.007724 0.119194 0.851943
0.020968 0.007642 0.118907 0.852483
0.028400 0.011142 0.133430 0.827028
0.021477 0.007876 0.119394 0.851253
0.017582 0.006105 0.109988 0.866325
0.015839 0.005283 0.109290 0.869588
0.019229 0.006860 0.114884 0.859028
0.017263 0.005955 0.111396 0.865385
0.033878 0.013871 0.142311 0.809939
0.018156 0.006377 0.112178 0.863290
0.015601 0.005223 0.107207 0.871970
0.015804 0.005291 0.108862 0.870043
0.013235 0.004184 0.102978 0.879603
0.014885 0.004896 0.106809 0.873410
0.034303 0.014045 0.144004 0.807648
0.027816 0.010797 0.134124 0.827263
0.015285 0.005095 0.105973 0.873647
0.018842 0.006631 0.115054 0.859473
0.013255 0.004191 0.103502 0.879052
0.013316 0.004210 0.104052 0.878423
0.033996 0.013919 0.142762 0.809323
0.029758 0.011738 0.137559 0.820945
0.018149 0.006348 0.112790 0.862714
0.018336 0.006440 0.112934 0.862290
0.013286 0.004200 0.103734 0.878780
0.013235 0.004184 0.102978 0.879603
0.025723 0.009958 0.126099 0.838220
0.035629 0.014693 0.145969 0.803708
0.022128 0.008151 0.122350 0.847372
0.017535 0.006087 0.111537 0.864841
0.013290 0.004202 0.103835 0.878672
0.013255 0.004191 0.103502 0.879052
0.025623 0.009871 0.126972 0.837534
0.036072 0.014890 0.147440 0.801598
0.040537 0.016985 0.156541 0.785937
0.018515 0.006476 0.115136 0.859873
0.013210 0.004176 0.102877 0.879737
0.013286 0.004200 0.103734 0.878780
0.026141 0.010115 0.127640 0.836103
0.042976 0.018375 0.158936 0.779713
0.039200 0.016469 0.153951 0.790380
0.017824 0.006215 0.111444 0.864517
0.015901 0.005304 0.110042 0.868754
0.013290 0.004202 0.103835 0.878672
0.027084 0.010546 0.131197 0.831173
0.026299 0.010181 0.128544 0.834976
0.044935 0.019437 0.162300 0.773327
0.018791 0.006613 0.115289 0.859308
0.015904 0.005325 0.109397 0.869374
0.013210 0.004176 0.102877 0.879737
0.037507 0.015584 0.151934 0.794975
0.020602 0.007508 0.116889 0.855001
0.042581 0.018245 0.158478 0.780696
0.023058 0.008556 0.124203 0.844183
0.015564 0.005188 0.108373 0.870876
0.015901 0.005304 0.110042 0.868754
0.067597 0.031235 0.200316 0.700853
0.020802 0.007581 0.116843 0.854774
0.030536 0.012243 0.137325 0.819896
0.021968 0.008092 0.121344 0.848596
0.015050 0.004986 0.105507 0.874457
0.015887 0.005319 0.109282 0.869512
0.066354 0.030679 0.198487 0.704479
0.022052 0.008123 0.121484 0.848341
0.028625 0.011194 0.134873 0.825307
0.018088 0.006325 0.113419 0.862168
0.017901 0.006216 0.113162 0.862722
0.015538 0.005179 0.108191 0.871092
0.138678 0.071350 0.273268 0.516704
0.023445 0.008753 0.124369 0.843433
0.026978 0.010500 0.130552 0.831970
0.027507 0.010610 0.133606 0.828277
0.015856 0.005309 0.108980 0.869855
0.015035 0.004981 0.105400 0.874584
0.087813 0.042457 0.224582 0.645148
0.022127 0.008211 0.119971 0.849690
0.036125 0.014845 0.148614 0.800416
0.022546 0.008350 0.122180 0.846923
0.015542 0.005180 0.108201 0.871076
0.017923 0.006223 0.113302 0.862551
0.060013 0.027122 0.188144 0.724721
0.026089 0.010051 0.129730 0.834130
0.037355 0.015503 0.149998 0.797144
0.018472 0.006504 0.113138 0.861887
0.015191 0.005033 0.107503 0.872273
0.015844 0.005305 0.108902 0.869949
0.044121 0.018905 0.161364 0.775610
0.050947 0.022141 0.176227 0.750685
0.033252 0.013535 0.142572 0.810642
0.017599 0.006120 0.111373 0.864909
0.022715 0.008344 0.125040 0.843900
0.015431 0.005143 0.107029 0.872397
0.041913 0.017781 0.156936 0.783370
0.038228 0.015941 0.152537 0.793294
0.027085 0.010519 0.130406 0.831990
0.016721 0.005727 0.109658 0.867893
0.019469 0.006918 0.116440 0.857173
0.015027 0.004979 0.105862 0.874132
0.022453 0.008332 0.121564 0.847651
0.037489 0.015527 0.151657 0.795327
0.024351 0.009297 0.123218 0.843134
0.013185 0.004168 0.102682 0.879964
0.018601 0.006549 0.114285 0.860564
0.022427 0.008238 0.123557 0.845778
0.026637 0.010262 0.130797 0.832304
0.067246 0.030543 0.198264 0.703947
0.021582 0.007914 0.120281 0.850223
0.015861 0.005290 0.109907 0.868942
0.017722 0.006162 0.112199 0.863917
0.019487 0.006924 0.116925 0.856663
0.021363 0.007820 0.119669 0.851149
0.043398 0.018528 0.159419 0.778655
0.022780 0.008453 0.122691 0.846076
0.019436 0.006871 0.117598 0.856095
0.016805 0.005756 0.110284 0.867155
0.018482 0.006508 0.113484 0.861527
0.017443 0.006055 0.110117 0.866384
0.022228 0.008219 0.121564 0.847988
0.021759 0.008015 0.120522 0.849704
0.018805 0.006645 0.114160 0.860389
0.013303 0.004206 0.104045 0.878446
0.021957 0.008066 0.121838 0.848140
0.014889 0.004933 0.104305 0.875873
0.020174 0.007310 0.115763 0.856754
0.022075 0.008155 0.120466 0.849304
0.017886 0.006254 0.111562 0.864297
0.015979 0.005330 0.110654 0.868037
0.026470 0.010167 0.130754 0.832609
0.017816 0.006186 0.112534 0.863464
0.016687 0.005715 0.109412 0.868186
0.034842 0.014278 0.145086 0.805793
0.021092 0.007686 0.118829 0.852392
0.015937 0.005336 0.109711 0.869016
0.018887 0.006674 0.114656 0.859783
0.015774 0.005281 0.108435 0.870510
0.013269 0.004195 0.103604 0.878932
0.027492 0.010767 0.130693 0.831048
0.017874 0.006232 0.112268 0.863626
0.015594 0.005198 0.108580 0.870629
0.018043 0.006309 0.112907 0.862740
0.015370 0.005123 0.106858 0.872650
0.013138 0.004154 0.101771 0.880937
0.027671 0.010816 0.131438 0.830074
0.015377 0.005125 0.106731 0.872767
0.015241 0.005050 0.107620 0.872089
0.021400 0.007799 0.120796 0.850005
0.023058 0.008532 0.125339 0.843072
0.013163 0.004162 0.102816 0.879859
0.025453 0.009795 0.127205 0.837547
0.018167 0.006354 0.112476 0.863003
0.014872 0.004892 0.106712 0.873525
0.018078 0.006303 0.113643 0.861975
0.038326 0.015892 0.152217 0.793565
0.015584 0.005198 0.106535 0.872683
0.033324 0.013495 0.143628 0.809552
0.022195 0.008175 0.122212 0.847417
0.013235 0.004184 0.102978 0.879603
0.015473 0.005157 0.107446 0.871925
0.030280 0.012031 0.137558 0.820131
0.015508 0.005192 0.106285 0.873015
0.039509 0.016506 0.154471 0.789514
0.023727 0.008858 0.126005 0.841409
0.013255 0.004191 0.103502 0.879052
0.018514 0.006476 0.115097 0.859913
0.026463 0.010289 0.127671 0.835577
0.015198 0.005066 0.105436 0.874301
0.035042 0.014538 0.142806 0.807615
0.022300 0.008275 0.120706 0.848719
0.013286 0.004200 0.103734 0.878780
0.018076 0.006302 0.113517 0.862105
0.030615 0.012230 0.137486 0.819668
0.022773 0.008427 0.123604 0.845196
0.034337 0.014122 0.143579 0.807961
0.026166 0.010080 0.129543 0.834211
0.013297 0.004204 0.103890 0.878609
0.015571 0.005190 0.108421 0.870818
0.020699 0.007522 0.118263 0.853516
0.022324 0.008268 0.122299 0.847110
0.030320 0.012176 0.136087 0.821417
0.036218 0.014842 0.149326 0.799614
0.013214 0.004177 0.102908 0.879700
0.015217 0.005042 0.107577 0.872164
0.018690 0.006577 0.113887 0.860847
0.039979 0.016691 0.155982 0.787348
0.025355 0.009696 0.128124 0.836825
0.028303 0.011084 0.133722 0.826891
0.015886 0.005299 0.109942 0.868873
0.018130 0.006295 0.114698 0.860877
0.018267 0.006416 0.113135 0.862182
0.052949 0.023412 0.176142 0.747497
0.022718 0.008430 0.123253 0.845598
0.022107 0.008174 0.121498 0.848220
0.015885 0.005318 0.109263 0.869534
0.015949 0.005340 0.109795 0.868916
0.027520 0.010682 0.131617 0.830181
0.060107 0.027472 0.185131 0.727291
0.050203 0.021956 0.173466 0.754375
0.034347 0.013930 0.145199 0.806525
0.015541 0.005180 0.108209 0.871071
0.015598 0.005199 0.108609 0.870594
0.023002 0.008582 0.123088 0.845327
0.033597 0.013801 0.142069 0.810532
0.054262 0.024128 0.180580 0.741030
0.026596 0.010275 0.129672 0.833458
0.015197 0.005035 0.107432 0.872336
0.015244 0.005050 0.107637 0.872069
0.021320 0.007826 0.119267 0.851587
0.028664 0.011365 0.133152 0.826820
0.065535 0.030177 0.194409 0.709880
0.018420 0.006486 0.112818 0.862277
0.017842 0.006195 0.112076 0.863886
0.014887 0.004897 0.106824 0.873392
0.027708 0.010774 0.132308 0.829210
0.020925 0.007626 0.118430 0.853019
0.043059 0.018469 0.160143 0.778329
0.017502 0.006086 0.110400 0.866013
0.015750 0.005273 0.108296 0.870682
0.013323 0.004212 0.104104 0.878362
0.025999 0.010044 0.127846 0.836111
0.022110 0.008144 0.122630 0.847116
0.038921 0.016328 0.153131 0.791620
0.016673 0.005711 0.109290 0.868326
0.015402 0.005134 0.106686 0.872779
0.013316 0.004210 0.104049 0.878426
0.029669 0.011684 0.136752 0.821895
0.057958 0.025767 0.184598 0.731677
0.050921 0.022129 0.171968 0.754982
0.013085 0.004137 0.101405 0.881374
0.015006 0.004972 0.105484 0.874538
0.013310 0.004208 0.104009 0.878473
0.028241 0.011081 0.133080 0.827598
0.080902 0.038353 0.211531 0.669214
0.038853 0.016201 0.152590 0.792356
0.015736 0.005249 0.109003 0.870012
0.014708 0.004838 0.105602 0.874852
0.013318 0.004211 0.104072 0.878399
0.024879 0.009526 0.125295 0.840299
0.066853 0.030852 0.194888 0.707407
0.027568 0.010794 0.129873 0.831765
0.019219 0.006794 0.116144 0.857843
0.019364 0.006829 0.117265 0.856542
0.013316 0.004210 0.104050 0.878424
0.021429 0.007872 0.118103 0.852596
0.057110 0.025649 0.180779 0.736461
0.024340 0.009271 0.124017 0.842372
0.023515 0.008779 0.125029 0.842676
0.019257 0.006842 0.115481 0.858420
0.013309 0.004207 0.103994 0.878490
0.025564 0.009819 0.127195 0.837422
0.036249 0.015053 0.146830 0.801868
0.018973 0.006769 0.112907 0.861351
0.022418 0.008319 0.121966 0.847297
0.023052 0.008576 0.123925 0.844447
0.013166 0.004162 0.101979 0.880693
0.023248 0.008680 0.123624 0.844449
0.021622 0.007929 0.119522 0.850926
0.012998 0.004109 0.100173 0.882720
0.034778 0.014189 0.145579 0.805453
0.028048 0.010941 0.133290 0.827721
0.013186 0.004169 0.102904 0.879741
0.022120 0.008209 0.120184 0.849488
0.018068 0.006346 0.110913 0.864673
0.013035 0.004121 0.101793 0.881050
0.027064 0.010533 0.130413 0.831990
0.025563 0.009823 0.127455 0.837159
0.013246 0.004188 0.103355 0.879211
0.025894 0.009975 0.128606 0.835525
0.017370 0.006030 0.110393 0.866207
0.019113 0.006740 0.115357 0.858790
0.027203 0.010555 0.131114 0.831129
0.022374 0.008265 0.122423 0.846938
0.013192 0.004171 0.102627 0.880010
0.049141 0.021356 0.170353 0.759151
0.018281 0.006394 0.113345 0.861980
0.019033 0.006763 0.114238 0.859966
0.021646 0.007987 0.118511 0.851856
0.027177 0.010516 0.131974 0.830332
0.013143 0.004155 0.102383 0.880319
0.051810 0.022864 0.173086 0.752240
0.017723 0.006180 0.111403 0.864694
0.022600 0.008407 0.121946 0.847047
0.019908 0.007203 0.115081 0.857808
0.021787 0.008025 0.120261 0.849927
0.019503 0.006878 0.118334 0.855285
0.036176 0.015060 0.146343 0.802421
0.023511 0.008753 0.125881 0.841855
0.049713 0.021782 0.171354 0.757150
0.022976 0.008502 0.124322 0.844200
0.022431 0.008286 0.122696 0.846586
0.019475 0.006920 0.116849 0.856756
0.040903 0.017448 0.155343 0.786306
0.039164 0.016361 0.153415 0.791059
0.044991 0.019599 0.161619 0.773791
0.022190 0.008218 0.120306 0.849285
0.027409 0.010606 0.132767 0.829218
0.018592 0.006546 0.114525 0.860336
0.039573 0.016674 0.154388 0.789365
0.036256 0.015042 0.147792 0.800910
0.050075 0.021977 0.171050 0.756898
0.018112 0.006377 0.111008 0.864502
0.021810 0.008034 0.120099 0.850057
0.022077 0.008110 0.122467 0.847346
0.021522 0.007928 0.118714 0.851836
0.035446 0.014578 0.146686 0.803290
0.061374 0.028020 0.186923 0.723683
0.027510 0.010697 0.132213 0.829580
0.017877 0.006251 0.111506 0.864366
0.026708 0.010258 0.131757 0.831277
0.022013 0.008132 0.120976 0.848878
0.041246 0.017526 0.155347 0.785882
0.056659 0.025493 0.181387 0.736460
0.034328 0.014026 0.145292 0.806354
0.021122 0.007697 0.119264 0.851917
0.019037 0.006727 0.115861 0.858375
0.048950 0.021273 0.170881 0.758896
0.025297 0.009721 0.126262 0.838720
0.049061 0.021460 0.167918 0.761562
0.022933 0.008570 0.122678 0.845819
0.017869 0.006231 0.111916 0.863985
0.018045 0.006310 0.112391 0.863254
0.052201 0.023037 0.175723 0.749040
0.028684 0.011217 0.134767 0.825332
0.041955 0.018052 0.155140 0.784853
0.036308 0.014934 0.150273 0.798484
0.015440 0.005146 0.107570 0.871843
0.017182 0.005927 0.110804 0.866086
0.036882 0.015354 0.149290 0.798473
0.027153 0.010568 0.130653 0.831626
0.024924 0.009613 0.123755 0.841708
0.065376 0.029786 0.196520 0.708317
0.018267 0.006389 0.113393 0.861950
0.014836 0.004880 0.106367 0.873916
0.062264 0.028154 0.190883 0.718699
0.021118 0.007751 0.117815 0.853316
0.025011 0.009578 0.125701 0.839710
0.051637 0.022672 0.174588 0.751104
0.022108 0.008143 0.121247 0.848502
0.013287 0.004201 0.103808 0.878705
0.059019 0.026494 0.184621 0.729866
0.021409 0.007864 0.118433 0.852294
0.025796 0.009908 0.128750 0.835546
0.036007 0.014885 0.147507 0.801600
0.018622 0.006580 0.112784 0.862014
0.013213 0.004177 0.102907 0.879702
0.027352 0.010664 0.130615 0.831369
0.025716 0.009877 0.128061 0.836346
0.022971 0.008576 0.122157 0.846295
0.041446 0.017533 0.157937 0.783085
0.022301 0.008238 0.121951 0.847510
0.015886 0.005299 0.109942 0.868873
0.027200 0.010564 0.130952 0.831284
0.023401 0.008737 0.124737 0.843126
0.050223 0.022131 0.170716 0.756930
0.025156 0.009604 0.127424 0.837816
