0.266917 0.237633 0.233740 0.261709
0.267639 0.238502 0.233326 0.260533
0.263580 0.226626 0.234600 0.275194
0.263886 0.228515 0.234785 0.272815
0.265119 0.230183 0.234949 0.269750
0.266141 0.233297 0.238770 0.261792
0.267611 0.241401 0.232200 0.258788
0.268074 0.245015 0.228374 0.258537
0.263799 0.225865 0.234087 0.276248
0.265632 0.230740 0.232276 0.271352
0.265480 0.231996 0.236020 0.266504
0.266103 0.235038 0.238253 0.260606
0.266941 0.240360 0.231509 0.261190
0.266843 0.240412 0.229861 0.262884
0.263263 0.226762 0.231492 0.278484
0.265861 0.236651 0.229589 0.267900
0.265094 0.229113 0.236763 0.269030
0.264781 0.231890 0.235697 0.267631
0.266127 0.236482 0.232794 0.264597
0.265956 0.235428 0.235873 0.262743
0.264464 0.228343 0.233804 0.273389
0.266238 0.236707 0.230665 0.266390
0.264729 0.230396 0.234956 0.269919
0.265569 0.232243 0.238672 0.263516
0.266117 0.234596 0.235154 0.264134
0.266035 0.234440 0.234037 0.265488
0.265314 0.231739 0.232876 0.270071
0.265819 0.236623 0.229535 0.268023
0.265559 0.233197 0.235319 0.265925
0.267184 0.240478 0.232778 0.259560
0.266228 0.235148 0.232542 0.266082
0.264657 0.230024 0.233932 0.271388
0.265254 0.232304 0.231937 0.270506
0.265162 0.233419 0.230558 0.270861
0.266560 0.235857 0.235659 0.261923
0.267181 0.243524 0.228590 0.260704
0.265444 0.233249 0.232261 0.269046
0.263269 0.227536 0.233693 0.275502
0.263387 0.228138 0.231128 0.277347
0.263825 0.227109 0.231165 0.277901
0.267076 0.239132 0.232739 0.261053
0.266503 0.242269 0.229429 0.261800
0.265668 0.233409 0.234475 0.266448
0.265801 0.232811 0.233024 0.268364
0.264569 0.229261 0.233916 0.272254
0.264985 0.229753 0.231573 0.273689
0.266622 0.237817 0.231036 0.264526
0.267739 0.242536 0.228904 0.260821
0.266087 0.235446 0.231649 0.266818
0.266277 0.237486 0.230080 0.266157
0.264982 0.231015 0.231515 0.272488
0.263904 0.227762 0.232141 0.276193
0.266408 0.237548 0.233980 0.262064
0.267123 0.240816 0.227861 0.264200
0.265448 0.234556 0.231819 0.268176
0.266269 0.234054 0.231181 0.268495
0.264646 0.230527 0.230963 0.273864
0.263711 0.226783 0.233684 0.275822
0.266389 0.238442 0.232429 0.262740
0.265714 0.233585 0.230979 0.269722
0.265250 0.232213 0.231729 0.270809
0.265533 0.234117 0.228531 0.271819
0.263634 0.228352 0.230518 0.277495
0.263106 0.225410 0.234561 0.276923
0.266235 0.237481 0.231338 0.264945
0.264865 0.229701 0.233946 0.271488
0.265525 0.233139 0.231397 0.269939
0.265986 0.234098 0.235092 0.264824
0.264583 0.229274 0.233230 0.272913
0.262962 0.224298 0.235250 0.277490
0.265273 0.233135 0.232121 0.269471
0.264450 0.229827 0.235690 0.270033
0.265450 0.234130 0.229823 0.270597
0.264612 0.230021 0.233890 0.271477
0.263947 0.229406 0.231112 0.275535
0.263631 0.226070 0.232671 0.277628
0.266099 0.233113 0.230452 0.270336
0.262149 0.223844 0.234522 0.279485
0.265285 0.230973 0.232056 0.271686
0.264075 0.228300 0.235223 0.272402
0.262848 0.226500 0.231278 0.279374
0.264846 0.229244 0.234539 0.271371
0.266458 0.236248 0.230658 0.266635
0.262799 0.224568 0.235254 0.277379
0.265223 0.231338 0.233049 0.270390
0.262318 0.224735 0.233670 0.279277
0.262718 0.225499 0.231775 0.280007
0.265335 0.231375 0.232371 0.270919
0.265553 0.233496 0.233726 0.267225
0.264956 0.229125 0.233183 0.272735
0.264649 0.229088 0.231769 0.274494
0.264282 0.227294 0.234718 0.273706
0.264328 0.227348 0.231432 0.276891
0.265137 0.232485 0.231599 0.270780
0.264354 0.230640 0.233023 0.271984
0.266068 0.233615 0.229671 0.270645
0.263725 0.227160 0.235571 0.273544
0.265854 0.234902 0.230687 0.268557
0.264386 0.228550 0.229811 0.277253
0.264678 0.231316 0.234283 0.269724
0.263499 0.228149 0.234369 0.273984
0.266075 0.236051 0.229517 0.268357
0.263789 0.227093 0.235920 0.273198
0.266461 0.234736 0.231153 0.267650
0.263796 0.227317 0.231196 0.277690
0.264773 0.230338 0.232987 0.271902
0.262788 0.224754 0.233202 0.279256
0.266111 0.234705 0.233009 0.266175
0.264101 0.228144 0.233509 0.274246
0.265696 0.233907 0.230078 0.270320
0.263202 0.225915 0.234238 0.276645
0.264625 0.231665 0.230958 0.272753
0.264659 0.230133 0.230114 0.275094
0.265742 0.233034 0.234225 0.266999
0.264318 0.229346 0.233972 0.272364
0.265603 0.233251 0.231753 0.269392
0.262382 0.224396 0.234983 0.278238
0.264411 0.229781 0.230831 0.274978
0.265202 0.233560 0.228701 0.272537
0.263292 0.227218 0.232924 0.276566
0.264960 0.229903 0.231804 0.273332
0.265137 0.230863 0.236037 0.267963
0.261216 0.221054 0.234467 0.283263
0.265798 0.232061 0.231414 0.270727
0.265681 0.233047 0.229558 0.271714
0.263152 0.224870 0.235788 0.276189
0.266027 0.236305 0.229667 0.268001
0.264522 0.229159 0.235338 0.270981
0.261819 0.222114 0.233383 0.282684
0.265076 0.233801 0.228814 0.272309
0.265319 0.232663 0.228931 0.273087
0.264704 0.228908 0.234715 0.271673
0.265848 0.235021 0.231539 0.267592
0.263324 0.226019 0.234238 0.276419
0.263960 0.226974 0.231276 0.277790
0.264158 0.229263 0.231617 0.274962
0.263835 0.227687 0.232982 0.275497
0.265589 0.232449 0.231968 0.269994
0.265467 0.232392 0.231672 0.270469
0.264083 0.227137 0.235570 0.273211
0.265056 0.231982 0.228414 0.274547
0.263889 0.227699 0.233737 0.274674
0.262272 0.223516 0.234173 0.280039
0.265223 0.232708 0.230406 0.271664
0.264858 0.231829 0.230354 0.272960
0.266057 0.232049 0.235199 0.266694
0.265059 0.232564 0.230074 0.272303
0.263858 0.226294 0.233387 0.276461
0.262221 0.223074 0.235307 0.279398
0.266495 0.233607 0.235425 0.264474
0.263857 0.227152 0.233748 0.275244
0.266340 0.237180 0.231281 0.265200
0.264075 0.229946 0.230260 0.275719
0.262793 0.224747 0.231093 0.281367
0.261536 0.221325 0.234601 0.282538
0.266197 0.235120 0.231892 0.266791
0.264546 0.228529 0.233995 0.272930
0.265665 0.234421 0.233170 0.266743
0.263086 0.226589 0.232522 0.277803
0.262856 0.225058 0.235220 0.276867
0.263014 0.223693 0.232907 0.280386
0.265384 0.232418 0.234345 0.267852
0.264420 0.229434 0.232280 0.273865
0.266047 0.234064 0.233641 0.266249
0.261537 0.222493 0.232526 0.283443
0.263673 0.227775 0.233004 0.275548
0.264654 0.229448 0.231441 0.274458
0.264245 0.228881 0.237090 0.269785
0.263385 0.226502 0.233663 0.276451
0.266235 0.235538 0.231910 0.266317
0.261854 0.222144 0.232203 0.283799
0.264452 0.229462 0.232400 0.273686
0.264915 0.231495 0.231411 0.272179
0.265735 0.230993 0.236573 0.266700
0.264078 0.227551 0.233591 0.274780
0.265349 0.233689 0.231914 0.269047
0.262439 0.224444 0.231054 0.282062
0.263705 0.226777 0.232874 0.276644
0.264745 0.231819 0.230476 0.272960
0.264706 0.232598 0.231738 0.270958
0.264694 0.230765 0.232356 0.272185
0.265286 0.232701 0.233219 0.268795
0.263054 0.225227 0.230898 0.280822
0.265470 0.229429 0.230502 0.274599
0.264326 0.229736 0.232798 0.273140
0.265100 0.232063 0.234266 0.268571
0.264209 0.230146 0.231428 0.274216
0.265210 0.233372 0.231424 0.269993
0.263043 0.226572 0.229562 0.280822
0.265981 0.233719 0.232705 0.267595
0.263597 0.226477 0.232654 0.277272
0.266346 0.237039 0.230978 0.265637
0.263660 0.229094 0.230672 0.276574
0.264815 0.231774 0.230231 0.273179
0.262776 0.225570 0.231766 0.279888
0.264734 0.230246 0.235883 0.269137
0.263781 0.227447 0.230388 0.278383
0.267653 0.240549 0.229748 0.262051
0.264591 0.231104 0.229886 0.274419
0.264766 0.230879 0.231293 0.273062
0.261763 0.223082 0.231813 0.283343
0.263857 0.228112 0.234647 0.273384
0.263841 0.227707 0.233311 0.275140
0.266129 0.235218 0.229490 0.269163
0.264811 0.230486 0.229689 0.275014
0.265255 0.232588 0.230125 0.272032
0.261709 0.222639 0.231911 0.283742
0.263195 0.226286 0.237173 0.273346
0.263758 0.227488 0.232423 0.276331
0.266676 0.235089 0.233871 0.264364
0.264847 0.230226 0.229996 0.274931
0.264287 0.230974 0.229322 0.275418
0.261114 0.220968 0.232036 0.285881
0.264317 0.225384 0.235699 0.274600
0.263447 0.228135 0.230798 0.277620
0.265650 0.233827 0.234871 0.265652
0.264657 0.228804 0.230132 0.276407
0.263389 0.227708 0.231842 0.277061
0.262226 0.222459 0.231837 0.283478
0.266537 0.234411 0.231885 0.267166
0.263289 0.226011 0.233426 0.277274
0.264492 0.229132 0.237922 0.268454
0.263774 0.225983 0.235431 0.274812
0.263283 0.226208 0.231762 0.278747
0.262533 0.224524 0.230204 0.282739
0.266075 0.236561 0.232813 0.264551
0.264359 0.226522 0.232888 0.276231
0.263361 0.226051 0.236378 0.274210
0.262923 0.223672 0.235935 0.277469
0.263547 0.226597 0.231433 0.278423
0.262554 0.224190 0.232316 0.280941
0.266633 0.236507 0.233367 0.263493
0.264644 0.230012 0.229832 0.275511
0.265253 0.228810 0.237582 0.268356
0.261913 0.221644 0.237389 0.279054
0.262496 0.224140 0.231237 0.282127
0.262399 0.223624 0.232011 0.281966
0.266859 0.237894 0.235128 0.260119
0.263811 0.227330 0.233196 0.275663
0.266129 0.234053 0.233732 0.266086
0.261697 0.221461 0.239060 0.277782
0.263392 0.225075 0.232531 0.279003
0.262275 0.223121 0.233619 0.280985
0.265480 0.231985 0.234157 0.268378
0.264444 0.227641 0.236177 0.271738
0.267033 0.239166 0.233510 0.260291
0.263578 0.224754 0.235860 0.275809
0.263567 0.226615 0.232621 0.277197
0.261687 0.221453 0.233065 0.283794
0.265358 0.231676 0.234511 0.268455
0.264440 0.228588 0.234151 0.272821
0.266799 0.240231 0.233196 0.259773
0.266311 0.233465 0.235305 0.264918
0.262988 0.224560 0.234380 0.278073
0.262360 0.222573 0.233502 0.281566
0.266074 0.235501 0.236661 0.261765
0.262680 0.224298 0.234608 0.278414
0.267078 0.239096 0.233845 0.259982
0.267172 0.236547 0.234244 0.262036
0.262361 0.223592 0.232984 0.281063
0.262866 0.224809 0.233614 0.278711
0.266223 0.235186 0.234151 0.264440
0.263744 0.225995 0.236158 0.274102
0.266141 0.236844 0.231152 0.265862
0.267911 0.240789 0.234160 0.257140
0.263333 0.224614 0.235879 0.276174
0.263025 0.225203 0.232251 0.279521
0.265851 0.236645 0.231595 0.265909
0.265509 0.232201 0.233860 0.268430
0.266302 0.236151 0.232828 0.264719
0.266324 0.240165 0.236322 0.257188
0.263488 0.225948 0.233103 0.277461
0.263012 0.226546 0.232472 0.277970
0.265783 0.234798 0.232339 0.267080
0.265322 0.233665 0.231599 0.269413
0.266182 0.236506 0.232310 0.265001
0.266254 0.235679 0.240084 0.257983
0.264722 0.229137 0.232966 0.273175
0.263362 0.226726 0.231998 0.277915
0.266530 0.237562 0.230519 0.265389
0.264724 0.232208 0.230740 0.272328
0.266199 0.236977 0.230907 0.265917
0.266013 0.236730 0.235972 0.261285
0.264438 0.229870 0.233014 0.272678
0.263822 0.227903 0.230743 0.277532
0.266320 0.239793 0.228303 0.265584
0.265817 0.234726 0.230883 0.268574
0.264692 0.233015 0.230189 0.272104
0.266627 0.236439 0.235524 0.261410
0.264923 0.230468 0.233360 0.271249
0.263963 0.229037 0.230158 0.276842
0.265311 0.234109 0.229978 0.270603
0.265782 0.235243 0.229166 0.269809
0.265171 0.231993 0.231653 0.271183
0.267015 0.238984 0.232772 0.261229
0.265248 0.232210 0.231244 0.271298
0.263406 0.227184 0.229726 0.279683
0.264543 0.231926 0.229733 0.273798
0.264851 0.232381 0.229374 0.273394
0.265107 0.232851 0.229579 0.272463
0.268204 0.246366 0.233360 0.252070
0.265625 0.230835 0.235026 0.268514
0.263687 0.228342 0.231021 0.276949
0.264690 0.230772 0.229321 0.275217
0.264035 0.229911 0.229830 0.276224
0.264799 0.231905 0.229637 0.273660
0.267516 0.245476 0.230971 0.256037
0.265240 0.230841 0.232454 0.271465
0.263053 0.225808 0.231725 0.279414
0.264076 0.227910 0.231613 0.276401
0.264619 0.228601 0.232482 0.274298
0.263806 0.228501 0.230280 0.277414
0.266944 0.240811 0.234197 0.258049
0.265448 0.232329 0.233487 0.268736
0.261650 0.222986 0.231485 0.283879
0.263545 0.226640 0.231805 0.278010
0.264040 0.227021 0.231754 0.277185
0.263903 0.227982 0.231853 0.276262
0.266498 0.237566 0.232910 0.263026
0.264508 0.229931 0.237336 0.268224
0.261981 0.222870 0.231628 0.283520
0.263034 0.225348 0.230963 0.280655
0.263194 0.224737 0.232924 0.279145
0.263070 0.226187 0.230903 0.279840
0.266926 0.236578 0.233890 0.262606
0.264639 0.230221 0.235031 0.270109
0.262787 0.222935 0.233533 0.280744
0.263066 0.223793 0.236743 0.276399
0.262734 0.223910 0.235182 0.278174
0.262525 0.224165 0.232997 0.280313
0.266143 0.236502 0.232573 0.264782
0.265339 0.232289 0.232874 0.269498
0.263601 0.225438 0.232452 0.278509
0.263244 0.223323 0.235361 0.278072
0.263052 0.224374 0.237131 0.275444
0.262159 0.223420 0.232712 0.281709
0.266082 0.236037 0.232669 0.265212
0.265918 0.231826 0.235378 0.266878
0.262592 0.224222 0.230500 0.282686
0.263229 0.225120 0.233914 0.277737
0.263214 0.225107 0.234993 0.276686
0.262366 0.223789 0.231485 0.282359
0.265651 0.235998 0.232580 0.265771
0.267379 0.236921 0.232733 0.262967
0.262473 0.223687 0.237222 0.276618
0.262674 0.224292 0.237760 0.275274
0.263791 0.225859 0.235427 0.274922
0.262538 0.224529 0.232358 0.280576
0.266823 0.235273 0.232505 0.265399
0.267515 0.240869 0.233193 0.258424
0.262487 0.223892 0.235375 0.278245
0.264123 0.226953 0.236738 0.272186
0.264816 0.229438 0.233858 0.271888
0.263732 0.225808 0.232452 0.278007
0.266385 0.234434 0.231801 0.267380
0.265208 0.234018 0.239051 0.261722
0.262067 0.224126 0.233293 0.280513
0.264804 0.232685 0.232365 0.270145
0.266256 0.235131 0.231670 0.266943
0.264278 0.227637 0.231385 0.276700
0.266770 0.235725 0.233571 0.263934
0.265476 0.233562 0.236772 0.264190
0.262085 0.223789 0.233221 0.280905
0.264258 0.230572 0.231871 0.273298
0.266192 0.236154 0.233534 0.264119
0.263642 0.226314 0.232470 0.277574
0.265866 0.233583 0.236524 0.264027
0.265538 0.234109 0.235198 0.265155
0.265381 0.228686 0.231699 0.274234
0.266374 0.235173 0.229844 0.268610
0.265739 0.234378 0.232805 0.267077
0.263073 0.224802 0.234312 0.277813
0.265826 0.233573 0.239970 0.260631
0.266118 0.233297 0.235304 0.265280
0.266364 0.236657 0.227409 0.269571
0.267174 0.240535 0.226914 0.265377
0.265229 0.233389 0.230828 0.270554
0.263445 0.226509 0.236022 0.274024
0.264683 0.229536 0.237689 0.268093
0.267699 0.240488 0.229730 0.262083
0.265539 0.233113 0.230013 0.271335
0.266158 0.235737 0.229499 0.268606
0.265211 0.232120 0.233496 0.269173
0.263059 0.224621 0.235604 0.276716
0.264978 0.230884 0.239223 0.264915
0.267864 0.245740 0.232008 0.254388
0.264529 0.230349 0.233503 0.271619
0.265063 0.232480 0.231343 0.271113
0.265242 0.232033 0.231391 0.271334
0.263185 0.224898 0.233996 0.277921
0.266426 0.236087 0.236076 0.261411
0.266831 0.239911 0.233341 0.259917
0.263902 0.228095 0.235013 0.272989
0.263698 0.228321 0.234784 0.273198
0.266048 0.235086 0.230020 0.268846
0.264684 0.228890 0.232656 0.273770
0.267805 0.243074 0.234379 0.254742
0.266103 0.237686 0.233293 0.262917
0.261387 0.221198 0.234293 0.283122
0.261593 0.222541 0.234293 0.281574
0.265023 0.231240 0.232303 0.271434
0.266276 0.233797 0.232984 0.266944
0.267596 0.245550 0.231463 0.255390
0.265060 0.233733 0.232486 0.268722
0.262317 0.222536 0.235075 0.280071
0.261672 0.221989 0.233390 0.282950
0.265554 0.230560 0.233174 0.270712
0.266457 0.236389 0.232748 0.264406
0.267507 0.243375 0.231334 0.257784
0.265444 0.230323 0.233682 0.270550
0.264140 0.227128 0.232125 0.276607
0.263912 0.226311 0.232421 0.277356
0.264901 0.231489 0.231735 0.271875
0.265366 0.233216 0.232339 0.269079
0.267429 0.243919 0.232193 0.256460
0.266691 0.236895 0.229801 0.266612
0.265003 0.231935 0.230835 0.272226
0.265578 0.230564 0.230163 0.273696
0.264499 0.227923 0.237633 0.269946
0.264357 0.230057 0.234660 0.270926
0.267914 0.241328 0.232903 0.257855
0.266454 0.236405 0.230232 0.266910
0.264945 0.232464 0.230085 0.272506
0.266148 0.233903 0.230052 0.269897
0.264804 0.227951 0.235969 0.271275
0.264366 0.229922 0.233759 0.271953
0.266158 0.237392 0.232481 0.263970
0.265967 0.234601 0.233380 0.266051
0.264928 0.231455 0.231794 0.271824
0.265237 0.231426 0.233208 0.270129
0.265063 0.229821 0.236329 0.268787
0.265579 0.232439 0.231958 0.270024
0.265610 0.235101 0.233237 0.266052
0.265753 0.233007 0.234309 0.266930
0.264695 0.230447 0.231569 0.273289
0.264281 0.228038 0.238176 0.269505
0.263802 0.228341 0.236118 0.271739
0.265217 0.232703 0.231051 0.271029
0.266183 0.233717 0.235216 0.264884
0.263846 0.228480 0.234236 0.273439
0.263620 0.226948 0.230714 0.278718
0.263026 0.224946 0.236378 0.275651
0.265877 0.233345 0.238175 0.262603
0.266467 0.233583 0.230552 0.269397
0.266946 0.236272 0.234455 0.262327
0.263717 0.227032 0.234907 0.274344
0.263723 0.227158 0.233645 0.275473
0.262562 0.222744 0.238095 0.276599
0.266903 0.238482 0.234670 0.259944
0.266272 0.235187 0.231053 0.267488
0.266261 0.234412 0.232172 0.267156
0.264765 0.229395 0.234186 0.271654
0.263766 0.227074 0.232464 0.276695
0.264054 0.227055 0.236167 0.272725
0.266814 0.236686 0.233196 0.263304
0.265525 0.232542 0.235854 0.266080
0.265879 0.234888 0.236860 0.262373
0.265764 0.233907 0.231327 0.269001
0.263554 0.227013 0.233145 0.276287
0.266747 0.234976 0.233587 0.264690
0.267164 0.239128 0.233214 0.260493
0.264583 0.229174 0.234969 0.271275
0.265873 0.235256 0.237199 0.261672
0.265476 0.233720 0.229600 0.271204
0.262612 0.225429 0.232240 0.279720
0.266899 0.239443 0.231949 0.261708
0.267501 0.242325 0.236118 0.254056
0.264297 0.227632 0.239465 0.268607
0.265966 0.235845 0.234163 0.264026
0.266228 0.235196 0.232470 0.266106
0.263490 0.225777 0.233185 0.277548
0.266883 0.238572 0.232411 0.262134
0.266949 0.241283 0.234867 0.256901
0.263654 0.225495 0.236359 0.274492
0.265027 0.233790 0.232862 0.268321
0.265809 0.234372 0.230891 0.268928
0.264081 0.229523 0.230804 0.275591
0.266811 0.239239 0.231727 0.262223
0.266094 0.237311 0.234489 0.262106
0.265652 0.231696 0.236643 0.266008
0.266049 0.234821 0.230447 0.268682
0.265083 0.231670 0.232231 0.271015
0.264021 0.228186 0.230934 0.276858
0.266581 0.236876 0.234281 0.262261
0.265457 0.233545 0.234709 0.266288
0.266387 0.237222 0.236298 0.260093
0.267751 0.242894 0.227965 0.261390
0.263560 0.227855 0.233427 0.275158
0.263629 0.228725 0.229650 0.277996
0.265274 0.233063 0.232358 0.269304
0.267150 0.238024 0.231821 0.263005
0.266804 0.238045 0.233744 0.261406
0.267339 0.241283 0.229514 0.261864
0.264412 0.227839 0.234333 0.273415
0.263956 0.228489 0.231454 0.276101
0.265362 0.233978 0.232201 0.268458
0.267949 0.242234 0.231911 0.257906
0.266532 0.240751 0.230534 0.262183
0.266924 0.236770 0.230943 0.265363
0.264320 0.229731 0.231543 0.274406
0.263143 0.226659 0.230960 0.279238
0.265455 0.232764 0.233117 0.268664
0.267257 0.240731 0.232793 0.259219
0.267377 0.238990 0.233202 0.260432
0.265230 0.232505 0.233723 0.268542
0.264064 0.228223 0.232919 0.274795
0.263174 0.225911 0.231601 0.279314
0.266153 0.234160 0.231290 0.268397
0.266646 0.237741 0.233685 0.261928
0.267160 0.240534 0.230978 0.261328
0.263817 0.226259 0.238180 0.271744
0.265460 0.231032 0.231483 0.272025
0.262852 0.224011 0.232029 0.281108
0.265568 0.234662 0.229191 0.270579
0.266337 0.235212 0.237321 0.261130
0.266997 0.241309 0.229542 0.262152
0.263753 0.226175 0.236772 0.273300
0.266794 0.233507 0.234064 0.265635
0.263398 0.224669 0.232900 0.279033
0.265506 0.232437 0.232900 0.269157
0.265837 0.232108 0.238004 0.264050
0.265656 0.233933 0.234053 0.266358
0.264635 0.228392 0.238439 0.268534
0.265131 0.230473 0.233642 0.270753
0.263258 0.225145 0.232727 0.278869
0.265175 0.232057 0.232953 0.269815
0.265813 0.234395 0.235600 0.264192
0.266095 0.233643 0.234565 0.265697
0.265013 0.229253 0.235666 0.270069
0.264742 0.229587 0.236953 0.268718
0.262905 0.224489 0.235324 0.277282
0.264865 0.231062 0.232066 0.272007
0.265870 0.235370 0.236593 0.262167
0.265321 0.232610 0.231186 0.270884
0.267170 0.236248 0.236468 0.260114
0.264161 0.228753 0.241466 0.265620
0.262491 0.223703 0.236032 0.277775
0.263263 0.226398 0.233556 0.276783
0.266863 0.237457 0.235197 0.260482
0.264482 0.230383 0.235477 0.269658
0.266722 0.239741 0.235106 0.258431
0.264631 0.228488 0.239045 0.267836
0.262548 0.223944 0.234116 0.279392
0.264300 0.227743 0.234076 0.273881
0.267227 0.241993 0.230479 0.260302
0.264670 0.230708 0.233612 0.271010
0.267103 0.240175 0.236128 0.256594
0.265016 0.231478 0.234668 0.268837
0.263106 0.225620 0.233777 0.277497
0.265370 0.231354 0.231050 0.272226
0.266695 0.241137 0.230149 0.262019
0.265417 0.234432 0.230842 0.269309
0.266335 0.240128 0.233346 0.260191
0.266825 0.236070 0.236989 0.260115
0.264323 0.229475 0.231150 0.275052
0.265268 0.231069 0.234009 0.269654
0.267166 0.241080 0.230698 0.261056
0.264463 0.231611 0.230612 0.273314
0.266812 0.237940 0.233684 0.261564
0.267897 0.243583 0.232316 0.256205
0.265292 0.233935 0.228819 0.271954
0.265084 0.230331 0.232753 0.271833
0.266884 0.241138 0.228913 0.263065
0.265328 0.232033 0.229563 0.273076
0.267197 0.240062 0.229860 0.262880
0.267346 0.247653 0.230230 0.254771
0.265064 0.233823 0.228800 0.272314
0.265070 0.231523 0.233698 0.269709
0.265734 0.235683 0.229426 0.269158
0.266191 0.236916 0.227448 0.269444
0.267184 0.242093 0.230481 0.260242
0.266869 0.240722 0.233211 0.259197
0.264832 0.231371 0.229566 0.274231
0.264481 0.229487 0.236128 0.269904
0.264970 0.231491 0.231408 0.272131
0.265004 0.231715 0.230792 0.272490
0.266588 0.240041 0.229627 0.263743
0.267237 0.239169 0.233286 0.260308
0.263849 0.229711 0.228893 0.277548
0.264936 0.229186 0.234479 0.271399
0.265055 0.231509 0.232020 0.271416
0.264375 0.228560 0.231610 0.275455
0.266398 0.237550 0.231597 0.264455
0.267195 0.239594 0.230201 0.263010
0.262870 0.225651 0.231849 0.279631
0.265513 0.232442 0.233643 0.268403
0.263971 0.229044 0.231030 0.275955
0.263095 0.226200 0.232275 0.278429
0.264727 0.232144 0.231364 0.271765
0.266070 0.234753 0.234276 0.264900
0.262011 0.223294 0.232033 0.282662
0.265084 0.231099 0.233280 0.270537
0.262707 0.225919 0.232682 0.278692
0.262212 0.221897 0.236379 0.279512
0.264791 0.229924 0.230509 0.274775
0.266319 0.235754 0.235972 0.261956
0.262111 0.222981 0.232267 0.282641
0.266818 0.235612 0.233961 0.263609
0.263081 0.226034 0.232199 0.278685
0.262957 0.223079 0.234484 0.279480
0.265286 0.230992 0.233174 0.270547
0.266398 0.236198 0.233742 0.263662
0.261152 0.221000 0.231673 0.286175
0.266370 0.237163 0.233071 0.263396
0.263938 0.227582 0.231185 0.277294
0.263823 0.225628 0.236072 0.274477
0.265430 0.230666 0.232499 0.271405
0.265291 0.231851 0.236163 0.266695
0.262411 0.222616 0.233198 0.281775
0.266082 0.233400 0.234698 0.265820
0.264026 0.227867 0.230907 0.277201
0.264133 0.226151 0.235552 0.274164
0.264751 0.229698 0.232484 0.273067
0.265837 0.232003 0.235293 0.266868
0.262767 0.224725 0.231355 0.281154
0.265733 0.233832 0.233672 0.266763
0.264002 0.227698 0.229907 0.278394
0.265768 0.230263 0.239537 0.264433
0.263235 0.227170 0.236297 0.273299
0.266209 0.237312 0.233327 0.263152
0.263389 0.224903 0.233764 0.277944
0.265594 0.233228 0.236320 0.264858
0.264008 0.228621 0.232323 0.275047
0.265910 0.233261 0.239243 0.261586
0.263543 0.225822 0.236575 0.274061
0.266300 0.238059 0.233367 0.262274
0.262676 0.223860 0.232493 0.280970
0.266033 0.234588 0.233414 0.265965
0.262851 0.225634 0.233827 0.277688
0.265618 0.232010 0.241657 0.260715
0.264385 0.229787 0.233637 0.272191
0.266470 0.236362 0.232542 0.264626
0.263573 0.224819 0.235147 0.276462
0.266741 0.236140 0.235472 0.261647
0.261750 0.223072 0.233268 0.281910
0.265103 0.234607 0.241578 0.258712
0.264543 0.228637 0.233487 0.273332
0.266723 0.238689 0.230089 0.264499
0.263354 0.225227 0.234517 0.276901
0.266096 0.235079 0.233135 0.265691
0.261799 0.222715 0.233141 0.282345
0.266764 0.238281 0.240660 0.254295
0.266186 0.233148 0.229829 0.270837
0.266685 0.236491 0.230299 0.266525
0.263631 0.225722 0.236618 0.274029
0.266480 0.236636 0.233026 0.263858
0.263354 0.223982 0.232811 0.279854
0.267369 0.244048 0.236068 0.252516
0.267431 0.239403 0.232142 0.261025
0.266590 0.236868 0.233710 0.262832
0.263433 0.226909 0.233834 0.275824
0.266563 0.238178 0.235745 0.259514
0.265141 0.229869 0.229887 0.275102
0.268048 0.248353 0.233544 0.250055
0.265768 0.235391 0.232713 0.266129
0.266088 0.235997 0.232577 0.265339
0.264435 0.228319 0.235849 0.271397
0.266726 0.236608 0.234438 0.262228
0.264542 0.230435 0.229981 0.275042
0.268685 0.251360 0.231430 0.248526
0.265484 0.232850 0.234698 0.266968
0.264045 0.229920 0.233813 0.272222
0.264946 0.231417 0.232613 0.271024
0.266325 0.236597 0.232250 0.264828
0.264263 0.228897 0.233763 0.273078
0.267389 0.251887 0.232049 0.248675
0.263919 0.228512 0.235517 0.272052
0.264010 0.228074 0.235103 0.272813
0.265406 0.234008 0.229820 0.270766
0.265394 0.234013 0.233661 0.266932
0.263955 0.227337 0.235377 0.273332
0.267225 0.246698 0.230731 0.255346
0.264585 0.226915 0.235554 0.272946
0.265283 0.230089 0.232151 0.272477
0.265623 0.235166 0.230658 0.268552
0.266444 0.236092 0.233812 0.263651
0.263025 0.223758 0.235041 0.278176
0.267099 0.242710 0.231962 0.258228
0.266015 0.233205 0.232578 0.268202
0.265909 0.234562 0.231102 0.268427
0.266285 0.235241 0.230294 0.268179
0.266941 0.240352 0.231025 0.261681
0.262844 0.222983 0.234620 0.279553
0.266949 0.238458 0.231902 0.262691
0.266588 0.235211 0.236239 0.261963
0.265240 0.233149 0.230048 0.271563
0.265671 0.234287 0.229187 0.270855
0.265715 0.234465 0.231956 0.267864
0.264622 0.227543 0.236789 0.271046
0.266775 0.236898 0.228839 0.267489
0.266584 0.235989 0.233806 0.263620
0.265422 0.234020 0.232310 0.268248
0.264342 0.230229 0.231054 0.274375
0.265955 0.233983 0.230509 0.269554
0.265257 0.232158 0.234374 0.268212
0.266978 0.238549 0.234249 0.260224
0.266611 0.236388 0.236962 0.260040
0.264910 0.232351 0.231813 0.270925
0.263684 0.226987 0.234391 0.274938
0.266379 0.235666 0.232912 0.265044
0.264534 0.232104 0.234065 0.269297
0.266373 0.235436 0.235205 0.262986
0.264970 0.232338 0.237423 0.265270
0.264039 0.227731 0.232212 0.276018
0.263426 0.227711 0.232651 0.276212
0.265650 0.233954 0.233148 0.267247
0.264763 0.231310 0.233614 0.270313
0.265447 0.233223 0.235275 0.266055
0.265911 0.234745 0.235456 0.263888
0.263546 0.228220 0.230577 0.277657
0.262040 0.223751 0.232670 0.281538
0.264820 0.231505 0.232818 0.270857
0.265615 0.233540 0.230703 0.270142
0.263856 0.228921 0.235753 0.271470
0.265933 0.237616 0.233646 0.262805
0.264435 0.228319 0.231690 0.275555
0.262437 0.224259 0.232048 0.281256
0.263474 0.228545 0.233911 0.274070
0.266299 0.237039 0.227963 0.268699
0.265059 0.228409 0.237064 0.269468
0.267501 0.238170 0.232893 0.261435
0.265416 0.231105 0.232337 0.271142
0.264237 0.228503 0.230109 0.277151
0.264367 0.228046 0.232342 0.275246
0.267297 0.237609 0.229758 0.265336
0.265816 0.237009 0.230712 0.266463
0.267680 0.242394 0.228357 0.261569
0.264546 0.229179 0.232004 0.274271
0.263797 0.230154 0.228205 0.277844
0.265328 0.232603 0.230727 0.271342
0.267180 0.236932 0.233208 0.262679
0.265787 0.236792 0.229708 0.267713
0.267602 0.242862 0.232024 0.257512
0.263594 0.226251 0.233074 0.277082
0.263675 0.228843 0.229448 0.278034
0.266268 0.234124 0.231094 0.268514
0.266028 0.232447 0.234513 0.267011
0.266132 0.237378 0.229191 0.267299
0.266835 0.238496 0.234438 0.260231
0.263972 0.226392 0.237142 0.272495
0.263742 0.227572 0.230758 0.277928
0.265963 0.232826 0.230249 0.270962
0.262689 0.225053 0.240792 0.271465
0.267525 0.239434 0.228656 0.264385
0.266296 0.236956 0.236576 0.260171
0.263677 0.226110 0.236213 0.274000
0.263655 0.225484 0.232161 0.278700
0.265906 0.232746 0.234727 0.266620
0.262815 0.224172 0.243627 0.269386
0.266336 0.235341 0.228036 0.270287
0.264721 0.230079 0.235988 0.269212
0.263490 0.227404 0.233442 0.275664
0.261093 0.220950 0.230328 0.287629
0.264289 0.227524 0.236530 0.271657
0.264201 0.227181 0.239653 0.268965
0.265724 0.231851 0.234160 0.268265
0.265601 0.229542 0.239014 0.265843
0.264033 0.227725 0.236194 0.272048
0.261959 0.221683 0.235596 0.280762
0.263523 0.226986 0.239068 0.270423
0.265024 0.231954 0.236962 0.266060
0.264050 0.227838 0.236464 0.271648
0.265887 0.235200 0.236066 0.262848
0.266142 0.232635 0.233228 0.267995
0.262216 0.221900 0.236587 0.279297
0.262665 0.225475 0.237013 0.274847
0.267316 0.238663 0.232078 0.261944
0.263113 0.225021 0.238567 0.273300
0.266942 0.239084 0.236006 0.257968
0.266612 0.237318 0.229147 0.266923
0.262630 0.222251 0.235974 0.279145
0.264327 0.227129 0.236877 0.271667
0.268523 0.250584 0.232754 0.248139
0.262390 0.222048 0.238750 0.276812
0.266638 0.240086 0.236761 0.256516
0.265300 0.234976 0.231671 0.268053
0.261856 0.221596 0.233133 0.283415
0.266905 0.236100 0.232151 0.264845
0.268007 0.250226 0.230489 0.251278
0.264209 0.225291 0.239195 0.271305
0.267271 0.240220 0.236081 0.256428
0.266000 0.234967 0.232757 0.266277
0.263966 0.225085 0.239824 0.271125
0.267869 0.240815 0.229872 0.261444
0.266806 0.242984 0.230286 0.259925
0.266390 0.234282 0.234910 0.264418
0.267281 0.241535 0.233503 0.257681
0.265933 0.235349 0.231365 0.267353
0.265286 0.232566 0.234218 0.267931
0.267445 0.243553 0.230910 0.258091
0.265998 0.238708 0.233611 0.261683
0.267309 0.239413 0.236338 0.256939
0.266280 0.241273 0.238128 0.254318
0.264694 0.229307 0.232424 0.273575
0.264899 0.232920 0.234172 0.268009
0.266817 0.240218 0.233915 0.259049
0.266036 0.233875 0.232006 0.268083
0.266763 0.241172 0.236028 0.256038
0.266490 0.241912 0.236233 0.255365
0.264917 0.228723 0.232337 0.274023
0.264342 0.230629 0.234175 0.270854
0.265657 0.234656 0.235015 0.264672
0.266024 0.236796 0.228842 0.268339
0.267084 0.241884 0.233410 0.257622
0.267086 0.243675 0.237081 0.252158
0.265902 0.233120 0.234637 0.266341
0.266794 0.234834 0.230949 0.267422
0.265269 0.230890 0.234409 0.269432
0.265290 0.234144 0.229519 0.271047
0.266906 0.239814 0.234778 0.258502
0.266469 0.239003 0.238653 0.255875
0.264459 0.230363 0.234432 0.270745
0.266893 0.239776 0.228573 0.264757
0.265656 0.230166 0.235615 0.268563
0.265584 0.232834 0.231066 0.270515
0.267453 0.239903 0.233761 0.258882
0.267732 0.241470 0.239709 0.251089
0.263600 0.228322 0.235310 0.272767
0.266128 0.236712 0.230196 0.266963
0.266801 0.235613 0.234861 0.262725
0.265082 0.234173 0.228929 0.271816
0.267900 0.243092 0.231503 0.257504
0.266328 0.245820 0.241755 0.246097
0.263502 0.227635 0.234147 0.274715
0.265427 0.235382 0.231398 0.267794
0.266203 0.237019 0.234601 0.262177
0.263575 0.227127 0.232396 0.276903
0.267332 0.242060 0.235178 0.255430
0.265952 0.243466 0.242767 0.247815
0.264769 0.229643 0.231627 0.273961
0.264666 0.232060 0.231918 0.271356
0.265811 0.236201 0.236557 0.261432
0.263074 0.225804 0.232424 0.278697
0.266659 0.237861 0.235257 0.260223
0.266689 0.244861 0.240343 0.248107
0.266689 0.236046 0.228853 0.268413
0.263114 0.224837 0.232749 0.279300
0.265914 0.234417 0.235065 0.264604
0.263861 0.226297 0.232047 0.277796
0.265969 0.238014 0.233470 0.262547
0.267430 0.247064 0.239017 0.246488
0.267076 0.237413 0.229784 0.265727
0.263862 0.227517 0.230632 0.277989
0.266457 0.236177 0.231801 0.265564
0.263738 0.225556 0.232743 0.277963
0.265605 0.234696 0.234092 0.265608
0.268413 0.249204 0.235246 0.247138
0.266437 0.236273 0.230901 0.266389
0.264082 0.228583 0.230711 0.276624
0.266527 0.237709 0.230255 0.265508
0.264404 0.226383 0.235334 0.273880
0.266724 0.235950 0.231906 0.265420
0.268262 0.257151 0.236109 0.238478
0.265273 0.231787 0.234327 0.268613
0.264148 0.229618 0.231674 0.274560
0.267168 0.240625 0.231259 0.260948
0.264068 0.227455 0.234170 0.274307
0.267213 0.241021 0.228428 0.263337
0.267207 0.254556 0.234996 0.243242
0.263505 0.225752 0.239070 0.271673
0.264210 0.228417 0.232441 0.274932
0.266356 0.240653 0.229533 0.263458
0.263289 0.226010 0.237990 0.272711
0.266286 0.238029 0.229170 0.266515
0.267173 0.250074 0.232438 0.250314
0.263412 0.224681 0.236947 0.274961
0.263556 0.225796 0.232651 0.277997
0.265581 0.234651 0.231216 0.268552
0.262496 0.224309 0.237443 0.275752
0.266426 0.237149 0.232256 0.264169
0.266911 0.245664 0.230840 0.256585
0.264001 0.226388 0.237348 0.272263
0.263393 0.224665 0.233173 0.278769
0.264895 0.230525 0.231445 0.273135
0.264007 0.228305 0.234333 0.273355
0.265537 0.234577 0.231684 0.268202
0.267850 0.242645 0.229263 0.260242
0.265100 0.230149 0.237316 0.267435
0.263744 0.226167 0.233995 0.276094
0.265300 0.230735 0.231312 0.272654
0.265115 0.232033 0.231808 0.271043
0.264431 0.228609 0.232782 0.274178
0.267902 0.245967 0.225282 0.260849
0.267207 0.237250 0.234455 0.261087
0.263593 0.227493 0.235406 0.273509
0.265021 0.231222 0.231045 0.272711
0.266686 0.236416 0.229387 0.267511
0.263889 0.226729 0.233279 0.276103
0.267920 0.244925 0.229153 0.258002
0.267088 0.240933 0.234401 0.257578
0.262853 0.226045 0.234421 0.276682
0.264909 0.229915 0.234983 0.270193
0.267173 0.241460 0.226238 0.265129
0.265144 0.229288 0.234382 0.271187
0.266365 0.237520 0.231894 0.264221
0.266912 0.238598 0.234679 0.259811
0.263172 0.226112 0.233575 0.277141
0.263522 0.227382 0.233709 0.275386
0.266620 0.238710 0.230337 0.264334
0.265403 0.231555 0.233430 0.269612
0.265096 0.232387 0.233822 0.268695
0.266849 0.240217 0.232606 0.260328
0.264291 0.228550 0.231536 0.275623
0.263970 0.226390 0.234691 0.274949
0.265063 0.232480 0.232916 0.269542
0.264499 0.229559 0.236183 0.269760
0.263048 0.224965 0.235280 0.276708
0.266842 0.239821 0.233973 0.259364
0.266158 0.233694 0.228869 0.271278
0.264133 0.226500 0.236015 0.273352
0.263386 0.228051 0.232394 0.276170
0.264228 0.228694 0.234406 0.272672
0.263883 0.224432 0.237439 0.274247
0.266994 0.237701 0.232385 0.262920
0.266388 0.236329 0.229285 0.267998
0.265758 0.230721 0.234865 0.268656
0.261968 0.222859 0.234525 0.280649
0.265423 0.230842 0.235462 0.268273
0.265940 0.230563 0.235337 0.268160
0.266861 0.239773 0.231310 0.262056
0.265534 0.233364 0.231566 0.269536
0.265996 0.233769 0.233419 0.266816
0.263415 0.224034 0.233846 0.278705
0.265579 0.232440 0.234203 0.267777
0.266241 0.232653 0.237774 0.263331
0.266264 0.237035 0.231813 0.264887
0.264338 0.229294 0.233172 0.273196
0.265330 0.232283 0.238917 0.263470
0.264957 0.229710 0.230529 0.274804
0.265998 0.234986 0.231066 0.267950
0.265644 0.233388 0.239563 0.261406
0.267086 0.236798 0.234040 0.262076
0.263129 0.225034 0.236538 0.275299
0.265904 0.233472 0.235753 0.264872
0.264715 0.230587 0.230796 0.273902
0.266302 0.237047 0.232974 0.263677
0.265926 0.235303 0.240981 0.257791
0.266699 0.236949 0.233704 0.262649
0.262262 0.222489 0.234807 0.280441
0.265963 0.235402 0.235679 0.262956
0.264900 0.230171 0.233794 0.271134
0.266796 0.235693 0.234143 0.263368
0.265532 0.235461 0.239896 0.259111
0.265835 0.232725 0.234477 0.266962
0.263376 0.225852 0.233872 0.276900
0.265580 0.233812 0.235497 0.265111
0.264901 0.230627 0.234363 0.270109
0.266145 0.235529 0.231012 0.267314
0.266717 0.237837 0.236391 0.259055
0.265390 0.232245 0.237138 0.265228
0.264128 0.228623 0.233485 0.273765
0.267036 0.238480 0.231253 0.263232
0.262759 0.225555 0.233325 0.278361
0.265313 0.233616 0.233352 0.267720
0.267844 0.244028 0.232954 0.255174
0.265468 0.233117 0.237248 0.264168
0.265297 0.232082 0.231175 0.271447
0.267397 0.242963 0.231676 0.257963
0.262698 0.224482 0.234018 0.278802
0.265328 0.231281 0.235888 0.267503
0.268516 0.249217 0.231988 0.250278
0.265877 0.234451 0.234186 0.265486
0.265538 0.234636 0.229382 0.270444
0.266960 0.239167 0.230897 0.262975
0.264600 0.228818 0.233482 0.273100
0.266313 0.235223 0.232997 0.265467
0.268391 0.250468 0.230338 0.250803
0.265578 0.235111 0.233596 0.265715
0.265180 0.232151 0.231449 0.271219
0.266829 0.239741 0.230560 0.262870
0.266184 0.232969 0.231591 0.269255
0.264770 0.231880 0.231420 0.271930
0.266591 0.246298 0.231716 0.255394
0.266946 0.237531 0.231225 0.264297
0.265396 0.232250 0.230370 0.271985
0.265981 0.236743 0.231870 0.265407
0.266001 0.233391 0.230306 0.270301
0.265457 0.231393 0.234201 0.268949
0.266165 0.239110 0.232240 0.262485
0.267555 0.242290 0.228972 0.261182
0.264363 0.230624 0.231027 0.273985
0.265231 0.231197 0.233315 0.270257
0.265642 0.232078 0.234717 0.267563
0.267143 0.236785 0.232725 0.263348
0.266772 0.236913 0.231581 0.264734
0.267431 0.240831 0.232180 0.259558
0.263572 0.226663 0.233685 0.276080
0.265514 0.233708 0.231136 0.269643
0.265128 0.231573 0.235581 0.267718
0.266254 0.235767 0.232413 0.265566
0.266418 0.235805 0.229841 0.267936
0.266660 0.236956 0.231621 0.264763
0.263421 0.226326 0.232337 0.277916
0.265122 0.230398 0.232925 0.271555
0.264327 0.229354 0.237326 0.268993
0.265196 0.231835 0.233834 0.269135
0.266769 0.235667 0.229628 0.267936
0.265914 0.234434 0.235999 0.263653
0.263789 0.226805 0.233495 0.275910
0.265139 0.230753 0.232842 0.271266
0.263181 0.226327 0.236167 0.274325
0.265721 0.232006 0.237433 0.264840
0.267071 0.237732 0.235502 0.259695
0.264589 0.229036 0.236401 0.269974
0.263432 0.225552 0.232133 0.278883
0.265749 0.232592 0.232638 0.269021
0.264445 0.228543 0.233623 0.273390
0.266140 0.233329 0.236042 0.264489
0.265278 0.232700 0.236228 0.265795
0.265012 0.229609 0.236872 0.268507
0.264530 0.228515 0.234005 0.272949
0.265035 0.230390 0.235101 0.269474
0.266125 0.235411 0.230858 0.267606
0.265663 0.232148 0.235136 0.267052
0.264046 0.227834 0.236984 0.271136
0.265360 0.232778 0.235396 0.266467
0.264395 0.229413 0.232080 0.274112
0.264861 0.229690 0.235409 0.270039
0.267479 0.239565 0.230407 0.262548
0.265559 0.233313 0.237661 0.263468
0.263935 0.226360 0.240477 0.269229
0.266271 0.233343 0.235080 0.265307
0.264270 0.227929 0.235092 0.272710
0.264733 0.229952 0.234428 0.270887
0.267413 0.240784 0.229283 0.262519
0.266151 0.236344 0.235203 0.262302
0.265387 0.229497 0.237460 0.267656
0.266775 0.238779 0.232441 0.262005
0.263760 0.228406 0.232889 0.274944
0.264126 0.229889 0.235168 0.270817
0.265436 0.235771 0.230728 0.268065
0.266577 0.239088 0.233304 0.261031
0.266769 0.238809 0.233153 0.261269
0.265845 0.238092 0.231072 0.264992
0.264583 0.228446 0.233570 0.273401
0.265161 0.231963 0.232966 0.269911
0.264717 0.230370 0.234457 0.270456
0.266672 0.238374 0.232185 0.262769
0.266489 0.239208 0.236249 0.258054
0.266422 0.238532 0.231491 0.263555
0.264840 0.230604 0.233175 0.271381
0.265981 0.235858 0.230466 0.267695
0.265339 0.230060 0.235206 0.269395
0.267264 0.239714 0.229595 0.263426
0.267691 0.242018 0.233361 0.256930
0.267527 0.239486 0.231342 0.261645
0.265400 0.231375 0.231713 0.271512
0.266261 0.235715 0.230050 0.267974
0.264504 0.228280 0.233640 0.273576
0.266682 0.241908 0.227942 0.263468
0.267590 0.244101 0.229994 0.258315
0.266513 0.235447 0.230322 0.267719
0.265433 0.232818 0.231393 0.270356
0.266844 0.236584 0.228225 0.268347
0.264330 0.227981 0.233352 0.274337
0.266819 0.238506 0.231901 0.262773
0.266415 0.238145 0.234293 0.261147
0.266166 0.234687 0.231912 0.267236
0.265060 0.231618 0.234163 0.269160
0.266816 0.237052 0.232717 0.263415
0.265499 0.231338 0.237624 0.265538
0.266553 0.236376 0.232010 0.265061
0.267559 0.239979 0.233437 0.259025
0.266113 0.233341 0.239471 0.261075
0.264947 0.230586 0.232602 0.271866
0.265554 0.231703 0.234624 0.268118
0.266176 0.234270 0.236116 0.263438
0.265202 0.231725 0.232020 0.271053
0.267648 0.241791 0.234412 0.256150
0.265120 0.231702 0.238590 0.264588
0.264831 0.231032 0.232998 0.271138
0.264095 0.227877 0.236872 0.271156
0.265298 0.232774 0.234051 0.267878
0.263556 0.226442 0.234149 0.275853
0.265758 0.234050 0.235748 0.264444
0.263471 0.227779 0.236513 0.272237
0.264084 0.227770 0.234310 0.273836
0.262607 0.224588 0.238422 0.274383
0.265085 0.231592 0.236372 0.266950
0.264560 0.228783 0.236778 0.269879
0.265946 0.233456 0.236354 0.264244
0.263885 0.227385 0.239654 0.269077
0.265079 0.230972 0.231163 0.272785
0.263648 0.224813 0.237604 0.273935
0.266053 0.234717 0.233557 0.265673
0.265212 0.231388 0.234364 0.269036
0.266361 0.237504 0.237174 0.258961
0.267500 0.236225 0.236125 0.260151
0.265250 0.232681 0.232988 0.269081
0.265572 0.232817 0.234525 0.267085
0.266913 0.240306 0.231092 0.261689
0.264505 0.229564 0.233741 0.272190
0.266183 0.235672 0.234598 0.263547
0.267909 0.244992 0.229746 0.257353
0.264398 0.230201 0.232226 0.273174
0.266719 0.236146 0.232168 0.264967
0.265926 0.237774 0.230460 0.265839
0.265401 0.230427 0.234021 0.270151
0.266196 0.238330 0.231349 0.264125
0.267230 0.243005 0.232706 0.257058
0.264959 0.231868 0.230647 0.272526
0.267437 0.240363 0.230556 0.261644
0.266842 0.237529 0.230505 0.265123
0.266422 0.235133 0.232673 0.265772
0.266814 0.239790 0.231273 0.262123
0.267519 0.242314 0.234193 0.255974
0.264516 0.230757 0.231959 0.272768
0.267027 0.241791 0.231530 0.259651
0.267012 0.238487 0.228478 0.266023
0.266161 0.237021 0.233289 0.263530
0.268155 0.241425 0.230655 0.259765
