0.048073 0.044755 0.049823 0.042286 0.043980 0.041225 0.074147 0.049029 0.045514 0.053271 0.469381 0.038516
0.043906 0.048662 0.055457 0.047108 0.045243 0.042893 0.085954 0.066182 0.048070 0.058330 0.419644 0.038551
0.054696 0.039373 0.046939 0.040699 0.040049 0.037875 0.077898 0.051854 0.038870 0.051945 0.484325 0.035477
0.048363 0.051665 0.056915 0.048851 0.048219 0.046308 0.079030 0.059010 0.047630 0.066090 0.404414 0.043505
0.042580 0.038691 0.043892 0.036909 0.037719 0.035064 0.084418 0.046758 0.034828 0.057380 0.508022 0.033741
0.040944 0.042363 0.041097 0.036831 0.037997 0.035489 0.082166 0.049170 0.043172 0.056080 0.500794 0.033897
0.045779 0.050580 0.050503 0.041009 0.042395 0.039674 0.049898 0.050103 0.046878 0.056493 0.490665 0.036023
0.044351 0.037642 0.045251 0.032661 0.035044 0.032684 0.045864 0.040574 0.033680 0.050155 0.571705 0.030389
0.044059 0.039177 0.047738 0.040046 0.039953 0.038892 0.108929 0.049138 0.042553 0.049719 0.462917 0.036879
0.046183 0.063780 0.044394 0.037564 0.036805 0.036156 0.104834 0.047762 0.039670 0.047664 0.461857 0.033331
0.048852 0.033756 0.041009 0.035794 0.035581 0.032395 0.052308 0.047262 0.033642 0.046792 0.563169 0.029442
0.034540 0.034915 0.041051 0.034864 0.037008 0.034740 0.055625 0.042184 0.037811 0.051133 0.563001 0.033128
0.047264 0.035434 0.046238 0.036471 0.039084 0.036598 0.048394 0.047625 0.038279 0.060993 0.528657 0.034965
0.052620 0.047060 0.054390 0.048003 0.045265 0.045175 0.080289 0.057046 0.051812 0.056326 0.419728 0.042286
0.037826 0.032018 0.037248 0.034797 0.032103 0.030183 0.129205 0.036689 0.030326 0.042484 0.527742 0.029378
0.039515 0.040771 0.041165 0.037725 0.036361 0.034692 0.097728 0.048921 0.036700 0.044421 0.510160 0.031841
0.037130 0.037985 0.049276 0.040955 0.040779 0.037558 0.082424 0.053138 0.047539 0.057075 0.483381 0.032760
0.049524 0.036209 0.041022 0.035982 0.038116 0.035143 0.045715 0.044831 0.038457 0.048883 0.553804 0.032314
0.039404 0.048024 0.042632 0.037888 0.037787 0.035832 0.053192 0.040372 0.036351 0.047938 0.545227 0.035353
0.043842 0.042186 0.043964 0.042673 0.041143 0.039141 0.081084 0.055743 0.050197 0.060450 0.462499 0.037078
0.033651 0.034287 0.043064 0.034617 0.036913 0.033680 0.088695 0.042195 0.034186 0.047264 0.539893 0.031556
0.047929 0.055269 0.043712 0.039098 0.038008 0.036737 0.069923 0.046156 0.041517 0.046693 0.500533 0.034425
0.050021 0.033524 0.042418 0.033221 0.034973 0.032520 0.111634 0.044867 0.033191 0.044186 0.509425 0.030019
0.045532 0.042929 0.054655 0.042958 0.043451 0.042858 0.087612 0.053859 0.045457 0.056190 0.444097 0.040401
0.027496 0.026279 0.035202 0.026671 0.030044 0.026221 0.077476 0.037425 0.026421 0.043220 0.618734 0.024811
0.041344 0.041842 0.040663 0.036024 0.036698 0.035514 0.059048 0.046284 0.041827 0.044992 0.542718 0.033046
0.043411 0.038680 0.050987 0.038896 0.042419 0.039735 0.075746 0.041593 0.045133 0.066458 0.481296 0.035648
0.040053 0.043699 0.041512 0.039873 0.039136 0.037887 0.054693 0.045083 0.041755 0.053330 0.526637 0.036341
0.041716 0.039177 0.048453 0.039971 0.040061 0.037805 0.088766 0.045339 0.038430 0.051747 0.491971 0.036564
0.039183 0.034946 0.040934 0.036993 0.036779 0.034110 0.133738 0.045693 0.036118 0.053158 0.475448 0.032900
0.047280 0.040772 0.048234 0.038521 0.039332 0.037430 0.094896 0.044789 0.040255 0.045998 0.487168 0.035327
0.047674 0.038228 0.044157 0.040835 0.038791 0.036945 0.081377 0.047042 0.040894 0.045888 0.503737 0.034432
0.040553 0.038791 0.046115 0.036540 0.036772 0.034616 0.063173 0.046985 0.038513 0.051066 0.534927 0.031949
0.049018 0.047029 0.043462 0.041783 0.040206 0.038534 0.078247 0.047985 0.040894 0.050692 0.484575 0.037574
0.041572 0.037848 0.047186 0.038627 0.040568 0.037732 0.090277 0.043563 0.039254 0.065754 0.481370 0.036249
0.041629 0.040616 0.041226 0.041296 0.038664 0.037925 0.080506 0.049441 0.042356 0.050922 0.498945 0.036474
0.038792 0.038695 0.049110 0.042259 0.041065 0.038739 0.055758 0.047703 0.040702 0.057380 0.512823 0.036973
0.039937 0.038234 0.044736 0.037195 0.038762 0.036653 0.095717 0.052093 0.037329 0.049488 0.494757 0.035099
0.041404 0.042852 0.050550 0.039348 0.039297 0.037856 0.091515 0.044184 0.042148 0.048609 0.485981 0.036257
0.063800 0.038024 0.043702 0.041257 0.039332 0.036558 0.111964 0.053748 0.048150 0.045068 0.445592 0.032806
0.042378 0.033448 0.040045 0.031744 0.034845 0.030905 0.060093 0.038881 0.031076 0.041553 0.585817 0.029215
0.034508 0.042599 0.041893 0.035446 0.037779 0.034885 0.068343 0.046566 0.039307 0.052854 0.533177 0.032642
0.041943 0.048687 0.048039 0.039923 0.043047 0.039725 0.051998 0.046532 0.043304 0.063697 0.495637 0.037468
0.047737 0.052269 0.047597 0.042538 0.041017 0.038931 0.067262 0.047910 0.042036 0.049089 0.486320 0.037294
0.070849 0.042923 0.047249 0.042731 0.042720 0.041472 0.093603 0.050252 0.042841 0.054535 0.432385 0.038439
0.043267 0.037309 0.047610 0.041230 0.038794 0.037974 0.099748 0.055839 0.041443 0.048506 0.473398 0.034882
0.042948 0.039517 0.049352 0.040630 0.042807 0.040289 0.092986 0.050651 0.044539 0.050573 0.468070 0.037638
0.045262 0.040294 0.041175 0.041532 0.039824 0.037324 0.074403 0.052413 0.041049 0.052379 0.498440 0.035902
0.036357 0.038824 0.044780 0.036695 0.037943 0.035552 0.089301 0.043115 0.036509 0.052555 0.514041 0.034329
0.051327 0.039550 0.046745 0.039973 0.040458 0.038603 0.055864 0.048497 0.044808 0.055665 0.501497 0.037014
0.039207 0.039343 0.049906 0.043040 0.042384 0.040577 0.059689 0.048908 0.047277 0.053702 0.498974 0.036992
0.039895 0.041106 0.051019 0.043783 0.042864 0.041062 0.061267 0.048587 0.045806 0.051941 0.494537 0.038134
0.040001 0.036165 0.037504 0.033217 0.033735 0.031569 0.071409 0.042421 0.032850 0.041116 0.569056 0.030958
0.041906 0.043151 0.051894 0.043732 0.044203 0.042567 0.085071 0.048170 0.045738 0.052131 0.462079 0.039359
0.042052 0.033724 0.042057 0.036770 0.037510 0.033647 0.061762 0.047318 0.037025 0.046567 0.551010 0.030559
0.033971 0.055153 0.037843 0.034284 0.035930 0.033577 0.048287 0.042917 0.034285 0.041921 0.569123 0.032707
0.051185 0.059983 0.058554 0.049384 0.049085 0.048415 0.068074 0.052429 0.051766 0.063173 0.402824 0.045127
0.054163 0.044691 0.051493 0.037324 0.039095 0.035910 0.096327 0.047006 0.036709 0.060713 0.462882 0.033687
0.049287 0.042982 0.041386 0.035528 0.035375 0.034279 0.102291 0.045510 0.041577 0.040852 0.498408 0.032525
0.032634 0.036491 0.041252 0.033345 0.034789 0.032167 0.096758 0.046640 0.039585 0.047567 0.529493 0.029279
0.035556 0.038328 0.047178 0.037013 0.041254 0.036410 0.082821 0.048158 0.043507 0.049271 0.508029 0.032475
0.039021 0.041376 0.048456 0.039495 0.041408 0.039642 0.048667 0.046391 0.045873 0.047483 0.525898 0.036290
0.054539 0.037967 0.038826 0.036782 0.035370 0.033715 0.068211 0.038851 0.036738 0.042450 0.544714 0.031836
0.046025 0.053609 0.048183 0.043938 0.040108 0.038556 0.076411 0.052896 0.040436 0.050506 0.472338 0.036994
0.031313 0.035617 0.038568 0.032348 0.033475 0.030588 0.106981 0.039645 0.030768 0.049178 0.541387 0.030132
0.043790 0.047671 0.050174 0.041784 0.042420 0.040999 0.057520 0.052464 0.048748 0.057009 0.480084 0.037337
0.043751 0.037732 0.040259 0.030880 0.033030 0.030724 0.065229 0.042407 0.031802 0.043372 0.573192 0.027623
0.058447 0.048142 0.047524 0.043683 0.042497 0.041952 0.056577 0.051928 0.049691 0.054225 0.467247 0.038088
0.052595 0.040030 0.050005 0.038999 0.039853 0.036598 0.063446 0.040689 0.037319 0.048855 0.517447 0.034163
0.033757 0.036954 0.043110 0.037222 0.036787 0.034729 0.077567 0.046505 0.042855 0.046328 0.532136 0.032049
0.038050 0.031062 0.038776 0.032140 0.033357 0.031574 0.064426 0.040773 0.033178 0.043855 0.582564 0.030245
0.041934 0.040452 0.044258 0.038456 0.038997 0.038235 0.050239 0.040817 0.042978 0.048206 0.539336 0.036092
0.051651 0.040004 0.045996 0.037037 0.039828 0.035563 0.069620 0.048278 0.036538 0.055621 0.507438 0.032425
0.038749 0.044787 0.047034 0.040643 0.039630 0.039115 0.079560 0.048039 0.043104 0.053363 0.488116 0.037860
0.062626 0.053701 0.050115 0.039053 0.039224 0.038149 0.094692 0.048712 0.045823 0.052456 0.442576 0.032874
0.041461 0.050814 0.043779 0.036154 0.036928 0.034181 0.096920 0.047169 0.035787 0.047709 0.497673 0.031427
0.041190 0.032713 0.041384 0.032063 0.033673 0.030987 0.061936 0.036614 0.031364 0.048078 0.580481 0.029518
0.040951 0.041632 0.039558 0.037426 0.038424 0.036272 0.054822 0.054357 0.044953 0.048823 0.528916 0.033867
0.040986 0.036408 0.048515 0.036609 0.040008 0.036469 0.060249 0.044461 0.040878 0.051985 0.529995 0.033438
0.039234 0.039124 0.041921 0.036794 0.036341 0.034801 0.108968 0.039885 0.035705 0.046632 0.508238 0.032358
0.036146 0.037336 0.049247 0.037025 0.038387 0.036638 0.085330 0.043908 0.040938 0.053081 0.507996 0.033967
0.057652 0.044945 0.049805 0.038635 0.040943 0.038758 0.093583 0.049410 0.043457 0.049864 0.457783 0.035167
0.041394 0.043240 0.051747 0.041367 0.043786 0.040928 0.090545 0.049018 0.048199 0.061318 0.450302 0.038155
0.049823 0.037091 0.039385 0.040071 0.038608 0.035339 0.068865 0.050169 0.037048 0.049342 0.520550 0.033710
0.044066 0.043440 0.051993 0.044491 0.043877 0.042148 0.059331 0.051216 0.045961 0.059826 0.474354 0.039296
0.042511 0.038479 0.046108 0.038194 0.041010 0.037682 0.078865 0.047977 0.038652 0.059876 0.494215 0.036431
0.041126 0.042043 0.053150 0.043034 0.043974 0.041954 0.077460 0.048327 0.045962 0.059727 0.462401 0.040842
0.060088 0.042200 0.051832 0.044241 0.044444 0.041837 0.091035 0.056444 0.048372 0.053111 0.427953 0.038444
0.046796 0.039398 0.046333 0.039052 0.037941 0.036667 0.055601 0.044252 0.040050 0.049939 0.529687 0.034282
0.039102 0.040378 0.052382 0.038754 0.040874 0.038130 0.051399 0.047504 0.038867 0.053609 0.523096 0.035904
0.042516 0.041179 0.046364 0.043256 0.043304 0.040793 0.053514 0.053010 0.045862 0.053567 0.499222 0.037413
0.048700 0.041165 0.046661 0.038300 0.040824 0.037485 0.057870 0.045627 0.038570 0.048666 0.520277 0.035855
0.042321 0.043867 0.049341 0.044219 0.043151 0.041426 0.090152 0.048234 0.046534 0.051758 0.459265 0.039729
0.045379 0.040348 0.046222 0.040125 0.039901 0.037104 0.085602 0.048421 0.040982 0.052806 0.488814 0.034295
0.045829 0.045266 0.055387 0.046171 0.047018 0.045342 0.078869 0.052529 0.047244 0.055307 0.437932 0.043107
0.049149 0.040428 0.047381 0.042403 0.042339 0.038595 0.098409 0.049736 0.038432 0.049644 0.465908 0.037577
0.046653 0.042966 0.048011 0.044443 0.043843 0.041317 0.097793 0.057290 0.044592 0.048704 0.445313 0.039075
0.039110 0.036229 0.047313 0.036890 0.039477 0.036023 0.060827 0.048959 0.036000 0.048512 0.536692 0.033968
0.042522 0.037123 0.040490 0.035931 0.038250 0.036135 0.037294 0.042297 0.037583 0.043829 0.574215 0.034331
0.045184 0.045351 0.058939 0.046656 0.047496 0.046729 0.085281 0.055753 0.055858 0.059251 0.411150 0.042350
0.042272 0.037591 0.043610 0.036182 0.036842 0.035393 0.109972 0.048923 0.036381 0.043896 0.495100 0.033839
0.043483 0.052082 0.052476 0.046164 0.043324 0.043462 0.095358 0.053898 0.049149 0.055611 0.423429 0.041564
0.050802 0.037901 0.041614 0.035367 0.036648 0.034528 0.069197 0.044119 0.034234 0.048961 0.533681 0.032946
0.043394 0.043130 0.046644 0.041073 0.043448 0.040741 0.062327 0.051605 0.044274 0.054853 0.490618 0.037892
0.045613 0.044400 0.048220 0.043817 0.043661 0.042112 0.087945 0.049279 0.043961 0.051941 0.459098 0.039953
0.058642 0.057520 0.056832 0.048178 0.048768 0.046968 0.074582 0.051698 0.051483 0.059628 0.402733 0.042968
0.039957 0.035962 0.047339 0.040294 0.040422 0.036470 0.110724 0.045337 0.039486 0.047622 0.482258 0.034127
0.041170 0.039224 0.045867 0.040675 0.040478 0.039237 0.073183 0.045591 0.040856 0.057942 0.496693 0.039084
0.045284 0.042993 0.050959 0.044021 0.043998 0.042890 0.078573 0.048821 0.045537 0.060912 0.455873 0.040140
0.038453 0.037025 0.043008 0.037731 0.038401 0.037534 0.081314 0.045042 0.039873 0.050118 0.515306 0.036196
0.049103 0.049242 0.048220 0.046686 0.044603 0.043291 0.060607 0.049255 0.045779 0.059445 0.462726 0.041042
0.053788 0.050063 0.050668 0.043844 0.042501 0.041345 0.060001 0.045712 0.044772 0.050849 0.476457 0.040000
0.058821 0.034551 0.044043 0.034462 0.035738 0.033769 0.098019 0.045098 0.035136 0.044527 0.503565 0.032270
0.047706 0.056753 0.048031 0.043098 0.042492 0.042662 0.074483 0.051664 0.052401 0.047892 0.452818 0.040001
0.038566 0.036915 0.046645 0.039900 0.039100 0.036110 0.062368 0.049054 0.038121 0.051170 0.528531 0.033520
0.059089 0.046322 0.043361 0.039173 0.039944 0.036878 0.046295 0.046565 0.040460 0.048839 0.518042 0.035034
0.050234 0.042642 0.048226 0.041256 0.040458 0.038729 0.046348 0.043671 0.040144 0.048449 0.522524 0.037320
0.049440 0.054814 0.043844 0.039095 0.038101 0.036697 0.071016 0.048182 0.039443 0.044127 0.500231 0.035009
0.047197 0.035461 0.043936 0.036860 0.035761 0.034864 0.110366 0.044886 0.036435 0.042179 0.498511 0.033545
0.034859 0.032692 0.035751 0.037101 0.031773 0.030749 0.123156 0.046519 0.032231 0.034123 0.531315 0.029730
0.054683 0.035942 0.046721 0.037774 0.038469 0.035943 0.082436 0.045889 0.039058 0.046015 0.504081 0.032990
0.041423 0.032449 0.039205 0.034449 0.034595 0.032612 0.056295 0.043930 0.035956 0.042630 0.575909 0.030546
0.034645 0.035061 0.038188 0.031254 0.031194 0.030138 0.064199 0.035706 0.031293 0.039615 0.599518 0.029187
0.038473 0.038384 0.043914 0.037964 0.036890 0.035655 0.088048 0.048869 0.039906 0.047085 0.511946 0.032867
0.030567 0.029398 0.034863 0.029723 0.029294 0.027601 0.080898 0.036445 0.032172 0.034778 0.608853 0.025409
0.041370 0.034766 0.038565 0.034047 0.034409 0.033434 0.045093 0.039239 0.034946 0.039197 0.592320 0.032614
0.043001 0.042008 0.040760 0.035859 0.034089 0.033304 0.080939 0.043043 0.041527 0.046822 0.527381 0.031267
0.055313 0.031088 0.037300 0.031673 0.032302 0.028598 0.103037 0.036496 0.029421 0.047747 0.540387 0.026638
0.059720 0.033656 0.043461 0.037233 0.034366 0.033769 0.091457 0.044511 0.045895 0.042393 0.502468 0.031071
0.041187 0.030576 0.035604 0.033900 0.031677 0.029691 0.075136 0.041627 0.034978 0.044698 0.574118 0.026807
0.041623 0.040362 0.044876 0.038552 0.037751 0.037564 0.087233 0.043327 0.043004 0.047565 0.502882 0.035261
0.046922 0.032144 0.035359 0.030469 0.030654 0.028715 0.064604 0.036081 0.029223 0.038101 0.599688 0.028042
0.049460 0.034342 0.039904 0.035074 0.034476 0.032347 0.086315 0.041213 0.033889 0.050977 0.531140 0.030863
0.045989 0.042798 0.044674 0.037629 0.037887 0.037063 0.093284 0.044815 0.044487 0.044120 0.493875 0.033378
0.028039 0.029583 0.032693 0.031920 0.030369 0.028705 0.069782 0.036045 0.031372 0.038412 0.616183 0.026897
0.036875 0.045949 0.048611 0.037154 0.038814 0.037425 0.048743 0.038792 0.038919 0.054095 0.538940 0.035682
0.039837 0.035789 0.042308 0.035650 0.035707 0.034269 0.095312 0.043071 0.042847 0.054631 0.508044 0.032536
0.037541 0.035778 0.045483 0.040424 0.040350 0.036706 0.099035 0.052413 0.042054 0.050506 0.485836 0.033874
0.041476 0.039374 0.040710 0.034705 0.035568 0.033834 0.048446 0.037594 0.033939 0.045630 0.576255 0.032470
0.037758 0.038333 0.042910 0.038343 0.038287 0.037362 0.062028 0.045590 0.044291 0.049808 0.531617 0.033673
0.055363 0.043367 0.049962 0.043371 0.042667 0.041265 0.081922 0.051975 0.045812 0.052050 0.454267 0.037979
0.052311 0.034066 0.040142 0.032797 0.032919 0.031094 0.092116 0.039634 0.031268 0.041004 0.542096 0.030553
0.052089 0.040688 0.038679 0.038098 0.034527 0.033698 0.097895 0.051082 0.042350 0.040997 0.498851 0.031045
0.039625 0.036216 0.047389 0.035156 0.038127 0.034699 0.061297 0.043491 0.035508 0.057432 0.539059 0.032000
0.042899 0.036589 0.042438 0.036146 0.038563 0.035987 0.051190 0.048106 0.040110 0.041560 0.552957 0.033456
0.050756 0.040450 0.043195 0.040232 0.040142 0.037886 0.045432 0.042775 0.038564 0.049655 0.535540 0.035372
0.045658 0.056314 0.053710 0.045892 0.045768 0.042929 0.087364 0.052534 0.049480 0.056189 0.424988 0.039175
0.041119 0.038235 0.044986 0.038814 0.039446 0.037062 0.059254 0.041223 0.038502 0.050561 0.536002 0.034797
0.034672 0.034362 0.042278 0.034480 0.038073 0.033834 0.061478 0.047528 0.034162 0.052536 0.553275 0.033322
0.046329 0.046884 0.055107 0.043604 0.045398 0.042747 0.060504 0.050216 0.047932 0.067017 0.454303 0.039958
0.042153 0.041936 0.047082 0.040872 0.043570 0.039225 0.072211 0.052805 0.042613 0.064950 0.475599 0.036986
0.054639 0.049785 0.051667 0.041006 0.041980 0.040425 0.080569 0.046452 0.043137 0.054614 0.457701 0.038025
0.050722 0.040423 0.052726 0.039367 0.042206 0.038232 0.079079 0.049642 0.040906 0.067810 0.463485 0.035400
0.038067 0.040235 0.053058 0.041045 0.043146 0.040118 0.106611 0.057582 0.047643 0.062137 0.433381 0.036977
0.052197 0.042276 0.049208 0.045312 0.043425 0.041810 0.050402 0.052539 0.046631 0.050207 0.487655 0.038339
0.046098 0.037524 0.042512 0.034364 0.039209 0.034032 0.072836 0.043143 0.036280 0.055808 0.526393 0.031800
0.049025 0.046503 0.048119 0.042986 0.045014 0.042643 0.067030 0.047213 0.045389 0.060386 0.465049 0.040644
0.050764 0.040164 0.046717 0.039051 0.041866 0.038474 0.073319 0.044452 0.038901 0.057037 0.491913 0.037341
0.050796 0.050716 0.057296 0.048572 0.050258 0.046878 0.080249 0.056923 0.048797 0.066698 0.397872 0.044944
0.049875 0.046679 0.053230 0.044773 0.045066 0.043461 0.096707 0.051621 0.050106 0.053660 0.423675 0.041147
0.045444 0.042314 0.043924 0.036953 0.038377 0.035344 0.080785 0.044432 0.035792 0.053841 0.509603 0.033192
0.045438 0.046063 0.058027 0.048204 0.049157 0.046458 0.047529 0.048793 0.051023 0.056564 0.459639 0.043106
0.047256 0.039193 0.046915 0.039845 0.043748 0.039815 0.057526 0.052307 0.041032 0.051120 0.503815 0.037428
0.048103 0.050346 0.052711 0.046970 0.048151 0.046449 0.059668 0.054654 0.048146 0.058145 0.441997 0.044660
0.048728 0.058143 0.053267 0.044124 0.045177 0.043184 0.071940 0.045753 0.044487 0.054626 0.449948 0.040623
0.054446 0.050969 0.055155 0.046898 0.050329 0.046691 0.084204 0.058047 0.049527 0.060452 0.399487 0.043795
0.053072 0.043854 0.052912 0.042892 0.044325 0.043187 0.089354 0.052263 0.043462 0.054119 0.439613 0.040947
0.050942 0.049663 0.058613 0.050815 0.051552 0.048997 0.090649 0.056946 0.051343 0.068153 0.375745 0.046582
0.052779 0.049572 0.056704 0.046464 0.048006 0.043226 0.086946 0.056808 0.043179 0.066265 0.409382 0.040668
0.039421 0.042881 0.047289 0.041945 0.041929 0.041159 0.056228 0.050141 0.044516 0.056198 0.500164 0.038128
0.042881 0.039896 0.046852 0.037888 0.041472 0.037733 0.051235 0.044042 0.038841 0.059392 0.524348 0.035420
0.054158 0.048631 0.057230 0.051671 0.049566 0.049305 0.068564 0.060243 0.055194 0.069489 0.389603 0.046345
0.057707 0.043970 0.051306 0.043096 0.044517 0.041665 0.085610 0.051753 0.042752 0.058615 0.439952 0.039058
0.054961 0.050646 0.050860 0.049278 0.049480 0.047925 0.084518 0.054028 0.052264 0.064960 0.395512 0.045568
0.055847 0.040303 0.051293 0.040397 0.041414 0.038360 0.099891 0.048523 0.041853 0.054668 0.451662 0.035790
0.040191 0.044243 0.043717 0.037791 0.040146 0.037544 0.056508 0.043199 0.038685 0.058172 0.523021 0.036784
0.056962 0.051668 0.058620 0.047712 0.048746 0.047487 0.063048 0.052494 0.054700 0.060329 0.412944 0.045290
0.039508 0.037927 0.044065 0.040010 0.040229 0.036614 0.091971 0.046295 0.036888 0.048628 0.502919 0.034946
0.045393 0.049168 0.056029 0.048546 0.047544 0.045794 0.083218 0.054751 0.052523 0.064144 0.410530 0.042360
0.042123 0.044206 0.045745 0.038234 0.039612 0.036446 0.069134 0.047579 0.036313 0.045979 0.520233 0.034395
0.048576 0.042383 0.055472 0.043264 0.046665 0.043431 0.070290 0.058071 0.053094 0.063264 0.435229 0.040259
0.038323 0.059793 0.046937 0.039822 0.039042 0.037071 0.067424 0.046511 0.039981 0.047178 0.503052 0.034865
0.044822 0.036535 0.044546 0.036575 0.038345 0.036526 0.048792 0.039024 0.038016 0.049434 0.552158 0.035226
0.052644 0.043798 0.047736 0.042146 0.041944 0.040907 0.096788 0.053029 0.045592 0.049527 0.448264 0.037626
0.040858 0.038608 0.040830 0.035405 0.036661 0.034603 0.057484 0.038357 0.034667 0.048256 0.560167 0.034105
0.050795 0.046955 0.056452 0.049720 0.046706 0.045461 0.096786 0.053924 0.048848 0.052741 0.409785 0.041828
0.038443 0.036964 0.038156 0.031614 0.033293 0.030745 0.063847 0.038804 0.031002 0.043114 0.584332 0.029686
0.052468 0.041729 0.051341 0.042344 0.043478 0.041252 0.079983 0.049106 0.046642 0.050078 0.463457 0.038122
0.045639 0.040389 0.048187 0.040378 0.041664 0.039253 0.064398 0.048464 0.040269 0.050601 0.503511 0.037249
0.042532 0.044478 0.044765 0.039658 0.039304 0.037232 0.080902 0.050372 0.047696 0.046332 0.493265 0.033465
0.042723 0.042863 0.048038 0.044812 0.043278 0.041799 0.055315 0.045073 0.044448 0.052957 0.499706 0.038987
0.034879 0.039048 0.043016 0.035378 0.037550 0.034418 0.086518 0.040256 0.034572 0.058943 0.521510 0.033912
0.054202 0.044976 0.052807 0.045492 0.044720 0.043136 0.075002 0.053961 0.047804 0.052024 0.445044 0.040832
0.045993 0.045543 0.048481 0.041872 0.042446 0.041620 0.081020 0.047292 0.045807 0.055167 0.465824 0.038935
0.050001 0.045245 0.048066 0.043893 0.043214 0.041588 0.075399 0.051671 0.045164 0.050999 0.466437 0.038323
0.044357 0.049241 0.043656 0.037010 0.036718 0.035673 0.060168 0.042718 0.038068 0.046200 0.531648 0.034543
0.036299 0.044803 0.048727 0.036223 0.039873 0.036012 0.101387 0.042031 0.038243 0.056719 0.486057 0.033624
0.046179 0.048036 0.049065 0.042335 0.042671 0.041251 0.070696 0.047794 0.048403 0.053967 0.469740 0.039863
0.043744 0.035966 0.042870 0.038735 0.038696 0.037701 0.075930 0.046826 0.039950 0.051148 0.515009 0.033426
0.045688 0.044072 0.052197 0.044417 0.044509 0.043157 0.062839 0.055564 0.048187 0.054834 0.463694 0.040844
0.048969 0.052009 0.057157 0.049188 0.050214 0.048855 0.061287 0.051274 0.052958 0.066687 0.416466 0.044935
0.062174 0.052612 0.051768 0.048523 0.047818 0.047131 0.067147 0.056147 0.050254 0.062008 0.410351 0.044068
0.057025 0.046977 0.049939 0.044830 0.042465 0.041725 0.072614 0.049159 0.045071 0.058885 0.450676 0.040633
0.052208 0.044223 0.048588 0.045600 0.045292 0.042381 0.108543 0.054348 0.043677 0.063643 0.410753 0.040744
0.041673 0.044413 0.051219 0.039889 0.043186 0.039719 0.046883 0.047385 0.040582 0.058317 0.508559 0.038176
0.056224 0.047473 0.049907 0.044263 0.044670 0.043190 0.050337 0.052216 0.049996 0.053634 0.466920 0.041170
0.049545 0.043531 0.052693 0.044632 0.046149 0.044053 0.071347 0.053835 0.045335 0.056401 0.450310 0.042171
0.056720 0.044747 0.054952 0.045776 0.044826 0.042364 0.070206 0.048471 0.043469 0.056256 0.451625 0.040588
0.049329 0.044537 0.047732 0.041545 0.040562 0.038551 0.076503 0.052141 0.046398 0.053917 0.474983 0.033803
0.040825 0.034895 0.041768 0.035017 0.038626 0.034890 0.041831 0.042300 0.035632 0.049731 0.571976 0.032508
0.060475 0.039938 0.049377 0.042642 0.043248 0.041721 0.053362 0.052080 0.050168 0.056717 0.471235 0.039036
0.039739 0.041170 0.046025 0.038884 0.042154 0.037377 0.102896 0.045989 0.037994 0.054458 0.477654 0.035659
0.059556 0.047203 0.054692 0.047557 0.047498 0.045451 0.089726 0.060048 0.052566 0.057108 0.395432 0.043163
0.054275 0.044600 0.050144 0.045454 0.044427 0.042040 0.088489 0.058508 0.045588 0.053747 0.433897 0.038831
0.054395 0.046024 0.045576 0.035595 0.037818 0.035477 0.078986 0.039077 0.035709 0.049271 0.508089 0.033982
0.046200 0.042597 0.054445 0.043309 0.044253 0.042645 0.073172 0.057681 0.052187 0.054396 0.449884 0.039229
0.049106 0.035284 0.042218 0.035740 0.039092 0.034814 0.068527 0.042753 0.035744 0.058250 0.525754 0.032718
0.053116 0.041612 0.054545 0.042611 0.043918 0.042868 0.059489 0.049952 0.054487 0.060595 0.456875 0.039933
0.037073 0.035208 0.039968 0.033910 0.037012 0.033585 0.088314 0.041026 0.034477 0.044087 0.543625 0.031714
0.048539 0.052874 0.050638 0.046377 0.044111 0.043248 0.051805 0.051575 0.049514 0.059605 0.461518 0.040195
0.040626 0.041616 0.049552 0.041740 0.041297 0.039544 0.078799 0.049524 0.043621 0.050952 0.485573 0.037156
0.035093 0.034740 0.039095 0.035093 0.035994 0.034648 0.080549 0.047030 0.035425 0.046805 0.542217 0.033311
0.054151 0.043270 0.054383 0.044546 0.044922 0.043423 0.106988 0.054016 0.047998 0.054686 0.410133 0.041484
0.033700 0.035526 0.044000 0.039386 0.036663 0.034617 0.087058 0.048385 0.036926 0.046451 0.525958 0.031332
0.048790 0.041916 0.046404 0.039825 0.041884 0.037983 0.060082 0.047224 0.041602 0.051796 0.507942 0.034551
0.057106 0.037377 0.039791 0.035141 0.035244 0.034071 0.050972 0.039445 0.034144 0.040728 0.562059 0.033922
0.055540 0.048012 0.051818 0.044842 0.044464 0.042235 0.089053 0.055783 0.052423 0.061372 0.415691 0.038769
0.039856 0.042030 0.048029 0.039134 0.040838 0.038097 0.072054 0.044104 0.038404 0.057945 0.503255 0.036254
0.036005 0.036424 0.039055 0.033508 0.034899 0.032881 0.062234 0.042558 0.036702 0.044093 0.570281 0.031359
0.050066 0.047233 0.048053 0.040618 0.042924 0.039705 0.071053 0.050922 0.044092 0.056352 0.472794 0.036188
0.049699 0.039195 0.055003 0.038188 0.041492 0.038079 0.072433 0.044653 0.042458 0.055999 0.487486 0.035314
0.061667 0.062762 0.047169 0.043362 0.043478 0.041541 0.068206 0.054305 0.046467 0.047460 0.445703 0.037879
0.050282 0.035704 0.040662 0.033736 0.034880 0.032397 0.073155 0.040859 0.032490 0.043230 0.551407 0.031200
0.045575 0.040031 0.047238 0.040186 0.039550 0.039135 0.101572 0.050091 0.046775 0.051427 0.462742 0.035677
0.047647 0.037012 0.043547 0.037938 0.040416 0.037551 0.047013 0.043894 0.039160 0.057789 0.532709 0.035325
0.037074 0.035202 0.044198 0.038055 0.037733 0.035989 0.073268 0.045344 0.036536 0.045787 0.536323 0.034492
0.061965 0.050207 0.055125 0.047645 0.046831 0.045183 0.077285 0.058081 0.055543 0.070487 0.389502 0.042145
0.051000 0.052565 0.051161 0.041842 0.043431 0.040948 0.071178 0.047004 0.044494 0.060257 0.458608 0.037512
0.040340 0.049359 0.047254 0.040637 0.040292 0.039423 0.067920 0.048249 0.041735 0.045931 0.501697 0.037163
0.042345 0.033609 0.033464 0.029784 0.031626 0.028946 0.061229 0.040414 0.029797 0.045089 0.595651 0.028045
0.045478 0.043971 0.052767 0.045951 0.044715 0.043081 0.081963 0.054422 0.046951 0.055230 0.444452 0.041020
0.041750 0.041185 0.044760 0.038551 0.037762 0.035219 0.051042 0.042145 0.038485 0.049071 0.547015 0.033016
0.045270 0.035708 0.041336 0.036276 0.037978 0.035309 0.059311 0.046596 0.036174 0.044528 0.547341 0.034174
0.050762 0.046076 0.057377 0.048255 0.045996 0.044611 0.076150 0.055258 0.048159 0.055425 0.429227 0.042705
0.050409 0.044214 0.044863 0.036477 0.038735 0.036002 0.078270 0.046259 0.039324 0.050858 0.500916 0.033674
0.045107 0.036905 0.044084 0.037057 0.037386 0.036092 0.065342 0.044400 0.036038 0.041936 0.540600 0.035053
0.044303 0.041373 0.044873 0.038588 0.039955 0.037039 0.095527 0.048011 0.039726 0.048899 0.486380 0.035327
0.042905 0.043458 0.051556 0.041180 0.044243 0.039927 0.085748 0.050055 0.044905 0.057276 0.462594 0.036153
0.051693 0.051451 0.049709 0.044052 0.044879 0.043091 0.061731 0.050098 0.047047 0.050651 0.465502 0.040094
0.039062 0.036096 0.039925 0.037098 0.038838 0.034880 0.102024 0.043921 0.035228 0.051441 0.507969 0.033519
0.044136 0.041986 0.049203 0.043179 0.044100 0.042138 0.110549 0.044702 0.046508 0.060566 0.432600 0.040334
0.038023 0.038095 0.047665 0.040557 0.040169 0.038056 0.072449 0.044102 0.039381 0.056848 0.507952 0.036704
0.039456 0.036215 0.040781 0.036654 0.037445 0.035473 0.090730 0.043994 0.039102 0.045125 0.521356 0.033669
0.042394 0.034941 0.042480 0.034906 0.035201 0.034204 0.091456 0.043016 0.035421 0.048454 0.524520 0.033006
0.038535 0.038985 0.047273 0.039761 0.040538 0.039210 0.102365 0.046727 0.042648 0.044683 0.482083 0.037192
0.042192 0.040771 0.050389 0.041219 0.041666 0.040019 0.088535 0.048627 0.044374 0.050762 0.474245 0.037200
0.037229 0.038575 0.044925 0.040648 0.039149 0.038097 0.095576 0.051020 0.043175 0.046644 0.490879 0.034084
0.042325 0.038270 0.045326 0.040661 0.041443 0.039692 0.076395 0.044392 0.042393 0.054755 0.497160 0.037187
0.046611 0.044003 0.050086 0.044901 0.044311 0.042707 0.053874 0.048777 0.045791 0.064981 0.472490 0.041469
0.050260 0.045531 0.046390 0.043098 0.040433 0.039406 0.050251 0.045118 0.042605 0.055603 0.503554 0.037751
0.050429 0.042022 0.047253 0.046045 0.042678 0.042211 0.072662 0.049870 0.045092 0.057415 0.463568 0.040755
0.049966 0.046825 0.053562 0.047951 0.045253 0.043691 0.076796 0.055638 0.047479 0.056968 0.433667 0.042203
0.043407 0.036924 0.049600 0.040378 0.041063 0.037290 0.092490 0.048039 0.037534 0.054452 0.483264 0.035560
0.048085 0.046104 0.051404 0.042571 0.042986 0.041617 0.104643 0.054673 0.051145 0.051045 0.427301 0.038426
0.039826 0.038912 0.038301 0.032478 0.033865 0.031752 0.042932 0.037032 0.033143 0.041676 0.600199 0.029884
0.040963 0.037956 0.050060 0.038919 0.040131 0.038054 0.048910 0.043180 0.043141 0.056085 0.526522 0.036079
0.043740 0.038731 0.043816 0.037815 0.038116 0.036116 0.094339 0.045202 0.041603 0.049687 0.497490 0.033345
0.041633 0.033676 0.039358 0.031516 0.033478 0.031209 0.065713 0.036873 0.032326 0.045627 0.578214 0.030377
0.051039 0.042329 0.049325 0.042135 0.041819 0.041494 0.057422 0.054733 0.049283 0.056443 0.474126 0.039852
0.044630 0.041122 0.051263 0.045066 0.044403 0.042172 0.106571 0.055791 0.047097 0.058185 0.424953 0.038746
0.055303 0.040017 0.049512 0.037620 0.040932 0.037810 0.101555 0.055587 0.038698 0.054094 0.454076 0.034796
0.045145 0.036972 0.042765 0.038213 0.038197 0.037608 0.100660 0.049772 0.043853 0.048764 0.482408 0.035642
0.038255 0.042772 0.046426 0.036832 0.039306 0.036187 0.075889 0.047103 0.038352 0.048296 0.516474 0.034107
0.053489 0.056097 0.051713 0.046129 0.044973 0.043692 0.067265 0.050164 0.049642 0.056720 0.440150 0.039966
0.039104 0.032770 0.035145 0.032007 0.032986 0.030485 0.089870 0.034811 0.031508 0.042645 0.569614 0.029054
0.041494 0.044347 0.048826 0.041912 0.042276 0.041080 0.092020 0.047713 0.043390 0.056415 0.461738 0.038789
0.047432 0.042884 0.051543 0.042255 0.041990 0.038970 0.063680 0.050613 0.041074 0.058031 0.485108 0.036420
0.058064 0.041084 0.042533 0.042659 0.039851 0.038982 0.061882 0.042178 0.042105 0.053190 0.500398 0.037073
0.040386 0.042767 0.053463 0.041004 0.041935 0.040701 0.079229 0.054503 0.041437 0.056705 0.468318 0.039553
0.055561 0.045189 0.045548 0.042269 0.043199 0.041376 0.073971 0.053158 0.047300 0.061711 0.451745 0.038973
0.045625 0.043465 0.057390 0.043364 0.046611 0.043542 0.062340 0.046978 0.047310 0.066869 0.455410 0.041095
0.039902 0.045097 0.042039 0.041293 0.038905 0.037285 0.073765 0.046581 0.040128 0.043588 0.515487 0.035929
0.040549 0.041248 0.047470 0.039579 0.040804 0.037911 0.101198 0.046009 0.038720 0.058877 0.470777 0.036859
0.052334 0.044992 0.052583 0.043311 0.043022 0.042116 0.076741 0.053481 0.045132 0.049481 0.455868 0.040939
0.041296 0.047843 0.048320 0.040588 0.041625 0.038031 0.075234 0.048057 0.038370 0.054435 0.491201 0.035001
0.049122 0.038989 0.046275 0.039287 0.040560 0.038390 0.067257 0.047267 0.040104 0.046688 0.510560 0.035501
0.044067 0.045878 0.054895 0.042480 0.045598 0.043001 0.090186 0.051759 0.050533 0.058730 0.433819 0.039054
0.046134 0.046361 0.048996 0.044995 0.047970 0.042837 0.066097 0.060775 0.044963 0.065267 0.445516 0.040090
0.043398 0.041952 0.051995 0.042425 0.044092 0.041388 0.075781 0.048904 0.041506 0.066753 0.461065 0.040742
0.048912 0.042877 0.048308 0.046813 0.045620 0.041820 0.115654 0.063301 0.045834 0.064894 0.396016 0.039951
0.037017 0.039554 0.046854 0.038154 0.039198 0.036836 0.084984 0.047163 0.037383 0.053623 0.504242 0.034991
0.056743 0.050150 0.052887 0.046369 0.046280 0.044724 0.060443 0.050964 0.049770 0.057742 0.441793 0.042135
0.035363 0.043751 0.046261 0.037129 0.039533 0.035847 0.079790 0.050494 0.036612 0.049254 0.512484 0.033482
0.040737 0.042999 0.050804 0.041413 0.042758 0.041307 0.095964 0.052556 0.047287 0.051752 0.453091 0.039332
0.040178 0.044439 0.053397 0.043179 0.044122 0.041876 0.072811 0.048023 0.047717 0.055067 0.470976 0.038215
0.035422 0.034305 0.041443 0.032997 0.037469 0.033057 0.049788 0.037230 0.034003 0.047328 0.585914 0.031044
0.049721 0.051740 0.055216 0.044731 0.047069 0.045213 0.050196 0.051122 0.049483 0.060541 0.451956 0.043010
0.046219 0.047657 0.043999 0.039216 0.040053 0.038032 0.060214 0.043471 0.042582 0.048995 0.513476 0.036087
0.048693 0.043715 0.054970 0.045216 0.044633 0.043165 0.092024 0.052251 0.044015 0.060501 0.429048 0.041769
0.037374 0.052485 0.043517 0.043628 0.038349 0.037783 0.100596 0.054809 0.044216 0.043498 0.467915 0.035831
0.050895 0.047160 0.048439 0.043127 0.044932 0.040528 0.079887 0.050747 0.042621 0.053882 0.461041 0.036741
0.041712 0.050871 0.053635 0.042776 0.044787 0.042199 0.060294 0.051676 0.042337 0.052417 0.476734 0.040560
0.047227 0.042135 0.044961 0.039935 0.040493 0.037764 0.064230 0.048520 0.041359 0.051180 0.506137 0.036059
0.039693 0.046815 0.050011 0.041340 0.042672 0.039441 0.079505 0.048672 0.041408 0.050123 0.482351 0.037968
0.033090 0.033104 0.044000 0.035772 0.035050 0.034632 0.082830 0.039046 0.039101 0.043705 0.546799 0.032869
0.040959 0.040465 0.046184 0.041854 0.042358 0.040013 0.087284 0.047108 0.048830 0.049775 0.479266 0.035903
0.050800 0.050899 0.054913 0.046076 0.044991 0.044035 0.048634 0.049532 0.046006 0.054717 0.468240 0.041158
0.037410 0.036531 0.043242 0.038003 0.039520 0.035391 0.065011 0.043346 0.035826 0.051104 0.540533 0.034083
0.054872 0.044197 0.054131 0.044750 0.044649 0.043606 0.076596 0.055419 0.046024 0.058845 0.435619 0.041291
0.050277 0.040642 0.048939 0.036366 0.038724 0.035430 0.093398 0.043890 0.040805 0.049318 0.489456 0.032754
0.055837 0.047734 0.045827 0.042085 0.041854 0.039318 0.062750 0.055581 0.045798 0.048730 0.479219 0.035266
0.042904 0.042204 0.051033 0.042198 0.043659 0.042399 0.066105 0.047712 0.044236 0.053818 0.484126 0.039606
0.042045 0.042217 0.045474 0.035265 0.036242 0.034413 0.109022 0.045039 0.035755 0.054043 0.488461 0.032024
0.043181 0.041553 0.047394 0.042004 0.042747 0.040500 0.083080 0.056661 0.048599 0.055146 0.460198 0.038937
0.043397 0.041826 0.046252 0.041766 0.040162 0.038267 0.089382 0.042808 0.039910 0.048418 0.491734 0.036079
0.037815 0.048754 0.042475 0.034668 0.035652 0.033515 0.072556 0.043801 0.036354 0.048343 0.534847 0.031221
0.040624 0.040533 0.045999 0.042246 0.040759 0.040720 0.041520 0.047484 0.045238 0.046031 0.530110 0.038735
0.047839 0.047381 0.055018 0.045426 0.045972 0.043440 0.066655 0.055273 0.044076 0.060118 0.446728 0.042073
0.053226 0.043874 0.048211 0.043943 0.040953 0.041082 0.110672 0.056825 0.049914 0.050469 0.422128 0.038703
0.034322 0.034048 0.038549 0.033281 0.035660 0.031785 0.066941 0.039495 0.031854 0.046748 0.577145 0.030172
0.046066 0.052540 0.054830 0.045025 0.045483 0.043077 0.053088 0.054510 0.044579 0.061332 0.459392 0.040076
0.056124 0.045727 0.051010 0.040665 0.043424 0.040680 0.051705 0.048464 0.044977 0.055769 0.484409 0.037047
0.040379 0.041100 0.047943 0.042065 0.042133 0.041657 0.099964 0.046909 0.045085 0.051718 0.461859 0.039188
0.043423 0.041368 0.049693 0.041603 0.041754 0.041295 0.077569 0.045108 0.045266 0.053262 0.479613 0.040046
0.037411 0.035654 0.039596 0.033084 0.035198 0.031544 0.089630 0.039540 0.031456 0.052249 0.544086 0.030554
0.045363 0.047403 0.060123 0.045707 0.048478 0.045953 0.060487 0.048683 0.051079 0.062202 0.442431 0.042090
0.046194 0.039258 0.039166 0.037784 0.036100 0.035181 0.060788 0.048061 0.039704 0.042819 0.542438 0.032507
0.052464 0.041828 0.048742 0.041651 0.041463 0.041051 0.103321 0.049383 0.045766 0.047226 0.447977 0.039129
0.042816 0.042146 0.052502 0.043132 0.041842 0.041369 0.118278 0.050432 0.043619 0.059431 0.425016 0.039417
0.044042 0.036367 0.041305 0.034709 0.036410 0.034097 0.111643 0.042727 0.037940 0.054449 0.494285 0.032026
0.038287 0.037270 0.040890 0.036732 0.037991 0.035677 0.054998 0.043630 0.036823 0.042780 0.559943 0.034980
0.047946 0.034474 0.041624 0.034804 0.035462 0.033808 0.047820 0.040242 0.036003 0.056754 0.558258 0.032805
0.050839 0.057471 0.056305 0.047777 0.048026 0.045518 0.067464 0.052888 0.052753 0.054480 0.424551 0.041927
0.036708 0.037499 0.046765 0.038827 0.037809 0.035825 0.058501 0.043629 0.036250 0.048159 0.545765 0.034262
0.042158 0.047181 0.048017 0.042709 0.041462 0.039461 0.089482 0.054340 0.041116 0.051120 0.464873 0.038080
0.045126 0.045836 0.051260 0.042947 0.044837 0.041633 0.089962 0.051475 0.048246 0.061030 0.438481 0.039167
0.042354 0.040869 0.049334 0.039195 0.044253 0.038701 0.089547 0.053526 0.039156 0.063658 0.463429 0.035978
0.040457 0.043584 0.045381 0.039733 0.041236 0.039053 0.060303 0.047162 0.040915 0.049625 0.515687 0.036864
0.052599 0.043562 0.053765 0.043179 0.046395 0.043345 0.069237 0.052989 0.049258 0.063764 0.441014 0.040892
0.071106 0.051895 0.061531 0.053792 0.051068 0.049404 0.093533 0.065013 0.053918 0.064348 0.338549 0.045844
0.054630 0.043686 0.046082 0.040004 0.040864 0.037447 0.099083 0.043191 0.037440 0.055529 0.465820 0.036225
0.050227 0.057654 0.047746 0.042416 0.042731 0.041063 0.066282 0.059741 0.047985 0.057851 0.446871 0.039433
0.047422 0.047840 0.053892 0.044522 0.047755 0.044777 0.058631 0.054926 0.052932 0.057957 0.447880 0.041467
0.047201 0.040724 0.048551 0.040827 0.043503 0.039754 0.054706 0.042999 0.040472 0.060244 0.502551 0.038467
0.054058 0.048338 0.056209 0.051857 0.047644 0.047091 0.061877 0.054228 0.053642 0.055467 0.424777 0.044812
0.043416 0.043166 0.051982 0.043703 0.046894 0.042919 0.099335 0.052727 0.044995 0.056169 0.434364 0.040331
0.048836 0.047704 0.056122 0.045287 0.045783 0.044511 0.073002 0.052212 0.048675 0.056946 0.438694 0.042228
0.046144 0.046082 0.047759 0.040221 0.043235 0.039288 0.066420 0.053489 0.046006 0.054627 0.479825 0.036903
0.051880 0.046285 0.054244 0.045522 0.047606 0.045365 0.063917 0.056886 0.047625 0.069529 0.429422 0.041718
0.049876 0.052667 0.059054 0.050894 0.052956 0.049990 0.071465 0.056343 0.052127 0.062756 0.395293 0.046578
0.050692 0.047912 0.054536 0.047386 0.048824 0.046428 0.072009 0.057053 0.050040 0.064640 0.416887 0.043595
0.049780 0.052371 0.058779 0.047707 0.049251 0.047079 0.062431 0.056748 0.049286 0.063867 0.418547 0.044155
0.052635 0.048215 0.048486 0.046549 0.045240 0.043475 0.066216 0.049850 0.046420 0.062243 0.448859 0.041813
0.046164 0.039475 0.048797 0.040284 0.041205 0.039189 0.063110 0.052715 0.039703 0.048487 0.502704 0.038168
0.053914 0.061808 0.058853 0.052558 0.051238 0.050118 0.060735 0.065993 0.058979 0.064776 0.374890 0.046138
0.053811 0.045650 0.050168 0.042516 0.044575 0.041270 0.067838 0.050920 0.044619 0.054267 0.466293 0.038073
0.052236 0.043931 0.048968 0.043151 0.043132 0.041813 0.070439 0.047115 0.042446 0.050005 0.476179 0.040586
0.048573 0.047993 0.056116 0.043889 0.045797 0.042884 0.068074 0.049134 0.043880 0.065496 0.448276 0.039888
0.042391 0.045804 0.048056 0.040097 0.041873 0.039597 0.053697 0.052580 0.041473 0.050796 0.506592 0.037045
0.043108 0.041778 0.051064 0.042106 0.044630 0.041771 0.052243 0.052133 0.044841 0.059298 0.488100 0.038928
0.044753 0.037146 0.040616 0.036780 0.038595 0.036406 0.081062 0.049520 0.036732 0.049109 0.515153 0.034128
0.048244 0.046986 0.061678 0.048607 0.050764 0.048415 0.062996 0.056491 0.052291 0.073562 0.405348 0.044618
0.051425 0.051760 0.055146 0.046363 0.048338 0.045490 0.101797 0.058493 0.049996 0.061244 0.388431 0.041517
0.049106 0.058888 0.048821 0.043961 0.043913 0.041274 0.069782 0.048943 0.043729 0.058481 0.453634 0.039468
0.063001 0.052004 0.054890 0.047187 0.047058 0.044169 0.078090 0.058200 0.045661 0.061636 0.406010 0.042096
0.039567 0.037533 0.045483 0.036479 0.038639 0.036040 0.068481 0.041252 0.036430 0.055859 0.528861 0.035377
0.063566 0.046064 0.054974 0.046257 0.046645 0.045920 0.062636 0.053038 0.052459 0.058329 0.427614 0.042496
0.041023 0.043020 0.045208 0.038243 0.039813 0.037429 0.059751 0.048714 0.038749 0.050916 0.521590 0.035544
0.062295 0.042839 0.049844 0.041118 0.041342 0.039772 0.088103 0.051054 0.045108 0.056650 0.443804 0.038071
0.045808 0.052094 0.054940 0.046454 0.046632 0.043986 0.057862 0.053832 0.050305 0.061222 0.446673 0.040192
