0.049206 0.048915 0.057969 0.049362 0.050789 0.048847 0.050425 0.081277 0.052127 0.064540 0.399538 0.047006
0.053178 0.054887 0.055215 0.054216 0.053822 0.053536 0.055293 0.069371 0.053075 0.057448 0.388387 0.051572
0.055706 0.054536 0.057331 0.052829 0.054376 0.053581 0.055005 0.091832 0.057588 0.057616 0.357676 0.051924
0.049591 0.050926 0.053278 0.049411 0.049873 0.049887 0.049962 0.072226 0.053173 0.056501 0.416659 0.048512
0.049430 0.049481 0.053146 0.048485 0.049488 0.048276 0.049081 0.089142 0.050834 0.066786 0.398764 0.047086
0.055141 0.050941 0.054429 0.051111 0.051467 0.050467 0.052955 0.082380 0.050880 0.059978 0.390709 0.049541
0.048971 0.050256 0.054725 0.049644 0.050150 0.049152 0.050032 0.078235 0.049289 0.064844 0.406811 0.047891
0.044551 0.044337 0.047787 0.044960 0.045076 0.045133 0.045537 0.072401 0.047533 0.050958 0.467565 0.044160
0.049547 0.047583 0.053290 0.047902 0.048863 0.047441 0.047575 0.073048 0.049855 0.058658 0.430710 0.045528
0.046886 0.047220 0.052709 0.047941 0.048433 0.046974 0.048546 0.081957 0.046867 0.056971 0.430859 0.044637
0.044021 0.044018 0.050719 0.044411 0.046354 0.045153 0.045666 0.058130 0.045156 0.054065 0.478596 0.043710
0.050922 0.051058 0.052795 0.050104 0.049721 0.049212 0.051783 0.083289 0.053722 0.056218 0.402996 0.048180
0.049279 0.048900 0.054460 0.049059 0.048387 0.047050 0.049854 0.087043 0.049841 0.058028 0.412558 0.045540
0.049943 0.050557 0.057157 0.050292 0.052148 0.051036 0.051726 0.080472 0.051071 0.059064 0.397628 0.048906
0.055565 0.053790 0.054948 0.051714 0.051120 0.050932 0.053375 0.092313 0.052689 0.059306 0.375359 0.048890
0.055689 0.053250 0.054397 0.049997 0.050551 0.049857 0.051724 0.077860 0.051142 0.057905 0.399247 0.048382
0.057837 0.055426 0.060130 0.055728 0.056782 0.055770 0.057048 0.089455 0.057900 0.069259 0.329677 0.054988
0.050802 0.051845 0.051385 0.048325 0.048369 0.048945 0.050731 0.086140 0.051325 0.061221 0.403309 0.047604
0.054185 0.053713 0.056309 0.058539 0.055707 0.054234 0.059200 0.092291 0.053922 0.065541 0.344435 0.051923
0.050020 0.050335 0.053232 0.049804 0.051001 0.049214 0.050717 0.090862 0.051395 0.062006 0.393697 0.047717
0.056046 0.047423 0.050368 0.047105 0.047239 0.047099 0.047674 0.068858 0.047181 0.057686 0.436981 0.046340
0.056904 0.058958 0.060929 0.059007 0.058883 0.057588 0.059874 0.088570 0.057339 0.070396 0.316527 0.055024
0.048057 0.048284 0.053148 0.046940 0.048720 0.047683 0.048562 0.071913 0.050858 0.054893 0.435502 0.045440
0.048189 0.048208 0.050898 0.048396 0.048968 0.048567 0.048874 0.070028 0.050911 0.052008 0.437860 0.047092
0.043985 0.043875 0.049412 0.043136 0.044606 0.043924 0.044033 0.076599 0.044364 0.060881 0.462332 0.042853
0.045015 0.044793 0.050550 0.046505 0.047262 0.044871 0.046596 0.072369 0.047936 0.052920 0.456917 0.044265
0.055816 0.062477 0.059631 0.060003 0.057822 0.056784 0.059196 0.077916 0.058654 0.057861 0.338902 0.054940
0.050681 0.047871 0.053829 0.047628 0.049165 0.048411 0.049825 0.078979 0.048508 0.054693 0.423527 0.046883
0.059371 0.047917 0.052579 0.046807 0.047880 0.047469 0.048050 0.068278 0.049472 0.053287 0.433290 0.045600
0.046094 0.046609 0.051577 0.047379 0.048008 0.046657 0.046780 0.094072 0.048562 0.056508 0.422537 0.045216
0.054375 0.055544 0.059063 0.053671 0.054657 0.052659 0.055198 0.085017 0.052636 0.066452 0.360363 0.050365
0.052779 0.050115 0.054563 0.049714 0.050823 0.049878 0.049981 0.077562 0.050079 0.063944 0.402531 0.048032
0.050647 0.049765 0.050586 0.049985 0.048553 0.047614 0.049907 0.082532 0.052686 0.054575 0.416557 0.046591
0.042973 0.046336 0.050172 0.044736 0.046411 0.044779 0.046316 0.065875 0.047805 0.054474 0.467394 0.042728
0.055004 0.053740 0.057538 0.052999 0.051679 0.050650 0.052848 0.081905 0.051803 0.068666 0.374236 0.048932
0.047599 0.050274 0.052490 0.048288 0.049600 0.049227 0.049163 0.071577 0.049603 0.054434 0.430617 0.047128
0.047002 0.048724 0.052701 0.047308 0.048334 0.047672 0.049124 0.082338 0.052272 0.062872 0.414965 0.046688
0.049540 0.049569 0.053753 0.051377 0.050825 0.048957 0.050756 0.097594 0.048887 0.055189 0.396419 0.047135
0.051066 0.048583 0.054944 0.048760 0.050448 0.050027 0.050681 0.084762 0.050408 0.063052 0.399455 0.047814
0.049127 0.047543 0.053517 0.047894 0.048743 0.047351 0.049508 0.090141 0.049761 0.060300 0.410337 0.045778
0.069055 0.049274 0.049695 0.049679 0.048134 0.047501 0.049207 0.076451 0.050080 0.051646 0.413507 0.045769
0.046805 0.048145 0.054025 0.047135 0.049033 0.047021 0.047894 0.081787 0.047167 0.062969 0.423016 0.045003
0.043555 0.041894 0.047168 0.042218 0.042789 0.041814 0.043014 0.080939 0.044990 0.060151 0.470605 0.040864
0.046640 0.046284 0.050176 0.047317 0.047557 0.046681 0.047022 0.068191 0.046740 0.052043 0.455895 0.045455
0.052016 0.054349 0.057430 0.052673 0.054426 0.053241 0.054317 0.076234 0.052760 0.058954 0.383316 0.050283
0.046702 0.043792 0.049402 0.044513 0.044697 0.042684 0.044505 0.076862 0.044789 0.050365 0.470019 0.041670
0.049622 0.049514 0.052295 0.050126 0.049981 0.048849 0.050903 0.084034 0.051255 0.053339 0.413139 0.046946
0.052416 0.054583 0.060580 0.052430 0.054717 0.053353 0.054787 0.089543 0.055587 0.068905 0.352420 0.050679
0.047600 0.048935 0.052686 0.048246 0.048765 0.048165 0.048996 0.094753 0.051819 0.056209 0.406633 0.047192
0.049991 0.055937 0.053058 0.050055 0.050500 0.050419 0.051691 0.088874 0.050530 0.061003 0.388171 0.049771
0.046718 0.050513 0.050657 0.045328 0.045982 0.045301 0.047363 0.090570 0.045090 0.060254 0.428206 0.044019
0.050432 0.050139 0.051135 0.050927 0.049944 0.048785 0.050496 0.087325 0.050753 0.051239 0.411605 0.047220
0.046224 0.047748 0.051927 0.047507 0.049181 0.047384 0.049298 0.080510 0.047501 0.057007 0.430293 0.045419
0.051175 0.051716 0.057311 0.053380 0.053801 0.051456 0.053041 0.097743 0.051274 0.064305 0.365289 0.049509
0.043278 0.043127 0.048201 0.043234 0.044398 0.043242 0.044355 0.071868 0.045725 0.052090 0.478741 0.041743
0.047084 0.046402 0.048963 0.046246 0.045811 0.045281 0.046749 0.072487 0.048116 0.053864 0.454755 0.044242
0.045956 0.045622 0.052904 0.046469 0.047668 0.045717 0.046557 0.091637 0.048406 0.061691 0.423743 0.043631
0.048175 0.046775 0.049925 0.045704 0.046662 0.045755 0.046238 0.055756 0.045915 0.051014 0.473279 0.044800
0.052127 0.053156 0.056521 0.052631 0.053475 0.052898 0.054414 0.071001 0.055935 0.056987 0.389505 0.051352
0.045698 0.046780 0.049371 0.045556 0.046057 0.046669 0.046151 0.104460 0.053556 0.052499 0.417899 0.045304
0.046212 0.046058 0.050721 0.046311 0.047337 0.046712 0.048139 0.086451 0.051306 0.053369 0.432065 0.045320
0.043780 0.044224 0.048197 0.045051 0.045362 0.044529 0.046215 0.093710 0.044044 0.056829 0.445357 0.042701
0.048727 0.050857 0.053881 0.051106 0.050659 0.048506 0.051599 0.104882 0.047605 0.063189 0.383280 0.045710
0.048401 0.048260 0.054263 0.048414 0.049921 0.048652 0.050611 0.078602 0.048950 0.058416 0.419159 0.046350
0.045122 0.045699 0.050701 0.046258 0.046259 0.045782 0.046978 0.086449 0.047876 0.057996 0.436065 0.044817
0.048237 0.051956 0.052530 0.049113 0.049334 0.048785 0.050183 0.074123 0.051477 0.053996 0.423426 0.046842
0.046191 0.046934 0.051857 0.048288 0.048530 0.046411 0.047718 0.088543 0.050860 0.060982 0.419192 0.044495
0.040732 0.039829 0.045352 0.039738 0.040904 0.040080 0.040932 0.072913 0.043194 0.048950 0.508470 0.038905
0.047461 0.045906 0.050504 0.045830 0.046751 0.046738 0.047383 0.075655 0.047013 0.059405 0.442106 0.045248
0.052828 0.052837 0.056631 0.053460 0.054227 0.052663 0.055060 0.105174 0.056520 0.056981 0.353429 0.050190
0.044892 0.045790 0.049888 0.045184 0.046937 0.045480 0.047081 0.083463 0.045596 0.049580 0.452112 0.043998
0.045827 0.043702 0.047322 0.044743 0.045136 0.044044 0.044302 0.079155 0.043585 0.056824 0.462581 0.042777
0.049003 0.049144 0.052201 0.047499 0.047924 0.045956 0.047797 0.084941 0.045938 0.062327 0.423470 0.043799
0.051159 0.052219 0.057298 0.052005 0.053260 0.051122 0.052812 0.080118 0.051212 0.064097 0.385275 0.049421
0.045075 0.063601 0.050155 0.045677 0.045885 0.046056 0.046989 0.075021 0.046301 0.056281 0.434215 0.044744
0.045868 0.060936 0.048740 0.049258 0.046291 0.046131 0.049906 0.068181 0.050094 0.051713 0.439568 0.043313
0.051489 0.048050 0.055309 0.052324 0.051768 0.049363 0.051521 0.089120 0.056147 0.054487 0.394189 0.046232
0.036770 0.042699 0.042335 0.036696 0.038170 0.037076 0.037644 0.077750 0.039829 0.054269 0.521174 0.035587
0.049466 0.049888 0.054105 0.050313 0.051061 0.049387 0.050015 0.087647 0.049185 0.064838 0.396516 0.047581
0.052269 0.053803 0.056727 0.051851 0.053516 0.052207 0.053883 0.075941 0.051984 0.059295 0.389634 0.048888
0.050437 0.050936 0.055792 0.051070 0.052740 0.050589 0.051278 0.085462 0.054278 0.058216 0.390644 0.048556
0.041023 0.041599 0.045161 0.040807 0.042081 0.041730 0.042691 0.084635 0.041936 0.051207 0.486724 0.040406
0.048077 0.046873 0.053524 0.048325 0.048391 0.046959 0.049008 0.098200 0.049165 0.064985 0.400391 0.046103
0.051415 0.051814 0.056854 0.052725 0.053733 0.051743 0.053371 0.074191 0.051798 0.058625 0.393324 0.050407
0.049804 0.051598 0.051358 0.049228 0.048399 0.049448 0.049413 0.082696 0.051884 0.062243 0.406369 0.047561
0.052360 0.044017 0.048396 0.044923 0.045473 0.045114 0.046835 0.086069 0.044601 0.050799 0.447919 0.043494
0.046464 0.046885 0.051819 0.047548 0.048420 0.046823 0.046974 0.083415 0.049298 0.051172 0.435562 0.045620
0.049191 0.049315 0.057128 0.049088 0.051122 0.048662 0.049051 0.083131 0.049001 0.064289 0.403375 0.046648
0.054769 0.055049 0.053187 0.050423 0.049398 0.047709 0.051496 0.074746 0.047553 0.058626 0.411140 0.045903
0.053462 0.059204 0.056599 0.055025 0.052407 0.052165 0.053950 0.073456 0.053370 0.056609 0.384409 0.049345
0.045451 0.045888 0.051212 0.044969 0.046639 0.045677 0.045728 0.069861 0.049819 0.054939 0.455666 0.044151
0.050612 0.051522 0.057892 0.051498 0.051256 0.050066 0.051285 0.090146 0.053233 0.064381 0.379275 0.048834
0.048063 0.050969 0.052228 0.047546 0.047716 0.047508 0.049626 0.077851 0.047248 0.056813 0.428546 0.045885
0.057417 0.057413 0.059702 0.058325 0.057727 0.056415 0.059293 0.073075 0.056143 0.059449 0.350273 0.054768
0.048111 0.049331 0.055290 0.048390 0.050226 0.050264 0.049371 0.091335 0.053073 0.057994 0.399225 0.047390
0.051535 0.052097 0.055643 0.051692 0.052328 0.051597 0.053049 0.092710 0.054326 0.065432 0.369529 0.050063
0.049177 0.048936 0.054334 0.049725 0.049931 0.049232 0.051609 0.104561 0.051371 0.061164 0.382775 0.047185
0.048756 0.048120 0.051646 0.051065 0.049372 0.047584 0.050493 0.087676 0.049196 0.062362 0.407647 0.046084
0.050652 0.054030 0.055720 0.050973 0.052496 0.049305 0.050625 0.066619 0.050737 0.062227 0.409106 0.047510
0.050228 0.050609 0.053519 0.049862 0.051223 0.049097 0.050052 0.077644 0.051086 0.063989 0.405168 0.047523
0.050817 0.051455 0.056154 0.051713 0.053119 0.050943 0.052400 0.079797 0.050973 0.057945 0.394938 0.049746
0.051369 0.054334 0.054955 0.051532 0.052172 0.051865 0.052184 0.062437 0.051845 0.054966 0.411203 0.051138
0.052502 0.050643 0.054647 0.053099 0.051438 0.051149 0.053967 0.087109 0.053648 0.059568 0.382246 0.049984
0.050782 0.050837 0.053293 0.050386 0.051638 0.050703 0.050729 0.097679 0.052633 0.053772 0.388905 0.048642
0.057816 0.053669 0.061832 0.054705 0.056642 0.053376 0.054440 0.076557 0.053305 0.068625 0.357151 0.051881
0.056440 0.058458 0.061519 0.058186 0.058319 0.057313 0.059217 0.093891 0.059894 0.062926 0.318513 0.055324
0.053959 0.054468 0.060006 0.053703 0.055285 0.054600 0.055157 0.086705 0.056745 0.066271 0.350326 0.052775
0.052286 0.052315 0.056257 0.053232 0.052736 0.052724 0.054293 0.106548 0.059439 0.056051 0.352150 0.051969
0.049420 0.052624 0.053139 0.049462 0.049964 0.050351 0.050252 0.072777 0.049738 0.065145 0.407947 0.049180
0.048453 0.049854 0.053977 0.048852 0.049372 0.047932 0.049472 0.105418 0.049955 0.065391 0.384139 0.047184
0.054033 0.054568 0.056067 0.054802 0.054296 0.052667 0.054542 0.067934 0.052347 0.058737 0.388946 0.051060
0.057159 0.057464 0.063090 0.060749 0.059859 0.058667 0.061752 0.092720 0.060411 0.062168 0.310576 0.055385
0.051677 0.052276 0.057722 0.051756 0.053793 0.052528 0.053962 0.094014 0.054711 0.059384 0.367447 0.050730
0.044146 0.044306 0.048313 0.042573 0.043368 0.043249 0.043324 0.073030 0.043554 0.052331 0.479496 0.042311
0.050744 0.051576 0.056705 0.052572 0.052261 0.050676 0.052037 0.093019 0.050525 0.067202 0.373811 0.048872
0.048950 0.050961 0.052313 0.048168 0.048391 0.047549 0.049167 0.086469 0.047258 0.059927 0.415787 0.045059
0.054732 0.045601 0.049903 0.045668 0.046727 0.045623 0.046499 0.062224 0.047326 0.052906 0.458327 0.044465
0.052158 0.052957 0.055883 0.052653 0.053587 0.052753 0.052541 0.063146 0.053014 0.058048 0.401730 0.051529
0.049933 0.047428 0.053172 0.047074 0.048348 0.047403 0.048287 0.078905 0.052757 0.056501 0.424649 0.045543
0.046972 0.050731 0.052832 0.050663 0.048623 0.047830 0.050741 0.086042 0.049588 0.052829 0.417443 0.045705
0.043837 0.045150 0.049929 0.043083 0.044744 0.044567 0.044048 0.083142 0.047069 0.063005 0.449123 0.042301
0.042318 0.042385 0.046211 0.042487 0.043066 0.041855 0.043087 0.087484 0.043938 0.057370 0.468829 0.040972
0.046986 0.048710 0.051300 0.047706 0.048531 0.047047 0.048508 0.077239 0.046435 0.060007 0.432078 0.045453
0.043699 0.045013 0.049183 0.044410 0.045007 0.044814 0.045918 0.088710 0.045120 0.056343 0.448470 0.043313
0.046958 0.046538 0.047866 0.046947 0.046457 0.045647 0.048645 0.080698 0.048885 0.049147 0.448707 0.043505
0.043476 0.043988 0.045685 0.044215 0.043138 0.042670 0.045092 0.069965 0.044095 0.045983 0.491373 0.040321
0.041376 0.040485 0.049595 0.042107 0.044052 0.041196 0.042418 0.085853 0.041618 0.060326 0.471065 0.039910
0.044119 0.044730 0.049012 0.043068 0.043625 0.043464 0.044707 0.078485 0.043984 0.057817 0.464571 0.042417
0.045780 0.046190 0.049302 0.045500 0.045514 0.045938 0.047228 0.092383 0.050469 0.048221 0.438921 0.044554
0.049053 0.051995 0.051612 0.050743 0.049897 0.049302 0.051374 0.082469 0.053255 0.050547 0.412736 0.047016
0.037327 0.038703 0.043941 0.036870 0.038399 0.037856 0.037837 0.092536 0.042282 0.056576 0.501594 0.036079
0.047119 0.043392 0.049050 0.044356 0.044779 0.044309 0.044970 0.069771 0.044920 0.059910 0.464808 0.042614
0.053576 0.051073 0.056408 0.053530 0.054320 0.052136 0.054632 0.085602 0.053940 0.066461 0.368462 0.049860
0.046513 0.048240 0.051317 0.046940 0.047794 0.047973 0.047846 0.081136 0.051684 0.054221 0.430608 0.045727
0.043245 0.043673 0.046675 0.043382 0.043983 0.043741 0.044102 0.064814 0.045945 0.057328 0.480146 0.042967
0.038578 0.038081 0.043730 0.038427 0.038620 0.038688 0.039198 0.086892 0.038360 0.053526 0.508457 0.037445
0.047770 0.047548 0.052052 0.047430 0.048438 0.046072 0.047757 0.066749 0.046225 0.062183 0.443239 0.044537
0.048089 0.048200 0.052646 0.049439 0.049823 0.048944 0.050941 0.084890 0.047755 0.056519 0.415691 0.047064
0.045014 0.045243 0.049311 0.046172 0.045727 0.046340 0.047012 0.076111 0.049427 0.049470 0.455955 0.044217
0.052598 0.053312 0.055212 0.052565 0.053293 0.051655 0.053719 0.069599 0.055379 0.057422 0.394856 0.050391
0.046327 0.043151 0.049984 0.041544 0.043091 0.042494 0.042578 0.090507 0.043523 0.057887 0.458273 0.040642
0.054623 0.047606 0.053209 0.048531 0.047854 0.048136 0.050109 0.078358 0.048575 0.062944 0.413211 0.046845
0.049558 0.047834 0.052467 0.048579 0.049132 0.049601 0.050943 0.086347 0.050929 0.059084 0.408229 0.047297
0.050772 0.046052 0.047966 0.046156 0.046012 0.046115 0.046784 0.085258 0.053172 0.053667 0.432638 0.045408
0.046074 0.045839 0.049433 0.045451 0.046204 0.045902 0.045693 0.079967 0.045950 0.056842 0.447973 0.044672
0.049228 0.047312 0.051936 0.047741 0.048034 0.048072 0.049759 0.090717 0.050935 0.066792 0.403617 0.045857
0.044573 0.045142 0.050608 0.044719 0.046464 0.046035 0.045457 0.084288 0.047711 0.048974 0.452706 0.043324
0.050701 0.050109 0.052004 0.051267 0.050019 0.048436 0.051604 0.078116 0.050255 0.057499 0.412468 0.047522
0.042205 0.043177 0.048953 0.041961 0.043198 0.041958 0.043031 0.075403 0.042362 0.063130 0.474568 0.040054
0.048286 0.048345 0.053148 0.050103 0.050501 0.049474 0.049784 0.076435 0.049334 0.062497 0.415014 0.047078
0.048571 0.049089 0.054442 0.048740 0.050357 0.048796 0.049791 0.092687 0.052789 0.061899 0.396287 0.046552
0.048551 0.048503 0.050684 0.048398 0.049068 0.048205 0.048496 0.067761 0.047955 0.052357 0.444116 0.045906
0.052726 0.052308 0.059257 0.052891 0.055039 0.052850 0.053988 0.092357 0.055284 0.069168 0.353297 0.050833
0.045787 0.046494 0.048934 0.046216 0.046915 0.046182 0.048559 0.088536 0.051275 0.053707 0.432039 0.045357
0.052182 0.051691 0.055721 0.051315 0.052194 0.051470 0.052744 0.077227 0.051639 0.063658 0.390257 0.049903
0.052372 0.051003 0.053165 0.052857 0.051405 0.052170 0.053993 0.112148 0.053288 0.064219 0.353086 0.050294
0.047381 0.049599 0.053274 0.047500 0.048392 0.047992 0.048483 0.071791 0.047096 0.060351 0.432214 0.045926
0.050710 0.051126 0.053405 0.050916 0.051158 0.050103 0.052064 0.078997 0.050245 0.060620 0.401381 0.049276
0.055005 0.055828 0.060009 0.055809 0.056513 0.054825 0.055226 0.094793 0.054499 0.062978 0.341294 0.053222
0.051144 0.050858 0.056501 0.051287 0.052633 0.051615 0.053233 0.079999 0.054755 0.055382 0.393265 0.049327
0.052418 0.050699 0.055081 0.053770 0.051694 0.050567 0.053376 0.084126 0.052078 0.061651 0.385386 0.049156
0.048316 0.048565 0.053200 0.048621 0.048941 0.048228 0.049160 0.095799 0.052753 0.053407 0.406853 0.046156
0.051720 0.047794 0.054536 0.048457 0.050167 0.047861 0.049258 0.071219 0.047989 0.065442 0.419031 0.046527
0.051320 0.051624 0.056749 0.051721 0.052197 0.051166 0.052120 0.083968 0.054229 0.058272 0.386538 0.050095
0.055464 0.055770 0.060658 0.057602 0.059010 0.056852 0.057006 0.078906 0.056330 0.060449 0.346985 0.054970
0.052029 0.059053 0.057890 0.052098 0.054072 0.052684 0.053224 0.084980 0.052942 0.060499 0.369430 0.051100
0.045590 0.045562 0.048223 0.044402 0.044848 0.044662 0.044928 0.068695 0.044938 0.051036 0.472993 0.044124
0.052983 0.054246 0.058335 0.054479 0.055366 0.054144 0.055123 0.106370 0.053254 0.063354 0.341211 0.051137
0.054296 0.056054 0.061840 0.057426 0.055956 0.054313 0.058814 0.100872 0.055675 0.067421 0.325971 0.051363
0.050679 0.049587 0.052655 0.049688 0.050137 0.049101 0.050353 0.074310 0.053289 0.055368 0.417553 0.047280
0.057652 0.057055 0.060962 0.058534 0.058659 0.057405 0.059105 0.088444 0.059252 0.067826 0.319865 0.055240
0.050251 0.052264 0.059261 0.052110 0.054079 0.051193 0.052281 0.089087 0.053057 0.070229 0.366921 0.049266
0.060017 0.057074 0.061429 0.058976 0.059041 0.057072 0.059316 0.072042 0.056695 0.063054 0.340100 0.055183
0.050938 0.051302 0.054797 0.048395 0.049815 0.049277 0.049710 0.070116 0.049548 0.059158 0.418929 0.048013
0.060312 0.055543 0.057342 0.055197 0.053720 0.051626 0.054393 0.085010 0.055461 0.059694 0.361564 0.050139
0.056121 0.054841 0.059507 0.056265 0.056530 0.054573 0.056270 0.075538 0.053571 0.060764 0.364314 0.051706
0.052167 0.051195 0.057887 0.050365 0.052283 0.050886 0.051390 0.096340 0.053646 0.068993 0.365678 0.049170
0.053924 0.055076 0.057946 0.056907 0.056313 0.054620 0.056561 0.088964 0.054334 0.060584 0.352691 0.052079
0.057967 0.050861 0.057741 0.050408 0.052567 0.051359 0.051511 0.074860 0.052740 0.060521 0.390768 0.048696
0.059885 0.056251 0.059415 0.057224 0.056991 0.055242 0.057897 0.089706 0.054947 0.064818 0.334366 0.053258
0.043082 0.045718 0.049276 0.043720 0.043971 0.043153 0.044788 0.080606 0.043419 0.060137 0.460538 0.041591
0.054020 0.054151 0.056298 0.055171 0.054662 0.052482 0.055101 0.067508 0.052134 0.057982 0.389360 0.051131
0.052335 0.052399 0.057283 0.052114 0.053033 0.051064 0.052694 0.089345 0.055020 0.054932 0.381393 0.048388
0.046950 0.046973 0.052279 0.047538 0.047560 0.045287 0.047189 0.070936 0.045670 0.054151 0.451449 0.044018
0.057432 0.055499 0.061675 0.056302 0.057326 0.054142 0.055781 0.075275 0.057209 0.062515 0.354320 0.052524
0.048399 0.054356 0.054765 0.048319 0.049861 0.048930 0.049030 0.066839 0.049360 0.057601 0.425278 0.047263
0.055359 0.055291 0.061129 0.057911 0.056902 0.054269 0.057394 0.071566 0.056206 0.062329 0.359327 0.052317
0.054922 0.053712 0.058240 0.052673 0.054137 0.052259 0.052434 0.076217 0.052587 0.063317 0.378316 0.051186
0.055855 0.056306 0.061796 0.056930 0.057535 0.054684 0.056770 0.082511 0.056855 0.067287 0.340441 0.053030
0.051561 0.051876 0.054100 0.051918 0.052953 0.051845 0.054385 0.074719 0.054192 0.053766 0.398325 0.050361
0.056543 0.054526 0.059580 0.056789 0.055651 0.053807 0.056372 0.099202 0.055886 0.066958 0.332321 0.052366
0.050871 0.050632 0.056861 0.051847 0.052535 0.051197 0.052829 0.091454 0.053905 0.061581 0.376970 0.049317
0.054308 0.055099 0.058789 0.054711 0.055358 0.054160 0.054500 0.081080 0.053799 0.065450 0.360145 0.052601
0.051937 0.049656 0.055076 0.049036 0.050340 0.048344 0.049980 0.080067 0.053219 0.059008 0.406830 0.046506
0.051330 0.052531 0.057222 0.056126 0.054000 0.052421 0.055154 0.079757 0.051926 0.062515 0.375995 0.051023
0.053212 0.056242 0.061248 0.055415 0.055374 0.053971 0.056276 0.085585 0.058081 0.062388 0.351322 0.050883
0.051337 0.051765 0.055786 0.050787 0.052271 0.051173 0.051526 0.066875 0.054147 0.058011 0.406287 0.050036
0.050628 0.047809 0.055888 0.048510 0.049878 0.047915 0.048465 0.077831 0.053144 0.059913 0.412946 0.047075
0.051141 0.051234 0.056292 0.051352 0.052043 0.051643 0.051793 0.083509 0.053854 0.061775 0.385317 0.050048
0.053235 0.054917 0.060293 0.053186 0.055219 0.053191 0.053193 0.071356 0.053293 0.061452 0.379893 0.050770
0.053213 0.052927 0.055531 0.054315 0.054417 0.053247 0.055653 0.091116 0.055188 0.058191 0.364522 0.051681
0.046571 0.047156 0.052357 0.047500 0.049382 0.047198 0.048173 0.075357 0.047223 0.052051 0.441008 0.046025
0.056121 0.055462 0.060213 0.057005 0.056645 0.054687 0.057545 0.087845 0.054671 0.062877 0.344091 0.052837
0.057050 0.056020 0.062634 0.057325 0.057831 0.056406 0.058410 0.113318 0.058131 0.071444 0.297437 0.053995
0.048207 0.054870 0.051468 0.047460 0.048288 0.047872 0.048529 0.074617 0.049736 0.055310 0.426952 0.046691
0.052206 0.051765 0.057916 0.052464 0.053566 0.051781 0.051888 0.078289 0.051847 0.069046 0.378083 0.051150
0.052543 0.052196 0.058037 0.054937 0.053293 0.052444 0.055535 0.088351 0.055629 0.061721 0.364640 0.050674
0.055895 0.057706 0.062677 0.056140 0.058040 0.056220 0.057658 0.074389 0.055994 0.064686 0.346817 0.053778
0.049480 0.049510 0.051980 0.049826 0.049087 0.049153 0.050323 0.089262 0.052459 0.053189 0.408889 0.046842
0.055793 0.053519 0.056754 0.056373 0.055223 0.053512 0.055811 0.073589 0.055926 0.058426 0.372906 0.052170
0.050468 0.053806 0.059110 0.050816 0.052954 0.051043 0.051891 0.099600 0.053733 0.071617 0.356127 0.048835
0.052122 0.050105 0.056776 0.050204 0.050414 0.050109 0.050783 0.070476 0.050493 0.065515 0.403545 0.049458
0.054294 0.053595 0.056618 0.054852 0.054059 0.054809 0.056532 0.073361 0.055074 0.058508 0.375511 0.052787
0.058449 0.056561 0.059503 0.059168 0.058005 0.058034 0.057865 0.088637 0.059625 0.060526 0.328342 0.055285
0.050579 0.051442 0.056286 0.050044 0.051343 0.051158 0.050827 0.078287 0.053299 0.057390 0.400245 0.049102
0.045803 0.043937 0.046860 0.044059 0.044332 0.044312 0.045599 0.078105 0.044463 0.056250 0.462651 0.043628
0.055856 0.056701 0.060052 0.059380 0.057529 0.055149 0.058722 0.096050 0.059513 0.062761 0.324971 0.053316
0.045324 0.046084 0.050746 0.044948 0.046620 0.045783 0.045732 0.063442 0.048709 0.051761 0.466788 0.044062
0.049925 0.050704 0.056506 0.053650 0.051804 0.050454 0.053381 0.092242 0.050289 0.069371 0.372868 0.048805
0.048537 0.054497 0.053441 0.048753 0.049877 0.048414 0.050053 0.077573 0.048316 0.056855 0.417628 0.046057
0.050133 0.049315 0.055790 0.049226 0.051238 0.049810 0.050216 0.071881 0.052781 0.057985 0.413431 0.048193
0.049750 0.050115 0.052109 0.049807 0.050416 0.050113 0.052000 0.077692 0.050082 0.054143 0.414409 0.049364
0.043809 0.049104 0.048917 0.043332 0.043931 0.044371 0.045125 0.074843 0.044675 0.056284 0.462606 0.043002
0.050010 0.054946 0.053435 0.050364 0.050857 0.048351 0.049920 0.094547 0.051785 0.056382 0.393007 0.046397
0.048730 0.047555 0.049191 0.046871 0.046874 0.045625 0.046739 0.075459 0.045247 0.054374 0.449802 0.043532
0.042831 0.050756 0.050238 0.044710 0.045648 0.043979 0.046841 0.089027 0.046359 0.061302 0.436398 0.041911
0.047534 0.047787 0.051778 0.048088 0.048888 0.047847 0.049857 0.089654 0.049955 0.057362 0.414512 0.046740
0.045623 0.047522 0.049806 0.046041 0.046094 0.046261 0.046933 0.066075 0.048542 0.051988 0.460133 0.044981
0.054373 0.047650 0.049876 0.046849 0.047352 0.047402 0.048713 0.077600 0.047454 0.058399 0.428017 0.046316
0.037735 0.037183 0.042140 0.037564 0.037786 0.037301 0.038091 0.082244 0.040083 0.051276 0.521988 0.036611
0.045280 0.046476 0.049986 0.046787 0.046912 0.045851 0.046466 0.071758 0.048272 0.051713 0.456135 0.044363
0.048490 0.068742 0.053502 0.049064 0.050587 0.048866 0.049958 0.080204 0.048491 0.058595 0.397456 0.046043
0.052890 0.067945 0.051202 0.047841 0.047103 0.046193 0.049037 0.081227 0.051469 0.052840 0.408462 0.043790
0.048149 0.045265 0.048850 0.044303 0.045893 0.044559 0.045556 0.067603 0.046671 0.050650 0.468921 0.043580
0.043786 0.045446 0.050578 0.043325 0.044163 0.043924 0.044092 0.087760 0.047074 0.064769 0.442087 0.042996
0.043727 0.044256 0.048858 0.043938 0.044406 0.044416 0.044834 0.094970 0.044091 0.058177 0.445401 0.042925
0.048001 0.054174 0.052184 0.048506 0.048760 0.048720 0.049011 0.076484 0.049043 0.058906 0.418878 0.047332
0.050135 0.048357 0.051591 0.049759 0.049334 0.049072 0.051489 0.080812 0.050805 0.051712 0.419048 0.047887
0.048049 0.047739 0.050685 0.047362 0.048062 0.048490 0.048477 0.080657 0.051108 0.052503 0.430281 0.046586
0.051353 0.050547 0.051264 0.050149 0.049772 0.048171 0.051587 0.107994 0.052893 0.059332 0.380481 0.046458
0.045203 0.044907 0.051352 0.045581 0.047031 0.045440 0.047487 0.095469 0.044550 0.057871 0.432335 0.042776
0.042587 0.042357 0.047638 0.042278 0.043347 0.041996 0.042884 0.074488 0.042127 0.057775 0.481606 0.040917
0.045206 0.046901 0.049993 0.048088 0.046759 0.045525 0.047659 0.079199 0.045545 0.055099 0.445373 0.044653
0.048409 0.047513 0.053194 0.048312 0.049142 0.047947 0.048957 0.088415 0.050436 0.058313 0.413199 0.046165
0.056123 0.049344 0.053159 0.049295 0.049894 0.049684 0.050247 0.062882 0.049843 0.053228 0.427864 0.048436
0.045972 0.045980 0.049666 0.045994 0.046318 0.046600 0.047405 0.055627 0.049620 0.052540 0.468391 0.045888
0.053311 0.052255 0.054647 0.050824 0.051957 0.051175 0.051330 0.094596 0.058677 0.056618 0.375566 0.049044
0.053411 0.052915 0.056572 0.051638 0.052668 0.051032 0.052630 0.093755 0.052942 0.061598 0.371518 0.049322
0.043949 0.044795 0.050728 0.044653 0.045259 0.045267 0.047120 0.103192 0.045104 0.059954 0.427263 0.042714
0.052830 0.054027 0.056854 0.057115 0.054654 0.053290 0.056602 0.089768 0.055339 0.065227 0.352633 0.051661
0.044663 0.045807 0.050857 0.045243 0.046671 0.045372 0.045948 0.095398 0.049430 0.055263 0.431860 0.043488
0.049241 0.048624 0.054006 0.049932 0.049689 0.049029 0.050771 0.072656 0.049155 0.062339 0.416502 0.048056
0.052241 0.052423 0.055451 0.055473 0.053337 0.053212 0.057238 0.091279 0.053055 0.065868 0.359457 0.050965
0.043621 0.042771 0.048752 0.042483 0.043965 0.042675 0.043261 0.079420 0.050124 0.049388 0.471938 0.041602
0.053264 0.053401 0.057252 0.054228 0.055388 0.053245 0.053194 0.068764 0.052803 0.057814 0.389043 0.051604
0.041724 0.043185 0.049022 0.040916 0.042652 0.042593 0.042795 0.083410 0.042514 0.060244 0.470589 0.040357
0.050503 0.052230 0.055145 0.051668 0.052447 0.050476 0.052806 0.098397 0.054585 0.056066 0.377513 0.048164
0.049670 0.048311 0.053632 0.050897 0.050916 0.049054 0.050542 0.074935 0.050500 0.054692 0.420178 0.046673
0.048522 0.045650 0.052012 0.047125 0.046895 0.045226 0.047502 0.088097 0.045292 0.063229 0.426789 0.043662
0.050145 0.050857 0.055029 0.051356 0.051822 0.048970 0.051797 0.074960 0.049005 0.065411 0.404077 0.046571
0.049003 0.049797 0.056985 0.053101 0.052050 0.049924 0.052944 0.074989 0.050131 0.062536 0.400203 0.048337
0.056346 0.056346 0.061726 0.056638 0.057906 0.056302 0.057930 0.077457 0.056640 0.063505 0.344956 0.054246
0.050183 0.048848 0.051656 0.046747 0.047337 0.047843 0.048294 0.078105 0.049934 0.055759 0.428659 0.046638
0.046829 0.042854 0.048598 0.044136 0.044248 0.044059 0.045189 0.094770 0.049951 0.050301 0.446886 0.042179
0.051116 0.053247 0.055588 0.053802 0.052950 0.051924 0.053213 0.080749 0.052242 0.065163 0.380076 0.049932
0.047078 0.046248 0.051873 0.045437 0.046544 0.045411 0.046510 0.095942 0.049348 0.062671 0.419588 0.043349
0.050874 0.050690 0.052306 0.052131 0.052551 0.050849 0.054176 0.065200 0.053782 0.052365 0.415643 0.049435
0.053784 0.051418 0.060134 0.055628 0.054703 0.051979 0.055007 0.087628 0.052051 0.066306 0.360905 0.050458
0.045463 0.046611 0.053036 0.046439 0.047518 0.045600 0.046688 0.066129 0.045951 0.055460 0.456344 0.044761
0.053026 0.052536 0.057822 0.053986 0.054816 0.053585 0.053680 0.077688 0.053168 0.061662 0.376176 0.051856
0.047458 0.047614 0.051860 0.046958 0.047603 0.047347 0.048085 0.090979 0.047616 0.055284 0.423371 0.045826
0.051711 0.051978 0.055688 0.051784 0.052680 0.051077 0.052232 0.075832 0.053443 0.057772 0.395523 0.050281
0.066377 0.049157 0.051965 0.049665 0.048590 0.048548 0.049607 0.087418 0.053511 0.054097 0.394340 0.046726
0.068015 0.048120 0.055200 0.048816 0.050466 0.049361 0.050121 0.083643 0.052466 0.059622 0.388093 0.046077
0.055904 0.053073 0.058087 0.054707 0.055559 0.052447 0.054756 0.093413 0.055873 0.057056 0.359092 0.050033
0.048129 0.047796 0.054503 0.046699 0.048224 0.046448 0.046862 0.075001 0.046773 0.066337 0.428277 0.044949
0.053868 0.052603 0.058822 0.053313 0.054910 0.052179 0.054397 0.091351 0.051841 0.068249 0.358419 0.050049
0.056939 0.054363 0.057483 0.054912 0.053858 0.052524 0.054827 0.067406 0.052063 0.061344 0.383468 0.050812
0.047476 0.047275 0.050287 0.047398 0.047480 0.047184 0.048517 0.068959 0.049615 0.054093 0.445872 0.045844
0.060101 0.058351 0.061953 0.059176 0.060005 0.058032 0.060126 0.071463 0.057620 0.067947 0.329006 0.056220
0.047180 0.048659 0.053956 0.047574 0.049032 0.047512 0.048509 0.093626 0.050011 0.058655 0.409469 0.045817
0.059436 0.060169 0.060056 0.059681 0.059041 0.057819 0.059045 0.072666 0.059237 0.062430 0.334800 0.055620
0.054614 0.054331 0.059848 0.056463 0.055982 0.054990 0.057511 0.094823 0.059543 0.067598 0.331637 0.052659
0.045658 0.046343 0.051192 0.045735 0.046831 0.045784 0.046385 0.082653 0.045960 0.056070 0.442763 0.044625
0.056165 0.060093 0.062238 0.057976 0.059145 0.057115 0.057798 0.073991 0.056669 0.069317 0.334146 0.055348
0.050783 0.053395 0.056714 0.051085 0.052209 0.050876 0.051312 0.097529 0.053511 0.062295 0.371074 0.049217
0.054127 0.051752 0.057856 0.052942 0.053827 0.051627 0.053098 0.072067 0.053352 0.058116 0.390399 0.050836
0.047961 0.054520 0.050443 0.047697 0.048156 0.047979 0.048288 0.069130 0.047925 0.051793 0.438646 0.047462
0.056502 0.056882 0.061021 0.060315 0.058268 0.056744 0.059731 0.107018 0.061034 0.063708 0.303731 0.055046
0.052163 0.054459 0.057657 0.052853 0.054218 0.052984 0.054904 0.091818 0.053483 0.062133 0.362702 0.050626
0.052977 0.056963 0.057816 0.054702 0.053686 0.053736 0.055460 0.086289 0.054926 0.064270 0.356733 0.052441
0.055506 0.052152 0.056306 0.051928 0.053060 0.054165 0.053257 0.083860 0.055248 0.058383 0.375030 0.051106
0.049884 0.049769 0.057038 0.049960 0.051207 0.049876 0.050246 0.076379 0.052499 0.071230 0.392905 0.049007
0.054423 0.049046 0.054368 0.048888 0.049278 0.049455 0.049866 0.072276 0.049083 0.057399 0.417981 0.047937
0.052173 0.054742 0.056291 0.054066 0.054615 0.053073 0.053501 0.080862 0.052641 0.063401 0.373131 0.051503
0.052195 0.053182 0.056263 0.051329 0.051953 0.050019 0.052454 0.080874 0.051549 0.059004 0.394077 0.047100
0.049223 0.048711 0.052280 0.049034 0.050506 0.048248 0.049058 0.062685 0.050472 0.052962 0.440649 0.046173
0.053663 0.057868 0.061921 0.057374 0.057568 0.054507 0.058380 0.100602 0.054364 0.068598 0.322430 0.052726
0.058044 0.053550 0.056587 0.051291 0.051751 0.051713 0.053745 0.075829 0.051968 0.058716 0.387201 0.049607
0.051027 0.050393 0.054214 0.050475 0.051238 0.051117 0.051075 0.073406 0.053230 0.058411 0.405295 0.050120
0.044153 0.043933 0.047744 0.043979 0.044450 0.044361 0.044353 0.097964 0.047065 0.054354 0.443925 0.043718
0.047621 0.047533 0.050489 0.048880 0.047541 0.046528 0.048806 0.091251 0.046164 0.061574 0.418990 0.044625
0.053803 0.053597 0.056799 0.054574 0.056125 0.053496 0.055079 0.076777 0.054684 0.057874 0.376774 0.050419
0.051933 0.053482 0.058546 0.055048 0.054694 0.053984 0.057273 0.089139 0.056230 0.066591 0.351618 0.051461
0.047616 0.048371 0.054328 0.048918 0.049896 0.047882 0.049560 0.078519 0.052875 0.058015 0.417341 0.046680
0.047406 0.047430 0.052698 0.047281 0.048261 0.047445 0.047498 0.070841 0.047543 0.059061 0.437704 0.046833
0.042933 0.048778 0.050943 0.043802 0.043662 0.043647 0.044376 0.073938 0.046361 0.061096 0.458059 0.042405
0.047363 0.049158 0.052000 0.051332 0.049604 0.048083 0.050591 0.085348 0.047632 0.056516 0.415845 0.046528
0.051034 0.050061 0.054418 0.050714 0.051429 0.049357 0.051502 0.088387 0.051132 0.055175 0.398974 0.047817
0.048518 0.047108 0.051295 0.046990 0.047942 0.047955 0.048552 0.064878 0.051084 0.052036 0.447250 0.046393
0.055041 0.050474 0.053062 0.049596 0.050544 0.049244 0.051477 0.102922 0.051538 0.054331 0.385223 0.046548
0.050668 0.047901 0.054544 0.050048 0.049719 0.049096 0.050159 0.082500 0.049988 0.057519 0.412383 0.045475
0.047111 0.048313 0.051654 0.047634 0.047567 0.046212 0.048883 0.087262 0.048135 0.063887 0.419446 0.043897
0.041296 0.041679 0.048058 0.040831 0.042307 0.041111 0.041752 0.074635 0.041541 0.058629 0.488247 0.039914
0.051917 0.051691 0.056538 0.053221 0.053517 0.051587 0.053211 0.073635 0.051120 0.065030 0.388618 0.049915
0.047820 0.058628 0.052986 0.050850 0.050530 0.048740 0.051531 0.084791 0.050660 0.051900 0.404578 0.046987
0.047557 0.051532 0.049663 0.049768 0.047984 0.046391 0.050755 0.071731 0.048857 0.049826 0.441200 0.044735
0.047374 0.047357 0.055388 0.051565 0.050626 0.049188 0.052423 0.083490 0.052052 0.059804 0.404895 0.045836
0.047897 0.050338 0.054340 0.047241 0.049221 0.047376 0.048135 0.094092 0.049558 0.063027 0.403179 0.045598
0.051525 0.052379 0.055388 0.051593 0.051890 0.050640 0.052137 0.081054 0.050790 0.061150 0.391818 0.049637
0.051120 0.050858 0.054952 0.052880 0.052070 0.051178 0.052563 0.087232 0.051235 0.062229 0.383563 0.050121
0.050457 0.049775 0.054449 0.050559 0.051985 0.050085 0.051342 0.084402 0.054853 0.056525 0.397138 0.048431
0.046558 0.047854 0.049333 0.048454 0.047860 0.045827 0.048047 0.070898 0.048123 0.052497 0.450328 0.044220
0.054627 0.053428 0.060743 0.055639 0.055412 0.052375 0.055202 0.080208 0.052682 0.065423 0.363201 0.051059
0.053336 0.053931 0.059269 0.055093 0.056324 0.054059 0.057131 0.079098 0.054238 0.061750 0.363280 0.052492
0.051759 0.050990 0.056573 0.051588 0.052471 0.051137 0.051083 0.082372 0.054817 0.054604 0.393073 0.049531
0.047696 0.050437 0.052564 0.049321 0.049748 0.047660 0.049186 0.092331 0.052697 0.055334 0.407528 0.045495
0.052740 0.051239 0.059375 0.052794 0.052922 0.050980 0.052772 0.092235 0.051297 0.066997 0.367311 0.049337
0.053181 0.052350 0.057429 0.051667 0.052314 0.051543 0.052263 0.070452 0.051951 0.062218 0.394242 0.050391
0.054941 0.054360 0.057456 0.054384 0.055330 0.054315 0.056227 0.075794 0.056095 0.057776 0.370052 0.053270
0.057560 0.056355 0.060642 0.056365 0.056213 0.054707 0.055714 0.091500 0.060069 0.060946 0.337638 0.052292
0.046413 0.046037 0.053770 0.046808 0.048659 0.046460 0.046891 0.087233 0.049983 0.058363 0.425329 0.044053
0.048391 0.046355 0.053065 0.046266 0.048154 0.047005 0.047084 0.083595 0.047354 0.060984 0.426402 0.045344
0.049320 0.046096 0.050861 0.046369 0.046276 0.044984 0.047009 0.074327 0.045218 0.062663 0.442671 0.044207
0.055878 0.056541 0.060438 0.058550 0.059147 0.057121 0.058175 0.085961 0.055790 0.059352 0.338443 0.054603
0.048988 0.049119 0.055033 0.048980 0.050792 0.049994 0.051161 0.072088 0.053175 0.057775 0.415024 0.047871
0.046568 0.046574 0.049491 0.046275 0.046678 0.046569 0.046954 0.101843 0.050776 0.053056 0.419416 0.045800
0.048210 0.048538 0.053632 0.049230 0.050673 0.048267 0.048605 0.074185 0.050682 0.054921 0.426250 0.046807
0.051406 0.051143 0.060536 0.052585 0.054307 0.051223 0.051921 0.086508 0.051471 0.068181 0.370625 0.050094
0.055794 0.057872 0.060607 0.056756 0.057922 0.056419 0.058114 0.088296 0.056049 0.060181 0.337970 0.054020
0.053077 0.051030 0.055954 0.050929 0.052257 0.052280 0.052930 0.083620 0.056727 0.056403 0.384300 0.050492
0.052411 0.050778 0.055853 0.049861 0.050900 0.050120 0.050569 0.091291 0.054549 0.059712 0.384941 0.049016
0.051087 0.051150 0.057916 0.051814 0.052411 0.051337 0.051514 0.101379 0.051658 0.067645 0.361753 0.050336
0.051761 0.049989 0.055099 0.050288 0.051227 0.050575 0.051307 0.094912 0.049899 0.062906 0.383234 0.048805
0.056669 0.057378 0.060070 0.057900 0.058272 0.056942 0.058864 0.079467 0.059033 0.060418 0.340125 0.054862
0.057706 0.050994 0.057091 0.050749 0.052833 0.051222 0.051352 0.090774 0.053332 0.057548 0.376781 0.049618
0.055684 0.057404 0.061829 0.056858 0.057756 0.056278 0.057730 0.098781 0.056006 0.069056 0.318096 0.054520
0.051948 0.049877 0.055295 0.049229 0.050279 0.049192 0.050278 0.092683 0.049564 0.066226 0.387762 0.047667
0.049128 0.049639 0.052353 0.050334 0.050434 0.049458 0.050225 0.070909 0.049448 0.055184 0.423921 0.048968
0.052403 0.053652 0.058236 0.053275 0.054342 0.053531 0.053573 0.093287 0.055388 0.064376 0.356818 0.051119
0.050498 0.050614 0.055770 0.051344 0.052004 0.050196 0.051856 0.067863 0.050391 0.057975 0.412534 0.048956
0.062954 0.059419 0.064721 0.062009 0.062048 0.060612 0.063261 0.078882 0.060300 0.065583 0.301840 0.058373
0.049946 0.050118 0.054442 0.049551 0.051078 0.050169 0.050374 0.084448 0.054889 0.055575 0.400203 0.049208
0.061318 0.057589 0.062559 0.060582 0.058990 0.056768 0.059393 0.087706 0.056429 0.064243 0.319305 0.055117
0.051291 0.051235 0.055946 0.049763 0.051486 0.051153 0.051503 0.096841 0.051533 0.066919 0.373589 0.048739
0.060172 0.055090 0.059245 0.055394 0.054707 0.052970 0.054871 0.089603 0.054726 0.065782 0.346009 0.051430
0.057201 0.055530 0.059322 0.057556 0.056940 0.056070 0.058801 0.079480 0.055180 0.060416 0.351094 0.052410
0.055227 0.056233 0.062527 0.055550 0.057474 0.055256 0.055544 0.093819 0.057001 0.072061 0.326331 0.052978
0.051440 0.053774 0.055947 0.052742 0.054678 0.051452 0.054304 0.096843 0.053954 0.056726 0.368682 0.049459
0.050723 0.050445 0.053794 0.050347 0.051375 0.050666 0.051060 0.086956 0.050682 0.065786 0.388630 0.049536
0.054417 0.054582 0.058982 0.055505 0.056603 0.054741 0.056149 0.084577 0.054259 0.059874 0.357285 0.053026
0.048071 0.048104 0.051743 0.047769 0.048578 0.048030 0.048236 0.070971 0.048060 0.057620 0.435184 0.047634
0.058367 0.056509 0.059171 0.056597 0.056625 0.055024 0.056702 0.069584 0.054756 0.061756 0.361081 0.053828
0.064507 0.062300 0.066707 0.064445 0.064274 0.063261 0.065764 0.080270 0.062394 0.067472 0.278578 0.060028
0.052759 0.052060 0.058026 0.052141 0.053900 0.052073 0.052687 0.086832 0.056971 0.060023 0.371644 0.050884
0.057817 0.060340 0.061081 0.059636 0.058977 0.057876 0.058874 0.073411 0.060613 0.063567 0.331554 0.056253
0.058543 0.058878 0.064575 0.057794 0.059738 0.057832 0.058201 0.104444 0.058014 0.073584 0.292487 0.055910
0.054766 0.054478 0.061194 0.054304 0.055848 0.054301 0.054826 0.083552 0.057090 0.065974 0.350683 0.052984
0.054027 0.054895 0.058623 0.054565 0.055020 0.054289 0.054603 0.078420 0.054284 0.063106 0.364722 0.053445
0.058265 0.056262 0.061199 0.056242 0.057207 0.055897 0.056976 0.087434 0.058071 0.067109 0.331682 0.053656
