0.038014 0.034913 0.048995 0.042733 0.042445 0.036687 0.037589 0.063810 0.036041 0.043479 0.535320 0.039975
0.033416 0.032754 0.045221 0.034888 0.038194 0.038843 0.031420 0.059410 0.030334 0.040871 0.586674 0.027975
0.035101 0.033638 0.044341 0.034513 0.037016 0.037545 0.036031 0.048410 0.031025 0.040709 0.586071 0.035601
0.042878 0.036292 0.050485 0.040574 0.044367 0.045561 0.039320 0.071137 0.038805 0.045533 0.511607 0.033442
0.028249 0.033277 0.044337 0.034279 0.037169 0.032822 0.031730 0.061587 0.029087 0.039968 0.600346 0.027150
0.035940 0.033308 0.047159 0.043246 0.041861 0.043113 0.036670 0.066900 0.034643 0.041075 0.545830 0.030255
0.047688 0.045288 0.049877 0.041919 0.039960 0.049171 0.036173 0.065062 0.038056 0.043282 0.511082 0.032443
0.044045 0.037382 0.045805 0.037502 0.039243 0.043905 0.033844 0.049545 0.033081 0.037528 0.569406 0.028713
0.035826 0.037182 0.049336 0.047966 0.040083 0.042052 0.035230 0.040732 0.034335 0.041958 0.565024 0.030277
0.042312 0.038042 0.053602 0.045417 0.044655 0.049419 0.039701 0.059262 0.039754 0.045223 0.507699 0.034915
0.039554 0.036407 0.051636 0.040414 0.043515 0.040606 0.040934 0.067474 0.037211 0.050880 0.512310 0.039059
0.037089 0.036213 0.048525 0.038246 0.039808 0.042879 0.035840 0.061613 0.035344 0.046441 0.545363 0.032640
0.027839 0.030341 0.040739 0.033604 0.037294 0.031238 0.032453 0.058280 0.028174 0.038355 0.614525 0.027158
0.036123 0.038847 0.052445 0.039935 0.044140 0.047152 0.046055 0.067359 0.038407 0.045419 0.510208 0.033911
0.040957 0.035226 0.052145 0.041749 0.039728 0.044335 0.043643 0.076015 0.036943 0.042315 0.514142 0.032804
0.038280 0.035073 0.042556 0.037530 0.040559 0.041980 0.036143 0.067425 0.031880 0.036586 0.561543 0.030444
0.034295 0.042661 0.056063 0.039991 0.045276 0.046244 0.044955 0.059833 0.038528 0.045074 0.514205 0.032875
0.033965 0.036283 0.042641 0.033838 0.038074 0.035771 0.030774 0.047746 0.029311 0.037662 0.605112 0.028824
0.034842 0.038646 0.050220 0.036363 0.037677 0.034071 0.037232 0.039511 0.034559 0.043133 0.581412 0.032333
0.039966 0.037626 0.048326 0.039656 0.041215 0.037490 0.037726 0.053164 0.035826 0.043926 0.551171 0.033907
0.037715 0.036773 0.045656 0.036829 0.037747 0.043401 0.035897 0.063925 0.034487 0.043242 0.551444 0.032884
0.038576 0.042062 0.048495 0.043795 0.045685 0.040463 0.040287 0.055870 0.039420 0.046333 0.521552 0.037463
0.034802 0.034408 0.042194 0.039137 0.039641 0.043688 0.034037 0.062328 0.031472 0.041432 0.567491 0.029370
0.053757 0.034646 0.047689 0.035766 0.039168 0.041934 0.037377 0.061637 0.032416 0.042834 0.537545 0.035232
0.036562 0.034542 0.047114 0.036634 0.040555 0.034916 0.034695 0.044883 0.033017 0.041414 0.584704 0.030965
0.056682 0.031080 0.049283 0.036221 0.040848 0.036172 0.034009 0.046546 0.031427 0.042725 0.565296 0.029711
0.035623 0.034797 0.050359 0.036195 0.041992 0.042517 0.038150 0.048316 0.033396 0.046719 0.559976 0.031962
0.033120 0.034410 0.045435 0.036347 0.039265 0.041267 0.037153 0.050444 0.033305 0.047265 0.570560 0.031430
0.032504 0.037653 0.046002 0.036271 0.040042 0.037194 0.037620 0.044847 0.033221 0.045809 0.577697 0.031139
0.032159 0.037571 0.051473 0.038651 0.040770 0.037814 0.037568 0.063839 0.032877 0.042798 0.554260 0.030221
0.038800 0.038033 0.048895 0.035391 0.038560 0.044068 0.037505 0.050940 0.032749 0.045180 0.558692 0.031187
0.052130 0.032816 0.040695 0.035136 0.039293 0.038310 0.033445 0.058261 0.033590 0.038009 0.568786 0.029531
0.041935 0.032508 0.045092 0.043986 0.036147 0.045632 0.034455 0.067883 0.031549 0.038926 0.553366 0.028521
0.046774 0.033699 0.051158 0.043156 0.044985 0.048830 0.038684 0.068324 0.039068 0.043557 0.509304 0.032461
0.035395 0.033160 0.045590 0.040287 0.038924 0.043059 0.033478 0.059108 0.030940 0.041224 0.570863 0.027974
0.038329 0.035698 0.044659 0.044536 0.039517 0.047315 0.034086 0.069436 0.031961 0.038717 0.546576 0.029170
0.043653 0.037361 0.048780 0.052226 0.045536 0.048055 0.035138 0.065866 0.037829 0.041392 0.512995 0.031169
0.038212 0.037577 0.056219 0.042027 0.046104 0.040286 0.039847 0.055133 0.037009 0.047642 0.527630 0.032313
0.031534 0.034876 0.048807 0.037644 0.041879 0.038086 0.037511 0.044868 0.033299 0.043815 0.577697 0.029983
0.033508 0.034874 0.046192 0.037744 0.038436 0.042787 0.036546 0.056240 0.033199 0.040139 0.569181 0.031154
0.033926 0.036251 0.055941 0.040885 0.042269 0.045609 0.044566 0.068947 0.042394 0.044993 0.511711 0.032508
0.032058 0.034091 0.046642 0.036628 0.039939 0.042802 0.038030 0.065167 0.033473 0.047492 0.552292 0.031387
0.041166 0.030183 0.040888 0.037329 0.036235 0.040989 0.033225 0.063240 0.030370 0.037484 0.579881 0.029009
0.068612 0.040501 0.045725 0.039643 0.038750 0.038787 0.034295 0.068401 0.038444 0.036425 0.521794 0.028623
0.067602 0.037037 0.049777 0.035034 0.038218 0.038132 0.039322 0.055357 0.034082 0.041621 0.532880 0.030939
0.043311 0.034873 0.045457 0.041244 0.043722 0.035925 0.036164 0.051409 0.034081 0.042282 0.560103 0.031428
0.034845 0.034681 0.046782 0.036054 0.038418 0.036670 0.036203 0.057954 0.032233 0.040361 0.574731 0.031068
0.031549 0.082554 0.042657 0.037545 0.033511 0.036235 0.028571 0.043419 0.027846 0.036443 0.573064 0.026605
0.046319 0.035106 0.049310 0.037074 0.041721 0.037311 0.035608 0.038458 0.038372 0.045131 0.562910 0.032681
0.034049 0.034462 0.044907 0.033973 0.037256 0.031865 0.032453 0.046560 0.030883 0.041867 0.604865 0.026858
0.035346 0.037887 0.049968 0.042193 0.039351 0.038896 0.039250 0.063679 0.035367 0.041437 0.538084 0.038541
0.047847 0.037387 0.052484 0.042149 0.043567 0.043870 0.041352 0.068712 0.040542 0.047944 0.499736 0.034410
0.025836 0.052641 0.036883 0.041894 0.033154 0.041763 0.027100 0.055924 0.025844 0.035227 0.599834 0.023900
0.037559 0.055348 0.044092 0.037989 0.039682 0.046569 0.033647 0.049728 0.033684 0.037939 0.553799 0.029966
0.029887 0.032264 0.043523 0.036399 0.039681 0.041233 0.035589 0.064793 0.031538 0.040663 0.575995 0.028434
0.037488 0.038364 0.051330 0.036882 0.039754 0.039419 0.040770 0.049138 0.036520 0.042356 0.556497 0.031483
0.042730 0.038556 0.043825 0.042689 0.044439 0.036330 0.037522 0.046669 0.034644 0.042426 0.556585 0.033584
0.035295 0.042081 0.047397 0.044359 0.040964 0.038551 0.034466 0.061911 0.032154 0.041046 0.550825 0.030950
0.034711 0.036509 0.050738 0.039404 0.041500 0.046121 0.039112 0.070201 0.034648 0.047216 0.526466 0.033375
0.027756 0.034588 0.036368 0.036347 0.034164 0.048050 0.028829 0.051139 0.028889 0.034384 0.613436 0.026049
0.041836 0.046403 0.054900 0.042099 0.044921 0.040696 0.042860 0.048132 0.047812 0.047696 0.509021 0.033624
0.030040 0.042020 0.047560 0.035095 0.040282 0.040696 0.035255 0.061904 0.031288 0.042109 0.565407 0.028345
0.044895 0.052571 0.048867 0.037974 0.038543 0.042048 0.036574 0.057790 0.035173 0.042814 0.523928 0.038823
0.032502 0.044526 0.047028 0.036950 0.039499 0.038327 0.034200 0.060176 0.032997 0.044030 0.559038 0.030727
0.028107 0.028717 0.040234 0.028270 0.031784 0.035240 0.029625 0.044622 0.025833 0.034505 0.648713 0.024349
0.050680 0.034223 0.044192 0.043582 0.041839 0.047447 0.035257 0.042828 0.033976 0.042305 0.553012 0.030660
0.047185 0.038924 0.048069 0.040823 0.041226 0.047026 0.035262 0.063772 0.037114 0.039776 0.528719 0.032104
0.033192 0.049751 0.052187 0.051956 0.043351 0.056312 0.043731 0.058325 0.042793 0.043762 0.486875 0.037766
0.038946 0.037283 0.047614 0.044395 0.043905 0.049296 0.036750 0.069367 0.039798 0.044013 0.515077 0.033554
0.033517 0.030835 0.047398 0.033532 0.039894 0.037494 0.030988 0.057102 0.029092 0.043263 0.590913 0.025971
0.042232 0.030620 0.046681 0.037757 0.040530 0.041909 0.034684 0.072649 0.032710 0.041425 0.547869 0.030934
0.029116 0.029108 0.045185 0.032358 0.035748 0.038440 0.033511 0.054470 0.029695 0.039710 0.604010 0.028650
0.069852 0.033344 0.042120 0.035375 0.038069 0.035220 0.035750 0.040796 0.032619 0.039292 0.568111 0.029451
0.113674 0.047335 0.052375 0.042021 0.042853 0.042354 0.038325 0.061002 0.036119 0.044051 0.448808 0.031082
0.094147 0.044109 0.044456 0.036857 0.038369 0.041110 0.032728 0.068203 0.032851 0.038050 0.500512 0.028607
0.030518 0.034299 0.053467 0.037530 0.041827 0.043369 0.041561 0.066311 0.042559 0.046755 0.531464 0.030341
0.029511 0.043225 0.041826 0.035785 0.038411 0.039176 0.033135 0.057246 0.029818 0.037246 0.587500 0.027121
0.032385 0.069766 0.047033 0.041887 0.039977 0.040916 0.034938 0.037689 0.031531 0.044032 0.549905 0.029940
0.050727 0.047176 0.053025 0.041435 0.046787 0.040702 0.039358 0.045193 0.040719 0.047106 0.512613 0.035159
0.035102 0.028486 0.043501 0.028314 0.032743 0.033937 0.031195 0.034467 0.029012 0.039118 0.637448 0.026678
0.051013 0.041442 0.056092 0.042348 0.043332 0.040634 0.043294 0.059957 0.041968 0.048641 0.488291 0.042987
0.037561 0.048066 0.049557 0.044761 0.038316 0.043640 0.034044 0.067984 0.036417 0.043400 0.525540 0.030713
0.032784 0.048127 0.047147 0.053863 0.040188 0.048784 0.036553 0.065350 0.036100 0.043150 0.511144 0.036809
0.032701 0.038156 0.048343 0.040048 0.042973 0.043498 0.035066 0.070706 0.038527 0.041965 0.537263 0.030754
0.043829 0.032916 0.040799 0.029249 0.032009 0.035155 0.029099 0.047459 0.028614 0.036143 0.620412 0.024316
0.048835 0.037249 0.050258 0.036411 0.041509 0.037776 0.042569 0.037699 0.044182 0.045359 0.543949 0.034204
0.034793 0.036345 0.052455 0.039811 0.044879 0.038278 0.040585 0.055275 0.035893 0.044139 0.543510 0.034035
0.039601 0.033243 0.049535 0.048178 0.042346 0.045060 0.038363 0.071915 0.034924 0.041433 0.517317 0.038085
0.038895 0.035567 0.047319 0.038040 0.038322 0.042857 0.034596 0.052413 0.035794 0.040279 0.557726 0.038191
0.028888 0.033102 0.043918 0.030626 0.037594 0.030427 0.037444 0.033266 0.034069 0.041282 0.622550 0.026834
0.043389 0.037333 0.052683 0.037884 0.041905 0.037299 0.044588 0.048062 0.043845 0.045887 0.534158 0.032965
0.058573 0.041730 0.049675 0.043162 0.039906 0.045512 0.038963 0.055401 0.035195 0.044985 0.514125 0.032773
0.074119 0.048747 0.046484 0.042625 0.043274 0.042034 0.038862 0.058511 0.038725 0.045615 0.479460 0.041545
0.024441 0.025778 0.039800 0.030043 0.032513 0.034422 0.027332 0.053109 0.026554 0.036548 0.646286 0.023173
0.029363 0.030392 0.039425 0.029418 0.034055 0.030235 0.032768 0.030734 0.030119 0.037205 0.648782 0.027502
0.037675 0.038219 0.056952 0.044526 0.049064 0.040197 0.044239 0.046839 0.046512 0.051837 0.507498 0.036442
0.079221 0.040963 0.045774 0.037703 0.039302 0.038214 0.035135 0.051230 0.032679 0.040245 0.527358 0.032176
0.035552 0.040104 0.047199 0.039748 0.039639 0.038615 0.036611 0.072199 0.035671 0.044529 0.530796 0.039338
0.027245 0.028694 0.039209 0.033525 0.036006 0.034341 0.029875 0.068395 0.028632 0.036581 0.611333 0.026165
0.044431 0.028201 0.043236 0.032847 0.035289 0.038507 0.034298 0.049040 0.032224 0.040809 0.594499 0.026618
0.038233 0.040441 0.051778 0.039106 0.043988 0.037547 0.038610 0.051869 0.035903 0.041156 0.547472 0.033897
0.038420 0.037992 0.043339 0.043473 0.036141 0.048148 0.033501 0.078236 0.031080 0.041064 0.539790 0.028815
0.038939 0.087997 0.049912 0.042805 0.041271 0.046033 0.036814 0.069796 0.038787 0.043370 0.471248 0.033029
0.029522 0.028886 0.044244 0.032970 0.038490 0.041419 0.030780 0.051188 0.030737 0.041115 0.603286 0.027362
0.050791 0.033543 0.045018 0.036916 0.042518 0.034103 0.035216 0.051845 0.032904 0.042645 0.563354 0.031147
0.041009 0.037346 0.045867 0.036949 0.040956 0.038901 0.036511 0.061112 0.032715 0.041615 0.555614 0.031407
0.037782 0.046240 0.053253 0.039245 0.041500 0.041360 0.040742 0.066306 0.037995 0.048590 0.505270 0.041716
0.032973 0.035792 0.047573 0.038454 0.042076 0.037107 0.035975 0.058202 0.034474 0.044684 0.561111 0.031578
0.045159 0.027034 0.038722 0.032030 0.035723 0.035080 0.029869 0.056871 0.027444 0.035099 0.610568 0.026401
0.048842 0.039901 0.052308 0.039095 0.040347 0.042990 0.042062 0.064174 0.036624 0.042402 0.518755 0.032498
0.033966 0.033294 0.045322 0.035994 0.040665 0.037375 0.038151 0.060797 0.034114 0.038644 0.570091 0.031587
0.031447 0.031519 0.048061 0.040995 0.040058 0.043656 0.037126 0.075182 0.032786 0.044683 0.544050 0.030436
0.030715 0.044921 0.042016 0.043576 0.039663 0.042867 0.036334 0.065159 0.031782 0.037080 0.555170 0.030714
0.028523 0.031004 0.047018 0.031298 0.035228 0.030471 0.034222 0.033774 0.029578 0.039463 0.631998 0.027421
0.047153 0.038497 0.050335 0.042595 0.041931 0.037955 0.037666 0.046033 0.035933 0.045723 0.542466 0.033714
0.039970 0.036694 0.047733 0.040166 0.042161 0.049429 0.036936 0.049894 0.035234 0.045145 0.543701 0.032937
0.040448 0.046380 0.046992 0.044706 0.040415 0.041021 0.037991 0.067204 0.036962 0.043754 0.513471 0.040656
0.037809 0.055376 0.044095 0.035653 0.037599 0.033204 0.031283 0.048856 0.030012 0.039720 0.578859 0.027534
0.056067 0.042001 0.041100 0.039594 0.034016 0.048155 0.031665 0.053877 0.029067 0.036456 0.563476 0.024526
0.038957 0.034146 0.051149 0.040621 0.041074 0.045566 0.038637 0.070995 0.037865 0.046902 0.523127 0.030960
0.053015 0.029788 0.041003 0.034428 0.035564 0.040576 0.032846 0.066803 0.031420 0.038284 0.568711 0.027562
0.033701 0.036220 0.044846 0.038370 0.042137 0.037123 0.038745 0.063033 0.034526 0.042733 0.556270 0.032295
0.037601 0.038977 0.042295 0.040346 0.036932 0.036059 0.033363 0.044843 0.030181 0.035972 0.595896 0.027536
0.040777 0.044500 0.054130 0.042280 0.047279 0.048052 0.040988 0.062446 0.041343 0.046039 0.497013 0.035151
0.029338 0.040098 0.044213 0.033680 0.036610 0.040512 0.032483 0.057133 0.030558 0.039215 0.588164 0.027998
0.040613 0.037141 0.047316 0.039389 0.044676 0.042623 0.042878 0.058587 0.037474 0.041417 0.534428 0.033457
0.046948 0.035542 0.051709 0.041936 0.040942 0.058765 0.037694 0.068998 0.041987 0.045224 0.499200 0.031054
0.043317 0.047340 0.048868 0.041872 0.038503 0.052367 0.034363 0.066238 0.035869 0.044057 0.517583 0.029622
0.053012 0.041301 0.045898 0.038250 0.039031 0.044103 0.035017 0.064886 0.033904 0.041335 0.533098 0.030163
0.030991 0.032994 0.040307 0.031756 0.033348 0.035369 0.029752 0.040605 0.028780 0.039357 0.630397 0.026345
0.052644 0.040228 0.052644 0.037717 0.044118 0.036771 0.038927 0.038796 0.037843 0.043271 0.542525 0.034515
0.035940 0.037855 0.052221 0.041459 0.041235 0.038099 0.037965 0.044594 0.036255 0.045563 0.554851 0.033964
0.039603 0.039542 0.048143 0.041847 0.042320 0.038397 0.039143 0.055388 0.036258 0.043067 0.543287 0.033006
0.052906 0.046437 0.048929 0.043742 0.044469 0.042553 0.039759 0.061210 0.038962 0.045313 0.493721 0.041999
0.028797 0.029881 0.042404 0.031181 0.032558 0.035008 0.027618 0.054062 0.035231 0.039167 0.619299 0.024793
0.043337 0.039403 0.048925 0.040052 0.043711 0.039475 0.042247 0.042012 0.041387 0.043244 0.541656 0.034551
0.040024 0.042591 0.051915 0.047366 0.044666 0.049875 0.039307 0.053005 0.035964 0.050809 0.510969 0.033511
0.069265 0.064129 0.052507 0.043457 0.044172 0.045061 0.041368 0.063545 0.040518 0.048008 0.449018 0.038952
0.031712 0.039535 0.045969 0.034703 0.036552 0.037693 0.032486 0.043676 0.032264 0.043217 0.592822 0.029371
0.029720 0.037608 0.042308 0.046786 0.038972 0.033527 0.033047 0.033658 0.032744 0.043322 0.598834 0.029474
0.045320 0.044859 0.063048 0.048769 0.051823 0.045000 0.047088 0.047190 0.046929 0.051424 0.468349 0.040201
0.045962 0.041478 0.048684 0.041505 0.041779 0.054088 0.039797 0.067683 0.036604 0.045427 0.499120 0.037873
0.060070 0.043195 0.051669 0.043555 0.043761 0.047875 0.040706 0.071959 0.041303 0.046474 0.465685 0.043748
0.028240 0.033925 0.038910 0.031206 0.037612 0.038316 0.030187 0.054305 0.029018 0.039253 0.612901 0.026127
0.043355 0.035106 0.047749 0.035891 0.040292 0.037748 0.037556 0.047422 0.035570 0.047275 0.560790 0.031247
0.043276 0.034980 0.047117 0.055277 0.041119 0.035638 0.035379 0.053223 0.035505 0.042405 0.543537 0.032544
0.068104 0.036259 0.049368 0.046875 0.042944 0.045083 0.036927 0.060543 0.037016 0.044429 0.499475 0.032977
0.055332 0.040076 0.056687 0.046529 0.047106 0.054882 0.044404 0.058949 0.050028 0.054179 0.455683 0.036144
0.029702 0.035255 0.036079 0.037131 0.034379 0.043153 0.029552 0.049677 0.030521 0.036934 0.610985 0.026631
0.042317 0.060153 0.058080 0.048420 0.044449 0.053212 0.043025 0.047853 0.045472 0.052126 0.469745 0.035147
0.051653 0.040426 0.050689 0.040264 0.045012 0.047045 0.039250 0.062407 0.039976 0.052218 0.497606 0.033454
0.036648 0.036859 0.050504 0.036478 0.039555 0.036528 0.038464 0.056964 0.035719 0.047672 0.546751 0.037858
0.034504 0.040706 0.044468 0.037716 0.042720 0.035734 0.035773 0.050683 0.035115 0.043530 0.565424 0.033627
0.031358 0.050891 0.047241 0.034493 0.037673 0.033130 0.033387 0.040101 0.037484 0.042590 0.583860 0.027792
0.056629 0.043519 0.057290 0.041726 0.046181 0.041461 0.045337 0.055197 0.047504 0.047445 0.479996 0.037716
0.034108 0.033284 0.043013 0.037541 0.040061 0.038537 0.033522 0.063828 0.032529 0.039878 0.573052 0.030646
0.057465 0.035601 0.048913 0.037866 0.038057 0.038620 0.037128 0.062100 0.040122 0.042476 0.525080 0.036572
0.042403 0.034238 0.049558 0.034202 0.039136 0.038520 0.036395 0.048338 0.037082 0.045701 0.563050 0.031377
0.034239 0.048308 0.039528 0.032035 0.034851 0.029021 0.028642 0.033076 0.027698 0.035633 0.631568 0.025401
0.042132 0.045291 0.054084 0.043242 0.046019 0.040273 0.042672 0.055669 0.040127 0.047208 0.507314 0.035970
0.028849 0.072661 0.045921 0.034631 0.035680 0.039504 0.033935 0.056975 0.030477 0.040383 0.553642 0.027342
0.033843 0.048737 0.045370 0.034555 0.037706 0.035138 0.034906 0.035618 0.035132 0.043176 0.578809 0.037011
0.037170 0.032684 0.046632 0.037952 0.042251 0.035253 0.035269 0.044966 0.033874 0.045212 0.577667 0.031072
0.054099 0.032254 0.044180 0.036057 0.038398 0.036167 0.033958 0.054611 0.031466 0.039491 0.563643 0.035677
0.038167 0.037910 0.050922 0.039957 0.041912 0.046679 0.037984 0.066889 0.036576 0.046429 0.516400 0.040175
0.036905 0.045735 0.038226 0.036661 0.033364 0.032721 0.027982 0.042141 0.027424 0.035576 0.618713 0.024552
0.042887 0.054144 0.049924 0.039269 0.041876 0.038106 0.038876 0.048687 0.040246 0.041186 0.534624 0.030175
0.034254 0.033793 0.049877 0.037606 0.040443 0.043562 0.036097 0.062052 0.032284 0.043912 0.556715 0.029404
0.040414 0.033327 0.047717 0.043891 0.036791 0.043553 0.032854 0.070674 0.032497 0.040525 0.548847 0.028910
0.052418 0.048138 0.047660 0.041473 0.044690 0.047308 0.037915 0.070127 0.039160 0.044970 0.491706 0.034435
0.031739 0.036092 0.046754 0.033623 0.037345 0.037577 0.033693 0.048118 0.030389 0.043137 0.593509 0.028023
0.044817 0.034690 0.047587 0.040580 0.044206 0.037716 0.039987 0.051255 0.034844 0.042490 0.548656 0.033172
0.043254 0.035341 0.044730 0.036483 0.040429 0.041097 0.034166 0.057011 0.031723 0.040062 0.565197 0.030507
0.044517 0.043391 0.058176 0.043763 0.042500 0.050799 0.041939 0.073830 0.040917 0.049681 0.470419 0.040067
0.042769 0.037785 0.049052 0.041073 0.044353 0.046227 0.038032 0.060668 0.036963 0.044672 0.524769 0.033638
0.030851 0.029730 0.043229 0.031033 0.037264 0.030433 0.032379 0.042911 0.027590 0.040703 0.629076 0.024802
0.045740 0.044799 0.055482 0.039002 0.041993 0.039062 0.040376 0.045936 0.038000 0.045680 0.529983 0.033949
0.039749 0.042926 0.044728 0.033983 0.037269 0.037249 0.033701 0.042387 0.032945 0.040972 0.583211 0.030879
0.034765 0.035911 0.047382 0.054069 0.038975 0.036964 0.037780 0.052693 0.036021 0.045401 0.548159 0.031879
0.038901 0.046813 0.050403 0.040609 0.044867 0.044920 0.039749 0.062030 0.037173 0.041575 0.519385 0.033574
0.030773 0.030725 0.044474 0.033390 0.036383 0.038526 0.034748 0.052759 0.031100 0.043046 0.595449 0.028627
0.043657 0.038139 0.051580 0.043624 0.044683 0.039105 0.040664 0.067642 0.039891 0.045279 0.510865 0.034870
0.034916 0.034068 0.044258 0.034556 0.034685 0.037172 0.033372 0.060605 0.030023 0.039894 0.587751 0.028700
0.053263 0.037264 0.044778 0.040571 0.040421 0.041824 0.036794 0.070464 0.035750 0.045529 0.513518 0.039822
0.031519 0.032097 0.044813 0.037223 0.040339 0.040960 0.034238 0.071008 0.032176 0.039921 0.565007 0.030700
0.035410 0.027877 0.036914 0.030929 0.034836 0.028631 0.026752 0.054172 0.025559 0.035207 0.638688 0.025024
0.039526 0.045460 0.055512 0.048082 0.045634 0.046726 0.043046 0.045709 0.043151 0.045885 0.506786 0.034483
0.048233 0.042078 0.053763 0.042157 0.046903 0.046095 0.041238 0.050603 0.041414 0.048435 0.503947 0.035135
0.051428 0.034094 0.046232 0.040774 0.039461 0.035396 0.035294 0.070228 0.032606 0.038517 0.545400 0.030570
0.036152 0.035251 0.044781 0.036726 0.040923 0.042749 0.035017 0.049065 0.034788 0.044070 0.568199 0.032277
0.025921 0.027749 0.043077 0.030529 0.033279 0.040028 0.031521 0.041015 0.027256 0.040072 0.633846 0.025705
0.039450 0.036570 0.049781 0.037006 0.042876 0.037883 0.039607 0.046332 0.035663 0.043021 0.558349 0.033461
0.032218 0.037558 0.049019 0.036656 0.040640 0.042512 0.037639 0.057216 0.033222 0.045334 0.556619 0.031366
0.038957 0.046787 0.043859 0.039327 0.036584 0.040552 0.034051 0.068021 0.033119 0.039434 0.547629 0.031680
0.033258 0.042846 0.051339 0.039549 0.041974 0.046489 0.037836 0.065051 0.037852 0.045384 0.526055 0.032366
0.029720 0.034752 0.039937 0.036036 0.038147 0.038341 0.033945 0.053063 0.029942 0.037436 0.601113 0.027567
0.037429 0.036448 0.046203 0.037586 0.040987 0.044291 0.037351 0.046340 0.032816 0.041603 0.567913 0.031031
0.033427 0.038911 0.049266 0.044069 0.043124 0.048461 0.035978 0.050324 0.033342 0.042791 0.549790 0.030519
0.048121 0.036604 0.042777 0.047887 0.035550 0.049283 0.030754 0.039109 0.033609 0.040979 0.567252 0.028075
0.065560 0.044454 0.044998 0.052070 0.039924 0.036425 0.034903 0.050591 0.037165 0.041908 0.521910 0.030092
0.060173 0.038431 0.051481 0.038782 0.040859 0.042707 0.037395 0.061709 0.034925 0.045454 0.517577 0.030507
0.081419 0.046895 0.045910 0.035502 0.038694 0.035021 0.034583 0.066272 0.032104 0.040582 0.513598 0.029420
0.031105 0.038770 0.046102 0.036487 0.037794 0.042513 0.033672 0.063404 0.032923 0.041436 0.564942 0.030852
0.042883 0.031392 0.038204 0.034330 0.037224 0.038570 0.030904 0.067789 0.028391 0.037940 0.585549 0.026824
0.033347 0.030815 0.045601 0.036869 0.040794 0.035573 0.036017 0.068160 0.031752 0.041055 0.569247 0.030771
0.042109 0.056441 0.046808 0.039800 0.041191 0.044615 0.036263 0.056693 0.039240 0.041893 0.523508 0.031439
0.099958 0.039857 0.044673 0.038888 0.040759 0.042119 0.034988 0.061315 0.041608 0.041717 0.483389 0.030730
0.079565 0.040571 0.054353 0.040433 0.044013 0.042755 0.041062 0.060216 0.038858 0.044205 0.482017 0.031952
0.035644 0.047797 0.048949 0.038153 0.037585 0.048371 0.033841 0.048382 0.031360 0.042970 0.560051 0.026897
0.043453 0.044428 0.049580 0.037010 0.039004 0.044698 0.035637 0.052493 0.034791 0.043936 0.544297 0.030673
0.044303 0.031070 0.046346 0.035211 0.037550 0.032131 0.032755 0.039778 0.031887 0.042776 0.597114 0.029078
0.037068 0.033030 0.048513 0.035673 0.037858 0.034052 0.034332 0.039225 0.033639 0.042893 0.592352 0.031364
0.035117 0.036772 0.049140 0.039686 0.040736 0.039454 0.040264 0.057376 0.038528 0.044767 0.538226 0.039933
0.044721 0.039681 0.049779 0.041925 0.041678 0.046666 0.040460 0.074392 0.040175 0.045197 0.495094 0.040231
0.042607 0.034415 0.049801 0.039157 0.041867 0.043688 0.037236 0.072298 0.036744 0.045139 0.524981 0.032068
0.029790 0.028871 0.038034 0.032041 0.034935 0.037399 0.030267 0.056287 0.029451 0.036648 0.619472 0.026804
0.052462 0.039093 0.049705 0.035963 0.042704 0.037194 0.037918 0.053429 0.035581 0.046686 0.538684 0.030581
0.032933 0.038430 0.043567 0.032303 0.036965 0.041025 0.031694 0.046829 0.030267 0.039442 0.597678 0.028866
0.033867 0.039821 0.043599 0.033154 0.038356 0.033412 0.035727 0.034719 0.032897 0.040179 0.602965 0.031305
0.035749 0.037240 0.049466 0.037686 0.043944 0.038756 0.040541 0.043338 0.036429 0.041447 0.561876 0.033529
0.049036 0.031464 0.044983 0.034616 0.039263 0.040394 0.033597 0.060535 0.032067 0.041262 0.556023 0.036760
0.037598 0.040417 0.050550 0.045291 0.043527 0.040487 0.039091 0.055113 0.038806 0.047407 0.519308 0.042407
0.026409 0.028501 0.039492 0.049579 0.033711 0.036609 0.027622 0.050318 0.027596 0.039117 0.616635 0.024411
0.033555 0.065838 0.046359 0.044009 0.038992 0.037561 0.037127 0.073052 0.035255 0.039877 0.512084 0.036290
0.033678 0.038663 0.049626 0.040715 0.041227 0.043106 0.035673 0.071986 0.036053 0.045803 0.532235 0.031236
0.039704 0.027316 0.040343 0.034313 0.034858 0.038375 0.030063 0.068448 0.032889 0.039045 0.589322 0.025323
0.032980 0.032211 0.048496 0.038585 0.040339 0.037533 0.037385 0.054114 0.033334 0.044724 0.568701 0.031597
0.041268 0.038930 0.050964 0.037774 0.043756 0.041160 0.036324 0.051346 0.033827 0.046948 0.545721 0.031981
0.055358 0.037027 0.048606 0.037788 0.038705 0.037962 0.034944 0.058038 0.032970 0.044016 0.542926 0.031660
0.053087 0.033053 0.040719 0.041657 0.037496 0.042875 0.031670 0.049480 0.031395 0.038362 0.571434 0.028770
0.048082 0.044603 0.052718 0.043249 0.046595 0.050535 0.044353 0.057937 0.045422 0.047012 0.484359 0.035135
0.031267 0.042339 0.053407 0.040735 0.044684 0.043659 0.040749 0.058286 0.040235 0.045287 0.529052 0.030299
0.042277 0.043326 0.045243 0.036035 0.037086 0.041740 0.032725 0.067243 0.033013 0.040098 0.550751 0.030464
0.040508 0.042750 0.046497 0.037179 0.039096 0.039796 0.035664 0.052294 0.033447 0.043563 0.557844 0.031361
0.040809 0.032455 0.041432 0.034886 0.037018 0.036572 0.032044 0.045311 0.030986 0.039927 0.600029 0.028530
0.035610 0.033243 0.047647 0.033521 0.038126 0.034001 0.034435 0.041849 0.032849 0.041690 0.595860 0.031168
0.033297 0.039083 0.045771 0.040313 0.041862 0.036661 0.038637 0.047347 0.034947 0.042197 0.566961 0.032923
0.082854 0.052534 0.051156 0.041445 0.042013 0.051943 0.042902 0.056321 0.039502 0.046142 0.460081 0.033107
0.050626 0.047525 0.047401 0.042516 0.042658 0.046144 0.037220 0.073501 0.038497 0.043754 0.495501 0.034659
0.027856 0.030694 0.040304 0.039221 0.038337 0.043937 0.031085 0.065447 0.027633 0.037590 0.593119 0.024777
0.032790 0.033344 0.047658 0.037285 0.040158 0.042155 0.036241 0.064855 0.034897 0.043373 0.556441 0.030802
0.031936 0.030984 0.046907 0.031358 0.038664 0.039102 0.035481 0.044149 0.031108 0.043877 0.597609 0.028825
0.042120 0.048179 0.049559 0.041727 0.043165 0.039153 0.037812 0.042679 0.037775 0.044976 0.538896 0.033959
0.044560 0.055261 0.049992 0.043034 0.043268 0.041819 0.036871 0.057289 0.038110 0.042403 0.514012 0.033382
0.033345 0.046656 0.047815 0.043131 0.036939 0.053690 0.036771 0.060999 0.032916 0.040525 0.537657 0.029556
0.048228 0.045604 0.056222 0.042986 0.045697 0.047966 0.038391 0.058322 0.043653 0.049126 0.488010 0.035797
0.034193 0.028139 0.041958 0.034727 0.036312 0.039474 0.029990 0.056608 0.028387 0.040317 0.604960 0.024935
0.053711 0.034971 0.052349 0.043271 0.041224 0.044800 0.041569 0.063306 0.035453 0.044424 0.513116 0.031806
0.047876 0.038075 0.047511 0.039942 0.042649 0.040157 0.039129 0.055359 0.036918 0.041224 0.539170 0.031990
0.034236 0.043821 0.046923 0.031854 0.036549 0.037273 0.031851 0.041312 0.030692 0.039943 0.597360 0.028185
0.038709 0.044512 0.054544 0.040566 0.042589 0.038712 0.041939 0.057844 0.040424 0.049199 0.515677 0.035286
0.030004 0.031435 0.040932 0.034315 0.038811 0.038759 0.035101 0.045217 0.031593 0.043341 0.600536 0.029956
0.052758 0.047389 0.057917 0.043027 0.046083 0.041677 0.044496 0.053504 0.047098 0.053634 0.468535 0.043882
0.034894 0.040094 0.047406 0.041682 0.045603 0.046668 0.035629 0.061671 0.034983 0.047075 0.531566 0.032729
0.033959 0.039498 0.041733 0.032949 0.036089 0.036416 0.031958 0.046574 0.030892 0.039112 0.595692 0.035129
0.043831 0.040694 0.053650 0.041652 0.047739 0.041597 0.042060 0.045953 0.040897 0.048682 0.516444 0.036802
0.033789 0.028806 0.045437 0.032489 0.036366 0.035754 0.031382 0.050425 0.028380 0.035970 0.614521 0.026680
0.038732 0.038972 0.054620 0.044411 0.047027 0.042102 0.044859 0.052742 0.040005 0.049638 0.503793 0.043099
0.034859 0.039352 0.046155 0.038475 0.041139 0.045623 0.035736 0.050537 0.034263 0.042808 0.558664 0.032391
0.031366 0.042818 0.045761 0.034130 0.038075 0.035164 0.034550 0.045988 0.031188 0.044097 0.580815 0.036047
0.036777 0.035169 0.048298 0.040173 0.040116 0.036084 0.036056 0.047395 0.035457 0.043410 0.567727 0.033340
0.030475 0.076828 0.041409 0.035146 0.034254 0.040247 0.031054 0.049701 0.026840 0.040585 0.568439 0.025023
0.047447 0.060850 0.047570 0.047608 0.039251 0.056240 0.037879 0.065838 0.034991 0.040946 0.483091 0.038288
0.045491 0.036884 0.047761 0.039292 0.043204 0.044391 0.035916 0.060203 0.037225 0.044613 0.533022 0.031998
0.031614 0.040226 0.048735 0.035670 0.042440 0.040030 0.034854 0.048790 0.031419 0.045664 0.572366 0.028192
0.033278 0.039742 0.047178 0.037110 0.039251 0.036408 0.036271 0.040307 0.033271 0.041204 0.584877 0.031102
0.034239 0.038079 0.050442 0.041128 0.041953 0.046296 0.038361 0.059939 0.034497 0.048176 0.533943 0.032949
0.037793 0.034680 0.047239 0.037197 0.038018 0.040967 0.036364 0.063428 0.032051 0.039750 0.562096 0.030417
0.029878 0.040425 0.039514 0.037389 0.041736 0.040492 0.037538 0.056848 0.033295 0.040740 0.572128 0.030016
0.037056 0.043766 0.049987 0.038996 0.041012 0.043456 0.039117 0.067910 0.037594 0.043538 0.525676 0.031894
0.046092 0.035613 0.050036 0.036648 0.043476 0.041155 0.039970 0.059888 0.040922 0.045432 0.529183 0.031584
0.039919 0.032855 0.047128 0.036731 0.041015 0.041953 0.035526 0.066656 0.032160 0.043377 0.551935 0.030745
0.055478 0.045959 0.040734 0.033978 0.034402 0.037737 0.030992 0.048439 0.030196 0.037416 0.576579 0.028090
0.054121 0.035626 0.043932 0.033879 0.037143 0.044146 0.035180 0.048044 0.033205 0.040281 0.563911 0.030531
0.033942 0.032069 0.046381 0.034436 0.036246 0.031716 0.033932 0.035854 0.031600 0.041632 0.613528 0.028663
0.043197 0.042907 0.045014 0.041013 0.041479 0.043089 0.037938 0.050378 0.035020 0.042568 0.545858 0.031539
0.048247 0.053472 0.050169 0.046631 0.040567 0.046354 0.037704 0.059535 0.037499 0.042996 0.497924 0.038901
0.039328 0.040849 0.052887 0.044754 0.041841 0.045623 0.037640 0.076734 0.039487 0.046440 0.494355 0.040063
0.028924 0.030244 0.044803 0.031530 0.035756 0.030166 0.031062 0.048471 0.029827 0.040620 0.622976 0.025621
0.032623 0.035992 0.039056 0.033654 0.037154 0.040776 0.034334 0.048003 0.030351 0.036408 0.603652 0.027996
0.041754 0.056468 0.052138 0.039508 0.042638 0.039453 0.038374 0.061190 0.036976 0.043187 0.515330 0.032984
0.055478 0.033249 0.043569 0.037890 0.039707 0.041416 0.033174 0.061016 0.031713 0.037809 0.554418 0.030559
0.032234 0.033334 0.045433 0.034374 0.040220 0.040679 0.036029 0.042497 0.032261 0.044070 0.588714 0.030153
0.047185 0.036604 0.045668 0.053233 0.040023 0.048627 0.038206 0.055430 0.039589 0.041628 0.524221 0.029586
0.060818 0.045510 0.053984 0.040042 0.038676 0.041060 0.037839 0.041158 0.040689 0.041466 0.528445 0.030312
0.057257 0.045082 0.050290 0.039167 0.042405 0.038953 0.039869 0.044046 0.037664 0.048518 0.524182 0.032568
0.032496 0.052547 0.049373 0.035423 0.038384 0.037805 0.034382 0.053326 0.032712 0.041722 0.562317 0.029515
0.032610 0.037142 0.047006 0.037053 0.038056 0.038736 0.037185 0.052054 0.035350 0.041721 0.565314 0.037773
0.031922 0.036632 0.043249 0.040165 0.037422 0.045681 0.032915 0.040032 0.033109 0.042461 0.586939 0.029474
0.048913 0.052609 0.047162 0.040112 0.041005 0.037187 0.034901 0.039175 0.036802 0.040453 0.550795 0.030887
0.050470 0.052119 0.049343 0.042344 0.043985 0.043572 0.039798 0.052584 0.037761 0.046564 0.501238 0.040222
0.047533 0.040812 0.050563 0.042390 0.041303 0.051938 0.043019 0.062698 0.038379 0.046088 0.497097 0.038180
0.048081 0.049131 0.051026 0.047473 0.040479 0.055566 0.038281 0.060426 0.040177 0.045585 0.492272 0.031503
0.034093 0.036381 0.050131 0.038569 0.042333 0.045847 0.037817 0.057381 0.036497 0.051487 0.540033 0.029432
0.036748 0.039618 0.050271 0.038275 0.043239 0.045619 0.040198 0.062435 0.036173 0.048039 0.527131 0.032254
0.046557 0.038187 0.042025 0.032311 0.031935 0.038857 0.029607 0.045363 0.029070 0.036312 0.602477 0.027299
0.053392 0.046101 0.053091 0.040424 0.043989 0.041390 0.041326 0.047164 0.043615 0.048311 0.505185 0.036012
0.039731 0.045791 0.055168 0.042477 0.045386 0.041193 0.043902 0.050214 0.040734 0.050134 0.510112 0.035158
0.034274 0.049438 0.046095 0.040582 0.040293 0.040404 0.039714 0.057512 0.037194 0.043357 0.536604 0.034532
0.040080 0.042045 0.053692 0.045317 0.045912 0.050606 0.041007 0.062337 0.046803 0.049053 0.485553 0.037596
0.032149 0.033685 0.043901 0.035041 0.038913 0.037510 0.032226 0.041951 0.031700 0.041976 0.602112 0.028834
0.041820 0.034160 0.045074 0.033086 0.038070 0.033541 0.035823 0.034985 0.032590 0.042705 0.597914 0.030231
0.036536 0.039290 0.047709 0.039981 0.042856 0.038120 0.041036 0.045404 0.036533 0.041872 0.556910 0.033752
0.049492 0.057377 0.052172 0.039413 0.042896 0.046109 0.040175 0.051014 0.040542 0.046608 0.494528 0.039674
0.043320 0.046777 0.050391 0.040937 0.042102 0.039458 0.037504 0.049572 0.039857 0.045388 0.528841 0.035853
0.035074 0.032811 0.043843 0.042960 0.038880 0.038667 0.031523 0.055616 0.032350 0.042091 0.578634 0.027553
0.041055 0.045851 0.055902 0.042864 0.044490 0.050544 0.042640 0.070506 0.041598 0.051607 0.471279 0.041664
0.031179 0.033490 0.045342 0.032238 0.036468 0.037286 0.032736 0.048894 0.032194 0.040580 0.593859 0.035732
0.037603 0.035368 0.049000 0.037318 0.044585 0.037014 0.037348 0.042773 0.036286 0.048011 0.560920 0.033774
0.052897 0.033196 0.043014 0.036074 0.042779 0.038482 0.032685 0.053053 0.030603 0.039195 0.568939 0.029083
0.034679 0.038076 0.048329 0.040901 0.040671 0.045983 0.040208 0.060519 0.035504 0.045204 0.529160 0.040767
0.036871 0.040763 0.049837 0.041721 0.041726 0.042211 0.037953 0.053916 0.042945 0.046785 0.531875 0.033396
0.027344 0.028612 0.043437 0.036162 0.038310 0.033077 0.032394 0.064899 0.028902 0.039086 0.600927 0.026851
0.059641 0.041628 0.051658 0.039810 0.043424 0.045688 0.040274 0.065015 0.042991 0.045723 0.489931 0.034216
0.036023 0.031546 0.044837 0.041004 0.039650 0.040084 0.036339 0.065158 0.031949 0.040184 0.562647 0.030577
0.041570 0.030533 0.045203 0.033474 0.036445 0.033144 0.031858 0.039452 0.030516 0.037625 0.611094 0.029085
0.036142 0.041133 0.051979 0.039741 0.042888 0.037551 0.040050 0.044883 0.035725 0.044529 0.552159 0.033220
0.041646 0.034639 0.040029 0.031938 0.034464 0.036844 0.030266 0.038502 0.028434 0.038177 0.617569 0.027492
0.049400 0.035994 0.046204 0.062534 0.039253 0.037069 0.039250 0.044946 0.036790 0.043668 0.525357 0.039534
0.039408 0.035432 0.049871 0.044395 0.043149 0.039357 0.036009 0.054776 0.037152 0.043972 0.544439 0.032040
0.035218 0.035052 0.048846 0.036786 0.037310 0.043506 0.035183 0.068489 0.032250 0.044108 0.549637 0.033614
0.032680 0.035195 0.046298 0.034732 0.037565 0.037195 0.034873 0.049759 0.033097 0.041582 0.585700 0.031324
0.029635 0.031721 0.038932 0.034865 0.034211 0.036051 0.033408 0.051375 0.029491 0.038079 0.615512 0.026721
0.033067 0.034982 0.046541 0.051588 0.038376 0.048055 0.036215 0.060705 0.032378 0.042105 0.545904 0.030085
0.043818 0.035659 0.047498 0.040648 0.043217 0.046062 0.038682 0.069752 0.038253 0.043051 0.520023 0.033336
0.044831 0.033972 0.040056 0.034853 0.038624 0.039073 0.032523 0.064549 0.030659 0.037198 0.574752 0.028910
0.040227 0.042822 0.050932 0.041681 0.042216 0.044865 0.042401 0.067965 0.040043 0.044036 0.508911 0.033901
0.032403 0.069346 0.042337 0.035683 0.034670 0.039874 0.032728 0.068195 0.028799 0.037129 0.552227 0.026609
0.062216 0.074047 0.045384 0.042256 0.042663 0.045613 0.036506 0.045596 0.033617 0.041996 0.499640 0.030467
0.055637 0.036914 0.052426 0.040103 0.044404 0.046350 0.038819 0.050620 0.036742 0.045293 0.521469 0.031223
0.036741 0.028627 0.041889 0.030600 0.033321 0.032306 0.029267 0.042591 0.028201 0.037039 0.633939 0.025479
0.038514 0.040738 0.054682 0.040508 0.045969 0.041125 0.044116 0.049309 0.048512 0.050058 0.510036 0.036432
0.035282 0.034202 0.047050 0.036066 0.039504 0.036685 0.038328 0.059869 0.033599 0.042107 0.565825 0.031481
0.038111 0.042866 0.049852 0.040454 0.041904 0.040864 0.040053 0.059643 0.035683 0.045254 0.531073 0.034244
0.034171 0.035476 0.040752 0.034045 0.036982 0.039022 0.033394 0.046132 0.031430 0.038244 0.600803 0.029548
0.040509 0.040520 0.041564 0.042741 0.030151 0.034807 0.030065 0.033276 0.028716 0.033976 0.620030 0.023644
0.065642 0.039159 0.055331 0.043363 0.045688 0.043556 0.044963 0.046748 0.049145 0.050298 0.479616 0.036492
0.039496 0.034424 0.047311 0.038453 0.039700 0.046950 0.037256 0.048676 0.033789 0.045338 0.558649 0.029958
0.045283 0.035451 0.048223 0.041190 0.042045 0.038122 0.039421 0.059778 0.035669 0.047109 0.527190 0.040519
0.030675 0.030798 0.039816 0.034327 0.036309 0.039413 0.030550 0.057412 0.030924 0.037971 0.602569 0.029237
0.031794 0.045458 0.038957 0.038020 0.034694 0.031440 0.028658 0.035635 0.028213 0.034733 0.626396 0.026003
0.036835 0.050000 0.054914 0.045215 0.046737 0.040515 0.041233 0.058162 0.038885 0.044556 0.506875 0.036073
0.037489 0.039848 0.045917 0.040397 0.039421 0.044249 0.034677 0.074185 0.033015 0.043026 0.530270 0.037507
0.043615 0.037994 0.052343 0.055459 0.039994 0.058431 0.038536 0.074102 0.038475 0.044624 0.477066 0.039360
0.048481 0.035594 0.047459 0.042592 0.040101 0.041245 0.031983 0.053805 0.035235 0.042179 0.552177 0.029149
0.042817 0.048836 0.048960 0.038436 0.041770 0.036822 0.034226 0.049771 0.032961 0.044240 0.551800 0.029360
0.032049 0.033819 0.050674 0.035988 0.039166 0.043188 0.036773 0.061521 0.033589 0.044563 0.558095 0.030574
0.028784 0.028699 0.040123 0.032225 0.033496 0.040950 0.032793 0.047710 0.031034 0.038895 0.616779 0.028512
0.039296 0.041476 0.054239 0.041960 0.048420 0.042895 0.044239 0.043506 0.047332 0.051975 0.508238 0.036424
0.034355 0.036237 0.049903 0.038176 0.044432 0.039870 0.038836 0.043959 0.033596 0.042900 0.565151 0.032585
0.039717 0.038459 0.047489 0.039389 0.041469 0.040033 0.039056 0.053867 0.034422 0.040551 0.545703 0.039843
0.038604 0.039380 0.045871 0.040274 0.037027 0.042540 0.033618 0.056085 0.041873 0.040942 0.554333 0.029453
0.047383 0.036613 0.044669 0.037663 0.037605 0.042763 0.038981 0.050275 0.042476 0.044137 0.548217 0.029217
0.038346 0.042917 0.046505 0.035986 0.040421 0.036061 0.036653 0.045870 0.035083 0.045322 0.565177 0.031658
0.033456 0.048330 0.046408 0.038210 0.038865 0.043158 0.035491 0.064625 0.033020 0.042093 0.545146 0.031197
0.044293 0.035498 0.043445 0.038194 0.036760 0.040675 0.033870 0.054398 0.033782 0.042740 0.564853 0.031492
0.061432 0.031101 0.042480 0.037609 0.035450 0.034492 0.030730 0.037957 0.031159 0.039829 0.589141 0.028622
0.056792 0.034959 0.050090 0.042534 0.042957 0.037230 0.037346 0.054378 0.036933 0.044422 0.529470 0.032889
0.033392 0.070967 0.044715 0.035829 0.037999 0.036149 0.037384 0.066990 0.033022 0.040905 0.532669 0.029979
0.040997 0.044130 0.057903 0.049437 0.047366 0.048865 0.044155 0.072176 0.049322 0.052880 0.454078 0.038692
0.031490 0.028922 0.042941 0.035544 0.042040 0.039339 0.032253 0.065459 0.030721 0.040862 0.581447 0.028981
0.046657 0.033110 0.043193 0.033757 0.038049 0.041320 0.031666 0.051351 0.030095 0.038862 0.583368 0.028573
0.033629 0.036759 0.048307 0.037303 0.039979 0.041665 0.036888 0.057019 0.033431 0.043851 0.559478 0.031689
0.028466 0.035404 0.040687 0.031228 0.033080 0.034047 0.032337 0.041383 0.028359 0.037282 0.630312 0.027415
0.041178 0.046631 0.058725 0.040996 0.045468 0.040270 0.042479 0.049615 0.040615 0.051094 0.506588 0.036339
0.031955 0.030483 0.045206 0.045125 0.037006 0.045082 0.033121 0.041079 0.031059 0.038079 0.593630 0.028174
0.045788 0.038677 0.055381 0.049278 0.045081 0.052268 0.041161 0.062282 0.043940 0.048812 0.475157 0.042174
0.041359 0.029640 0.045928 0.035855 0.036253 0.032459 0.031175 0.054511 0.030742 0.041616 0.593521 0.026941
0.031226 0.033326 0.037629 0.030031 0.031902 0.035311 0.027111 0.045970 0.026173 0.034058 0.642404 0.024859
0.046022 0.036767 0.048951 0.040723 0.044160 0.039073 0.038937 0.049030 0.036878 0.043755 0.541298 0.034405
