0.053204 0.042594 0.065566 0.044287 0.041874 0.042288 0.039865 0.039292 0.041853 0.056219 0.497865 0.035092
0.052792 0.046289 0.068602 0.053969 0.049929 0.052646 0.047518 0.048186 0.051694 0.059114 0.426559 0.042702
0.060390 0.040243 0.062475 0.042992 0.043068 0.044162 0.041565 0.041015 0.044398 0.056908 0.486367 0.036417
0.040060 0.039131 0.064495 0.047533 0.041565 0.048543 0.040531 0.041017 0.045003 0.050221 0.506029 0.035871
0.050683 0.042477 0.067325 0.049376 0.045194 0.049472 0.043026 0.049194 0.062129 0.052609 0.450563 0.037953
0.049694 0.043351 0.063213 0.046468 0.042216 0.049129 0.042380 0.044757 0.049429 0.052125 0.479521 0.037717
0.047699 0.055120 0.061933 0.044609 0.045344 0.048463 0.043648 0.043806 0.047362 0.053581 0.470052 0.038383
0.040227 0.039661 0.061406 0.049463 0.043913 0.047566 0.042415 0.043760 0.045992 0.052666 0.496141 0.036791
0.036630 0.066419 0.051587 0.041006 0.039616 0.043319 0.037426 0.040227 0.042043 0.046968 0.519351 0.035408
0.048247 0.060105 0.060171 0.049355 0.049469 0.046135 0.047248 0.047228 0.050913 0.062375 0.436449 0.042306
0.042566 0.049982 0.070540 0.052099 0.045827 0.051469 0.046070 0.045782 0.051383 0.062276 0.441787 0.040221
0.043341 0.045720 0.077902 0.045942 0.044266 0.052731 0.043484 0.045679 0.049566 0.055232 0.458066 0.038072
0.051594 0.055289 0.067192 0.056159 0.048163 0.051678 0.045963 0.053464 0.052470 0.056981 0.419686 0.041360
0.039972 0.041461 0.079055 0.049489 0.044591 0.047047 0.043125 0.047854 0.047592 0.062493 0.461207 0.036115
0.049213 0.060111 0.067712 0.044302 0.044623 0.053600 0.044151 0.044091 0.043606 0.054312 0.455312 0.038966
0.042716 0.060003 0.069504 0.047430 0.046080 0.054164 0.045048 0.045924 0.046224 0.056508 0.446426 0.039972
0.043076 0.038615 0.058450 0.043115 0.039577 0.045082 0.038231 0.042058 0.053562 0.050097 0.513265 0.034872
0.044530 0.046011 0.053855 0.057468 0.045231 0.042982 0.043724 0.046799 0.053666 0.054381 0.469908 0.041444
0.039964 0.041426 0.052294 0.045721 0.042436 0.040572 0.041210 0.043567 0.051401 0.050050 0.515514 0.035846
0.053782 0.056994 0.079897 0.059183 0.052093 0.057281 0.050028 0.062752 0.065533 0.059361 0.358214 0.044882
0.070835 0.054717 0.065546 0.047451 0.047621 0.051267 0.046652 0.047123 0.046479 0.055667 0.427039 0.039605
0.039605 0.038992 0.069650 0.046652 0.043997 0.048900 0.042803 0.042566 0.040622 0.055586 0.494161 0.036466
0.044958 0.044703 0.066513 0.046280 0.045849 0.053416 0.044400 0.045129 0.045321 0.057670 0.466198 0.039563
0.039388 0.038637 0.057918 0.048603 0.041885 0.047782 0.039727 0.042630 0.045835 0.054374 0.505523 0.037699
0.048831 0.068789 0.067858 0.055220 0.053519 0.050779 0.051237 0.059365 0.055522 0.064992 0.377405 0.046484
0.038797 0.057096 0.064431 0.043260 0.042204 0.050386 0.041034 0.042343 0.048309 0.051876 0.482921 0.037343
0.040851 0.092477 0.073810 0.050836 0.045385 0.045719 0.043611 0.046883 0.051216 0.060783 0.409301 0.039129
0.060040 0.045880 0.072620 0.048617 0.047475 0.048449 0.045139 0.044677 0.046691 0.059828 0.442485 0.038100
0.053239 0.035016 0.065319 0.042446 0.038407 0.041063 0.036880 0.036594 0.038431 0.053534 0.525469 0.033602
0.041142 0.042831 0.058128 0.049317 0.044590 0.042998 0.043941 0.045548 0.062974 0.053926 0.474987 0.039618
0.046022 0.048295 0.066884 0.046834 0.043150 0.046625 0.041814 0.043657 0.049273 0.058004 0.470393 0.039048
0.040205 0.043367 0.068742 0.050029 0.044728 0.042347 0.042508 0.043923 0.045261 0.056201 0.485103 0.037587
0.039855 0.046195 0.053226 0.047524 0.045582 0.042809 0.044142 0.042844 0.042127 0.053031 0.504398 0.038267
0.044006 0.053953 0.086198 0.053254 0.048134 0.055049 0.046119 0.051195 0.050238 0.066659 0.405336 0.039860
0.043518 0.051662 0.072109 0.049432 0.047065 0.050431 0.046423 0.044901 0.043901 0.058155 0.452862 0.039541
0.044811 0.046159 0.066343 0.044961 0.043388 0.046509 0.042788 0.041371 0.040529 0.055665 0.491767 0.035710
0.048785 0.042946 0.064342 0.040298 0.039579 0.045597 0.038617 0.039143 0.039072 0.051118 0.516504 0.033999
0.041776 0.042190 0.064973 0.053184 0.044637 0.048188 0.041884 0.054966 0.051411 0.052625 0.465196 0.038971
0.051994 0.042285 0.056867 0.051613 0.046171 0.044014 0.045022 0.044496 0.046092 0.053991 0.477294 0.040162
0.041580 0.053590 0.066521 0.046475 0.044644 0.051111 0.043710 0.044403 0.045085 0.053705 0.470934 0.038243
0.046481 0.044312 0.078261 0.051102 0.046148 0.051463 0.044471 0.045745 0.048887 0.055933 0.448264 0.038932
0.038271 0.053400 0.056656 0.039593 0.041023 0.042292 0.039277 0.039309 0.039042 0.049337 0.526794 0.035006
0.040958 0.049296 0.062691 0.044144 0.044505 0.041996 0.043068 0.043322 0.045703 0.055355 0.490290 0.038672
0.042533 0.042769 0.061539 0.044956 0.044223 0.046126 0.042746 0.043568 0.057390 0.052292 0.483933 0.037925
0.044665 0.069611 0.072210 0.049118 0.045930 0.048281 0.045178 0.046278 0.051759 0.055436 0.431293 0.040241
0.041198 0.043253 0.061697 0.047091 0.045569 0.046520 0.043909 0.042971 0.042149 0.053695 0.495666 0.036283
0.039337 0.041156 0.064320 0.049429 0.042833 0.046768 0.040815 0.042745 0.044883 0.052726 0.498762 0.036226
0.047879 0.043101 0.063276 0.047731 0.044265 0.048476 0.043880 0.044667 0.052730 0.055781 0.469035 0.039178
0.046974 0.047357 0.063868 0.049056 0.044345 0.047215 0.043041 0.042997 0.046100 0.054204 0.476208 0.038637
0.054334 0.046732 0.060338 0.043963 0.042881 0.044178 0.041475 0.042075 0.045822 0.051380 0.490409 0.036412
0.042121 0.049327 0.060304 0.043213 0.043600 0.047227 0.042343 0.042548 0.045161 0.053368 0.493427 0.037361
0.043267 0.047679 0.066406 0.053946 0.047250 0.050867 0.045604 0.050031 0.053496 0.056637 0.444855 0.039961
0.058870 0.042377 0.065010 0.046191 0.041862 0.049114 0.041668 0.042511 0.047973 0.051809 0.475700 0.036913
0.041623 0.041891 0.066103 0.044904 0.045389 0.050567 0.043665 0.044287 0.047922 0.054712 0.480273 0.038665
0.040547 0.039122 0.069417 0.050096 0.042470 0.052204 0.042228 0.043724 0.051750 0.053921 0.477045 0.037475
0.037512 0.052067 0.057242 0.045434 0.040039 0.043148 0.038926 0.040345 0.040939 0.048982 0.519636 0.035730
0.078557 0.041361 0.056075 0.044099 0.043121 0.041640 0.042098 0.042046 0.044093 0.051517 0.478410 0.036983
0.041757 0.054483 0.066108 0.048999 0.044094 0.050788 0.043381 0.043606 0.043754 0.052783 0.472147 0.038099
0.042368 0.040616 0.078659 0.051918 0.045827 0.052348 0.044692 0.044805 0.048227 0.055913 0.455857 0.038768
0.047255 0.042675 0.062653 0.043908 0.045517 0.048050 0.044081 0.043350 0.042655 0.053234 0.487872 0.038751
0.063038 0.042410 0.062092 0.038878 0.040079 0.042147 0.038460 0.039068 0.040228 0.050532 0.509462 0.033606
0.039507 0.063613 0.062240 0.044771 0.043223 0.047336 0.042403 0.043442 0.044476 0.053061 0.479127 0.036801
0.039364 0.053070 0.064697 0.048774 0.043750 0.050951 0.042954 0.043310 0.044368 0.052576 0.478074 0.038112
0.043928 0.041623 0.063817 0.045281 0.043100 0.044445 0.042891 0.042821 0.050254 0.057359 0.486783 0.037697
0.044094 0.048222 0.062833 0.043665 0.042460 0.046614 0.042389 0.042924 0.051469 0.051803 0.485655 0.037873
0.046565 0.046928 0.064356 0.043229 0.042741 0.044450 0.041713 0.040980 0.043213 0.056504 0.492219 0.037101
0.046892 0.043674 0.062135 0.045673 0.043431 0.045204 0.042105 0.042965 0.052951 0.051799 0.485904 0.037266
0.049806 0.041898 0.059334 0.054285 0.044562 0.047584 0.043510 0.045347 0.052052 0.051378 0.471590 0.038653
0.045066 0.041327 0.065864 0.048084 0.043314 0.048598 0.042352 0.042344 0.045385 0.053333 0.489443 0.034889
0.039537 0.043567 0.065960 0.046793 0.044349 0.051063 0.042844 0.043978 0.046687 0.052370 0.485087 0.037766
0.041922 0.041862 0.065334 0.048414 0.043346 0.051635 0.043370 0.043623 0.049255 0.055178 0.478853 0.037209
0.046064 0.042627 0.066540 0.052573 0.046160 0.050387 0.044443 0.045888 0.051018 0.054756 0.459567 0.039976
0.051507 0.039342 0.059945 0.047605 0.042705 0.045815 0.042019 0.042472 0.042782 0.050295 0.498448 0.037065
0.040070 0.053008 0.062230 0.042267 0.043420 0.051225 0.042563 0.043137 0.043453 0.052109 0.488452 0.038065
0.078329 0.040568 0.066487 0.046032 0.045467 0.052207 0.043075 0.048547 0.050695 0.051939 0.438422 0.038231
0.044081 0.045212 0.063314 0.045021 0.041429 0.048303 0.041481 0.042673 0.045240 0.050299 0.496841 0.036108
0.054446 0.058607 0.063943 0.048768 0.043334 0.052172 0.043049 0.046069 0.050777 0.050751 0.449055 0.039030
0.042035 0.062708 0.066906 0.045801 0.043356 0.044954 0.041953 0.042488 0.053716 0.058111 0.461314 0.036659
0.041101 0.051527 0.058217 0.046044 0.043142 0.043579 0.041851 0.042686 0.048733 0.051524 0.493676 0.037920
0.054554 0.052302 0.056759 0.048360 0.048182 0.045362 0.046426 0.046069 0.048689 0.056361 0.454687 0.042247
0.044461 0.045794 0.062781 0.053867 0.048340 0.047735 0.046887 0.045892 0.052246 0.061050 0.448543 0.042405
0.051866 0.049480 0.080508 0.050840 0.049971 0.054635 0.049675 0.050012 0.060465 0.059485 0.399476 0.043589
0.060236 0.054452 0.066042 0.045124 0.046996 0.050151 0.046195 0.044694 0.047769 0.059101 0.438647 0.040592
0.039948 0.065382 0.076588 0.051468 0.041831 0.052763 0.042190 0.048746 0.055611 0.054308 0.433896 0.037269
0.055306 0.052680 0.063936 0.048655 0.046310 0.052874 0.044295 0.048723 0.050865 0.051377 0.444460 0.040520
0.055883 0.051729 0.066538 0.053453 0.052469 0.054629 0.048706 0.053250 0.057275 0.058887 0.402466 0.044716
0.061482 0.056240 0.066373 0.050744 0.050774 0.050184 0.049297 0.049723 0.051302 0.062213 0.407431 0.044237
0.046773 0.045470 0.067398 0.050461 0.047960 0.051128 0.046421 0.049101 0.050311 0.062067 0.440598 0.042312
0.040598 0.041612 0.050706 0.050170 0.043713 0.040945 0.041687 0.043012 0.046522 0.048261 0.513119 0.039655
0.049315 0.043883 0.054834 0.055326 0.048479 0.044394 0.045116 0.049588 0.052891 0.054553 0.458790 0.042831
0.063976 0.055151 0.074768 0.054417 0.054353 0.051449 0.052089 0.053328 0.054108 0.063238 0.376165 0.046958
0.047233 0.050002 0.078170 0.054399 0.051010 0.053692 0.049676 0.049267 0.047941 0.059689 0.415129 0.043792
0.046874 0.048834 0.085124 0.047133 0.048270 0.053918 0.046729 0.046178 0.045540 0.060882 0.430012 0.040506
0.039801 0.043190 0.063811 0.045262 0.041413 0.043633 0.039984 0.040203 0.039803 0.049002 0.517740 0.036158
0.055749 0.043712 0.056547 0.043185 0.041627 0.039604 0.040644 0.041923 0.045465 0.052461 0.501502 0.037581
0.049490 0.057993 0.060177 0.059290 0.051552 0.048625 0.049459 0.050888 0.054850 0.056813 0.415469 0.045395
0.046535 0.046306 0.080999 0.051478 0.049161 0.052577 0.048065 0.050024 0.054059 0.059140 0.420398 0.041259
0.047758 0.049164 0.073635 0.053247 0.050349 0.053537 0.049443 0.049722 0.052821 0.062339 0.414100 0.043885
0.038685 0.040835 0.068787 0.043140 0.043463 0.049387 0.041975 0.042826 0.052561 0.052089 0.490961 0.035291
0.043079 0.045643 0.064181 0.057375 0.045098 0.051048 0.045175 0.048710 0.052073 0.055398 0.451342 0.040878
0.051463 0.048204 0.067493 0.048278 0.047245 0.050936 0.045665 0.047645 0.056930 0.057662 0.438733 0.039746
0.049104 0.043782 0.061713 0.057090 0.046808 0.051895 0.045474 0.048800 0.052259 0.055507 0.445805 0.041764
0.053795 0.054939 0.069300 0.049549 0.049553 0.052070 0.048514 0.053810 0.050317 0.062139 0.414319 0.041693
0.041293 0.043693 0.065415 0.045198 0.044801 0.048101 0.043005 0.044119 0.053176 0.059414 0.472577 0.039209
0.044645 0.078245 0.062708 0.052087 0.045360 0.048397 0.045554 0.058004 0.056821 0.054678 0.412497 0.041005
0.066954 0.041180 0.061953 0.044033 0.042403 0.047816 0.041403 0.043227 0.044051 0.054648 0.475472 0.036860
0.048871 0.046776 0.057051 0.052454 0.045247 0.043194 0.041731 0.045449 0.050111 0.054149 0.475743 0.039225
0.042119 0.047825 0.057359 0.051672 0.045529 0.044567 0.044742 0.044517 0.047918 0.056263 0.476825 0.040664
0.054009 0.044311 0.066047 0.055181 0.048956 0.051113 0.045148 0.053078 0.053069 0.058982 0.428368 0.041738
0.042407 0.042957 0.073333 0.049371 0.045283 0.045016 0.044593 0.045920 0.068160 0.055910 0.447364 0.039686
0.041091 0.044285 0.061149 0.048497 0.042075 0.048226 0.041233 0.045772 0.051217 0.053306 0.485313 0.037836
0.043049 0.057777 0.077478 0.054550 0.049427 0.045902 0.046173 0.052524 0.058335 0.058649 0.416721 0.039414
0.043074 0.043856 0.063320 0.052180 0.044596 0.048082 0.042981 0.044364 0.044734 0.053604 0.481015 0.038195
0.041832 0.043794 0.071714 0.049285 0.047301 0.044451 0.045275 0.046768 0.060001 0.060297 0.449955 0.039327
0.047201 0.047395 0.061117 0.052494 0.047133 0.049564 0.046883 0.047913 0.050519 0.056029 0.451676 0.042077
0.044982 0.042350 0.081741 0.051622 0.046674 0.046742 0.044090 0.045892 0.049119 0.062917 0.444645 0.039227
0.046650 0.043291 0.054346 0.047185 0.047519 0.044820 0.046240 0.044706 0.044809 0.053208 0.486044 0.041182
0.045836 0.044842 0.074388 0.056450 0.049000 0.055629 0.046618 0.059142 0.052767 0.061085 0.412515 0.041728
0.052642 0.056681 0.076632 0.055484 0.049894 0.054663 0.048138 0.057163 0.052921 0.060249 0.391918 0.043615
0.050005 0.058023 0.066735 0.049807 0.047913 0.051227 0.046786 0.048899 0.046611 0.056320 0.436931 0.040744
0.055999 0.046223 0.072751 0.046883 0.042750 0.050727 0.042024 0.042058 0.044031 0.055014 0.464184 0.037356
0.056091 0.043166 0.065918 0.048952 0.047323 0.053326 0.044811 0.049665 0.051956 0.053538 0.443521 0.041734
0.040443 0.040617 0.053822 0.051044 0.044469 0.041254 0.042109 0.043508 0.048135 0.051613 0.503612 0.039373
0.077405 0.044598 0.056747 0.045418 0.044809 0.041797 0.042898 0.044064 0.045515 0.051679 0.464969 0.040100
0.048374 0.055046 0.068349 0.048927 0.048208 0.045772 0.046790 0.046462 0.047109 0.057338 0.446660 0.040966
0.045648 0.049906 0.080957 0.047717 0.049083 0.053703 0.047132 0.047119 0.049060 0.060074 0.427383 0.042217
0.046708 0.048233 0.066073 0.048564 0.047419 0.042772 0.044836 0.043981 0.044528 0.055742 0.471331 0.039812
0.041810 0.048299 0.067294 0.047711 0.045576 0.044180 0.044431 0.042537 0.042088 0.061344 0.476183 0.038547
0.052733 0.048656 0.078112 0.048766 0.046610 0.052395 0.045268 0.047773 0.051175 0.056771 0.431643 0.040098
0.040608 0.056846 0.061490 0.050746 0.044307 0.047149 0.043736 0.043488 0.044063 0.054707 0.474534 0.038328
0.046005 0.042154 0.073964 0.046807 0.046719 0.050644 0.046118 0.046762 0.049660 0.058910 0.452969 0.039289
0.040838 0.046500 0.061456 0.044667 0.044133 0.050214 0.043016 0.044825 0.046248 0.051072 0.489048 0.037984
0.043969 0.063267 0.067939 0.046280 0.044807 0.053714 0.044067 0.045646 0.052973 0.056514 0.442086 0.038738
0.042833 0.069810 0.065572 0.049006 0.046442 0.053602 0.044382 0.046456 0.051287 0.055499 0.435239 0.039872
0.041011 0.054818 0.055528 0.046394 0.042837 0.043150 0.042305 0.042456 0.041418 0.052231 0.501484 0.036368
0.042572 0.060786 0.063326 0.047098 0.044445 0.050057 0.043751 0.045703 0.049854 0.058597 0.454883 0.038925
0.052619 0.061074 0.071671 0.055893 0.050053 0.056602 0.048431 0.052115 0.070523 0.063491 0.373907 0.043621
0.044570 0.046810 0.070646 0.055641 0.046964 0.055720 0.047104 0.048131 0.053422 0.060360 0.429483 0.041149
0.041078 0.041650 0.066199 0.050795 0.044850 0.051776 0.043393 0.044262 0.047523 0.055122 0.475070 0.038283
0.048511 0.045491 0.073346 0.052153 0.044108 0.052056 0.043959 0.045852 0.047197 0.053501 0.453475 0.040351
0.044673 0.087303 0.066338 0.046377 0.046259 0.046871 0.044164 0.046689 0.048507 0.062438 0.419420 0.040963
0.057692 0.047681 0.060396 0.050012 0.049598 0.046896 0.048131 0.047302 0.050232 0.059488 0.439565 0.043007
0.046245 0.044908 0.064480 0.046348 0.042249 0.050783 0.042144 0.044869 0.049204 0.051826 0.479362 0.037584
0.057025 0.062284 0.066998 0.054064 0.046298 0.047081 0.044469 0.058960 0.053845 0.057312 0.409776 0.041888
0.041260 0.048242 0.058140 0.047149 0.047692 0.042671 0.044586 0.052210 0.054841 0.056399 0.467710 0.039100
0.046164 0.049634 0.064185 0.054278 0.048770 0.047547 0.047250 0.050498 0.056362 0.060125 0.432301 0.042886
0.045031 0.054795 0.074659 0.057448 0.050962 0.053640 0.049239 0.049120 0.053986 0.065831 0.402592 0.042696
0.044622 0.044927 0.074331 0.044108 0.047341 0.052686 0.046186 0.046477 0.044820 0.059272 0.454369 0.040860
0.040963 0.043952 0.057175 0.044169 0.044418 0.041690 0.042197 0.042128 0.042197 0.056213 0.505927 0.038971
0.042192 0.043219 0.061854 0.051474 0.046324 0.043388 0.044173 0.044099 0.049755 0.059928 0.472975 0.040618
0.056447 0.055131 0.081598 0.057234 0.055510 0.053522 0.052788 0.064544 0.061591 0.072753 0.341575 0.047306
0.049864 0.054383 0.067003 0.053878 0.049258 0.051130 0.048463 0.049123 0.047963 0.056650 0.430103 0.042180
0.039235 0.073214 0.069570 0.046547 0.046393 0.046743 0.043828 0.049572 0.045802 0.058678 0.442939 0.037480
0.040653 0.046713 0.070667 0.049572 0.044528 0.048310 0.043861 0.053563 0.061375 0.059426 0.441820 0.039512
0.043726 0.053998 0.057543 0.051142 0.045678 0.045429 0.043992 0.047519 0.053054 0.055136 0.461469 0.041313
0.048764 0.047424 0.065086 0.052748 0.052563 0.049064 0.049870 0.049817 0.054312 0.062758 0.424284 0.043310
0.039310 0.044403 0.059897 0.047676 0.042252 0.045667 0.041052 0.041925 0.045079 0.051921 0.503110 0.037709
0.063469 0.042440 0.066567 0.046292 0.043847 0.042594 0.042885 0.043849 0.045703 0.059536 0.462573 0.040246
0.051226 0.046514 0.062836 0.049312 0.051006 0.046651 0.048617 0.051234 0.062436 0.060450 0.426812 0.042907
0.063050 0.046178 0.088701 0.048794 0.045465 0.049600 0.045226 0.044565 0.051243 0.063695 0.413336 0.040147
0.048068 0.048887 0.065637 0.044352 0.047869 0.048097 0.046535 0.046308 0.044676 0.056654 0.463352 0.039566
0.050269 0.046544 0.068314 0.046917 0.046278 0.047185 0.043733 0.046446 0.045923 0.055748 0.463968 0.038676
0.060784 0.044184 0.063686 0.041293 0.041524 0.045592 0.039022 0.040808 0.045720 0.055421 0.486355 0.035612
0.046759 0.044393 0.058987 0.052900 0.048425 0.045963 0.047050 0.048877 0.052008 0.057905 0.454689 0.042044
0.045217 0.046459 0.069503 0.054281 0.047808 0.054160 0.046714 0.050530 0.065158 0.057580 0.420988 0.041601
0.041056 0.044922 0.072681 0.051513 0.042350 0.047354 0.041282 0.043457 0.046473 0.057566 0.473461 0.037885
0.050007 0.047929 0.062832 0.047733 0.050108 0.045832 0.047137 0.052068 0.050917 0.057198 0.447841 0.040401
0.046327 0.049377 0.074728 0.048017 0.046215 0.052012 0.044497 0.046327 0.051039 0.062803 0.439245 0.039414
0.058826 0.057837 0.075051 0.056515 0.049922 0.055788 0.048558 0.049975 0.053277 0.062758 0.388007 0.043485
0.051274 0.044831 0.067150 0.045071 0.047136 0.050029 0.046365 0.046011 0.044561 0.058744 0.459371 0.039457
0.044777 0.036169 0.061582 0.041829 0.039916 0.042484 0.037495 0.040012 0.050599 0.057626 0.512953 0.034558
0.057491 0.047542 0.056407 0.058545 0.048051 0.046602 0.047183 0.051650 0.053550 0.055321 0.434408 0.043250
0.044753 0.058307 0.076447 0.056688 0.049501 0.057262 0.048265 0.058930 0.054014 0.060974 0.391966 0.042892
0.048717 0.043484 0.073520 0.048511 0.048742 0.048554 0.046756 0.045415 0.050963 0.061131 0.442616 0.041592
0.048575 0.039445 0.062149 0.042093 0.042660 0.047440 0.041879 0.041636 0.040301 0.052023 0.505313 0.036486
0.045966 0.055587 0.069416 0.044822 0.043435 0.047436 0.041394 0.047894 0.052021 0.056897 0.457931 0.037202
0.041362 0.061482 0.050130 0.050417 0.042660 0.040620 0.041406 0.043689 0.045280 0.049069 0.494960 0.038926
0.047888 0.057134 0.057890 0.048340 0.046189 0.044810 0.045709 0.046500 0.047609 0.055921 0.461455 0.040555
0.049802 0.049495 0.073104 0.052980 0.051236 0.055147 0.048637 0.061086 0.052702 0.059841 0.403426 0.042544
0.041166 0.043399 0.080405 0.045798 0.044646 0.050778 0.043736 0.045331 0.045002 0.058192 0.462492 0.039054
0.044653 0.044154 0.060382 0.051459 0.048381 0.044860 0.046783 0.049562 0.056353 0.059163 0.452791 0.041459
0.040819 0.040396 0.071877 0.052069 0.044720 0.048833 0.043244 0.045818 0.049123 0.055251 0.470764 0.037087
0.058175 0.058252 0.071147 0.040946 0.040975 0.048893 0.039909 0.041539 0.040844 0.050794 0.472448 0.036078
0.047108 0.055062 0.060540 0.054643 0.051075 0.047584 0.048737 0.050422 0.049590 0.059560 0.432227 0.043452
0.044353 0.046975 0.076445 0.048499 0.045827 0.052052 0.044869 0.045543 0.047549 0.061309 0.446699 0.039882
0.049116 0.055994 0.076702 0.053387 0.048053 0.050743 0.046955 0.047439 0.047898 0.058742 0.422691 0.042279
0.039830 0.041835 0.057795 0.043805 0.044987 0.045596 0.043207 0.043207 0.041944 0.053552 0.506523 0.037720
0.044752 0.039183 0.065605 0.051164 0.042344 0.046035 0.040725 0.054695 0.046886 0.053416 0.477612 0.037582
0.070669 0.053065 0.057973 0.049901 0.047791 0.044464 0.045545 0.050236 0.051663 0.053218 0.434258 0.041216
0.045316 0.043663 0.069450 0.052474 0.046113 0.049049 0.045963 0.045163 0.054171 0.060480 0.447158 0.041002
0.062437 0.044635 0.074621 0.046213 0.045322 0.049315 0.044923 0.044933 0.047024 0.059188 0.442027 0.039363
0.043367 0.044392 0.063596 0.051177 0.043522 0.046312 0.042238 0.044356 0.045244 0.052962 0.484019 0.038815
0.037964 0.039366 0.059478 0.048237 0.042272 0.039369 0.040014 0.041059 0.045970 0.055075 0.515239 0.035957
0.045434 0.049128 0.057386 0.049410 0.047990 0.045305 0.046099 0.046131 0.049777 0.055160 0.465733 0.042446
0.061645 0.047418 0.073054 0.049660 0.050388 0.049074 0.048467 0.048069 0.050265 0.068613 0.411514 0.041833
0.044784 0.043502 0.076164 0.051175 0.049234 0.055590 0.047536 0.047207 0.045408 0.060150 0.438728 0.040523
0.039583 0.040585 0.069200 0.046234 0.043717 0.044818 0.042033 0.040830 0.040971 0.055361 0.500163 0.036506
0.036644 0.038813 0.061352 0.041149 0.039831 0.041343 0.039246 0.038758 0.053473 0.056408 0.517862 0.035122
0.053772 0.062102 0.064667 0.053733 0.049180 0.049775 0.048429 0.052348 0.054655 0.060012 0.407561 0.043767
0.046629 0.044367 0.065203 0.045237 0.044089 0.048204 0.043987 0.044504 0.056824 0.053859 0.469259 0.037837
0.064931 0.046676 0.058494 0.051327 0.044289 0.050785 0.044316 0.045286 0.047684 0.051616 0.454226 0.040371
0.040157 0.057681 0.069095 0.044107 0.044433 0.053624 0.043890 0.044613 0.054552 0.058335 0.452280 0.037233
0.042569 0.045326 0.064269 0.045510 0.045541 0.052194 0.043466 0.047126 0.047204 0.058943 0.467724 0.040129
0.049873 0.046696 0.059531 0.049165 0.047868 0.045898 0.046118 0.046202 0.050126 0.058591 0.459011 0.040922
0.059937 0.045939 0.071339 0.047658 0.045505 0.053163 0.044769 0.046828 0.047711 0.060947 0.435226 0.040979
0.057378 0.049704 0.072949 0.054619 0.050091 0.051047 0.048748 0.057132 0.067107 0.061867 0.385519 0.043839
0.043615 0.055639 0.065383 0.047997 0.046953 0.049944 0.046098 0.044539 0.052317 0.059015 0.448197 0.040303
0.047846 0.043699 0.070627 0.049335 0.047575 0.052892 0.044511 0.050470 0.063506 0.057007 0.433228 0.039305
0.045642 0.046936 0.062256 0.059383 0.048495 0.052261 0.046813 0.049909 0.056369 0.054636 0.434663 0.042637
0.042554 0.055345 0.070998 0.048923 0.048225 0.054640 0.045705 0.047858 0.051839 0.061442 0.431308 0.041162
0.052714 0.050749 0.058448 0.053136 0.047758 0.046528 0.047105 0.047709 0.047060 0.058444 0.448134 0.042213
0.063317 0.039480 0.056918 0.044032 0.043079 0.045919 0.040929 0.043406 0.046266 0.052404 0.486313 0.037937
0.073288 0.061629 0.064092 0.050912 0.049466 0.047036 0.048142 0.051489 0.051503 0.059668 0.399056 0.043719
0.047883 0.048542 0.068549 0.054517 0.051656 0.052585 0.049218 0.055256 0.052377 0.059573 0.416302 0.043542
0.044716 0.054013 0.074457 0.047186 0.045789 0.047595 0.044412 0.045187 0.045318 0.057478 0.453891 0.039957
0.047185 0.045530 0.063392 0.049921 0.049123 0.046357 0.046627 0.057086 0.050186 0.056099 0.447133 0.041359
0.049564 0.038129 0.070629 0.043275 0.040413 0.043997 0.039506 0.040188 0.049420 0.056791 0.491954 0.036133
0.074818 0.047562 0.049483 0.041869 0.041480 0.038245 0.039369 0.040397 0.041398 0.049836 0.499117 0.036427
0.042752 0.043618 0.058970 0.050718 0.045974 0.045337 0.045539 0.047291 0.064475 0.054683 0.460013 0.040629
0.043708 0.048325 0.076197 0.054862 0.045133 0.052494 0.044155 0.047689 0.051279 0.053870 0.441282 0.041006
0.042409 0.045026 0.072016 0.050651 0.048403 0.046116 0.046572 0.045324 0.044285 0.058648 0.461431 0.039117
0.041583 0.040067 0.073143 0.043325 0.044906 0.050300 0.044083 0.043468 0.041692 0.055566 0.484479 0.037388
0.042210 0.046307 0.083573 0.044882 0.044903 0.047948 0.043414 0.043430 0.049099 0.062525 0.453750 0.037959
0.058713 0.047213 0.061488 0.045891 0.046550 0.049191 0.045269 0.044847 0.051922 0.053592 0.455476 0.039849
0.052804 0.055895 0.074250 0.043713 0.042037 0.050624 0.040823 0.041892 0.044364 0.054737 0.463825 0.035036
0.040785 0.043789 0.058932 0.043598 0.039795 0.049100 0.039324 0.042882 0.041634 0.047468 0.518281 0.034412
0.062194 0.053578 0.065872 0.055124 0.048903 0.052672 0.046356 0.059244 0.060051 0.058806 0.394908 0.042292
0.058897 0.045034 0.066205 0.049238 0.048335 0.051873 0.046391 0.049446 0.051039 0.065635 0.426665 0.041242
0.051191 0.046053 0.065691 0.045298 0.046433 0.048856 0.045669 0.046011 0.046154 0.059134 0.459535 0.039976
0.053321 0.042780 0.066640 0.047898 0.045875 0.049376 0.044558 0.044426 0.047407 0.062759 0.454954 0.040006
0.057384 0.049035 0.061722 0.045051 0.042655 0.049000 0.041593 0.043852 0.051031 0.055058 0.464758 0.038860
0.057171 0.073946 0.060753 0.050409 0.049733 0.047653 0.048640 0.050367 0.052751 0.058626 0.406306 0.043647
0.055222 0.046836 0.066292 0.050972 0.044939 0.050683 0.044566 0.044969 0.046889 0.055551 0.452700 0.040382
0.057322 0.049711 0.080183 0.050366 0.046416 0.049573 0.045939 0.050236 0.047763 0.061848 0.420127 0.040517
0.052112 0.045965 0.068592 0.052802 0.048961 0.053248 0.046482 0.051237 0.048439 0.059172 0.431371 0.041617
0.039031 0.038371 0.058880 0.047108 0.042475 0.039032 0.040024 0.043139 0.049778 0.053035 0.511688 0.037439
0.045213 0.054253 0.059730 0.053537 0.050027 0.047555 0.048432 0.049501 0.058008 0.056748 0.433355 0.043641
0.040007 0.074002 0.072191 0.044057 0.044260 0.051381 0.042606 0.044452 0.043604 0.056261 0.449557 0.037622
0.041270 0.041982 0.059977 0.048008 0.045028 0.042340 0.043756 0.043064 0.042220 0.053457 0.499514 0.039382
0.048732 0.046419 0.061388 0.048577 0.049810 0.045635 0.047532 0.046510 0.046453 0.062087 0.454657 0.042200
0.045760 0.048572 0.076087 0.054062 0.049289 0.048199 0.047049 0.047948 0.054446 0.064045 0.421996 0.042546
0.055064 0.046963 0.075370 0.048989 0.050022 0.046906 0.048693 0.047159 0.046249 0.064820 0.427925 0.041840
0.041683 0.042461 0.067265 0.043736 0.046183 0.050016 0.044646 0.043766 0.057310 0.057218 0.467507 0.038209
0.046152 0.042183 0.068681 0.054881 0.044539 0.050160 0.044691 0.060693 0.065665 0.055082 0.427393 0.039880
0.047471 0.045682 0.065975 0.057486 0.045757 0.051036 0.045829 0.048278 0.052823 0.055188 0.444673 0.039802
0.055190 0.045538 0.074423 0.045424 0.045054 0.055001 0.044050 0.044281 0.044749 0.053202 0.454336 0.038752
0.058356 0.047910 0.065476 0.042819 0.042112 0.046766 0.042222 0.041879 0.044730 0.057571 0.472912 0.037246
0.049822 0.059728 0.064047 0.046206 0.043535 0.047642 0.042418 0.044079 0.052633 0.057027 0.453436 0.039427
0.048468 0.065962 0.059011 0.052818 0.047184 0.045303 0.045595 0.045578 0.050060 0.056036 0.443033 0.040952
0.042883 0.045596 0.055658 0.048489 0.042833 0.043183 0.042387 0.043363 0.045790 0.054081 0.498236 0.037500
0.045272 0.049914 0.074083 0.052907 0.052393 0.055277 0.048447 0.056811 0.058411 0.061177 0.401241 0.044066
0.044906 0.067085 0.068122 0.049717 0.050731 0.049559 0.047883 0.058241 0.051109 0.066025 0.404387 0.042236
0.042397 0.051066 0.069804 0.050307 0.044880 0.045467 0.043929 0.043019 0.047455 0.062377 0.460056 0.039244
0.043880 0.048672 0.063013 0.043975 0.044737 0.046225 0.043641 0.043042 0.044420 0.058046 0.481682 0.038667
0.042134 0.042651 0.073991 0.049418 0.040244 0.051615 0.040291 0.045163 0.051879 0.052346 0.472710 0.037558
0.049304 0.045889 0.057201 0.047924 0.046045 0.042507 0.042951 0.046034 0.051505 0.052968 0.477269 0.040403
0.054259 0.046456 0.058179 0.047371 0.046338 0.045183 0.045101 0.046330 0.051469 0.054302 0.465465 0.039549
0.056468 0.056390 0.076807 0.051295 0.046345 0.053124 0.045861 0.049511 0.056818 0.056943 0.410277 0.040159
0.044528 0.041595 0.071028 0.048356 0.044890 0.046302 0.043171 0.047672 0.052963 0.055842 0.466401 0.037251
0.040252 0.041919 0.058224 0.049791 0.045109 0.040730 0.042650 0.046256 0.050601 0.055315 0.491186 0.037968
0.056855 0.047435 0.064319 0.049979 0.045649 0.043890 0.044445 0.046117 0.051526 0.056496 0.453480 0.039808
0.045682 0.060088 0.079659 0.048628 0.048845 0.051984 0.048226 0.047203 0.048323 0.066908 0.413036 0.041417
0.056025 0.044210 0.078042 0.046870 0.048310 0.056314 0.047310 0.046553 0.045079 0.058871 0.431467 0.040950
0.039047 0.043993 0.072421 0.041131 0.041242 0.048502 0.040461 0.040925 0.048075 0.056923 0.491959 0.035322
0.048803 0.044603 0.072100 0.054401 0.046230 0.049256 0.044188 0.051547 0.057138 0.060482 0.431372 0.039879
0.067943 0.044173 0.062013 0.047894 0.045293 0.048238 0.042951 0.056028 0.048595 0.051577 0.446973 0.038323
0.061486 0.053447 0.058758 0.048160 0.045631 0.045584 0.043886 0.055536 0.050563 0.057550 0.439890 0.039510
0.069295 0.091006 0.063143 0.050274 0.045426 0.049364 0.044488 0.058005 0.049592 0.053273 0.386073 0.040061
0.039593 0.051568 0.059767 0.042165 0.041860 0.044257 0.040471 0.041340 0.043322 0.052691 0.506964 0.036001
0.040492 0.040662 0.053000 0.051132 0.044723 0.041881 0.042571 0.043854 0.048808 0.050159 0.503446 0.039273
0.037637 0.038693 0.050942 0.045355 0.041460 0.038456 0.039211 0.042333 0.054135 0.050673 0.524105 0.037001
0.046567 0.054469 0.076672 0.062700 0.049343 0.048450 0.047929 0.055593 0.061156 0.060478 0.392415 0.044226
0.046145 0.046905 0.073187 0.048169 0.049100 0.045315 0.047445 0.045908 0.046895 0.057258 0.452552 0.041118
0.036102 0.079581 0.078979 0.038025 0.041019 0.041774 0.039604 0.038216 0.037556 0.058315 0.476883 0.033947
0.050660 0.042511 0.080986 0.048513 0.047803 0.050816 0.045434 0.051323 0.057628 0.055585 0.429615 0.039126
0.044357 0.038894 0.065315 0.048860 0.042100 0.042442 0.040288 0.041632 0.043773 0.053874 0.502166 0.036299
0.050269 0.044316 0.064656 0.046731 0.045442 0.042575 0.043859 0.043768 0.045136 0.056851 0.478491 0.037906
0.050125 0.046586 0.059097 0.044033 0.041832 0.047123 0.041526 0.041769 0.041123 0.049605 0.499921 0.037260
0.051130 0.058066 0.077398 0.048545 0.046619 0.052323 0.044220 0.051002 0.048087 0.056759 0.426045 0.039806
0.041351 0.045218 0.060341 0.051831 0.048298 0.045312 0.046795 0.045591 0.045250 0.058061 0.471291 0.040659
0.039545 0.040703 0.075403 0.042476 0.044236 0.051734 0.042320 0.044198 0.044741 0.057953 0.479927 0.036764
0.050085 0.041703 0.072970 0.045321 0.043741 0.049517 0.042582 0.043360 0.043408 0.053429 0.475655 0.038229
0.044746 0.042090 0.066022 0.046270 0.046505 0.046602 0.043025 0.054643 0.047951 0.055437 0.467844 0.038865
0.057207 0.055087 0.059094 0.043900 0.042970 0.041269 0.042111 0.043400 0.044189 0.051669 0.481518 0.037588
0.042496 0.046478 0.066726 0.047332 0.045717 0.050082 0.044089 0.044898 0.046278 0.053506 0.473847 0.038551
0.045195 0.051141 0.071791 0.048746 0.045859 0.050536 0.044441 0.044808 0.048218 0.051945 0.457708 0.039611
0.043003 0.042709 0.065003 0.048579 0.045183 0.050547 0.044017 0.044423 0.043092 0.058486 0.475753 0.039205
0.048234 0.043964 0.062358 0.054205 0.048124 0.045491 0.046335 0.047717 0.050542 0.060180 0.451591 0.041260
0.044049 0.045261 0.065334 0.054966 0.048684 0.052375 0.046674 0.049134 0.051825 0.057503 0.442092 0.042103
0.044338 0.065231 0.074857 0.051562 0.047746 0.052717 0.046798 0.047152 0.047077 0.059954 0.421049 0.041520
0.047241 0.045626 0.072425 0.052981 0.048934 0.054355 0.047722 0.047769 0.047547 0.058314 0.435433 0.041652
0.042011 0.042246 0.069254 0.049422 0.043835 0.050862 0.042642 0.044099 0.043336 0.053752 0.480423 0.038118
0.058672 0.045046 0.065843 0.049158 0.047064 0.049208 0.045883 0.045970 0.047494 0.058851 0.445407 0.041405
0.041041 0.041709 0.068321 0.051028 0.044908 0.045510 0.043684 0.043839 0.046384 0.059489 0.475581 0.038507
0.044111 0.053611 0.062060 0.045933 0.041663 0.048991 0.039928 0.041454 0.042197 0.054512 0.488648 0.036893
0.043438 0.044570 0.054511 0.054620 0.047676 0.044716 0.045812 0.046731 0.052516 0.053610 0.470435 0.041366
0.043874 0.047190 0.064135 0.051495 0.047394 0.048929 0.046238 0.050207 0.050218 0.055717 0.453537 0.041065
0.049272 0.049841 0.062761 0.054754 0.048879 0.050184 0.048110 0.051505 0.049124 0.057354 0.435953 0.042262
0.045066 0.043729 0.071152 0.044722 0.046512 0.053636 0.045819 0.044367 0.043498 0.054356 0.468184 0.038957
0.043685 0.040997 0.061861 0.050535 0.044075 0.044861 0.043697 0.042950 0.043913 0.060240 0.484611 0.038577
0.041574 0.042330 0.067052 0.051508 0.044289 0.053341 0.044378 0.045514 0.051312 0.052194 0.467177 0.039330
0.048005 0.052082 0.075530 0.049283 0.046896 0.054697 0.045967 0.048702 0.052643 0.055979 0.428809 0.041409
0.050916 0.054307 0.062228 0.048187 0.043241 0.047997 0.043180 0.046753 0.059079 0.052205 0.453107 0.038800
0.047872 0.057920 0.061344 0.047546 0.044369 0.049476 0.043548 0.045808 0.045841 0.052286 0.465900 0.038091
0.048483 0.048240 0.066955 0.049011 0.046584 0.051960 0.045160 0.051144 0.047182 0.054826 0.450871 0.039584
0.042040 0.042497 0.060810 0.052423 0.046387 0.045656 0.044811 0.044579 0.049655 0.057848 0.472698 0.040596
0.055913 0.045298 0.067940 0.049933 0.048718 0.050636 0.046696 0.046300 0.051388 0.063359 0.432572 0.041246
0.061690 0.046459 0.069855 0.045901 0.044344 0.050974 0.043395 0.044661 0.045473 0.056260 0.452524 0.038463
0.041838 0.048015 0.054014 0.041148 0.038014 0.040347 0.037749 0.039264 0.050745 0.048696 0.525144 0.035025
0.054589 0.062537 0.057244 0.055719 0.047614 0.045667 0.045737 0.054807 0.067222 0.055472 0.411177 0.042216
0.051829 0.054092 0.071481 0.055578 0.049991 0.054533 0.047838 0.053822 0.055652 0.059677 0.403889 0.041619
0.041211 0.047824 0.077885 0.047886 0.047260 0.054648 0.045432 0.047623 0.060697 0.057757 0.433621 0.038157
0.044612 0.047948 0.057848 0.051588 0.047229 0.048627 0.046338 0.050127 0.056555 0.054571 0.453301 0.041256
0.048849 0.038332 0.066400 0.043123 0.042163 0.046290 0.039802 0.045185 0.045994 0.055177 0.493139 0.035547
0.049100 0.057642 0.052951 0.045267 0.042474 0.039689 0.040472 0.040785 0.042437 0.052914 0.499359 0.036910
0.043865 0.050057 0.054955 0.046159 0.044780 0.044471 0.044887 0.045147 0.051965 0.054125 0.478145 0.041443
0.048033 0.056028 0.073494 0.052618 0.050542 0.051151 0.047747 0.053254 0.053634 0.061156 0.409265 0.043078
0.047004 0.048841 0.077937 0.053743 0.052881 0.055443 0.048942 0.061936 0.062850 0.063515 0.383841 0.043066
0.037120 0.040240 0.061128 0.045455 0.042673 0.044331 0.042002 0.043634 0.047419 0.052995 0.506943 0.036060
0.046478 0.053308 0.072215 0.051465 0.046961 0.053674 0.044612 0.057225 0.057983 0.059347 0.418034 0.038700
0.047038 0.050544 0.062978 0.048190 0.044854 0.051543 0.041967 0.055719 0.055271 0.051132 0.452142 0.038624
0.044779 0.051412 0.057681 0.049197 0.044318 0.043639 0.043877 0.045902 0.055626 0.055581 0.467370 0.040618
0.061537 0.046540 0.064166 0.050201 0.050138 0.048090 0.049096 0.047605 0.048998 0.064372 0.426203 0.043053
0.049547 0.048410 0.081648 0.045848 0.045995 0.052557 0.043925 0.045553 0.051016 0.063388 0.431481 0.040633
0.047491 0.048727 0.067494 0.055031 0.050077 0.046587 0.048292 0.048122 0.049224 0.063540 0.430354 0.045061
0.068363 0.043592 0.064182 0.047768 0.048969 0.044064 0.045892 0.054092 0.048306 0.062018 0.432273 0.040482
0.045919 0.052195 0.079406 0.053520 0.047653 0.049962 0.046281 0.054468 0.049545 0.060670 0.418160 0.042222
0.053711 0.053739 0.077912 0.058797 0.053793 0.058771 0.052229 0.055589 0.052231 0.063176 0.373527 0.046525
0.052698 0.053456 0.074429 0.048833 0.050940 0.051525 0.048178 0.051654 0.049273 0.059600 0.417040 0.042373
0.044936 0.041525 0.068642 0.049276 0.043846 0.049302 0.041775 0.043154 0.044271 0.054989 0.479941 0.038342
0.044439 0.052479 0.052065 0.047588 0.044927 0.042657 0.043429 0.044350 0.046163 0.052829 0.487889 0.041186
0.051870 0.052182 0.065410 0.048174 0.050092 0.047363 0.047143 0.047748 0.051953 0.058080 0.436154 0.043832
0.056085 0.051067 0.070974 0.051442 0.048949 0.046219 0.047168 0.049838 0.057551 0.059384 0.417221 0.044102
0.052953 0.055426 0.074812 0.055860 0.054561 0.052423 0.053256 0.052787 0.052740 0.063016 0.385103 0.047064
0.041099 0.049947 0.081444 0.048105 0.047095 0.049640 0.045549 0.044483 0.042873 0.061480 0.450234 0.038051
0.042632 0.044061 0.073158 0.049701 0.045875 0.050598 0.043824 0.044359 0.047429 0.055984 0.462204 0.040175
0.040540 0.043213 0.061428 0.047135 0.046183 0.042077 0.043954 0.044500 0.046934 0.055179 0.490034 0.038822
0.058795 0.046816 0.070250 0.055796 0.048765 0.049078 0.047232 0.050297 0.060809 0.062454 0.407063 0.042645
0.079051 0.050806 0.067358 0.049843 0.046749 0.048948 0.046330 0.047375 0.057114 0.057196 0.409224 0.040007
0.044789 0.055970 0.059310 0.049713 0.044303 0.050872 0.044178 0.047896 0.050691 0.050430 0.462604 0.039243
0.055778 0.070980 0.068954 0.052944 0.047753 0.051224 0.046921 0.058315 0.053208 0.057300 0.395439 0.041184
0.051441 0.045823 0.065195 0.049029 0.047524 0.050024 0.045972 0.048217 0.052257 0.059032 0.444944 0.040541
0.053387 0.058777 0.070792 0.056075 0.052731 0.055487 0.051817 0.053893 0.054483 0.067303 0.378647 0.046609
0.045981 0.041633 0.065159 0.043164 0.044265 0.049840 0.042677 0.043305 0.047010 0.055307 0.484487 0.037172
0.040915 0.050652 0.057877 0.051782 0.041622 0.042296 0.041084 0.049539 0.045183 0.050708 0.489804 0.038538
0.048391 0.049299 0.057144 0.056411 0.049176 0.045847 0.046312 0.051183 0.054729 0.054592 0.444138 0.042777
0.047054 0.048973 0.064835 0.052141 0.048106 0.048065 0.045953 0.051593 0.053580 0.057746 0.440150 0.041803
0.053919 0.050740 0.080961 0.056781 0.051253 0.053308 0.049489 0.054452 0.061012 0.060372 0.383217 0.044497
0.038162 0.042430 0.054673 0.044148 0.042673 0.040270 0.040713 0.042637 0.045455 0.052640 0.519179 0.037021
0.063741 0.051442 0.066652 0.052967 0.044231 0.043570 0.042862 0.057827 0.054719 0.050888 0.430926 0.040174
0.083646 0.045625 0.053079 0.046203 0.042529 0.040374 0.041242 0.043762 0.049588 0.050421 0.465371 0.038158
0.061715 0.049659 0.068154 0.050707 0.046220 0.045597 0.045722 0.047305 0.052269 0.057374 0.434153 0.041125
0.041425 0.044709 0.073984 0.047596 0.048853 0.045540 0.047469 0.047367 0.055614 0.059584 0.448188 0.039671
0.043099 0.043097 0.082512 0.048071 0.044481 0.045713 0.042643 0.045986 0.047164 0.061261 0.458275 0.037697
0.049945 0.045981 0.076842 0.054189 0.049081 0.044789 0.047097 0.047951 0.049501 0.061412 0.432616 0.040596
0.040221 0.040863 0.064881 0.046868 0.043260 0.041942 0.041624 0.040969 0.040980 0.057553 0.504246 0.036593
0.044484 0.054227 0.077362 0.053717 0.046506 0.044629 0.044433 0.050777 0.048914 0.059879 0.434838 0.040234
0.055294 0.070580 0.064781 0.046521 0.047845 0.047771 0.045926 0.048352 0.047274 0.060913 0.424639 0.040105
0.049567 0.057781 0.074146 0.049910 0.047193 0.051487 0.044984 0.050089 0.055370 0.058761 0.421855 0.038858
0.053785 0.044090 0.060676 0.047283 0.042063 0.049155 0.041363 0.044804 0.054607 0.049388 0.475539 0.037247
0.058787 0.043151 0.065404 0.052639 0.042902 0.047708 0.040818 0.055541 0.051593 0.050909 0.453828 0.036721
0.043648 0.041524 0.059679 0.048256 0.043818 0.042638 0.041450 0.055113 0.050983 0.053202 0.482292 0.037396
0.075928 0.045964 0.053887 0.046919 0.043805 0.042631 0.042414 0.044230 0.047181 0.052605 0.464355 0.040080
0.045799 0.048270 0.074293 0.051856 0.051118 0.047873 0.048953 0.048959 0.051657 0.060116 0.428305 0.042801
0.047207 0.042278 0.071360 0.043931 0.044768 0.047727 0.042766 0.045345 0.050388 0.053393 0.472628 0.038207
0.043649 0.042425 0.070805 0.046613 0.045639 0.042041 0.043830 0.045634 0.046884 0.057313 0.474720 0.040446
0.044354 0.046566 0.066283 0.051720 0.047258 0.043171 0.045013 0.049016 0.046097 0.059518 0.462328 0.038674
0.049951 0.051653 0.087013 0.052519 0.050738 0.056134 0.048203 0.060190 0.051191 0.062913 0.386711 0.042784
0.043272 0.045066 0.066389 0.050759 0.047729 0.051175 0.046189 0.046005 0.044331 0.057003 0.461806 0.040275
0.060966 0.042313 0.077806 0.050909 0.048001 0.053061 0.046614 0.052097 0.047681 0.061959 0.418457 0.040137
