0.064700 0.058918 0.058961 0.058962 0.059050 0.058920 0.058962 0.068495 0.058980 0.064302 0.330832 0.058918
0.057795 0.057796 0.057947 0.060204 0.058979 0.057804 0.057816 0.069764 0.058402 0.068569 0.337130 0.057794
0.057097 0.057139 0.057174 0.062048 0.059155 0.057167 0.056995 0.065336 0.059539 0.070814 0.340549 0.056987
0.060766 0.059948 0.060083 0.068499 0.060739 0.060113 0.059910 0.068775 0.072157 0.067448 0.296615 0.064947
0.059104 0.059114 0.059355 0.075911 0.061162 0.059121 0.059371 0.060471 0.066772 0.063247 0.317281 0.059091
0.056756 0.056756 0.056802 0.056756 0.056756 0.056756 0.056842 0.064365 0.056756 0.057467 0.367233 0.056756
0.055502 0.056342 0.055740 0.057716 0.056721 0.055545 0.055568 0.067519 0.059072 0.071423 0.353350 0.055501
0.057136 0.052904 0.053402 0.060389 0.055860 0.053258 0.053162 0.069820 0.063979 0.057055 0.365008 0.058026
0.056153 0.056155 0.056344 0.064358 0.057043 0.056158 0.056321 0.056161 0.062926 0.059204 0.358039 0.061136
0.059045 0.062755 0.059038 0.064774 0.060482 0.059023 0.059049 0.065651 0.064994 0.066583 0.314577 0.064031
0.060236 0.060817 0.060280 0.066537 0.061709 0.060238 0.060274 0.075257 0.061265 0.062131 0.305453 0.065802
0.053915 0.053915 0.053960 0.059527 0.054058 0.053917 0.053960 0.081382 0.059545 0.060590 0.361316 0.053915
0.057304 0.054914 0.052632 0.052639 0.052773 0.052587 0.052630 0.056347 0.052664 0.064621 0.398303 0.052586
0.055735 0.051730 0.051692 0.059685 0.054763 0.051552 0.051603 0.054455 0.053323 0.058439 0.405481 0.051543
0.054890 0.056498 0.055295 0.067678 0.058223 0.055240 0.055009 0.062324 0.062310 0.060068 0.351869 0.060596
0.053392 0.053445 0.053699 0.060333 0.055719 0.053464 0.053608 0.059728 0.055222 0.055494 0.386950 0.058946
0.056757 0.058120 0.056742 0.062974 0.056723 0.056711 0.056769 0.063841 0.056712 0.068516 0.349425 0.056711
0.050604 0.050645 0.050648 0.050648 0.050740 0.050606 0.050648 0.059932 0.050667 0.055768 0.428489 0.050604
0.053718 0.055227 0.053869 0.056046 0.054801 0.053727 0.053780 0.064184 0.054303 0.059839 0.386788 0.053718
0.054386 0.054444 0.054621 0.054896 0.056193 0.054473 0.054486 0.076277 0.055561 0.061440 0.368837 0.054385
0.058778 0.057722 0.057663 0.069693 0.059004 0.057859 0.057578 0.063835 0.069093 0.058377 0.326702 0.063694
0.057016 0.060496 0.057265 0.059738 0.059397 0.057029 0.057194 0.064843 0.064428 0.061323 0.344273 0.056998
0.059974 0.059234 0.057336 0.057309 0.057318 0.057309 0.057358 0.070325 0.057310 0.061146 0.348073 0.057309
0.058647 0.057926 0.057287 0.071548 0.059793 0.057095 0.057118 0.065535 0.061632 0.063182 0.327620 0.062617
0.053686 0.055549 0.053692 0.059612 0.055397 0.053358 0.053542 0.065302 0.060010 0.056639 0.379965 0.053248
0.053959 0.053959 0.053962 0.055370 0.056190 0.053959 0.053960 0.053959 0.055809 0.064563 0.390353 0.053959
0.060140 0.061200 0.060339 0.069876 0.063610 0.060402 0.060196 0.073265 0.072975 0.067618 0.285090 0.065289
0.058356 0.065780 0.058263 0.066080 0.059818 0.057984 0.058131 0.065906 0.065044 0.062188 0.319543 0.062906
0.055844 0.060651 0.055827 0.056512 0.056238 0.055819 0.055832 0.062267 0.056553 0.060514 0.368125 0.055819
0.051152 0.051189 0.051362 0.061036 0.052961 0.051413 0.051212 0.054212 0.062167 0.071101 0.390905 0.051289
0.049190 0.047966 0.048191 0.051483 0.050138 0.047913 0.048098 0.062109 0.051007 0.055704 0.439805 0.048394
0.055553 0.055696 0.055686 0.063096 0.058196 0.055494 0.055558 0.056723 0.066837 0.061938 0.354762 0.060461
0.053394 0.055365 0.053809 0.061684 0.054042 0.053473 0.053658 0.062292 0.056510 0.058029 0.378815 0.058929
0.053908 0.057781 0.053909 0.055187 0.055471 0.053909 0.053908 0.054738 0.055417 0.059261 0.392602 0.053908
0.052039 0.055892 0.052025 0.055857 0.053530 0.052050 0.051842 0.058603 0.057011 0.059817 0.399399 0.051935
0.052080 0.052141 0.052538 0.066399 0.053536 0.052160 0.052356 0.071995 0.058307 0.063986 0.372437 0.052066
0.051623 0.053054 0.051863 0.058241 0.054450 0.051709 0.051806 0.059299 0.059079 0.055806 0.401446 0.051623
0.050860 0.050860 0.050860 0.066101 0.051148 0.050860 0.050860 0.050860 0.056991 0.051269 0.413465 0.055868
0.055942 0.059630 0.055989 0.056028 0.056182 0.055943 0.055947 0.067413 0.056042 0.065954 0.358989 0.055941
0.054545 0.059806 0.054492 0.057569 0.057514 0.054309 0.054295 0.069125 0.061061 0.059668 0.363346 0.054270
0.052565 0.052915 0.052716 0.064769 0.054734 0.052432 0.052444 0.060810 0.059029 0.062327 0.377484 0.057777
0.052034 0.052085 0.052340 0.058399 0.053527 0.052106 0.052249 0.056380 0.058449 0.063983 0.396427 0.052021
0.050894 0.053362 0.050941 0.056968 0.052548 0.050894 0.050981 0.058777 0.057492 0.053420 0.412829 0.050894
0.054491 0.054616 0.054537 0.060577 0.056244 0.054493 0.054534 0.076245 0.061158 0.060319 0.358296 0.054491
0.062656 0.055087 0.053588 0.058605 0.053681 0.053545 0.053547 0.068360 0.058628 0.057413 0.371296 0.053593
0.045379 0.050085 0.045423 0.048327 0.046017 0.045381 0.045383 0.049770 0.047192 0.047035 0.484628 0.045379
0.051962 0.051957 0.052195 0.059898 0.053601 0.052002 0.051984 0.061938 0.061281 0.059905 0.386312 0.056966
0.052092 0.052092 0.052518 0.059712 0.055782 0.052179 0.052406 0.061554 0.054772 0.066585 0.382675 0.057633
0.054022 0.054022 0.054022 0.054534 0.055754 0.054022 0.054022 0.060285 0.057013 0.060398 0.387881 0.054022
0.055628 0.055699 0.055866 0.063402 0.056842 0.055671 0.055693 0.064938 0.059191 0.066100 0.349778 0.061192
0.048630 0.054081 0.046867 0.051894 0.047034 0.046530 0.046752 0.056449 0.051741 0.051001 0.450804 0.048217
0.044953 0.044953 0.044953 0.052172 0.045049 0.044953 0.044953 0.049226 0.050984 0.046792 0.481049 0.049961
0.050544 0.051421 0.050588 0.058364 0.050768 0.050546 0.050579 0.063313 0.051624 0.051545 0.414598 0.056110
0.060653 0.055550 0.055594 0.056092 0.057313 0.055552 0.055594 0.059188 0.056661 0.057329 0.374925 0.055550
0.053328 0.053373 0.053477 0.055646 0.054361 0.053337 0.053389 0.062650 0.053894 0.054602 0.398615 0.053327
0.050881 0.050978 0.051227 0.058195 0.052059 0.050977 0.051041 0.060263 0.056552 0.061545 0.400393 0.055889
0.046015 0.046072 0.046211 0.046568 0.047951 0.046101 0.046112 0.062200 0.049133 0.053258 0.464365 0.046015
0.053093 0.053078 0.053091 0.064154 0.054645 0.053157 0.052936 0.057189 0.064103 0.054528 0.381974 0.058051
0.051434 0.052457 0.051788 0.053905 0.051998 0.051510 0.051686 0.064161 0.052590 0.058235 0.408811 0.051424
0.055760 0.056561 0.055810 0.061948 0.057317 0.055845 0.055699 0.065650 0.061879 0.061352 0.356454 0.055726
0.052085 0.052087 0.052482 0.059495 0.054929 0.052400 0.052305 0.055225 0.063137 0.057306 0.391355 0.057194
0.050972 0.055241 0.051212 0.051268 0.051360 0.050978 0.051228 0.064157 0.050990 0.056596 0.415050 0.050948
0.055179 0.059231 0.055266 0.059730 0.058337 0.055303 0.055154 0.063725 0.061376 0.061772 0.359741 0.055184
0.058308 0.059573 0.057755 0.060145 0.060441 0.057327 0.057493 0.067311 0.063838 0.064557 0.336053 0.057199
0.060760 0.056053 0.056562 0.061100 0.059203 0.056312 0.056340 0.063963 0.062218 0.069150 0.342260 0.056080
0.053266 0.049226 0.049626 0.054587 0.052896 0.049555 0.049456 0.054714 0.054181 0.057174 0.425951 0.049370
0.058569 0.063008 0.055476 0.060433 0.059583 0.055434 0.055276 0.058651 0.062357 0.067035 0.348936 0.055242
0.057825 0.057901 0.058261 0.068825 0.062677 0.058145 0.058131 0.071731 0.066778 0.064969 0.311788 0.062968
0.058994 0.061035 0.057253 0.063278 0.058863 0.057115 0.057209 0.059274 0.060106 0.062448 0.345002 0.059424
0.057552 0.061038 0.057548 0.063126 0.058686 0.057532 0.057561 0.064202 0.063317 0.064201 0.332697 0.062540
0.054380 0.054380 0.054423 0.060718 0.054567 0.054381 0.054424 0.067330 0.054463 0.055922 0.380633 0.054380
0.055769 0.055769 0.055813 0.056864 0.058623 0.055770 0.055813 0.065144 0.057630 0.062458 0.364577 0.055769
0.059487 0.059701 0.059635 0.062544 0.061976 0.059495 0.059548 0.072632 0.061017 0.066143 0.318337 0.059485
0.057519 0.057709 0.057853 0.067049 0.061341 0.057609 0.057632 0.075133 0.059946 0.065347 0.325346 0.057514
0.052016 0.052082 0.052209 0.053455 0.054004 0.052101 0.052112 0.058362 0.053815 0.064584 0.403244 0.052016
0.056567 0.056288 0.054799 0.061743 0.055643 0.054652 0.054633 0.058681 0.062978 0.064979 0.359417 0.059619
0.058129 0.057107 0.055622 0.061539 0.057333 0.055281 0.055469 0.065524 0.056368 0.064214 0.352677 0.060736
0.054412 0.054412 0.054412 0.055108 0.054834 0.054412 0.054412 0.054412 0.055162 0.057643 0.396366 0.054412
0.060365 0.058130 0.058362 0.060330 0.059290 0.058169 0.058192 0.069584 0.061682 0.066107 0.331661 0.058126
0.057610 0.057714 0.058111 0.062571 0.059831 0.057938 0.057920 0.085726 0.059641 0.069571 0.315639 0.057727
0.059385 0.061840 0.059637 0.061143 0.060404 0.059737 0.059465 0.073856 0.064374 0.070013 0.310607 0.059537
0.057946 0.059477 0.057612 0.066925 0.059072 0.057486 0.057480 0.069143 0.067425 0.062088 0.328004 0.057342
0.056492 0.056524 0.054523 0.054437 0.054601 0.054263 0.054451 0.067377 0.054289 0.060566 0.378299 0.054178
0.056509 0.057188 0.056740 0.059137 0.059119 0.056550 0.056603 0.057610 0.061028 0.066471 0.356538 0.056507
0.055770 0.059267 0.056291 0.061238 0.059705 0.056113 0.056057 0.067468 0.060819 0.060116 0.351254 0.055902
0.061133 0.061136 0.061484 0.070742 0.064296 0.061239 0.061230 0.066762 0.066459 0.066787 0.297606 0.061127
0.062057 0.056946 0.056930 0.065512 0.058495 0.056593 0.056855 0.057785 0.060531 0.067219 0.344562 0.056513
0.060799 0.060800 0.060804 0.061502 0.062197 0.060800 0.060800 0.073325 0.067352 0.062525 0.302733 0.066365
0.060072 0.060072 0.060116 0.060701 0.061354 0.060073 0.060077 0.072041 0.060910 0.075578 0.308936 0.060072
0.057023 0.057018 0.057231 0.064455 0.059334 0.057283 0.057081 0.066393 0.066189 0.064743 0.336092 0.057158
0.054937 0.056615 0.055450 0.057355 0.056473 0.055023 0.055188 0.059707 0.058565 0.064396 0.371397 0.054895
0.058599 0.058707 0.059204 0.062261 0.063099 0.058712 0.058962 0.066262 0.064105 0.067439 0.324088 0.058561
0.058263 0.058341 0.058742 0.061338 0.061371 0.058351 0.058544 0.058345 0.061858 0.067057 0.339554 0.058235
0.063200 0.066185 0.063280 0.072441 0.064602 0.063236 0.063031 0.070568 0.068101 0.070043 0.266711 0.068602
0.057800 0.053023 0.053081 0.058553 0.053120 0.052846 0.052990 0.063257 0.058413 0.059300 0.384855 0.052761
0.053414 0.053414 0.053463 0.058989 0.053467 0.053414 0.053500 0.067286 0.053430 0.057747 0.382898 0.058979
0.056247 0.056587 0.056291 0.056876 0.057527 0.056249 0.056291 0.068469 0.057085 0.061547 0.360584 0.056247
0.062182 0.062194 0.062330 0.072299 0.063364 0.062191 0.062203 0.079019 0.063788 0.063686 0.278997 0.067747
0.056798 0.057547 0.057034 0.057567 0.057510 0.056885 0.056932 0.071670 0.057699 0.067511 0.346047 0.056798
0.059014 0.060349 0.059024 0.068057 0.060620 0.059101 0.058868 0.068640 0.069160 0.070806 0.302371 0.063991
0.050346 0.052015 0.050702 0.051193 0.051964 0.050422 0.050594 0.052075 0.051263 0.058550 0.430539 0.050336
0.057095 0.057148 0.057329 0.061673 0.058236 0.057132 0.057198 0.064677 0.063566 0.062308 0.346547 0.057090
0.054637 0.057185 0.055084 0.057652 0.057740 0.054653 0.054887 0.057736 0.058200 0.062934 0.374756 0.054536
0.058808 0.058808 0.059003 0.064606 0.061043 0.058895 0.058906 0.070721 0.060089 0.060003 0.330311 0.058808
0.055166 0.055406 0.055353 0.057345 0.056266 0.055205 0.055187 0.055166 0.058445 0.064563 0.376733 0.055165
0.059417 0.067715 0.059738 0.068458 0.061196 0.059511 0.059476 0.067413 0.069411 0.062141 0.301226 0.064298
0.061245 0.058689 0.058994 0.064493 0.060169 0.058758 0.058902 0.061078 0.064543 0.062329 0.327120 0.063681
0.057715 0.057715 0.057762 0.057715 0.057718 0.057715 0.057801 0.077849 0.057717 0.057838 0.344741 0.057715
0.061324 0.066562 0.061422 0.063630 0.062409 0.061284 0.061332 0.070198 0.061871 0.074482 0.294210 0.061275
0.060615 0.067215 0.061035 0.063340 0.063665 0.060738 0.060772 0.081970 0.068496 0.063462 0.288082 0.060610
0.058727 0.058818 0.059107 0.066772 0.059246 0.058813 0.058998 0.058815 0.065398 0.067103 0.329498 0.058705
0.059711 0.059711 0.059712 0.065263 0.061502 0.059711 0.059711 0.065974 0.067734 0.061565 0.314686 0.064719
0.058897 0.059942 0.058132 0.064980 0.059363 0.058088 0.058092 0.059627 0.058926 0.064538 0.341328 0.058087
0.055614 0.055614 0.055657 0.057064 0.058002 0.055616 0.055618 0.073846 0.059469 0.056713 0.361173 0.055614
0.058387 0.060171 0.058341 0.059034 0.058854 0.058299 0.058342 0.062710 0.059092 0.072338 0.336135 0.058297
0.059723 0.061291 0.059866 0.062416 0.062366 0.059730 0.059742 0.068466 0.061294 0.071800 0.313585 0.059721
0.058219 0.058363 0.058579 0.063203 0.060454 0.058567 0.058333 0.058301 0.064373 0.065885 0.337365 0.058359
0.061017 0.065756 0.060486 0.068781 0.061801 0.060295 0.060247 0.065169 0.069785 0.064147 0.297401 0.065117
0.056949 0.058678 0.057150 0.062036 0.057151 0.056889 0.057081 0.063883 0.061899 0.058981 0.347489 0.061813
0.056603 0.056603 0.056649 0.056603 0.056603 0.056603 0.056689 0.064212 0.056603 0.056789 0.369442 0.056603
0.061268 0.060743 0.058113 0.060081 0.059044 0.057920 0.057942 0.068988 0.061427 0.062504 0.334092 0.057877
0.062458 0.062546 0.062982 0.065497 0.065480 0.062547 0.062783 0.080953 0.064126 0.066158 0.282044 0.062428
0.060037 0.060037 0.060232 0.060544 0.061796 0.060124 0.060135 0.060122 0.061156 0.066813 0.328970 0.060037
0.061770 0.061594 0.061335 0.065568 0.063887 0.061421 0.061194 0.067439 0.066569 0.068857 0.299057 0.061308
0.056752 0.056484 0.056820 0.061011 0.059412 0.056638 0.056573 0.065293 0.062205 0.060545 0.351821 0.056444
0.056485 0.057006 0.057039 0.069106 0.058159 0.056612 0.056812 0.068269 0.061190 0.063646 0.339192 0.056485
0.057488 0.057738 0.057918 0.065542 0.058064 0.057572 0.057843 0.062717 0.064177 0.064923 0.338555 0.057464
0.058923 0.058923 0.058923 0.059421 0.060560 0.058923 0.058924 0.064489 0.059968 0.067387 0.334636 0.058923
0.067369 0.063963 0.062462 0.073901 0.064182 0.062499 0.062270 0.070577 0.075557 0.064278 0.270534 0.062407
0.060660 0.061486 0.060241 0.066056 0.060893 0.059964 0.060110 0.074319 0.065856 0.062849 0.302680 0.064886
0.058837 0.058907 0.058883 0.060115 0.060400 0.058837 0.058922 0.072681 0.060345 0.065408 0.327829 0.058837
0.059507 0.059647 0.059715 0.064288 0.062416 0.059756 0.059564 0.068876 0.065618 0.071299 0.309677 0.059635
0.060605 0.064559 0.058045 0.057949 0.058308 0.057708 0.057856 0.068945 0.060699 0.067913 0.329831 0.057583
0.057346 0.057280 0.057440 0.059901 0.059954 0.057031 0.057289 0.066828 0.067059 0.064811 0.332541 0.062520
0.053753 0.051337 0.051692 0.057172 0.053309 0.051397 0.051580 0.051399 0.057551 0.055561 0.412483 0.052767
0.055880 0.060773 0.055881 0.061473 0.057027 0.055880 0.055880 0.056168 0.061664 0.057492 0.360993 0.060888
0.052210 0.055562 0.052235 0.052235 0.052320 0.052192 0.052207 0.065469 0.052253 0.053668 0.407457 0.052191
0.058465 0.058457 0.058694 0.060710 0.059657 0.058502 0.058524 0.074096 0.062016 0.064159 0.328262 0.058458
0.055913 0.055936 0.056468 0.058909 0.058589 0.055982 0.056187 0.065269 0.060274 0.070328 0.350312 0.055831
0.054267 0.054312 0.054732 0.056255 0.055603 0.054626 0.054528 0.059906 0.059254 0.066441 0.375689 0.054388
0.057689 0.057933 0.058051 0.067252 0.059756 0.057959 0.057879 0.069528 0.067892 0.068348 0.314896 0.062816
0.055502 0.065493 0.054176 0.070010 0.054492 0.053939 0.054087 0.068130 0.062529 0.055961 0.351827 0.053855
0.056706 0.057261 0.052625 0.054827 0.052712 0.052616 0.052632 0.060221 0.053634 0.053036 0.401114 0.052616
0.055440 0.055578 0.055670 0.057637 0.056602 0.055478 0.055501 0.068411 0.058993 0.065362 0.359892 0.055434
0.054766 0.056764 0.053048 0.055058 0.055566 0.052908 0.052809 0.066049 0.058655 0.060854 0.380857 0.052667
0.058687 0.059895 0.059012 0.064341 0.062659 0.058924 0.058841 0.069003 0.065727 0.068016 0.316122 0.058773
0.059883 0.060346 0.060222 0.068161 0.062285 0.060224 0.060167 0.067433 0.067903 0.071708 0.301633 0.060036
0.056791 0.073126 0.056797 0.062383 0.057944 0.056788 0.056791 0.063811 0.062575 0.058161 0.333038 0.061796
0.057951 0.054602 0.050941 0.050927 0.050936 0.050927 0.050953 0.057476 0.050927 0.061045 0.412388 0.050927
0.057868 0.063236 0.058076 0.067981 0.061789 0.058128 0.057886 0.079685 0.064506 0.063937 0.308906 0.058003
0.058468 0.064142 0.058722 0.059821 0.060875 0.058452 0.058631 0.064367 0.060285 0.062071 0.335800 0.058367
0.061127 0.060101 0.060063 0.071297 0.063724 0.059922 0.060016 0.061218 0.062398 0.067677 0.306024 0.066434
0.058573 0.058642 0.058816 0.066601 0.060742 0.058659 0.058672 0.064919 0.065360 0.062582 0.327858 0.058573
0.059355 0.073234 0.059355 0.060135 0.060880 0.059355 0.059355 0.061332 0.060421 0.070020 0.317205 0.059355
0.061477 0.060560 0.058085 0.068457 0.059681 0.058136 0.057912 0.066149 0.063327 0.067768 0.320436 0.058012
0.056195 0.056262 0.056631 0.058711 0.057596 0.056255 0.056411 0.071799 0.062398 0.069294 0.336720 0.061727
0.056307 0.060634 0.054703 0.056214 0.057709 0.054555 0.054640 0.061907 0.057087 0.056986 0.374789 0.054469
0.060505 0.060505 0.060505 0.062715 0.060606 0.060505 0.060505 0.060505 0.061523 0.072521 0.319100 0.060505
0.066136 0.071298 0.065954 0.074076 0.066842 0.066192 0.065949 0.074862 0.067404 0.071462 0.243739 0.066086
0.058263 0.071522 0.057912 0.057955 0.058036 0.057863 0.057866 0.065919 0.057926 0.066678 0.332199 0.057861
0.057078 0.054709 0.051905 0.056750 0.053924 0.051964 0.051767 0.058659 0.057801 0.061235 0.392362 0.051846
0.056622 0.057261 0.055991 0.063602 0.058757 0.055807 0.055709 0.071241 0.061769 0.065737 0.341312 0.056192
0.058781 0.062715 0.059284 0.070324 0.060696 0.058853 0.059062 0.060268 0.064082 0.061833 0.325378 0.058726
0.060972 0.061092 0.061393 0.061699 0.062973 0.061052 0.061319 0.074880 0.062077 0.069160 0.302440 0.060942
0.075295 0.064952 0.065037 0.068750 0.065838 0.064941 0.064951 0.070499 0.065433 0.068488 0.256113 0.069703
0.054168 0.057955 0.053374 0.053961 0.054891 0.053223 0.053236 0.061587 0.054353 0.060414 0.389703 0.053135
0.056213 0.055657 0.055831 0.071446 0.057681 0.055884 0.055677 0.061919 0.066439 0.060585 0.341886 0.060783
0.055135 0.055308 0.055479 0.056481 0.058474 0.055202 0.055386 0.068689 0.059030 0.066815 0.358887 0.055115
0.065090 0.065090 0.065242 0.070161 0.067235 0.065097 0.065194 0.072699 0.067386 0.066542 0.265175 0.065089
0.058734 0.058907 0.059075 0.061084 0.059947 0.058828 0.058890 0.061795 0.059407 0.069945 0.334654 0.058733
0.061461 0.059245 0.056264 0.063061 0.057084 0.056000 0.055992 0.064543 0.064481 0.062752 0.343201 0.055913
0.051791 0.051804 0.052183 0.062915 0.054433 0.051886 0.052071 0.051888 0.058099 0.059192 0.396953 0.056785
0.054849 0.054849 0.054853 0.065222 0.055189 0.054849 0.054849 0.061112 0.057892 0.055912 0.375576 0.054849
0.064523 0.064522 0.064757 0.067311 0.066838 0.064564 0.064587 0.067633 0.068853 0.075853 0.266039 0.064520
0.058505 0.058559 0.058920 0.061229 0.059150 0.058583 0.058810 0.074221 0.061618 0.061788 0.330143 0.058474
0.058406 0.058412 0.058511 0.060718 0.059398 0.058413 0.058423 0.064668 0.058917 0.071763 0.333964 0.058405
0.060207 0.060286 0.060573 0.069545 0.062110 0.060556 0.060323 0.072119 0.070693 0.066961 0.291270 0.065356
0.057458 0.057504 0.057759 0.063264 0.057849 0.057525 0.057669 0.069354 0.063113 0.064021 0.337044 0.057440
0.060020 0.061430 0.060002 0.062393 0.060076 0.059971 0.060029 0.073349 0.069207 0.060085 0.313467 0.059971
0.057313 0.057353 0.057357 0.057357 0.057441 0.057315 0.057357 0.064651 0.057375 0.062123 0.357045 0.057313
0.063493 0.061471 0.060328 0.070501 0.063543 0.060378 0.060136 0.070740 0.072174 0.061835 0.295146 0.060254
0.055145 0.054511 0.054843 0.055442 0.055376 0.054568 0.054713 0.063238 0.055362 0.067018 0.375302 0.054482
0.066182 0.065386 0.064369 0.075403 0.068036 0.064499 0.064320 0.077017 0.073101 0.071198 0.244117 0.066372
0.059106 0.061293 0.058740 0.059164 0.059900 0.058604 0.058616 0.065907 0.065008 0.067647 0.321919 0.064098
0.059414 0.059798 0.057430 0.064362 0.057820 0.057406 0.057450 0.060386 0.058139 0.058128 0.352261 0.057406
0.052468 0.052468 0.052511 0.052512 0.052605 0.052469 0.052512 0.059853 0.052530 0.063906 0.403700 0.052468
0.056155 0.057945 0.056302 0.056736 0.058050 0.056194 0.056205 0.067028 0.060194 0.057441 0.361596 0.056154
0.058006 0.058087 0.058363 0.059510 0.061429 0.058044 0.058205 0.063715 0.062748 0.068767 0.335157 0.057969
0.056894 0.056928 0.057205 0.062492 0.059267 0.057158 0.057107 0.063166 0.059538 0.063869 0.349353 0.057023
0.058157 0.057967 0.058234 0.062722 0.061059 0.058216 0.057999 0.064231 0.064138 0.070353 0.328894 0.058030
0.057338 0.060245 0.057735 0.061735 0.059242 0.057575 0.057509 0.070324 0.062703 0.059844 0.338381 0.057368
0.056616 0.056709 0.057154 0.058990 0.058033 0.056720 0.056929 0.068539 0.060193 0.068290 0.345234 0.056594
0.061993 0.061762 0.060020 0.062506 0.062446 0.059581 0.059857 0.063995 0.061121 0.068255 0.318998 0.059466
0.059668 0.060965 0.059953 0.066490 0.061468 0.060011 0.059780 0.066133 0.062678 0.061125 0.321902 0.059826
0.061864 0.063127 0.062070 0.077129 0.062395 0.061920 0.061902 0.078939 0.070435 0.063469 0.269924 0.066826
0.063702 0.073196 0.061272 0.067102 0.062872 0.061058 0.061250 0.068279 0.067031 0.066577 0.281630 0.066031
0.061992 0.059786 0.059786 0.068147 0.061027 0.059786 0.059786 0.068163 0.061580 0.060923 0.313675 0.065351
0.059428 0.065687 0.059473 0.066322 0.060725 0.059430 0.059472 0.066813 0.060269 0.071750 0.311203 0.059428
0.056352 0.057102 0.056399 0.056905 0.058172 0.056353 0.056396 0.067007 0.057479 0.063162 0.358322 0.056352
0.061528 0.061686 0.061630 0.069554 0.064696 0.061494 0.061546 0.064456 0.063236 0.072581 0.296110 0.061484
0.066760 0.064118 0.062240 0.072353 0.064578 0.061994 0.062017 0.064333 0.066544 0.067129 0.281016 0.066918
0.054826 0.054885 0.055018 0.055522 0.055347 0.054911 0.054922 0.054909 0.055680 0.060195 0.388958 0.054826
0.060805 0.058921 0.059091 0.063060 0.060558 0.059172 0.058940 0.068122 0.064182 0.072811 0.315285 0.059054
0.061512 0.060062 0.060238 0.068225 0.061081 0.060241 0.060146 0.072506 0.061447 0.066539 0.307952 0.060051
0.055741 0.055741 0.055794 0.055741 0.055749 0.055741 0.055828 0.063350 0.055742 0.058713 0.376119 0.055741
0.060050 0.060078 0.060238 0.067171 0.061038 0.060042 0.060108 0.066892 0.068390 0.065315 0.305666 0.065013
0.059534 0.061748 0.059950 0.066099 0.060156 0.059611 0.059798 0.079283 0.059683 0.063308 0.311329 0.059501
0.060510 0.071614 0.060510 0.061246 0.061002 0.060509 0.060509 0.067394 0.066833 0.061142 0.302655 0.066075
0.059413 0.061615 0.059426 0.059426 0.059523 0.059383 0.059405 0.066929 0.059445 0.065482 0.330573 0.059381
0.061554 0.066815 0.061700 0.069463 0.063727 0.061560 0.061572 0.077794 0.067899 0.064209 0.277147 0.066559
0.053957 0.057908 0.054194 0.055944 0.057698 0.054044 0.054097 0.063572 0.056945 0.058627 0.379059 0.053957
0.057130 0.057132 0.057238 0.059929 0.059703 0.057137 0.057148 0.057129 0.058677 0.072959 0.348689 0.057129
0.062738 0.063128 0.062794 0.070234 0.065305 0.062825 0.062604 0.071204 0.075976 0.076524 0.264056 0.062613
0.053940 0.053950 0.054142 0.056625 0.054361 0.053955 0.054119 0.053959 0.056931 0.059461 0.394631 0.053926
0.058933 0.058874 0.059006 0.069219 0.060424 0.059044 0.058894 0.060103 0.064076 0.060817 0.331686 0.058925
0.052456 0.052503 0.052802 0.052710 0.052915 0.052526 0.052672 0.062505 0.052587 0.055358 0.408524 0.052440
0.058366 0.064176 0.058598 0.061725 0.061464 0.058406 0.058462 0.071369 0.063622 0.060263 0.325187 0.058364
0.059926 0.059927 0.060337 0.065237 0.060520 0.059997 0.060182 0.078229 0.065080 0.072785 0.292887 0.064894
0.061270 0.066730 0.061271 0.062008 0.061774 0.061270 0.061271 0.066878 0.062029 0.073910 0.300317 0.061270
0.056875 0.056817 0.056855 0.063816 0.059730 0.056924 0.056703 0.062946 0.065778 0.065232 0.341513 0.056810
0.059201 0.061689 0.059633 0.064091 0.061309 0.059515 0.059438 0.070945 0.061233 0.063007 0.320610 0.059329
0.060485 0.061760 0.060829 0.063642 0.064284 0.060540 0.060616 0.071938 0.065791 0.072580 0.297105 0.060429
0.056615 0.056603 0.057080 0.067772 0.057978 0.056642 0.056920 0.060562 0.060112 0.060686 0.352504 0.056525
0.059149 0.059150 0.059345 0.070545 0.061451 0.059236 0.059247 0.064800 0.066016 0.065356 0.316557 0.059149
0.060170 0.060170 0.060170 0.065736 0.060171 0.060170 0.060170 0.064443 0.060170 0.060301 0.322592 0.065736
0.058648 0.062460 0.058692 0.064168 0.060353 0.058650 0.058652 0.065863 0.064743 0.059906 0.324208 0.063656
0.060633 0.060950 0.059628 0.060915 0.061317 0.059581 0.059583 0.067525 0.061184 0.066022 0.323082 0.059579
0.057949 0.058324 0.058158 0.063701 0.061616 0.058209 0.058007 0.064510 0.065088 0.071817 0.324538 0.058084
0.056902 0.056940 0.057326 0.064025 0.059166 0.057212 0.057155 0.071894 0.059972 0.075227 0.327155 0.057026
0.060659 0.060777 0.060928 0.064860 0.062387 0.060886 0.060735 0.068152 0.065936 0.074554 0.299432 0.060694
0.060164 0.064529 0.058393 0.067947 0.059281 0.058035 0.058242 0.059219 0.066628 0.062044 0.325860 0.059658
0.052161 0.060217 0.052345 0.052151 0.052256 0.052236 0.052251 0.054448 0.052236 0.057196 0.410352 0.052151
0.056106 0.054579 0.054750 0.058860 0.056245 0.054843 0.054599 0.062345 0.059970 0.055766 0.377217 0.054720
0.053195 0.053838 0.053539 0.058922 0.055228 0.053263 0.053450 0.068291 0.059356 0.056007 0.376725 0.058186
0.057730 0.057724 0.057717 0.058257 0.058826 0.057672 0.057756 0.065237 0.058448 0.066790 0.346171 0.057671
0.061288 0.061328 0.061424 0.066670 0.064474 0.061547 0.061307 0.072559 0.064198 0.069208 0.294552 0.061445
0.061746 0.063898 0.059088 0.068093 0.061674 0.058797 0.058813 0.067958 0.063935 0.067121 0.308794 0.060083
0.052000 0.059938 0.052411 0.057352 0.052583 0.052109 0.052297 0.061610 0.057143 0.066803 0.378748 0.057007
0.057231 0.056199 0.056199 0.058621 0.056312 0.056199 0.056199 0.058560 0.059175 0.062173 0.360674 0.062461
0.058149 0.064412 0.058193 0.060989 0.059517 0.058151 0.058194 0.061262 0.060005 0.063986 0.338993 0.058149
0.051630 0.052428 0.051673 0.052185 0.053485 0.051631 0.051674 0.063701 0.054687 0.058084 0.407194 0.051630
0.055629 0.055896 0.055721 0.057819 0.058142 0.055875 0.055634 0.064676 0.061469 0.061009 0.362385 0.055745
0.053145 0.056377 0.053489 0.054312 0.055271 0.053194 0.053330 0.066341 0.057028 0.064969 0.379420 0.053125
0.054090 0.065132 0.054026 0.063864 0.056180 0.053889 0.053856 0.057669 0.064529 0.060126 0.357889 0.058749
0.053456 0.053471 0.053763 0.059235 0.053809 0.053529 0.053672 0.053530 0.053531 0.065245 0.387749 0.059010
0.056261 0.063335 0.056305 0.056261 0.056261 0.056261 0.056344 0.076873 0.056261 0.056556 0.353022 0.056261
0.061101 0.058571 0.058672 0.065378 0.060483 0.058559 0.058569 0.070133 0.062583 0.060766 0.326667 0.058519
0.050057 0.050146 0.050239 0.050318 0.050468 0.049986 0.050217 0.058428 0.050049 0.057799 0.432342 0.049950
0.065235 0.060665 0.058653 0.076884 0.061078 0.058555 0.058565 0.067059 0.064573 0.061285 0.303764 0.063683
0.054335 0.062899 0.054573 0.059853 0.056145 0.054421 0.054435 0.062734 0.060534 0.056761 0.363970 0.059341
0.064667 0.060693 0.060694 0.061975 0.062275 0.060693 0.060693 0.068141 0.062222 0.071309 0.305944 0.060693
0.053109 0.059454 0.053148 0.058157 0.053234 0.053107 0.053149 0.056120 0.058175 0.059615 0.384618 0.058113
0.049583 0.050827 0.049628 0.050141 0.051456 0.049585 0.049628 0.061049 0.052640 0.059492 0.426387 0.049583
0.056074 0.056600 0.055356 0.059942 0.058579 0.055401 0.055160 0.056859 0.061649 0.065955 0.363147 0.055277
0.053519 0.053817 0.053746 0.069973 0.058013 0.053551 0.053498 0.055709 0.068241 0.060687 0.365898 0.053347
0.053493 0.060930 0.053815 0.064092 0.054178 0.053548 0.053753 0.060792 0.062146 0.057538 0.366683 0.059030
0.054244 0.054369 0.054290 0.059253 0.054254 0.054244 0.054328 0.061805 0.059253 0.059525 0.375181 0.059253
0.054131 0.059682 0.054175 0.054175 0.054259 0.054133 0.054135 0.077233 0.054193 0.061842 0.367911 0.054131
0.058104 0.051765 0.050223 0.052734 0.051452 0.050460 0.050223 0.057236 0.052399 0.057868 0.417182 0.050355
0.050181 0.050270 0.050399 0.055012 0.053584 0.050445 0.050244 0.058776 0.056635 0.065980 0.408155 0.050320
0.053874 0.054571 0.054282 0.059362 0.058687 0.054101 0.054071 0.061197 0.062965 0.059433 0.373562 0.053895
0.057618 0.063733 0.058116 0.065585 0.060133 0.057729 0.057856 0.063975 0.066970 0.066643 0.319030 0.062611
0.055692 0.054203 0.052538 0.054819 0.052665 0.052215 0.052448 0.054411 0.055190 0.058985 0.404728 0.052105
0.053314 0.057480 0.053499 0.055466 0.054347 0.053349 0.053329 0.067405 0.056800 0.062379 0.379325 0.053307
0.054916 0.054919 0.055495 0.065528 0.058752 0.055247 0.055228 0.067934 0.067045 0.060070 0.349853 0.055013
0.048645 0.048422 0.047417 0.048569 0.050537 0.047184 0.047326 0.048897 0.049275 0.056606 0.460023 0.047099
0.064805 0.061581 0.061046 0.081140 0.063926 0.061101 0.060930 0.065069 0.075011 0.063856 0.279779 0.061757
0.055248 0.063012 0.055243 0.061210 0.058087 0.054965 0.055111 0.068603 0.061836 0.065064 0.341733 0.059888
0.054936 0.057240 0.054909 0.061183 0.055413 0.054883 0.054926 0.073603 0.061218 0.062894 0.353912 0.054883
0.050608 0.051496 0.050652 0.050654 0.050759 0.050610 0.050652 0.061849 0.050673 0.064668 0.416772 0.050608
0.055384 0.052584 0.051535 0.055744 0.052614 0.051342 0.051365 0.061431 0.055892 0.053334 0.407478 0.051298
0.054959 0.060543 0.055439 0.061674 0.058930 0.055036 0.055189 0.058171 0.059940 0.061484 0.363748 0.054887
0.053521 0.053860 0.053834 0.055042 0.056044 0.053561 0.053722 0.059793 0.057945 0.060996 0.388190 0.053491
0.056437 0.062202 0.056403 0.060903 0.059125 0.056263 0.056230 0.062323 0.061942 0.073898 0.338159 0.056114
0.060565 0.054304 0.054802 0.062244 0.055680 0.054416 0.054540 0.066902 0.063441 0.060225 0.358592 0.054289
0.052463 0.052779 0.052887 0.058294 0.052898 0.052546 0.052817 0.065767 0.058113 0.062407 0.386591 0.052437
0.064990 0.059639 0.058727 0.058727 0.058727 0.058727 0.058727 0.066821 0.058727 0.058838 0.338620 0.058727
0.061664 0.061716 0.060525 0.061023 0.062244 0.060483 0.060485 0.073890 0.067835 0.062126 0.307529 0.060481
0.057869 0.063775 0.057916 0.058616 0.058458 0.057870 0.057873 0.074050 0.058699 0.063264 0.333742 0.057868
0.064954 0.064732 0.061317 0.070969 0.063193 0.061396 0.061166 0.069157 0.072145 0.070639 0.274046 0.066287
0.060257 0.058588 0.057676 0.060379 0.059037 0.057397 0.057544 0.068011 0.059254 0.071248 0.333297 0.057311
0.058034 0.058031 0.058246 0.063233 0.060296 0.058293 0.058135 0.063649 0.064240 0.066367 0.333307 0.058170
0.055165 0.055334 0.055663 0.066414 0.058895 0.055479 0.055420 0.067752 0.061697 0.070139 0.342773 0.055270
0.053842 0.058244 0.054086 0.054417 0.055648 0.053810 0.054033 0.060631 0.054835 0.060381 0.386347 0.053726
0.056910 0.058794 0.057108 0.063384 0.058666 0.057174 0.056982 0.057678 0.063293 0.063386 0.349576 0.057051
0.058554 0.059117 0.056379 0.065311 0.057920 0.056190 0.056101 0.062453 0.066188 0.059653 0.344138 0.057998
0.058169 0.058753 0.056709 0.057874 0.058280 0.056453 0.056635 0.066056 0.057980 0.065514 0.351210 0.056368
0.055242 0.055610 0.055284 0.057060 0.055966 0.055522 0.055321 0.068976 0.056666 0.056772 0.372163 0.055419
0.070473 0.058706 0.058861 0.061614 0.060935 0.058712 0.058765 0.061839 0.060059 0.068518 0.322816 0.058702
0.057514 0.058532 0.057945 0.065825 0.059835 0.057637 0.057713 0.072545 0.067436 0.060808 0.326703 0.057508
0.053809 0.056330 0.054067 0.061189 0.054209 0.053772 0.053955 0.060305 0.059497 0.062024 0.372151 0.058690
0.057040 0.057042 0.057045 0.059849 0.058348 0.057041 0.057041 0.063303 0.058855 0.067223 0.350173 0.057040
0.060347 0.060643 0.059412 0.063874 0.062073 0.059441 0.059219 0.063658 0.065199 0.062086 0.324723 0.059324
0.056721 0.056971 0.057176 0.070177 0.058791 0.056802 0.056996 0.072162 0.059212 0.069478 0.328807 0.056707
0.058693 0.061881 0.059026 0.070373 0.061936 0.059036 0.058891 0.060658 0.061737 0.074082 0.314835 0.058850
0.054730 0.054730 0.054895 0.060804 0.056469 0.054801 0.054810 0.066627 0.061399 0.058039 0.367966 0.054730
0.060825 0.057798 0.057597 0.062695 0.057676 0.057548 0.057632 0.070285 0.062694 0.068120 0.328714 0.058416
0.054937 0.056303 0.054982 0.054982 0.055074 0.054939 0.054942 0.069969 0.055001 0.062559 0.371376 0.054937
0.059436 0.059178 0.057980 0.063067 0.059428 0.057787 0.057769 0.069630 0.065024 0.065103 0.327856 0.057743
0.055343 0.055386 0.055763 0.058746 0.058180 0.055706 0.055652 0.064801 0.058420 0.063940 0.362572 0.055492
0.062939 0.057940 0.057928 0.059931 0.058851 0.057770 0.057751 0.061654 0.061232 0.068065 0.338211 0.057728
0.062265 0.062379 0.062788 0.068811 0.065905 0.062380 0.062618 0.075498 0.072238 0.072025 0.265851 0.067241
0.060278 0.062937 0.060493 0.060573 0.060645 0.060281 0.060472 0.068776 0.060283 0.070220 0.314797 0.060246
0.057687 0.057623 0.057648 0.066484 0.059110 0.057713 0.057493 0.057474 0.067626 0.064509 0.334025 0.062607
0.057257 0.056479 0.054387 0.054293 0.054501 0.054109 0.054273 0.062044 0.054171 0.056931 0.387533 0.054022
0.055737 0.055737 0.055784 0.057979 0.055892 0.055737 0.055824 0.073882 0.056776 0.056156 0.364759 0.055737
0.065240 0.070363 0.065341 0.068556 0.069348 0.065152 0.065168 0.073955 0.077012 0.068797 0.245961 0.065108
0.059823 0.059867 0.060218 0.065702 0.060410 0.059883 0.060068 0.071156 0.059967 0.066508 0.311059 0.065339
0.059140 0.055612 0.055616 0.061615 0.056211 0.055612 0.055613 0.073704 0.061567 0.064217 0.344766 0.056327
0.051704 0.055018 0.051425 0.051432 0.051564 0.051379 0.051382 0.052053 0.051457 0.066272 0.414937 0.051377
0.063673 0.062826 0.058030 0.071049 0.061392 0.058080 0.057842 0.062449 0.072827 0.060467 0.308402 0.062964
0.052506 0.052549 0.052849 0.054968 0.053061 0.052573 0.052760 0.059958 0.053657 0.061970 0.400661 0.052487
0.059486 0.059480 0.059672 0.068324 0.062049 0.059476 0.059540 0.060745 0.063949 0.064884 0.322963 0.059433
0.053195 0.053371 0.053537 0.059718 0.053725 0.053200 0.053423 0.068526 0.053283 0.058536 0.386395 0.053090
0.052631 0.056666 0.052631 0.052631 0.052643 0.052631 0.052631 0.057825 0.052632 0.061356 0.403093 0.052631
0.053783 0.055117 0.052360 0.056351 0.053908 0.052400 0.052168 0.057363 0.057488 0.058948 0.397835 0.052279
0.054322 0.054540 0.053111 0.057719 0.055106 0.052917 0.052827 0.068821 0.058770 0.055933 0.383223 0.052711
0.051258 0.051351 0.051791 0.055366 0.055755 0.051360 0.051569 0.065168 0.057362 0.057109 0.400677 0.051233
0.055315 0.057725 0.055389 0.055203 0.055545 0.054977 0.055215 0.056513 0.057917 0.062894 0.378476 0.054830
0.060065 0.062779 0.060464 0.062986 0.063077 0.060103 0.060275 0.075027 0.068293 0.069083 0.297820 0.060027
0.054689 0.057424 0.055064 0.070331 0.055450 0.054768 0.054950 0.062747 0.062820 0.058440 0.353649 0.059668
0.052072 0.055218 0.051608 0.051608 0.051612 0.051607 0.051607 0.054722 0.051610 0.056011 0.420719 0.051607
0.061198 0.057805 0.055664 0.076158 0.058674 0.055714 0.055473 0.069747 0.068360 0.061849 0.323767 0.055590
0.054847 0.054935 0.055197 0.057096 0.058717 0.054920 0.055106 0.068517 0.059551 0.059417 0.366860 0.054834
0.057865 0.057910 0.057912 0.058364 0.059512 0.057865 0.057951 0.065457 0.058911 0.068666 0.341720 0.057865
0.059632 0.063276 0.059854 0.061783 0.060771 0.059667 0.059652 0.065763 0.062918 0.069786 0.317272 0.059626
0.055814 0.059833 0.056328 0.059371 0.059284 0.055899 0.056094 0.066681 0.058212 0.061362 0.355341 0.055782
0.053158 0.053015 0.053344 0.060981 0.054662 0.053086 0.053079 0.053044 0.062186 0.065726 0.379753 0.057966
0.050596 0.050646 0.051002 0.058874 0.051151 0.050705 0.050890 0.056970 0.059245 0.059020 0.410306 0.050596
0.057610 0.057610 0.057611 0.060617 0.058863 0.057610 0.057610 0.070136 0.061360 0.063511 0.339851 0.057610
0.067229 0.064995 0.061328 0.064192 0.062500 0.061445 0.061249 0.070569 0.064242 0.065617 0.289731 0.066904
0.073693 0.062180 0.056666 0.056568 0.056793 0.056376 0.056531 0.073911 0.056438 0.066356 0.328203 0.056285
0.078756 0.063887 0.055885 0.056609 0.056358 0.055883 0.055885 0.064614 0.056638 0.057800 0.341802 0.055883
0.073521 0.067239 0.055629 0.060818 0.055903 0.055329 0.055492 0.057104 0.060634 0.065704 0.335714 0.056913
0.059065 0.065644 0.055457 0.060558 0.055631 0.055271 0.055434 0.069722 0.060303 0.056951 0.345714 0.060250
0.058386 0.071990 0.057828 0.068014 0.058067 0.057781 0.057868 0.069663 0.058903 0.060502 0.323217 0.057781
0.058064 0.063171 0.058109 0.058583 0.059809 0.058065 0.058108 0.073701 0.059164 0.060137 0.335026 0.058063
0.057843 0.065917 0.057922 0.060686 0.060027 0.057777 0.057828 0.070585 0.065401 0.064196 0.324051 0.057767
0.053976 0.050738 0.049185 0.056210 0.049190 0.049077 0.049088 0.054640 0.055101 0.054241 0.429554 0.049000
0.077596 0.070508 0.059945 0.075316 0.060239 0.059945 0.059945 0.066208 0.067976 0.065566 0.271799 0.064954
0.077285 0.063166 0.060062 0.060063 0.060148 0.060020 0.060022 0.065725 0.060081 0.066173 0.307238 0.060018
0.075283 0.057909 0.058046 0.066135 0.059422 0.058198 0.057959 0.067284 0.063700 0.059509 0.312922 0.063632
0.062231 0.058391 0.053906 0.053974 0.054147 0.053677 0.053881 0.060293 0.053755 0.062393 0.379706 0.053646
0.056454 0.056502 0.056553 0.056942 0.058171 0.056442 0.056495 0.068242 0.060349 0.058594 0.358853 0.056404
0.065540 0.073697 0.062145 0.066439 0.063381 0.061740 0.061949 0.070498 0.071911 0.066988 0.272626 0.063086
0.055878 0.060766 0.056266 0.061162 0.056317 0.055970 0.056155 0.071826 0.060985 0.061283 0.342524 0.060870
0.070548 0.060517 0.054854 0.060336 0.056453 0.054854 0.054854 0.066684 0.060901 0.055157 0.344980 0.059863
0.071497 0.054128 0.054171 0.054172 0.054254 0.054129 0.054172 0.069766 0.054189 0.054968 0.370424 0.054128
0.063589 0.063689 0.058133 0.058873 0.059586 0.058095 0.058133 0.076809 0.059117 0.060014 0.325870 0.058093
0.059534 0.061131 0.058321 0.058788 0.059981 0.058279 0.058322 0.069032 0.059363 0.065668 0.333306 0.058277
0.060966 0.060981 0.061060 0.071621 0.064154 0.061224 0.060982 0.067229 0.069465 0.068221 0.292972 0.061124
0.058270 0.058289 0.058387 0.058268 0.058428 0.058292 0.058301 0.064553 0.058333 0.065650 0.345006 0.058223
0.057561 0.060823 0.057686 0.067232 0.059132 0.057752 0.057549 0.060570 0.062787 0.058586 0.337125 0.063198
0.052900 0.052934 0.053240 0.068389 0.053638 0.052964 0.053110 0.069206 0.059155 0.055773 0.370803 0.057887
0.060051 0.063863 0.060046 0.061159 0.061989 0.060000 0.060085 0.061496 0.061756 0.061151 0.328404 0.060000
0.060223 0.060331 0.060369 0.060804 0.062123 0.060261 0.060272 0.069513 0.064227 0.068014 0.313642 0.060221
0.063489 0.064403 0.062279 0.064313 0.063346 0.061876 0.062081 0.071174 0.065272 0.077449 0.282519 0.061799
0.060206 0.061721 0.060384 0.070721 0.065024 0.060222 0.060194 0.069089 0.070655 0.064269 0.292481 0.065034
0.057711 0.057711 0.057876 0.057713 0.057805 0.057782 0.057791 0.064043 0.057784 0.060041 0.356032 0.057711
0.058089 0.058089 0.058136 0.058674 0.059244 0.058089 0.058175 0.074580 0.058865 0.068766 0.331204 0.058089
0.060000 0.058228 0.055948 0.068219 0.059656 0.056000 0.055798 0.067992 0.062371 0.057192 0.341791 0.056804
0.060357 0.060406 0.060702 0.062904 0.063182 0.060419 0.060564 0.064693 0.061804 0.067016 0.317618 0.060335
0.064390 0.066308 0.064597 0.066932 0.066944 0.064424 0.064469 0.065307 0.068383 0.070269 0.273590 0.064386
0.059869 0.059666 0.060140 0.070206 0.061678 0.059918 0.059877 0.059675 0.064874 0.068316 0.316085 0.059694
0.065666 0.065592 0.065993 0.073842 0.068275 0.065947 0.065810 0.083530 0.071569 0.069765 0.232715 0.071298
0.058295 0.059457 0.058538 0.058554 0.058616 0.058305 0.058554 0.067981 0.058307 0.063786 0.341332 0.058275
0.065595 0.065647 0.065745 0.070075 0.066601 0.065602 0.065697 0.079448 0.067116 0.072125 0.250755 0.065594
0.063491 0.063696 0.063683 0.066205 0.065616 0.063438 0.063498 0.071674 0.064762 0.073680 0.276914 0.063343
0.067932 0.063528 0.062740 0.065009 0.065213 0.062484 0.062475 0.069527 0.068873 0.067935 0.281928 0.062357
0.061912 0.061980 0.062342 0.071812 0.065508 0.062148 0.062085 0.068149 0.073157 0.069379 0.274602 0.066926
