0.050661 0.050603 0.050742 0.052302 0.051141 0.050627 0.050763 0.058541 0.050834 0.087130 0.367778 0.078878
0.060919 0.061136 0.062007 0.066656 0.063684 0.061625 0.061459 0.061019 0.061298 0.068696 0.303778 0.067725
0.059783 0.060360 0.059796 0.061446 0.062196 0.059663 0.060169 0.059884 0.059894 0.079151 0.299661 0.077998
0.055582 0.055005 0.055154 0.061665 0.058342 0.055562 0.055634 0.055363 0.058048 0.086948 0.338175 0.064521
0.045334 0.043146 0.042658 0.043248 0.045313 0.042578 0.042570 0.042521 0.043012 0.071553 0.447842 0.090225
0.051096 0.047551 0.048073 0.048524 0.050509 0.047600 0.047834 0.050193 0.048113 0.065150 0.446744 0.048611
0.052479 0.051100 0.049636 0.059022 0.051049 0.049146 0.051263 0.059348 0.049455 0.074964 0.374384 0.078155
0.051392 0.051366 0.051656 0.055435 0.052407 0.051432 0.051446 0.055396 0.051788 0.066004 0.390391 0.071287
0.051017 0.051017 0.051867 0.053373 0.053353 0.056008 0.051017 0.051017 0.052075 0.056202 0.379131 0.093921
0.048525 0.048546 0.048867 0.050239 0.052809 0.049355 0.048559 0.048514 0.051031 0.090072 0.407242 0.056240
0.045329 0.045738 0.042280 0.042336 0.042622 0.042257 0.042069 0.043256 0.042403 0.066890 0.488969 0.055852
0.042428 0.043070 0.042629 0.046518 0.045983 0.043135 0.042834 0.042694 0.043879 0.073341 0.476300 0.057189
0.054877 0.058072 0.052085 0.058414 0.052272 0.051678 0.053337 0.061827 0.051937 0.079263 0.344178 0.082061
0.049999 0.054784 0.050434 0.064079 0.052858 0.050742 0.050575 0.054128 0.050430 0.072640 0.351675 0.097656
0.046126 0.046121 0.047171 0.048956 0.049313 0.052283 0.046164 0.046132 0.047895 0.068011 0.417017 0.084812
0.041562 0.041599 0.041728 0.046360 0.042661 0.042258 0.041592 0.045563 0.042831 0.067390 0.451211 0.095243
0.042692 0.043284 0.040096 0.041157 0.045152 0.040016 0.040007 0.039958 0.041074 0.058656 0.498677 0.069232
0.045316 0.044224 0.044341 0.050146 0.044524 0.043928 0.044987 0.045867 0.044192 0.082473 0.452381 0.057622
0.047775 0.048374 0.048578 0.054978 0.050787 0.048708 0.049082 0.048425 0.048343 0.075692 0.413206 0.066051
0.055604 0.055591 0.056554 0.064543 0.060061 0.056419 0.055740 0.064190 0.058572 0.081660 0.312840 0.078225
0.052373 0.047483 0.047028 0.051504 0.049309 0.047486 0.046048 0.046040 0.048367 0.068798 0.425767 0.069797
0.042996 0.046931 0.042114 0.044103 0.045525 0.042692 0.041921 0.041903 0.043947 0.076755 0.465128 0.065985
0.050154 0.063200 0.048130 0.053225 0.049491 0.048591 0.048949 0.051618 0.049584 0.073806 0.391954 0.071299
0.045102 0.048841 0.044257 0.051328 0.046472 0.043787 0.045074 0.056259 0.044066 0.077528 0.429758 0.067529
0.052381 0.047170 0.047800 0.053729 0.049444 0.047649 0.047161 0.055449 0.048532 0.078407 0.411735 0.060542
0.054219 0.069452 0.055191 0.067478 0.056274 0.060245 0.054603 0.058383 0.054381 0.080892 0.289699 0.099183
0.057540 0.053890 0.053682 0.055751 0.056920 0.054076 0.053299 0.057297 0.055371 0.093114 0.333351 0.075709
0.050070 0.049207 0.049846 0.052223 0.053100 0.049888 0.049257 0.049096 0.050546 0.066437 0.406043 0.074285
0.043576 0.049520 0.043706 0.046073 0.046408 0.043626 0.043617 0.043567 0.044070 0.079487 0.446209 0.070142
0.044185 0.046888 0.044200 0.052190 0.049008 0.044166 0.044993 0.051680 0.044967 0.071584 0.443133 0.063006
0.057007 0.051061 0.051158 0.064555 0.053353 0.050727 0.051332 0.054944 0.050993 0.073851 0.371939 0.069082
0.054426 0.058010 0.052625 0.055977 0.053245 0.052938 0.052238 0.060770 0.054216 0.085941 0.331536 0.088078
0.046815 0.072902 0.047142 0.049343 0.048948 0.047529 0.047180 0.049243 0.048491 0.064050 0.387486 0.090870
0.047550 0.049993 0.043729 0.044423 0.043733 0.048702 0.043726 0.043726 0.043726 0.075530 0.445031 0.070131
0.045120 0.045141 0.045156 0.045479 0.048261 0.045121 0.045132 0.045121 0.046000 0.068150 0.472690 0.048630
0.052182 0.066255 0.050891 0.056773 0.052081 0.051025 0.050549 0.050335 0.051927 0.075129 0.386907 0.055946
0.047478 0.047606 0.048206 0.055115 0.050696 0.047580 0.048035 0.051559 0.048160 0.077789 0.403813 0.073961
0.058451 0.057622 0.055900 0.060881 0.055944 0.056057 0.056440 0.063323 0.056993 0.063779 0.330499 0.084111
0.044445 0.050875 0.043452 0.044226 0.044973 0.043811 0.043224 0.043210 0.044651 0.085597 0.420798 0.090739
0.054009 0.058797 0.053609 0.065390 0.056504 0.053987 0.053337 0.063119 0.054169 0.075027 0.335438 0.076614
0.045200 0.049859 0.045815 0.047175 0.050901 0.046336 0.045244 0.045218 0.046570 0.076089 0.434583 0.067008
0.047390 0.065734 0.042550 0.042776 0.045753 0.042591 0.041857 0.042010 0.042367 0.080479 0.447287 0.059205
0.048493 0.048886 0.048994 0.054929 0.049132 0.048527 0.049545 0.053016 0.049050 0.069672 0.407947 0.071810
0.051219 0.050873 0.050948 0.066296 0.054340 0.050995 0.052080 0.065173 0.053239 0.091762 0.355545 0.057531
0.068308 0.059027 0.059293 0.069051 0.062249 0.059396 0.059988 0.063020 0.059698 0.077640 0.295005 0.067325
0.046911 0.044735 0.045750 0.046401 0.047782 0.046250 0.044730 0.044705 0.045273 0.074521 0.421934 0.091008
0.047119 0.053913 0.047887 0.055307 0.051931 0.047517 0.049044 0.048208 0.049018 0.089881 0.387267 0.072908
0.044319 0.046812 0.042508 0.047023 0.047278 0.042299 0.042330 0.046885 0.043150 0.073102 0.472979 0.051316
0.047270 0.047270 0.048078 0.060539 0.051379 0.048134 0.047552 0.051419 0.047810 0.059848 0.437679 0.053023
0.060390 0.061613 0.058902 0.064099 0.062458 0.058703 0.058657 0.062439 0.060008 0.091604 0.245117 0.116012
0.046489 0.045591 0.046022 0.047986 0.048547 0.045901 0.045729 0.050063 0.046096 0.085088 0.425870 0.066619
0.049873 0.049745 0.049773 0.053337 0.050023 0.049741 0.049839 0.054305 0.051047 0.073404 0.401801 0.067112
0.042634 0.042640 0.043031 0.043534 0.046347 0.043462 0.042642 0.042634 0.044070 0.095654 0.447772 0.065581
0.044854 0.044116 0.044010 0.046848 0.045706 0.043939 0.044043 0.054331 0.044120 0.075997 0.446818 0.065218
0.051543 0.047490 0.047766 0.047996 0.049950 0.047316 0.047587 0.047385 0.047586 0.068190 0.432923 0.064268
0.044336 0.055900 0.044783 0.050892 0.047287 0.049553 0.044873 0.047848 0.044791 0.078894 0.414504 0.076338
0.048313 0.051280 0.047776 0.052256 0.048802 0.048090 0.047423 0.051395 0.048713 0.061620 0.407750 0.086583
0.054986 0.049085 0.049724 0.051503 0.051206 0.053906 0.048878 0.048878 0.050050 0.064066 0.387982 0.089736
0.045879 0.045881 0.045956 0.047029 0.049597 0.045891 0.045893 0.045879 0.047194 0.091247 0.436859 0.052695
0.042624 0.042624 0.042765 0.047245 0.046547 0.042683 0.042939 0.042614 0.044311 0.082584 0.457071 0.065993
0.044608 0.044608 0.044916 0.050614 0.047613 0.044852 0.044646 0.049855 0.044998 0.098234 0.400543 0.084511
0.047479 0.045994 0.046134 0.048130 0.049779 0.046052 0.046075 0.046185 0.047482 0.068335 0.433129 0.075224
0.051216 0.053120 0.045453 0.048630 0.049081 0.045916 0.045194 0.050409 0.046938 0.082365 0.405659 0.076020
0.053693 0.049485 0.049945 0.053513 0.052936 0.050008 0.050703 0.063543 0.050729 0.079724 0.356296 0.089425
0.043708 0.040095 0.040372 0.043180 0.041883 0.045156 0.040158 0.040089 0.041769 0.067541 0.468315 0.087733
0.039215 0.040410 0.039784 0.043109 0.040737 0.044799 0.039485 0.052209 0.039140 0.078035 0.464342 0.078737
0.046184 0.041888 0.042018 0.046176 0.042442 0.041938 0.041953 0.045882 0.042374 0.067117 0.487347 0.054681
0.047641 0.047637 0.047929 0.054224 0.051523 0.053996 0.048042 0.053951 0.049388 0.089468 0.395264 0.060937
0.050008 0.049537 0.046618 0.048161 0.046882 0.047032 0.046126 0.051299 0.046995 0.090329 0.390965 0.086047
0.048753 0.046478 0.046186 0.053680 0.050122 0.046062 0.046693 0.050940 0.047627 0.066288 0.409916 0.087256
0.041067 0.041075 0.041268 0.045812 0.043572 0.046799 0.041773 0.042709 0.041432 0.085583 0.472668 0.056241
0.042904 0.042835 0.043558 0.047274 0.045785 0.043608 0.043045 0.046815 0.043373 0.094210 0.415668 0.090925
0.044379 0.046096 0.044827 0.051666 0.048139 0.044914 0.044952 0.044733 0.045760 0.074180 0.417241 0.093112
0.041406 0.055699 0.041606 0.044537 0.042198 0.041953 0.041411 0.051746 0.041827 0.081633 0.426525 0.089459
0.041133 0.044360 0.042192 0.049838 0.043381 0.041800 0.041768 0.041446 0.042521 0.060893 0.485689 0.064979
0.046339 0.047777 0.047567 0.050943 0.051253 0.052784 0.046406 0.052165 0.047216 0.079061 0.406678 0.071810
0.046441 0.044203 0.045223 0.051175 0.047399 0.045675 0.044282 0.048232 0.046076 0.078671 0.440447 0.062175
0.046981 0.046981 0.047019 0.064507 0.047282 0.046983 0.047288 0.047013 0.048452 0.061988 0.427625 0.067880
0.050012 0.050667 0.050171 0.053040 0.054649 0.050345 0.050948 0.055831 0.050728 0.085934 0.383387 0.064289
0.043548 0.043606 0.044198 0.061872 0.047780 0.044538 0.043970 0.043589 0.046600 0.097711 0.410075 0.072512
0.048041 0.065099 0.048802 0.055479 0.051128 0.048855 0.048048 0.048184 0.049118 0.057481 0.363765 0.115999
0.050335 0.048723 0.047689 0.058204 0.051821 0.047614 0.047680 0.055256 0.050478 0.069729 0.389643 0.082829
0.049281 0.053117 0.048332 0.063664 0.051178 0.047909 0.049683 0.058060 0.049898 0.066833 0.398927 0.063119
0.049445 0.046375 0.046945 0.056723 0.049893 0.050510 0.047565 0.054361 0.048016 0.059927 0.431462 0.058778
0.046439 0.046438 0.047348 0.051609 0.049369 0.047205 0.046571 0.060353 0.048138 0.063822 0.439416 0.053292
0.054860 0.051349 0.052384 0.052225 0.053385 0.052063 0.051504 0.061343 0.051283 0.068240 0.393220 0.058144
0.055101 0.055153 0.055417 0.057521 0.060140 0.059847 0.055954 0.061969 0.055972 0.083331 0.336280 0.063315
0.044726 0.044737 0.045022 0.045531 0.045939 0.050317 0.044752 0.045983 0.045837 0.082371 0.449101 0.055684
0.053395 0.051650 0.049415 0.051513 0.052581 0.049407 0.048696 0.048694 0.050109 0.071524 0.364118 0.108900
0.045817 0.045729 0.045934 0.050180 0.048496 0.045911 0.046318 0.050644 0.046056 0.080566 0.427373 0.066975
0.055286 0.050184 0.049936 0.052765 0.054273 0.049544 0.050744 0.052672 0.050352 0.091772 0.369496 0.072975
0.049091 0.057366 0.046737 0.050787 0.047008 0.046439 0.046391 0.050221 0.046928 0.070153 0.409774 0.079105
0.054156 0.055876 0.052360 0.059233 0.053405 0.051917 0.053127 0.062936 0.051256 0.057353 0.357237 0.091145
0.046894 0.046900 0.047928 0.049210 0.049100 0.047803 0.047562 0.051857 0.046996 0.065367 0.446740 0.053644
0.050157 0.046835 0.046324 0.045526 0.047543 0.051351 0.045519 0.045518 0.045516 0.066654 0.456945 0.052113
0.051115 0.053495 0.051345 0.052343 0.053672 0.051334 0.050958 0.053571 0.051385 0.073758 0.394180 0.062845
0.046907 0.052002 0.047123 0.050445 0.049809 0.051556 0.046972 0.051617 0.048385 0.083631 0.400338 0.071216
0.051115 0.053176 0.048846 0.054111 0.049824 0.053292 0.049431 0.049068 0.050247 0.059799 0.411865 0.069227
0.054946 0.055744 0.047960 0.051172 0.049442 0.052421 0.047554 0.047512 0.050213 0.082100 0.346823 0.114112
0.055382 0.051813 0.051050 0.060334 0.054683 0.051587 0.051390 0.051267 0.052848 0.067311 0.391529 0.060808
0.048915 0.048925 0.048979 0.050521 0.051506 0.048917 0.048923 0.048916 0.049094 0.068899 0.410877 0.075526
0.050318 0.044185 0.044342 0.049268 0.044739 0.043920 0.044798 0.045153 0.045901 0.064628 0.475164 0.047585
0.047665 0.047469 0.046613 0.048457 0.046696 0.046051 0.046446 0.064211 0.046327 0.084775 0.397348 0.077942
0.053525 0.053469 0.054375 0.061483 0.055439 0.054318 0.054002 0.057866 0.053595 0.064400 0.377142 0.060386
0.065705 0.059945 0.058304 0.062576 0.058197 0.063198 0.058372 0.060004 0.058114 0.067888 0.318424 0.069272
0.058097 0.053575 0.053886 0.054516 0.054949 0.054300 0.053593 0.053564 0.054905 0.077389 0.346366 0.084861
0.049096 0.049096 0.049149 0.053053 0.049418 0.053225 0.049096 0.049096 0.050156 0.064260 0.409389 0.074965
0.046245 0.046252 0.046599 0.047843 0.050743 0.046520 0.046240 0.046186 0.048232 0.071390 0.456310 0.047439
0.058655 0.055106 0.055515 0.064076 0.057853 0.055121 0.055561 0.061379 0.055345 0.097634 0.316368 0.067389
0.057733 0.067952 0.057528 0.063124 0.058779 0.057927 0.057361 0.061365 0.058696 0.088757 0.288012 0.082766
0.058844 0.065011 0.056967 0.063080 0.056957 0.057448 0.057034 0.056646 0.058327 0.069052 0.304740 0.095894
0.057873 0.059783 0.058579 0.066669 0.060869 0.058203 0.059206 0.075509 0.058708 0.093062 0.283330 0.068207
0.042505 0.042506 0.043210 0.044534 0.044964 0.043163 0.042526 0.042508 0.042814 0.071930 0.495099 0.044242
0.063420 0.057519 0.053715 0.059034 0.055438 0.057852 0.053682 0.058891 0.053071 0.071406 0.350840 0.065132
0.050765 0.048981 0.049256 0.063461 0.053894 0.049155 0.049228 0.048934 0.049868 0.087160 0.389749 0.059549
0.061601 0.066389 0.060905 0.068833 0.065043 0.060899 0.061267 0.069247 0.061028 0.087972 0.268793 0.068022
0.056125 0.070435 0.056256 0.058721 0.056369 0.056155 0.056152 0.056118 0.057376 0.070710 0.309523 0.096059
0.055971 0.063333 0.055812 0.056905 0.058913 0.060248 0.055800 0.059360 0.057345 0.082605 0.318171 0.075538
0.054523 0.054548 0.054929 0.060558 0.056544 0.054852 0.055197 0.059475 0.056559 0.080327 0.345779 0.066708
0.046300 0.049936 0.046518 0.050589 0.049351 0.046446 0.046279 0.051279 0.046857 0.069430 0.448424 0.048592
0.059742 0.057766 0.055921 0.060447 0.058277 0.055560 0.056668 0.067859 0.055783 0.079681 0.335886 0.056410
0.058532 0.058847 0.058422 0.059406 0.060770 0.057981 0.057969 0.066339 0.058225 0.090383 0.305933 0.067193
0.063678 0.066740 0.059352 0.066435 0.060549 0.063881 0.059378 0.063708 0.059748 0.065623 0.280880 0.090029
0.055860 0.055860 0.056023 0.056896 0.057261 0.061480 0.055863 0.055859 0.057005 0.063658 0.344942 0.079294
0.047791 0.045285 0.045280 0.046487 0.046598 0.049829 0.044443 0.044443 0.044443 0.077870 0.442948 0.064583
0.054255 0.058618 0.052428 0.055240 0.055276 0.051867 0.052729 0.051877 0.052592 0.065513 0.370280 0.079324
0.051464 0.048522 0.048786 0.048958 0.051429 0.048605 0.048587 0.049788 0.049089 0.080001 0.407825 0.066946
0.061752 0.061788 0.061419 0.063591 0.061340 0.060964 0.061704 0.071494 0.061075 0.085674 0.268769 0.080428
0.057478 0.057478 0.057638 0.057742 0.058410 0.057539 0.057536 0.057508 0.057945 0.077894 0.319573 0.083257
0.054701 0.055541 0.054722 0.055947 0.056449 0.059685 0.054778 0.054701 0.056048 0.086575 0.346867 0.063986
0.052680 0.053417 0.052817 0.056448 0.059290 0.052735 0.052718 0.052666 0.054993 0.071658 0.372942 0.067638
0.047330 0.052391 0.047495 0.050405 0.050534 0.047475 0.047252 0.051888 0.048316 0.078943 0.418905 0.059066
0.059471 0.057744 0.057033 0.063505 0.059454 0.057000 0.058401 0.061025 0.057182 0.077039 0.314500 0.077645
0.060716 0.060804 0.056531 0.059449 0.059450 0.060386 0.056036 0.071428 0.057782 0.087252 0.299093 0.071072
0.057762 0.057168 0.057046 0.059562 0.058366 0.062151 0.055987 0.069423 0.057280 0.068443 0.303473 0.093341
0.055994 0.056025 0.056159 0.055994 0.056044 0.062344 0.055994 0.055994 0.056178 0.066404 0.339876 0.082992
0.045231 0.045243 0.045309 0.045339 0.047888 0.050209 0.045238 0.045232 0.045410 0.071503 0.445983 0.067416
0.050839 0.049828 0.049982 0.051657 0.052183 0.049562 0.050620 0.050215 0.049829 0.080676 0.411959 0.052652
0.054767 0.057503 0.052832 0.057711 0.054992 0.052217 0.052499 0.052276 0.052534 0.079925 0.340261 0.092481
0.056993 0.056837 0.057447 0.060635 0.058525 0.057987 0.056478 0.056361 0.056610 0.065892 0.317366 0.098869
0.063718 0.063260 0.058007 0.061908 0.059246 0.058005 0.057996 0.057994 0.060407 0.079966 0.265528 0.113966
0.051767 0.050328 0.047518 0.051302 0.051719 0.047976 0.046971 0.046914 0.050323 0.075524 0.419754 0.059903
0.049926 0.049209 0.047505 0.052705 0.047728 0.047061 0.048375 0.052243 0.047577 0.070020 0.411397 0.076254
0.048827 0.050452 0.048188 0.054057 0.050394 0.047698 0.048832 0.050384 0.047991 0.093444 0.400876 0.058856
0.056616 0.051048 0.051837 0.056336 0.053347 0.051683 0.051440 0.062822 0.051400 0.074946 0.381429 0.057095
0.052960 0.053493 0.053905 0.060486 0.056037 0.054409 0.052984 0.056961 0.055313 0.081874 0.322589 0.098988
0.054064 0.048009 0.047525 0.050200 0.050503 0.052256 0.047252 0.047516 0.049184 0.083535 0.384932 0.085023
0.054480 0.049576 0.049545 0.054434 0.050574 0.049559 0.050618 0.058852 0.050566 0.074135 0.377839 0.079822
0.042873 0.042934 0.040130 0.044326 0.043153 0.044560 0.039682 0.041473 0.041617 0.066187 0.472995 0.080071
0.050282 0.057882 0.050295 0.055381 0.051974 0.050320 0.050424 0.062500 0.050012 0.075348 0.378873 0.066709
0.056732 0.057172 0.056332 0.061793 0.058752 0.056299 0.057252 0.060964 0.056477 0.077492 0.330877 0.069858
0.060841 0.063578 0.055865 0.059687 0.060883 0.056184 0.055233 0.059155 0.056654 0.083127 0.324783 0.064010
0.044628 0.043293 0.043930 0.043823 0.045652 0.044116 0.042838 0.045375 0.043889 0.060056 0.459982 0.082418
0.048885 0.046874 0.045909 0.049574 0.045716 0.045556 0.046816 0.052999 0.045633 0.058710 0.428841 0.084487
0.045290 0.058404 0.042395 0.045374 0.044828 0.042281 0.042917 0.050086 0.042490 0.069640 0.456350 0.059945
0.056504 0.070102 0.056021 0.056925 0.057593 0.056347 0.055732 0.055375 0.055368 0.070639 0.341976 0.067419
0.052750 0.051522 0.048162 0.054514 0.050877 0.053133 0.047697 0.051603 0.049568 0.074451 0.383590 0.082133
0.050803 0.055282 0.051657 0.054540 0.055282 0.051667 0.051026 0.052082 0.052691 0.061053 0.391376 0.072540
0.042333 0.052496 0.040947 0.040783 0.043970 0.040916 0.040648 0.040634 0.041106 0.077628 0.465633 0.072907
0.052340 0.054790 0.052535 0.068402 0.054056 0.052783 0.052603 0.052317 0.053757 0.066204 0.376550 0.063663
0.048520 0.062334 0.049033 0.057282 0.051943 0.048867 0.049233 0.053491 0.049368 0.069331 0.366580 0.094018
0.060006 0.057179 0.048375 0.052840 0.052056 0.048339 0.048387 0.054508 0.050553 0.065811 0.404540 0.057406
0.054107 0.049196 0.049739 0.052668 0.052513 0.049253 0.049303 0.048995 0.050954 0.063260 0.418493 0.061519
0.052018 0.053562 0.052467 0.061659 0.058724 0.057139 0.052099 0.059165 0.055538 0.095469 0.341664 0.060495
0.060332 0.065459 0.055970 0.060833 0.055874 0.055460 0.056205 0.057159 0.055581 0.061726 0.322006 0.093394
0.058235 0.055704 0.056089 0.055936 0.056678 0.056492 0.055739 0.055704 0.056324 0.072592 0.339089 0.081418
0.049516 0.049809 0.050379 0.056516 0.051679 0.054958 0.049604 0.055087 0.050686 0.066810 0.399854 0.065103
0.058178 0.062730 0.050948 0.052607 0.057807 0.050895 0.050637 0.054795 0.052886 0.068145 0.370611 0.069760
0.052216 0.055859 0.052947 0.055609 0.055580 0.052447 0.052481 0.052397 0.052975 0.066735 0.384659 0.066095
0.056283 0.056927 0.054849 0.061920 0.057215 0.054335 0.055448 0.059553 0.054644 0.096725 0.302993 0.089108
0.059197 0.056047 0.053905 0.055914 0.053655 0.053389 0.054721 0.057222 0.053511 0.065449 0.373360 0.063630
0.055128 0.054158 0.053969 0.056188 0.055164 0.053830 0.053102 0.058789 0.054412 0.081130 0.334223 0.089906
0.048742 0.054923 0.049715 0.048742 0.050814 0.050358 0.048742 0.048742 0.048927 0.063319 0.427751 0.059222
0.060013 0.070502 0.053374 0.055350 0.055591 0.057962 0.054112 0.055901 0.053238 0.085537 0.323941 0.074480
0.048798 0.046696 0.046705 0.046638 0.049097 0.046548 0.046554 0.046523 0.046765 0.067210 0.452370 0.056095
0.059381 0.055676 0.055597 0.058263 0.056633 0.059907 0.054748 0.057522 0.055792 0.091712 0.305299 0.089472
0.054751 0.055319 0.054677 0.061352 0.055699 0.054572 0.055083 0.054803 0.055679 0.062055 0.334880 0.101131
0.065338 0.055672 0.055673 0.059366 0.055821 0.060786 0.055737 0.055674 0.056984 0.073840 0.332447 0.072661
0.053166 0.049902 0.050519 0.056477 0.054209 0.050573 0.051095 0.052408 0.052957 0.076766 0.391754 0.060176
0.048305 0.046440 0.046283 0.049381 0.048704 0.046167 0.047067 0.048118 0.046375 0.081546 0.423787 0.067827
0.047989 0.052008 0.048567 0.050961 0.050504 0.048507 0.048451 0.059965 0.048114 0.067945 0.411226 0.065762
0.056876 0.060972 0.057718 0.057886 0.059801 0.057655 0.056943 0.059817 0.057211 0.068364 0.308384 0.098372
0.062238 0.056118 0.056234 0.060883 0.062237 0.061486 0.055640 0.059539 0.058057 0.080380 0.320543 0.066644
0.056368 0.052574 0.052573 0.057930 0.056740 0.058099 0.052469 0.055488 0.055720 0.073566 0.350966 0.077509
0.044129 0.044148 0.044299 0.046172 0.047121 0.044179 0.044164 0.044121 0.044614 0.068754 0.456141 0.072157
0.049852 0.049801 0.050122 0.052838 0.052983 0.049661 0.050548 0.055543 0.050630 0.080522 0.402284 0.055215
0.058828 0.052559 0.052724 0.057332 0.055177 0.052596 0.052876 0.065078 0.052836 0.081518 0.349016 0.069459
0.060525 0.056058 0.056263 0.060122 0.057006 0.056811 0.056081 0.062841 0.056587 0.063524 0.332042 0.082141
0.053287 0.058486 0.053390 0.054035 0.054154 0.053828 0.053247 0.053459 0.054298 0.071828 0.336957 0.103030
0.053205 0.048444 0.048455 0.049296 0.051152 0.048446 0.048451 0.048445 0.049149 0.062944 0.415261 0.076752
0.048618 0.048665 0.048754 0.049068 0.049183 0.048677 0.048662 0.048619 0.049111 0.067527 0.440722 0.052396
0.052892 0.055172 0.053115 0.057861 0.053298 0.052612 0.052892 0.054536 0.053136 0.086000 0.363852 0.064635
0.065492 0.060138 0.060945 0.066276 0.063668 0.060320 0.060687 0.072028 0.060903 0.086145 0.270630 0.072769
0.056487 0.057004 0.056741 0.064139 0.056906 0.057093 0.057411 0.060429 0.057976 0.083073 0.325215 0.067527
0.059242 0.059626 0.059284 0.062864 0.060136 0.059767 0.059899 0.059581 0.060287 0.094592 0.284672 0.080051
0.056790 0.057949 0.054330 0.056354 0.055657 0.054791 0.053781 0.055996 0.055823 0.076054 0.353195 0.069280
0.050211 0.057969 0.050204 0.053832 0.050204 0.050204 0.050309 0.052265 0.050204 0.060047 0.405032 0.069517
0.056438 0.056497 0.051482 0.058671 0.054174 0.056048 0.051271 0.051258 0.052787 0.096333 0.352227 0.062814
0.058528 0.059475 0.056873 0.070952 0.059066 0.056439 0.057020 0.060855 0.056705 0.082442 0.320038 0.061607
0.064889 0.066339 0.061232 0.068165 0.061744 0.061638 0.060973 0.066580 0.062835 0.096614 0.236714 0.092278
0.059101 0.068680 0.057335 0.058335 0.057897 0.057838 0.057429 0.059393 0.057604 0.068552 0.298651 0.099185
0.049280 0.049290 0.049459 0.049302 0.049422 0.049327 0.049321 0.049301 0.049363 0.079807 0.399276 0.076851
0.050571 0.048304 0.048938 0.048456 0.052720 0.048981 0.048210 0.048204 0.048908 0.062224 0.415383 0.079101
0.050502 0.054151 0.047825 0.051641 0.048266 0.047788 0.047824 0.047811 0.047988 0.062552 0.441985 0.051667
0.056657 0.058859 0.056771 0.072886 0.059225 0.056320 0.057624 0.056920 0.056837 0.080983 0.321818 0.065100
0.057273 0.060869 0.056901 0.060229 0.059742 0.056373 0.056284 0.062222 0.058230 0.072225 0.319359 0.080293
0.054017 0.063092 0.050352 0.055042 0.053717 0.050291 0.049715 0.052955 0.052173 0.062670 0.371384 0.084592
0.056652 0.069034 0.056164 0.064627 0.056985 0.061050 0.057089 0.056648 0.058140 0.085747 0.302990 0.074873
0.047532 0.061000 0.048052 0.051140 0.051823 0.048498 0.047474 0.050531 0.049943 0.079413 0.386959 0.077635
0.053994 0.056281 0.054860 0.060134 0.056776 0.054504 0.055159 0.054964 0.054123 0.066281 0.370519 0.062405
0.052999 0.046247 0.046468 0.049259 0.048969 0.050393 0.046264 0.056576 0.047552 0.067098 0.427167 0.061010
0.053172 0.055227 0.054388 0.057877 0.057757 0.054032 0.053513 0.059415 0.053877 0.065543 0.373496 0.061701
0.060600 0.056071 0.056654 0.061165 0.058004 0.062117 0.056393 0.060687 0.057957 0.090330 0.277222 0.102801
0.055818 0.055618 0.056106 0.061463 0.055757 0.056147 0.056229 0.055859 0.055773 0.071051 0.345499 0.074680
0.052930 0.055518 0.047645 0.047853 0.048209 0.047442 0.047456 0.052280 0.047937 0.078116 0.390794 0.083819
0.050078 0.046503 0.046673 0.050225 0.047196 0.046275 0.047851 0.049483 0.046704 0.066537 0.442566 0.059909
0.052193 0.056557 0.052946 0.058035 0.055371 0.052291 0.052654 0.056907 0.052877 0.069913 0.380747 0.059510
0.057384 0.061973 0.058238 0.063312 0.064318 0.058181 0.057515 0.064491 0.059732 0.069423 0.327456 0.057976
0.062346 0.054292 0.054407 0.056329 0.054521 0.054289 0.054287 0.054973 0.054295 0.064480 0.357352 0.078430
0.053670 0.053703 0.054563 0.058111 0.059130 0.055139 0.053673 0.053665 0.057023 0.069027 0.356623 0.075674
0.048476 0.046337 0.046591 0.049445 0.047063 0.051156 0.046336 0.051896 0.047887 0.089777 0.409436 0.065600
0.056560 0.060190 0.054564 0.059746 0.056112 0.054066 0.055002 0.066473 0.055868 0.086764 0.321672 0.072984
0.059766 0.054887 0.054494 0.064424 0.056909 0.053865 0.055623 0.063811 0.054434 0.070493 0.349695 0.061599
0.056554 0.060637 0.057758 0.060387 0.058902 0.062619 0.056526 0.061667 0.056728 0.090633 0.312725 0.064863
0.056526 0.074019 0.057763 0.057496 0.058844 0.057442 0.056926 0.056696 0.056703 0.068989 0.318247 0.080348
0.058554 0.055109 0.055282 0.059264 0.055945 0.055763 0.055309 0.060257 0.055609 0.076433 0.345442 0.067033
0.049329 0.049329 0.049334 0.049552 0.050080 0.049329 0.049329 0.049329 0.049672 0.064137 0.420353 0.070228
0.052230 0.052188 0.052447 0.066806 0.057696 0.056867 0.052509 0.052221 0.053273 0.094764 0.339828 0.069171
0.052105 0.050320 0.050539 0.051509 0.055786 0.050519 0.050391 0.050483 0.051361 0.081064 0.389729 0.066195
0.055498 0.056027 0.055665 0.064563 0.059688 0.055546 0.055650 0.055696 0.058252 0.104934 0.297280 0.081202
0.059767 0.071119 0.058371 0.060357 0.058671 0.058126 0.057923 0.059084 0.058636 0.066459 0.310756 0.080730
0.049577 0.060666 0.049623 0.055430 0.050166 0.049917 0.049375 0.056169 0.051256 0.095458 0.358303 0.074060
0.045359 0.049987 0.045332 0.047479 0.045330 0.045329 0.045443 0.049754 0.045334 0.070462 0.450225 0.059965
0.055183 0.054776 0.050997 0.051867 0.053422 0.050962 0.050983 0.063725 0.051140 0.074160 0.390790 0.051996
0.050210 0.050208 0.050612 0.056780 0.053523 0.050533 0.050563 0.053608 0.050985 0.079852 0.399532 0.053595
0.052306 0.051590 0.051109 0.056786 0.051916 0.055991 0.051148 0.054408 0.051362 0.071434 0.358772 0.093176
0.054631 0.059897 0.053821 0.059852 0.057709 0.056834 0.054883 0.054327 0.055811 0.075436 0.342083 0.074715
0.051316 0.051399 0.047654 0.052808 0.054241 0.047398 0.047071 0.046991 0.050994 0.086068 0.378094 0.085966
0.051317 0.051019 0.049537 0.052101 0.050658 0.050090 0.048663 0.049587 0.048746 0.084786 0.344130 0.119366
0.049980 0.046478 0.046387 0.046461 0.048807 0.046354 0.046360 0.046353 0.046531 0.085958 0.421986 0.068344
0.050708 0.046996 0.047021 0.049199 0.049441 0.046988 0.047435 0.066658 0.047166 0.087036 0.407067 0.054285
0.042278 0.045095 0.041957 0.042567 0.042402 0.041916 0.041929 0.051785 0.042115 0.072229 0.449305 0.086421
0.052392 0.051462 0.048046 0.050089 0.049470 0.053457 0.048381 0.054207 0.049258 0.072850 0.387101 0.083288
0.049069 0.054917 0.044825 0.046637 0.047894 0.050274 0.044512 0.046131 0.045147 0.064994 0.420949 0.084651
0.052481 0.063573 0.049123 0.053548 0.052728 0.049168 0.048445 0.052632 0.050471 0.070638 0.393124 0.064069
0.052296 0.047614 0.047885 0.053929 0.051580 0.052472 0.048289 0.047583 0.050558 0.064094 0.418161 0.065538
0.044656 0.050427 0.043907 0.051821 0.046450 0.048075 0.043904 0.049153 0.045130 0.086815 0.406906 0.082755
0.049564 0.055443 0.048316 0.052483 0.050685 0.047987 0.049225 0.055900 0.048202 0.071403 0.400650 0.070143
0.054710 0.057561 0.051863 0.053993 0.052666 0.052029 0.052039 0.051877 0.052706 0.064171 0.366521 0.089865
0.053553 0.055163 0.047716 0.056770 0.050903 0.053257 0.047272 0.050957 0.049597 0.071649 0.377234 0.085927
0.050901 0.063159 0.047935 0.050262 0.050214 0.048547 0.046990 0.049635 0.048406 0.061244 0.402337 0.080370
0.060716 0.052317 0.051807 0.055045 0.054581 0.051786 0.052434 0.052214 0.052569 0.072947 0.375546 0.068038
0.056184 0.046469 0.043376 0.051377 0.045207 0.047837 0.043361 0.047639 0.044631 0.068549 0.447153 0.058216
0.047947 0.050969 0.048684 0.051991 0.050827 0.048729 0.047969 0.051947 0.048260 0.064993 0.430327 0.057358
0.058378 0.054868 0.052226 0.056374 0.054651 0.052788 0.052153 0.057878 0.052374 0.092287 0.325736 0.090286
0.052482 0.054718 0.053264 0.057187 0.059305 0.053375 0.053808 0.060061 0.055082 0.076909 0.344497 0.079311
0.050799 0.057453 0.041792 0.045062 0.045758 0.041610 0.041387 0.045081 0.043067 0.077060 0.421894 0.089038
0.045524 0.046006 0.045980 0.049140 0.047341 0.046001 0.045598 0.048881 0.045756 0.074524 0.444988 0.060262
0.053156 0.050962 0.044425 0.051403 0.046982 0.048974 0.044498 0.047148 0.045743 0.066002 0.438294 0.062412
0.046771 0.047796 0.046762 0.050824 0.050804 0.046731 0.046759 0.050731 0.047325 0.090953 0.422900 0.051644
0.048879 0.050604 0.045820 0.050007 0.047603 0.045741 0.045424 0.049885 0.048768 0.059830 0.427611 0.079828
0.047737 0.054908 0.048484 0.058125 0.049581 0.048463 0.049449 0.059913 0.049477 0.090978 0.353978 0.088907
0.043599 0.054606 0.040761 0.045066 0.041229 0.046141 0.040986 0.045904 0.041008 0.070670 0.459425 0.070604
0.054710 0.053370 0.050267 0.056110 0.052146 0.049963 0.050799 0.056096 0.050600 0.087699 0.372437 0.065803
0.047601 0.051752 0.047805 0.050431 0.050203 0.047647 0.047650 0.059461 0.047860 0.089776 0.396841 0.062972
0.050499 0.055610 0.051321 0.054415 0.052509 0.051273 0.050559 0.054505 0.050513 0.083630 0.380117 0.065051
0.045288 0.044201 0.039643 0.039613 0.042803 0.043910 0.039160 0.039075 0.040012 0.064544 0.482373 0.079379
0.047957 0.042981 0.042923 0.045241 0.044445 0.043357 0.042849 0.051016 0.044171 0.076534 0.437939 0.080587
0.045189 0.042660 0.041611 0.047345 0.045124 0.042022 0.042066 0.044403 0.042968 0.065117 0.442023 0.099472
0.059897 0.048532 0.048624 0.052543 0.053637 0.053206 0.049137 0.054092 0.049180 0.084282 0.350435 0.096435
0.042691 0.042959 0.041728 0.048018 0.042051 0.045887 0.042903 0.042133 0.042753 0.067487 0.479120 0.062270
0.039554 0.042147 0.040441 0.047203 0.042464 0.045409 0.039794 0.043560 0.041242 0.079654 0.467458 0.071074
0.046235 0.061263 0.044946 0.045505 0.046158 0.044999 0.044306 0.048301 0.044141 0.054060 0.459009 0.061078
0.047702 0.046708 0.044134 0.048215 0.046996 0.044485 0.044117 0.046132 0.045514 0.074206 0.447265 0.064527
0.050204 0.052581 0.048596 0.052423 0.049463 0.048280 0.048837 0.054059 0.047596 0.066220 0.406710 0.075032
0.048521 0.055856 0.046956 0.050445 0.047335 0.050436 0.046566 0.049740 0.047922 0.071984 0.420597 0.063641
0.049125 0.058652 0.048958 0.055490 0.049889 0.052732 0.049713 0.061474 0.049180 0.074185 0.387489 0.063114
0.052299 0.055393 0.049652 0.055999 0.050519 0.054240 0.049532 0.053410 0.050984 0.089273 0.367137 0.071562
0.057581 0.060828 0.056184 0.056619 0.059003 0.056647 0.055398 0.057690 0.056806 0.090318 0.312683 0.080242
0.056254 0.058387 0.053160 0.053879 0.057937 0.053642 0.052148 0.053937 0.054010 0.088381 0.349971 0.068295
0.050306 0.054174 0.050975 0.052732 0.055002 0.051008 0.050312 0.050306 0.051140 0.078277 0.391707 0.064062
0.052654 0.053615 0.048280 0.058509 0.051075 0.052827 0.048900 0.048528 0.049821 0.083476 0.396561 0.055754
0.050413 0.047991 0.048084 0.051971 0.052749 0.048065 0.047857 0.058671 0.048755 0.086216 0.401653 0.057575
0.061029 0.065255 0.059340 0.078120 0.062478 0.059204 0.059811 0.068839 0.060954 0.085662 0.261807 0.077500
0.055877 0.057649 0.051399 0.051556 0.051911 0.051748 0.051044 0.053564 0.051724 0.072440 0.378771 0.072316
0.050447 0.058782 0.050032 0.052273 0.050691 0.050021 0.050595 0.057521 0.050326 0.079221 0.383611 0.066481
0.050563 0.050597 0.050733 0.051008 0.053551 0.050613 0.050598 0.050555 0.051051 0.070897 0.411896 0.057938
0.043351 0.043319 0.043420 0.046536 0.046190 0.043344 0.043989 0.044563 0.044542 0.065158 0.488523 0.047064
0.051967 0.053565 0.052553 0.067164 0.054994 0.052103 0.052552 0.054460 0.052335 0.083327 0.352551 0.072430
0.050490 0.049829 0.048789 0.050697 0.051463 0.048300 0.048526 0.049005 0.048929 0.073887 0.422573 0.057513
0.059325 0.081832 0.054932 0.060005 0.054924 0.055158 0.055122 0.058340 0.055997 0.083136 0.285328 0.095900
0.049976 0.046994 0.047244 0.048060 0.048505 0.047055 0.047040 0.047016 0.048229 0.075789 0.409329 0.084763
0.047449 0.047518 0.048219 0.049705 0.050470 0.048232 0.047456 0.047450 0.047768 0.076168 0.427121 0.062445
0.053671 0.053290 0.052255 0.052083 0.052220 0.052455 0.051653 0.051435 0.052057 0.083231 0.384370 0.061281
0.042660 0.041438 0.039928 0.046486 0.044959 0.039760 0.039924 0.040085 0.040857 0.072666 0.489701 0.061535
0.054744 0.055463 0.054974 0.057095 0.054636 0.055168 0.055553 0.066288 0.054691 0.076080 0.346718 0.068589
0.059384 0.056539 0.055083 0.058654 0.057735 0.055113 0.054476 0.054122 0.056352 0.087775 0.292272 0.112495
0.049920 0.056369 0.050712 0.058032 0.053862 0.055637 0.050041 0.057103 0.051249 0.085113 0.372209 0.059755
0.055110 0.061643 0.051342 0.056579 0.051992 0.055536 0.052275 0.051788 0.052549 0.076099 0.366422 0.068665
0.045177 0.045060 0.040293 0.047832 0.043173 0.040084 0.040111 0.040076 0.042096 0.082621 0.476584 0.056893
0.055248 0.055263 0.053156 0.062978 0.056849 0.052823 0.053478 0.052751 0.052747 0.062482 0.378392 0.063833
0.052448 0.056850 0.052980 0.056661 0.055967 0.052731 0.052664 0.062894 0.054519 0.085498 0.330391 0.086396
0.058729 0.055502 0.056414 0.059928 0.058988 0.056363 0.055563 0.063874 0.057942 0.069327 0.339767 0.067604
0.055075 0.055075 0.056022 0.056923 0.057140 0.062175 0.055075 0.060641 0.055231 0.080382 0.327612 0.078650
0.049199 0.049210 0.049272 0.051934 0.049939 0.053787 0.049213 0.049201 0.050558 0.087971 0.385882 0.073835
0.052677 0.053096 0.051931 0.053956 0.054592 0.051850 0.052837 0.052499 0.052285 0.070592 0.388250 0.065434
0.050526 0.053352 0.051072 0.052662 0.053278 0.050525 0.050862 0.063828 0.050817 0.100917 0.347208 0.074954
0.057839 0.061609 0.056922 0.060639 0.059042 0.056862 0.056245 0.056125 0.056452 0.066828 0.332773 0.078665
0.051179 0.060294 0.051394 0.054633 0.052263 0.056228 0.051819 0.051153 0.052498 0.075097 0.343904 0.099538
0.057403 0.051825 0.052449 0.055749 0.057282 0.052456 0.051675 0.052618 0.054074 0.085897 0.365662 0.062911
0.050758 0.050792 0.051017 0.050869 0.051353 0.050999 0.050765 0.050759 0.051140 0.072630 0.408156 0.060761
0.047350 0.050215 0.046496 0.050363 0.050605 0.051049 0.046520 0.046729 0.048435 0.100532 0.404006 0.057701
0.054755 0.053741 0.054310 0.067692 0.057105 0.053782 0.054124 0.063297 0.054315 0.086750 0.338790 0.061338
0.054240 0.057707 0.053610 0.055584 0.054961 0.054015 0.053087 0.056400 0.054872 0.074266 0.343497 0.087759
0.066228 0.082757 0.060096 0.064048 0.060093 0.060278 0.060484 0.065649 0.059908 0.081842 0.253566 0.085053
0.050263 0.050297 0.050587 0.051462 0.052415 0.050993 0.050297 0.050276 0.051937 0.063109 0.401843 0.076522
0.046060 0.046061 0.046732 0.050462 0.048783 0.051349 0.046061 0.046060 0.047519 0.070055 0.433322 0.067537
0.050326 0.053256 0.049474 0.056654 0.054636 0.049022 0.050101 0.054242 0.050241 0.072017 0.399756 0.060274
0.052151 0.052760 0.052342 0.058466 0.054842 0.052087 0.053066 0.054013 0.053116 0.076681 0.379655 0.060822
0.058642 0.069796 0.059614 0.065075 0.062189 0.059516 0.059031 0.065072 0.059932 0.079373 0.255917 0.105845
0.064591 0.071101 0.060588 0.065640 0.062903 0.061093 0.059552 0.059581 0.062333 0.072357 0.279374 0.080889
0.057635 0.060235 0.054767 0.056689 0.054926 0.054635 0.055136 0.059442 0.054661 0.078538 0.330524 0.082812
0.047110 0.049630 0.047863 0.048493 0.051263 0.047905 0.047119 0.047110 0.048710 0.066497 0.440331 0.057969
0.053369 0.056469 0.052322 0.056094 0.054670 0.051922 0.052671 0.063516 0.052153 0.080459 0.372372 0.053983
0.054333 0.055515 0.054899 0.059733 0.057650 0.054684 0.054532 0.058530 0.055793 0.078711 0.349328 0.066291
0.062464 0.063153 0.057793 0.063723 0.059979 0.062261 0.057778 0.063059 0.057375 0.079554 0.281971 0.090889
0.066965 0.079841 0.061332 0.064356 0.061945 0.061689 0.061386 0.070361 0.061617 0.083812 0.260837 0.065857
0.060659 0.073960 0.061120 0.063718 0.063335 0.065975 0.060708 0.067708 0.062641 0.082019 0.257048 0.081108
0.053390 0.048665 0.049294 0.048661 0.053163 0.053663 0.048442 0.048415 0.049189 0.067273 0.421258 0.058588
0.054487 0.051107 0.051079 0.051204 0.050878 0.050729 0.050951 0.051996 0.050809 0.073963 0.412113 0.050684
0.054336 0.053795 0.053942 0.058192 0.056385 0.053840 0.053928 0.058246 0.054063 0.095596 0.345081 0.062596
0.062781 0.081199 0.060464 0.074862 0.061271 0.060412 0.060718 0.064784 0.060717 0.077502 0.250238 0.085052
0.066693 0.070069 0.060716 0.064922 0.062393 0.060603 0.060285 0.060235 0.063515 0.068565 0.251327 0.110676
0.063300 0.083715 0.057613 0.063291 0.060499 0.057527 0.057781 0.060798 0.059513 0.086183 0.276403 0.073376
0.052180 0.090956 0.050939 0.053937 0.051080 0.050896 0.051682 0.051353 0.050896 0.061174 0.384011 0.050896
0.059502 0.067742 0.051714 0.051837 0.053870 0.051659 0.051663 0.051633 0.051853 0.063760 0.385758 0.059009
0.060440 0.074631 0.056235 0.059775 0.058662 0.056200 0.057444 0.076372 0.056378 0.077602 0.309027 0.057234
0.058907 0.073150 0.055685 0.061057 0.055936 0.055199 0.055508 0.058906 0.055422 0.079222 0.314993 0.076016
0.057378 0.101263 0.055958 0.059311 0.057025 0.061523 0.055581 0.061740 0.055186 0.063081 0.284207 0.087748
0.052996 0.102540 0.050747 0.053750 0.051675 0.055305 0.050597 0.050595 0.052721 0.086093 0.300152 0.092828
0.055638 0.059003 0.051304 0.052560 0.052074 0.051262 0.051260 0.051260 0.051567 0.071613 0.362916 0.089544
0.053040 0.053540 0.053073 0.053148 0.055494 0.053042 0.053047 0.053041 0.053219 0.077096 0.388182 0.054075
0.051755 0.046642 0.046691 0.048133 0.052727 0.046655 0.046651 0.046643 0.048709 0.076391 0.438838 0.050165
0.056486 0.057094 0.051861 0.059876 0.054730 0.051779 0.052359 0.055867 0.052241 0.076133 0.348192 0.083381
0.054982 0.103376 0.052030 0.054944 0.052141 0.052330 0.052613 0.054787 0.051992 0.073985 0.284493 0.112325
0.061653 0.070302 0.052080 0.059182 0.052810 0.052342 0.052958 0.058916 0.052865 0.082732 0.329682 0.074479
0.060108 0.082657 0.054405 0.054767 0.056876 0.054458 0.053590 0.053583 0.054868 0.059708 0.339739 0.075241
0.053652 0.053308 0.047258 0.051321 0.049168 0.051366 0.047011 0.047005 0.048443 0.067947 0.429317 0.054202
0.052509 0.059747 0.046627 0.053266 0.049047 0.051034 0.047431 0.047404 0.046776 0.074999 0.411658 0.059500
0.053985 0.090148 0.050652 0.054432 0.050976 0.050530 0.050434 0.054378 0.050684 0.071860 0.346295 0.075626
0.071416 0.054702 0.052474 0.058566 0.054549 0.052837 0.052024 0.061999 0.052453 0.065511 0.324140 0.099328
0.067246 0.061484 0.061694 0.061755 0.063456 0.061806 0.060655 0.066379 0.061495 0.081203 0.255236 0.097593
0.047127 0.047163 0.047635 0.049234 0.050538 0.051940 0.047211 0.047147 0.047979 0.079500 0.397355 0.087172
0.045906 0.046460 0.045898 0.048049 0.047679 0.045888 0.045924 0.049031 0.047401 0.074922 0.448214 0.054627
0.049178 0.050620 0.049309 0.055320 0.049741 0.049227 0.049243 0.053170 0.049672 0.076268 0.407607 0.060645
0.054986 0.054574 0.053587 0.058883 0.058308 0.053561 0.053769 0.059727 0.054185 0.084781 0.359034 0.054604
0.069133 0.073078 0.060944 0.062027 0.062265 0.060715 0.060839 0.060763 0.061945 0.080138 0.260991 0.087162
0.058660 0.054610 0.054499 0.059875 0.055408 0.054939 0.054648 0.061332 0.055554 0.066375 0.342836 0.081263
0.053895 0.053904 0.053954 0.062006 0.055494 0.058493 0.054598 0.060063 0.056352 0.064761 0.334327 0.092152
0.051701 0.050229 0.048776 0.050944 0.050682 0.053245 0.048687 0.048638 0.049137 0.076568 0.404818 0.066575
0.049283 0.043819 0.043740 0.044377 0.044144 0.043704 0.043717 0.055333 0.043884 0.074639 0.466153 0.047205
0.057283 0.063153 0.057316 0.061913 0.057204 0.057149 0.057465 0.061198 0.057172 0.076223 0.302924 0.090998
0.065942 0.076168 0.058881 0.062525 0.059378 0.063306 0.058673 0.062924 0.059108 0.075354 0.271146 0.086596
0.057123 0.062194 0.056025 0.058053 0.057224 0.056546 0.055130 0.059889 0.055090 0.074710 0.350189 0.057826
0.054908 0.059852 0.055632 0.055938 0.057825 0.060120 0.054904 0.054902 0.056035 0.080069 0.338938 0.070879
0.050655 0.055137 0.050252 0.054081 0.053959 0.050774 0.049978 0.052386 0.051840 0.092456 0.373080 0.065402
0.062602 0.055221 0.054982 0.058568 0.057461 0.054572 0.055053 0.058419 0.055156 0.078489 0.340009 0.069469
0.050055 0.056163 0.050436 0.067055 0.050885 0.054912 0.050405 0.051332 0.051693 0.122703 0.320836 0.073525
0.065520 0.068525 0.057705 0.058684 0.057490 0.058047 0.057700 0.061237 0.057568 0.073896 0.298738 0.084890
0.059322 0.069048 0.057281 0.071563 0.058438 0.057797 0.057247 0.061302 0.059643 0.085767 0.253280 0.109313
