0.040124 0.035994 0.036706 0.034744 0.032049 0.031917 0.069173 0.039662 0.033651 0.036478 0.579171 0.030332
0.029495 0.039697 0.036841 0.034022 0.031442 0.030230 0.060733 0.039248 0.038865 0.037294 0.593360 0.028773
0.037704 0.049457 0.039008 0.032946 0.032986 0.032117 0.069258 0.040102 0.033200 0.039894 0.561809 0.031519
0.038456 0.064238 0.042292 0.036925 0.034694 0.033906 0.084810 0.045567 0.041586 0.041099 0.504929 0.031497
0.053211 0.033367 0.035510 0.033179 0.030939 0.029280 0.088802 0.044627 0.038565 0.034510 0.551978 0.026032
0.036253 0.028919 0.037979 0.031967 0.031113 0.029998 0.099452 0.038374 0.039441 0.036514 0.561464 0.028526
0.039423 0.037095 0.035485 0.031263 0.029495 0.028205 0.097309 0.040715 0.036306 0.034814 0.563333 0.026558
0.064640 0.035808 0.035538 0.033922 0.031442 0.030079 0.060611 0.039353 0.033864 0.036740 0.569046 0.028956
0.052843 0.032016 0.032595 0.028901 0.027615 0.027093 0.097438 0.033658 0.030495 0.031980 0.579288 0.026078
0.032791 0.054261 0.029120 0.027646 0.026562 0.025708 0.086753 0.033690 0.027553 0.030678 0.600247 0.024988
0.049382 0.032178 0.039343 0.033804 0.031260 0.030505 0.088860 0.041469 0.039620 0.038123 0.547143 0.028314
0.027714 0.026449 0.033465 0.028403 0.027784 0.026753 0.096254 0.035285 0.027785 0.034409 0.609782 0.025916
0.040324 0.031737 0.038616 0.034427 0.032516 0.032613 0.080946 0.046195 0.049393 0.036917 0.546032 0.030284
0.037954 0.030220 0.037203 0.027703 0.029378 0.027018 0.073946 0.036091 0.027953 0.039953 0.607294 0.025287
0.040828 0.030669 0.037396 0.030836 0.030626 0.028957 0.060278 0.041663 0.035676 0.040389 0.595217 0.027464
0.037525 0.038041 0.041331 0.038121 0.035835 0.034809 0.067289 0.046043 0.041433 0.041135 0.547158 0.031280
0.039239 0.030875 0.035295 0.032320 0.030200 0.028649 0.092985 0.037209 0.033785 0.035979 0.577364 0.026102
0.042260 0.035501 0.036690 0.037237 0.032536 0.032504 0.091335 0.042058 0.034366 0.035087 0.549434 0.030992
0.027788 0.034767 0.033378 0.029954 0.027619 0.025893 0.096655 0.032669 0.026083 0.033316 0.606656 0.025221
0.037602 0.035969 0.040786 0.036028 0.033939 0.032727 0.118842 0.047083 0.040276 0.040092 0.508085 0.028572
0.026671 0.035971 0.030415 0.029960 0.028367 0.026643 0.097711 0.037856 0.030515 0.030275 0.600931 0.024686
0.039168 0.042492 0.037570 0.033431 0.031661 0.031269 0.094829 0.037083 0.036503 0.037238 0.549572 0.029183
0.047093 0.033164 0.040563 0.034811 0.032595 0.031999 0.102763 0.039573 0.041168 0.042790 0.523749 0.029733
0.032287 0.029141 0.033648 0.031843 0.030312 0.028955 0.074556 0.037983 0.037656 0.036537 0.599563 0.027520
0.034165 0.031217 0.036436 0.033778 0.032392 0.031799 0.081685 0.038307 0.041094 0.035814 0.573010 0.030303
0.026143 0.031282 0.031353 0.027901 0.027064 0.025471 0.073839 0.031651 0.026104 0.035456 0.638773 0.024964
0.046407 0.039616 0.049057 0.040814 0.039201 0.038921 0.063107 0.048372 0.052199 0.048665 0.497914 0.035727
0.041833 0.039508 0.041333 0.034863 0.034048 0.032093 0.056644 0.038058 0.035630 0.040429 0.575934 0.029627
0.053956 0.031253 0.037230 0.033991 0.031637 0.030736 0.085264 0.044519 0.040102 0.038322 0.543625 0.029363
0.035729 0.033903 0.042039 0.036624 0.033446 0.033210 0.106856 0.042877 0.042012 0.041003 0.520467 0.031835
0.030184 0.030418 0.038312 0.028090 0.030885 0.027431 0.059178 0.041767 0.027633 0.044385 0.615612 0.026105
0.043629 0.029641 0.037772 0.031373 0.031511 0.029983 0.072183 0.039527 0.034119 0.037567 0.584895 0.027801
0.042587 0.032415 0.039869 0.034518 0.033904 0.032677 0.089809 0.042642 0.045063 0.041282 0.536109 0.029123
0.044413 0.037815 0.044894 0.032710 0.034591 0.032454 0.099893 0.042103 0.033699 0.044333 0.523450 0.029645
0.035598 0.034452 0.040633 0.032597 0.032634 0.031662 0.095363 0.043203 0.036734 0.043437 0.543703 0.029984
0.032523 0.034938 0.040122 0.035405 0.035419 0.032352 0.114424 0.046648 0.050622 0.047104 0.502355 0.028087
0.030163 0.030804 0.036584 0.030380 0.032114 0.029656 0.086287 0.040469 0.039354 0.039256 0.577853 0.027081
0.027619 0.028712 0.031773 0.030389 0.028317 0.027831 0.081841 0.034794 0.036936 0.036610 0.608640 0.026537
0.052965 0.039400 0.041119 0.036283 0.035803 0.034485 0.057783 0.041009 0.038646 0.044836 0.544686 0.032984
0.058601 0.033028 0.040826 0.036421 0.033512 0.032429 0.068336 0.041988 0.041808 0.040592 0.542058 0.030402
0.044967 0.034607 0.034737 0.033376 0.030996 0.031159 0.094830 0.039952 0.039574 0.035046 0.550808 0.029949
0.035959 0.034881 0.040321 0.035599 0.031296 0.030616 0.070050 0.039059 0.039187 0.038939 0.575396 0.028697
0.043839 0.039535 0.039222 0.029838 0.031027 0.028985 0.074209 0.039025 0.032682 0.041126 0.574060 0.026453
0.032694 0.045943 0.037324 0.031948 0.032856 0.031864 0.036345 0.034784 0.041178 0.040040 0.604733 0.030292
0.047767 0.037296 0.037560 0.035581 0.032158 0.031190 0.056854 0.039732 0.038364 0.036590 0.576896 0.030010
0.031491 0.029972 0.036533 0.034762 0.030976 0.030482 0.088657 0.039502 0.039560 0.038004 0.570968 0.029092
0.062229 0.030071 0.037212 0.034779 0.030891 0.030467 0.048207 0.039711 0.039132 0.036600 0.581557 0.029144
0.038809 0.036679 0.039915 0.033797 0.034147 0.032280 0.046912 0.042634 0.036314 0.037994 0.590068 0.030452
0.041000 0.037213 0.037265 0.035809 0.034137 0.031885 0.082292 0.048565 0.035469 0.037291 0.548920 0.030153
0.056619 0.040229 0.039305 0.034963 0.032415 0.032233 0.062644 0.041015 0.041010 0.036775 0.551823 0.030970
0.042849 0.039971 0.034642 0.031000 0.028457 0.026937 0.079891 0.039440 0.027998 0.033404 0.590253 0.025158
0.026352 0.027801 0.031611 0.029660 0.027440 0.026225 0.103687 0.038979 0.035456 0.030903 0.597484 0.024402
0.032755 0.052005 0.034305 0.030606 0.029517 0.029244 0.075515 0.037239 0.031400 0.033332 0.586290 0.027790
0.030504 0.060397 0.032382 0.030928 0.027856 0.027273 0.072766 0.037011 0.036371 0.031353 0.587231 0.025929
0.029898 0.034098 0.033373 0.031838 0.028822 0.028176 0.098950 0.038407 0.037297 0.032645 0.579733 0.026764
0.029826 0.033794 0.033243 0.032140 0.028849 0.028163 0.088723 0.036313 0.037256 0.031782 0.593075 0.026836
0.033095 0.035848 0.032167 0.030042 0.028089 0.027698 0.092067 0.034455 0.036876 0.031366 0.591912 0.026385
0.042501 0.034407 0.032532 0.031910 0.028368 0.028061 0.086371 0.034796 0.032987 0.031280 0.590088 0.026699
0.042245 0.030607 0.032058 0.030761 0.027854 0.027271 0.092933 0.034393 0.035692 0.031060 0.589030 0.026097
0.029614 0.034680 0.034454 0.030173 0.029467 0.029242 0.097278 0.036599 0.038693 0.033186 0.578763 0.027852
0.026971 0.030260 0.032200 0.030682 0.028026 0.027543 0.097852 0.036813 0.036636 0.031385 0.595426 0.026207
0.037838 0.032177 0.033669 0.031150 0.028777 0.028097 0.098404 0.036311 0.031390 0.032637 0.582752 0.026799
0.049005 0.031933 0.034374 0.033092 0.029798 0.028971 0.073911 0.036739 0.037424 0.033578 0.583442 0.027733
0.037374 0.042601 0.033872 0.032234 0.029813 0.029039 0.082225 0.039005 0.036875 0.035500 0.573969 0.027493
0.030968 0.037508 0.033936 0.032093 0.029535 0.028943 0.088677 0.036532 0.030294 0.032814 0.591043 0.027656
0.031832 0.046167 0.033649 0.032052 0.028821 0.028054 0.076974 0.033887 0.037182 0.035246 0.589298 0.026838
0.044762 0.032487 0.035634 0.029070 0.029456 0.027916 0.079279 0.035064 0.028775 0.035942 0.594559 0.027056
0.069309 0.035118 0.038720 0.033965 0.032516 0.032884 0.066213 0.040226 0.038446 0.038267 0.544102 0.030234
0.059902 0.030045 0.034726 0.030538 0.029428 0.027847 0.077483 0.035959 0.036719 0.034203 0.577597 0.025556
0.031470 0.036777 0.037690 0.035992 0.032030 0.031485 0.084814 0.038157 0.033270 0.036575 0.571785 0.029954
0.027503 0.043152 0.033603 0.031560 0.028680 0.027952 0.101278 0.038302 0.036450 0.034727 0.570048 0.026746
0.039888 0.034599 0.036120 0.033893 0.031022 0.030774 0.088352 0.041380 0.040183 0.036721 0.557848 0.029220
0.043009 0.029802 0.034528 0.029629 0.029269 0.028876 0.088936 0.038915 0.038001 0.033670 0.577780 0.027584
0.031273 0.027901 0.032040 0.028899 0.027572 0.026321 0.095876 0.034314 0.027150 0.034415 0.608441 0.025798
0.053574 0.054893 0.043613 0.034534 0.033541 0.033513 0.087426 0.042220 0.042565 0.041378 0.501686 0.031057
0.046296 0.039887 0.032572 0.030071 0.029982 0.027929 0.068838 0.035785 0.031114 0.033552 0.598100 0.025874
0.039455 0.033427 0.038961 0.032907 0.032070 0.031921 0.087932 0.038222 0.033738 0.036899 0.564213 0.030254
0.039862 0.034798 0.038352 0.034902 0.033201 0.032112 0.070037 0.039811 0.033905 0.043167 0.569507 0.030345
0.038247 0.031899 0.038159 0.034793 0.032302 0.030764 0.057921 0.039560 0.039669 0.042240 0.585163 0.029283
0.034903 0.037814 0.039015 0.036395 0.034127 0.033204 0.051185 0.038992 0.042358 0.038101 0.582144 0.031761
0.033471 0.061446 0.030065 0.029918 0.027031 0.025970 0.093506 0.037594 0.028086 0.033757 0.573965 0.025191
0.067073 0.041485 0.043339 0.035921 0.035353 0.035521 0.086899 0.042443 0.038139 0.042237 0.498250 0.033339
0.033007 0.031052 0.036830 0.031241 0.029981 0.029670 0.098282 0.037129 0.034089 0.036829 0.573457 0.028433
0.038104 0.027592 0.031826 0.030796 0.029004 0.027592 0.088438 0.040930 0.037075 0.032246 0.590360 0.026038
0.036468 0.033404 0.037291 0.034709 0.031838 0.031036 0.074543 0.038633 0.032324 0.036088 0.583885 0.029782
0.031302 0.027210 0.032475 0.030368 0.028400 0.027491 0.081752 0.035315 0.036956 0.035356 0.607476 0.025899
0.029471 0.030054 0.035374 0.032996 0.030447 0.030510 0.083818 0.036957 0.039844 0.033718 0.587701 0.029111
0.034314 0.026820 0.034025 0.029135 0.028039 0.026459 0.093504 0.034481 0.027547 0.034814 0.605041 0.025821
0.047433 0.044367 0.043333 0.041670 0.037018 0.036306 0.077913 0.048212 0.050750 0.040907 0.497883 0.034208
0.029987 0.031243 0.037829 0.030397 0.030575 0.027520 0.076261 0.036775 0.027796 0.038385 0.607505 0.025727
0.041087 0.031204 0.035344 0.034286 0.030561 0.030013 0.090802 0.048395 0.035220 0.035714 0.560351 0.027023
0.038695 0.028958 0.034429 0.029210 0.029330 0.027971 0.104663 0.034697 0.037110 0.037161 0.572182 0.025593
0.036561 0.031494 0.034862 0.035068 0.031220 0.030030 0.095459 0.041350 0.038725 0.037576 0.558995 0.028658
0.034349 0.030087 0.035971 0.035650 0.031382 0.030492 0.087574 0.039269 0.032364 0.037398 0.576610 0.028855
0.035308 0.036831 0.035488 0.035702 0.033220 0.030895 0.073454 0.042373 0.032128 0.043118 0.571910 0.029572
0.030842 0.030444 0.040946 0.030599 0.031056 0.029466 0.103311 0.038233 0.030871 0.039288 0.567164 0.027779
0.042420 0.034816 0.038337 0.037612 0.033560 0.033191 0.078607 0.042738 0.041926 0.040540 0.545364 0.030888
0.043575 0.036174 0.041143 0.032358 0.033456 0.031034 0.076901 0.039641 0.032293 0.041869 0.563304 0.028252
0.047368 0.041424 0.038654 0.036866 0.033528 0.033573 0.085419 0.041827 0.045692 0.037395 0.527391 0.030863
0.028477 0.036307 0.032595 0.029432 0.028662 0.026631 0.088226 0.035088 0.035693 0.041547 0.593343 0.023998
0.032430 0.030941 0.036638 0.031836 0.032589 0.030500 0.076923 0.040665 0.031030 0.041028 0.585474 0.029945
0.032213 0.039407 0.040361 0.033490 0.034059 0.033266 0.073030 0.039846 0.047346 0.046761 0.549859 0.030361
0.047688 0.037579 0.039946 0.038670 0.038308 0.036394 0.072392 0.045787 0.046133 0.048278 0.514917 0.033909
0.047248 0.046115 0.049443 0.037235 0.036489 0.036179 0.059183 0.040894 0.040996 0.049957 0.522188 0.034073
0.045047 0.037952 0.035047 0.034434 0.032669 0.031461 0.079065 0.045988 0.034358 0.039491 0.554537 0.029951
0.054377 0.035854 0.044968 0.036734 0.036091 0.034052 0.079017 0.040396 0.042601 0.045331 0.518512 0.032069
0.031138 0.029804 0.033874 0.033412 0.030213 0.028360 0.098770 0.044599 0.037594 0.035730 0.570219 0.026286
0.031522 0.029421 0.032299 0.033386 0.031310 0.029997 0.071482 0.040473 0.039701 0.041393 0.590646 0.028370
0.036730 0.034435 0.043823 0.036763 0.034049 0.033788 0.081858 0.041118 0.042825 0.041926 0.540961 0.031723
0.030615 0.026643 0.034231 0.028474 0.028332 0.026215 0.080163 0.032696 0.026900 0.040350 0.619929 0.025451
0.042822 0.050532 0.043234 0.040055 0.037050 0.037163 0.069093 0.047314 0.052011 0.041809 0.504103 0.034814
0.046483 0.055423 0.041500 0.032851 0.032154 0.030584 0.070842 0.037574 0.031726 0.040685 0.552377 0.027801
0.049156 0.028613 0.034747 0.027907 0.030051 0.027677 0.061224 0.040340 0.028537 0.037517 0.607760 0.026471
0.040385 0.039312 0.045512 0.038541 0.036345 0.035524 0.059216 0.048947 0.048946 0.043906 0.529428 0.033939
0.031169 0.030124 0.037350 0.033727 0.032327 0.028835 0.092371 0.048614 0.030222 0.038827 0.570801 0.025632
0.053040 0.036520 0.037450 0.035343 0.032238 0.031618 0.093615 0.040703 0.040563 0.036694 0.531923 0.030293
0.048211 0.028531 0.033571 0.028530 0.028222 0.027099 0.081611 0.034430 0.027555 0.036410 0.599273 0.026557
0.045992 0.045344 0.043303 0.035071 0.035948 0.033856 0.086423 0.049059 0.045718 0.043589 0.505482 0.030214
0.041424 0.028992 0.036498 0.030258 0.030914 0.028949 0.080459 0.035365 0.037590 0.035773 0.586900 0.026877
0.028711 0.027329 0.031758 0.034578 0.029595 0.028252 0.092191 0.035214 0.036527 0.033001 0.595643 0.027200
0.054391 0.035888 0.039526 0.033935 0.032365 0.031526 0.087132 0.038735 0.035934 0.038417 0.542971 0.029180
0.034555 0.034119 0.033304 0.032164 0.030218 0.029030 0.059171 0.036913 0.033623 0.035531 0.613613 0.027760
0.034271 0.043072 0.037938 0.034782 0.032232 0.031488 0.066957 0.037986 0.040375 0.037894 0.572735 0.030270
0.035174 0.030072 0.031237 0.032312 0.029312 0.028816 0.089912 0.040704 0.033635 0.032156 0.589003 0.027667
0.051738 0.035541 0.040129 0.034764 0.033526 0.032980 0.075471 0.043598 0.042115 0.044297 0.535052 0.030789
0.040223 0.037085 0.039634 0.034037 0.032789 0.031862 0.058230 0.038420 0.039865 0.037297 0.579829 0.030730
0.051938 0.035162 0.034913 0.027343 0.028257 0.025717 0.066536 0.033528 0.026475 0.035935 0.609520 0.024677
0.054287 0.032729 0.042674 0.034902 0.034368 0.033542 0.081208 0.047184 0.042132 0.043629 0.521313 0.032032
0.052008 0.027445 0.037769 0.031381 0.030149 0.028671 0.060050 0.039700 0.044600 0.035669 0.586641 0.025919
0.035268 0.029984 0.037164 0.029860 0.031579 0.028054 0.058294 0.039468 0.028901 0.038297 0.616929 0.026202
0.034738 0.037050 0.042315 0.039329 0.035714 0.034967 0.090400 0.043750 0.046863 0.043819 0.518780 0.032276
0.044610 0.034273 0.037352 0.035134 0.034028 0.031967 0.109347 0.045297 0.040672 0.040320 0.517566 0.029433
0.044503 0.029435 0.038375 0.030284 0.030947 0.028838 0.094927 0.037987 0.029229 0.038276 0.569058 0.028143
0.033222 0.042906 0.036357 0.032203 0.030249 0.028556 0.084119 0.038749 0.035394 0.041140 0.570293 0.026813
0.042810 0.042859 0.043250 0.039145 0.038742 0.035248 0.091196 0.052719 0.044515 0.047224 0.490985 0.031308
0.034932 0.041884 0.042430 0.036497 0.034250 0.032739 0.072371 0.044625 0.042245 0.041966 0.546539 0.029523
0.034783 0.032800 0.034516 0.032531 0.031655 0.030438 0.080819 0.036770 0.040152 0.040145 0.576266 0.029125
0.031241 0.031955 0.041936 0.032288 0.034151 0.031074 0.112026 0.040895 0.032488 0.045422 0.537042 0.029482
0.031094 0.034600 0.036170 0.031432 0.032737 0.030405 0.073032 0.042397 0.037632 0.040866 0.580955 0.028680
0.033812 0.034039 0.038470 0.031502 0.033355 0.031313 0.047236 0.038434 0.036393 0.041153 0.605343 0.028951
0.050793 0.038471 0.046920 0.038066 0.037252 0.037143 0.065945 0.042027 0.042902 0.045653 0.521710 0.033119
0.045500 0.056447 0.044083 0.034296 0.036300 0.034662 0.076455 0.042745 0.038563 0.048303 0.511046 0.031602
0.072379 0.036047 0.042589 0.034669 0.035573 0.033907 0.056650 0.041158 0.034146 0.046235 0.533281 0.033367
0.038505 0.035730 0.046795 0.035943 0.038160 0.034342 0.101163 0.053025 0.038459 0.057742 0.488361 0.031775
0.055577 0.030504 0.037170 0.031189 0.034207 0.030729 0.080473 0.044348 0.035444 0.045510 0.547594 0.027255
0.046422 0.038446 0.045215 0.035173 0.037488 0.035778 0.038681 0.043059 0.044646 0.050466 0.552744 0.031882
0.040105 0.045619 0.048887 0.038200 0.040068 0.036075 0.078763 0.048140 0.040093 0.056265 0.495319 0.032468
0.044144 0.043526 0.049690 0.043161 0.042510 0.039729 0.109319 0.056635 0.055040 0.053603 0.426060 0.036584
0.035501 0.035756 0.043742 0.036912 0.037579 0.035480 0.097268 0.052728 0.044779 0.046386 0.500729 0.033138
0.030230 0.034515 0.036925 0.031324 0.032423 0.030038 0.055304 0.039806 0.038321 0.045044 0.597425 0.028643
0.034817 0.034682 0.042193 0.033196 0.037352 0.032908 0.044599 0.045291 0.033717 0.054764 0.575308 0.031173
0.041806 0.055406 0.048155 0.040029 0.040997 0.039016 0.043759 0.047822 0.052910 0.052736 0.501138 0.036226
0.044838 0.043693 0.051097 0.043506 0.042589 0.041022 0.067203 0.046942 0.043783 0.055408 0.482407 0.037512
0.040740 0.042952 0.048411 0.042176 0.039060 0.038087 0.099571 0.049911 0.042699 0.049788 0.470288 0.036318
0.066453 0.030271 0.041220 0.034087 0.032293 0.031174 0.087997 0.038573 0.040428 0.043309 0.525656 0.028539
0.036472 0.035732 0.041884 0.036327 0.036396 0.033632 0.043965 0.044247 0.042142 0.046026 0.571483 0.031695
0.041568 0.037900 0.038290 0.034061 0.034301 0.031498 0.041219 0.043589 0.033844 0.040931 0.592365 0.030435
0.065277 0.039128 0.040141 0.036913 0.036357 0.035285 0.042132 0.040734 0.036833 0.046209 0.547194 0.033797
0.048076 0.040256 0.050135 0.038713 0.039386 0.038391 0.059216 0.045556 0.042796 0.048337 0.512919 0.036221
0.047072 0.040087 0.043148 0.036947 0.035972 0.034674 0.076171 0.048076 0.042750 0.041707 0.520355 0.033041
0.035418 0.051017 0.040386 0.034989 0.033037 0.031814 0.100534 0.046942 0.032583 0.038741 0.524286 0.030252
0.048370 0.039472 0.039102 0.034230 0.032531 0.031651 0.070337 0.045179 0.040219 0.036660 0.552229 0.030021
0.033560 0.026888 0.037655 0.027396 0.030005 0.027034 0.068021 0.037658 0.026950 0.039906 0.619189 0.025738
0.040133 0.033860 0.041468 0.036824 0.035119 0.034554 0.072431 0.047597 0.045712 0.041120 0.539582 0.031601
0.047269 0.048483 0.037187 0.032232 0.032894 0.030998 0.078173 0.034521 0.035614 0.038324 0.556124 0.028180
0.057821 0.039029 0.041881 0.037397 0.036008 0.036210 0.068713 0.046303 0.042713 0.043170 0.516619 0.034136
0.052189 0.032810 0.035154 0.031742 0.028226 0.027794 0.088053 0.034703 0.032051 0.035723 0.575093 0.026461
0.036339 0.027936 0.033836 0.031765 0.029868 0.027930 0.109904 0.041197 0.036351 0.035710 0.562979 0.026187
0.033132 0.034222 0.037655 0.032238 0.031973 0.031056 0.071618 0.039279 0.040437 0.036970 0.581863 0.029558
0.031409 0.030454 0.032127 0.029747 0.027616 0.026449 0.082475 0.037395 0.027478 0.034032 0.615094 0.025723
0.048074 0.042298 0.045347 0.036031 0.034982 0.034159 0.067608 0.048236 0.039296 0.045494 0.526873 0.031604
0.032770 0.033981 0.034884 0.031761 0.029046 0.027738 0.092096 0.038030 0.036809 0.033800 0.584001 0.025084
0.034280 0.031420 0.035400 0.033086 0.029628 0.029831 0.090441 0.038570 0.039421 0.035457 0.573935 0.028531
0.036600 0.032884 0.035925 0.031920 0.030261 0.029966 0.082713 0.040013 0.040254 0.039519 0.571501 0.028442
0.038146 0.029839 0.037794 0.029302 0.032312 0.029236 0.052399 0.036918 0.030805 0.045288 0.610091 0.027869
0.050161 0.039304 0.040124 0.036145 0.033811 0.032941 0.082564 0.044297 0.043798 0.040157 0.525858 0.030840
0.032745 0.026647 0.034296 0.028540 0.027955 0.025482 0.103644 0.034767 0.026574 0.037469 0.598088 0.023792
0.045302 0.044280 0.048633 0.043750 0.040463 0.039428 0.094727 0.053308 0.048095 0.045681 0.459957 0.036377
0.030915 0.027198 0.035356 0.030914 0.029624 0.028044 0.110731 0.035743 0.038199 0.035911 0.571971 0.025397
0.036839 0.034800 0.033418 0.032346 0.029182 0.027626 0.080783 0.044091 0.035836 0.034473 0.584434 0.026172
0.036629 0.028254 0.035441 0.029911 0.030085 0.028026 0.081908 0.036208 0.028905 0.036657 0.600742 0.027234
0.030792 0.048487 0.036384 0.035183 0.032864 0.031952 0.061109 0.042966 0.041387 0.040026 0.569294 0.029555
0.030650 0.031174 0.042568 0.031555 0.033279 0.030836 0.078314 0.037371 0.032334 0.042709 0.580984 0.028228
0.038028 0.035698 0.037172 0.036160 0.032739 0.032450 0.073354 0.043818 0.049412 0.038947 0.552198 0.030024
0.072275 0.036242 0.043793 0.036587 0.034514 0.033309 0.089091 0.043559 0.036116 0.043100 0.501878 0.029539
0.033446 0.032001 0.037558 0.036732 0.030883 0.030055 0.096682 0.039984 0.030867 0.036491 0.566331 0.028969
0.031689 0.030750 0.031597 0.026128 0.026959 0.025448 0.077169 0.035726 0.034310 0.033469 0.622832 0.023923
0.033507 0.035720 0.034105 0.034518 0.032016 0.031033 0.070598 0.039960 0.034322 0.035891 0.588352 0.029978
0.029073 0.027543 0.037415 0.028267 0.029298 0.027731 0.087248 0.035219 0.029214 0.038304 0.604813 0.025874
0.047188 0.060284 0.039621 0.039036 0.036414 0.036067 0.055684 0.047018 0.045831 0.039613 0.519050 0.034193
0.050779 0.034634 0.047163 0.036714 0.035525 0.033360 0.057267 0.044638 0.042776 0.046453 0.541015 0.029674
0.049658 0.041465 0.034260 0.032368 0.029749 0.028481 0.090608 0.040314 0.037545 0.033177 0.555271 0.027104
0.031356 0.030137 0.038146 0.032879 0.029893 0.029574 0.076011 0.037230 0.030868 0.038654 0.597252 0.028001
0.035100 0.034716 0.037436 0.031615 0.032625 0.029971 0.057540 0.038773 0.030499 0.039544 0.603367 0.028813
0.039698 0.030587 0.036686 0.030329 0.031007 0.029277 0.066220 0.035646 0.032398 0.041178 0.599362 0.027612
0.047116 0.047224 0.040536 0.037463 0.036495 0.035687 0.067348 0.046417 0.046471 0.041090 0.521659 0.032495
0.030722 0.038669 0.044242 0.033971 0.032766 0.031785 0.099842 0.038687 0.041101 0.043032 0.536972 0.028209
0.035100 0.068596 0.036069 0.030845 0.030620 0.029811 0.073247 0.040849 0.039077 0.037305 0.549860 0.028620
0.041019 0.034138 0.041072 0.032255 0.033945 0.031262 0.063913 0.041422 0.031564 0.044371 0.574574 0.030463
0.036479 0.031697 0.038731 0.032566 0.033374 0.031231 0.096309 0.044742 0.044006 0.039951 0.542109 0.028806
0.027663 0.029807 0.031530 0.029505 0.028238 0.026860 0.075513 0.035332 0.035514 0.033598 0.621838 0.024601
0.048517 0.038125 0.040456 0.037703 0.035566 0.034987 0.049976 0.043054 0.042815 0.041272 0.554233 0.033296
0.046160 0.041447 0.043542 0.037792 0.033954 0.033670 0.077501 0.043619 0.043129 0.046109 0.521695 0.031381
0.042869 0.039986 0.039352 0.037474 0.034921 0.033523 0.115469 0.044807 0.034939 0.042303 0.502305 0.032051
0.032426 0.035503 0.035191 0.034201 0.030038 0.029372 0.099661 0.036788 0.030479 0.034919 0.573474 0.027948
0.045761 0.032025 0.031584 0.029249 0.030334 0.028243 0.052388 0.037297 0.031652 0.040016 0.614751 0.026700
0.055503 0.031496 0.040043 0.032741 0.034227 0.032671 0.050997 0.039285 0.036320 0.042014 0.573875 0.030828
0.050115 0.037593 0.038911 0.036883 0.034197 0.033500 0.051133 0.039259 0.038294 0.037807 0.570275 0.032033
0.043769 0.033501 0.040233 0.034994 0.033340 0.033153 0.104914 0.039578 0.042391 0.039298 0.523059 0.031769
0.057411 0.032539 0.040086 0.037595 0.032611 0.031845 0.092954 0.044128 0.032912 0.037614 0.529829 0.030474
0.028759 0.026376 0.035515 0.030455 0.029580 0.027618 0.086411 0.040384 0.035234 0.038228 0.595605 0.025835
0.037221 0.035414 0.036921 0.034861 0.032988 0.031361 0.052417 0.044180 0.040103 0.035690 0.589230 0.029613
0.051189 0.043749 0.038804 0.034624 0.032205 0.031614 0.072655 0.037035 0.035942 0.038208 0.554049 0.029924
0.060766 0.036230 0.037261 0.036871 0.033507 0.033459 0.078882 0.043036 0.043831 0.038126 0.526242 0.031789
0.042812 0.043895 0.034355 0.028850 0.027848 0.026450 0.071261 0.035637 0.026696 0.033587 0.602716 0.025895
0.037050 0.032896 0.036699 0.035304 0.033107 0.031970 0.088826 0.046404 0.043282 0.036610 0.549034 0.028819
0.051534 0.031583 0.038529 0.030876 0.031962 0.029357 0.068238 0.034592 0.030502 0.040565 0.584777 0.027485
0.059254 0.035284 0.040081 0.038118 0.036675 0.034762 0.052763 0.046894 0.042765 0.043084 0.537751 0.032570
0.043152 0.032427 0.035670 0.031277 0.029971 0.028245 0.082408 0.042934 0.034258 0.038594 0.574400 0.026664
0.034083 0.036832 0.035743 0.034554 0.031476 0.030389 0.094079 0.036078 0.034767 0.038386 0.564526 0.029088
0.033089 0.035305 0.038858 0.034819 0.032491 0.031805 0.095241 0.041696 0.033979 0.038137 0.554844 0.029735
0.036947 0.031784 0.034798 0.034155 0.031696 0.030040 0.097115 0.039979 0.035953 0.036534 0.561498 0.029502
0.045823 0.035027 0.040259 0.034284 0.031892 0.032196 0.084614 0.040174 0.042938 0.040295 0.542765 0.029733
0.033042 0.035040 0.031593 0.029056 0.028203 0.027961 0.102683 0.034552 0.037757 0.030787 0.582565 0.026762
0.056449 0.035213 0.039036 0.037198 0.033102 0.032160 0.083555 0.038839 0.037305 0.038438 0.538875 0.029830
0.062720 0.037035 0.036399 0.033933 0.030620 0.030466 0.059527 0.038685 0.036270 0.035251 0.570010 0.029084
0.033984 0.030489 0.034595 0.031788 0.031122 0.029542 0.051666 0.037357 0.038690 0.036431 0.616426 0.027909
0.030570 0.033849 0.037093 0.030525 0.031320 0.029213 0.076183 0.035300 0.030014 0.036974 0.600532 0.028428
0.033387 0.031869 0.041272 0.033553 0.032364 0.031220 0.081511 0.039708 0.036209 0.043104 0.566682 0.029121
0.042639 0.048233 0.043876 0.038143 0.038178 0.037306 0.066039 0.046695 0.054717 0.042416 0.507641 0.034116
0.048051 0.034252 0.039001 0.032479 0.031331 0.030429 0.086907 0.037985 0.039181 0.037356 0.554861 0.028167
0.058902 0.050605 0.034854 0.032000 0.030645 0.028767 0.095321 0.037667 0.034120 0.036850 0.532729 0.027540
0.049039 0.033308 0.038476 0.032061 0.033022 0.030076 0.079299 0.037234 0.030374 0.041500 0.566245 0.029366
0.045187 0.038860 0.043168 0.038998 0.036010 0.034900 0.067184 0.048292 0.040711 0.044028 0.530692 0.031969
0.050571 0.031209 0.032244 0.030913 0.028892 0.027553 0.076107 0.036213 0.036063 0.034005 0.590974 0.025255
0.063160 0.033502 0.037859 0.031974 0.031877 0.030485 0.058014 0.038144 0.031609 0.037799 0.576252 0.029327
0.038947 0.037261 0.044525 0.037904 0.036560 0.035417 0.092619 0.044491 0.040288 0.048666 0.511230 0.032093
0.034334 0.038923 0.043301 0.034866 0.036818 0.033499 0.087908 0.043277 0.036724 0.049067 0.531263 0.030021
0.032077 0.048611 0.037336 0.034096 0.032101 0.031478 0.099995 0.041317 0.038136 0.036772 0.540019 0.028061
0.040848 0.029691 0.035252 0.030727 0.031890 0.030533 0.056721 0.036810 0.032384 0.045512 0.601647 0.027986
0.037337 0.039209 0.048063 0.040000 0.040019 0.037742 0.045598 0.044618 0.039720 0.052523 0.539524 0.035647
0.046826 0.038963 0.043980 0.038799 0.037961 0.036014 0.059875 0.043783 0.044397 0.050420 0.524412 0.034569
0.061706 0.035330 0.038211 0.034310 0.034776 0.033381 0.086920 0.045692 0.042084 0.042542 0.512655 0.032393
0.063821 0.037766 0.043941 0.039697 0.036852 0.035955 0.076706 0.045942 0.044024 0.044024 0.497089 0.034184
0.039343 0.033350 0.040373 0.030741 0.032989 0.029900 0.079006 0.041446 0.035877 0.044004 0.564487 0.028484
0.043435 0.035915 0.041964 0.037074 0.034997 0.034778 0.056953 0.044983 0.044379 0.039361 0.554143 0.032018
0.033190 0.036668 0.038370 0.034228 0.033008 0.032050 0.086834 0.040973 0.041526 0.040596 0.551964 0.030593
0.033399 0.033162 0.036627 0.032631 0.031582 0.029946 0.072916 0.038119 0.030506 0.038865 0.592950 0.029297
0.038423 0.044091 0.043904 0.036284 0.035756 0.034650 0.043882 0.040884 0.039265 0.044336 0.565824 0.032701
0.044471 0.033507 0.038442 0.033010 0.034778 0.031106 0.043908 0.040463 0.035514 0.041999 0.594500 0.028303
0.039057 0.040240 0.043404 0.037333 0.037067 0.035817 0.054986 0.042863 0.036899 0.043937 0.553045 0.035350
0.041676 0.039389 0.048672 0.042295 0.040534 0.038767 0.099038 0.047884 0.043151 0.055589 0.466045 0.036960
0.043352 0.038905 0.047190 0.041428 0.042297 0.037616 0.083811 0.050603 0.047319 0.052382 0.481113 0.033985
0.046555 0.032137 0.040721 0.032704 0.033116 0.030260 0.094593 0.041260 0.031042 0.041495 0.548475 0.027644
0.034730 0.029787 0.032000 0.032087 0.030330 0.028715 0.096186 0.038234 0.035530 0.039591 0.575319 0.027492
0.037529 0.039352 0.043669 0.036019 0.035116 0.033628 0.102478 0.043125 0.042502 0.044865 0.509814 0.031905
0.032558 0.031466 0.036669 0.034651 0.032433 0.030941 0.100529 0.042089 0.035893 0.035500 0.557777 0.029495
0.027081 0.024890 0.029913 0.025930 0.025685 0.024249 0.121385 0.032271 0.024973 0.032522 0.607325 0.023775
0.040834 0.037932 0.043016 0.037274 0.035279 0.034924 0.098230 0.043640 0.047322 0.041992 0.507360 0.032196
0.041237 0.033796 0.040867 0.029802 0.033233 0.029879 0.042394 0.035136 0.031011 0.047008 0.608199 0.027437
0.054549 0.035852 0.043242 0.038551 0.036067 0.035775 0.072957 0.043076 0.042094 0.042650 0.522024 0.033162
0.032122 0.031465 0.039828 0.032473 0.032932 0.030899 0.097787 0.039126 0.040740 0.043123 0.551435 0.028069
0.034834 0.032043 0.038802 0.033808 0.034274 0.033161 0.088271 0.047327 0.035757 0.039929 0.550339 0.031455
0.035572 0.033505 0.039210 0.030878 0.032201 0.030351 0.037804 0.036137 0.030690 0.040801 0.623208 0.029644
0.043484 0.040278 0.037715 0.034417 0.035189 0.032176 0.062639 0.050827 0.038794 0.042704 0.551680 0.030097
0.046000 0.036589 0.046205 0.037857 0.038298 0.036176 0.094512 0.049060 0.043889 0.045405 0.493452 0.032556
0.043749 0.037460 0.041532 0.037158 0.035506 0.034755 0.107503 0.044081 0.038999 0.042758 0.505059 0.031440
0.046284 0.035212 0.043661 0.030907 0.033907 0.030077 0.077941 0.040010 0.030787 0.044695 0.559382 0.027138
0.058666 0.038939 0.038204 0.036591 0.033955 0.033132 0.067581 0.049455 0.047302 0.040855 0.524946 0.030373
0.036006 0.027392 0.036878 0.029186 0.032311 0.028583 0.076236 0.036534 0.029301 0.044781 0.596141 0.026651
0.050374 0.037000 0.041898 0.039151 0.038804 0.036180 0.066141 0.047921 0.040341 0.046885 0.520278 0.035027
0.040432 0.032091 0.039009 0.031522 0.032022 0.030456 0.085715 0.037566 0.038596 0.044111 0.560961 0.027518
0.039432 0.045074 0.046730 0.041220 0.040903 0.040246 0.063706 0.045342 0.050028 0.051597 0.497654 0.038067
0.045998 0.048033 0.046098 0.037479 0.035539 0.034325 0.065716 0.043260 0.039041 0.045017 0.526964 0.032531
0.044497 0.034406 0.035602 0.036779 0.034297 0.032823 0.089048 0.047680 0.042198 0.036408 0.535144 0.031117
0.033274 0.035572 0.044251 0.033610 0.033681 0.032862 0.063525 0.037603 0.042947 0.045450 0.566982 0.030244
0.039671 0.030260 0.031489 0.029629 0.030806 0.029270 0.040405 0.036786 0.038882 0.034668 0.630375 0.027758
0.049493 0.037168 0.044424 0.036670 0.037868 0.035826 0.048943 0.039915 0.043596 0.049319 0.543013 0.033763
0.041722 0.044427 0.040976 0.037946 0.035808 0.035178 0.087222 0.042374 0.038405 0.040795 0.521432 0.033714
0.080919 0.031166 0.039219 0.033038 0.030764 0.029826 0.088660 0.034379 0.030931 0.040424 0.532342 0.028332
0.034876 0.036667 0.040462 0.036186 0.033998 0.032528 0.095025 0.042323 0.033469 0.039179 0.544387 0.030900
0.029103 0.031299 0.034495 0.030767 0.029208 0.027304 0.074733 0.036724 0.035127 0.033518 0.611810 0.025912
0.048030 0.042004 0.042029 0.039137 0.037655 0.035807 0.055871 0.047620 0.043439 0.041347 0.532866 0.034193
0.060899 0.032347 0.040443 0.033183 0.032589 0.031574 0.078197 0.039269 0.035988 0.040772 0.544519 0.030219
0.049189 0.039817 0.036904 0.033250 0.032523 0.030998 0.080167 0.042975 0.035137 0.035611 0.553789 0.029639
0.043468 0.030965 0.038521 0.029994 0.029728 0.028478 0.077615 0.036961 0.028770 0.037636 0.590070 0.027795
0.037935 0.038490 0.036609 0.035993 0.032607 0.031728 0.096213 0.046141 0.035609 0.036985 0.542554 0.029137
0.031432 0.034996 0.038541 0.030728 0.031661 0.029060 0.079004 0.038063 0.030162 0.040037 0.589211 0.027107
0.038197 0.033107 0.039051 0.035125 0.033972 0.033919 0.077988 0.047338 0.049795 0.038454 0.541566 0.031488
0.031416 0.027868 0.035631 0.028324 0.030235 0.027757 0.089176 0.035499 0.028670 0.038368 0.601184 0.025872
0.065771 0.037678 0.041572 0.034156 0.034032 0.033270 0.104282 0.041087 0.036669 0.043811 0.496304 0.031367
0.034795 0.035493 0.034583 0.031035 0.031054 0.028566 0.082303 0.035426 0.029953 0.036703 0.593593 0.026495
0.037415 0.045944 0.040728 0.035368 0.035057 0.034311 0.071890 0.045513 0.039172 0.044901 0.536904 0.032800
0.035519 0.040609 0.047700 0.041264 0.038532 0.036754 0.099408 0.048573 0.041032 0.055786 0.481537 0.033285
0.027620 0.030493 0.033324 0.029743 0.031203 0.027775 0.122861 0.040812 0.028163 0.041122 0.560557 0.026328
0.039002 0.037610 0.048892 0.042685 0.040891 0.039839 0.090433 0.049380 0.041664 0.055987 0.477113 0.036506
0.040415 0.040264 0.044153 0.038193 0.039831 0.035360 0.068722 0.046730 0.040304 0.057149 0.515705 0.033174
0.040837 0.046780 0.047970 0.039293 0.039751 0.037083 0.072148 0.049167 0.050884 0.050503 0.491622 0.033960
0.034570 0.034337 0.039994 0.034917 0.035270 0.033394 0.058961 0.039925 0.034201 0.050207 0.572478 0.031746
0.041506 0.052298 0.051318 0.044217 0.045475 0.042121 0.053843 0.049502 0.055269 0.061383 0.464202 0.038867
0.056611 0.047474 0.052818 0.046064 0.044731 0.042632 0.062981 0.054245 0.048276 0.051159 0.453850 0.039159
0.042397 0.036528 0.039027 0.035642 0.034632 0.032057 0.095456 0.041810 0.035109 0.049956 0.526204 0.031182
0.039413 0.039117 0.044388 0.036309 0.037574 0.035483 0.082349 0.049668 0.036858 0.046845 0.517582 0.034414
0.039651 0.043771 0.050718 0.040348 0.042614 0.039929 0.085819 0.050271 0.055072 0.059402 0.455740 0.036666
0.037171 0.037156 0.045776 0.038768 0.039010 0.036296 0.076584 0.047276 0.046637 0.045891 0.517527 0.031906
0.042820 0.037445 0.042055 0.037204 0.036551 0.035828 0.055591 0.042157 0.045151 0.043725 0.546859 0.034613
0.048769 0.044121 0.048115 0.040350 0.039695 0.036794 0.076639 0.050073 0.045192 0.053883 0.482221 0.034147
0.048709 0.038348 0.042930 0.039355 0.038771 0.036932 0.049514 0.046362 0.040278 0.044630 0.538463 0.035709
0.036712 0.034132 0.045224 0.033775 0.036398 0.033275 0.046705 0.044249 0.033234 0.047206 0.577204 0.031886
0.056608 0.040626 0.041719 0.037266 0.037330 0.036229 0.057087 0.049396 0.042549 0.043037 0.523959 0.034196
0.068957 0.043336 0.052775 0.041487 0.041243 0.039509 0.060723 0.047758 0.051506 0.054232 0.463893 0.034580
0.041335 0.042181 0.043769 0.038659 0.037941 0.035708 0.075354 0.048099 0.044169 0.042312 0.517598 0.032876
0.038068 0.038852 0.039312 0.033880 0.031452 0.030573 0.092263 0.043997 0.034236 0.040013 0.548533 0.028820
0.035769 0.037033 0.039191 0.035923 0.033935 0.032658 0.105112 0.048930 0.040528 0.042608 0.517193 0.031120
0.052646 0.030535 0.035356 0.030297 0.031014 0.028823 0.059793 0.037212 0.033006 0.039248 0.594114 0.027957
0.040624 0.052385 0.034327 0.031380 0.030952 0.029566 0.049431 0.041860 0.032262 0.035165 0.593658 0.028392
0.045009 0.037194 0.040506 0.034444 0.032831 0.032047 0.067997 0.038893 0.040958 0.041384 0.558638 0.030099
0.037231 0.035890 0.043019 0.034930 0.034309 0.033266 0.090342 0.045354 0.034500 0.041099 0.538179 0.031880
0.036914 0.031453 0.039837 0.032585 0.031867 0.031611 0.099581 0.039277 0.040594 0.037721 0.549389 0.029170
0.032889 0.029306 0.034100 0.031631 0.029539 0.027036 0.094429 0.039945 0.031666 0.033484 0.591986 0.023989
0.029054 0.035203 0.034560 0.030271 0.029489 0.028456 0.070153 0.035082 0.037156 0.036389 0.607048 0.027140
0.043864 0.028892 0.035740 0.030759 0.031263 0.029353 0.042607 0.035180 0.030646 0.044947 0.618500 0.028248
0.033023 0.033749 0.041008 0.034190 0.035433 0.033091 0.081662 0.049980 0.041563 0.047022 0.537828 0.031450
0.045839 0.039633 0.044537 0.035574 0.035968 0.033665 0.108528 0.045616 0.042638 0.047143 0.490444 0.030414
0.036178 0.037236 0.041128 0.037868 0.035335 0.034148 0.117961 0.049337 0.041016 0.044134 0.494173 0.031485
0.032648 0.033484 0.041234 0.034123 0.032657 0.030112 0.094107 0.042439 0.031240 0.039434 0.561144 0.027379
0.039275 0.034061 0.036876 0.034927 0.033100 0.030843 0.074051 0.043233 0.039884 0.038303 0.566558 0.028890
0.047426 0.032212 0.035260 0.032155 0.032162 0.030788 0.104040 0.037370 0.035795 0.038278 0.545092 0.029423
0.031078 0.028828 0.030656 0.032227 0.030114 0.029005 0.115346 0.036291 0.034923 0.032368 0.571527 0.027636
0.039591 0.033085 0.040040 0.035480 0.033361 0.032379 0.063836 0.040685 0.034900 0.044602 0.572032 0.030008
0.035761 0.033129 0.040869 0.033252 0.033755 0.032239 0.062816 0.037921 0.033523 0.040162 0.585798 0.030775
0.051809 0.036408 0.046089 0.038641 0.037262 0.037311 0.105153 0.043601 0.051251 0.048000 0.470821 0.033654
0.044219 0.040794 0.037256 0.032772 0.032252 0.031457 0.095968 0.040889 0.033050 0.036626 0.545481 0.029237
0.031070 0.031187 0.035866 0.032101 0.030092 0.029639 0.071660 0.037924 0.030372 0.036206 0.605324 0.028558
0.032048 0.032612 0.035744 0.032906 0.031724 0.030317 0.059551 0.038471 0.031788 0.039821 0.606728 0.028289
0.035858 0.037832 0.040705 0.035203 0.036894 0.034822 0.048034 0.038999 0.036413 0.042962 0.579080 0.033198
0.048143 0.037315 0.041844 0.038038 0.036025 0.035384 0.063263 0.046241 0.041530 0.039479 0.538026 0.034713
0.039444 0.042835 0.040217 0.034876 0.033257 0.031660 0.073658 0.043250 0.032074 0.043967 0.553702 0.031061
0.068971 0.041236 0.047282 0.040463 0.037531 0.036291 0.078545 0.051681 0.047357 0.046019 0.471599 0.033025
0.049424 0.032981 0.039412 0.033399 0.031807 0.028986 0.066136 0.044679 0.032830 0.036837 0.576958 0.026553
0.042506 0.031227 0.034696 0.029958 0.029765 0.027653 0.063286 0.034415 0.028518 0.034372 0.617256 0.026349
0.039051 0.051904 0.039269 0.037157 0.033804 0.032883 0.068987 0.046648 0.041768 0.038854 0.538734 0.030941
0.035241 0.050416 0.036893 0.033668 0.032027 0.030081 0.053748 0.039086 0.031593 0.043344 0.586233 0.027670
0.037782 0.032566 0.038588 0.032762 0.032983 0.031703 0.055972 0.038538 0.032736 0.039186 0.596300 0.030883
0.040364 0.037479 0.041777 0.035496 0.036075 0.035237 0.081314 0.043599 0.040583 0.042964 0.531909 0.033204
0.037327 0.035176 0.047852 0.039573 0.039094 0.036701 0.110755 0.048390 0.042278 0.050548 0.479131 0.033176
0.035604 0.032353 0.037179 0.030441 0.029700 0.028299 0.078868 0.033500 0.028647 0.038479 0.599292 0.027639
0.036507 0.031936 0.035424 0.036065 0.032948 0.031691 0.093725 0.048305 0.046555 0.037285 0.540565 0.028993
0.038044 0.036417 0.042837 0.038443 0.037354 0.034897 0.092589 0.048270 0.037684 0.044169 0.518281 0.031015
0.030883 0.029586 0.033547 0.031420 0.028201 0.027844 0.082622 0.033369 0.036151 0.033909 0.605742 0.026726
0.052893 0.035167 0.034653 0.033921 0.031263 0.031021 0.068664 0.039589 0.039393 0.037168 0.566222 0.030046
0.044184 0.038388 0.042266 0.035476 0.035950 0.034493 0.077025 0.040512 0.044881 0.041934 0.532759 0.032132
0.039764 0.035518 0.038843 0.035340 0.033143 0.032519 0.076217 0.041763 0.041747 0.038859 0.555219 0.031068
0.037640 0.031767 0.038102 0.034998 0.032302 0.031618 0.072210 0.039596 0.040327 0.037103 0.573862 0.030475
0.033226 0.040763 0.039680 0.030999 0.031654 0.029382 0.085594 0.038905 0.031077 0.040882 0.570394 0.027443
0.049875 0.038287 0.043268 0.039984 0.037490 0.036826 0.063500 0.047949 0.044376 0.044694 0.519436 0.034317
0.040767 0.033507 0.042375 0.033876 0.033102 0.030547 0.054971 0.036106 0.030887 0.041586 0.593557 0.028720
0.040444 0.045493 0.040503 0.036147 0.033474 0.032909 0.084926 0.046111 0.040400 0.041856 0.527369 0.030369
0.034094 0.045514 0.035832 0.033072 0.031872 0.030034 0.078548 0.037906 0.038421 0.039964 0.567072 0.027673
0.048577 0.036694 0.044290 0.038864 0.037968 0.035418 0.061689 0.046974 0.035616 0.045931 0.533065 0.034913
0.046696 0.032254 0.037489 0.034809 0.032726 0.031170 0.070142 0.042021 0.039571 0.042897 0.560845 0.029380
0.046732 0.036690 0.039382 0.039695 0.038685 0.035907 0.078563 0.046000 0.040884 0.049718 0.513325 0.034419
0.054348 0.036184 0.042571 0.035023 0.032761 0.031816 0.092121 0.038901 0.040301 0.040281 0.525833 0.029860
0.038167 0.050793 0.032425 0.030804 0.029230 0.027191 0.064997 0.037073 0.029890 0.036949 0.595916 0.026564
0.048255 0.045280 0.042334 0.031452 0.031866 0.030301 0.067208 0.037291 0.031594 0.041465 0.564002 0.028952
0.056273 0.032596 0.037185 0.033296 0.031593 0.031654 0.083738 0.044678 0.048473 0.036530 0.534954 0.029030
0.062715 0.027073 0.034135 0.030422 0.029174 0.027509 0.057673 0.034642 0.029199 0.036820 0.605618 0.025020
0.034179 0.034909 0.036944 0.034429 0.032217 0.031949 0.058393 0.039414 0.041210 0.036277 0.589546 0.030534
0.033289 0.032297 0.036699 0.032235 0.031947 0.030515 0.076714 0.037381 0.032421 0.044036 0.583546 0.028920
0.043892 0.040894 0.041279 0.034943 0.035354 0.033368 0.063816 0.041483 0.034140 0.042901 0.555301 0.032629
