0.062388 0.055357 0.063927 0.059103 0.049089 0.049253 0.046670 0.055125 0.057358 0.056195 0.400717 0.044816
0.054470 0.055767 0.063605 0.060171 0.056924 0.051504 0.052894 0.064415 0.060818 0.065948 0.365911 0.047571
0.053027 0.053829 0.059925 0.055070 0.047023 0.050092 0.047018 0.051199 0.059302 0.056355 0.421562 0.045598
0.053084 0.055620 0.069307 0.061839 0.056115 0.052013 0.053373 0.056612 0.059293 0.066522 0.367777 0.048445
0.057932 0.048513 0.067567 0.056329 0.051765 0.051950 0.049119 0.053536 0.051790 0.070097 0.395468 0.045936
0.062355 0.051509 0.073786 0.052341 0.050811 0.049489 0.050300 0.057965 0.055124 0.062049 0.387999 0.046272
0.048249 0.047843 0.058651 0.048560 0.050102 0.047424 0.048523 0.047186 0.047784 0.058126 0.453280 0.044272
0.049314 0.048131 0.087436 0.053734 0.049785 0.054127 0.049295 0.053454 0.062944 0.062864 0.383688 0.045228
0.040202 0.065595 0.054563 0.044052 0.044573 0.040575 0.042508 0.042979 0.044477 0.051896 0.489390 0.039190
0.054505 0.065237 0.068912 0.051452 0.052197 0.048263 0.049172 0.053105 0.050979 0.063032 0.398066 0.045080
0.043545 0.048637 0.065202 0.053789 0.047526 0.045872 0.046977 0.046872 0.052828 0.058744 0.448021 0.041987
0.045200 0.051204 0.074985 0.046240 0.049052 0.053323 0.047193 0.048180 0.048352 0.061746 0.431328 0.043198
0.053361 0.051925 0.066044 0.047315 0.049418 0.046425 0.047796 0.046600 0.051159 0.058724 0.438854 0.042379
0.046801 0.041862 0.066258 0.047266 0.042571 0.045356 0.041072 0.041494 0.043817 0.051603 0.495072 0.036829
0.047338 0.062315 0.065047 0.048923 0.049197 0.046253 0.047282 0.047189 0.048114 0.060866 0.434925 0.042553
0.043497 0.053748 0.062711 0.045619 0.046180 0.047272 0.045877 0.043638 0.043993 0.061255 0.465375 0.040835
0.054100 0.047976 0.082916 0.056706 0.051307 0.052758 0.049521 0.049061 0.051633 0.074580 0.385198 0.044245
0.044682 0.049293 0.060690 0.047799 0.047380 0.048385 0.046334 0.047841 0.048720 0.058119 0.460469 0.040288
0.048075 0.050942 0.071486 0.055098 0.044373 0.051633 0.044619 0.047230 0.051146 0.056406 0.438378 0.040615
0.052548 0.048473 0.065218 0.046966 0.046259 0.048665 0.043814 0.049228 0.052048 0.058399 0.449724 0.038657
0.066314 0.052975 0.062920 0.048337 0.046689 0.050549 0.046800 0.049610 0.056285 0.055673 0.422641 0.041207
0.045887 0.044027 0.067953 0.053363 0.048364 0.055679 0.047436 0.048803 0.047488 0.058700 0.440984 0.041317
0.051209 0.044062 0.071713 0.044377 0.044892 0.053739 0.043798 0.044098 0.049939 0.056914 0.456203 0.039056
0.049544 0.040908 0.060360 0.046020 0.043877 0.046261 0.042043 0.042985 0.050616 0.056098 0.481750 0.039537
0.038172 0.055352 0.048680 0.041905 0.041006 0.038871 0.039592 0.040106 0.041192 0.051132 0.527741 0.036252
0.048188 0.063209 0.059310 0.051716 0.049083 0.047435 0.046642 0.048810 0.054833 0.053313 0.434175 0.043284
0.048017 0.072347 0.066410 0.055999 0.051592 0.051666 0.050492 0.051168 0.056072 0.069094 0.381928 0.045214
0.060736 0.048503 0.073758 0.053330 0.050994 0.056868 0.049117 0.050006 0.049961 0.065612 0.399034 0.042081
0.050272 0.041484 0.065549 0.043816 0.045559 0.051514 0.044182 0.043960 0.046715 0.057008 0.470975 0.038965
0.049118 0.046157 0.058067 0.051544 0.042764 0.044697 0.041845 0.042878 0.056112 0.062172 0.465010 0.039636
0.058732 0.054349 0.065945 0.053603 0.055106 0.051316 0.052491 0.053070 0.058651 0.064312 0.384973 0.047452
0.043683 0.046353 0.069693 0.052488 0.048295 0.053063 0.047304 0.049175 0.053145 0.061452 0.433229 0.042119
0.044768 0.051435 0.075345 0.059567 0.049623 0.057957 0.048887 0.051194 0.057643 0.060355 0.399605 0.043621
0.043606 0.050141 0.068195 0.052061 0.048158 0.055360 0.047591 0.054199 0.051680 0.055684 0.433419 0.039906
0.043222 0.049395 0.064231 0.057120 0.043865 0.048406 0.042783 0.047403 0.058684 0.057040 0.448585 0.039265
0.050297 0.052094 0.052863 0.045037 0.046409 0.043761 0.044735 0.044799 0.046412 0.054519 0.478530 0.040544
0.063471 0.051540 0.061653 0.055131 0.053755 0.050926 0.050839 0.057021 0.055447 0.062659 0.391432 0.046126
0.049533 0.049913 0.064345 0.057238 0.051498 0.051525 0.049094 0.053140 0.061163 0.062686 0.403997 0.045869
0.047542 0.046685 0.055810 0.055248 0.050617 0.047648 0.049413 0.050246 0.055820 0.060091 0.436669 0.044211
0.046646 0.051900 0.066515 0.062864 0.051234 0.051712 0.049266 0.056074 0.059588 0.060035 0.400237 0.043929
0.058639 0.043755 0.067232 0.044368 0.043658 0.050298 0.043034 0.045047 0.051169 0.053917 0.459087 0.039796
0.052852 0.055506 0.075485 0.058023 0.057102 0.055330 0.054140 0.056298 0.058975 0.066651 0.360047 0.049590
0.047716 0.057453 0.074539 0.048538 0.048281 0.051840 0.048019 0.048706 0.049446 0.064568 0.417587 0.043307
0.045657 0.048770 0.061695 0.051432 0.046591 0.045052 0.045204 0.049055 0.053708 0.054635 0.455554 0.042649
0.052945 0.062899 0.061465 0.058867 0.056009 0.051611 0.052324 0.054750 0.058929 0.063261 0.379923 0.047018
0.045752 0.052258 0.066676 0.048756 0.046466 0.048533 0.045011 0.048567 0.053364 0.056210 0.447569 0.040837
0.052009 0.056748 0.067772 0.060564 0.055631 0.053034 0.053774 0.064449 0.069390 0.062906 0.353857 0.049865
0.056336 0.054043 0.071034 0.056950 0.055379 0.055808 0.054951 0.053131 0.057226 0.068164 0.367567 0.049411
0.043889 0.050037 0.080115 0.047834 0.045930 0.047730 0.044901 0.045780 0.052087 0.061472 0.439950 0.040275
0.050088 0.046878 0.052662 0.050866 0.048839 0.045584 0.047763 0.047156 0.051562 0.056557 0.457808 0.044238
0.047866 0.053960 0.059945 0.050937 0.045594 0.043479 0.043770 0.046129 0.053261 0.056975 0.456872 0.041214
0.054065 0.065065 0.067935 0.069560 0.058119 0.054659 0.055275 0.059006 0.064486 0.063708 0.336310 0.051813
0.055076 0.049602 0.068827 0.053927 0.052823 0.054841 0.051890 0.053560 0.054273 0.064065 0.395415 0.045701
0.054080 0.053090 0.084804 0.056054 0.051196 0.055406 0.050708 0.051712 0.054025 0.059555 0.381870 0.047499
0.047447 0.053958 0.067254 0.056617 0.054331 0.049504 0.050809 0.053096 0.054262 0.063888 0.404099 0.044734
0.043361 0.061226 0.064131 0.051311 0.045657 0.044740 0.044741 0.047337 0.049848 0.056420 0.449224 0.042003
0.066565 0.054895 0.062172 0.065612 0.055007 0.053509 0.054627 0.057616 0.060023 0.061369 0.357683 0.050923
0.049021 0.064703 0.074361 0.055831 0.049266 0.053422 0.049587 0.051448 0.052133 0.065001 0.391453 0.043773
0.051193 0.058205 0.078968 0.062673 0.055080 0.057086 0.051924 0.058452 0.062851 0.064661 0.350182 0.048725
0.048655 0.047327 0.061684 0.046872 0.047779 0.046856 0.047601 0.046301 0.045440 0.057990 0.462576 0.040919
0.079058 0.055062 0.075738 0.053089 0.048319 0.055433 0.045862 0.052866 0.055930 0.057441 0.378796 0.042406
0.043339 0.055043 0.061061 0.049566 0.046809 0.043712 0.044871 0.045977 0.047977 0.053925 0.466828 0.040893
0.043687 0.044502 0.053801 0.050711 0.046988 0.044994 0.045430 0.045354 0.046174 0.051886 0.484057 0.042414
0.051580 0.050437 0.072753 0.057419 0.055132 0.051969 0.051684 0.064140 0.058511 0.060689 0.378606 0.047080
0.047330 0.051032 0.068181 0.050655 0.047102 0.049437 0.046550 0.046338 0.045179 0.055539 0.449845 0.042813
0.048520 0.047704 0.070679 0.049247 0.050725 0.047575 0.049294 0.048458 0.051678 0.058150 0.433327 0.044644
0.060724 0.041752 0.060030 0.042013 0.044203 0.043797 0.042769 0.041485 0.045026 0.052184 0.487872 0.038146
0.050946 0.047162 0.073270 0.055486 0.049133 0.048492 0.045774 0.051926 0.053263 0.056533 0.426685 0.041330
0.045826 0.045855 0.055804 0.049237 0.050000 0.046517 0.048588 0.047223 0.053763 0.054324 0.458875 0.043987
0.043186 0.046115 0.067672 0.050203 0.046663 0.046294 0.045141 0.044721 0.055309 0.061612 0.452458 0.040625
0.045415 0.045222 0.077059 0.053282 0.048621 0.050574 0.047774 0.046187 0.055000 0.063826 0.425894 0.041146
0.042604 0.040259 0.053849 0.043024 0.043981 0.044804 0.042192 0.043434 0.047550 0.050226 0.510202 0.037874
0.055989 0.041478 0.062946 0.051885 0.043368 0.043650 0.043759 0.042831 0.051362 0.056752 0.466187 0.039793
0.048605 0.060525 0.069944 0.050249 0.050350 0.054654 0.048004 0.053519 0.054207 0.059814 0.407560 0.042568
0.056450 0.045406 0.076934 0.053283 0.048117 0.053333 0.048321 0.050539 0.056801 0.061534 0.405822 0.043461
0.044631 0.049064 0.065712 0.048848 0.046864 0.051815 0.045993 0.045090 0.043766 0.059746 0.458997 0.039472
0.055497 0.050877 0.075076 0.047872 0.046700 0.049472 0.043766 0.045534 0.053673 0.060618 0.430353 0.040561
0.048022 0.059000 0.058630 0.054411 0.048045 0.048017 0.046944 0.049513 0.051817 0.059757 0.431843 0.044001
0.053257 0.048695 0.060535 0.051725 0.050510 0.048346 0.048844 0.049423 0.057549 0.059261 0.428083 0.043772
0.058021 0.060392 0.068515 0.054032 0.051942 0.055426 0.050886 0.058828 0.060125 0.060190 0.375575 0.046068
0.045910 0.046578 0.068875 0.047958 0.048038 0.052977 0.047467 0.049124 0.059475 0.059783 0.430121 0.043695
0.064794 0.052451 0.061425 0.057685 0.056668 0.054336 0.055656 0.065431 0.053863 0.060942 0.366294 0.050458
0.053210 0.052550 0.075181 0.050919 0.050270 0.055809 0.048686 0.048860 0.050832 0.063771 0.406553 0.043360
0.047289 0.047665 0.066092 0.053076 0.048978 0.050855 0.048367 0.051583 0.061476 0.067652 0.410262 0.046704
0.055789 0.066519 0.065898 0.060751 0.055983 0.054206 0.055045 0.062920 0.058720 0.061381 0.353008 0.049780
0.051035 0.058084 0.067750 0.052649 0.049384 0.052390 0.047384 0.050937 0.055115 0.060556 0.410765 0.043951
0.063364 0.065586 0.069328 0.060130 0.057631 0.055830 0.056756 0.058404 0.069678 0.065665 0.324991 0.052636
0.050216 0.049028 0.063808 0.053391 0.052368 0.051716 0.051102 0.051720 0.053763 0.065205 0.410493 0.047191
0.052433 0.050917 0.071745 0.062217 0.055219 0.053175 0.052290 0.057343 0.071219 0.069485 0.354784 0.049173
0.059437 0.052500 0.065425 0.062361 0.057268 0.053865 0.055726 0.058155 0.062649 0.063324 0.359840 0.049451
0.075287 0.050071 0.072380 0.057779 0.051062 0.054818 0.050224 0.053414 0.057256 0.067424 0.362775 0.047512
0.049251 0.052998 0.066406 0.053357 0.051721 0.050215 0.050824 0.060385 0.062728 0.059143 0.396357 0.046614
0.060799 0.057093 0.073156 0.058401 0.056082 0.057430 0.053808 0.059910 0.058991 0.071193 0.342777 0.050358
0.059130 0.059353 0.079114 0.066108 0.056751 0.055705 0.055142 0.057933 0.062624 0.071203 0.327001 0.049936
0.049788 0.049105 0.066078 0.050691 0.051118 0.055109 0.050695 0.049833 0.048243 0.060390 0.424816 0.044136
0.051700 0.052743 0.075589 0.061363 0.053437 0.058713 0.051774 0.064308 0.066559 0.066513 0.349258 0.048042
0.045572 0.049888 0.050826 0.047671 0.045282 0.042994 0.044297 0.053799 0.045250 0.053948 0.478988 0.041486
0.060219 0.056725 0.067538 0.060278 0.057438 0.054507 0.054605 0.057848 0.062226 0.064283 0.353325 0.051010
0.049746 0.062067 0.060593 0.053947 0.050079 0.048312 0.049206 0.050827 0.054443 0.057940 0.417432 0.045409
0.047931 0.048513 0.070626 0.059976 0.050144 0.051509 0.048633 0.050861 0.055337 0.060921 0.409465 0.046083
0.052574 0.049327 0.070028 0.053221 0.055290 0.048825 0.051266 0.056846 0.054929 0.066460 0.396055 0.045179
0.049246 0.041411 0.058803 0.045465 0.044008 0.041882 0.042896 0.044155 0.044133 0.055597 0.492261 0.040143
0.062447 0.056066 0.072062 0.058794 0.053321 0.051303 0.052224 0.054129 0.055059 0.064226 0.372132 0.048237
0.045863 0.062163 0.073618 0.051581 0.050523 0.051463 0.048295 0.048000 0.047693 0.065318 0.413145 0.042337
0.048106 0.050849 0.074087 0.046437 0.048191 0.045880 0.045906 0.046514 0.046683 0.064180 0.441748 0.041420
0.054072 0.043450 0.057145 0.045750 0.047189 0.042628 0.045236 0.043861 0.044003 0.056317 0.480629 0.039718
0.050519 0.057399 0.068631 0.052423 0.049260 0.048834 0.047595 0.060237 0.056810 0.059362 0.405183 0.043748
0.046810 0.051516 0.068556 0.059062 0.051664 0.050497 0.050128 0.049668 0.058398 0.061708 0.406041 0.045952
0.042595 0.051110 0.059284 0.045344 0.047689 0.045841 0.046946 0.044763 0.047790 0.057826 0.472115 0.038698
0.047711 0.053842 0.078653 0.055210 0.049076 0.055548 0.047623 0.052123 0.062635 0.058248 0.397449 0.041882
0.047402 0.053947 0.062782 0.050189 0.047380 0.052345 0.046987 0.049307 0.051946 0.061030 0.433393 0.043291
0.047664 0.054379 0.063653 0.057239 0.050138 0.049713 0.050107 0.050594 0.062041 0.062755 0.406111 0.045605
0.054093 0.048496 0.066486 0.050823 0.048497 0.053723 0.047477 0.051854 0.049484 0.057078 0.427742 0.044247
0.053700 0.049130 0.070409 0.058579 0.049440 0.050068 0.048676 0.052213 0.056665 0.062900 0.402293 0.045927
0.063113 0.051328 0.066194 0.056093 0.056554 0.051786 0.053886 0.060647 0.056526 0.062207 0.373833 0.047833
0.044145 0.044193 0.064411 0.050651 0.046644 0.049503 0.045019 0.048010 0.053492 0.054842 0.457515 0.041575
0.062224 0.059336 0.076148 0.063523 0.055678 0.063455 0.054170 0.062231 0.064676 0.059357 0.328541 0.050662
0.053854 0.053688 0.067539 0.062474 0.054738 0.053570 0.054442 0.065693 0.063459 0.066022 0.356359 0.048161
0.050538 0.050980 0.075650 0.057352 0.047655 0.052171 0.047083 0.049801 0.059057 0.059248 0.407565 0.042900
0.049898 0.051112 0.058334 0.054975 0.053160 0.049942 0.050718 0.052559 0.057491 0.059477 0.415697 0.046636
0.058098 0.064813 0.069324 0.062515 0.053178 0.055268 0.052436 0.058726 0.060996 0.061629 0.353212 0.049804
0.061874 0.060343 0.067067 0.057291 0.055264 0.052208 0.053346 0.054570 0.061360 0.063017 0.364049 0.049612
0.053369 0.060077 0.067430 0.055226 0.054834 0.055080 0.053632 0.053328 0.061063 0.063740 0.372949 0.049273
0.073076 0.053472 0.081403 0.056318 0.050917 0.053864 0.051214 0.060474 0.059320 0.066751 0.347250 0.045942
0.060549 0.057666 0.074153 0.054538 0.055225 0.058425 0.053932 0.063774 0.054023 0.065533 0.351926 0.050256
0.054555 0.055989 0.074172 0.058627 0.057958 0.056749 0.056208 0.068417 0.059878 0.070405 0.333688 0.053353
0.054250 0.057850 0.067369 0.058271 0.052366 0.051749 0.051455 0.051989 0.056775 0.065632 0.383772 0.048523
0.054698 0.058108 0.073246 0.061706 0.057369 0.056357 0.054095 0.058470 0.065193 0.074556 0.335712 0.050488
0.055976 0.056754 0.058798 0.058699 0.053837 0.053622 0.053052 0.057160 0.059694 0.057813 0.383399 0.051196
0.057247 0.060434 0.065958 0.060744 0.054246 0.051971 0.052625 0.056387 0.069347 0.070544 0.350676 0.049821
0.056077 0.056010 0.073870 0.061209 0.058049 0.055714 0.056429 0.064758 0.062855 0.071741 0.331054 0.052233
0.052829 0.055238 0.082019 0.053890 0.056403 0.057733 0.054661 0.054446 0.054370 0.070057 0.357263 0.051090
0.051507 0.057651 0.075661 0.050923 0.054444 0.050243 0.052120 0.052110 0.051278 0.079870 0.376266 0.047926
0.048420 0.049846 0.066712 0.051166 0.052387 0.048441 0.050250 0.049919 0.053169 0.064733 0.418384 0.046573
0.055570 0.063107 0.072053 0.061776 0.055298 0.053127 0.053791 0.057131 0.059058 0.070698 0.346994 0.051396
0.056201 0.066651 0.071998 0.071275 0.060179 0.058256 0.059661 0.066221 0.061905 0.071927 0.301940 0.053786
0.049614 0.058212 0.090186 0.057744 0.053855 0.057737 0.053518 0.057772 0.052304 0.073059 0.349868 0.046131
0.048482 0.050144 0.075562 0.053131 0.052098 0.054416 0.049997 0.052943 0.051117 0.068674 0.397353 0.046083
0.051868 0.054172 0.071008 0.064169 0.056264 0.053473 0.054933 0.055712 0.055347 0.064192 0.368515 0.050348
0.049590 0.045365 0.073620 0.047153 0.048596 0.051142 0.046678 0.046799 0.050770 0.064164 0.433132 0.042991
0.045862 0.075177 0.050040 0.045718 0.046428 0.044583 0.045024 0.045367 0.046476 0.055686 0.456009 0.043629
0.059835 0.052275 0.062156 0.052842 0.054160 0.051309 0.052632 0.058028 0.052413 0.060390 0.396792 0.047169
0.056728 0.053960 0.084575 0.057695 0.055168 0.062758 0.052855 0.066023 0.060007 0.066845 0.335863 0.047522
0.062433 0.051649 0.063997 0.055944 0.054268 0.054013 0.052446 0.052772 0.053998 0.060828 0.390423 0.047228
0.043956 0.048835 0.067369 0.049727 0.048369 0.048721 0.047000 0.050584 0.048890 0.060004 0.444141 0.042402
0.043955 0.052029 0.055881 0.061231 0.046745 0.045078 0.044895 0.052005 0.054821 0.055886 0.444519 0.042955
0.046407 0.050668 0.059692 0.053446 0.051589 0.047576 0.049333 0.050259 0.055664 0.056680 0.433929 0.044757
0.065026 0.067786 0.064393 0.057921 0.055143 0.054462 0.054937 0.053876 0.058552 0.061172 0.355835 0.050897
0.060290 0.059555 0.076952 0.050831 0.048827 0.054202 0.048627 0.048508 0.054818 0.058209 0.395783 0.043398
0.047156 0.051497 0.071771 0.048412 0.047361 0.050138 0.046189 0.046333 0.052296 0.056385 0.438754 0.043707
0.054072 0.051123 0.072754 0.051106 0.052353 0.051655 0.051322 0.057611 0.051882 0.058640 0.402219 0.045263
0.048119 0.052412 0.068081 0.050876 0.049404 0.051831 0.048740 0.050472 0.052561 0.055549 0.425882 0.046073
0.057339 0.074809 0.076834 0.065963 0.062053 0.064289 0.059469 0.065950 0.069609 0.073515 0.274172 0.055997
0.050191 0.061789 0.065923 0.053493 0.053846 0.055468 0.053504 0.052654 0.051023 0.064152 0.390351 0.047606
0.051913 0.056978 0.071935 0.055940 0.052090 0.057704 0.051544 0.054498 0.064968 0.059136 0.375452 0.047842
0.056440 0.052400 0.062823 0.061821 0.056738 0.053490 0.054146 0.062563 0.067888 0.063086 0.357934 0.050671
0.053436 0.059480 0.075757 0.063196 0.055788 0.058593 0.054625 0.055901 0.059510 0.065860 0.345537 0.052318
0.066160 0.057516 0.072983 0.060692 0.057945 0.057530 0.056864 0.057872 0.058552 0.064646 0.337469 0.051771
0.051654 0.049674 0.074731 0.051714 0.051855 0.059685 0.050886 0.051620 0.054535 0.058180 0.398619 0.046848
0.059957 0.050781 0.070931 0.055782 0.052785 0.049817 0.051276 0.052672 0.058545 0.059226 0.390327 0.047902
0.044774 0.049440 0.058074 0.054407 0.050908 0.046435 0.048646 0.048625 0.049663 0.059514 0.445778 0.043736
0.059138 0.054830 0.070356 0.054093 0.052980 0.051426 0.051155 0.052569 0.055670 0.060585 0.388350 0.048848
0.054317 0.053744 0.067375 0.054429 0.055881 0.053376 0.054743 0.055034 0.053773 0.061102 0.385279 0.050946
0.057105 0.054622 0.071299 0.064278 0.058186 0.055588 0.056237 0.057740 0.055816 0.067976 0.349361 0.051794
0.048308 0.059450 0.070868 0.051265 0.051787 0.049363 0.051095 0.049734 0.050047 0.058972 0.414211 0.044900
0.047194 0.048787 0.067731 0.050492 0.050861 0.052832 0.050448 0.048196 0.051428 0.063055 0.423325 0.045651
0.068468 0.054151 0.072935 0.058679 0.056166 0.060971 0.053765 0.055660 0.066401 0.060529 0.342414 0.049861
0.065317 0.058277 0.063534 0.054398 0.051729 0.052366 0.050919 0.051485 0.061417 0.061284 0.382125 0.047148
0.055277 0.062330 0.071446 0.057687 0.053196 0.054964 0.051749 0.054085 0.061586 0.058906 0.371391 0.047385
0.044722 0.053942 0.067771 0.053829 0.048484 0.050292 0.047180 0.050078 0.056545 0.057563 0.426406 0.043189
0.058304 0.054197 0.067389 0.056146 0.050637 0.052873 0.049840 0.053729 0.064391 0.063386 0.383171 0.045937
0.063477 0.053320 0.062641 0.065439 0.055018 0.053634 0.054573 0.059197 0.064083 0.064816 0.353480 0.050322
0.058240 0.054662 0.069902 0.062340 0.052450 0.057101 0.052878 0.058555 0.059875 0.061310 0.364070 0.048616
0.056332 0.052131 0.079002 0.062637 0.056919 0.057732 0.055014 0.064568 0.064739 0.077174 0.323770 0.049981
0.077584 0.052684 0.068584 0.053564 0.052664 0.058857 0.052196 0.056524 0.056392 0.065790 0.356648 0.048512
0.079116 0.059404 0.068786 0.056996 0.055614 0.054585 0.054234 0.056002 0.060966 0.066168 0.338253 0.049876
0.058497 0.066418 0.075446 0.063626 0.056552 0.064388 0.056991 0.063854 0.066719 0.066082 0.308997 0.052429
0.059797 0.076697 0.084799 0.059912 0.055886 0.067782 0.055799 0.060188 0.062849 0.062740 0.300234 0.053316
0.051232 0.053538 0.066043 0.056930 0.055426 0.053601 0.053575 0.064568 0.056714 0.064014 0.374547 0.049812
0.058915 0.053663 0.066411 0.062816 0.056222 0.054815 0.054298 0.062812 0.061285 0.061439 0.354754 0.052569
0.054222 0.056100 0.070581 0.060488 0.057250 0.054285 0.054983 0.059641 0.063310 0.066015 0.350244 0.052883
0.061949 0.061626 0.074071 0.069469 0.064263 0.061562 0.062536 0.070655 0.065666 0.076970 0.271041 0.060191
0.065037 0.055706 0.071572 0.053693 0.054674 0.050848 0.052071 0.054551 0.057090 0.060873 0.374882 0.049003
0.060894 0.056320 0.066626 0.061193 0.055971 0.051800 0.052700 0.054327 0.056895 0.064267 0.367954 0.051055
0.055122 0.063195 0.076249 0.059550 0.060750 0.055426 0.057295 0.059958 0.061136 0.072543 0.326012 0.052764
0.053479 0.054146 0.078002 0.060327 0.056480 0.053700 0.054497 0.054491 0.054435 0.071903 0.356297 0.052243
0.050885 0.051667 0.071306 0.054126 0.056220 0.051196 0.053473 0.053227 0.057633 0.065840 0.385244 0.049184
0.051770 0.053207 0.072541 0.060614 0.055233 0.052178 0.053573 0.053442 0.057521 0.063605 0.375675 0.050642
0.060992 0.052526 0.076038 0.054453 0.054882 0.051347 0.053410 0.053783 0.055999 0.064679 0.373396 0.048496
0.061873 0.051743 0.070653 0.060446 0.053783 0.052398 0.052857 0.053129 0.054507 0.060111 0.379452 0.049048
0.054691 0.057309 0.089394 0.057235 0.059501 0.064367 0.056613 0.056510 0.057747 0.068443 0.328494 0.049696
0.048389 0.050903 0.078100 0.055250 0.052035 0.052353 0.051332 0.049436 0.048755 0.070551 0.396837 0.046059
0.046463 0.050042 0.069770 0.054726 0.051232 0.052814 0.049428 0.049623 0.049243 0.064352 0.416984 0.045323
0.042093 0.045480 0.057112 0.045914 0.044668 0.042530 0.043271 0.043855 0.046676 0.055636 0.493152 0.039614
0.060860 0.058534 0.064715 0.057923 0.053537 0.054077 0.051738 0.059228 0.068630 0.061888 0.359805 0.049064
0.046992 0.045864 0.054904 0.054386 0.050406 0.047260 0.048133 0.050951 0.058133 0.057995 0.441828 0.043149
0.058775 0.052603 0.068707 0.064886 0.052377 0.058789 0.052425 0.059625 0.060308 0.058884 0.363668 0.048951
0.047007 0.047678 0.074917 0.050192 0.052043 0.053101 0.049659 0.049118 0.058100 0.064332 0.410084 0.043769
0.051650 0.055066 0.062620 0.048937 0.050315 0.050745 0.049737 0.049235 0.052697 0.062079 0.420475 0.046445
0.050286 0.057961 0.065585 0.054072 0.054993 0.052141 0.053596 0.053091 0.059560 0.061694 0.389793 0.047226
0.068662 0.046838 0.061224 0.052370 0.045896 0.047969 0.044851 0.045622 0.047577 0.060283 0.436508 0.042201
0.052804 0.073440 0.068023 0.057173 0.054278 0.053132 0.054217 0.061642 0.066299 0.066245 0.343096 0.049651
0.049186 0.050292 0.068794 0.053957 0.052956 0.058926 0.051335 0.053699 0.054480 0.070253 0.389872 0.046251
0.054571 0.056013 0.080466 0.065557 0.058784 0.056902 0.054799 0.068503 0.074044 0.075986 0.303803 0.050569
0.048054 0.047973 0.061844 0.048665 0.050277 0.048393 0.048680 0.047665 0.048808 0.061531 0.445117 0.042992
0.048672 0.049692 0.064247 0.051728 0.052499 0.049695 0.049001 0.056818 0.060227 0.061363 0.410914 0.045144
0.055454 0.060226 0.057979 0.058141 0.053294 0.052018 0.052752 0.055498 0.064049 0.058896 0.381360 0.050333
0.051472 0.053425 0.064600 0.060859 0.052084 0.054248 0.051285 0.054603 0.069751 0.062132 0.376080 0.049461
0.055499 0.059309 0.074022 0.068719 0.059961 0.058946 0.059304 0.063859 0.074673 0.065561 0.305722 0.054426
0.048965 0.053048 0.060995 0.056205 0.050686 0.052753 0.049024 0.052916 0.052911 0.063696 0.412480 0.046322
0.068564 0.056797 0.085430 0.067052 0.059383 0.056369 0.056434 0.063931 0.063480 0.076472 0.293625 0.052462
0.056057 0.054983 0.063085 0.060700 0.058344 0.054849 0.056460 0.058465 0.059381 0.063284 0.361613 0.052778
0.073922 0.068736 0.088463 0.065836 0.060999 0.061804 0.061163 0.062849 0.062304 0.086933 0.251587 0.055403
0.059754 0.059801 0.079035 0.066077 0.062067 0.064785 0.060845 0.067579 0.060989 0.072667 0.291964 0.054437
0.047939 0.048613 0.073849 0.049009 0.047539 0.059566 0.046614 0.047544 0.048043 0.059995 0.427265 0.044024
0.053369 0.050924 0.061092 0.056419 0.052618 0.049323 0.050214 0.062831 0.059242 0.061387 0.394852 0.047728
0.070569 0.059945 0.065954 0.064572 0.057723 0.054694 0.055532 0.061989 0.066325 0.062747 0.326752 0.053201
0.082619 0.058359 0.071986 0.052171 0.051715 0.051585 0.049880 0.051210 0.055641 0.062280 0.366052 0.046502
0.074690 0.051665 0.057527 0.053224 0.051981 0.049733 0.050509 0.050575 0.052959 0.053734 0.405455 0.047947
0.053393 0.053478 0.069771 0.059532 0.053873 0.050720 0.051497 0.053118 0.053747 0.064090 0.389384 0.047398
0.052673 0.054765 0.074113 0.054956 0.055849 0.056478 0.054635 0.054281 0.057352 0.069388 0.363555 0.051956
0.057730 0.067531 0.071294 0.060684 0.060656 0.057678 0.059025 0.057394 0.064303 0.071187 0.318226 0.054293
0.052597 0.060752 0.084281 0.058762 0.054886 0.058268 0.054101 0.053684 0.052522 0.071130 0.350139 0.048878
0.073847 0.047245 0.067455 0.050182 0.051002 0.050213 0.048674 0.050504 0.049798 0.059733 0.406448 0.044898
0.053504 0.063776 0.065705 0.054058 0.053747 0.050898 0.052123 0.053488 0.052473 0.065224 0.386995 0.048008
0.064732 0.070930 0.082387 0.059681 0.058287 0.063910 0.057119 0.060803 0.060047 0.069868 0.300542 0.051692
0.052699 0.061727 0.077175 0.055220 0.052570 0.057585 0.052317 0.053938 0.058067 0.060862 0.370216 0.047625
0.056231 0.047039 0.063402 0.049553 0.048124 0.051766 0.047123 0.046621 0.047334 0.058251 0.440578 0.043976
0.051621 0.057281 0.065264 0.048327 0.046940 0.044143 0.044482 0.051805 0.051933 0.057417 0.439647 0.041141
0.058167 0.050002 0.055408 0.052991 0.051011 0.047822 0.048379 0.050498 0.058721 0.056169 0.424397 0.046435
0.070768 0.061947 0.071380 0.060734 0.058000 0.056336 0.056495 0.056634 0.063932 0.064135 0.326664 0.052977
0.049386 0.061683 0.076832 0.051979 0.053847 0.054308 0.053050 0.050709 0.050070 0.068184 0.383918 0.046036
0.045532 0.046074 0.069406 0.043221 0.046162 0.049493 0.045091 0.045307 0.043708 0.057222 0.468180 0.040605
0.044388 0.043180 0.054677 0.045512 0.045376 0.042092 0.043594 0.043335 0.043310 0.054863 0.499380 0.040294
0.061220 0.054079 0.070349 0.055739 0.057263 0.052945 0.053914 0.057212 0.061954 0.067504 0.357967 0.049855
0.051321 0.050295 0.068774 0.059115 0.054474 0.054211 0.052777 0.055793 0.062292 0.060509 0.381633 0.048805
0.049228 0.059787 0.072177 0.059645 0.054379 0.056242 0.051854 0.054632 0.058381 0.066545 0.370369 0.046761
0.047478 0.076773 0.062377 0.050800 0.047162 0.050433 0.046423 0.049967 0.048800 0.056088 0.422302 0.041397
0.047687 0.054453 0.069408 0.051841 0.046598 0.051900 0.045644 0.046623 0.046988 0.055419 0.442062 0.041378
0.063588 0.050943 0.060771 0.054339 0.051820 0.050184 0.050951 0.052019 0.054137 0.058850 0.405308 0.047092
0.052023 0.053800 0.082636 0.056106 0.052452 0.058486 0.052869 0.053857 0.060909 0.067044 0.361401 0.048416
0.049809 0.046899 0.068807 0.046162 0.046416 0.049246 0.045254 0.046394 0.047187 0.058651 0.454344 0.040830
0.046544 0.046880 0.059697 0.046977 0.049201 0.047711 0.048003 0.047171 0.049625 0.055082 0.458668 0.044441
0.050529 0.047899 0.065835 0.059017 0.051778 0.051425 0.049420 0.063561 0.059106 0.058472 0.396961 0.045997
0.058227 0.063202 0.075942 0.074107 0.060436 0.059512 0.058162 0.070638 0.068823 0.070018 0.287711 0.053221
0.045910 0.049573 0.060247 0.047083 0.048030 0.050245 0.047619 0.047920 0.050119 0.053566 0.457430 0.042258
0.064228 0.068758 0.065906 0.046952 0.046648 0.054038 0.046946 0.048098 0.051941 0.055042 0.407463 0.043979
0.050434 0.056054 0.057275 0.058141 0.052693 0.047976 0.049257 0.060665 0.056415 0.056804 0.408983 0.045304
0.051480 0.064451 0.063037 0.054484 0.052540 0.051763 0.051488 0.052598 0.054759 0.059066 0.396089 0.048246
0.055483 0.059301 0.062682 0.058679 0.056957 0.055663 0.056019 0.056345 0.058871 0.064713 0.364288 0.050998
0.049488 0.055763 0.085748 0.052781 0.051924 0.060395 0.051560 0.051949 0.051509 0.064997 0.376808 0.047078
0.047053 0.053833 0.068553 0.053777 0.051528 0.048292 0.048125 0.061938 0.052945 0.058489 0.411079 0.044388
0.048963 0.063244 0.062912 0.058957 0.053022 0.049068 0.051245 0.052431 0.051877 0.059713 0.401536 0.047033
0.048890 0.062192 0.071052 0.055176 0.053444 0.050383 0.050995 0.054686 0.061829 0.061805 0.383773 0.045774
0.048949 0.049554 0.068678 0.060890 0.050569 0.053744 0.049476 0.053023 0.066895 0.054832 0.396198 0.047192
0.045424 0.044644 0.053739 0.048903 0.048138 0.044006 0.045698 0.047703 0.049719 0.052454 0.478550 0.041022
0.054365 0.059336 0.067890 0.059815 0.054200 0.053732 0.052465 0.063262 0.066226 0.059373 0.360514 0.048822
0.054446 0.061217 0.066176 0.053293 0.051737 0.055970 0.050331 0.052082 0.056014 0.063028 0.389105 0.046600
0.055895 0.053126 0.075925 0.056874 0.054410 0.054847 0.053859 0.054976 0.057211 0.065117 0.368108 0.049653
0.050587 0.053701 0.066750 0.055434 0.053913 0.052041 0.051887 0.055416 0.055907 0.059975 0.398021 0.046368
0.058123 0.048534 0.075680 0.048616 0.047875 0.049702 0.045639 0.046955 0.048781 0.067239 0.420535 0.042321
0.058728 0.062574 0.070079 0.061384 0.062575 0.057969 0.059638 0.059689 0.063836 0.071988 0.316245 0.055296
0.057690 0.056605 0.072458 0.048123 0.047301 0.048131 0.047161 0.045757 0.046898 0.064213 0.423027 0.042635
0.054290 0.054329 0.070863 0.055989 0.053570 0.053480 0.051604 0.064011 0.058493 0.061688 0.373425 0.048259
0.048542 0.046908 0.068536 0.049748 0.049878 0.049383 0.048327 0.048866 0.053484 0.056666 0.435698 0.043964
0.054690 0.047926 0.064805 0.049954 0.049015 0.049440 0.046105 0.049200 0.057430 0.056319 0.431752 0.043363
0.097019 0.063670 0.067401 0.056697 0.055930 0.052644 0.053892 0.064068 0.056860 0.061365 0.322265 0.048189
0.044765 0.081979 0.064714 0.046383 0.046475 0.050196 0.045460 0.046868 0.049077 0.056031 0.427283 0.040768
0.044221 0.052476 0.067756 0.048070 0.047461 0.046188 0.045437 0.046730 0.049470 0.063028 0.445658 0.043504
0.048624 0.048718 0.063302 0.055981 0.052186 0.048926 0.050849 0.049892 0.050329 0.062257 0.421716 0.047219
0.047353 0.047060 0.075217 0.050782 0.050280 0.048443 0.049154 0.049870 0.060590 0.065389 0.410107 0.045755
0.051975 0.051100 0.061062 0.054547 0.054963 0.051922 0.053636 0.052797 0.059818 0.061791 0.397453 0.048937
0.051802 0.054466 0.078797 0.055420 0.054350 0.056317 0.052599 0.058672 0.061076 0.062425 0.366709 0.047367
0.044507 0.086959 0.073366 0.044930 0.049287 0.050295 0.046459 0.045172 0.045800 0.064223 0.408702 0.040300
0.047919 0.048258 0.072906 0.053062 0.051865 0.058187 0.050247 0.052388 0.050771 0.062643 0.406984 0.044769
0.058307 0.051775 0.080916 0.060078 0.055107 0.057825 0.053113 0.055842 0.060391 0.076429 0.340605 0.049611
0.077107 0.048267 0.058495 0.049984 0.047693 0.046167 0.046286 0.049266 0.051611 0.059863 0.422352 0.042910
0.074765 0.050936 0.053018 0.053457 0.047979 0.046628 0.046683 0.049192 0.049417 0.055049 0.428581 0.044295
0.050428 0.049814 0.060554 0.051878 0.050936 0.049980 0.050492 0.054191 0.051847 0.061029 0.424014 0.044838
0.054654 0.064287 0.085618 0.067764 0.059511 0.068210 0.058513 0.061743 0.068384 0.071952 0.285426 0.053937
0.051341 0.052293 0.075816 0.052998 0.055559 0.062021 0.054234 0.054552 0.056214 0.067692 0.369334 0.047947
0.050157 0.046224 0.073613 0.048696 0.046787 0.051085 0.046960 0.045517 0.049417 0.060747 0.437033 0.043765
0.058161 0.052359 0.059359 0.050427 0.049516 0.051495 0.045899 0.050800 0.053231 0.059200 0.427165 0.042388
0.074743 0.072123 0.054585 0.053632 0.051784 0.049001 0.049351 0.050982 0.054968 0.057120 0.383678 0.048033
0.072196 0.060469 0.072494 0.064521 0.064349 0.060248 0.061335 0.065531 0.069597 0.075018 0.278638 0.055605
0.056356 0.059815 0.073179 0.062356 0.056896 0.063976 0.055638 0.056516 0.062118 0.068159 0.333064 0.051928
0.049270 0.054245 0.078247 0.056863 0.052858 0.060247 0.051297 0.056545 0.049951 0.062418 0.381666 0.046394
0.050660 0.045796 0.059385 0.051662 0.048293 0.046469 0.047305 0.046495 0.046327 0.064078 0.449218 0.044312
0.051336 0.052068 0.066382 0.060754 0.054587 0.050719 0.051864 0.059870 0.058309 0.065515 0.379859 0.048737
0.054144 0.067992 0.070504 0.055282 0.057414 0.055059 0.055842 0.054661 0.057259 0.067763 0.352305 0.051776
0.054593 0.054661 0.073546 0.059269 0.056587 0.057069 0.054443 0.057294 0.057743 0.065986 0.358834 0.049975
0.046180 0.055079 0.068839 0.054009 0.048998 0.047695 0.048751 0.049672 0.052125 0.057526 0.426232 0.044894
0.051073 0.057321 0.064540 0.053107 0.052035 0.052676 0.049779 0.057933 0.055271 0.062405 0.399000 0.044859
0.051469 0.047050 0.069071 0.052022 0.049258 0.046934 0.047905 0.049537 0.059714 0.057179 0.427314 0.042548
0.054909 0.049815 0.064792 0.058496 0.051170 0.055317 0.049876 0.053193 0.052032 0.056798 0.406773 0.046829
0.046061 0.047882 0.071919 0.056478 0.051398 0.048903 0.049311 0.049046 0.053614 0.063277 0.419020 0.043091
0.043562 0.045595 0.066764 0.045995 0.046919 0.054598 0.045478 0.046381 0.049270 0.058570 0.454524 0.042346
0.052864 0.050304 0.065045 0.052995 0.048877 0.048529 0.048758 0.048519 0.054455 0.057784 0.427286 0.044583
0.051903 0.048998 0.065875 0.054355 0.052646 0.054159 0.050861 0.062842 0.053325 0.062128 0.398727 0.044182
0.050120 0.057653 0.078695 0.053070 0.053071 0.056771 0.051130 0.055452 0.055465 0.062032 0.380592 0.045949
0.042416 0.042982 0.066466 0.049292 0.046385 0.054498 0.045674 0.047373 0.046730 0.055511 0.461710 0.040962
0.058031 0.056163 0.076755 0.064223 0.053547 0.057295 0.052511 0.059093 0.060628 0.067651 0.345301 0.048803
0.039507 0.054333 0.050754 0.043664 0.041263 0.039305 0.038979 0.041408 0.048052 0.049469 0.517458 0.035808
0.053355 0.062250 0.052385 0.052615 0.047279 0.045415 0.045461 0.047612 0.054177 0.054319 0.441194 0.043939
0.055587 0.055711 0.065758 0.054506 0.054572 0.051397 0.051976 0.054122 0.058096 0.060629 0.391716 0.045931
0.047671 0.050095 0.074931 0.058137 0.050401 0.052414 0.047930 0.050083 0.056017 0.060961 0.406092 0.045267
0.054779 0.048858 0.063528 0.050033 0.054147 0.049255 0.051432 0.051323 0.050849 0.060501 0.419038 0.046255
0.061147 0.043505 0.066888 0.042415 0.044463 0.043959 0.043384 0.042365 0.041716 0.054649 0.477135 0.038374
0.048814 0.068346 0.069297 0.052319 0.047932 0.046106 0.045061 0.049903 0.051004 0.061214 0.418831 0.041174
0.045040 0.046940 0.054399 0.055051 0.050189 0.046606 0.048677 0.048754 0.050531 0.055061 0.455597 0.043154
0.056850 0.063832 0.077501 0.055038 0.051696 0.053612 0.050157 0.056562 0.058084 0.063528 0.368719 0.044421
0.045976 0.057021 0.064424 0.058566 0.049661 0.048212 0.047835 0.049619 0.053109 0.059962 0.422297 0.043318
0.042674 0.047070 0.067199 0.050109 0.046831 0.045931 0.045446 0.045770 0.046339 0.056795 0.466456 0.039379
0.052465 0.040311 0.059964 0.044492 0.045015 0.042449 0.042915 0.043343 0.049198 0.054683 0.486437 0.038727
0.065336 0.044060 0.052828 0.050627 0.043552 0.042862 0.042799 0.042975 0.048523 0.051769 0.474649 0.040021
0.047777 0.071735 0.067611 0.052648 0.050844 0.048238 0.049661 0.050277 0.058401 0.058496 0.401001 0.043311
0.044654 0.042753 0.063775 0.044011 0.044629 0.050136 0.044070 0.043814 0.041695 0.053430 0.488104 0.038931
0.043828 0.048759 0.075623 0.050670 0.044626 0.049639 0.043293 0.044133 0.046050 0.058792 0.455089 0.039498
0.046440 0.053314 0.058524 0.050638 0.049428 0.047421 0.046752 0.058539 0.051891 0.056045 0.438608 0.042400
0.047317 0.053488 0.075682 0.049894 0.047213 0.047513 0.045104 0.046335 0.051932 0.064040 0.432118 0.039363
0.047929 0.063094 0.061300 0.049637 0.046297 0.053953 0.044961 0.047317 0.048941 0.053024 0.443646 0.039901
0.052924 0.043913 0.062428 0.051607 0.047681 0.049969 0.046781 0.051825 0.062426 0.055495 0.433443 0.041509
0.060716 0.042115 0.059992 0.044356 0.043845 0.045304 0.042783 0.042509 0.043381 0.055711 0.480715 0.038573
0.050106 0.051453 0.068137 0.056030 0.051005 0.048847 0.049099 0.048870 0.051845 0.061098 0.418406 0.045105
0.049272 0.052517 0.067146 0.050023 0.045815 0.048084 0.046149 0.044616 0.051112 0.059521 0.445042 0.040704
0.044081 0.041830 0.068728 0.045654 0.045163 0.046641 0.043456 0.044061 0.052143 0.055445 0.472635 0.040163
0.050765 0.055013 0.058012 0.048636 0.051953 0.048844 0.049291 0.048983 0.051959 0.056955 0.435030 0.044558
0.048167 0.048442 0.069825 0.055586 0.048572 0.050546 0.047300 0.049934 0.060871 0.057623 0.421876 0.041258
0.047605 0.050169 0.073864 0.052671 0.051694 0.058960 0.049658 0.051412 0.054808 0.060187 0.403723 0.045250
0.046695 0.047452 0.071074 0.052301 0.049645 0.056307 0.048072 0.047960 0.046326 0.063855 0.427466 0.042846
0.041613 0.053296 0.057115 0.044857 0.043464 0.043447 0.042344 0.044165 0.046699 0.057172 0.487124 0.038704
0.054010 0.052459 0.056585 0.052122 0.051919 0.048003 0.049348 0.050309 0.056393 0.059703 0.423021 0.046128
0.057612 0.048746 0.063632 0.050533 0.050801 0.050417 0.050466 0.050232 0.055653 0.061220 0.414889 0.045798
0.060620 0.052950 0.077123 0.055656 0.052793 0.057922 0.052905 0.053628 0.064064 0.064384 0.359284 0.048671
0.051544 0.058497 0.073122 0.057328 0.054012 0.056281 0.053669 0.052555 0.051642 0.063506 0.379624 0.048220
0.050684 0.052749 0.081089 0.051444 0.054031 0.056615 0.053531 0.051207 0.051233 0.070083 0.379262 0.048071
0.045622 0.057535 0.068474 0.054852 0.050610 0.050968 0.049194 0.048897 0.052294 0.067755 0.409952 0.043847
0.052153 0.050601 0.067948 0.055108 0.052525 0.055961 0.050576 0.052752 0.055237 0.066257 0.393150 0.047734
0.062175 0.052061 0.055365 0.051638 0.050926 0.049521 0.050290 0.057662 0.053398 0.059791 0.411586 0.045587
0.062612 0.061337 0.068150 0.059577 0.053634 0.058426 0.053977 0.061620 0.058850 0.063465 0.348135 0.050218
0.060333 0.057894 0.070431 0.056449 0.057427 0.058063 0.054240 0.061037 0.059637 0.065499 0.350271 0.048719
0.052925 0.049276 0.069314 0.049383 0.051926 0.052863 0.051050 0.049445 0.050186 0.064163 0.412611 0.046857
0.047133 0.052344 0.060743 0.048691 0.047757 0.047699 0.046398 0.047886 0.048979 0.056177 0.453403 0.042791
0.055228 0.046155 0.055278 0.051042 0.049138 0.045356 0.046691 0.047685 0.053112 0.056814 0.450176 0.043325
0.050821 0.060517 0.061254 0.059122 0.052084 0.051249 0.051174 0.052489 0.054658 0.059413 0.399568 0.047652
0.049597 0.052021 0.066951 0.060123 0.050636 0.050202 0.050732 0.051916 0.061124 0.058423 0.401757 0.046519
0.052417 0.058715 0.077481 0.055268 0.057220 0.058577 0.054780 0.056791 0.056597 0.070743 0.353563 0.047848
0.057982 0.055136 0.084167 0.054482 0.054219 0.061746 0.053547 0.054490 0.056521 0.063901 0.353842 0.049968
0.041594 0.050223 0.058253 0.046731 0.046546 0.043692 0.044406 0.045247 0.044692 0.057515 0.481612 0.039492
0.060872 0.056066 0.060347 0.055932 0.050787 0.049702 0.049056 0.052212 0.054229 0.057459 0.408101 0.045237
0.065556 0.052706 0.060831 0.050741 0.049931 0.047596 0.047549 0.049230 0.051982 0.059885 0.421389 0.042604
0.067326 0.054008 0.060705 0.056576 0.052151 0.050230 0.050411 0.051529 0.056597 0.057608 0.396206 0.046651
0.044259 0.044638 0.067697 0.052023 0.047779 0.048636 0.047399 0.049155 0.059828 0.061250 0.435699 0.041639
0.059715 0.046797 0.072132 0.054224 0.046020 0.050121 0.045967 0.050625 0.055797 0.054050 0.421133 0.043419
0.052146 0.049108 0.060678 0.055666 0.050069 0.047349 0.048272 0.054218 0.054043 0.058743 0.427501 0.042209
0.046697 0.055922 0.066768 0.057099 0.046750 0.049067 0.046399 0.049688 0.051185 0.054951 0.434935 0.040539
0.047494 0.065194 0.059401 0.055230 0.049624 0.047742 0.047128 0.051143 0.052274 0.055592 0.427097 0.042081
0.047138 0.055328 0.066679 0.046882 0.047186 0.052122 0.046770 0.046899 0.053798 0.063450 0.431972 0.041777
0.052322 0.055433 0.070716 0.053655 0.050300 0.054634 0.048177 0.052529 0.054607 0.059789 0.403849 0.043988
0.049726 0.041705 0.065884 0.046758 0.042513 0.044411 0.042524 0.045378 0.051320 0.052382 0.478741 0.038658
0.049372 0.048552 0.062207 0.056660 0.047558 0.048955 0.045040 0.061213 0.060502 0.052481 0.424516 0.042945
0.071874 0.050111 0.071435 0.058475 0.052302 0.049550 0.049110 0.053673 0.063318 0.058038 0.377585 0.044529
0.047934 0.049327 0.062004 0.048749 0.046738 0.047941 0.045324 0.056880 0.047160 0.058690 0.448308 0.040946
0.052112 0.071764 0.068002 0.055317 0.051355 0.049241 0.049789 0.052049 0.054820 0.055948 0.393233 0.046370
0.045754 0.070877 0.064212 0.047497 0.048073 0.048211 0.047129 0.046746 0.046648 0.060769 0.431866 0.042218
0.060501 0.046222 0.075545 0.047943 0.048218 0.046420 0.046440 0.047519 0.051682 0.062094 0.424854 0.042562
0.047188 0.045051 0.051738 0.049178 0.047354 0.044605 0.045979 0.047029 0.053449 0.050522 0.474493 0.043412
0.052709 0.057070 0.076270 0.060025 0.054820 0.052311 0.052951 0.065029 0.061450 0.068511 0.351131 0.047722
0.054478 0.051650 0.074763 0.054181 0.056211 0.055848 0.054606 0.063060 0.054394 0.067757 0.365470 0.047582
0.055253 0.043612 0.079169 0.047406 0.047737 0.055735 0.047419 0.047793 0.045350 0.060153 0.428166 0.042207
