0.038583 0.038451 0.042364 0.037227 0.057749 0.120073 0.037436 0.038783 0.037638 0.049154 0.464157 0.038384
0.032575 0.033608 0.038520 0.032257 0.051793 0.094942 0.034235 0.035786 0.034258 0.061320 0.518786 0.031921
0.046252 0.045072 0.048528 0.041515 0.062563 0.073770 0.042238 0.043411 0.042522 0.056618 0.454867 0.042644
0.035430 0.036673 0.042362 0.035581 0.056348 0.087956 0.035174 0.039165 0.036039 0.067120 0.487726 0.040426
0.045533 0.048524 0.051410 0.044826 0.065005 0.074166 0.044914 0.048675 0.045985 0.069208 0.414109 0.047646
0.043575 0.036492 0.045017 0.034659 0.050577 0.097629 0.036058 0.038053 0.035942 0.055949 0.489517 0.036533
0.037523 0.037989 0.037381 0.033449 0.050107 0.102951 0.033450 0.038818 0.033903 0.048993 0.507770 0.037667
0.050792 0.041955 0.051439 0.041801 0.060157 0.082912 0.043604 0.046849 0.042998 0.065719 0.428897 0.042877
0.033462 0.035791 0.040396 0.032674 0.053925 0.120750 0.036109 0.035105 0.034347 0.063816 0.481595 0.032030
0.041616 0.036077 0.042209 0.036067 0.055103 0.123055 0.036239 0.036057 0.037440 0.049478 0.470921 0.035740
0.037669 0.035990 0.041463 0.035852 0.045099 0.130470 0.036593 0.036196 0.036952 0.070201 0.457892 0.035622
0.037007 0.037114 0.043296 0.035379 0.064929 0.093682 0.036336 0.038158 0.036743 0.078118 0.462735 0.036502
0.036775 0.037014 0.041492 0.036509 0.055104 0.085601 0.037116 0.036561 0.037233 0.053232 0.507080 0.036286
0.040557 0.040675 0.046736 0.039587 0.064626 0.117130 0.040156 0.040573 0.040561 0.061126 0.428357 0.039917
0.041869 0.042004 0.046791 0.038740 0.055142 0.116961 0.039021 0.039540 0.040199 0.048703 0.452135 0.038896
0.032075 0.035063 0.042172 0.033812 0.046667 0.095797 0.033363 0.035792 0.033573 0.056149 0.519130 0.036406
0.049892 0.053601 0.043385 0.038024 0.059700 0.057600 0.039473 0.040110 0.038570 0.054375 0.485593 0.039677
0.051509 0.035171 0.040483 0.032527 0.058536 0.062822 0.033185 0.037622 0.033404 0.058992 0.520100 0.035649
0.043487 0.043531 0.045595 0.040605 0.060973 0.073330 0.040635 0.043226 0.041726 0.059693 0.464855 0.042344
0.046034 0.047084 0.045949 0.037223 0.048797 0.076267 0.039328 0.039445 0.038766 0.061339 0.483076 0.036693
0.037485 0.036145 0.040649 0.034650 0.052970 0.129324 0.036493 0.034623 0.036476 0.058723 0.468421 0.034043
0.037714 0.040529 0.045061 0.037238 0.046906 0.123766 0.037654 0.036900 0.038922 0.052241 0.466549 0.036519
0.032522 0.033624 0.039319 0.033017 0.040742 0.124427 0.035273 0.033069 0.034255 0.064271 0.496988 0.032493
0.038932 0.035284 0.041750 0.034452 0.062172 0.126855 0.037083 0.035903 0.035389 0.055712 0.461295 0.035174
0.034341 0.034230 0.038277 0.033967 0.051712 0.112076 0.034364 0.033647 0.034822 0.051185 0.507969 0.033410
0.041569 0.042458 0.047756 0.039582 0.065529 0.112819 0.040087 0.040438 0.040592 0.055993 0.433412 0.039765
0.039833 0.041830 0.042792 0.036781 0.055275 0.095593 0.037256 0.036550 0.037900 0.052026 0.488020 0.036145
0.037599 0.039722 0.039930 0.033923 0.056099 0.069701 0.033193 0.036105 0.034107 0.052512 0.530823 0.036287
0.045415 0.055970 0.044627 0.040099 0.058095 0.060434 0.040277 0.041755 0.039786 0.052918 0.479320 0.041303
0.037634 0.071730 0.040294 0.032811 0.055712 0.049377 0.033757 0.037356 0.033405 0.060520 0.512904 0.034499
0.043503 0.041354 0.045813 0.041042 0.062762 0.098806 0.041007 0.043081 0.041861 0.047241 0.450975 0.042555
0.037685 0.039809 0.045193 0.035775 0.047346 0.109985 0.037893 0.038713 0.037588 0.062912 0.471943 0.035158
0.041719 0.036042 0.043582 0.036282 0.059608 0.121851 0.038116 0.037125 0.038138 0.062272 0.448925 0.036339
0.040416 0.041835 0.047159 0.037706 0.050118 0.110313 0.038508 0.037941 0.039242 0.061169 0.458140 0.037453
0.036326 0.035441 0.038368 0.033178 0.048792 0.119553 0.034872 0.033905 0.033971 0.064141 0.488239 0.033215
0.040686 0.039577 0.044498 0.037521 0.055735 0.122043 0.038139 0.039197 0.038658 0.052134 0.453367 0.038446
0.040100 0.031289 0.038366 0.032540 0.054900 0.108284 0.032030 0.032591 0.032895 0.048834 0.514827 0.033345
0.046124 0.050877 0.048786 0.040667 0.072688 0.082373 0.039889 0.045158 0.042685 0.053148 0.431911 0.045695
0.038939 0.037016 0.041786 0.036037 0.057825 0.082524 0.036193 0.043432 0.036454 0.054033 0.493540 0.042222
0.035937 0.051894 0.041518 0.035277 0.054452 0.062926 0.036950 0.042207 0.036458 0.062454 0.502001 0.037928
0.039312 0.041886 0.046978 0.038554 0.059674 0.062619 0.040629 0.041974 0.040504 0.066868 0.482739 0.038264
0.038858 0.041517 0.043900 0.037209 0.056474 0.059862 0.037959 0.038110 0.038310 0.076769 0.494022 0.037009
0.043652 0.042094 0.048934 0.041572 0.056257 0.098035 0.042157 0.042616 0.043091 0.067912 0.431933 0.041747
0.039798 0.039376 0.042433 0.035088 0.048907 0.112819 0.034715 0.036719 0.034622 0.063764 0.474474 0.037285
0.042178 0.035373 0.041268 0.036062 0.056844 0.138439 0.037007 0.039273 0.036723 0.048923 0.449183 0.038729
0.037499 0.042901 0.044544 0.035429 0.054425 0.107517 0.037365 0.039681 0.037088 0.059834 0.467881 0.035837
0.034846 0.040530 0.042824 0.034554 0.061671 0.116520 0.036642 0.035752 0.036712 0.053803 0.471124 0.035021
0.045170 0.039333 0.042642 0.036443 0.055496 0.091081 0.036905 0.036162 0.037208 0.054487 0.489240 0.035833
0.041437 0.037917 0.042461 0.035751 0.055923 0.077036 0.036453 0.036623 0.036759 0.071112 0.492947 0.035580
0.035710 0.039605 0.042176 0.035801 0.058232 0.048425 0.035420 0.038828 0.036631 0.057342 0.532356 0.039474
0.037802 0.039861 0.042648 0.038915 0.059799 0.057388 0.039033 0.042258 0.039745 0.063838 0.497281 0.041432
0.040081 0.053675 0.048646 0.038553 0.071512 0.087398 0.039592 0.045553 0.040209 0.055348 0.437201 0.042232
0.040869 0.039486 0.045990 0.041005 0.048636 0.120218 0.039323 0.041380 0.040614 0.048784 0.451415 0.042279
0.039577 0.043896 0.043862 0.033977 0.045555 0.107597 0.037102 0.036519 0.036519 0.059053 0.483199 0.033145
0.033280 0.034754 0.041354 0.033253 0.044153 0.121034 0.035227 0.033482 0.034714 0.063239 0.492677 0.032833
0.033554 0.032705 0.038608 0.032076 0.051583 0.088180 0.033826 0.032627 0.033559 0.060097 0.531260 0.031925
0.064700 0.039322 0.041695 0.037984 0.051739 0.050271 0.036423 0.037120 0.037024 0.061821 0.503461 0.038438
0.057108 0.046039 0.047000 0.043015 0.069095 0.085707 0.040688 0.042716 0.041052 0.053791 0.429479 0.044309
0.032467 0.037821 0.037666 0.032161 0.049977 0.115319 0.033714 0.035044 0.034503 0.052157 0.507685 0.031486
0.039706 0.037348 0.045628 0.036772 0.054336 0.129579 0.037497 0.037948 0.037999 0.051668 0.454258 0.037262
0.034057 0.035137 0.038466 0.032028 0.055230 0.115887 0.032914 0.034433 0.032205 0.056541 0.497642 0.035461
0.042794 0.037148 0.041506 0.036663 0.058995 0.089550 0.036938 0.039959 0.037468 0.073315 0.466921 0.038742
0.035739 0.036789 0.043437 0.036034 0.054890 0.081375 0.038102 0.038983 0.037676 0.057377 0.504189 0.035409
0.033336 0.033136 0.037640 0.033287 0.051328 0.093905 0.033862 0.033753 0.034318 0.061527 0.520800 0.033106
0.047791 0.041824 0.049356 0.041434 0.064107 0.091269 0.041781 0.041882 0.043093 0.056149 0.439958 0.041356
0.056724 0.036937 0.045251 0.037290 0.047955 0.100065 0.038095 0.037313 0.038696 0.064634 0.460417 0.036623
0.049368 0.037673 0.039516 0.033503 0.052129 0.102627 0.035270 0.033408 0.035316 0.047636 0.500481 0.033074
0.035407 0.034026 0.038466 0.032796 0.041797 0.120128 0.033363 0.032743 0.033097 0.049755 0.515964 0.032458
0.037290 0.034322 0.041777 0.034153 0.061907 0.097520 0.036289 0.036218 0.035566 0.065028 0.484985 0.034945
0.036892 0.039203 0.044239 0.037740 0.058554 0.078853 0.037044 0.040519 0.037725 0.051662 0.497927 0.039644
0.038297 0.039090 0.044553 0.038903 0.060150 0.123333 0.038999 0.040724 0.039241 0.054348 0.442201 0.040162
0.039492 0.035663 0.040614 0.034018 0.052721 0.123649 0.035452 0.036849 0.035838 0.049104 0.483099 0.033502
0.037344 0.039397 0.043493 0.035637 0.044169 0.087195 0.036315 0.036209 0.036721 0.061052 0.506961 0.035508
0.039360 0.038382 0.044401 0.037813 0.057053 0.086749 0.040489 0.037567 0.039100 0.066773 0.475121 0.037192
0.040461 0.036786 0.042901 0.036764 0.052457 0.117454 0.037380 0.037179 0.037747 0.067724 0.456770 0.036378
0.036054 0.041111 0.042152 0.035708 0.053458 0.123979 0.035991 0.035739 0.037051 0.044652 0.478714 0.035390
0.040607 0.040858 0.042589 0.034781 0.048439 0.102101 0.034697 0.037125 0.037554 0.054805 0.488839 0.037605
0.046878 0.037993 0.043906 0.037574 0.062996 0.110427 0.039343 0.040840 0.038084 0.054619 0.447266 0.040075
0.040875 0.036158 0.041231 0.033234 0.051736 0.105413 0.034474 0.037494 0.034288 0.051039 0.497520 0.036536
0.036767 0.037673 0.042135 0.036806 0.058525 0.126670 0.037366 0.039643 0.037491 0.047820 0.459887 0.039218
0.040241 0.036919 0.041829 0.034196 0.051910 0.094064 0.035898 0.037518 0.035172 0.059651 0.499122 0.033478
0.044142 0.038616 0.043382 0.036630 0.051907 0.064178 0.037314 0.037804 0.038306 0.073559 0.497533 0.036628
0.037992 0.037218 0.043904 0.038162 0.051455 0.084965 0.038748 0.038393 0.038434 0.058086 0.494638 0.038004
0.040131 0.035584 0.040216 0.035276 0.052066 0.113036 0.035852 0.035831 0.036027 0.063024 0.477855 0.035102
0.041949 0.045630 0.047540 0.039220 0.065396 0.110733 0.039642 0.040251 0.040659 0.048456 0.440957 0.039567
0.042897 0.037189 0.042812 0.035903 0.044214 0.095572 0.036676 0.035966 0.039311 0.055584 0.498294 0.035582
0.052359 0.036538 0.043377 0.035617 0.062712 0.101269 0.036856 0.039391 0.035318 0.053776 0.461848 0.040939
0.045201 0.037172 0.041546 0.036553 0.058478 0.094376 0.035637 0.042451 0.036217 0.046921 0.482206 0.043241
0.038262 0.036892 0.042544 0.035630 0.061611 0.088994 0.036926 0.041460 0.036758 0.060607 0.482524 0.037792
0.043522 0.037034 0.042867 0.035727 0.054744 0.068991 0.037442 0.038338 0.037508 0.055707 0.513156 0.034964
0.037809 0.036174 0.041417 0.035505 0.053687 0.095273 0.036090 0.036055 0.036585 0.063408 0.492709 0.035287
0.042654 0.040210 0.046625 0.040680 0.058439 0.086763 0.040977 0.040717 0.042134 0.061919 0.458781 0.040102
0.037221 0.038280 0.045372 0.037467 0.047556 0.108612 0.038246 0.037943 0.038833 0.066684 0.466801 0.036985
0.034675 0.035182 0.037927 0.033103 0.050074 0.113233 0.034842 0.032772 0.034659 0.048959 0.512071 0.032503
0.035142 0.037407 0.043920 0.036597 0.061291 0.100285 0.036066 0.040590 0.036686 0.056833 0.473213 0.041971
0.047180 0.038325 0.044975 0.038226 0.067501 0.096766 0.039107 0.042462 0.038619 0.053994 0.451316 0.041530
0.038682 0.036399 0.041916 0.034533 0.053562 0.094269 0.036102 0.035832 0.035934 0.052220 0.506898 0.033653
0.038850 0.035116 0.042184 0.035308 0.055018 0.107834 0.035661 0.035089 0.036205 0.049781 0.494217 0.034737
0.034456 0.034275 0.040223 0.034128 0.053824 0.096060 0.034617 0.034555 0.035406 0.057678 0.510951 0.033829
0.036646 0.037280 0.043228 0.037189 0.059425 0.054051 0.036794 0.038192 0.037364 0.067264 0.513675 0.038892
0.043532 0.044629 0.045346 0.040771 0.061860 0.079726 0.041248 0.042159 0.041124 0.053553 0.464286 0.041767
0.036705 0.033696 0.037422 0.032607 0.050112 0.129716 0.033931 0.036016 0.034360 0.050100 0.493339 0.031997
0.041026 0.040192 0.047955 0.039015 0.059331 0.134325 0.039581 0.040604 0.040605 0.049544 0.428056 0.039766
0.040969 0.035481 0.042386 0.034678 0.044300 0.116725 0.036034 0.034469 0.035251 0.062301 0.483331 0.034073
0.044494 0.036198 0.040365 0.034036 0.058462 0.101764 0.034460 0.034718 0.034044 0.063566 0.483001 0.034892
0.055907 0.038060 0.044655 0.038421 0.060504 0.086087 0.038086 0.041388 0.038046 0.051957 0.465031 0.041858
0.042485 0.038907 0.040432 0.035977 0.058425 0.075453 0.037578 0.041560 0.036918 0.065559 0.488284 0.038423
0.051504 0.044730 0.048190 0.039658 0.066527 0.077935 0.040357 0.044664 0.040267 0.056996 0.444989 0.044183
0.041453 0.043056 0.046373 0.041010 0.063815 0.105632 0.041094 0.043208 0.040903 0.063843 0.426832 0.042780
0.045104 0.048271 0.049492 0.040561 0.063238 0.106829 0.042167 0.042487 0.042555 0.075596 0.403879 0.039819
0.043299 0.042550 0.046138 0.038564 0.049160 0.097987 0.039287 0.038698 0.039624 0.062753 0.463961 0.037979
0.034680 0.036977 0.037623 0.033227 0.046524 0.084692 0.034739 0.034138 0.034536 0.070758 0.518921 0.033186
0.048832 0.043274 0.047969 0.041329 0.071414 0.062522 0.041194 0.044525 0.041066 0.065729 0.447025 0.045119
0.044096 0.043907 0.048086 0.041653 0.069178 0.112192 0.042244 0.045239 0.042088 0.057144 0.409713 0.044462
0.039965 0.035012 0.042372 0.034613 0.060405 0.116728 0.034875 0.039412 0.035942 0.051337 0.470811 0.038528
0.045195 0.044436 0.052000 0.043633 0.063008 0.088776 0.043771 0.047914 0.044157 0.055921 0.419679 0.051508
0.035546 0.036160 0.041699 0.033499 0.050916 0.062839 0.035315 0.040006 0.034917 0.074005 0.518240 0.036858
0.041588 0.045846 0.047663 0.041454 0.068611 0.059069 0.040844 0.046476 0.041680 0.066887 0.453534 0.046347
0.039909 0.042674 0.047524 0.040505 0.061358 0.097253 0.042200 0.045130 0.041621 0.063040 0.436782 0.042003
0.050192 0.036259 0.040996 0.033775 0.045246 0.099660 0.034973 0.036684 0.035739 0.066951 0.482203 0.037321
0.059169 0.045781 0.051117 0.043782 0.059281 0.092773 0.043797 0.045875 0.044680 0.055370 0.406933 0.051442
0.051528 0.037919 0.041098 0.033979 0.043038 0.101108 0.037199 0.036011 0.035792 0.073657 0.475339 0.033332
0.050039 0.041040 0.048475 0.039917 0.068720 0.103446 0.041968 0.041617 0.040850 0.061975 0.421352 0.040601
0.045808 0.037543 0.044078 0.037582 0.047254 0.100846 0.038237 0.037480 0.038537 0.063738 0.471754 0.037143
0.044120 0.037774 0.042578 0.035716 0.058680 0.094971 0.037602 0.038562 0.036856 0.073355 0.462772 0.037014
0.038243 0.041119 0.047564 0.039938 0.069901 0.089757 0.039432 0.043732 0.040016 0.054099 0.451904 0.044294
0.044435 0.041059 0.042275 0.038121 0.053951 0.085752 0.038263 0.040552 0.038134 0.064925 0.472851 0.039682
0.042620 0.044522 0.049526 0.040243 0.065166 0.091077 0.041851 0.043826 0.042571 0.057333 0.441073 0.040193
0.038492 0.035947 0.044136 0.036306 0.046985 0.090425 0.037173 0.036828 0.037676 0.062463 0.497453 0.036116
0.038161 0.039304 0.045779 0.038559 0.058476 0.069075 0.039677 0.039109 0.040653 0.065349 0.487442 0.038416
0.039173 0.040637 0.047782 0.039859 0.050984 0.090709 0.040754 0.040299 0.040363 0.066469 0.463380 0.039592
0.038294 0.034254 0.040606 0.033368 0.055465 0.112335 0.034462 0.036632 0.034065 0.057541 0.486448 0.036528
0.052394 0.038460 0.044510 0.038383 0.053795 0.091196 0.038008 0.043027 0.039338 0.047988 0.469025 0.043877
0.052300 0.043081 0.049147 0.038929 0.060095 0.109323 0.042000 0.044620 0.040789 0.063576 0.414654 0.041488
0.037239 0.032917 0.039656 0.031593 0.055075 0.123920 0.033524 0.035551 0.033121 0.046353 0.496006 0.035044
0.049164 0.042837 0.047542 0.041433 0.051675 0.086494 0.041640 0.044148 0.041737 0.057723 0.451890 0.043718
0.048503 0.039340 0.044017 0.035661 0.056213 0.084378 0.039304 0.037900 0.037326 0.074458 0.467784 0.035117
0.035135 0.049844 0.042196 0.035405 0.058146 0.081774 0.036280 0.036476 0.036099 0.067836 0.485439 0.035370
0.039608 0.040159 0.044345 0.039245 0.053502 0.081805 0.039652 0.039529 0.039991 0.059886 0.483120 0.039158
0.039793 0.039654 0.045580 0.039344 0.064497 0.105785 0.038655 0.043754 0.039676 0.065076 0.433381 0.044804
0.042869 0.048098 0.048676 0.042219 0.070454 0.086052 0.042055 0.046533 0.043068 0.051674 0.432654 0.045648
0.041341 0.038565 0.042633 0.033962 0.044927 0.102653 0.036199 0.034886 0.035614 0.056136 0.499834 0.033251
0.037090 0.036170 0.043272 0.035434 0.063111 0.120412 0.037135 0.036867 0.036326 0.051879 0.466158 0.036144
0.042496 0.035936 0.041384 0.035040 0.055379 0.085457 0.035667 0.035683 0.035989 0.057623 0.504426 0.034920
0.039137 0.039451 0.045041 0.039027 0.057078 0.061624 0.039786 0.039792 0.039558 0.065541 0.494994 0.038972
0.041395 0.038629 0.043206 0.036788 0.056286 0.089051 0.036207 0.039567 0.037245 0.050507 0.492337 0.038782
0.041161 0.037531 0.039996 0.036592 0.055111 0.117344 0.036507 0.038206 0.037921 0.053138 0.469105 0.037387
0.042053 0.043586 0.051694 0.041428 0.061363 0.081594 0.043282 0.046047 0.043309 0.057074 0.446437 0.042132
0.037002 0.036646 0.042720 0.035240 0.045296 0.113189 0.037574 0.035472 0.036633 0.054983 0.490199 0.035046
0.035179 0.054674 0.042549 0.035845 0.055520 0.118890 0.037270 0.035717 0.036998 0.054345 0.457647 0.035366
0.046641 0.042452 0.047161 0.038643 0.049931 0.096388 0.039489 0.039057 0.040146 0.071216 0.450632 0.038245
0.044069 0.043755 0.040297 0.033577 0.054321 0.061820 0.035296 0.033814 0.034533 0.054405 0.530757 0.033357
0.051617 0.039449 0.041976 0.037232 0.050655 0.063054 0.037694 0.037532 0.038068 0.055034 0.510533 0.037156
0.052822 0.044535 0.047023 0.038461 0.063961 0.085694 0.037732 0.041519 0.038708 0.052466 0.455248 0.041832
0.039431 0.037914 0.043100 0.038036 0.061057 0.110614 0.037793 0.040233 0.038674 0.044991 0.468433 0.039724
0.039551 0.034793 0.043668 0.034404 0.046643 0.115304 0.036404 0.036651 0.035981 0.053923 0.488800 0.033878
0.032505 0.030804 0.036052 0.030479 0.048584 0.122093 0.032592 0.030471 0.031497 0.046673 0.528202 0.030047
0.037487 0.035576 0.041048 0.034713 0.050944 0.093316 0.035348 0.035617 0.035886 0.065514 0.499851 0.034700
0.038763 0.039079 0.043946 0.038177 0.058605 0.083382 0.038725 0.038196 0.039236 0.063914 0.480366 0.037611
0.037932 0.036435 0.042093 0.035471 0.051842 0.122264 0.036050 0.035782 0.036326 0.051551 0.478994 0.035261
0.034865 0.041294 0.038756 0.034243 0.051640 0.124522 0.034380 0.033849 0.035720 0.046089 0.491074 0.033566
0.044757 0.038483 0.046186 0.036369 0.056217 0.116207 0.036117 0.037894 0.036896 0.051808 0.461210 0.037854
0.044205 0.039430 0.041004 0.035506 0.058733 0.108372 0.036283 0.036284 0.035506 0.052221 0.475817 0.036638
0.042487 0.038790 0.042387 0.036308 0.056079 0.113703 0.037880 0.039401 0.037377 0.052749 0.466450 0.036390
0.037448 0.034627 0.041401 0.034305 0.053951 0.110573 0.036131 0.037177 0.035964 0.054813 0.490015 0.033594
0.035043 0.033498 0.040108 0.033736 0.056439 0.095168 0.033252 0.036778 0.034441 0.062087 0.502412 0.037039
0.041740 0.047021 0.046692 0.042064 0.062272 0.087304 0.042285 0.044325 0.041876 0.075015 0.425834 0.043572
0.036809 0.034286 0.040812 0.033464 0.058866 0.123024 0.034218 0.038383 0.034060 0.067773 0.460841 0.037465
0.042888 0.037185 0.040087 0.036924 0.057519 0.124499 0.036779 0.039916 0.037768 0.048425 0.458502 0.039507
0.043650 0.045545 0.047347 0.037754 0.053116 0.107807 0.039784 0.039884 0.039695 0.066886 0.441054 0.037477
0.051995 0.039235 0.045961 0.037397 0.061845 0.099660 0.039523 0.038297 0.038612 0.065857 0.444132 0.037486
0.048082 0.038705 0.044698 0.037834 0.052622 0.087142 0.038448 0.037859 0.038764 0.056351 0.482093 0.037402
0.040303 0.037187 0.040096 0.035320 0.049688 0.107238 0.035766 0.035875 0.035899 0.059048 0.488293 0.035286
0.041484 0.041784 0.044942 0.035976 0.061654 0.089054 0.036154 0.040378 0.037283 0.060934 0.470337 0.040020
0.053904 0.039803 0.041094 0.037776 0.058041 0.042431 0.037861 0.040286 0.038899 0.063549 0.506953 0.039404
0.045041 0.049354 0.052311 0.042164 0.073731 0.068103 0.043897 0.045482 0.043594 0.063816 0.430086 0.042420
0.042256 0.038138 0.044551 0.037868 0.055341 0.121758 0.038105 0.037579 0.038716 0.049271 0.459189 0.037229
0.041842 0.045158 0.046292 0.037303 0.052050 0.099864 0.036594 0.040219 0.038222 0.061683 0.459141 0.041632
0.042568 0.043291 0.047982 0.041145 0.057525 0.065838 0.042564 0.046707 0.041186 0.066458 0.456697 0.048037
0.043437 0.035068 0.040590 0.034077 0.058483 0.069053 0.036909 0.041921 0.034943 0.065069 0.500362 0.040088
0.048158 0.045218 0.045275 0.040366 0.061947 0.082615 0.041205 0.044604 0.041582 0.053509 0.453381 0.042140
0.041335 0.052264 0.050065 0.038963 0.056538 0.098793 0.041032 0.042077 0.040845 0.064901 0.434167 0.039020
0.038601 0.042123 0.043181 0.036046 0.052773 0.122528 0.037377 0.036797 0.037737 0.065470 0.451342 0.036025
0.042835 0.040093 0.046254 0.037116 0.052922 0.102155 0.037481 0.039647 0.038171 0.063019 0.459313 0.040995
0.044066 0.049443 0.039127 0.034940 0.051600 0.091773 0.036422 0.037972 0.036050 0.062327 0.478994 0.037285
0.042398 0.039287 0.042564 0.034901 0.065967 0.083581 0.036857 0.038881 0.036497 0.063243 0.480083 0.035739
0.042602 0.049995 0.044652 0.038956 0.060881 0.067564 0.039368 0.040758 0.039150 0.053422 0.482625 0.040027
0.041628 0.053117 0.047253 0.038610 0.065917 0.110478 0.038264 0.042922 0.039112 0.059394 0.420371 0.042934
0.041851 0.040100 0.044240 0.038853 0.060023 0.128553 0.038748 0.041335 0.038703 0.053975 0.433036 0.040584
0.044791 0.039640 0.043183 0.034068 0.045156 0.065983 0.036243 0.037632 0.035834 0.063649 0.520176 0.033644
0.034780 0.036623 0.038119 0.034140 0.052021 0.057122 0.036060 0.034556 0.035294 0.058728 0.548542 0.034015
0.043102 0.043144 0.048670 0.041084 0.066441 0.052814 0.041803 0.042818 0.042532 0.068822 0.466898 0.041873
0.043801 0.043152 0.047321 0.041185 0.060105 0.095129 0.041525 0.041359 0.042554 0.061697 0.441439 0.040734
0.040560 0.038588 0.045831 0.037384 0.049192 0.126537 0.037853 0.037463 0.038859 0.048902 0.461777 0.037054
0.037611 0.032212 0.037949 0.031930 0.041000 0.133328 0.033534 0.031905 0.033651 0.048050 0.507227 0.031604
0.050545 0.039260 0.043552 0.034476 0.052885 0.082363 0.035991 0.036495 0.035883 0.059849 0.493344 0.035356
0.039889 0.035797 0.040806 0.034529 0.057555 0.079451 0.035446 0.037061 0.034817 0.051807 0.514813 0.038029
0.041064 0.043357 0.044786 0.039472 0.061409 0.105560 0.039675 0.041761 0.039956 0.052707 0.449014 0.041238
0.041035 0.037900 0.041647 0.034362 0.053693 0.111656 0.035789 0.036327 0.035768 0.047289 0.490873 0.033661
0.037428 0.036372 0.041911 0.034188 0.049595 0.079179 0.033914 0.037207 0.034711 0.057598 0.519305 0.038591
0.040759 0.036697 0.042388 0.037423 0.062593 0.081029 0.037676 0.041892 0.037173 0.052370 0.486444 0.043556
0.041372 0.036966 0.043020 0.036760 0.058117 0.115670 0.038278 0.043433 0.037500 0.064182 0.445378 0.039325
0.033704 0.036805 0.041465 0.033638 0.055841 0.120027 0.034189 0.035718 0.034823 0.046554 0.493347 0.033891
0.039981 0.039549 0.042487 0.036688 0.052619 0.110609 0.035966 0.039880 0.036442 0.055208 0.468993 0.041579
0.046136 0.038831 0.044667 0.037028 0.068219 0.102879 0.040176 0.044119 0.038151 0.073234 0.426254 0.040306
0.037075 0.035064 0.040828 0.033710 0.051275 0.113584 0.035552 0.036765 0.035297 0.062530 0.485217 0.033103
0.038539 0.045367 0.040829 0.035964 0.053445 0.094750 0.036235 0.035692 0.036876 0.059830 0.487038 0.035434
0.042681 0.043613 0.044249 0.037967 0.065075 0.104702 0.038542 0.039567 0.041061 0.072637 0.431362 0.038543
0.036701 0.038898 0.045692 0.037319 0.067218 0.091693 0.038150 0.039873 0.038779 0.071336 0.455842 0.038499
0.036155 0.036148 0.041033 0.036269 0.054221 0.093082 0.036727 0.036198 0.037177 0.054560 0.502493 0.035938
0.041335 0.038801 0.043344 0.037114 0.054667 0.109114 0.037594 0.037765 0.038026 0.053960 0.471037 0.037242
0.038476 0.038435 0.044139 0.036577 0.064940 0.099501 0.036955 0.038664 0.038362 0.054084 0.472319 0.037547
0.040734 0.040370 0.046235 0.037974 0.049068 0.051070 0.038830 0.038347 0.038693 0.061845 0.519179 0.037656
0.037349 0.039118 0.044010 0.036966 0.063011 0.071886 0.037601 0.037153 0.037277 0.055139 0.502173 0.038317
0.040931 0.040484 0.044217 0.039035 0.059774 0.093676 0.038953 0.041026 0.040154 0.059710 0.461892 0.040148
0.043228 0.042588 0.046014 0.037673 0.048666 0.060542 0.039447 0.041219 0.040031 0.062048 0.501126 0.037418
0.038187 0.041395 0.046602 0.038389 0.049900 0.085642 0.040854 0.038538 0.039743 0.059883 0.482783 0.038084
0.039129 0.034710 0.040835 0.034354 0.053186 0.143410 0.035919 0.034138 0.035364 0.057343 0.457852 0.033760
0.042676 0.036901 0.045905 0.037173 0.050118 0.126509 0.036511 0.039161 0.038013 0.062811 0.444686 0.039536
0.041179 0.036682 0.043565 0.036569 0.049828 0.108419 0.038705 0.038841 0.037448 0.057254 0.473299 0.038211
0.030953 0.041245 0.037074 0.030602 0.055047 0.098369 0.032487 0.032580 0.030903 0.056522 0.522786 0.031432
0.042381 0.050034 0.048375 0.041527 0.072655 0.092982 0.040529 0.045534 0.041377 0.057441 0.420144 0.047022
0.038401 0.042233 0.041783 0.035496 0.061766 0.109502 0.035798 0.042468 0.035684 0.054274 0.461679 0.040916
0.041306 0.043638 0.043803 0.036221 0.065093 0.119351 0.036742 0.042282 0.036876 0.061701 0.431605 0.041382
0.045790 0.042280 0.042626 0.036497 0.059496 0.103071 0.037779 0.041668 0.037375 0.059291 0.455920 0.038205
0.035231 0.042465 0.040260 0.034596 0.046909 0.079469 0.036531 0.037879 0.036462 0.083823 0.491988 0.034386
0.045388 0.051637 0.050019 0.042692 0.070140 0.071767 0.043383 0.044109 0.043590 0.069316 0.424752 0.043208
0.035795 0.041051 0.041041 0.036075 0.054428 0.118268 0.036674 0.036185 0.036879 0.071687 0.456343 0.035573
0.044288 0.043448 0.047094 0.039391 0.064142 0.128788 0.039837 0.040396 0.040903 0.061392 0.410710 0.039612
0.037113 0.035402 0.044394 0.036370 0.057618 0.114063 0.035688 0.039852 0.036702 0.050597 0.470910 0.041291
0.040692 0.038529 0.042429 0.037244 0.059780 0.087024 0.038958 0.041825 0.037947 0.064539 0.470445 0.040588
0.054202 0.041923 0.047950 0.039064 0.067571 0.069195 0.040969 0.043466 0.040421 0.059760 0.455815 0.039665
0.036134 0.044404 0.043045 0.035961 0.055985 0.077479 0.036537 0.036408 0.037177 0.059985 0.501217 0.035668
0.046727 0.050540 0.046607 0.039818 0.058398 0.057850 0.040251 0.040232 0.040802 0.061946 0.477289 0.039541
0.040764 0.043769 0.049292 0.040501 0.053626 0.054171 0.041507 0.041780 0.042116 0.077890 0.473978 0.040605
0.036603 0.046061 0.041523 0.035085 0.058230 0.065161 0.035346 0.038267 0.035737 0.057152 0.511150 0.039686
0.046426 0.040992 0.046441 0.041242 0.051859 0.097772 0.041113 0.044379 0.042027 0.052397 0.451434 0.043919
0.047883 0.040757 0.047492 0.036070 0.056548 0.133305 0.039672 0.040453 0.040757 0.059593 0.421179 0.036291
0.038216 0.041141 0.042202 0.033562 0.044973 0.136874 0.035234 0.033894 0.035404 0.048853 0.476208 0.033439
0.038411 0.036923 0.042820 0.034279 0.045855 0.124058 0.036435 0.034380 0.035283 0.058970 0.478602 0.033985
0.037947 0.038527 0.040637 0.034068 0.048198 0.113400 0.036039 0.034588 0.035174 0.063486 0.484020 0.033917
0.034161 0.035593 0.040299 0.033995 0.057848 0.081790 0.033468 0.037103 0.034409 0.056292 0.517285 0.037758
0.046014 0.037840 0.042113 0.038976 0.053324 0.069124 0.039006 0.041629 0.039435 0.052765 0.498581 0.041193
0.038820 0.038969 0.045596 0.036239 0.066025 0.107660 0.038193 0.040117 0.037866 0.056918 0.456684 0.036913
0.039503 0.049858 0.043419 0.036335 0.055278 0.100867 0.036693 0.036083 0.037713 0.045085 0.483442 0.035722
0.038997 0.036416 0.045313 0.037045 0.048188 0.101985 0.037713 0.036872 0.037981 0.054927 0.488080 0.036483
0.046740 0.041087 0.041868 0.035564 0.048974 0.082938 0.037372 0.036203 0.036352 0.062281 0.495181 0.035442
0.047281 0.033889 0.039501 0.033768 0.051529 0.058602 0.034397 0.034351 0.034995 0.053299 0.544742 0.033647
0.055171 0.038141 0.041192 0.036272 0.051764 0.068252 0.036707 0.036347 0.036546 0.052494 0.511099 0.036017
0.041390 0.037663 0.046247 0.038464 0.066751 0.110805 0.038846 0.039481 0.039234 0.053044 0.449365 0.038709
0.036938 0.035192 0.041579 0.035053 0.051217 0.131001 0.035290 0.035340 0.036378 0.045020 0.482182 0.034810
0.044597 0.034763 0.043110 0.035415 0.047193 0.111591 0.036148 0.035507 0.036402 0.050953 0.489232 0.035090
0.033721 0.032686 0.038273 0.030816 0.051914 0.108145 0.032383 0.030842 0.032159 0.051105 0.526762 0.031195
0.040155 0.043330 0.043178 0.037437 0.059083 0.088755 0.037797 0.038672 0.038629 0.057934 0.477098 0.037930
0.044106 0.040323 0.045633 0.038647 0.057928 0.054712 0.040311 0.041330 0.040007 0.058582 0.500542 0.037879
0.043169 0.036811 0.043117 0.036827 0.052477 0.081678 0.037437 0.037030 0.037088 0.054899 0.503019 0.036448
0.039793 0.045015 0.043479 0.037095 0.055835 0.122365 0.037324 0.037006 0.037684 0.056157 0.451610 0.036638
0.039720 0.037843 0.046091 0.037112 0.049715 0.106906 0.036643 0.040059 0.037601 0.066813 0.462837 0.038660
0.037232 0.040141 0.041083 0.036025 0.059967 0.109407 0.037162 0.037695 0.036527 0.052592 0.474996 0.037174
0.043194 0.034390 0.040014 0.034160 0.053428 0.099255 0.035911 0.036219 0.035589 0.057273 0.496896 0.033670
0.050623 0.038532 0.044304 0.036502 0.059610 0.120341 0.037113 0.037209 0.037554 0.049459 0.452039 0.036714
0.046617 0.036769 0.044731 0.037663 0.056464 0.108097 0.038316 0.037790 0.038728 0.061822 0.455674 0.037330
0.040610 0.052603 0.043060 0.036799 0.051670 0.098620 0.037367 0.037440 0.037033 0.064355 0.463760 0.036684
0.038654 0.035139 0.039590 0.033076 0.051285 0.112064 0.032727 0.035854 0.033684 0.046684 0.504490 0.036754
0.035860 0.036448 0.039917 0.035775 0.058068 0.095619 0.036093 0.039399 0.036913 0.064555 0.483072 0.038281
0.043998 0.043854 0.048633 0.039394 0.062694 0.058945 0.041352 0.041903 0.040878 0.057849 0.481382 0.039120
0.038683 0.040649 0.043599 0.037827 0.051988 0.097907 0.038281 0.038105 0.038891 0.052981 0.483445 0.037644
0.045457 0.039259 0.043402 0.036780 0.054429 0.122369 0.037074 0.036737 0.037490 0.049058 0.461540 0.036405
0.040679 0.038952 0.044843 0.036710 0.043779 0.107694 0.037383 0.036448 0.037817 0.058519 0.481237 0.035938
0.032309 0.035652 0.038026 0.032086 0.052860 0.088134 0.033881 0.035308 0.032503 0.058809 0.525031 0.035402
0.040188 0.041405 0.041206 0.038161 0.052319 0.079731 0.038243 0.040317 0.038414 0.051721 0.498378 0.039918
0.043199 0.043082 0.048246 0.038257 0.071232 0.110795 0.038823 0.041445 0.038953 0.058412 0.427604 0.039953
0.042886 0.037050 0.043410 0.038368 0.058748 0.121844 0.038137 0.039663 0.039109 0.046021 0.455527 0.039238
0.035173 0.036847 0.042910 0.033969 0.043737 0.124599 0.035971 0.036923 0.035580 0.059503 0.481319 0.033470
0.044183 0.036678 0.039159 0.033245 0.050994 0.113270 0.035007 0.033316 0.034181 0.057766 0.489426 0.032775
0.037671 0.040000 0.042212 0.035879 0.054140 0.083359 0.036554 0.036405 0.036253 0.065860 0.495966 0.035702
0.056608 0.040189 0.043313 0.038566 0.055927 0.058606 0.039123 0.038763 0.039138 0.070123 0.481522 0.038121
0.040048 0.042664 0.044580 0.037062 0.061660 0.122813 0.037532 0.038213 0.038036 0.052062 0.447791 0.037539
0.051954 0.034888 0.038787 0.034221 0.051890 0.114803 0.034416 0.034094 0.035015 0.047807 0.488292 0.033831
0.047272 0.038495 0.048646 0.038375 0.055319 0.115375 0.039187 0.039176 0.039260 0.053031 0.447308 0.038555
0.031476 0.032432 0.037498 0.031353 0.054000 0.123533 0.031929 0.031444 0.030895 0.048051 0.515541 0.031847
0.037536 0.042246 0.041790 0.036553 0.055464 0.083333 0.035795 0.040784 0.035952 0.055226 0.494434 0.040888
0.042616 0.041406 0.044573 0.037879 0.063613 0.079748 0.038717 0.045814 0.038717 0.056297 0.467644 0.042975
0.038845 0.038360 0.041563 0.034969 0.057214 0.095758 0.035202 0.040118 0.035753 0.063708 0.481752 0.036758
0.047734 0.045706 0.049809 0.042168 0.057343 0.072611 0.042696 0.046737 0.043804 0.060851 0.446827 0.043714
0.044727 0.044398 0.050058 0.041580 0.060294 0.088683 0.042060 0.046583 0.042631 0.080264 0.414600 0.044122
0.047203 0.036123 0.044729 0.038380 0.064837 0.098823 0.039354 0.044346 0.038790 0.065110 0.438746 0.043559
0.063575 0.042159 0.047248 0.040689 0.051819 0.069739 0.042154 0.046612 0.040944 0.083517 0.428952 0.042592
0.051587 0.044654 0.046928 0.039062 0.061282 0.094810 0.042469 0.041885 0.040511 0.092552 0.405579 0.038681
0.045029 0.047642 0.048733 0.041525 0.070890 0.095724 0.041573 0.042944 0.042359 0.079299 0.400884 0.043397
0.052233 0.047938 0.051383 0.045209 0.074751 0.104889 0.045274 0.048003 0.045380 0.084126 0.353918 0.046897
0.042540 0.039813 0.047637 0.039748 0.059517 0.110412 0.040698 0.041940 0.040761 0.072237 0.425744 0.038953
0.040235 0.037773 0.044823 0.038109 0.062533 0.099640 0.038732 0.039767 0.038717 0.065661 0.455317 0.038692
0.045531 0.048590 0.050071 0.043362 0.066802 0.052668 0.043951 0.044673 0.044282 0.068320 0.447961 0.043789
0.049332 0.050604 0.055050 0.046340 0.073989 0.053956 0.047164 0.049091 0.047573 0.075250 0.404339 0.047311
0.046457 0.043881 0.048442 0.042140 0.060806 0.074538 0.042646 0.042779 0.044190 0.068135 0.444200 0.041787
0.048601 0.041510 0.048804 0.041595 0.049951 0.068123 0.042087 0.042361 0.043804 0.063878 0.467841 0.041444
0.042877 0.042882 0.052590 0.042726 0.057869 0.083245 0.045580 0.044119 0.045237 0.075621 0.424285 0.042969
0.042551 0.040733 0.048872 0.040430 0.051856 0.080650 0.042254 0.041215 0.042543 0.063128 0.465327 0.040441
0.052000 0.044891 0.052296 0.043632 0.050330 0.081190 0.045645 0.043362 0.044833 0.060574 0.438243 0.043004
0.044254 0.040663 0.044400 0.037421 0.044630 0.107487 0.040222 0.037805 0.039321 0.056279 0.470342 0.037175
0.046658 0.038939 0.046228 0.037676 0.046308 0.091543 0.039405 0.038082 0.039034 0.055633 0.483476 0.037020
0.044909 0.043861 0.049430 0.040413 0.056537 0.070440 0.042537 0.040638 0.041528 0.066909 0.462764 0.040035
0.048776 0.040342 0.045464 0.037912 0.060238 0.099490 0.039507 0.038128 0.038709 0.058864 0.454971 0.037599
0.043173 0.040586 0.045925 0.039342 0.054184 0.117667 0.039581 0.039090 0.040173 0.050461 0.451062 0.038755
0.043327 0.041776 0.044408 0.037718 0.044564 0.114240 0.038334 0.037623 0.038506 0.053507 0.468715 0.037283
0.036998 0.034188 0.040813 0.033130 0.057041 0.124099 0.034169 0.033543 0.035765 0.050066 0.486197 0.033992
0.037911 0.035915 0.041424 0.036206 0.057012 0.120628 0.035282 0.039851 0.035908 0.047830 0.472946 0.039087
0.037997 0.038258 0.045300 0.038337 0.055916 0.129671 0.039750 0.043573 0.039308 0.065823 0.426406 0.039663
0.037008 0.034575 0.041400 0.034354 0.053649 0.099837 0.036320 0.037131 0.035197 0.053862 0.503093 0.033573
0.036756 0.039310 0.043875 0.037506 0.055335 0.097626 0.036809 0.040582 0.037806 0.061089 0.471808 0.041500
0.047923 0.041044 0.045205 0.040825 0.062681 0.084582 0.041054 0.044159 0.041199 0.074602 0.433577 0.043150
0.039394 0.039803 0.046593 0.037231 0.057838 0.094419 0.039192 0.040482 0.038400 0.075668 0.454384 0.036596
0.045802 0.039619 0.044038 0.037899 0.060196 0.089609 0.038510 0.037953 0.038797 0.056671 0.473389 0.037516
0.048628 0.042448 0.044747 0.039038 0.052131 0.090644 0.039581 0.040082 0.039916 0.062430 0.460902 0.039453
0.047073 0.042286 0.049515 0.040328 0.063683 0.092378 0.040078 0.044423 0.040845 0.066626 0.427267 0.045499
0.038867 0.039384 0.044409 0.039329 0.062249 0.105592 0.039670 0.041283 0.041409 0.051596 0.455407 0.040805
0.037520 0.034754 0.038711 0.032629 0.047790 0.094181 0.033954 0.035423 0.035764 0.053236 0.523786 0.032253
0.042952 0.036761 0.044868 0.037124 0.070962 0.087564 0.036839 0.040918 0.038152 0.059880 0.463329 0.040653
0.044712 0.040451 0.046020 0.041194 0.060680 0.057213 0.041318 0.044025 0.041394 0.070242 0.469761 0.042990
0.040207 0.042393 0.048730 0.040057 0.066895 0.087667 0.041007 0.045951 0.040733 0.069236 0.433235 0.043889
0.040380 0.042498 0.047630 0.041439 0.070334 0.115878 0.040193 0.047334 0.041158 0.050567 0.415041 0.047548
0.038826 0.043564 0.044282 0.037754 0.047662 0.090529 0.039002 0.042762 0.039908 0.069733 0.466434 0.039544
0.053992 0.044866 0.053134 0.042612 0.060161 0.071727 0.046583 0.047362 0.044620 0.079299 0.412616 0.043029
0.034816 0.038368 0.041989 0.036081 0.057084 0.104891 0.037133 0.038483 0.036517 0.057732 0.477448 0.039458
0.042744 0.041932 0.044926 0.040844 0.062622 0.124918 0.040754 0.043955 0.040903 0.065851 0.407379 0.043172
0.044035 0.040093 0.050458 0.038288 0.059257 0.121097 0.040797 0.041119 0.040402 0.068613 0.417102 0.038738
0.033251 0.031350 0.035032 0.029788 0.050364 0.103301 0.031401 0.030407 0.030987 0.057819 0.536584 0.029716
0.039735 0.039706 0.047082 0.040640 0.067273 0.078071 0.041164 0.042626 0.041598 0.059553 0.460750 0.041803
0.052658 0.041492 0.047800 0.040296 0.062662 0.093982 0.040990 0.042300 0.041189 0.059725 0.435438 0.041469
0.039549 0.036908 0.044082 0.036354 0.057672 0.071247 0.036964 0.037096 0.038174 0.056304 0.509335 0.036316
0.038329 0.040189 0.045788 0.037730 0.054701 0.078763 0.037621 0.040341 0.038367 0.052072 0.494086 0.042013
0.038944 0.042588 0.042434 0.036328 0.065509 0.083659 0.036248 0.044113 0.036289 0.058099 0.470864 0.044927
0.037888 0.040242 0.044608 0.038313 0.056546 0.068266 0.039888 0.045489 0.040176 0.058964 0.488046 0.041572
0.037914 0.038031 0.048386 0.038549 0.050190 0.083240 0.040467 0.041812 0.040149 0.061257 0.482259 0.037747
0.039616 0.035576 0.040405 0.033720 0.052149 0.120655 0.035248 0.033476 0.037280 0.053754 0.485003 0.033118
0.039168 0.038046 0.045491 0.036459 0.051345 0.104991 0.036956 0.038379 0.038046 0.067242 0.465026 0.038850
0.045795 0.039672 0.044696 0.038586 0.049782 0.089561 0.040376 0.040843 0.039679 0.062012 0.468890 0.040108
0.032870 0.030599 0.035688 0.030660 0.046048 0.118162 0.033315 0.033705 0.031517 0.056066 0.521369 0.029999
0.035703 0.035855 0.042495 0.036595 0.068070 0.121271 0.035630 0.040292 0.036510 0.045564 0.460290 0.041726
0.040090 0.041722 0.048392 0.040682 0.070102 0.120432 0.040423 0.047945 0.040072 0.060862 0.400180 0.049096
0.040531 0.040982 0.042212 0.035917 0.057199 0.105714 0.039110 0.040966 0.037172 0.065297 0.457048 0.037853
0.040994 0.039145 0.044186 0.036320 0.062096 0.080056 0.036901 0.040733 0.036638 0.055336 0.487542 0.040053
0.036718 0.048699 0.041334 0.037896 0.060073 0.070978 0.038393 0.041455 0.038461 0.066529 0.478801 0.040662
0.054740 0.043184 0.047873 0.039647 0.069732 0.045193 0.040154 0.047310 0.040602 0.080160 0.446663 0.044742
0.042442 0.048218 0.049564 0.044114 0.068950 0.066984 0.044252 0.047375 0.044667 0.065154 0.431762 0.046516
0.037613 0.039180 0.043268 0.036482 0.058099 0.132008 0.038012 0.038546 0.038415 0.058975 0.443579 0.035824
0.042284 0.039289 0.044902 0.037680 0.055764 0.132858 0.038080 0.039483 0.039334 0.058986 0.432929 0.038410
0.036537 0.036145 0.044133 0.035917 0.055681 0.104692 0.038190 0.038450 0.037685 0.066824 0.468651 0.037094
0.042090 0.038847 0.042552 0.037663 0.055670 0.058003 0.038846 0.037417 0.038666 0.066222 0.507094 0.036928
0.041332 0.043768 0.048009 0.040513 0.073156 0.099044 0.039676 0.042075 0.040551 0.054126 0.435385 0.042366
0.040148 0.037540 0.042240 0.038275 0.057008 0.089135 0.038108 0.039980 0.038782 0.054954 0.484544 0.039287
0.041811 0.042486 0.051512 0.040905 0.063337 0.061578 0.043322 0.046339 0.042966 0.068135 0.455727 0.041882
0.053228 0.039454 0.043839 0.038397 0.055936 0.061808 0.039645 0.038451 0.039360 0.055589 0.496266 0.038026
0.045845 0.039180 0.045105 0.038719 0.053816 0.095330 0.039045 0.039752 0.040489 0.065513 0.458365 0.038843
0.038946 0.046406 0.049296 0.040567 0.055897 0.096743 0.040121 0.042443 0.042008 0.067189 0.437546 0.042838
0.038485 0.043698 0.042657 0.035916 0.049533 0.099607 0.037357 0.038943 0.036286 0.061431 0.478064 0.038024
0.036440 0.042770 0.040146 0.034285 0.051676 0.084227 0.036226 0.036160 0.036210 0.054724 0.513482 0.033654
0.041996 0.038915 0.048413 0.039370 0.055236 0.116905 0.040178 0.040183 0.040715 0.056650 0.441865 0.039575
0.044645 0.041339 0.043550 0.037081 0.055106 0.100538 0.037904 0.036666 0.038751 0.054503 0.473611 0.036307
0.038265 0.036187 0.045639 0.036896 0.054526 0.108556 0.036936 0.039551 0.037410 0.061787 0.463164 0.041083
0.037942 0.038018 0.040401 0.034965 0.057188 0.123472 0.036886 0.038370 0.034925 0.052375 0.467608 0.037852
0.031257 0.033513 0.037366 0.030653 0.050661 0.090660 0.031915 0.034667 0.032388 0.065058 0.530365 0.031496
0.044153 0.047438 0.052939 0.045276 0.071492 0.070336 0.045987 0.047998 0.046531 0.060515 0.420236 0.047098
0.041481 0.037211 0.043928 0.036809 0.056006 0.113292 0.038185 0.039131 0.039198 0.062460 0.456073 0.036227
0.045513 0.038774 0.044226 0.038053 0.052278 0.115219 0.038328 0.038461 0.038957 0.055129 0.457358 0.037703
0.041030 0.049218 0.047967 0.039314 0.047480 0.094498 0.039820 0.039137 0.040138 0.064561 0.458081 0.038756
0.034011 0.036346 0.037684 0.032893 0.057110 0.083737 0.033819 0.036420 0.033564 0.069946 0.507831 0.036639
0.045690 0.044472 0.049270 0.043572 0.071095 0.083521 0.043707 0.048605 0.043858 0.054602 0.424016 0.047592
0.040938 0.038385 0.041102 0.035241 0.050168 0.116312 0.037181 0.037066 0.035975 0.059057 0.474044 0.034532
