0.075562 0.062199 0.063741 0.076487 0.061872 0.061671 0.061809 0.069168 0.061677 0.062224 0.281833 0.061759
0.062312 0.061426 0.070075 0.073020 0.061797 0.061353 0.061408 0.067133 0.061386 0.062135 0.296754 0.061202
0.062833 0.062620 0.065591 0.072196 0.061857 0.060731 0.060990 0.062480 0.060776 0.062669 0.305361 0.061895
0.057726 0.057858 0.066182 0.072341 0.058223 0.057776 0.057882 0.070247 0.057805 0.058577 0.327788 0.057595
0.060960 0.061787 0.063629 0.068769 0.060003 0.059673 0.059957 0.065403 0.059709 0.060542 0.317368 0.062200
0.063954 0.061632 0.064188 0.069967 0.061955 0.061654 0.061843 0.070601 0.061677 0.062389 0.298699 0.061442
0.059016 0.058391 0.062281 0.064979 0.057782 0.057448 0.057676 0.059055 0.057429 0.058152 0.351015 0.056776
0.070809 0.056540 0.061287 0.068830 0.057159 0.056506 0.056749 0.062786 0.056581 0.058331 0.337578 0.056845
0.052933 0.053029 0.056810 0.060529 0.053028 0.052741 0.052889 0.054029 0.052762 0.054038 0.404526 0.052687
0.056764 0.056873 0.059577 0.068351 0.056918 0.056722 0.056789 0.057217 0.056740 0.057354 0.360099 0.056597
0.057132 0.057142 0.060646 0.062726 0.057541 0.057056 0.057109 0.062729 0.057091 0.058079 0.355844 0.056905
0.060733 0.060810 0.065986 0.061099 0.060479 0.059464 0.059716 0.060818 0.059466 0.060569 0.326260 0.064598
0.062925 0.060924 0.065470 0.068240 0.059627 0.058597 0.058970 0.062731 0.058633 0.060765 0.324533 0.058584
0.057836 0.058903 0.061828 0.065252 0.055216 0.054329 0.054642 0.062739 0.054383 0.056433 0.363756 0.054682
0.058110 0.061374 0.066504 0.068823 0.058299 0.057934 0.057950 0.068767 0.057950 0.058728 0.325918 0.059642
0.060714 0.063139 0.065183 0.071697 0.060583 0.059934 0.060009 0.065530 0.059988 0.060999 0.306240 0.065983
0.059115 0.061508 0.062053 0.073406 0.058089 0.057622 0.057710 0.069327 0.057655 0.058551 0.325089 0.059875
0.058423 0.055734 0.059159 0.064720 0.055966 0.055729 0.055859 0.068006 0.055746 0.056559 0.356342 0.057756
0.060071 0.062561 0.064656 0.074310 0.060502 0.059926 0.060125 0.072772 0.059966 0.060907 0.304524 0.059681
0.061000 0.061369 0.067347 0.073228 0.059632 0.058774 0.058990 0.071718 0.058836 0.060119 0.309307 0.059682
0.063525 0.057946 0.065085 0.072648 0.058070 0.057950 0.057991 0.069759 0.057952 0.058301 0.316578 0.064193
0.058217 0.058326 0.068243 0.069446 0.058880 0.058148 0.058373 0.064873 0.058196 0.060169 0.329223 0.057905
0.056250 0.056149 0.059435 0.067994 0.056503 0.056221 0.056339 0.066540 0.056257 0.057069 0.355244 0.055998
0.057076 0.057166 0.060400 0.069182 0.057448 0.057152 0.057271 0.067585 0.057189 0.058098 0.344502 0.056929
0.059502 0.059531 0.061864 0.065752 0.059639 0.059454 0.059507 0.059576 0.059473 0.060030 0.336339 0.059333
0.058933 0.058878 0.068857 0.066797 0.059607 0.059195 0.059362 0.066106 0.059169 0.060273 0.324270 0.058553
0.060997 0.058821 0.070102 0.068416 0.060375 0.058801 0.059259 0.060985 0.058843 0.060990 0.321495 0.060915
0.055245 0.055520 0.061010 0.065019 0.055113 0.053733 0.053942 0.055286 0.053785 0.055970 0.375129 0.060248
0.056014 0.059608 0.056592 0.062120 0.053818 0.053708 0.053779 0.054478 0.053705 0.054326 0.386025 0.055826
0.058826 0.058925 0.061701 0.065970 0.059367 0.059349 0.059482 0.065632 0.059302 0.059432 0.333264 0.058751
0.063198 0.064721 0.067150 0.072973 0.061245 0.060443 0.060683 0.066417 0.060519 0.062206 0.300322 0.060123
0.059674 0.057415 0.061252 0.062599 0.057421 0.057077 0.057080 0.062679 0.057094 0.057768 0.352898 0.057044
0.070124 0.066445 0.066120 0.078712 0.063690 0.063348 0.063662 0.064980 0.063314 0.063625 0.272318 0.063662
0.066078 0.065599 0.067419 0.068352 0.060657 0.059800 0.060111 0.068080 0.059882 0.061385 0.301005 0.061635
0.074411 0.061097 0.062779 0.075550 0.059898 0.059469 0.059506 0.065564 0.059482 0.060093 0.296364 0.065789
0.074755 0.059206 0.061894 0.074125 0.059613 0.059154 0.059266 0.071373 0.059182 0.059868 0.302206 0.059359
0.063977 0.067514 0.064771 0.079839 0.062696 0.062245 0.062458 0.075266 0.062265 0.062748 0.273410 0.062811
0.060054 0.060036 0.063234 0.068815 0.060403 0.060021 0.060196 0.066349 0.060053 0.061137 0.319907 0.059794
0.062224 0.062285 0.071197 0.069394 0.062986 0.062714 0.062845 0.068911 0.062680 0.063110 0.289567 0.062087
0.074210 0.064508 0.068504 0.076527 0.062920 0.062200 0.062519 0.069728 0.062208 0.063727 0.265143 0.067805
0.054188 0.058413 0.057925 0.062085 0.054738 0.054247 0.054326 0.054432 0.054272 0.055820 0.384192 0.055362
0.056446 0.056454 0.061120 0.058407 0.056929 0.056507 0.056668 0.057719 0.056533 0.058192 0.368580 0.056445
0.057143 0.056945 0.060012 0.070132 0.057477 0.057461 0.057595 0.063413 0.057413 0.057540 0.348004 0.056864
0.059947 0.059940 0.062635 0.064822 0.059493 0.059221 0.059287 0.064985 0.059253 0.059986 0.331382 0.059050
0.064474 0.064471 0.069001 0.076233 0.065359 0.064464 0.064805 0.066365 0.064541 0.066629 0.269515 0.064144
0.058865 0.061300 0.064338 0.070861 0.059767 0.059038 0.059291 0.066705 0.059089 0.060099 0.316377 0.064270
0.067084 0.066926 0.066037 0.077890 0.063987 0.063460 0.063668 0.071567 0.063491 0.064200 0.265649 0.066041
0.067491 0.063243 0.067696 0.070007 0.062953 0.062272 0.062383 0.067028 0.062313 0.063836 0.287835 0.062943
0.073416 0.065571 0.064428 0.070786 0.060324 0.059679 0.059740 0.060734 0.059710 0.060442 0.304785 0.060384
0.060303 0.058153 0.060116 0.065566 0.057084 0.056715 0.056932 0.061773 0.056740 0.057725 0.351854 0.057039
0.059441 0.059446 0.062162 0.066442 0.059818 0.059807 0.059940 0.066095 0.059760 0.059928 0.327950 0.059209
0.066227 0.060063 0.070170 0.072746 0.060766 0.060060 0.060229 0.066110 0.060076 0.061436 0.302711 0.059407
0.056762 0.056790 0.060742 0.062152 0.057116 0.056566 0.056587 0.066435 0.056598 0.057938 0.349567 0.062746
0.061642 0.061631 0.064194 0.069272 0.060632 0.060441 0.060672 0.066723 0.060397 0.061360 0.312520 0.060518
0.054865 0.057136 0.062944 0.062911 0.055441 0.054662 0.054939 0.056082 0.054732 0.056902 0.375013 0.054371
0.057907 0.057123 0.059402 0.068390 0.056894 0.056784 0.056793 0.060943 0.056788 0.057298 0.354900 0.056778
0.060076 0.060164 0.069213 0.071199 0.060668 0.059959 0.060103 0.066385 0.060026 0.061233 0.311335 0.059640
0.060900 0.060993 0.069924 0.071367 0.061761 0.060962 0.061216 0.072897 0.061008 0.062563 0.289439 0.066970
0.063870 0.061907 0.063095 0.067205 0.058704 0.058149 0.058337 0.066966 0.058186 0.059207 0.320203 0.064172
0.063159 0.060743 0.062960 0.066924 0.059939 0.059682 0.059813 0.060278 0.059648 0.059951 0.325310 0.061591
0.061117 0.061732 0.061982 0.071234 0.057730 0.056918 0.057121 0.069944 0.056954 0.058052 0.329573 0.057641
0.052661 0.052627 0.054702 0.064191 0.052558 0.052453 0.052459 0.058147 0.052456 0.052968 0.402329 0.052447
0.057538 0.057505 0.062146 0.063416 0.057999 0.057474 0.057629 0.063298 0.057534 0.058934 0.349347 0.057179
0.058476 0.058135 0.061672 0.063874 0.057568 0.057260 0.057388 0.067691 0.057232 0.057778 0.346264 0.056662
0.056745 0.056753 0.061220 0.070664 0.057469 0.057285 0.057436 0.062499 0.057251 0.057755 0.342020 0.062902
0.058016 0.057953 0.062465 0.067726 0.056833 0.056319 0.056512 0.057802 0.056355 0.058071 0.355744 0.056204
0.057152 0.058425 0.066475 0.070049 0.057408 0.056427 0.056759 0.065309 0.056461 0.058104 0.341024 0.056407
0.060802 0.057596 0.066344 0.062683 0.057410 0.056870 0.056986 0.062732 0.056920 0.058022 0.346514 0.057121
0.063555 0.061389 0.067648 0.070529 0.061905 0.061113 0.061428 0.062666 0.061125 0.062769 0.299254 0.066621
0.055717 0.057916 0.060680 0.071282 0.055589 0.055063 0.055161 0.061217 0.055107 0.056013 0.355141 0.061113
0.057707 0.057742 0.059345 0.072022 0.057254 0.057088 0.057325 0.073525 0.057085 0.057647 0.330054 0.063206
0.066930 0.066728 0.067836 0.082567 0.064866 0.064281 0.064621 0.078254 0.064252 0.064540 0.251460 0.063664
0.069146 0.062408 0.066969 0.070453 0.061343 0.060805 0.060904 0.069863 0.060848 0.062061 0.294600 0.060599
0.066236 0.065520 0.065744 0.078506 0.063558 0.063147 0.063277 0.072224 0.063175 0.064058 0.270741 0.063816
0.057779 0.057810 0.063008 0.065866 0.058460 0.057602 0.057862 0.058865 0.057674 0.060053 0.342108 0.062912
0.059265 0.059334 0.060787 0.069053 0.059864 0.059416 0.059651 0.064563 0.059441 0.060364 0.329035 0.059228
0.064938 0.064160 0.066611 0.076042 0.063394 0.063105 0.063239 0.073781 0.063072 0.063415 0.275770 0.062474
0.066897 0.064302 0.067844 0.078143 0.064404 0.063654 0.063786 0.070559 0.063688 0.064900 0.265629 0.066193
0.060360 0.060419 0.064436 0.068033 0.060982 0.060300 0.060649 0.062495 0.060334 0.061931 0.319979 0.060081
0.066716 0.062740 0.066949 0.070716 0.063061 0.062099 0.062484 0.063670 0.062201 0.064348 0.292602 0.062415
0.066958 0.061394 0.065381 0.076587 0.061902 0.061301 0.061492 0.079434 0.061359 0.062710 0.280457 0.061024
0.066967 0.061363 0.068023 0.075589 0.061698 0.061420 0.061494 0.072476 0.061426 0.061875 0.286319 0.061350
0.066252 0.066139 0.070698 0.071936 0.066856 0.066287 0.066527 0.077611 0.066349 0.067868 0.241274 0.072201
0.065890 0.064381 0.068382 0.067620 0.063760 0.062914 0.063175 0.063861 0.062944 0.064228 0.289956 0.062888
0.072536 0.060628 0.064035 0.065724 0.060975 0.060663 0.060736 0.061020 0.060686 0.061598 0.310867 0.060532
0.062498 0.062651 0.064975 0.069949 0.063498 0.062977 0.063168 0.069369 0.062957 0.064117 0.291504 0.062336
0.066029 0.063406 0.071497 0.065677 0.064097 0.062978 0.063145 0.063646 0.062951 0.064268 0.289237 0.063071
0.069461 0.062965 0.066456 0.076694 0.063355 0.063152 0.063299 0.063727 0.063129 0.063833 0.275015 0.068914
0.060710 0.060903 0.066277 0.061154 0.061090 0.060769 0.060891 0.061822 0.060801 0.062139 0.322772 0.060671
0.068304 0.065995 0.068105 0.069974 0.064169 0.064136 0.064230 0.071004 0.064070 0.064075 0.272207 0.063730
0.066585 0.066407 0.069658 0.072088 0.066484 0.065807 0.066045 0.077802 0.065883 0.067389 0.250437 0.065414
0.072661 0.066452 0.074678 0.079047 0.067242 0.066657 0.066897 0.074037 0.066633 0.067820 0.231866 0.066010
0.072836 0.065515 0.072196 0.081454 0.065198 0.064671 0.064897 0.066093 0.064694 0.065398 0.251585 0.065463
0.066557 0.066626 0.074589 0.081295 0.066852 0.066489 0.066619 0.073887 0.066506 0.067025 0.230921 0.072634
0.069851 0.067558 0.068316 0.075179 0.067109 0.066206 0.066416 0.069453 0.066249 0.066992 0.244211 0.072460
0.061407 0.061369 0.063918 0.069988 0.061062 0.060522 0.060608 0.072322 0.060539 0.061106 0.306538 0.060622
0.066136 0.065125 0.067309 0.083213 0.065523 0.065196 0.065450 0.082775 0.065214 0.065880 0.243234 0.064946
0.070801 0.065556 0.068014 0.071046 0.065747 0.065266 0.065348 0.071626 0.065310 0.066314 0.259898 0.065073
0.067133 0.067136 0.069497 0.078192 0.067872 0.067762 0.068100 0.074382 0.067716 0.067971 0.237112 0.067127
0.064045 0.064042 0.068806 0.070022 0.063967 0.063172 0.063353 0.068491 0.063253 0.064836 0.283147 0.062865
0.060185 0.062141 0.064247 0.065835 0.060597 0.060220 0.060346 0.066536 0.060233 0.061835 0.315270 0.062554
0.064558 0.064680 0.070363 0.071782 0.065676 0.065213 0.065619 0.073572 0.065197 0.066679 0.262212 0.064450
0.062361 0.062262 0.068892 0.064377 0.063136 0.062351 0.062580 0.063381 0.062424 0.064311 0.301855 0.062071
0.066797 0.066805 0.069301 0.083091 0.067082 0.066979 0.067136 0.086181 0.066921 0.067455 0.225792 0.066460
0.067887 0.062391 0.071577 0.072935 0.063155 0.062459 0.062677 0.070090 0.062503 0.064112 0.277922 0.062292
0.066781 0.069084 0.075272 0.077261 0.067732 0.066832 0.067281 0.068949 0.066913 0.069068 0.232147 0.072681
0.062832 0.063697 0.064525 0.069063 0.061560 0.061124 0.061238 0.061392 0.061152 0.062291 0.303874 0.067251
0.060099 0.060148 0.063521 0.069022 0.060255 0.060071 0.060164 0.060789 0.060087 0.060670 0.325239 0.059936
0.066838 0.065816 0.068064 0.084757 0.066172 0.065850 0.066265 0.078195 0.065825 0.066540 0.240673 0.065005
0.061230 0.062544 0.063676 0.069182 0.060899 0.060186 0.060287 0.072532 0.060218 0.061165 0.307846 0.060235
0.066727 0.069175 0.071829 0.090593 0.068071 0.067423 0.067910 0.069834 0.067412 0.068428 0.226060 0.066537
0.062659 0.063084 0.067007 0.071463 0.062553 0.061951 0.062195 0.063421 0.062015 0.063484 0.292263 0.067904
0.062606 0.059216 0.061275 0.074504 0.059098 0.058790 0.058853 0.065167 0.058792 0.059496 0.323345 0.058859
0.059284 0.059385 0.062815 0.065073 0.060246 0.059482 0.059821 0.066602 0.059546 0.061461 0.327195 0.059091
0.069455 0.061664 0.063590 0.065894 0.060558 0.060177 0.060241 0.065774 0.060199 0.060952 0.311349 0.060148
0.064816 0.064909 0.066602 0.080031 0.065133 0.064502 0.064808 0.072617 0.064492 0.065284 0.263096 0.063710
0.066580 0.067313 0.066839 0.072210 0.061860 0.061150 0.061345 0.068354 0.061198 0.062866 0.288575 0.061711
0.061893 0.061861 0.066561 0.074383 0.062895 0.061554 0.061946 0.076603 0.061608 0.063543 0.279301 0.067852
0.058732 0.058652 0.061989 0.060292 0.059276 0.058573 0.058683 0.058747 0.058616 0.060182 0.342279 0.063978
0.065071 0.061025 0.064281 0.072359 0.061448 0.061091 0.061220 0.067724 0.061125 0.062002 0.301029 0.061625
0.058934 0.058912 0.061612 0.070832 0.059287 0.058825 0.058954 0.064108 0.058866 0.059916 0.331132 0.058622
0.058205 0.058202 0.059476 0.069258 0.058439 0.058218 0.058265 0.064740 0.058226 0.058991 0.339784 0.058195
0.061572 0.061620 0.071867 0.076146 0.062874 0.061809 0.062191 0.075805 0.061905 0.063717 0.279217 0.061277
0.059536 0.062209 0.066853 0.061541 0.060378 0.059476 0.059693 0.064749 0.059549 0.061629 0.318914 0.065474
0.071943 0.066873 0.061088 0.064260 0.057905 0.057843 0.057971 0.067401 0.057808 0.058189 0.320445 0.058273
0.056664 0.056662 0.062056 0.066195 0.057642 0.057215 0.057507 0.063558 0.057201 0.058582 0.350198 0.056520
0.057385 0.066320 0.060672 0.062067 0.056574 0.055901 0.056093 0.067781 0.055961 0.057647 0.347930 0.055668
0.061984 0.062145 0.070087 0.073564 0.062127 0.061781 0.061786 0.067392 0.061797 0.062535 0.293052 0.061749
0.067357 0.065303 0.071609 0.072981 0.062505 0.061820 0.061921 0.062079 0.061875 0.063163 0.286176 0.063213
0.058460 0.058554 0.065948 0.064717 0.058887 0.058557 0.058576 0.062889 0.058576 0.059225 0.330827 0.064784
0.061277 0.060681 0.061516 0.065586 0.057994 0.057418 0.057617 0.063160 0.057459 0.058790 0.338844 0.059658
0.060446 0.058208 0.066811 0.076088 0.058515 0.058242 0.058456 0.067539 0.058262 0.058731 0.320682 0.058021
0.067208 0.066679 0.069643 0.075400 0.064398 0.064096 0.064336 0.073338 0.064114 0.064858 0.262076 0.063854
0.066251 0.064125 0.068691 0.069218 0.063940 0.063406 0.063523 0.069274 0.063456 0.064424 0.280544 0.063149
0.069604 0.061895 0.072367 0.072307 0.062506 0.061718 0.062091 0.063724 0.061744 0.063300 0.285267 0.063477
0.055484 0.055514 0.057198 0.074545 0.055818 0.055534 0.055645 0.062143 0.055545 0.056317 0.354560 0.061699
0.060095 0.060124 0.062236 0.069576 0.060158 0.059994 0.060073 0.066526 0.059994 0.060712 0.320562 0.059949
0.064994 0.066993 0.068543 0.075472 0.064400 0.063847 0.063903 0.069711 0.063867 0.064435 0.269879 0.063957
0.059969 0.062853 0.062925 0.065006 0.059707 0.059343 0.059400 0.064557 0.059364 0.060095 0.327457 0.059325
0.061278 0.061171 0.064495 0.063307 0.061949 0.061252 0.061467 0.062507 0.061306 0.063038 0.317169 0.061062
0.066455 0.060864 0.072265 0.069921 0.062210 0.061256 0.061594 0.069190 0.061275 0.063469 0.285444 0.066056
0.060916 0.060955 0.069060 0.076257 0.061862 0.061077 0.061293 0.072862 0.061127 0.062430 0.285065 0.067096
0.062603 0.062565 0.065525 0.062521 0.062800 0.062406 0.062411 0.066796 0.062425 0.063358 0.297956 0.068633
0.065303 0.063501 0.064626 0.074947 0.063343 0.062974 0.063115 0.070001 0.062924 0.062944 0.281645 0.064680
0.057496 0.057037 0.061761 0.062993 0.057487 0.056956 0.057093 0.061804 0.057006 0.058473 0.355179 0.056714
0.063799 0.063742 0.066045 0.077148 0.064281 0.064039 0.064289 0.070740 0.064016 0.064619 0.273948 0.063334
0.061324 0.063968 0.067498 0.072328 0.061841 0.061186 0.061291 0.073925 0.061240 0.062665 0.291782 0.060952
0.061717 0.061736 0.069897 0.075745 0.062041 0.061601 0.061746 0.069272 0.061618 0.062345 0.284546 0.067737
0.062849 0.060761 0.066390 0.061179 0.061056 0.060616 0.060789 0.061567 0.060670 0.061975 0.319115 0.063033
0.061226 0.060758 0.064551 0.062493 0.060321 0.059560 0.059835 0.065604 0.059532 0.060491 0.326398 0.059231
0.059206 0.059087 0.063180 0.074920 0.059852 0.059571 0.059853 0.077478 0.059540 0.060189 0.308289 0.058835
0.060372 0.060364 0.063525 0.071767 0.060377 0.060135 0.060212 0.066103 0.060165 0.061005 0.315990 0.059983
0.063532 0.063479 0.071819 0.072071 0.063737 0.063355 0.063487 0.070713 0.063372 0.064060 0.277140 0.063236
0.061068 0.061410 0.063769 0.072012 0.060115 0.059653 0.059707 0.059783 0.059688 0.060543 0.316484 0.065766
0.059513 0.057526 0.063185 0.064111 0.057960 0.057482 0.057671 0.058568 0.057539 0.058895 0.347420 0.060129
0.060878 0.060559 0.063761 0.060230 0.059133 0.058320 0.058516 0.063840 0.058360 0.059805 0.338208 0.058390
0.057822 0.057124 0.059935 0.073335 0.057829 0.057733 0.057995 0.074375 0.057687 0.057757 0.331362 0.057047
0.061599 0.061467 0.071871 0.076164 0.061961 0.061416 0.061649 0.067776 0.061468 0.062524 0.291019 0.061086
0.065512 0.060013 0.070156 0.066988 0.060374 0.059820 0.059968 0.065284 0.059856 0.061431 0.310860 0.059738
0.059355 0.060572 0.064775 0.070993 0.059120 0.058391 0.058527 0.063012 0.058460 0.059680 0.322777 0.064338
0.055889 0.056093 0.062051 0.061867 0.056598 0.055907 0.056175 0.063076 0.055968 0.057989 0.356473 0.061915
0.058593 0.058583 0.062156 0.069763 0.059144 0.059110 0.059305 0.070487 0.059057 0.059380 0.325943 0.058478
0.062218 0.062501 0.066270 0.074115 0.061885 0.061265 0.061433 0.071285 0.061266 0.062262 0.290702 0.064799
0.062196 0.068058 0.071885 0.076805 0.062562 0.061896 0.062087 0.072585 0.061920 0.063116 0.273272 0.063617
0.058772 0.058790 0.069715 0.060568 0.059346 0.058705 0.058856 0.064294 0.058744 0.060571 0.333021 0.058618
0.066177 0.060549 0.070741 0.068790 0.061422 0.060492 0.060780 0.061248 0.060523 0.062551 0.300696 0.066031
0.058669 0.055291 0.062368 0.067060 0.055732 0.055314 0.055405 0.065495 0.055353 0.056556 0.351359 0.061399
0.057482 0.057489 0.059778 0.067010 0.057593 0.057498 0.057532 0.062347 0.057499 0.057980 0.350308 0.057482
0.064045 0.064066 0.067040 0.083048 0.064857 0.064622 0.065019 0.078713 0.064592 0.065075 0.255133 0.063791
0.058741 0.061287 0.068701 0.072640 0.058957 0.058399 0.058594 0.071604 0.058432 0.059299 0.315068 0.058276
0.060896 0.061028 0.070282 0.073794 0.061586 0.060962 0.061134 0.061432 0.061020 0.062400 0.304759 0.060707
0.058469 0.058514 0.068548 0.066423 0.059165 0.058435 0.058645 0.058844 0.058502 0.060279 0.329785 0.064392
0.061722 0.055743 0.059665 0.063834 0.056004 0.055579 0.055783 0.064381 0.055601 0.056502 0.359766 0.055420
0.059189 0.059182 0.062506 0.071960 0.059536 0.059256 0.059372 0.064043 0.059292 0.060094 0.326534 0.059035
0.065215 0.063865 0.063013 0.070770 0.059396 0.058998 0.059061 0.060041 0.059023 0.059777 0.321906 0.058934
0.058572 0.062863 0.059601 0.073854 0.059214 0.058580 0.058737 0.059309 0.058602 0.059283 0.332859 0.058525
0.058968 0.059142 0.062006 0.065311 0.057771 0.057215 0.057481 0.058764 0.057273 0.058917 0.349272 0.057880
0.056738 0.059079 0.064415 0.062590 0.058471 0.056907 0.057215 0.058555 0.056980 0.059286 0.352754 0.057011
0.059286 0.056984 0.061927 0.067710 0.057717 0.057427 0.057613 0.058416 0.057389 0.057856 0.344643 0.063031
0.058793 0.058791 0.062409 0.071285 0.059382 0.059313 0.059464 0.066336 0.059274 0.059561 0.320462 0.064930
0.059238 0.062006 0.063734 0.064979 0.057781 0.057216 0.057369 0.064710 0.057247 0.058777 0.339686 0.057258
0.064598 0.057057 0.062515 0.062308 0.057046 0.056759 0.056762 0.056822 0.056774 0.057541 0.355086 0.056731
0.064887 0.064771 0.072609 0.076658 0.064140 0.063714 0.063923 0.070215 0.063700 0.064512 0.266553 0.064318
0.056567 0.056622 0.066572 0.064245 0.057314 0.056480 0.056607 0.056746 0.056535 0.058405 0.351371 0.062536
0.056464 0.058100 0.058412 0.061601 0.055517 0.055424 0.055429 0.055482 0.055427 0.055960 0.375677 0.056507
0.059895 0.059859 0.062303 0.076359 0.060810 0.060424 0.060703 0.067278 0.060394 0.060729 0.311552 0.059694
0.063136 0.062889 0.065751 0.067719 0.059983 0.058932 0.059152 0.064744 0.058982 0.060349 0.318869 0.059493
0.063424 0.066129 0.070578 0.075619 0.063099 0.062758 0.062908 0.069098 0.062724 0.063302 0.277792 0.062570
0.058739 0.057647 0.067624 0.062804 0.057015 0.056170 0.056356 0.057108 0.056252 0.057870 0.355135 0.057281
0.056063 0.056082 0.058022 0.073204 0.056083 0.055891 0.056070 0.075701 0.055892 0.056354 0.338595 0.062042
0.057563 0.057667 0.060541 0.066570 0.057936 0.057545 0.057681 0.069588 0.057579 0.058485 0.341520 0.057325
0.066648 0.066386 0.068741 0.072106 0.065713 0.065455 0.065584 0.075917 0.065421 0.065697 0.257504 0.064829
0.066098 0.066663 0.068864 0.071347 0.063643 0.063026 0.063221 0.080351 0.063073 0.064310 0.265605 0.063800
0.062090 0.062306 0.062031 0.068903 0.060412 0.060355 0.060493 0.061163 0.060295 0.060705 0.320851 0.060396
0.059247 0.059377 0.068499 0.069877 0.060296 0.059405 0.059643 0.067037 0.059450 0.061500 0.316451 0.059216
0.058720 0.058997 0.066780 0.069867 0.058686 0.058328 0.058334 0.064030 0.058346 0.059044 0.324310 0.064558
0.061274 0.063555 0.065316 0.067007 0.061651 0.061225 0.061315 0.066873 0.061267 0.062421 0.304192 0.063902
0.063599 0.063711 0.067789 0.067100 0.064432 0.064165 0.064441 0.070210 0.064138 0.065095 0.281806 0.063515
0.057569 0.057533 0.061257 0.073781 0.058313 0.058042 0.058342 0.069283 0.058011 0.058507 0.332069 0.057294
0.063907 0.061290 0.067914 0.067195 0.061600 0.061114 0.061293 0.067203 0.061169 0.062579 0.303893 0.060844
0.065308 0.065355 0.075549 0.071019 0.065997 0.065522 0.065879 0.074500 0.065493 0.066708 0.253799 0.064872
0.061994 0.064662 0.068432 0.074589 0.062574 0.061839 0.062066 0.062654 0.061867 0.063180 0.288794 0.067349
0.057197 0.057227 0.062869 0.065029 0.057684 0.057111 0.057295 0.062707 0.057153 0.059171 0.343295 0.063261
0.058895 0.058170 0.060379 0.070070 0.058405 0.057893 0.057899 0.062522 0.057896 0.058322 0.341386 0.058164
0.060247 0.060337 0.062902 0.074621 0.060634 0.060367 0.060549 0.073337 0.060388 0.060866 0.305593 0.060159
0.065344 0.069439 0.070954 0.079826 0.065865 0.065065 0.065291 0.071424 0.065107 0.065968 0.250739 0.064978
0.062621 0.062582 0.071504 0.070322 0.063370 0.062517 0.062645 0.066876 0.062578 0.064166 0.288524 0.062293
0.066707 0.063441 0.067826 0.069727 0.062105 0.061245 0.061527 0.077464 0.061321 0.062792 0.278752 0.067093
0.058888 0.061026 0.062722 0.068437 0.058540 0.057806 0.058155 0.071306 0.057867 0.059622 0.325675 0.059956
0.059599 0.059614 0.063000 0.072196 0.059838 0.059633 0.059688 0.068513 0.059653 0.060347 0.318403 0.059515
0.062051 0.062154 0.064657 0.072033 0.060593 0.060390 0.060446 0.070547 0.060410 0.061086 0.305362 0.060272
0.057633 0.062530 0.060997 0.069158 0.057762 0.057453 0.057526 0.063366 0.057477 0.058375 0.340363 0.057361
0.062206 0.056528 0.061137 0.063547 0.056654 0.056038 0.056323 0.057628 0.056100 0.058020 0.360075 0.055745
0.053936 0.053990 0.063435 0.065096 0.054695 0.053949 0.054105 0.054583 0.053993 0.055696 0.382755 0.053768
0.057151 0.056878 0.060424 0.070823 0.055775 0.055525 0.055650 0.056233 0.055544 0.056377 0.357991 0.061629
0.058526 0.055576 0.062238 0.063600 0.056128 0.055669 0.055868 0.057026 0.055709 0.057217 0.366947 0.055497
0.059393 0.058942 0.066056 0.055887 0.054518 0.053724 0.054002 0.054940 0.053800 0.055898 0.379424 0.053417
0.058061 0.055462 0.061077 0.068588 0.055922 0.055629 0.055848 0.065315 0.055618 0.056218 0.357401 0.054861
0.055359 0.055553 0.065718 0.067939 0.056041 0.055290 0.055435 0.064378 0.055357 0.057089 0.356850 0.054990
0.056403 0.056622 0.065255 0.068821 0.056885 0.056429 0.056499 0.061158 0.056463 0.057467 0.345447 0.062552
0.056218 0.055443 0.063951 0.067665 0.055934 0.055058 0.055112 0.055097 0.055091 0.056016 0.362968 0.061446
0.057502 0.057621 0.057487 0.066848 0.055255 0.054478 0.054533 0.054601 0.054514 0.055433 0.376253 0.055477
0.057769 0.054635 0.057198 0.064438 0.053615 0.052696 0.052766 0.058518 0.052734 0.053831 0.387153 0.054646
0.058602 0.057525 0.062280 0.059322 0.054070 0.053128 0.053265 0.055326 0.053182 0.054493 0.384909 0.053898
0.059718 0.057141 0.066133 0.076361 0.058168 0.057612 0.057923 0.071391 0.057598 0.058235 0.320646 0.059072
0.054506 0.054651 0.064688 0.068416 0.054951 0.054412 0.054566 0.065453 0.054458 0.055725 0.357765 0.060410
0.058024 0.058230 0.060090 0.067861 0.056469 0.056362 0.056370 0.070908 0.056366 0.056894 0.346070 0.056357
0.063047 0.057259 0.060729 0.061379 0.056105 0.055550 0.055667 0.065899 0.055600 0.056857 0.356610 0.055298
0.058226 0.059621 0.060653 0.070833 0.058038 0.057924 0.058123 0.062869 0.057893 0.058284 0.337534 0.060000
0.054466 0.056663 0.061750 0.060745 0.055011 0.054153 0.054255 0.054035 0.054223 0.056111 0.384695 0.053892
0.059201 0.063370 0.062865 0.071906 0.058812 0.058586 0.058686 0.063480 0.058540 0.058954 0.326616 0.058985
0.055624 0.055888 0.066765 0.063991 0.057058 0.055497 0.055732 0.072876 0.055570 0.057450 0.341744 0.061804
0.061635 0.059749 0.063134 0.062515 0.060392 0.059662 0.059889 0.065539 0.059633 0.060806 0.321516 0.065531
0.059384 0.058272 0.067574 0.068715 0.057410 0.057047 0.057120 0.067386 0.057081 0.058147 0.334374 0.057490
0.058029 0.057727 0.059941 0.068028 0.056499 0.056248 0.056319 0.062155 0.056267 0.056930 0.355687 0.056169
0.059656 0.059668 0.061507 0.074146 0.060059 0.059801 0.060016 0.073183 0.059824 0.060509 0.312031 0.059600
0.058818 0.058800 0.067591 0.069923 0.059299 0.058772 0.058897 0.065376 0.058820 0.059777 0.325412 0.058515
0.060140 0.062772 0.065071 0.075459 0.060762 0.060164 0.060363 0.067592 0.060204 0.061283 0.300007 0.066182
0.061551 0.071456 0.061705 0.069438 0.057318 0.057130 0.057186 0.057353 0.057150 0.057676 0.333137 0.058899
0.057555 0.056481 0.060228 0.066643 0.056926 0.056091 0.056418 0.064797 0.056133 0.057544 0.355156 0.056027
0.057339 0.060349 0.059341 0.060620 0.055333 0.054832 0.054954 0.060797 0.054869 0.055742 0.371094 0.054732
0.064319 0.058688 0.061752 0.068984 0.059037 0.059007 0.059171 0.065617 0.058958 0.059203 0.326869 0.058395
0.060748 0.063046 0.068112 0.070209 0.061547 0.060660 0.060867 0.061152 0.060738 0.062546 0.310111 0.060264
0.062082 0.056416 0.060037 0.064571 0.056712 0.056372 0.056596 0.062239 0.056347 0.057605 0.348843 0.062181
0.057609 0.055097 0.057706 0.061125 0.055413 0.054884 0.054909 0.059420 0.054902 0.055841 0.378106 0.054988
0.063224 0.060331 0.066380 0.069674 0.061237 0.060803 0.061032 0.062520 0.060773 0.061934 0.311853 0.060239
0.066507 0.065351 0.065933 0.071381 0.060306 0.059571 0.059654 0.065368 0.059621 0.061044 0.305258 0.060007
0.060458 0.062410 0.069493 0.064343 0.059804 0.059181 0.059357 0.060590 0.059217 0.060844 0.324738 0.059565
0.061490 0.061503 0.070203 0.074796 0.062417 0.062012 0.062341 0.070422 0.061979 0.062504 0.282811 0.067520
0.062767 0.057227 0.060648 0.068099 0.057703 0.057075 0.057143 0.069080 0.057125 0.058323 0.331669 0.063141
0.064194 0.064563 0.063326 0.074445 0.060503 0.060083 0.060218 0.069583 0.060101 0.060864 0.300379 0.061740
0.064555 0.062919 0.064810 0.065818 0.060259 0.059913 0.060030 0.065801 0.059949 0.060853 0.315294 0.059798
0.057211 0.057291 0.060076 0.073396 0.057945 0.057784 0.058058 0.071440 0.057741 0.058074 0.333889 0.057094
0.056176 0.055141 0.059770 0.066501 0.055878 0.055246 0.055412 0.061759 0.055315 0.056687 0.367211 0.054903
0.061613 0.056028 0.057859 0.070560 0.055971 0.055879 0.055918 0.067686 0.055880 0.056274 0.350471 0.055861
0.060379 0.066799 0.062028 0.078270 0.060568 0.059967 0.060214 0.073889 0.060001 0.060843 0.297357 0.059683
0.059268 0.059290 0.064506 0.064513 0.059720 0.059255 0.059483 0.060838 0.059293 0.060862 0.328335 0.064637
0.065475 0.062800 0.066570 0.064210 0.061231 0.060485 0.060756 0.062082 0.060545 0.062063 0.313547 0.060235
0.062820 0.058312 0.062046 0.059929 0.057556 0.056920 0.057200 0.058552 0.056911 0.058381 0.354890 0.056483
0.062965 0.060180 0.060791 0.073510 0.058887 0.058664 0.058932 0.068234 0.058619 0.059298 0.320788 0.059131
0.058419 0.058671 0.069426 0.066102 0.058885 0.058274 0.058430 0.059470 0.058320 0.060070 0.335785 0.058149
0.059017 0.059162 0.067327 0.070422 0.059140 0.058806 0.058819 0.064534 0.058823 0.059638 0.319276 0.065036
0.060198 0.060308 0.063613 0.065845 0.060522 0.060143 0.060216 0.065729 0.060182 0.061054 0.315968 0.066222
0.059389 0.059508 0.064318 0.062909 0.060238 0.059968 0.060245 0.066019 0.059941 0.060966 0.327182 0.059317
0.061418 0.061342 0.066039 0.075128 0.062493 0.061815 0.062122 0.078822 0.061835 0.063095 0.284971 0.060921
0.068302 0.063219 0.065325 0.074493 0.060387 0.059858 0.060025 0.060794 0.059888 0.060841 0.306824 0.060043
0.067544 0.067726 0.070115 0.080132 0.065878 0.065234 0.065467 0.066361 0.065269 0.066374 0.252297 0.067603
0.059115 0.062460 0.070747 0.061107 0.059938 0.059044 0.059261 0.060046 0.059117 0.061190 0.327484 0.060490
0.062282 0.059216 0.062247 0.071617 0.059749 0.059314 0.059473 0.070569 0.059268 0.059616 0.314958 0.061690
0.055209 0.055305 0.058923 0.067145 0.055597 0.055254 0.055323 0.065492 0.055288 0.056230 0.365145 0.055089
0.060473 0.060221 0.062018 0.074987 0.060367 0.060174 0.060329 0.065913 0.060179 0.060572 0.314701 0.060066
0.063872 0.063871 0.072015 0.077451 0.063579 0.063098 0.063304 0.076134 0.063140 0.063911 0.266804 0.062821
0.067815 0.062317 0.071821 0.071408 0.062211 0.061686 0.061875 0.068838 0.061734 0.062812 0.286012 0.061472
0.060241 0.060262 0.068802 0.074284 0.060496 0.059664 0.059947 0.066945 0.059719 0.061539 0.302498 0.065603
0.056685 0.056712 0.059269 0.070609 0.057104 0.056691 0.056883 0.057803 0.056711 0.057802 0.350952 0.062779
0.058885 0.058987 0.061736 0.076881 0.059338 0.059037 0.059276 0.067040 0.059054 0.059732 0.321236 0.058796
0.062682 0.060439 0.066192 0.072125 0.060796 0.060405 0.060481 0.066087 0.060445 0.061336 0.308791 0.060221
0.059969 0.061379 0.069689 0.065446 0.060482 0.059562 0.059649 0.069608 0.059603 0.061152 0.313838 0.059624
0.058715 0.058948 0.066935 0.060542 0.058194 0.057533 0.057798 0.062920 0.057527 0.059092 0.343729 0.058067
0.059509 0.053131 0.058735 0.062244 0.053894 0.053361 0.053652 0.055148 0.053364 0.055121 0.382827 0.059015
0.053156 0.053180 0.056832 0.059237 0.053295 0.053023 0.053047 0.053071 0.053041 0.054032 0.405116 0.052971
0.057684 0.057785 0.060514 0.063099 0.057934 0.057556 0.057562 0.063162 0.057575 0.058429 0.351179 0.057521
0.064227 0.062698 0.064020 0.073843 0.061396 0.060472 0.060789 0.067208 0.060485 0.061782 0.302831 0.060250
0.055901 0.058177 0.064832 0.063198 0.055882 0.055036 0.055264 0.056347 0.055100 0.057107 0.367912 0.055244
0.058023 0.059410 0.064881 0.068434 0.057113 0.056604 0.056684 0.057050 0.056635 0.057565 0.350313 0.057290
0.063409 0.057844 0.065828 0.070584 0.057969 0.057702 0.057894 0.071541 0.057722 0.058193 0.317562 0.063751
0.064884 0.061019 0.064383 0.066802 0.059964 0.059012 0.059227 0.068824 0.059065 0.060247 0.317712 0.058861
0.067523 0.064340 0.066350 0.075389 0.063006 0.062471 0.062684 0.073024 0.062473 0.063233 0.277290 0.062218
0.061907 0.062247 0.062509 0.069337 0.057921 0.057358 0.057425 0.068465 0.057403 0.058579 0.328905 0.057944
0.059570 0.062883 0.060285 0.066196 0.057573 0.057372 0.057509 0.066423 0.057377 0.058014 0.339428 0.057370
0.060352 0.060367 0.064460 0.067623 0.061098 0.060881 0.061036 0.066991 0.060853 0.061415 0.314704 0.060220
0.066909 0.061195 0.063028 0.070329 0.059510 0.058534 0.058667 0.068948 0.058533 0.059411 0.316659 0.058277
0.056910 0.059275 0.061553 0.065782 0.057153 0.056829 0.056898 0.067371 0.056849 0.058140 0.343885 0.059355
0.059625 0.059639 0.063761 0.071995 0.060422 0.060196 0.060495 0.062479 0.060151 0.061203 0.320413 0.059621
0.060247 0.059827 0.065997 0.062884 0.059203 0.058258 0.058599 0.066755 0.058327 0.060622 0.331351 0.057928
0.074059 0.062229 0.065458 0.073469 0.060876 0.060945 0.061032 0.067255 0.060881 0.060930 0.292263 0.060602
0.064135 0.058580 0.068719 0.064297 0.058856 0.058463 0.058548 0.058574 0.058501 0.059668 0.333370 0.058290
0.058211 0.058302 0.068509 0.068994 0.059141 0.058300 0.058651 0.067039 0.058359 0.060282 0.326194 0.058018
0.057573 0.056538 0.059014 0.070242 0.056144 0.055775 0.056015 0.064631 0.055813 0.056640 0.349882 0.061732
0.059497 0.059500 0.068730 0.072077 0.059716 0.059538 0.059591 0.059659 0.059558 0.059919 0.322796 0.059419
0.065388 0.059825 0.063004 0.077764 0.060554 0.059801 0.060032 0.067300 0.059856 0.060962 0.306029 0.059486
0.059343 0.061125 0.059056 0.064752 0.056630 0.055960 0.056149 0.065820 0.056010 0.056944 0.351905 0.056307
0.066935 0.061864 0.064964 0.076300 0.062374 0.061122 0.061650 0.080782 0.061131 0.062588 0.279725 0.060565
0.058487 0.058668 0.067440 0.077521 0.058658 0.057835 0.058021 0.070263 0.057896 0.059343 0.318345 0.057524
0.060485 0.060487 0.063547 0.072431 0.060523 0.060404 0.060516 0.079245 0.060398 0.061044 0.294314 0.066607
0.065352 0.064944 0.070081 0.068896 0.064807 0.063506 0.063776 0.071165 0.063557 0.065630 0.274688 0.063597
0.064669 0.060023 0.063087 0.066402 0.058770 0.058147 0.058365 0.059349 0.058196 0.060099 0.333005 0.059888
0.060209 0.056619 0.064585 0.062558 0.057257 0.056638 0.056688 0.057713 0.056669 0.058085 0.356398 0.056581
0.066618 0.061114 0.064097 0.068578 0.061977 0.061196 0.061377 0.062444 0.061244 0.063147 0.300853 0.067356
0.060089 0.060372 0.068891 0.074166 0.060000 0.059403 0.059640 0.072411 0.059452 0.060691 0.300203 0.064682
0.061054 0.061054 0.063481 0.073113 0.061610 0.061161 0.061408 0.068599 0.061196 0.062519 0.303784 0.061020
0.060729 0.060818 0.063740 0.076167 0.061120 0.060848 0.061024 0.073251 0.060878 0.061601 0.299232 0.060590
0.062944 0.062673 0.064451 0.067666 0.062574 0.062054 0.062288 0.074158 0.062115 0.063196 0.294183 0.061698
0.065561 0.065753 0.069202 0.081934 0.066297 0.065573 0.065847 0.072599 0.065653 0.067177 0.249252 0.065152
0.063070 0.063097 0.070907 0.077681 0.063285 0.062500 0.062786 0.068010 0.062570 0.063932 0.280075 0.062087
0.064230 0.064275 0.065582 0.077585 0.063428 0.062507 0.062583 0.067724 0.062525 0.063526 0.276995 0.069040
0.067352 0.062139 0.064811 0.076483 0.062464 0.061852 0.061992 0.062607 0.061885 0.062759 0.291525 0.064131
0.069733 0.060670 0.064648 0.062195 0.061001 0.060283 0.060482 0.065808 0.060323 0.061841 0.312739 0.060277
0.062402 0.061851 0.063909 0.066815 0.061686 0.060996 0.061063 0.069451 0.061019 0.061839 0.307818 0.061153
0.062766 0.062715 0.065550 0.074247 0.062885 0.062481 0.062570 0.068213 0.062523 0.063416 0.290343 0.062292
0.063384 0.063458 0.073233 0.070963 0.064371 0.063637 0.063917 0.069301 0.063712 0.065426 0.275263 0.063335
0.062081 0.062009 0.064629 0.068431 0.062414 0.062053 0.062154 0.067591 0.062084 0.062880 0.295437 0.068238
0.067515 0.066946 0.068102 0.069510 0.064073 0.063834 0.063915 0.064277 0.063855 0.064671 0.278977 0.064325
0.064462 0.064417 0.067651 0.070953 0.065049 0.064417 0.064536 0.064612 0.064468 0.065516 0.279726 0.064193
0.064087 0.073369 0.062535 0.074964 0.060192 0.059778 0.059924 0.064825 0.059812 0.060537 0.300026 0.059951
0.060593 0.060598 0.067788 0.074998 0.060902 0.060681 0.060827 0.067631 0.060694 0.061280 0.303445 0.060563
0.066033 0.066158 0.074694 0.078388 0.066488 0.066029 0.066083 0.066160 0.066063 0.066933 0.251090 0.065881
0.063892 0.072863 0.069075 0.075081 0.064551 0.063824 0.063970 0.070256 0.063892 0.065209 0.257618 0.069769
0.060861 0.070234 0.062051 0.057678 0.058074 0.057484 0.057540 0.061838 0.057505 0.058161 0.338843 0.059731
0.063321 0.059724 0.061528 0.076350 0.059411 0.059351 0.059522 0.064810 0.059304 0.059565 0.318371 0.058742
0.057448 0.057332 0.061563 0.072181 0.057888 0.057442 0.057630 0.063640 0.057488 0.058731 0.341516 0.057142
0.062370 0.065455 0.070507 0.073569 0.062583 0.062024 0.062031 0.067735 0.062040 0.062833 0.286720 0.062133
0.068096 0.068444 0.065486 0.074387 0.063280 0.062599 0.062674 0.062532 0.062655 0.063697 0.283010 0.063140
0.064530 0.059025 0.061958 0.066886 0.057896 0.057385 0.057488 0.063529 0.057421 0.058488 0.332615 0.062781
0.062383 0.058757 0.060480 0.067043 0.057801 0.057067 0.057276 0.063660 0.057118 0.058452 0.341538 0.058426
0.056235 0.058485 0.061118 0.067763 0.056537 0.056117 0.056167 0.066162 0.056149 0.056906 0.352386 0.055975
0.065594 0.062447 0.066782 0.068647 0.061334 0.061036 0.061230 0.078896 0.061056 0.061862 0.289174 0.061941
0.061846 0.061855 0.064230 0.074814 0.062413 0.062119 0.062253 0.068406 0.062087 0.062518 0.295970 0.061489
0.062798 0.056026 0.066059 0.060834 0.055700 0.054864 0.055031 0.055195 0.054936 0.057043 0.366322 0.055192
0.052850 0.052913 0.061353 0.064685 0.053381 0.052845 0.052916 0.058662 0.052879 0.053949 0.384569 0.058999
0.053084 0.053017 0.057089 0.059431 0.053302 0.053051 0.053123 0.053233 0.053075 0.054025 0.398382 0.059187
0.058987 0.058985 0.061807 0.069989 0.059215 0.059029 0.059093 0.065542 0.059047 0.059588 0.329812 0.058906
0.054956 0.056876 0.056662 0.064076 0.053062 0.052324 0.052387 0.057501 0.052361 0.053452 0.394033 0.052310
0.058678 0.058756 0.064063 0.068799 0.056876 0.056441 0.056614 0.062271 0.056486 0.057428 0.347296 0.056292
0.055759 0.055860 0.066014 0.066411 0.056623 0.055811 0.056139 0.064422 0.055868 0.057626 0.353948 0.055519
0.054618 0.054762 0.063778 0.066529 0.055246 0.054703 0.054832 0.055293 0.054752 0.055822 0.368956 0.060707
0.058741 0.055050 0.059615 0.066745 0.055533 0.055072 0.055128 0.060848 0.055107 0.055903 0.361075 0.061183
0.070431 0.056610 0.059812 0.064032 0.054960 0.054347 0.054428 0.054703 0.054379 0.055260 0.366138 0.054900
0.062544 0.057196 0.058551 0.072562 0.056690 0.056664 0.056851 0.064739 0.056612 0.056767 0.343472 0.057352
0.061140 0.057463 0.064876 0.066481 0.055596 0.054657 0.054747 0.054725 0.054724 0.056237 0.364857 0.054497
0.058982 0.058696 0.065366 0.068772 0.057594 0.057223 0.057230 0.067198 0.057241 0.058025 0.334840 0.058834
0.055645 0.055590 0.063383 0.066857 0.055403 0.054940 0.054996 0.065102 0.054975 0.055780 0.356281 0.061048
0.055285 0.055334 0.061301 0.060850 0.056095 0.055395 0.055653 0.056821 0.055455 0.057472 0.368932 0.061408
0.059492 0.059470 0.062687 0.068183 0.058989 0.058506 0.058713 0.069219 0.058489 0.059196 0.329276 0.057781
0.067562 0.061068 0.065349 0.065622 0.060497 0.059899 0.059968 0.071874 0.059947 0.061012 0.306849 0.060354
0.067432 0.065990 0.066930 0.081963 0.064897 0.064367 0.064549 0.080079 0.064390 0.065384 0.248466 0.065555
0.059444 0.060682 0.066970 0.067840 0.058906 0.058554 0.058710 0.060057 0.058580 0.059389 0.331625 0.059244
0.060415 0.060338 0.067822 0.072396 0.060980 0.060474 0.060554 0.066322 0.060507 0.061469 0.302095 0.066629
0.061956 0.061671 0.064805 0.071932 0.060576 0.060143 0.060234 0.065875 0.060186 0.061257 0.305150 0.066215
0.060736 0.060790 0.063858 0.065853 0.061157 0.060740 0.060839 0.071289 0.060782 0.061763 0.311649 0.060544
0.064338 0.064398 0.067310 0.074420 0.065359 0.064837 0.065173 0.087085 0.064825 0.065648 0.252600 0.064008
0.064489 0.065422 0.073240 0.076225 0.063741 0.063489 0.063650 0.073883 0.063471 0.063985 0.264933 0.063472
0.069502 0.063995 0.073891 0.075732 0.063980 0.063718 0.063797 0.068164 0.063746 0.064698 0.265178 0.063599
0.062642 0.062587 0.068170 0.064603 0.063283 0.062599 0.062811 0.068365 0.062653 0.064621 0.295258 0.062407
0.062979 0.060737 0.064986 0.073115 0.061500 0.060895 0.061131 0.067942 0.060889 0.061704 0.298229 0.065892
0.058909 0.059842 0.064296 0.065737 0.059586 0.059000 0.059156 0.063569 0.059055 0.060657 0.331445 0.058748
0.069331 0.063227 0.065150 0.080340 0.063478 0.063562 0.063675 0.068928 0.063496 0.063446 0.272301 0.063067
0.066571 0.064132 0.069617 0.080449 0.064110 0.063089 0.063407 0.070225 0.063141 0.064503 0.267816 0.062940
0.065717 0.066067 0.075905 0.076490 0.066701 0.065654 0.065956 0.071888 0.065681 0.067063 0.247014 0.065863
0.065990 0.063663 0.068465 0.069520 0.063686 0.063118 0.063238 0.067863 0.063170 0.064238 0.284187 0.062861
