0.074184 0.039586 0.035584 0.041355 0.035585 0.036761 0.036652 0.035843 0.038137 0.117584 0.467242 0.041486
0.047605 0.042748 0.042216 0.050191 0.042236 0.042586 0.044129 0.043144 0.044936 0.108942 0.443061 0.048206
0.062484 0.063298 0.044241 0.050990 0.046597 0.044621 0.045773 0.045787 0.046949 0.112183 0.386837 0.050242
0.059110 0.043499 0.043229 0.046922 0.046225 0.044419 0.044804 0.054138 0.046502 0.135081 0.392735 0.043336
0.036497 0.039980 0.036239 0.039558 0.036232 0.036227 0.037686 0.042534 0.036484 0.124080 0.498263 0.036220
0.054783 0.067420 0.040563 0.046133 0.042027 0.043032 0.041033 0.040281 0.043091 0.125966 0.407966 0.047706
0.060308 0.036346 0.035685 0.041512 0.035657 0.035622 0.036916 0.036773 0.035877 0.127126 0.482589 0.035589
0.074107 0.043094 0.042658 0.049878 0.042576 0.046407 0.044414 0.043732 0.045456 0.121000 0.396277 0.050400
0.052024 0.037231 0.037842 0.039431 0.037249 0.037582 0.038159 0.037491 0.040074 0.136206 0.463529 0.043182
0.039535 0.042296 0.040395 0.044136 0.041666 0.042326 0.039838 0.044524 0.042185 0.127546 0.450250 0.045305
0.041134 0.041210 0.042280 0.046168 0.040393 0.040783 0.041293 0.040688 0.043139 0.118997 0.457515 0.046400
0.048199 0.041680 0.041388 0.043323 0.043750 0.041370 0.042200 0.042614 0.041373 0.140127 0.426343 0.047632
0.049503 0.045272 0.042403 0.045772 0.042390 0.045237 0.043904 0.047546 0.043656 0.127878 0.418150 0.048289
0.061887 0.041697 0.040221 0.044344 0.040212 0.040578 0.042019 0.043764 0.042776 0.119759 0.436530 0.046213
0.048508 0.041141 0.036443 0.041632 0.039402 0.036826 0.038415 0.044793 0.039834 0.105103 0.485497 0.042406
0.037148 0.064332 0.037195 0.041122 0.040967 0.039777 0.037272 0.042676 0.037152 0.116378 0.462567 0.043413
0.041732 0.039709 0.038716 0.042816 0.037311 0.037719 0.038090 0.038071 0.040206 0.116878 0.485428 0.043322
0.047624 0.050765 0.041628 0.049584 0.041621 0.042008 0.043308 0.044987 0.044340 0.113790 0.432716 0.047628
0.037184 0.042384 0.039993 0.038622 0.036744 0.036746 0.037625 0.036861 0.037325 0.141781 0.478004 0.036732
0.068951 0.048880 0.041866 0.044946 0.041791 0.044926 0.043239 0.042750 0.044068 0.095119 0.435695 0.047768
0.049185 0.055192 0.035285 0.042757 0.035268 0.035597 0.036846 0.038296 0.038090 0.118620 0.473668 0.041197
0.042362 0.063571 0.038479 0.040902 0.041452 0.038867 0.039163 0.051664 0.041884 0.113599 0.443587 0.044472
0.058640 0.056922 0.039285 0.045051 0.039276 0.039269 0.040237 0.039930 0.039272 0.103492 0.453094 0.045530
0.074484 0.060346 0.038019 0.045429 0.043629 0.038427 0.039708 0.039095 0.041118 0.126416 0.415233 0.038095
0.045125 0.074779 0.040141 0.046132 0.039402 0.039378 0.040772 0.040033 0.039906 0.095759 0.452932 0.045640
0.072173 0.057541 0.041242 0.048876 0.041233 0.041486 0.042721 0.042106 0.043670 0.102939 0.418837 0.047175
0.057500 0.052885 0.041104 0.047900 0.041090 0.041087 0.042462 0.042380 0.045577 0.089872 0.450794 0.047348
0.040993 0.093817 0.040096 0.042452 0.040086 0.041232 0.041042 0.046740 0.042987 0.111759 0.412690 0.046104
0.079779 0.046021 0.039894 0.043445 0.039309 0.039700 0.039795 0.039872 0.042598 0.102389 0.441881 0.045316
0.073629 0.039974 0.038919 0.046509 0.038911 0.039303 0.040719 0.040110 0.041677 0.105298 0.450035 0.044918
0.044183 0.058184 0.043814 0.045904 0.039872 0.040157 0.040895 0.040137 0.041784 0.132772 0.426462 0.045835
0.057038 0.043819 0.039834 0.046777 0.039825 0.039814 0.041168 0.040546 0.040353 0.085980 0.478772 0.046075
0.052677 0.056975 0.038547 0.046232 0.038539 0.038526 0.040439 0.039682 0.038530 0.101745 0.469581 0.038525
0.073853 0.048198 0.043033 0.045452 0.042926 0.046085 0.044009 0.044203 0.050094 0.107754 0.403602 0.050789
0.047950 0.046253 0.036121 0.038554 0.036100 0.036412 0.037141 0.036788 0.038801 0.116507 0.487349 0.042023
0.083541 0.060189 0.036882 0.042833 0.039792 0.036852 0.037922 0.036876 0.039868 0.093620 0.449168 0.042457
0.054159 0.040658 0.037767 0.044601 0.037766 0.038151 0.039412 0.038780 0.044463 0.095088 0.485388 0.043767
0.053775 0.053306 0.044541 0.051130 0.046802 0.044159 0.045126 0.044434 0.050337 0.133680 0.382920 0.049789
0.059047 0.042176 0.039098 0.042881 0.039095 0.039497 0.040723 0.040177 0.045927 0.117506 0.448773 0.045100
0.049587 0.071409 0.041897 0.045131 0.041158 0.045529 0.042869 0.047571 0.044427 0.101144 0.428010 0.041268
0.067081 0.044558 0.039120 0.041928 0.039108 0.039535 0.040348 0.039745 0.046495 0.126372 0.430594 0.045115
0.082239 0.042789 0.036799 0.044412 0.036790 0.037195 0.038426 0.038808 0.040216 0.083613 0.475915 0.042798
0.087981 0.038513 0.036028 0.041637 0.036017 0.036398 0.037153 0.037032 0.038634 0.095445 0.473133 0.042028
0.075363 0.044008 0.039816 0.048247 0.039809 0.040946 0.041601 0.040984 0.046647 0.118859 0.417901 0.045818
0.052847 0.044111 0.044183 0.045597 0.039505 0.039485 0.040336 0.039600 0.039488 0.108836 0.460267 0.045746
0.062622 0.044279 0.040240 0.044102 0.040233 0.040694 0.041888 0.041372 0.043513 0.128418 0.432290 0.040350
0.043095 0.043528 0.040466 0.044502 0.040459 0.040847 0.042024 0.046931 0.043191 0.141151 0.427341 0.046465
0.056033 0.040204 0.039879 0.043356 0.039874 0.040277 0.041389 0.046352 0.046707 0.129444 0.430605 0.045881
0.069845 0.039529 0.038115 0.044593 0.038103 0.038530 0.039570 0.039549 0.041555 0.107845 0.464550 0.038217
0.049869 0.037732 0.037465 0.045615 0.041237 0.038545 0.039374 0.038739 0.040153 0.127279 0.460567 0.043425
0.044935 0.039345 0.039170 0.046840 0.039163 0.039569 0.040875 0.040286 0.042055 0.129532 0.453056 0.045173
0.047840 0.053513 0.041096 0.045965 0.041084 0.041497 0.041857 0.047284 0.043982 0.113380 0.435404 0.047100
0.040611 0.041679 0.040445 0.047143 0.040436 0.041596 0.041729 0.045297 0.048288 0.143286 0.423043 0.046445
0.053167 0.038473 0.038067 0.045917 0.038060 0.038465 0.039617 0.040480 0.044895 0.111506 0.467284 0.044069
0.059457 0.039154 0.036616 0.039836 0.036613 0.036801 0.038049 0.037405 0.037827 0.121710 0.474029 0.042501
0.063219 0.039133 0.039047 0.046710 0.039038 0.043339 0.040758 0.040104 0.041929 0.130580 0.431093 0.045050
0.049410 0.042345 0.040813 0.049406 0.040805 0.041208 0.043028 0.044953 0.043694 0.110528 0.446998 0.046811
0.045801 0.040330 0.035744 0.040087 0.035110 0.035100 0.035411 0.040007 0.035355 0.117072 0.504890 0.035093
0.054475 0.041634 0.041341 0.047868 0.041235 0.043998 0.042649 0.041973 0.042093 0.115479 0.437930 0.049326
0.050148 0.037747 0.033430 0.040228 0.033412 0.033341 0.034787 0.034056 0.034127 0.133534 0.501860 0.033331
0.072315 0.044930 0.041114 0.043086 0.041031 0.044171 0.042185 0.041477 0.047991 0.099664 0.433173 0.048863
0.044088 0.042567 0.038193 0.045783 0.038176 0.040731 0.039649 0.038926 0.038112 0.134198 0.455212 0.044365
0.043804 0.038285 0.038301 0.045804 0.040684 0.038694 0.040144 0.039478 0.041184 0.153497 0.435827 0.044299
0.041036 0.043394 0.039364 0.043928 0.039357 0.039763 0.041141 0.049066 0.042250 0.113468 0.461866 0.045366
0.068866 0.043880 0.041445 0.046324 0.043807 0.045780 0.042901 0.042255 0.048279 0.131380 0.397633 0.047451
0.073797 0.045343 0.039600 0.046854 0.039587 0.039599 0.041185 0.040484 0.039600 0.111887 0.436227 0.045837
0.054261 0.048410 0.037339 0.045147 0.037332 0.037333 0.038950 0.042133 0.037913 0.112554 0.471308 0.037319
0.052064 0.043680 0.041795 0.048937 0.041711 0.044363 0.043461 0.042765 0.042566 0.116252 0.438858 0.043548
0.039563 0.039562 0.039774 0.047023 0.039642 0.039979 0.041309 0.040596 0.039945 0.159195 0.433868 0.039544
0.043164 0.044773 0.040956 0.040454 0.038713 0.041349 0.039623 0.044485 0.041516 0.112998 0.465327 0.046642
0.040051 0.040052 0.039939 0.045632 0.039934 0.040348 0.040717 0.040851 0.046775 0.128501 0.451247 0.045953
0.049511 0.044636 0.046073 0.050426 0.047059 0.044410 0.045500 0.044440 0.050846 0.139234 0.387849 0.050015
0.052638 0.050262 0.045427 0.049320 0.048062 0.045484 0.047151 0.049194 0.045834 0.140242 0.380958 0.045428
0.056317 0.043761 0.042581 0.050265 0.042573 0.042560 0.044467 0.043747 0.042564 0.119651 0.422693 0.048821
0.045241 0.046147 0.042644 0.045913 0.044866 0.042242 0.043623 0.052283 0.044284 0.141805 0.403104 0.047848
0.060829 0.041956 0.041444 0.047241 0.041437 0.041830 0.042828 0.048355 0.044992 0.102861 0.438780 0.047447
0.058862 0.046452 0.042654 0.050289 0.045609 0.044356 0.044323 0.043833 0.045534 0.156621 0.372850 0.048616
0.057050 0.041380 0.040916 0.048293 0.040909 0.041370 0.042489 0.041934 0.044189 0.124551 0.435893 0.041026
0.046071 0.040443 0.043978 0.046154 0.040456 0.040471 0.041373 0.040563 0.042119 0.115153 0.462786 0.040433
0.044781 0.045766 0.048594 0.050694 0.044651 0.047607 0.045672 0.044941 0.046940 0.135069 0.398281 0.047005
0.042057 0.044531 0.043525 0.045549 0.040992 0.040986 0.041616 0.041448 0.040990 0.120388 0.450671 0.047248
0.052230 0.045105 0.043477 0.046713 0.043486 0.044610 0.045005 0.047922 0.046368 0.114085 0.421516 0.049483
0.068763 0.045348 0.042279 0.044665 0.042267 0.042680 0.043499 0.043551 0.045166 0.126931 0.406568 0.048284
0.059067 0.047477 0.042079 0.046056 0.045850 0.043176 0.043796 0.048759 0.044930 0.104417 0.426349 0.048042
0.053759 0.042497 0.042544 0.048217 0.045809 0.042495 0.043435 0.042623 0.042498 0.148318 0.399047 0.048757
0.057493 0.039821 0.039742 0.047919 0.039735 0.040114 0.041413 0.040776 0.042396 0.119739 0.445112 0.045739
0.058939 0.045982 0.043125 0.049677 0.042482 0.042528 0.044146 0.043499 0.043058 0.130433 0.413680 0.042451
0.056507 0.046415 0.046282 0.049554 0.046173 0.048201 0.047772 0.052673 0.051000 0.148223 0.353508 0.053691
0.041120 0.043627 0.039486 0.047109 0.039468 0.043733 0.041137 0.046038 0.042303 0.123011 0.447556 0.045413
0.058889 0.036931 0.036913 0.042372 0.036928 0.036890 0.037954 0.037082 0.036897 0.125308 0.476945 0.036890
0.050247 0.039203 0.039109 0.045398 0.039000 0.042064 0.040055 0.043556 0.039353 0.121367 0.459585 0.041064
0.048253 0.051024 0.043197 0.049344 0.045474 0.045656 0.044226 0.043378 0.045384 0.128808 0.404615 0.050641
0.065076 0.040386 0.040198 0.044628 0.040209 0.040487 0.042399 0.041479 0.042988 0.100696 0.455366 0.046088
0.066779 0.059170 0.045062 0.046102 0.044329 0.048233 0.045128 0.050181 0.044313 0.109772 0.390352 0.050579
0.041854 0.043221 0.041734 0.043965 0.045049 0.041749 0.042744 0.047968 0.042000 0.131933 0.436079 0.041703
0.058505 0.050635 0.045942 0.054452 0.048897 0.051586 0.047687 0.053275 0.048866 0.117494 0.368963 0.053697
0.053349 0.037094 0.036888 0.043615 0.036871 0.036811 0.038218 0.037485 0.037396 0.139414 0.466065 0.036794
0.065874 0.052109 0.048418 0.056011 0.047743 0.050622 0.049745 0.053613 0.050493 0.115706 0.354098 0.055568
0.043707 0.051421 0.040230 0.046527 0.040202 0.040546 0.041304 0.045966 0.043036 0.113939 0.447001 0.046123
0.051741 0.062010 0.046748 0.052503 0.049483 0.047159 0.047612 0.047617 0.053588 0.107760 0.381016 0.052763
0.067129 0.046363 0.043321 0.049486 0.042743 0.043143 0.044061 0.043694 0.045629 0.119772 0.405912 0.048747
0.056291 0.045391 0.040424 0.042799 0.043422 0.040876 0.041444 0.045037 0.043695 0.125488 0.434602 0.040532
0.039502 0.046063 0.043415 0.045179 0.039466 0.039621 0.040370 0.039644 0.040310 0.098501 0.482646 0.045283
0.052146 0.046854 0.041470 0.048781 0.044434 0.041643 0.042809 0.042169 0.042781 0.133691 0.415885 0.047337
0.058523 0.046452 0.043039 0.045938 0.043015 0.043466 0.044532 0.045751 0.046443 0.098489 0.435324 0.049030
0.045434 0.069101 0.043492 0.046332 0.043482 0.044630 0.044689 0.055184 0.052349 0.098504 0.407307 0.049497
0.051997 0.044725 0.033662 0.031448 0.035305 0.031059 0.031218 0.031079 0.031837 0.088859 0.557760 0.031052
0.039521 0.051208 0.039215 0.046521 0.042951 0.041815 0.040824 0.040109 0.039652 0.103467 0.473807 0.040909
0.046520 0.058209 0.044752 0.047017 0.041934 0.044581 0.042895 0.042076 0.042752 0.120841 0.419141 0.049280
0.086120 0.052009 0.039504 0.042496 0.039503 0.039515 0.040988 0.040421 0.040095 0.082502 0.451653 0.045194
0.052963 0.053627 0.040109 0.048181 0.040124 0.040487 0.041967 0.041241 0.042864 0.096100 0.456232 0.046105
0.065360 0.043251 0.039476 0.043261 0.045639 0.039825 0.041098 0.051614 0.042205 0.098416 0.444415 0.045440
0.065627 0.059253 0.039751 0.043102 0.042117 0.040150 0.040281 0.040377 0.043170 0.105396 0.435022 0.045754
0.080839 0.044188 0.037329 0.043421 0.041101 0.037676 0.038338 0.037601 0.040563 0.106693 0.448958 0.043293
0.045450 0.049318 0.038997 0.046100 0.038984 0.039020 0.040624 0.039936 0.040116 0.106813 0.475672 0.038971
0.065372 0.056272 0.044277 0.051615 0.044224 0.044662 0.045631 0.044999 0.046246 0.107303 0.399210 0.050189
0.079217 0.053430 0.039630 0.043742 0.039608 0.039831 0.041351 0.040829 0.045665 0.090201 0.441004 0.045491
0.047735 0.069224 0.039971 0.042192 0.039971 0.044325 0.040863 0.041068 0.047604 0.093105 0.447946 0.045997
0.063857 0.052227 0.041706 0.039577 0.038053 0.038456 0.038714 0.038326 0.044886 0.093143 0.466993 0.044060
0.047756 0.049933 0.042918 0.046372 0.043833 0.040362 0.041267 0.042645 0.041463 0.113994 0.449122 0.040336
0.054298 0.052271 0.047668 0.055965 0.047658 0.048004 0.049639 0.049053 0.054518 0.116843 0.370431 0.053652
0.075075 0.049527 0.038655 0.041850 0.038649 0.038636 0.040113 0.039454 0.038640 0.113119 0.447648 0.038635
0.054692 0.046873 0.041921 0.043533 0.041917 0.044248 0.042597 0.045938 0.042443 0.112645 0.439254 0.043939
0.054072 0.050557 0.038597 0.045248 0.041941 0.041364 0.039653 0.044290 0.038985 0.105016 0.459738 0.040540
0.066654 0.064695 0.040575 0.042747 0.043490 0.043078 0.041740 0.041074 0.045476 0.103231 0.425072 0.042168
0.065166 0.044686 0.043097 0.049396 0.043010 0.045659 0.044797 0.043968 0.048468 0.114440 0.412574 0.044740
0.068810 0.048211 0.048237 0.048647 0.043130 0.043439 0.044228 0.043327 0.043989 0.141393 0.383560 0.043028
0.056459 0.050116 0.045525 0.052720 0.048764 0.048045 0.047007 0.046214 0.045667 0.107365 0.404986 0.047133
0.072067 0.055374 0.051127 0.057092 0.053390 0.054106 0.052093 0.052253 0.054172 0.128480 0.311050 0.058797
0.061419 0.049734 0.049598 0.053379 0.051957 0.049930 0.051444 0.050644 0.056326 0.139553 0.330538 0.055478
0.055085 0.053351 0.049265 0.053638 0.052730 0.049689 0.051387 0.056006 0.052138 0.124311 0.347161 0.055240
0.055111 0.046478 0.047905 0.049290 0.050935 0.043594 0.044507 0.043694 0.043845 0.149677 0.381400 0.043564
0.051202 0.050362 0.049235 0.055689 0.052135 0.051876 0.050512 0.049739 0.053432 0.117204 0.367652 0.050961
0.055923 0.053093 0.052257 0.052949 0.046621 0.049361 0.047775 0.046920 0.049715 0.139183 0.351795 0.054408
0.058384 0.054575 0.042649 0.044549 0.042641 0.042979 0.043641 0.042908 0.049277 0.097981 0.431863 0.048553
0.047820 0.074852 0.047027 0.045494 0.044748 0.045148 0.045079 0.044972 0.047402 0.101011 0.405692 0.050754
0.046629 0.048936 0.046693 0.045358 0.046982 0.044606 0.044991 0.048275 0.044609 0.134172 0.397881 0.050868
0.045526 0.060017 0.050553 0.047423 0.047907 0.045526 0.046421 0.051917 0.045529 0.106144 0.401249 0.051787
0.048141 0.042561 0.046516 0.044445 0.042573 0.042598 0.043451 0.046962 0.044244 0.147133 0.408816 0.042560
0.056935 0.051649 0.049359 0.047507 0.049608 0.048339 0.046326 0.045798 0.047613 0.104802 0.404345 0.047719
0.045010 0.056723 0.042375 0.046468 0.045330 0.042752 0.044120 0.043458 0.045760 0.117127 0.422544 0.048333
0.046035 0.054786 0.041827 0.044564 0.044806 0.042206 0.043046 0.049080 0.044691 0.099772 0.441376 0.047811
0.052189 0.047069 0.040518 0.042856 0.044784 0.040879 0.041659 0.047300 0.043364 0.117119 0.435782 0.046482
0.056364 0.045142 0.038928 0.042483 0.040590 0.037483 0.037701 0.036890 0.038093 0.116042 0.473525 0.036759
0.045005 0.065571 0.048313 0.050926 0.048752 0.047812 0.046029 0.045234 0.046704 0.107231 0.395807 0.052616
0.069509 0.050060 0.042047 0.049126 0.042029 0.041954 0.043284 0.042580 0.045908 0.097353 0.434200 0.041950
0.071392 0.056197 0.045541 0.048936 0.045453 0.048468 0.047329 0.047689 0.046521 0.097895 0.397089 0.047490
0.052931 0.075815 0.041772 0.043840 0.041649 0.043835 0.042579 0.050446 0.044799 0.094649 0.418950 0.048735
0.068922 0.048688 0.038628 0.040226 0.044327 0.038933 0.039279 0.039259 0.041424 0.113327 0.442450 0.044535
0.067626 0.060592 0.038321 0.045390 0.040928 0.038276 0.039766 0.039075 0.040565 0.098575 0.446983 0.043902
0.042487 0.053967 0.043093 0.048036 0.045688 0.042330 0.043263 0.042457 0.042333 0.120041 0.433978 0.042328
0.056331 0.051045 0.046385 0.052740 0.048708 0.048931 0.047351 0.046496 0.047043 0.100184 0.406402 0.048384
0.058741 0.065860 0.049142 0.058382 0.049054 0.052186 0.051210 0.050512 0.056028 0.103375 0.348463 0.057046
0.047102 0.047130 0.041313 0.043124 0.041288 0.041690 0.041994 0.047693 0.044136 0.131284 0.426008 0.047239
0.073782 0.049546 0.044294 0.046143 0.044290 0.044706 0.045090 0.045138 0.047057 0.106278 0.403374 0.050302
0.083323 0.054209 0.044683 0.048734 0.046030 0.046926 0.043629 0.042898 0.049445 0.121600 0.375844 0.042678
0.044620 0.054204 0.043865 0.051189 0.046226 0.043949 0.045478 0.044802 0.048899 0.111618 0.421277 0.043874
0.086969 0.058070 0.043816 0.049627 0.043807 0.044181 0.044517 0.047531 0.046407 0.087729 0.397534 0.049812
0.058236 0.063895 0.045048 0.044031 0.042920 0.043324 0.043612 0.044651 0.049238 0.124995 0.391130 0.048920
0.055967 0.079155 0.045143 0.047512 0.045119 0.046286 0.046333 0.046390 0.047854 0.098672 0.390438 0.051131
0.089452 0.048651 0.042363 0.044324 0.045790 0.043466 0.043190 0.046575 0.046315 0.110210 0.391330 0.048333
0.076976 0.045406 0.039158 0.042797 0.039152 0.039557 0.040738 0.044438 0.042043 0.101150 0.443425 0.045161
0.073736 0.041108 0.037358 0.043021 0.041599 0.037300 0.038239 0.037428 0.037304 0.105049 0.470559 0.037299
0.044244 0.043814 0.039554 0.046151 0.042521 0.039857 0.040543 0.039806 0.041830 0.124706 0.451462 0.045512
0.051565 0.051194 0.046128 0.054606 0.046121 0.046396 0.047940 0.047376 0.047947 0.104074 0.404566 0.052088
0.049420 0.043981 0.042116 0.043990 0.042104 0.042099 0.043132 0.049392 0.042625 0.131656 0.421127 0.048360
0.081427 0.045550 0.038897 0.040855 0.038889 0.040013 0.039756 0.042439 0.042853 0.087045 0.457377 0.044899
0.073058 0.055240 0.036268 0.041975 0.040538 0.036206 0.037183 0.036343 0.036735 0.084384 0.485866 0.036204
0.061419 0.040272 0.039444 0.045543 0.042433 0.039798 0.040461 0.039723 0.046320 0.117687 0.441484 0.045416
0.054140 0.048343 0.042801 0.050126 0.042794 0.043161 0.044383 0.043733 0.045355 0.099604 0.436763 0.048796
0.052958 0.051503 0.037661 0.040401 0.037650 0.038044 0.039041 0.039099 0.040386 0.120841 0.458754 0.043662
0.051384 0.054488 0.039428 0.042844 0.039419 0.043151 0.040903 0.045972 0.043199 0.106667 0.447115 0.045429
0.040104 0.043222 0.039700 0.043138 0.039698 0.044043 0.041194 0.046110 0.046542 0.133350 0.437193 0.045707
0.061050 0.041554 0.040906 0.048605 0.040899 0.041286 0.042557 0.043045 0.043626 0.137321 0.412247 0.046905
0.067345 0.039539 0.039557 0.045829 0.039550 0.039539 0.040476 0.043987 0.039543 0.120347 0.444750 0.039538
0.064276 0.044604 0.042351 0.048806 0.041649 0.042394 0.043345 0.042671 0.044603 0.111471 0.432093 0.041737
0.042008 0.036466 0.036411 0.044073 0.036390 0.036293 0.038098 0.037527 0.036882 0.113578 0.506001 0.036274
0.055060 0.043036 0.043040 0.044653 0.043037 0.044493 0.043717 0.043832 0.046982 0.107754 0.433819 0.050575
0.040699 0.041629 0.040990 0.045221 0.040242 0.044637 0.041591 0.046660 0.047468 0.145761 0.424744 0.040359
0.067436 0.042642 0.042437 0.048896 0.045910 0.043541 0.043598 0.042787 0.049040 0.123841 0.401443 0.048429
0.052522 0.052971 0.043137 0.049373 0.042528 0.042758 0.043918 0.043230 0.045261 0.151539 0.390186 0.042577
0.077874 0.043599 0.040773 0.046467 0.040765 0.041028 0.042165 0.042136 0.042478 0.125218 0.410780 0.046715
0.057083 0.045308 0.043212 0.047266 0.043203 0.044329 0.044972 0.044332 0.045986 0.161484 0.373619 0.049207
0.047868 0.064556 0.044956 0.050774 0.044946 0.048880 0.046050 0.051532 0.048895 0.132832 0.373765 0.044946
0.068422 0.046874 0.045183 0.051277 0.045163 0.045936 0.046261 0.045971 0.045192 0.140563 0.367741 0.051417
0.058219 0.048911 0.039327 0.046649 0.039320 0.039725 0.040821 0.041148 0.042211 0.146027 0.412314 0.045329
0.053165 0.041383 0.036941 0.041638 0.036929 0.036939 0.037670 0.037477 0.037519 0.114926 0.488488 0.036924
0.059184 0.046876 0.043501 0.049113 0.043418 0.047038 0.044399 0.043616 0.043673 0.126310 0.407383 0.045489
0.050015 0.063235 0.044282 0.048315 0.041800 0.042511 0.043061 0.042184 0.044964 0.117820 0.414075 0.047738
0.043194 0.070314 0.040924 0.042986 0.040916 0.041221 0.041786 0.041706 0.043715 0.110661 0.435758 0.046820
0.066823 0.064734 0.045692 0.045550 0.045119 0.045528 0.045238 0.045316 0.048010 0.128644 0.368213 0.051133
0.054181 0.067796 0.042408 0.046024 0.049046 0.045393 0.043954 0.047633 0.045251 0.119805 0.390136 0.048372
0.047633 0.068217 0.041901 0.047592 0.045353 0.041916 0.042816 0.042008 0.043564 0.119127 0.417995 0.041879
0.080161 0.067149 0.045615 0.049195 0.045572 0.045762 0.046954 0.051206 0.046048 0.122672 0.348395 0.051271
0.063745 0.063819 0.043357 0.051510 0.043327 0.046283 0.044936 0.044329 0.046023 0.116651 0.386787 0.049230
0.047321 0.069131 0.046039 0.046478 0.046039 0.046456 0.046166 0.051759 0.048968 0.125353 0.374227 0.052061
0.073306 0.058709 0.043303 0.044091 0.042692 0.045706 0.043233 0.043450 0.045412 0.102816 0.408584 0.048700
0.077738 0.053256 0.042726 0.050066 0.045797 0.042736 0.044067 0.043445 0.045222 0.107323 0.399285 0.048339
0.058028 0.063922 0.040543 0.043017 0.040536 0.040559 0.041426 0.044769 0.040712 0.112579 0.427743 0.046164
0.073888 0.049914 0.042091 0.047694 0.042084 0.044989 0.042929 0.042322 0.043903 0.072843 0.449293 0.048050
0.050289 0.079678 0.045668 0.053153 0.045660 0.045650 0.047097 0.046522 0.045653 0.107452 0.381266 0.051912
0.053117 0.083790 0.043292 0.045601 0.043284 0.043699 0.044016 0.055297 0.046183 0.098676 0.393742 0.049303
0.079224 0.054830 0.043139 0.045613 0.043128 0.043536 0.044217 0.044002 0.046023 0.087160 0.419988 0.049140
0.060528 0.075999 0.038816 0.045399 0.041785 0.038766 0.040398 0.039576 0.038770 0.092861 0.448336 0.038765
0.043773 0.058730 0.038838 0.044838 0.043109 0.039100 0.039818 0.039067 0.040876 0.121828 0.445252 0.044771
0.052908 0.055794 0.042487 0.049993 0.042481 0.042468 0.043946 0.043229 0.042995 0.098422 0.436549 0.048729
0.062794 0.062991 0.044554 0.050846 0.044548 0.044864 0.046119 0.046179 0.047185 0.103730 0.395655 0.050535
0.053288 0.045580 0.042725 0.045719 0.042714 0.043843 0.044025 0.049202 0.045467 0.130672 0.408040 0.048722
0.082296 0.045683 0.037116 0.039816 0.037109 0.037515 0.038300 0.037739 0.040006 0.092724 0.468578 0.043118
0.076216 0.058708 0.038547 0.045912 0.042817 0.038901 0.040122 0.039405 0.041387 0.104184 0.429297 0.044505
0.064251 0.049503 0.038600 0.045646 0.038593 0.038998 0.040054 0.039384 0.041996 0.112889 0.445484 0.044602
0.083392 0.045671 0.039923 0.046919 0.039922 0.040322 0.041630 0.041019 0.042808 0.091592 0.440875 0.045926
0.061610 0.058150 0.038926 0.046770 0.038919 0.039309 0.040698 0.040133 0.041674 0.111816 0.437068 0.044926
0.044242 0.063357 0.038230 0.041656 0.037624 0.038002 0.039355 0.043053 0.040379 0.094833 0.475651 0.043618
0.045494 0.048878 0.040410 0.044311 0.040403 0.040808 0.042102 0.041533 0.043818 0.125644 0.440188 0.046412
0.061016 0.037624 0.037534 0.043401 0.037533 0.037932 0.038580 0.037848 0.040418 0.100687 0.483891 0.043536
0.059044 0.039076 0.038492 0.044974 0.037961 0.038288 0.039412 0.038737 0.040235 0.118837 0.461002 0.043943
0.070430 0.045392 0.037057 0.044493 0.037049 0.037049 0.038739 0.037943 0.041573 0.099781 0.473459 0.037034
0.064226 0.046236 0.042738 0.046782 0.042004 0.042780 0.044138 0.043452 0.049695 0.096605 0.433345 0.048001
0.043757 0.063663 0.033530 0.036843 0.033513 0.036068 0.034364 0.034447 0.033700 0.101487 0.515195 0.033433
0.041181 0.041160 0.041001 0.046637 0.040904 0.044079 0.041778 0.047403 0.044136 0.135485 0.427466 0.048770
0.053786 0.049513 0.038039 0.045983 0.038021 0.038422 0.039496 0.042923 0.041248 0.132252 0.442242 0.038074
0.071098 0.041717 0.040345 0.047556 0.043002 0.040677 0.042097 0.041393 0.046642 0.135053 0.404092 0.046327
0.048461 0.044521 0.040349 0.047680 0.040341 0.040713 0.041923 0.041352 0.042948 0.143271 0.422099 0.046343
0.045475 0.047171 0.041339 0.048134 0.043694 0.041737 0.042911 0.048164 0.044223 0.145835 0.403976 0.047341
0.045364 0.066351 0.042226 0.048579 0.042217 0.043367 0.043312 0.048871 0.045135 0.131841 0.394503 0.048233
0.058526 0.047643 0.041645 0.047682 0.041634 0.042027 0.042613 0.042622 0.048839 0.133471 0.405652 0.047646
0.053784 0.057790 0.037526 0.044594 0.037513 0.037549 0.039030 0.038317 0.038647 0.103770 0.473980 0.037500
0.041738 0.083997 0.041415 0.047939 0.041307 0.044423 0.042713 0.041945 0.041990 0.122311 0.401157 0.049065
0.061929 0.044433 0.038517 0.041381 0.035815 0.035749 0.036383 0.035811 0.036857 0.096824 0.500582 0.035720
0.048003 0.048683 0.045009 0.052734 0.044940 0.045637 0.046927 0.046191 0.052563 0.120229 0.398166 0.050919
0.037615 0.093231 0.038746 0.037713 0.037188 0.037502 0.037313 0.042265 0.039995 0.109464 0.445868 0.043101
0.072297 0.048832 0.040826 0.041465 0.043841 0.040837 0.041114 0.041160 0.041413 0.080882 0.466510 0.040824
0.079082 0.059301 0.043938 0.049451 0.043835 0.047309 0.045017 0.044270 0.047080 0.105564 0.383236 0.051915
0.064043 0.052100 0.041736 0.045469 0.048447 0.041725 0.043332 0.043386 0.042330 0.133102 0.402702 0.041629
0.057768 0.069712 0.043025 0.049729 0.043025 0.043040 0.044350 0.043565 0.043004 0.101867 0.411665 0.049250
0.062741 0.058310 0.041990 0.045546 0.044956 0.042347 0.043506 0.043021 0.044718 0.138978 0.385924 0.047962
0.051503 0.082813 0.043583 0.046167 0.046304 0.046610 0.044867 0.050452 0.046466 0.107812 0.383837 0.049588
0.071306 0.051829 0.043872 0.046869 0.043865 0.045005 0.045191 0.044546 0.051577 0.125645 0.380429 0.049867
0.071214 0.038531 0.038549 0.045065 0.038544 0.038947 0.039598 0.041251 0.041957 0.115357 0.446435 0.044551
0.050206 0.067515 0.041381 0.048363 0.041365 0.041708 0.042802 0.042188 0.043927 0.103204 0.435900 0.041440
0.084358 0.045757 0.047978 0.048912 0.042961 0.043323 0.043952 0.043257 0.045476 0.084123 0.420944 0.048960
0.058220 0.058521 0.043522 0.047408 0.043515 0.043953 0.045195 0.046002 0.050543 0.095371 0.424125 0.043625
0.040410 0.090451 0.039811 0.041586 0.039800 0.039797 0.040733 0.046271 0.039802 0.093638 0.441642 0.046059
0.065565 0.059444 0.038795 0.039246 0.042620 0.039567 0.039005 0.038784 0.038747 0.100431 0.452792 0.045003
0.040602 0.063570 0.038029 0.043745 0.038018 0.038039 0.039299 0.039195 0.039664 0.092335 0.489491 0.038013
0.058592 0.052268 0.043281 0.048990 0.047446 0.046961 0.044201 0.043368 0.044082 0.125955 0.399666 0.045191
0.071086 0.065852 0.040562 0.044440 0.040450 0.043083 0.042242 0.041638 0.040682 0.106779 0.414724 0.048462
0.037731 0.053531 0.038369 0.044550 0.037749 0.037643 0.039542 0.038961 0.039280 0.092842 0.502188 0.037614
0.045795 0.078393 0.040610 0.043035 0.044055 0.042901 0.041848 0.041384 0.041153 0.129223 0.409025 0.042579
0.087819 0.046883 0.044581 0.050849 0.047462 0.051914 0.045721 0.045216 0.051681 0.105039 0.370296 0.052540
0.077418 0.059505 0.039826 0.046582 0.042836 0.039731 0.041408 0.040593 0.043941 0.113617 0.414820 0.039722
0.071719 0.067865 0.044988 0.050559 0.044908 0.047614 0.046053 0.047710 0.049146 0.114813 0.361646 0.052980
0.075180 0.047917 0.044363 0.052459 0.044331 0.044725 0.045958 0.045377 0.047173 0.127317 0.374929 0.050272
0.048499 0.051184 0.042897 0.048804 0.045268 0.042908 0.043854 0.043033 0.043134 0.155303 0.392253 0.042863
0.049863 0.073398 0.043653 0.046991 0.043549 0.046320 0.045164 0.049529 0.044995 0.113288 0.397870 0.045380
0.045808 0.049436 0.045851 0.048416 0.047583 0.050140 0.046634 0.050122 0.045672 0.145996 0.370930 0.053412
0.044890 0.045889 0.041492 0.042529 0.040921 0.040949 0.041892 0.041055 0.046537 0.137797 0.435176 0.040873
0.052213 0.054025 0.049858 0.052845 0.047160 0.050328 0.048648 0.048374 0.048441 0.113885 0.381263 0.052958
0.074662 0.050583 0.045933 0.052903 0.048275 0.046182 0.047288 0.046724 0.048293 0.116594 0.370768 0.051796
0.069389 0.054795 0.051288 0.046294 0.045654 0.045646 0.045645 0.050567 0.049590 0.102528 0.386696 0.051908
0.061053 0.068560 0.042895 0.043567 0.042887 0.043300 0.043140 0.043122 0.045786 0.088869 0.427918 0.048904
0.051372 0.055730 0.045917 0.050498 0.053143 0.046282 0.047080 0.046746 0.049176 0.119533 0.382649 0.051874
0.063666 0.051539 0.048488 0.047514 0.049006 0.045646 0.046200 0.051649 0.048089 0.142424 0.354583 0.051197
0.046788 0.055046 0.046592 0.049966 0.046584 0.046573 0.048120 0.051741 0.046580 0.109909 0.399265 0.052834
0.065730 0.051003 0.044000 0.049988 0.043258 0.043238 0.044619 0.044038 0.043242 0.114056 0.407327 0.049500
0.059165 0.054894 0.041999 0.042172 0.042915 0.040319 0.040901 0.040433 0.042805 0.135363 0.413112 0.045922
0.045616 0.070594 0.046036 0.047673 0.043103 0.043572 0.043421 0.043352 0.046389 0.095492 0.431524 0.043228
0.061529 0.046050 0.040077 0.045666 0.043041 0.040450 0.040859 0.040679 0.046880 0.138641 0.410074 0.046054
0.068560 0.039696 0.039559 0.041057 0.039174 0.039158 0.040054 0.043559 0.039161 0.114002 0.450600 0.045419
0.044736 0.047365 0.039629 0.042132 0.039617 0.039638 0.041054 0.041405 0.040737 0.114606 0.469468 0.039613
0.075758 0.064534 0.044406 0.050914 0.047368 0.045087 0.045662 0.045057 0.044365 0.134821 0.351412 0.050616
0.059060 0.069084 0.038628 0.042753 0.038620 0.039006 0.040418 0.039718 0.041355 0.111276 0.435457 0.044624
0.045241 0.088694 0.042960 0.043978 0.042230 0.042621 0.042917 0.048140 0.044987 0.114138 0.395855 0.048239
0.079100 0.068996 0.041249 0.043304 0.045521 0.041611 0.041753 0.041788 0.048040 0.113685 0.387739 0.047214
0.073745 0.071054 0.041204 0.048628 0.041198 0.041602 0.042810 0.042168 0.044087 0.116178 0.390121 0.047205
0.060741 0.075593 0.043473 0.051080 0.043466 0.043757 0.045177 0.044538 0.045927 0.105222 0.391589 0.049436
0.077236 0.071935 0.041867 0.047892 0.041126 0.041202 0.042497 0.041872 0.041653 0.089972 0.415881 0.046866
0.059743 0.067224 0.041854 0.048858 0.041220 0.041616 0.042910 0.042326 0.044133 0.090958 0.431938 0.047219
0.044911 0.096059 0.040970 0.041455 0.040960 0.041360 0.041120 0.046124 0.043735 0.102550 0.413782 0.046975
0.063980 0.045519 0.038278 0.039618 0.038268 0.038679 0.038817 0.038859 0.041698 0.102838 0.469165 0.044282
0.067519 0.042349 0.036244 0.043329 0.036242 0.036626 0.037987 0.037374 0.039510 0.092304 0.488273 0.042243
0.044548 0.066163 0.041049 0.038351 0.036257 0.036446 0.037195 0.036468 0.037523 0.102285 0.481566 0.042148
0.062617 0.045650 0.041806 0.049149 0.041796 0.046032 0.043411 0.042797 0.043922 0.083067 0.451968 0.047784
0.052111 0.062725 0.042657 0.049671 0.041920 0.042275 0.043774 0.043249 0.045280 0.097948 0.430485 0.047905
0.047597 0.060352 0.037996 0.040348 0.037984 0.038383 0.038733 0.042177 0.040751 0.113032 0.458649 0.043999
0.076086 0.047417 0.038338 0.040584 0.038331 0.038319 0.039389 0.038834 0.038324 0.093003 0.466794 0.044581
0.074014 0.061833 0.036553 0.044103 0.036546 0.036951 0.038217 0.037640 0.040261 0.099829 0.451498 0.042555
0.044927 0.047292 0.039722 0.046554 0.039721 0.040121 0.041369 0.040739 0.046551 0.103957 0.463321 0.045725
0.061647 0.064476 0.042056 0.049642 0.042050 0.042408 0.043743 0.043119 0.044468 0.116879 0.407373 0.042138
0.044905 0.045934 0.037386 0.044944 0.037379 0.037369 0.038897 0.038281 0.037896 0.116295 0.483346 0.037367
0.045829 0.071764 0.040666 0.043504 0.040570 0.043664 0.041894 0.047182 0.043754 0.110424 0.422316 0.048434
0.065024 0.045561 0.039621 0.041086 0.039595 0.039501 0.040435 0.040395 0.043457 0.116767 0.442800 0.045758
0.072176 0.046809 0.042309 0.049302 0.042327 0.042998 0.044096 0.043127 0.047306 0.110743 0.410262 0.048543
0.083628 0.047522 0.037958 0.045187 0.037951 0.038355 0.039493 0.038839 0.040735 0.104211 0.448067 0.038053
0.056663 0.050629 0.040509 0.047749 0.043843 0.040512 0.042212 0.041544 0.041612 0.087508 0.466730 0.040487
0.048455 0.043847 0.043728 0.051512 0.043618 0.046693 0.045311 0.044587 0.048442 0.138629 0.393237 0.051942
0.042139 0.063763 0.036170 0.038891 0.036144 0.036477 0.037483 0.043063 0.039505 0.098948 0.485339 0.042077
0.045655 0.039355 0.038974 0.045680 0.038987 0.039711 0.040942 0.044960 0.038953 0.111697 0.476153 0.038934
0.051092 0.046298 0.046419 0.052965 0.045744 0.048883 0.047337 0.046652 0.052891 0.151073 0.357056 0.053590
0.083422 0.040867 0.038947 0.044845 0.041937 0.039165 0.040148 0.039458 0.041573 0.104611 0.440204 0.044822
0.092209 0.038906 0.037676 0.043409 0.037693 0.037662 0.038894 0.037866 0.038780 0.103367 0.455890 0.037649
0.049000 0.046556 0.048093 0.049525 0.043815 0.046543 0.044972 0.044145 0.050644 0.095240 0.429628 0.051838
0.053538 0.072356 0.043926 0.045914 0.046905 0.043944 0.044746 0.044653 0.044427 0.119128 0.390314 0.050152
0.043231 0.043998 0.042904 0.045667 0.042915 0.042888 0.044314 0.049369 0.042893 0.124565 0.428104 0.049151
0.049139 0.053355 0.045213 0.048833 0.044634 0.048969 0.046452 0.052158 0.051468 0.109464 0.399675 0.050640
0.044434 0.041681 0.041008 0.046387 0.040421 0.040703 0.041415 0.040667 0.042194 0.148395 0.426330 0.046365
0.059275 0.039672 0.039726 0.045220 0.043918 0.039667 0.040501 0.040891 0.039671 0.123953 0.441578 0.045928
0.044400 0.047578 0.042251 0.050848 0.042243 0.042646 0.044352 0.043632 0.049077 0.107923 0.436800 0.048250
0.046192 0.072256 0.044815 0.046545 0.044175 0.044618 0.045132 0.045333 0.051039 0.112149 0.397563 0.050184
0.047062 0.044113 0.042631 0.040640 0.040026 0.043051 0.040249 0.044198 0.042790 0.133649 0.435549 0.046043
0.037609 0.050609 0.036667 0.043959 0.036660 0.036654 0.038279 0.037580 0.036912 0.108429 0.499994 0.036648
0.052843 0.059520 0.039313 0.046481 0.042999 0.041874 0.040697 0.042490 0.042655 0.106511 0.443594 0.041021
0.081861 0.052382 0.045223 0.042913 0.041264 0.043793 0.041964 0.041443 0.046887 0.090148 0.428845 0.043277
0.044654 0.047770 0.040454 0.048100 0.040465 0.040837 0.042388 0.041623 0.043328 0.105969 0.457969 0.046442
0.052938 0.071188 0.041093 0.043109 0.044881 0.041468 0.041961 0.047455 0.047896 0.120136 0.400802 0.047073
0.087090 0.047481 0.043547 0.044223 0.045719 0.042949 0.043767 0.048699 0.042951 0.110394 0.393970 0.049210
0.070842 0.053179 0.041159 0.048533 0.040772 0.041827 0.042531 0.041907 0.044196 0.104771 0.423523 0.046760
0.052090 0.050345 0.036485 0.042845 0.036479 0.036480 0.037706 0.036946 0.037060 0.128451 0.468648 0.036466
0.075927 0.058845 0.046521 0.053476 0.046481 0.049262 0.047710 0.047297 0.048028 0.088066 0.383927 0.054460
0.054533 0.067578 0.045570 0.052775 0.044802 0.044767 0.046658 0.045902 0.044734 0.130903 0.377070 0.044709
0.044780 0.093665 0.039029 0.040819 0.039028 0.039052 0.039802 0.045435 0.040151 0.082935 0.456276 0.039028
0.084229 0.065099 0.044283 0.045342 0.044268 0.047012 0.044677 0.044800 0.047169 0.103293 0.377524 0.052306
0.074311 0.067328 0.040434 0.042293 0.038781 0.037519 0.038053 0.037916 0.039520 0.132346 0.408330 0.043170
0.043557 0.056418 0.049113 0.048809 0.043571 0.044256 0.044873 0.043754 0.043529 0.111952 0.420387 0.049780
0.075550 0.059471 0.042182 0.047167 0.042175 0.042167 0.042790 0.042253 0.042169 0.102646 0.419264 0.042165
0.066335 0.074636 0.049246 0.052229 0.049188 0.052252 0.050531 0.051579 0.051955 0.123971 0.326721 0.051356
0.052430 0.059009 0.042199 0.044364 0.042173 0.042505 0.043003 0.051507 0.044999 0.102251 0.427454 0.048105
0.078351 0.055932 0.037451 0.038377 0.040956 0.037416 0.037946 0.037733 0.038600 0.091275 0.468554 0.037410
0.076136 0.051019 0.043250 0.048465 0.042796 0.049492 0.044295 0.044200 0.047056 0.097543 0.411114 0.044634
0.059183 0.073054 0.045936 0.051591 0.048876 0.049417 0.046800 0.045979 0.046033 0.136871 0.348393 0.047867
0.066005 0.056650 0.045233 0.050146 0.045235 0.045104 0.045983 0.049207 0.045119 0.100526 0.405691 0.045099
0.066702 0.067201 0.044417 0.047966 0.044423 0.044417 0.044459 0.044417 0.044417 0.113555 0.393611 0.044417
0.076588 0.050035 0.053413 0.047789 0.050148 0.050420 0.047785 0.054350 0.047802 0.118811 0.346560 0.056297
0.076382 0.060977 0.043890 0.045254 0.047332 0.045541 0.044591 0.044624 0.046772 0.108163 0.386589 0.049884
0.071772 0.077613 0.037795 0.040876 0.039808 0.038521 0.039472 0.038577 0.039160 0.082836 0.455822 0.037748
0.074095 0.050053 0.046838 0.049229 0.046731 0.052124 0.047963 0.048081 0.047653 0.099818 0.388846 0.048568
0.068907 0.061232 0.050800 0.056253 0.050060 0.050845 0.051172 0.050421 0.053254 0.127650 0.323417 0.055990
0.043749 0.062276 0.043449 0.048307 0.043453 0.043742 0.044437 0.048575 0.046103 0.113410 0.413143 0.049357
0.051827 0.059534 0.047409 0.048922 0.047414 0.047409 0.048051 0.053123 0.047409 0.138541 0.356690 0.053671
0.056425 0.055448 0.051764 0.050813 0.050868 0.048956 0.049505 0.059897 0.055986 0.145543 0.320288 0.054506
0.045521 0.044277 0.044297 0.046616 0.046932 0.044694 0.045301 0.044610 0.047180 0.123610 0.416666 0.050298
0.049351 0.043610 0.043075 0.048672 0.046920 0.045685 0.043931 0.043145 0.044704 0.130104 0.417780 0.043023
0.095207 0.057334 0.047544 0.049809 0.047530 0.047881 0.048549 0.048428 0.049734 0.082764 0.377610 0.047610
0.057460 0.063216 0.041136 0.043181 0.040459 0.040437 0.041466 0.044941 0.040986 0.083226 0.456794 0.046698
0.041025 0.058398 0.037402 0.038991 0.040381 0.037379 0.038055 0.038170 0.037631 0.103317 0.491879 0.037373
0.051661 0.067365 0.047360 0.049149 0.050926 0.053696 0.047954 0.052136 0.049694 0.119030 0.356570 0.054460
0.048605 0.060149 0.041402 0.039962 0.038140 0.043504 0.038961 0.045003 0.044543 0.127814 0.433851 0.038065
0.062226 0.044828 0.048788 0.049605 0.044868 0.047192 0.045865 0.045004 0.046513 0.125509 0.392753 0.046848
0.056918 0.049872 0.044148 0.052138 0.044136 0.046760 0.045834 0.049091 0.045248 0.146178 0.373288 0.046390
0.062389 0.061575 0.049945 0.053765 0.052325 0.052527 0.051883 0.053608 0.049960 0.127997 0.331846 0.052181
0.054189 0.059846 0.045376 0.047259 0.045269 0.045671 0.046279 0.051713 0.045885 0.141567 0.371689 0.045256
0.060349 0.057140 0.044426 0.049625 0.046717 0.046844 0.044710 0.044600 0.047060 0.140126 0.372837 0.045566
0.061107 0.057401 0.042417 0.047479 0.045671 0.042326 0.042935 0.042985 0.042330 0.152937 0.373849 0.048562
0.062778 0.075025 0.046512 0.052013 0.046526 0.046673 0.047520 0.046748 0.047564 0.143345 0.338754 0.046542
0.069392 0.054814 0.048600 0.053691 0.052037 0.048623 0.049175 0.049008 0.049195 0.126497 0.350397 0.048571
0.054696 0.063592 0.051240 0.059389 0.053519 0.054654 0.052960 0.052148 0.055899 0.178141 0.270770 0.052993
0.053684 0.072250 0.051042 0.047554 0.046924 0.047288 0.047430 0.052362 0.047247 0.108156 0.372979 0.053085
0.070469 0.051182 0.042311 0.043457 0.042311 0.043070 0.042900 0.042617 0.042507 0.115347 0.421619 0.042211
0.075713 0.070414 0.047261 0.048337 0.044382 0.051703 0.044551 0.044488 0.049869 0.124830 0.352218 0.046233
0.063178 0.055961 0.044896 0.046704 0.047793 0.047407 0.045706 0.045255 0.045268 0.113190 0.398093 0.046548
0.070736 0.058739 0.044571 0.050720 0.047166 0.046860 0.045348 0.048177 0.046249 0.121215 0.373957 0.046262
0.059370 0.074831 0.047380 0.047769 0.048626 0.048547 0.046776 0.048191 0.048430 0.099887 0.376389 0.053803
0.060725 0.065708 0.049997 0.047222 0.049474 0.047190 0.046895 0.052511 0.049642 0.126441 0.351441 0.052755
0.066977 0.068995 0.050229 0.050721 0.053234 0.050643 0.050391 0.051759 0.053148 0.117143 0.330511 0.056248
0.054128 0.088150 0.046271 0.050230 0.047900 0.046620 0.047991 0.047414 0.048736 0.113836 0.356462 0.052262
0.059919 0.080142 0.042763 0.043887 0.042018 0.042044 0.042889 0.043139 0.043141 0.111974 0.406088 0.041995
0.082785 0.056359 0.051698 0.049080 0.052015 0.047725 0.048374 0.047787 0.047700 0.109338 0.353194 0.053946
0.051987 0.074681 0.045991 0.049935 0.046869 0.046508 0.044706 0.043973 0.043879 0.127527 0.373826 0.050121
0.054418 0.069894 0.048473 0.050264 0.048457 0.048934 0.049171 0.049346 0.051366 0.116385 0.358815 0.054477
