0.066710 0.072942 0.066693 0.070340 0.071522 0.067710 0.066691 0.069605 0.079055 0.225522 0.076520 0.066691
0.063881 0.063881 0.063894 0.068875 0.074557 0.065019 0.063893 0.067136 0.070010 0.223427 0.111546 0.063881
0.077606 0.071371 0.069868 0.074400 0.074420 0.071120 0.069878 0.069868 0.078296 0.186019 0.087285 0.069868
0.072439 0.068915 0.063208 0.063229 0.068766 0.063200 0.063221 0.063200 0.068783 0.240875 0.100963 0.063201
0.079835 0.064008 0.063955 0.071514 0.065270 0.065086 0.064051 0.067202 0.074123 0.229295 0.091703 0.063956
0.066161 0.069054 0.063546 0.063542 0.064723 0.064557 0.063542 0.066453 0.066696 0.250394 0.097794 0.063539
0.063607 0.063505 0.063507 0.072139 0.073344 0.064524 0.063514 0.066420 0.075313 0.218777 0.111845 0.063505
0.063024 0.063216 0.062401 0.072203 0.068273 0.063539 0.062757 0.065656 0.073104 0.262502 0.080922 0.062401
0.065489 0.069375 0.065499 0.074385 0.070044 0.065490 0.065500 0.065490 0.070359 0.210485 0.112396 0.065489
0.059921 0.059922 0.059931 0.059925 0.065489 0.061174 0.059925 0.059922 0.069364 0.293303 0.091203 0.059921
0.063044 0.060441 0.060434 0.060500 0.065924 0.060431 0.060530 0.060431 0.060483 0.288810 0.098531 0.060440
0.065969 0.069674 0.060212 0.065969 0.060206 0.060204 0.060216 0.064139 0.071809 0.250664 0.110736 0.060203
0.073922 0.061609 0.061618 0.067151 0.061679 0.062725 0.061622 0.061748 0.065070 0.276824 0.084423 0.061609
0.059760 0.059760 0.059763 0.067334 0.067810 0.061011 0.060141 0.059760 0.063664 0.268634 0.112604 0.059760
0.065965 0.071622 0.060957 0.069989 0.064935 0.060956 0.061217 0.060955 0.066128 0.254795 0.101525 0.060955
0.058748 0.065042 0.058516 0.065383 0.063385 0.058507 0.058598 0.058507 0.064821 0.298458 0.091522 0.058513
0.060713 0.060713 0.060721 0.068242 0.061897 0.061732 0.061023 0.063627 0.065423 0.274477 0.100718 0.060713
0.061897 0.061897 0.061906 0.061900 0.063082 0.062915 0.061901 0.064811 0.065054 0.275082 0.097659 0.061897
0.063083 0.065686 0.062377 0.071131 0.071348 0.062375 0.062661 0.062375 0.066947 0.251775 0.097867 0.062374
0.065967 0.070240 0.065970 0.074302 0.074499 0.065968 0.066226 0.065968 0.070538 0.232550 0.081804 0.065967
0.060674 0.060674 0.060676 0.070017 0.064654 0.060674 0.060934 0.060674 0.060693 0.301394 0.078265 0.060674
0.067828 0.069664 0.066531 0.072620 0.071405 0.066528 0.066597 0.066528 0.067219 0.211188 0.102345 0.071548
0.057821 0.057825 0.057828 0.058046 0.057823 0.057821 0.057823 0.061757 0.063854 0.318032 0.093550 0.057821
0.076564 0.062971 0.061394 0.070184 0.066225 0.062412 0.061702 0.064308 0.072715 0.272966 0.067166 0.061394
0.083040 0.070926 0.066555 0.075099 0.070743 0.066555 0.066982 0.066555 0.073462 0.209847 0.083683 0.066555
0.062113 0.062113 0.062123 0.066647 0.066669 0.062114 0.062125 0.062114 0.066668 0.272945 0.092255 0.062113
0.079238 0.067480 0.063039 0.067460 0.063130 0.064290 0.063316 0.063038 0.067066 0.256497 0.082407 0.063038
0.055689 0.055694 0.055697 0.060354 0.055692 0.055690 0.055999 0.055690 0.055716 0.328044 0.110047 0.055689
0.062491 0.062486 0.062485 0.068318 0.063667 0.063504 0.062595 0.065399 0.073343 0.288444 0.064774 0.062494
0.061426 0.064179 0.057639 0.057633 0.057633 0.057630 0.057633 0.057630 0.061906 0.322767 0.086293 0.057630
0.072874 0.061024 0.061036 0.069361 0.069573 0.062135 0.061286 0.061053 0.069038 0.251254 0.100343 0.061024
0.087264 0.063827 0.063791 0.069895 0.067769 0.065040 0.064111 0.063789 0.067689 0.236165 0.086871 0.063789
0.067750 0.065949 0.062044 0.071701 0.062044 0.062044 0.062361 0.062044 0.067074 0.249695 0.105250 0.062044
0.066325 0.061735 0.058041 0.063575 0.059490 0.058033 0.058045 0.061621 0.063600 0.317700 0.073801 0.058032
0.062976 0.060580 0.060267 0.064563 0.065230 0.061395 0.060328 0.063512 0.067815 0.274209 0.098862 0.060264
0.058406 0.061025 0.058414 0.058408 0.064669 0.059516 0.058409 0.058407 0.061844 0.280675 0.121821 0.058406
0.067706 0.071832 0.064892 0.069878 0.071082 0.065911 0.064901 0.067807 0.075540 0.232286 0.083271 0.064892
0.069360 0.063160 0.063144 0.071937 0.067122 0.063143 0.063402 0.063142 0.070772 0.248043 0.093633 0.063142
0.075605 0.074674 0.069274 0.073803 0.073824 0.069272 0.069280 0.069272 0.073824 0.190498 0.091404 0.069271
0.106007 0.061433 0.061234 0.061228 0.061228 0.062476 0.061228 0.061225 0.065104 0.239115 0.098496 0.061224
0.069522 0.058986 0.058989 0.063649 0.058987 0.058986 0.059294 0.058986 0.059011 0.287078 0.107527 0.058986
0.062039 0.064558 0.061939 0.064636 0.061939 0.063191 0.061939 0.061939 0.076474 0.291903 0.067506 0.061939
0.068258 0.065639 0.065642 0.074983 0.069619 0.065639 0.065900 0.069912 0.065658 0.246502 0.076607 0.065639
0.071126 0.076703 0.065916 0.065916 0.065916 0.065917 0.065916 0.065916 0.076449 0.221238 0.088063 0.070924
0.071420 0.061258 0.060060 0.066555 0.062553 0.060059 0.060407 0.060059 0.060090 0.290782 0.086698 0.060059
0.064700 0.070753 0.063786 0.072154 0.065241 0.063786 0.064293 0.067374 0.063989 0.245601 0.094531 0.063794
0.076957 0.064449 0.064440 0.064544 0.064434 0.064432 0.064592 0.068704 0.064515 0.254650 0.083838 0.064445
0.059825 0.059828 0.059828 0.059825 0.072899 0.060962 0.059825 0.063080 0.063347 0.320929 0.059825 0.059825
0.068905 0.064121 0.064133 0.068348 0.071089 0.064120 0.064402 0.067176 0.064145 0.241751 0.097691 0.064119
0.069565 0.068558 0.063275 0.072446 0.068277 0.063266 0.063554 0.063266 0.068297 0.256020 0.080211 0.063265
0.060439 0.060439 0.060442 0.064243 0.070680 0.060439 0.060690 0.060440 0.060459 0.303619 0.077670 0.060439
0.067816 0.068166 0.067797 0.075791 0.067797 0.067797 0.067897 0.067797 0.068756 0.220629 0.091949 0.067805
0.061145 0.061145 0.061152 0.067381 0.061147 0.061145 0.061158 0.065418 0.061148 0.297818 0.080198 0.061145
0.069460 0.066670 0.063658 0.063658 0.064840 0.064677 0.063658 0.066572 0.066812 0.270151 0.076184 0.063658
0.068902 0.068480 0.064829 0.076521 0.072132 0.064818 0.065235 0.064818 0.068786 0.226789 0.093872 0.064818
0.068517 0.065898 0.065898 0.073063 0.070450 0.065898 0.065906 0.065898 0.073887 0.246527 0.072161 0.065898
0.062689 0.065154 0.062676 0.072629 0.062676 0.062676 0.062779 0.062676 0.064421 0.249217 0.109732 0.062676
0.060984 0.060984 0.060994 0.067221 0.060987 0.060984 0.060998 0.060984 0.060987 0.292777 0.091116 0.060984
0.059024 0.059006 0.059006 0.061953 0.062249 0.060258 0.059131 0.059006 0.066445 0.314702 0.080202 0.059017
0.061030 0.055494 0.055083 0.057103 0.060569 0.055073 0.055162 0.059009 0.060099 0.335028 0.091269 0.055080
0.059402 0.059402 0.059409 0.064944 0.060693 0.059403 0.059414 0.062581 0.064969 0.318186 0.072193 0.059402
0.066776 0.066776 0.066779 0.078585 0.076041 0.067794 0.067159 0.069690 0.069986 0.223707 0.079931 0.066776
0.057492 0.057492 0.057505 0.066958 0.067996 0.057492 0.057504 0.061429 0.061461 0.264611 0.128013 0.062048
0.056974 0.056974 0.056974 0.070788 0.061526 0.058227 0.057330 0.056975 0.066404 0.339875 0.060977 0.056974
0.054120 0.054421 0.054121 0.069942 0.061879 0.054120 0.054585 0.054120 0.060365 0.334783 0.093422 0.054120
0.052255 0.054874 0.052255 0.058162 0.052255 0.052256 0.052265 0.056192 0.065198 0.386888 0.065143 0.052255
0.052297 0.051882 0.051882 0.056894 0.051882 0.051882 0.051953 0.054928 0.060430 0.409714 0.054373 0.051882
0.053694 0.052008 0.051688 0.056874 0.058147 0.051675 0.051930 0.055612 0.056297 0.360606 0.099795 0.051675
0.053131 0.053131 0.053142 0.056659 0.056796 0.053132 0.053239 0.053132 0.054093 0.386381 0.074034 0.053131
0.056992 0.060408 0.053881 0.066631 0.057983 0.055123 0.054339 0.053871 0.060068 0.341013 0.085819 0.053871
0.053225 0.053225 0.053235 0.059463 0.053229 0.054477 0.053240 0.053225 0.057105 0.367357 0.088993 0.053225
0.057863 0.057863 0.057874 0.067056 0.061516 0.057864 0.057877 0.057863 0.067078 0.317853 0.081430 0.057863
0.058516 0.058516 0.058516 0.068725 0.058516 0.058517 0.058833 0.058516 0.066707 0.302637 0.093485 0.058516
0.063307 0.063307 0.063307 0.068847 0.063307 0.063307 0.063317 0.063307 0.063307 0.274443 0.086935 0.063307
0.062036 0.062036 0.062038 0.076113 0.070074 0.062036 0.062324 0.062036 0.065704 0.274115 0.079452 0.062036
0.081487 0.062414 0.062416 0.067611 0.066394 0.062414 0.062665 0.062414 0.063094 0.263794 0.082883 0.062414
0.063588 0.063180 0.063181 0.066089 0.063179 0.063179 0.063179 0.063178 0.069447 0.283623 0.075000 0.063178
0.064742 0.064742 0.064742 0.069411 0.069710 0.065879 0.065049 0.067996 0.074536 0.248028 0.080425 0.064742
0.061645 0.061645 0.061656 0.065304 0.065299 0.061645 0.061649 0.065582 0.071835 0.271318 0.090778 0.061645
0.077130 0.070221 0.068069 0.071729 0.077282 0.068070 0.068069 0.068070 0.079885 0.197962 0.085442 0.068069
0.067756 0.067754 0.067762 0.072529 0.071418 0.067754 0.067861 0.067754 0.068425 0.225772 0.087461 0.067754
0.073494 0.067242 0.067253 0.073480 0.068535 0.067243 0.067258 0.070422 0.067246 0.225325 0.085260 0.067242
0.087237 0.067035 0.067006 0.072272 0.066999 0.066995 0.067354 0.066995 0.067032 0.226427 0.077652 0.066996
0.069409 0.065137 0.065138 0.074785 0.070145 0.065137 0.065453 0.065137 0.065161 0.241666 0.087696 0.065137
0.065544 0.065544 0.065544 0.076442 0.066726 0.066563 0.065863 0.068458 0.068721 0.247474 0.077576 0.065544
0.069726 0.069726 0.069726 0.080632 0.069726 0.069726 0.070045 0.069726 0.069750 0.213161 0.078327 0.069726
0.098009 0.072024 0.071771 0.077056 0.076775 0.071769 0.072115 0.075706 0.080752 0.142341 0.089912 0.071768
0.066396 0.065126 0.065127 0.065125 0.065125 0.066376 0.065125 0.065125 0.069002 0.265407 0.076943 0.065125
0.079886 0.069615 0.069566 0.073438 0.073760 0.070674 0.069685 0.069565 0.073008 0.190691 0.090548 0.069565
0.071666 0.071092 0.067401 0.067420 0.067394 0.067392 0.067432 0.071664 0.073674 0.216594 0.090877 0.067394
0.072974 0.065206 0.064571 0.068214 0.068215 0.065814 0.064566 0.064562 0.077651 0.249171 0.074494 0.064562
0.075498 0.065855 0.065861 0.069243 0.074430 0.065855 0.065960 0.065931 0.068464 0.209433 0.107615 0.065855
0.067433 0.072783 0.067433 0.077422 0.067433 0.068685 0.067443 0.067433 0.077049 0.214629 0.084823 0.067433
0.071865 0.061122 0.061009 0.071814 0.061009 0.061009 0.061366 0.061009 0.061035 0.296146 0.071607 0.061009
0.069969 0.065696 0.065696 0.065766 0.065696 0.065697 0.065796 0.065696 0.072006 0.246925 0.085350 0.065705
0.065911 0.065911 0.065923 0.070108 0.070304 0.065912 0.066190 0.065911 0.070208 0.240414 0.087297 0.065911
0.078478 0.067946 0.067894 0.073158 0.068181 0.069028 0.068241 0.068507 0.071432 0.218763 0.080478 0.067894
0.062088 0.061722 0.061621 0.069181 0.061615 0.061611 0.062033 0.061611 0.061646 0.283452 0.091810 0.061611
0.075702 0.066914 0.066777 0.075412 0.074785 0.066776 0.066784 0.066775 0.075432 0.226090 0.071779 0.066775
0.066482 0.070615 0.063774 0.065305 0.063768 0.063765 0.063855 0.063765 0.064618 0.239594 0.110689 0.063772
0.064006 0.064020 0.064013 0.070338 0.065328 0.065143 0.064156 0.067260 0.067600 0.242742 0.101376 0.064018
0.071192 0.066006 0.065690 0.069332 0.070515 0.066699 0.065684 0.068595 0.068838 0.218524 0.103246 0.065680
0.070614 0.063151 0.063154 0.068137 0.068366 0.063152 0.063161 0.063586 0.068160 0.251243 0.094124 0.063151
0.077541 0.071290 0.071289 0.075820 0.075841 0.072541 0.071297 0.071290 0.079717 0.185231 0.076855 0.071289
0.075677 0.070009 0.070008 0.080211 0.070008 0.070008 0.070325 0.070008 0.070031 0.185788 0.097920 0.070008
0.072222 0.067399 0.065895 0.071623 0.065893 0.065893 0.066200 0.065892 0.072787 0.213765 0.106538 0.065892
0.064621 0.064621 0.064630 0.064848 0.064625 0.065873 0.064625 0.064621 0.070602 0.264359 0.081954 0.064621
0.068440 0.080835 0.064969 0.067458 0.064969 0.064969 0.064969 0.064969 0.067456 0.242240 0.083754 0.064969
0.093830 0.069814 0.069376 0.069375 0.069369 0.069366 0.069369 0.069618 0.078232 0.191163 0.081125 0.069365
0.069881 0.075457 0.069883 0.075566 0.069881 0.069881 0.069891 0.069881 0.070832 0.192077 0.091326 0.075446
0.072034 0.068315 0.068317 0.078609 0.073799 0.069452 0.068697 0.071569 0.073558 0.188362 0.098973 0.068315
0.071479 0.068090 0.067702 0.073949 0.067702 0.067702 0.067731 0.067702 0.067711 0.227834 0.084696 0.067704
0.067283 0.067270 0.067230 0.075821 0.072792 0.067229 0.067575 0.067229 0.078662 0.222569 0.079112 0.067228
0.068960 0.068287 0.065487 0.065480 0.066800 0.066615 0.065481 0.068732 0.069002 0.252436 0.077244 0.065477
0.065562 0.066818 0.065545 0.069765 0.069962 0.065540 0.065818 0.065540 0.065562 0.246203 0.088146 0.065540
0.084561 0.070615 0.069970 0.073771 0.079511 0.071220 0.070218 0.069968 0.079426 0.174272 0.086501 0.069967
0.071947 0.072351 0.070603 0.080947 0.073434 0.070601 0.070928 0.070601 0.070625 0.194874 0.082487 0.070601
0.079517 0.085507 0.068337 0.068330 0.068331 0.068328 0.068331 0.068327 0.074591 0.195730 0.086345 0.068327
0.066939 0.066939 0.066948 0.066942 0.066942 0.066939 0.066942 0.066939 0.066942 0.240754 0.089836 0.066939
0.068294 0.068294 0.068294 0.068772 0.069749 0.068294 0.068294 0.071883 0.072791 0.220658 0.086383 0.068294
0.080536 0.074047 0.071690 0.081566 0.071683 0.071679 0.071695 0.071679 0.071683 0.168713 0.093350 0.071679
0.070057 0.070057 0.070059 0.081661 0.075623 0.070057 0.070375 0.070057 0.070742 0.204892 0.076364 0.070057
0.068965 0.068965 0.068965 0.070145 0.068965 0.070217 0.069002 0.068965 0.072843 0.201058 0.102944 0.068965
0.074863 0.079923 0.068680 0.080179 0.068680 0.068680 0.069038 0.068680 0.068707 0.197753 0.086137 0.068680
0.069465 0.063900 0.063902 0.063900 0.068776 0.063900 0.063900 0.063900 0.070159 0.258482 0.085817 0.063900
0.073747 0.081882 0.068999 0.071588 0.068993 0.069847 0.070109 0.068990 0.071347 0.192671 0.092838 0.068990
0.076795 0.070971 0.070546 0.070546 0.070546 0.071798 0.070546 0.070546 0.074422 0.190043 0.092694 0.070546
0.069523 0.069523 0.069526 0.074075 0.074399 0.069523 0.069523 0.074075 0.074075 0.187463 0.098772 0.069523
0.076207 0.068910 0.068461 0.078857 0.069916 0.068462 0.068779 0.072050 0.074160 0.206645 0.079091 0.068461
0.066749 0.066749 0.066758 0.066752 0.066752 0.066750 0.066752 0.066749 0.066753 0.230812 0.101674 0.066749
0.072759 0.072770 0.072759 0.074780 0.079019 0.073868 0.072851 0.072759 0.077278 0.154301 0.104090 0.072767
0.066967 0.074807 0.066940 0.066938 0.066935 0.066933 0.066940 0.071205 0.066938 0.216501 0.101963 0.066933
0.106058 0.066493 0.066503 0.079234 0.066590 0.067498 0.066853 0.066686 0.074641 0.198325 0.074625 0.066493
0.086163 0.065689 0.065692 0.072705 0.073177 0.065689 0.066071 0.065815 0.065721 0.225706 0.078638 0.068932
0.071561 0.066291 0.066222 0.070739 0.066218 0.066209 0.066217 0.066207 0.070761 0.220423 0.102949 0.066204
0.069080 0.067587 0.063456 0.078465 0.063456 0.063456 0.063813 0.063456 0.063512 0.259371 0.080891 0.063456
0.061738 0.061738 0.061738 0.061738 0.061738 0.061738 0.061738 0.061738 0.066011 0.281575 0.096773 0.061738
0.070209 0.065919 0.064643 0.064866 0.064643 0.064643 0.064643 0.068579 0.070680 0.260758 0.070210 0.070208
0.065220 0.074749 0.064339 0.067909 0.064412 0.064339 0.064445 0.067636 0.069570 0.252028 0.081013 0.064339
0.067616 0.065620 0.061655 0.068552 0.065765 0.061655 0.061772 0.061655 0.063592 0.270294 0.090170 0.061655
0.102125 0.062314 0.062325 0.069283 0.062318 0.062314 0.062697 0.062314 0.062347 0.248610 0.081039 0.062314
0.075850 0.060143 0.060143 0.060143 0.060143 0.060143 0.060143 0.060143 0.060143 0.293552 0.084306 0.065151
0.064300 0.058737 0.058740 0.058737 0.064230 0.058737 0.058737 0.062673 0.062673 0.323136 0.070565 0.058737
0.073868 0.057777 0.056501 0.066384 0.060150 0.056501 0.056513 0.060438 0.060438 0.334778 0.060150 0.056501
0.079709 0.086698 0.058843 0.067052 0.063031 0.058843 0.059239 0.058959 0.066377 0.274195 0.068210 0.058843
0.079986 0.062629 0.062631 0.069676 0.066733 0.062621 0.062741 0.062621 0.065519 0.252004 0.090218 0.062620
0.070125 0.074627 0.062846 0.067779 0.063260 0.064088 0.063093 0.062836 0.068487 0.251470 0.088552 0.062836
0.065274 0.064803 0.058259 0.062979 0.058253 0.059501 0.058639 0.058249 0.062192 0.310872 0.082723 0.058256
0.056258 0.062522 0.056260 0.064286 0.056258 0.056258 0.056268 0.056258 0.064310 0.335889 0.079176 0.056258
0.057181 0.070352 0.056391 0.065573 0.061353 0.057519 0.056394 0.059635 0.069118 0.310909 0.079196 0.056381
0.064068 0.081440 0.064079 0.073493 0.064072 0.065320 0.064082 0.064068 0.071096 0.224756 0.099457 0.064068
0.086141 0.069087 0.068770 0.068776 0.074334 0.068771 0.068770 0.068771 0.076936 0.178848 0.102025 0.068770
0.087092 0.075299 0.069017 0.074558 0.069017 0.069018 0.069027 0.069017 0.074582 0.193508 0.080846 0.069017
0.081963 0.086039 0.062845 0.069076 0.062838 0.062835 0.062855 0.062835 0.062842 0.237291 0.085745 0.062835
0.062508 0.086151 0.062510 0.068178 0.066158 0.063760 0.062601 0.062508 0.071116 0.238859 0.093135 0.062516
0.063124 0.072006 0.063132 0.072039 0.068095 0.064262 0.063474 0.066379 0.070322 0.217059 0.116984 0.063124
0.079489 0.074169 0.070365 0.077298 0.070497 0.071373 0.070375 0.070640 0.083358 0.165115 0.096955 0.070365
0.069872 0.081701 0.069883 0.071269 0.075441 0.069874 0.069877 0.069874 0.076100 0.181713 0.094525 0.069872
0.076159 0.082460 0.071274 0.075805 0.071274 0.071274 0.071282 0.071274 0.075825 0.167893 0.094205 0.071274
0.095134 0.072203 0.065949 0.065944 0.065944 0.065940 0.065943 0.065940 0.065943 0.204480 0.100639 0.065940
0.063654 0.077251 0.062929 0.073826 0.062929 0.062929 0.063248 0.062929 0.062953 0.256577 0.087846 0.062929
0.070700 0.076321 0.070700 0.075587 0.072155 0.070700 0.071008 0.074289 0.072825 0.192979 0.082036 0.070700
0.068875 0.074888 0.068813 0.079018 0.068806 0.068803 0.069124 0.068803 0.068830 0.202867 0.092370 0.068803
0.067398 0.091018 0.067397 0.067394 0.078531 0.068645 0.067394 0.067395 0.071270 0.195783 0.090381 0.067394
0.088201 0.077092 0.070829 0.076671 0.072284 0.070829 0.071173 0.074418 0.070854 0.151717 0.105101 0.070829
0.101968 0.080537 0.068709 0.079514 0.068709 0.068710 0.069066 0.068709 0.074300 0.169407 0.081664 0.068709
0.073978 0.067716 0.067725 0.067719 0.073980 0.067716 0.067719 0.067716 0.067719 0.237080 0.073217 0.067715
0.067778 0.067778 0.067778 0.067778 0.069233 0.067778 0.067778 0.071366 0.067778 0.225773 0.091406 0.067778
0.069554 0.069554 0.069563 0.074219 0.069557 0.069554 0.069864 0.073827 0.069581 0.197038 0.098136 0.069554
0.066258 0.068934 0.066162 0.071700 0.076602 0.067411 0.066170 0.066160 0.070036 0.237068 0.077340 0.066159
0.086018 0.069649 0.069652 0.075803 0.072605 0.069649 0.069974 0.069649 0.069672 0.179643 0.098038 0.069649
0.067886 0.074149 0.067886 0.073426 0.067886 0.069138 0.067896 0.067886 0.077327 0.225182 0.073452 0.067886
0.082210 0.064838 0.064838 0.070103 0.064838 0.064838 0.065185 0.064838 0.064865 0.234507 0.094101 0.064838
0.068622 0.074010 0.068399 0.068399 0.068399 0.068400 0.068399 0.072335 0.078595 0.210280 0.085764 0.068399
0.081281 0.070171 0.063911 0.071069 0.063909 0.063909 0.064216 0.063909 0.068206 0.252808 0.072704 0.063908
0.066553 0.066531 0.066535 0.070062 0.075685 0.067783 0.066635 0.066531 0.073911 0.236799 0.076444 0.066531
0.067968 0.067968 0.067968 0.074022 0.067968 0.067968 0.068070 0.067968 0.069673 0.224799 0.087663 0.067968
0.067602 0.067602 0.067612 0.072267 0.067605 0.067603 0.067912 0.067602 0.073889 0.222087 0.090618 0.067602
0.067173 0.067173 0.067176 0.067173 0.072667 0.068425 0.067173 0.067173 0.071050 0.226835 0.090808 0.067173
0.065438 0.065438 0.065441 0.065438 0.065439 0.065438 0.065438 0.069375 0.069376 0.242420 0.095320 0.065438
0.086816 0.064138 0.063859 0.073193 0.067508 0.065111 0.063869 0.063859 0.074251 0.239766 0.073771 0.063859
0.072364 0.069747 0.069758 0.081368 0.078791 0.069745 0.070177 0.069745 0.071716 0.190485 0.086359 0.069745
0.069646 0.069646 0.069646 0.069646 0.069646 0.069647 0.069646 0.069646 0.075906 0.210269 0.087012 0.069646
0.068703 0.068687 0.068687 0.073350 0.068687 0.068687 0.068994 0.068687 0.068711 0.227401 0.080718 0.068687
0.063483 0.063483 0.063483 0.071903 0.063483 0.063483 0.063494 0.063483 0.068924 0.275293 0.076004 0.063483
0.061983 0.069048 0.061851 0.065493 0.065495 0.061843 0.061845 0.061843 0.069765 0.275116 0.083876 0.061842
0.073162 0.085116 0.065262 0.071301 0.065262 0.066371 0.065368 0.065262 0.072142 0.230285 0.075207 0.065262
0.072558 0.075407 0.069009 0.076416 0.069007 0.069007 0.069110 0.069007 0.071346 0.178011 0.112115 0.069007
0.067716 0.067716 0.067719 0.072701 0.067716 0.068968 0.067725 0.067716 0.076600 0.233738 0.073968 0.067716
0.063550 0.064501 0.062715 0.063691 0.062715 0.063966 0.062770 0.062715 0.067150 0.280902 0.082605 0.062720
0.060439 0.060439 0.060446 0.060536 0.060441 0.060440 0.060577 0.060439 0.071043 0.286226 0.098524 0.060451
0.062991 0.071515 0.063000 0.067009 0.067825 0.064010 0.062995 0.065905 0.079496 0.257503 0.074761 0.062991
0.068610 0.093412 0.067270 0.076705 0.068243 0.067270 0.067682 0.069531 0.067962 0.190199 0.095845 0.067270
0.083898 0.074083 0.073251 0.077782 0.077803 0.073251 0.073259 0.073251 0.077802 0.157294 0.085075 0.073251
0.070170 0.076294 0.070042 0.075600 0.075266 0.070032 0.070046 0.070033 0.070036 0.199962 0.082488 0.070032
0.066179 0.073431 0.060898 0.060902 0.060898 0.060898 0.060898 0.060898 0.060900 0.279259 0.093943 0.060898
0.061086 0.073640 0.061093 0.069058 0.061087 0.061084 0.061434 0.061084 0.065636 0.291499 0.072217 0.061083
0.081322 0.077132 0.064208 0.072931 0.064208 0.064208 0.064220 0.064208 0.066695 0.246185 0.070472 0.064208
0.069005 0.081534 0.069015 0.070395 0.069008 0.069005 0.069008 0.072942 0.073604 0.189397 0.098082 0.069005
0.095129 0.077819 0.071542 0.077227 0.071542 0.072793 0.071552 0.071542 0.076369 0.171401 0.071542 0.071542
0.078871 0.076975 0.065870 0.076969 0.069977 0.065867 0.066261 0.065867 0.067836 0.187969 0.111671 0.065867
0.100006 0.072696 0.063109 0.068647 0.063107 0.064359 0.063117 0.063107 0.072549 0.226402 0.079794 0.063107
0.064607 0.071568 0.059051 0.061533 0.060365 0.060179 0.059045 0.062296 0.065054 0.289922 0.087338 0.059042
0.073735 0.081220 0.068282 0.068282 0.069601 0.069420 0.068282 0.071536 0.078063 0.185821 0.097476 0.068282
0.084109 0.072713 0.066019 0.066013 0.071577 0.066011 0.066013 0.069947 0.075513 0.202412 0.093664 0.066010
0.067731 0.072718 0.066458 0.075244 0.076898 0.066456 0.066715 0.070045 0.071482 0.222378 0.077419 0.066455
0.095233 0.074291 0.066878 0.075462 0.077417 0.066874 0.067305 0.070463 0.066909 0.184488 0.087804 0.066874
0.095813 0.075369 0.067276 0.072809 0.072835 0.067266 0.067280 0.067267 0.067270 0.190210 0.089340 0.067266
0.099357 0.076922 0.064396 0.064396 0.070657 0.064396 0.064396 0.064397 0.064396 0.220524 0.081768 0.064396
0.088701 0.065094 0.065099 0.070357 0.066382 0.065090 0.065440 0.068270 0.065120 0.222604 0.092752 0.065090
0.070696 0.066578 0.066578 0.076462 0.071547 0.067715 0.066590 0.069833 0.073747 0.230834 0.072842 0.066578
0.072076 0.072234 0.065936 0.071994 0.072948 0.065926 0.066238 0.069515 0.066614 0.216966 0.093628 0.065926
0.071649 0.078191 0.071021 0.077144 0.076029 0.071021 0.071030 0.071021 0.076671 0.172031 0.093171 0.071021
0.071766 0.071258 0.069627 0.075163 0.075882 0.069619 0.070045 0.069619 0.070168 0.187295 0.099928 0.069629
0.083883 0.072773 0.066511 0.072745 0.066511 0.067620 0.066522 0.066511 0.069946 0.212513 0.087957 0.066511
0.082467 0.066267 0.066077 0.066070 0.067359 0.066067 0.066070 0.069246 0.066071 0.212773 0.105465 0.066067
0.102838 0.074785 0.068525 0.077157 0.077048 0.069775 0.068532 0.068523 0.081053 0.162840 0.080401 0.068523
0.070756 0.081001 0.068016 0.076164 0.077999 0.068013 0.068292 0.068014 0.068063 0.188792 0.096875 0.068013
0.066960 0.066960 0.066963 0.072501 0.066961 0.066961 0.066970 0.066960 0.072526 0.230185 0.089093 0.066960
0.069125 0.074150 0.069058 0.075822 0.073987 0.070306 0.069484 0.069055 0.074093 0.198181 0.087673 0.069065
0.064657 0.064650 0.064647 0.065112 0.070133 0.064637 0.064639 0.064637 0.069073 0.250687 0.092492 0.064637
0.067086 0.067086 0.067086 0.067086 0.068375 0.067087 0.067086 0.070265 0.073346 0.245063 0.073349 0.067086
0.091280 0.069972 0.069971 0.076415 0.069971 0.069971 0.070355 0.069971 0.073936 0.193879 0.074307 0.069971
0.067920 0.067920 0.067923 0.073051 0.077756 0.067920 0.067929 0.067921 0.068871 0.214805 0.090066 0.067920
0.070055 0.080361 0.070058 0.081011 0.074477 0.070055 0.070437 0.070055 0.072180 0.192379 0.078877 0.070055
0.065674 0.066815 0.065677 0.072450 0.071167 0.065674 0.065674 0.065674 0.066734 0.236458 0.092332 0.065674
0.080365 0.069259 0.063005 0.068629 0.062999 0.062996 0.063346 0.062996 0.066467 0.268381 0.068563 0.062995
0.062601 0.062601 0.062601 0.062601 0.062601 0.062601 0.062601 0.062601 0.062601 0.311392 0.062601 0.062601
0.077580 0.075651 0.069092 0.073284 0.069092 0.069092 0.069368 0.069791 0.069113 0.202738 0.086106 0.069092
0.071712 0.080068 0.068175 0.073705 0.072994 0.068162 0.068176 0.068162 0.073175 0.207589 0.074355 0.073727
0.063384 0.064353 0.062482 0.070793 0.063697 0.062471 0.062855 0.062471 0.063463 0.273757 0.087803 0.062471
0.065808 0.072079 0.065808 0.071869 0.065808 0.065808 0.065911 0.065808 0.067515 0.240981 0.086800 0.065808
0.060407 0.066689 0.060408 0.069608 0.060408 0.060407 0.060419 0.060407 0.064899 0.306817 0.069123 0.060407
0.065272 0.089208 0.059610 0.065844 0.059610 0.059610 0.059621 0.063546 0.063546 0.288649 0.065873 0.059610
0.067593 0.073210 0.056888 0.059374 0.056886 0.056886 0.056886 0.059304 0.059373 0.327314 0.069400 0.056885
0.071889 0.062214 0.060032 0.069134 0.068073 0.061271 0.060403 0.060019 0.065539 0.277438 0.083971 0.060019
0.061899 0.068111 0.061860 0.071150 0.065325 0.063101 0.061956 0.061849 0.069160 0.273870 0.079871 0.061849
0.064564 0.074068 0.061200 0.061235 0.061200 0.061200 0.061200 0.061200 0.067481 0.286882 0.078572 0.061200
0.058960 0.071485 0.058969 0.066688 0.058963 0.058961 0.058973 0.058960 0.065696 0.302392 0.080993 0.058960
0.078378 0.070747 0.058101 0.064329 0.058095 0.059201 0.058106 0.058092 0.061530 0.288945 0.086384 0.058092
0.069423 0.077536 0.059286 0.062928 0.059285 0.060386 0.059280 0.059277 0.062715 0.250918 0.119690 0.059276
0.071253 0.099465 0.065099 0.078931 0.065097 0.066349 0.065414 0.065096 0.080777 0.190131 0.087292 0.065096
0.080288 0.084549 0.066447 0.073537 0.066440 0.067689 0.066449 0.066436 0.076326 0.179513 0.105890 0.066436
0.078911 0.087034 0.063395 0.069472 0.063393 0.063394 0.063403 0.063393 0.074028 0.219090 0.091095 0.063393
0.068339 0.083293 0.057987 0.063888 0.057981 0.059088 0.058346 0.057978 0.068077 0.256689 0.110354 0.057980
0.054512 0.067397 0.054518 0.070026 0.058163 0.055620 0.054872 0.054511 0.065063 0.303138 0.107669 0.054511
0.071861 0.072528 0.066265 0.069925 0.071005 0.067284 0.066266 0.069180 0.077585 0.203507 0.098328 0.066265
0.066351 0.085139 0.066351 0.072729 0.066351 0.066352 0.066360 0.066351 0.072019 0.220139 0.079244 0.072614
0.077455 0.079100 0.060306 0.064837 0.064858 0.060307 0.060314 0.060307 0.064857 0.265597 0.081755 0.060306
0.110835 0.103493 0.061319 0.064460 0.061319 0.061319 0.061416 0.061319 0.061332 0.192519 0.099350 0.061319
0.063169 0.071350 0.058824 0.063482 0.058819 0.058817 0.059127 0.058817 0.058843 0.290870 0.099067 0.058816
0.099511 0.067121 0.064606 0.069974 0.065895 0.064606 0.064953 0.067786 0.065415 0.234594 0.070932 0.064606
0.089445 0.061691 0.058344 0.058344 0.058344 0.058344 0.058344 0.062281 0.062280 0.305360 0.068880 0.058344
0.064122 0.072030 0.062855 0.072026 0.069313 0.062846 0.063135 0.066436 0.062871 0.262419 0.079101 0.062846
0.080909 0.068346 0.062095 0.070145 0.067731 0.062084 0.062484 0.065673 0.062117 0.238864 0.093532 0.066020
0.059842 0.066105 0.059842 0.068709 0.066103 0.059842 0.060150 0.059843 0.059893 0.291486 0.088342 0.059842
0.106197 0.068861 0.058325 0.063865 0.063890 0.058325 0.058335 0.058325 0.058325 0.276379 0.070850 0.058325
0.055206 0.064359 0.052713 0.064212 0.052713 0.052713 0.053071 0.056649 0.056676 0.381927 0.057048 0.052713
0.090014 0.079778 0.059298 0.062677 0.059298 0.059298 0.059402 0.059298 0.063575 0.277636 0.070429 0.059298
0.056657 0.071124 0.056632 0.063305 0.059114 0.056622 0.056902 0.061063 0.061090 0.322322 0.078547 0.056622
0.064038 0.064866 0.058123 0.069619 0.063550 0.058111 0.058436 0.061699 0.059319 0.290452 0.088664 0.063124
0.066829 0.056247 0.056148 0.067285 0.056279 0.056139 0.056260 0.056139 0.058124 0.343084 0.071327 0.056139
0.053915 0.058480 0.052221 0.057761 0.057786 0.052220 0.052231 0.052221 0.052220 0.397978 0.060746 0.052220
0.085876 0.060026 0.050976 0.057211 0.050976 0.050976 0.050987 0.050976 0.055249 0.373663 0.062107 0.050976
0.078325 0.065782 0.058132 0.067318 0.061779 0.058130 0.058140 0.058129 0.066050 0.293876 0.076210 0.058129
0.061818 0.075492 0.057577 0.061762 0.061957 0.058816 0.057844 0.057564 0.061466 0.323060 0.065081 0.057564
0.060487 0.065444 0.059146 0.061448 0.059146 0.059146 0.059217 0.059146 0.059151 0.320788 0.077736 0.059146
0.060267 0.071590 0.059066 0.060254 0.064549 0.059054 0.059120 0.059053 0.065992 0.287589 0.094409 0.059058
0.053788 0.060051 0.053798 0.067226 0.058723 0.055040 0.054112 0.053788 0.057691 0.362872 0.069123 0.053788
0.069627 0.063954 0.059844 0.065108 0.064675 0.060862 0.060191 0.062758 0.066670 0.273712 0.092754 0.059844
0.068056 0.058139 0.058140 0.066167 0.058138 0.058139 0.058148 0.060629 0.070189 0.296308 0.089808 0.058138
0.064231 0.068449 0.063582 0.071913 0.071783 0.064834 0.063590 0.063583 0.079210 0.249830 0.069149 0.069845
0.078409 0.073133 0.062747 0.075481 0.066174 0.062747 0.062865 0.062747 0.065735 0.233918 0.093299 0.062747
0.062088 0.084163 0.062088 0.062088 0.062088 0.062089 0.062088 0.062088 0.068348 0.260227 0.085548 0.067096
0.059376 0.065635 0.059374 0.064307 0.064304 0.059371 0.059682 0.059371 0.061486 0.322032 0.065691 0.059371
0.060886 0.076497 0.056112 0.061377 0.056112 0.056112 0.056459 0.060049 0.062562 0.326534 0.071187 0.056112
0.079935 0.066150 0.057397 0.064563 0.057397 0.057397 0.057705 0.061333 0.066447 0.316827 0.057453 0.057397
0.065473 0.071743 0.065475 0.069004 0.069134 0.065473 0.065577 0.065472 0.069034 0.236087 0.092056 0.065472
0.078696 0.073611 0.068115 0.069242 0.073133 0.069251 0.068114 0.071368 0.073410 0.202232 0.084713 0.068114
0.063680 0.067207 0.060654 0.060659 0.060653 0.060652 0.060662 0.060652 0.060658 0.305669 0.078201 0.060653
0.058197 0.058212 0.058206 0.066187 0.063764 0.059307 0.058672 0.058198 0.068685 0.309194 0.083171 0.058208
0.071347 0.066530 0.058638 0.058633 0.059953 0.059768 0.058634 0.061885 0.062155 0.315399 0.068428 0.058630
0.081191 0.067374 0.061078 0.069421 0.064441 0.061069 0.061380 0.062432 0.070343 0.246342 0.093861 0.061068
0.087825 0.065037 0.064745 0.074917 0.075180 0.064734 0.064996 0.068323 0.070424 0.208127 0.090960 0.064733
0.077745 0.071920 0.066914 0.071996 0.070091 0.068163 0.066920 0.066912 0.070788 0.204459 0.097182 0.066911
0.096400 0.086765 0.060610 0.066144 0.066170 0.061853 0.060614 0.060602 0.064481 0.199872 0.115886 0.060601
0.054987 0.054988 0.054995 0.060530 0.054990 0.056098 0.055000 0.054988 0.063990 0.342045 0.092403 0.054987
0.061888 0.075070 0.061661 0.067801 0.066491 0.062680 0.061661 0.064575 0.079332 0.248499 0.088682 0.061660
0.062928 0.069288 0.062937 0.067922 0.066580 0.062929 0.062940 0.062928 0.074188 0.242091 0.102341 0.062928
0.096533 0.061982 0.061950 0.067874 0.066502 0.061951 0.061958 0.061951 0.067162 0.256411 0.073775 0.061950
0.069248 0.069222 0.062981 0.064158 0.062979 0.062978 0.063015 0.062978 0.062981 0.250615 0.105867 0.062978
0.090387 0.081325 0.062085 0.067625 0.063404 0.063222 0.062095 0.065339 0.065606 0.237586 0.079243 0.062085
0.077049 0.064854 0.058604 0.058594 0.063471 0.058591 0.058595 0.058591 0.058595 0.297372 0.081529 0.064156
0.061832 0.067398 0.061832 0.061832 0.067396 0.061833 0.061832 0.061833 0.067395 0.280212 0.084770 0.061832
0.065813 0.063484 0.062388 0.062390 0.062388 0.062388 0.062388 0.066324 0.066337 0.283237 0.080479 0.062388
0.064556 0.064707 0.062206 0.072657 0.066619 0.062194 0.062487 0.066467 0.062219 0.258629 0.095065 0.062193
0.083698 0.067488 0.064573 0.072740 0.072606 0.064570 0.064951 0.064570 0.064985 0.229815 0.085433 0.064570
0.083164 0.068394 0.060498 0.065313 0.064467 0.060497 0.060805 0.064086 0.060734 0.278467 0.073078 0.060497
0.066288 0.063733 0.062453 0.076584 0.062453 0.062453 0.062772 0.062453 0.064204 0.274802 0.079353 0.062453
0.064267 0.069457 0.064233 0.067160 0.070493 0.064233 0.064233 0.068170 0.069733 0.263293 0.070495 0.064233
0.061458 0.058265 0.058273 0.065005 0.058267 0.058263 0.058543 0.058263 0.058601 0.323527 0.083270 0.058263
0.069796 0.070478 0.064158 0.072322 0.072356 0.064155 0.064526 0.064155 0.064458 0.256368 0.073074 0.064155
0.063973 0.064150 0.063973 0.067759 0.063973 0.063973 0.063973 0.063973 0.063999 0.280479 0.075801 0.063973
0.063729 0.069980 0.063736 0.073941 0.063729 0.063726 0.064047 0.063726 0.063753 0.264878 0.081029 0.063726
0.074036 0.068394 0.068394 0.068464 0.068394 0.069646 0.068493 0.068394 0.072321 0.234378 0.070682 0.068403
0.067449 0.065462 0.063955 0.064484 0.068823 0.063943 0.063946 0.063943 0.073281 0.210355 0.130418 0.063943
0.067325 0.065091 0.065091 0.074759 0.069348 0.066238 0.065101 0.066452 0.082350 0.248059 0.065095 0.065091
0.069730 0.067111 0.067111 0.074678 0.070353 0.067111 0.067529 0.067111 0.067142 0.217407 0.097607 0.067111
0.070977 0.072319 0.070189 0.075397 0.073597 0.070190 0.070198 0.070190 0.075359 0.193840 0.087555 0.070189
0.068789 0.068791 0.068800 0.068793 0.068794 0.068790 0.068794 0.068790 0.068793 0.237097 0.074980 0.068789
0.062118 0.062118 0.062128 0.070108 0.062121 0.062118 0.062593 0.062118 0.063608 0.265069 0.103772 0.062129
0.069369 0.067616 0.064632 0.068320 0.073768 0.065874 0.064692 0.064622 0.072182 0.247895 0.076401 0.064628
0.079325 0.067522 0.067531 0.073760 0.067793 0.067522 0.067537 0.068092 0.067526 0.215460 0.090410 0.067522
0.073691 0.079954 0.073691 0.079232 0.075146 0.073692 0.073701 0.077280 0.079256 0.145328 0.095336 0.073691
0.086698 0.074049 0.074039 0.079024 0.074039 0.074039 0.074048 0.074039 0.074039 0.154728 0.087218 0.074039
0.067275 0.061708 0.061710 0.071919 0.061708 0.061708 0.062025 0.061708 0.061732 0.265533 0.101267 0.061708
0.071473 0.071473 0.071473 0.073494 0.071473 0.072724 0.071566 0.071473 0.076433 0.199044 0.077896 0.071481
0.077374 0.065546 0.065553 0.068402 0.065548 0.065546 0.065548 0.069482 0.075414 0.225874 0.090167 0.065546
0.078935 0.069475 0.069219 0.074032 0.070014 0.070248 0.069526 0.071069 0.082227 0.201049 0.074988 0.069219
0.070816 0.077609 0.070810 0.077438 0.074945 0.070810 0.070928 0.070810 0.072549 0.178382 0.094093 0.070810
0.085592 0.075990 0.069727 0.078482 0.080138 0.069725 0.070011 0.073313 0.074297 0.154418 0.098583 0.069724
0.063603 0.063603 0.063603 0.063603 0.063603 0.063603 0.063603 0.063603 0.063603 0.296093 0.067876 0.063603
0.075556 0.069990 0.069990 0.072854 0.076251 0.069990 0.069990 0.069991 0.071520 0.195434 0.088442 0.069990
0.069598 0.069605 0.069607 0.069824 0.069601 0.069598 0.069601 0.073871 0.071703 0.222292 0.075103 0.069598
0.069988 0.067208 0.067208 0.072473 0.067208 0.067208 0.067555 0.067208 0.067235 0.252230 0.067271 0.067208
0.083269 0.070744 0.070744 0.077709 0.073238 0.070744 0.071122 0.070744 0.070770 0.181832 0.088341 0.070744
0.084807 0.079466 0.073760 0.083513 0.073861 0.073760 0.074047 0.073760 0.073781 0.161678 0.073809 0.073760
0.087321 0.075456 0.069190 0.078039 0.069188 0.069188 0.069496 0.069188 0.069239 0.186119 0.088387 0.069188
0.066296 0.066296 0.066299 0.066296 0.066296 0.067548 0.066296 0.066296 0.070173 0.253795 0.078113 0.066296
0.080646 0.068564 0.068185 0.072312 0.071834 0.069436 0.068185 0.068185 0.080204 0.209813 0.074451 0.068185
0.092787 0.069273 0.069155 0.070409 0.069153 0.069153 0.069152 0.069152 0.080290 0.184394 0.087930 0.069152
0.093263 0.069653 0.069639 0.069632 0.069633 0.070881 0.069633 0.069629 0.079769 0.192826 0.075814 0.069628
0.097285 0.074029 0.073661 0.079758 0.077633 0.073650 0.073975 0.073650 0.073677 0.131013 0.098019 0.073650
0.109746 0.073220 0.066957 0.066957 0.068412 0.066958 0.066957 0.070545 0.073216 0.185032 0.085044 0.066957
0.061427 0.066959 0.061406 0.067630 0.066889 0.061393 0.061407 0.061393 0.061396 0.290068 0.078639 0.061393
0.088119 0.076330 0.070057 0.079246 0.079271 0.071308 0.070067 0.070057 0.073933 0.171591 0.079965 0.070057
0.086775 0.075888 0.065709 0.065703 0.065704 0.065700 0.065704 0.069637 0.069640 0.215264 0.088576 0.065700
0.081844 0.074620 0.066896 0.072434 0.068349 0.066894 0.066903 0.070482 0.072459 0.212818 0.079408 0.066893
0.106996 0.073428 0.069611 0.077660 0.073270 0.070860 0.070021 0.069609 0.073516 0.154717 0.090703 0.069609
0.091864 0.061967 0.061969 0.067507 0.068852 0.063104 0.061977 0.065222 0.065489 0.234657 0.095423 0.061967
0.106015 0.065008 0.065008 0.065008 0.066328 0.066146 0.065008 0.068263 0.074790 0.216579 0.076837 0.065008
0.085148 0.067400 0.066965 0.066965 0.072529 0.066966 0.066965 0.070902 0.076465 0.208371 0.084359 0.066965
0.082004 0.069370 0.061836 0.064317 0.067393 0.061826 0.061829 0.065763 0.073816 0.249460 0.080560 0.061825
0.068083 0.064436 0.063592 0.067115 0.067246 0.063581 0.063689 0.063581 0.067145 0.262699 0.085253 0.063580
0.078740 0.089219 0.067217 0.079122 0.071325 0.067216 0.067334 0.067216 0.069239 0.170626 0.105529 0.067216
0.067411 0.061148 0.061148 0.067382 0.061148 0.061148 0.061159 0.061148 0.061148 0.302339 0.073673 0.061148
0.077838 0.060466 0.060466 0.074150 0.061755 0.060466 0.060824 0.063645 0.061660 0.292171 0.066094 0.060466
0.068499 0.065916 0.061631 0.066335 0.066555 0.061620 0.061933 0.065892 0.061647 0.268382 0.089971 0.061619
0.085156 0.061522 0.061532 0.065174 0.070739 0.062631 0.061526 0.061523 0.068607 0.260522 0.079545 0.061522
0.084815 0.065263 0.064766 0.071731 0.067260 0.064766 0.065145 0.064766 0.064793 0.229941 0.091988 0.064766
0.075587 0.073998 0.069324 0.078963 0.069324 0.069324 0.069333 0.069324 0.074509 0.196283 0.080148 0.073885
0.069258 0.069870 0.064316 0.075254 0.069240 0.064304 0.064629 0.064304 0.064331 0.260332 0.069861 0.064303
0.061512 0.061512 0.061512 0.063697 0.061512 0.061512 0.061512 0.061512 0.062680 0.291608 0.089918 0.061512
0.077289 0.070815 0.058596 0.062604 0.067114 0.058585 0.058590 0.062521 0.069614 0.257584 0.098103 0.058585
0.086956 0.061864 0.061805 0.070985 0.070322 0.062902 0.061807 0.061793 0.068878 0.257980 0.072915 0.061793
0.066506 0.066506 0.066516 0.067902 0.070453 0.066507 0.066509 0.070095 0.067173 0.223201 0.102126 0.066506
0.075543 0.069978 0.069978 0.074963 0.069978 0.071230 0.069987 0.069978 0.078861 0.198420 0.081109 0.069978
0.067019 0.067555 0.061113 0.073381 0.061113 0.061113 0.061544 0.061113 0.061952 0.260719 0.102260 0.061120
0.071703 0.060572 0.060580 0.073564 0.060575 0.060573 0.060932 0.060572 0.067334 0.261888 0.095569 0.066138
0.066334 0.071176 0.060773 0.064781 0.065598 0.061783 0.060767 0.063678 0.067363 0.271230 0.085751 0.060764
0.075214 0.073880 0.065882 0.065886 0.070707 0.066989 0.065880 0.065880 0.071917 0.215749 0.096137 0.065880
0.086186 0.077505 0.068788 0.073313 0.073334 0.068779 0.068790 0.068779 0.073333 0.170425 0.096425 0.074343
0.067554 0.076930 0.063646 0.073244 0.063646 0.063647 0.063931 0.063646 0.071429 0.259848 0.068832 0.063646
0.086919 0.077245 0.063401 0.074180 0.063401 0.063401 0.063748 0.063401 0.065346 0.210797 0.104762 0.063401
0.068188 0.062624 0.062631 0.069082 0.062625 0.062622 0.062636 0.062622 0.064722 0.259786 0.099839 0.062622
0.064816 0.077731 0.064458 0.064824 0.068107 0.065567 0.064458 0.064458 0.074981 0.240658 0.085484 0.064458
0.071000 0.061971 0.060250 0.064921 0.060243 0.060240 0.060551 0.060239 0.067142 0.284565 0.088639 0.060239
0.070692 0.064981 0.064821 0.069804 0.064819 0.064819 0.064828 0.064819 0.069827 0.258439 0.071070 0.071081
0.067705 0.065165 0.060639 0.067133 0.060639 0.061890 0.060986 0.060639 0.064541 0.282553 0.087470 0.060639
0.089186 0.066897 0.060630 0.071536 0.060630 0.060630 0.060950 0.060630 0.060654 0.248909 0.098716 0.060630
