0.040066 0.051025 0.047036 0.043764 0.038531 0.039279 0.035923 0.042965 0.036344 0.047523 0.544766 0.032778
0.044870 0.051833 0.054782 0.045469 0.045815 0.040944 0.040615 0.047018 0.040133 0.048879 0.502957 0.036686
0.040935 0.040098 0.051022 0.042742 0.044383 0.041436 0.041499 0.047527 0.041332 0.051024 0.517356 0.040647
0.041988 0.042766 0.054751 0.045642 0.047609 0.044246 0.045003 0.057964 0.044129 0.056637 0.479120 0.040144
0.045000 0.032810 0.039073 0.044434 0.039850 0.049001 0.033854 0.071755 0.032752 0.042400 0.536962 0.032110
0.044704 0.046454 0.056761 0.045640 0.046939 0.050401 0.048411 0.070128 0.043043 0.050301 0.455954 0.041265
0.037857 0.034850 0.049677 0.038474 0.042979 0.039101 0.037098 0.052133 0.037853 0.046943 0.552308 0.030726
0.032440 0.036013 0.046391 0.032639 0.036229 0.038808 0.035662 0.043484 0.032446 0.040966 0.594632 0.030290
0.045192 0.041470 0.053836 0.037581 0.041227 0.041828 0.039503 0.044845 0.040178 0.048374 0.531885 0.034079
0.032352 0.031500 0.043422 0.032830 0.033230 0.031708 0.034030 0.038210 0.030013 0.039953 0.624226 0.028526
0.031841 0.032710 0.048389 0.036321 0.037788 0.033531 0.037389 0.037213 0.033390 0.043538 0.596673 0.031217
0.045915 0.037192 0.042307 0.047463 0.038276 0.035502 0.035658 0.041769 0.034094 0.039470 0.570629 0.031723
0.072802 0.044998 0.050370 0.049533 0.039750 0.036378 0.038521 0.046534 0.044624 0.042374 0.501614 0.032503
0.040428 0.041678 0.056276 0.049433 0.048034 0.041185 0.041360 0.064469 0.043132 0.049670 0.486375 0.037960
0.030148 0.029159 0.043275 0.034392 0.035721 0.036078 0.029510 0.052671 0.029587 0.043299 0.609422 0.026738
0.038486 0.036788 0.046553 0.037477 0.038447 0.046347 0.037784 0.064781 0.034208 0.044737 0.541987 0.032404
0.031596 0.032045 0.043680 0.033435 0.036879 0.042432 0.033216 0.047778 0.032273 0.046262 0.589536 0.030868
0.036932 0.039653 0.043423 0.039837 0.037554 0.035490 0.034131 0.052675 0.032145 0.042484 0.575880 0.029795
0.035100 0.039680 0.044815 0.036158 0.037477 0.041612 0.037550 0.061036 0.034174 0.041194 0.559616 0.031587
0.040552 0.039647 0.053142 0.046182 0.042397 0.049450 0.046000 0.077863 0.042354 0.047459 0.479611 0.035343
0.034410 0.039286 0.048984 0.042535 0.042673 0.042631 0.037458 0.062529 0.042854 0.043893 0.528537 0.034211
0.031993 0.041399 0.046593 0.036889 0.037388 0.039760 0.035493 0.047406 0.031454 0.041057 0.581325 0.029243
0.041889 0.035704 0.045940 0.045650 0.036083 0.044012 0.036011 0.050248 0.033302 0.041118 0.559945 0.030097
0.036127 0.038022 0.049422 0.045958 0.038044 0.050428 0.036566 0.044053 0.038355 0.044618 0.547247 0.031160
0.035138 0.045860 0.050449 0.037749 0.041218 0.037088 0.038858 0.038911 0.038516 0.048259 0.555351 0.032601
0.042018 0.035473 0.049513 0.038654 0.041165 0.038445 0.037893 0.045299 0.037439 0.046328 0.554384 0.033389
0.085148 0.037517 0.049937 0.041840 0.042403 0.048831 0.040766 0.062655 0.037575 0.051149 0.467761 0.034417
0.108174 0.039124 0.045919 0.041328 0.044422 0.038512 0.038538 0.049340 0.037378 0.047998 0.474486 0.034782
0.034859 0.037390 0.045266 0.039423 0.036968 0.038536 0.031854 0.051209 0.031406 0.043694 0.581947 0.027449
0.056033 0.048831 0.045737 0.034178 0.036094 0.042945 0.034954 0.044425 0.033016 0.044322 0.550620 0.028844
0.071661 0.050537 0.049681 0.045139 0.039371 0.037818 0.038125 0.047083 0.035794 0.040543 0.512742 0.031505
0.051094 0.054363 0.060626 0.044446 0.046148 0.050065 0.046099 0.064634 0.043619 0.053314 0.448978 0.036615
0.033322 0.034430 0.046831 0.038111 0.038271 0.043258 0.038094 0.067001 0.033954 0.043948 0.552629 0.030150
0.041188 0.032004 0.042578 0.038109 0.039510 0.037757 0.037947 0.058058 0.034872 0.040116 0.565989 0.031872
0.053148 0.037143 0.053229 0.042588 0.038649 0.044922 0.036517 0.052431 0.036623 0.050426 0.522217 0.032109
0.044732 0.038138 0.044580 0.050949 0.040005 0.039103 0.037295 0.040414 0.035069 0.040583 0.556537 0.032595
0.056088 0.043517 0.059228 0.051211 0.047635 0.043998 0.043135 0.052199 0.044662 0.053186 0.467181 0.037959
0.048176 0.037464 0.053977 0.046626 0.042643 0.041510 0.040740 0.051880 0.040081 0.050185 0.511446 0.035274
0.048016 0.047709 0.055628 0.047688 0.045453 0.050269 0.041382 0.064983 0.044043 0.050642 0.463990 0.040196
0.035368 0.035435 0.049035 0.037594 0.041485 0.035944 0.035949 0.051240 0.034651 0.048061 0.563960 0.031278
0.028397 0.029473 0.041510 0.031501 0.034901 0.040054 0.033938 0.052802 0.031141 0.040544 0.607418 0.028322
0.051380 0.037449 0.046330 0.040381 0.038507 0.038141 0.039254 0.054049 0.035923 0.049426 0.533156 0.036005
0.051728 0.038658 0.051380 0.055239 0.044151 0.044878 0.045248 0.041779 0.042840 0.053860 0.494395 0.035845
0.047878 0.050024 0.064691 0.049511 0.051607 0.048214 0.047245 0.057976 0.052127 0.055511 0.433459 0.041757
0.062462 0.039783 0.045237 0.044781 0.039821 0.043013 0.037936 0.049661 0.037161 0.045757 0.520736 0.033649
0.063425 0.059423 0.054516 0.044479 0.048251 0.045458 0.042634 0.064896 0.043267 0.050869 0.442116 0.040667
0.035695 0.029369 0.041607 0.031169 0.032073 0.035686 0.028273 0.044779 0.028142 0.038309 0.630321 0.024577
0.051903 0.037795 0.049144 0.038707 0.043584 0.040572 0.039934 0.038662 0.042521 0.048927 0.532504 0.035746
0.062463 0.031438 0.046634 0.036187 0.037277 0.034061 0.037272 0.042005 0.033470 0.041910 0.567112 0.030170
0.075338 0.044238 0.048356 0.053863 0.042711 0.046591 0.039795 0.059386 0.041012 0.050645 0.461211 0.036854
0.056556 0.047793 0.064414 0.050638 0.053976 0.047020 0.048842 0.063190 0.056135 0.060022 0.408965 0.042448
0.031770 0.048832 0.041321 0.037203 0.036205 0.034260 0.030429 0.050787 0.029599 0.041160 0.590798 0.027635
0.050324 0.045130 0.054984 0.044633 0.043934 0.051942 0.045909 0.081184 0.046574 0.051429 0.446620 0.037336
0.041205 0.030795 0.038331 0.037743 0.032913 0.036603 0.030445 0.040289 0.030019 0.037910 0.616242 0.027505
0.044471 0.045389 0.057995 0.044119 0.044786 0.040147 0.043784 0.044846 0.041706 0.055130 0.501779 0.035847
0.036908 0.038046 0.052775 0.040357 0.043082 0.039332 0.042087 0.043830 0.037801 0.045586 0.545236 0.034960
0.048177 0.043735 0.048534 0.057705 0.040321 0.043662 0.038356 0.048309 0.040359 0.045227 0.508083 0.037531
0.046575 0.078747 0.058574 0.052284 0.052360 0.048812 0.046701 0.053359 0.048551 0.054807 0.417084 0.042147
0.027972 0.028921 0.042441 0.033677 0.036577 0.039418 0.029665 0.049341 0.030162 0.039955 0.614945 0.026926
0.049927 0.072100 0.055347 0.043382 0.044985 0.040279 0.046295 0.054437 0.043100 0.050530 0.463018 0.036600
0.029498 0.032792 0.040338 0.046584 0.034575 0.038669 0.030883 0.046265 0.029978 0.036654 0.605322 0.028443
0.035057 0.067051 0.056060 0.048952 0.041810 0.040112 0.041389 0.063544 0.045451 0.048060 0.478051 0.034462
0.039146 0.049784 0.052283 0.042538 0.044000 0.042469 0.039958 0.048243 0.041862 0.048588 0.515104 0.036026
0.032643 0.034636 0.046262 0.032851 0.036487 0.036588 0.036331 0.043128 0.032857 0.044200 0.591924 0.032095
0.040988 0.059264 0.056285 0.043325 0.047653 0.043276 0.050219 0.052272 0.051387 0.053282 0.461701 0.040347
0.026340 0.026308 0.036364 0.034406 0.032662 0.029730 0.029713 0.037961 0.027267 0.036921 0.656402 0.025926
0.054429 0.041529 0.051482 0.045513 0.046774 0.043319 0.041629 0.069673 0.043466 0.048167 0.474885 0.039133
0.030675 0.044528 0.043710 0.033230 0.036688 0.038988 0.033019 0.049776 0.032283 0.039507 0.587944 0.029651
0.056476 0.044628 0.042768 0.037585 0.033361 0.031626 0.030432 0.043352 0.036054 0.035698 0.578166 0.029854
0.054676 0.047186 0.059704 0.045075 0.046970 0.043287 0.050078 0.054191 0.046255 0.054929 0.458510 0.039140
0.037170 0.025670 0.045368 0.037369 0.035530 0.038288 0.031519 0.059376 0.029420 0.041528 0.592724 0.026039
0.051580 0.037507 0.048269 0.054537 0.041074 0.044343 0.039804 0.059734 0.036586 0.045593 0.505226 0.035747
0.043757 0.033831 0.046369 0.035436 0.037827 0.039124 0.034198 0.038074 0.035205 0.046009 0.578385 0.031784
0.037903 0.044515 0.050559 0.036127 0.038742 0.032818 0.034893 0.038399 0.032762 0.045068 0.579626 0.028586
0.063940 0.047067 0.047414 0.037557 0.036757 0.037125 0.034971 0.048676 0.033489 0.041913 0.539415 0.031674
0.093224 0.044999 0.048589 0.049475 0.040542 0.050243 0.037643 0.070626 0.035266 0.044380 0.453041 0.031971
0.045369 0.050039 0.057099 0.048048 0.046370 0.052487 0.041408 0.072011 0.045867 0.054848 0.447718 0.038738
0.029823 0.041104 0.043342 0.031379 0.034047 0.031729 0.029820 0.041102 0.030252 0.044669 0.616457 0.026277
0.055168 0.031913 0.042953 0.034719 0.034749 0.032390 0.032766 0.036876 0.031812 0.038909 0.598727 0.029019
0.061361 0.041367 0.059442 0.057503 0.046728 0.046504 0.046037 0.051970 0.047327 0.048676 0.455078 0.038008
0.037252 0.054580 0.051388 0.037961 0.037998 0.038536 0.035374 0.055419 0.033575 0.044302 0.540922 0.032694
0.039384 0.067237 0.040575 0.045512 0.037966 0.037992 0.036557 0.053402 0.036145 0.038299 0.533181 0.033749
0.042561 0.054632 0.053656 0.059235 0.045789 0.052482 0.042709 0.072100 0.042742 0.050452 0.449795 0.033848
0.040865 0.048838 0.057263 0.050202 0.047812 0.048886 0.052907 0.060891 0.045411 0.060998 0.443932 0.041997
0.040233 0.039313 0.049819 0.048512 0.045157 0.039962 0.040914 0.056703 0.039955 0.048730 0.514336 0.036365
0.050085 0.034091 0.045743 0.039835 0.040152 0.042188 0.036753 0.059262 0.033809 0.047419 0.538720 0.031946
0.049788 0.043570 0.057290 0.049360 0.043777 0.047963 0.042919 0.056751 0.041269 0.050609 0.479221 0.037483
0.042771 0.041509 0.051325 0.041981 0.043798 0.040853 0.039758 0.043324 0.040337 0.047896 0.530036 0.036411
0.051915 0.038901 0.049813 0.037666 0.038882 0.037942 0.037329 0.040397 0.037600 0.045898 0.550532 0.033125
0.052068 0.044557 0.053843 0.045227 0.043830 0.044691 0.042519 0.052903 0.045380 0.052767 0.481642 0.040574
0.054127 0.043898 0.060087 0.046296 0.047079 0.050894 0.049688 0.051934 0.044584 0.060610 0.450070 0.040732
0.046790 0.036772 0.043162 0.046598 0.037402 0.033735 0.031944 0.046176 0.031540 0.039751 0.576521 0.029608
0.050732 0.052370 0.043376 0.039170 0.039080 0.039319 0.035660 0.042209 0.036531 0.043326 0.545356 0.032873
0.052391 0.040035 0.057538 0.039944 0.043766 0.040320 0.045274 0.047320 0.043755 0.049738 0.503282 0.036637
0.042400 0.043416 0.049057 0.043946 0.042413 0.044403 0.039359 0.059279 0.041420 0.047155 0.510361 0.036792
0.045037 0.047761 0.062181 0.049888 0.049759 0.052435 0.048250 0.062474 0.046939 0.060074 0.430588 0.044613
0.087203 0.058922 0.048551 0.046196 0.043870 0.042970 0.040985 0.052069 0.039379 0.049667 0.453821 0.036368
0.043652 0.044309 0.052674 0.041901 0.041579 0.037834 0.037232 0.052593 0.039328 0.045566 0.528329 0.035004
0.030303 0.030658 0.043416 0.030947 0.034318 0.030206 0.032194 0.031418 0.032323 0.039140 0.636401 0.028675
0.081521 0.046292 0.055067 0.045347 0.045863 0.044027 0.045529 0.044705 0.043030 0.051337 0.459640 0.037643
0.066858 0.061347 0.054628 0.047631 0.048823 0.053406 0.045942 0.051463 0.045045 0.050028 0.434523 0.040306
0.043200 0.048708 0.051136 0.050637 0.049647 0.049163 0.044516 0.058136 0.044107 0.052575 0.468250 0.039926
0.035595 0.031809 0.044737 0.043237 0.037305 0.034971 0.036736 0.049337 0.041591 0.044058 0.571207 0.029417
0.036245 0.032845 0.046724 0.034595 0.036188 0.044321 0.036166 0.035590 0.035950 0.047693 0.582233 0.031450
0.072168 0.047545 0.054291 0.045728 0.047513 0.045489 0.049511 0.055915 0.045610 0.049635 0.446297 0.040298
0.041978 0.040118 0.046725 0.061476 0.043314 0.046696 0.041417 0.060228 0.037506 0.042721 0.503032 0.034790
0.042288 0.045662 0.044433 0.049193 0.038494 0.045847 0.037278 0.069140 0.038372 0.038974 0.518389 0.031930
0.055106 0.041898 0.050207 0.050742 0.043812 0.045447 0.039728 0.053709 0.044286 0.045190 0.495923 0.033952
0.057118 0.036514 0.050712 0.043852 0.040670 0.037967 0.035649 0.053615 0.040721 0.045768 0.525952 0.031461
0.052074 0.053699 0.057428 0.066609 0.049090 0.046626 0.045589 0.059334 0.045280 0.052345 0.429232 0.042695
0.043884 0.043655 0.056242 0.050472 0.051420 0.047448 0.044437 0.071662 0.045909 0.053391 0.450923 0.040558
0.030481 0.031738 0.041208 0.034013 0.035006 0.036948 0.032240 0.057211 0.032480 0.041458 0.596629 0.030588
0.033443 0.035139 0.044617 0.035499 0.037059 0.034209 0.034810 0.034964 0.035021 0.040798 0.601536 0.032906
0.038176 0.034666 0.051317 0.049686 0.039160 0.035621 0.042896 0.035911 0.041452 0.046289 0.553320 0.031507
0.072124 0.048230 0.057857 0.051512 0.051205 0.056350 0.049056 0.078146 0.047890 0.055787 0.386910 0.044935
0.040628 0.040162 0.055833 0.042717 0.042987 0.046224 0.043881 0.067672 0.046164 0.048688 0.487909 0.037134
0.034860 0.040376 0.040053 0.038411 0.037152 0.034344 0.033803 0.058414 0.033138 0.038791 0.580469 0.030187
0.032858 0.035178 0.047946 0.035081 0.040106 0.039667 0.044334 0.043396 0.034302 0.043444 0.572675 0.031012
0.034937 0.034946 0.049138 0.049852 0.035879 0.037862 0.036459 0.035037 0.033321 0.043231 0.577594 0.031743
0.041562 0.036007 0.049435 0.041861 0.039866 0.039472 0.039036 0.054340 0.038606 0.044284 0.541836 0.033695
0.080324 0.037117 0.047618 0.035355 0.036976 0.034260 0.034410 0.038217 0.034066 0.043671 0.546641 0.031344
0.049775 0.041127 0.053767 0.041215 0.042223 0.037341 0.039092 0.054590 0.039113 0.047288 0.517818 0.036652
0.048738 0.053382 0.047710 0.047812 0.040453 0.038886 0.036819 0.069913 0.038600 0.044551 0.497338 0.035798
0.038701 0.048333 0.054588 0.044664 0.045592 0.050826 0.038779 0.061651 0.040506 0.051045 0.488732 0.036583
0.032740 0.039900 0.043601 0.037601 0.037507 0.043240 0.035339 0.060115 0.034639 0.042888 0.558654 0.033775
0.029427 0.027443 0.037102 0.038772 0.031529 0.032088 0.029103 0.032296 0.028287 0.036134 0.650858 0.026960
0.059540 0.041938 0.058660 0.045190 0.047774 0.044127 0.045689 0.053282 0.047166 0.053463 0.465450 0.037721
0.039613 0.039616 0.051337 0.038968 0.043074 0.042046 0.039925 0.056654 0.037955 0.051418 0.525226 0.034167
0.061929 0.047550 0.044412 0.041944 0.040288 0.043969 0.036491 0.068144 0.035408 0.041597 0.501080 0.037189
0.056942 0.042924 0.049425 0.040813 0.044762 0.041351 0.041595 0.051732 0.041553 0.048277 0.504891 0.035735
0.052213 0.034504 0.047292 0.041717 0.036661 0.039480 0.030364 0.054874 0.031554 0.044764 0.560535 0.026042
0.050804 0.043553 0.058180 0.041865 0.044797 0.043966 0.041873 0.048707 0.043038 0.052412 0.492589 0.038217
0.044002 0.031209 0.045279 0.041718 0.038774 0.044112 0.036134 0.049029 0.031158 0.042185 0.567761 0.028641
0.053930 0.046321 0.053997 0.057784 0.043938 0.044531 0.040131 0.052210 0.045776 0.049364 0.472733 0.039285
0.035837 0.039210 0.048800 0.043520 0.041910 0.040680 0.037875 0.046569 0.039660 0.047240 0.545566 0.033132
0.034795 0.032750 0.045193 0.036961 0.039668 0.033677 0.036067 0.042613 0.033503 0.040730 0.593442 0.030601
0.053334 0.045647 0.057630 0.043820 0.044930 0.045740 0.045763 0.065278 0.044346 0.051234 0.462398 0.039881
0.034092 0.042375 0.041089 0.040109 0.037435 0.034985 0.033743 0.054438 0.033062 0.041770 0.572808 0.034094
0.044972 0.041497 0.051095 0.041743 0.042149 0.038751 0.039849 0.045099 0.044066 0.048637 0.528203 0.033938
0.028016 0.035342 0.042977 0.048500 0.036529 0.042000 0.032829 0.042948 0.029563 0.040879 0.592739 0.027679
0.042738 0.041271 0.055776 0.045815 0.044128 0.045492 0.042799 0.057869 0.044003 0.044124 0.497800 0.038185
0.036598 0.038285 0.054091 0.043689 0.045224 0.041121 0.047341 0.059764 0.046507 0.049598 0.502597 0.035187
0.036286 0.030469 0.038146 0.037669 0.033384 0.037438 0.029020 0.051480 0.029149 0.038634 0.612183 0.026143
0.057110 0.056746 0.049446 0.048052 0.045338 0.049863 0.042886 0.064655 0.043407 0.046323 0.455626 0.040548
0.037912 0.037530 0.046818 0.036174 0.039861 0.039874 0.034239 0.057262 0.035560 0.043994 0.559603 0.031172
0.039227 0.030258 0.043218 0.039870 0.035678 0.035881 0.030351 0.050977 0.030320 0.039708 0.594437 0.030074
0.066242 0.036332 0.051528 0.040199 0.038175 0.040031 0.037315 0.044369 0.042888 0.042708 0.525161 0.035052
0.070482 0.041946 0.058635 0.049345 0.046652 0.047308 0.047806 0.057967 0.044719 0.054195 0.443626 0.037319
0.079408 0.042385 0.051175 0.055196 0.044222 0.046783 0.041232 0.058796 0.041143 0.047771 0.453451 0.038437
0.034441 0.038305 0.048652 0.037375 0.039914 0.042922 0.034710 0.039530 0.041589 0.048425 0.562989 0.031146
0.054803 0.043650 0.047256 0.040111 0.042839 0.045093 0.039148 0.057940 0.042444 0.048533 0.504248 0.033936
0.037124 0.038856 0.054340 0.042700 0.041086 0.050584 0.040143 0.051910 0.038274 0.048384 0.521880 0.034718
0.049641 0.049481 0.049060 0.061178 0.042990 0.044473 0.039928 0.051427 0.043007 0.045934 0.485462 0.037420
0.056676 0.053547 0.057091 0.047124 0.047992 0.047170 0.044270 0.058971 0.046630 0.056082 0.446628 0.037820
0.054836 0.037197 0.051777 0.040637 0.041195 0.041191 0.042954 0.061467 0.037107 0.044025 0.514508 0.033106
0.046602 0.049340 0.049451 0.045434 0.042788 0.039833 0.040415 0.045821 0.040904 0.046670 0.516075 0.036668
0.078119 0.040689 0.049915 0.049609 0.044927 0.042259 0.040328 0.049814 0.046226 0.045518 0.477114 0.035483
0.054476 0.054798 0.056361 0.050804 0.047256 0.051817 0.043291 0.059735 0.045793 0.052608 0.442514 0.040548
0.064068 0.057552 0.048481 0.042947 0.044655 0.040365 0.040143 0.042051 0.039289 0.047388 0.496573 0.036488
0.040033 0.047183 0.048563 0.048824 0.043040 0.042777 0.037313 0.038277 0.047617 0.047330 0.524686 0.034358
0.043217 0.080733 0.062914 0.044100 0.048408 0.044792 0.046011 0.042290 0.055194 0.055999 0.437445 0.038899
0.039490 0.040561 0.052386 0.041168 0.042993 0.040684 0.040872 0.042779 0.040834 0.049262 0.530735 0.038238
0.046247 0.041627 0.049995 0.048214 0.048934 0.043003 0.043031 0.057169 0.042607 0.052564 0.484861 0.041748
0.053203 0.041612 0.049209 0.038220 0.043407 0.041357 0.041358 0.052073 0.038441 0.047403 0.516980 0.036736
0.038961 0.046108 0.048968 0.039423 0.043843 0.039381 0.042748 0.040874 0.041434 0.045343 0.536360 0.036556
0.046028 0.041440 0.046430 0.049345 0.046738 0.040060 0.040934 0.050643 0.039663 0.046673 0.515698 0.036348
0.059748 0.063176 0.053579 0.048701 0.047166 0.047271 0.045257 0.064774 0.041399 0.046399 0.442736 0.039796
0.049718 0.090098 0.059113 0.052673 0.045983 0.052539 0.046651 0.045079 0.046953 0.056411 0.417825 0.036956
0.068832 0.033344 0.048733 0.036391 0.039554 0.034368 0.034868 0.037394 0.036067 0.043946 0.554541 0.031963
0.068475 0.032871 0.048202 0.031255 0.035456 0.031931 0.032251 0.032263 0.031456 0.041533 0.585406 0.028900
0.068139 0.046832 0.055614 0.043819 0.043697 0.042069 0.045108 0.052530 0.042723 0.051054 0.468352 0.040062
0.038583 0.039637 0.054138 0.044828 0.043996 0.041316 0.040657 0.047313 0.040897 0.054730 0.516637 0.037267
0.050591 0.038982 0.050460 0.042913 0.042404 0.039854 0.040899 0.048331 0.040043 0.048561 0.519557 0.037406
0.037636 0.045312 0.042782 0.057432 0.041076 0.043386 0.038432 0.048727 0.038605 0.047330 0.522628 0.036654
0.085726 0.047074 0.051870 0.046959 0.044592 0.051282 0.042036 0.050334 0.045361 0.048826 0.447177 0.038764
0.057890 0.034447 0.051943 0.041884 0.040438 0.036405 0.037645 0.051491 0.037032 0.048124 0.532428 0.030272
0.048901 0.067855 0.045818 0.038502 0.036853 0.035014 0.036472 0.042290 0.035159 0.038571 0.544492 0.030073
0.049220 0.073346 0.051975 0.039592 0.042206 0.040859 0.040190 0.042812 0.043387 0.046858 0.494705 0.034852
0.032326 0.033613 0.049580 0.034878 0.037252 0.034734 0.037551 0.046196 0.034834 0.049383 0.578150 0.031502
0.039089 0.033456 0.047582 0.044452 0.038867 0.040635 0.037674 0.041991 0.035175 0.040001 0.567820 0.033258
0.070103 0.038277 0.053989 0.049453 0.043625 0.042646 0.042276 0.060846 0.042668 0.047774 0.472301 0.036044
0.053751 0.043999 0.052015 0.042315 0.046156 0.043662 0.042566 0.057962 0.046098 0.049914 0.484174 0.037386
0.042122 0.035709 0.045347 0.046746 0.039076 0.035628 0.036247 0.040093 0.034703 0.043192 0.569846 0.031291
0.067369 0.037788 0.046761 0.038057 0.043404 0.040434 0.037245 0.046963 0.041498 0.048393 0.518428 0.033661
0.044385 0.045111 0.052489 0.048035 0.041688 0.051056 0.040440 0.056706 0.040324 0.050451 0.496680 0.032634
0.037031 0.040779 0.046075 0.035546 0.038162 0.037178 0.034807 0.035324 0.035831 0.044607 0.581755 0.032904
0.031862 0.030987 0.044316 0.052174 0.039068 0.031963 0.035617 0.039318 0.030961 0.042059 0.594149 0.027525
0.042457 0.038916 0.050728 0.040414 0.041207 0.045881 0.039588 0.044461 0.048755 0.044502 0.528188 0.034904
0.047328 0.040499 0.049417 0.042917 0.042761 0.039700 0.044320 0.057291 0.045478 0.045833 0.507472 0.036984
0.037930 0.036857 0.045560 0.043667 0.040938 0.037819 0.037713 0.047794 0.036632 0.043462 0.556435 0.035193
0.040533 0.039198 0.051496 0.043096 0.043898 0.041881 0.041381 0.068919 0.035578 0.046399 0.513456 0.034167
0.045239 0.033955 0.041764 0.052193 0.036923 0.043224 0.034144 0.057222 0.033947 0.046510 0.540980 0.033899
0.039775 0.042976 0.053399 0.045942 0.043656 0.039759 0.038328 0.038765 0.038291 0.046504 0.538783 0.033821
0.042870 0.046870 0.044491 0.043940 0.040655 0.036210 0.036687 0.049026 0.035373 0.043947 0.548583 0.031348
0.060366 0.051610 0.061143 0.049016 0.045319 0.055367 0.040978 0.065292 0.047503 0.050035 0.433856 0.039516
0.061862 0.041700 0.051671 0.045598 0.045683 0.041591 0.041059 0.074970 0.041757 0.047119 0.468614 0.038377
0.031951 0.032516 0.043983 0.040936 0.035465 0.043004 0.030350 0.049834 0.030562 0.043885 0.590208 0.027306
0.040059 0.048652 0.061292 0.052709 0.045960 0.044319 0.044068 0.048966 0.046459 0.053204 0.474463 0.039848
0.039946 0.037861 0.045215 0.054336 0.037595 0.036659 0.034246 0.038683 0.036994 0.046971 0.560562 0.030931
0.062845 0.052183 0.057303 0.048502 0.049355 0.043433 0.045126 0.049455 0.051419 0.052221 0.448168 0.039991
0.072937 0.037030 0.045357 0.036801 0.039389 0.040776 0.035743 0.044820 0.034785 0.047490 0.533291 0.031579
0.111529 0.074658 0.045795 0.040906 0.039589 0.039784 0.044041 0.046393 0.037888 0.042971 0.444138 0.032307
0.049229 0.072990 0.057915 0.045451 0.047317 0.053420 0.044288 0.056607 0.044388 0.057278 0.433674 0.037443
0.042845 0.029665 0.039096 0.035806 0.034518 0.029629 0.028697 0.049135 0.027436 0.041965 0.617000 0.024209
0.048135 0.041197 0.054311 0.046753 0.045321 0.041070 0.044009 0.040623 0.049635 0.052816 0.498368 0.037762
0.071117 0.052695 0.048906 0.042273 0.039044 0.035969 0.036089 0.049395 0.037244 0.045722 0.508907 0.032639
0.082391 0.051066 0.059149 0.048853 0.047621 0.044284 0.044023 0.045294 0.052313 0.050727 0.433740 0.040539
0.051994 0.047450 0.053219 0.044524 0.047321 0.044557 0.043938 0.059602 0.044272 0.050835 0.471930 0.040357
0.037017 0.047744 0.046696 0.039568 0.038955 0.039509 0.036856 0.052048 0.035654 0.045177 0.546524 0.034254
0.044155 0.045849 0.054445 0.042575 0.043727 0.041395 0.042732 0.046963 0.043647 0.054136 0.499527 0.040851
0.034140 0.033812 0.043896 0.035536 0.037659 0.034511 0.034282 0.037543 0.034073 0.044126 0.597951 0.032470
0.047402 0.043211 0.057693 0.048420 0.048518 0.045277 0.050033 0.061907 0.048693 0.053262 0.452378 0.043206
0.047928 0.050768 0.049921 0.044159 0.041354 0.043188 0.038295 0.049328 0.040078 0.048727 0.509668 0.036586
0.055065 0.049625 0.054104 0.045199 0.046482 0.042695 0.044393 0.050625 0.046384 0.048365 0.478493 0.038572
0.043120 0.038770 0.054126 0.041982 0.048930 0.041197 0.042003 0.047655 0.040995 0.053411 0.511966 0.035845
0.045144 0.035643 0.045309 0.039777 0.038326 0.042606 0.035865 0.072078 0.035243 0.042971 0.533022 0.034016
0.077055 0.047021 0.051030 0.042625 0.043609 0.038774 0.039509 0.056564 0.038494 0.048095 0.478824 0.038399
0.074979 0.040605 0.044884 0.034764 0.037224 0.030880 0.031013 0.038120 0.031886 0.043441 0.564826 0.027376
0.074877 0.052519 0.048890 0.038926 0.038248 0.036881 0.038396 0.036890 0.037097 0.044707 0.519314 0.033253
0.056624 0.043834 0.052085 0.044181 0.048591 0.044960 0.044979 0.045819 0.043399 0.051452 0.484166 0.039911
0.039738 0.038230 0.054987 0.054631 0.043733 0.045557 0.040210 0.057901 0.041207 0.053667 0.495179 0.034961
0.038298 0.043186 0.050099 0.054385 0.042797 0.046127 0.039578 0.050371 0.044488 0.047131 0.507469 0.036070
0.034383 0.037893 0.042938 0.055522 0.040294 0.044702 0.035318 0.047398 0.034917 0.043371 0.552018 0.031247
0.037905 0.049752 0.051045 0.040038 0.042596 0.041637 0.047872 0.050193 0.047469 0.048790 0.507559 0.035143
0.044165 0.041271 0.043601 0.032798 0.036026 0.035198 0.037176 0.038589 0.036755 0.043571 0.579881 0.030968
0.054582 0.045315 0.055000 0.046722 0.046009 0.042449 0.046295 0.063607 0.043024 0.049358 0.468918 0.038721
0.039231 0.043329 0.053684 0.049130 0.043178 0.045861 0.041899 0.083240 0.038571 0.045955 0.481592 0.034330
0.041025 0.052356 0.048895 0.037994 0.040521 0.045612 0.037486 0.054989 0.039332 0.044199 0.520539 0.037050
0.034616 0.034762 0.048682 0.035649 0.039055 0.035968 0.040324 0.042917 0.042262 0.044948 0.568914 0.031905
0.045626 0.039799 0.045712 0.041121 0.038083 0.033881 0.033083 0.042007 0.033010 0.042465 0.574882 0.030332
0.056212 0.052073 0.063806 0.049180 0.051253 0.048524 0.050410 0.048494 0.050430 0.055864 0.430774 0.042979
0.043713 0.042405 0.051149 0.053333 0.047251 0.043556 0.042773 0.062125 0.040931 0.048775 0.484838 0.039150
0.041729 0.033453 0.044643 0.040764 0.038052 0.049269 0.033305 0.069533 0.036094 0.040027 0.541294 0.031836
0.040334 0.043101 0.047381 0.045617 0.041374 0.042100 0.037670 0.037999 0.037549 0.046873 0.546179 0.033824
0.056005 0.045360 0.052281 0.047670 0.041373 0.037841 0.039722 0.037878 0.043337 0.050757 0.513424 0.034353
0.047450 0.046532 0.059212 0.047252 0.045865 0.043569 0.044238 0.067606 0.046252 0.051797 0.459734 0.040492
0.039467 0.043101 0.052688 0.041372 0.043728 0.042304 0.040723 0.054039 0.040174 0.054854 0.511312 0.036238
0.082738 0.064461 0.046933 0.041742 0.040417 0.046012 0.036503 0.061056 0.039170 0.048450 0.458631 0.033888
0.037592 0.044402 0.040214 0.042912 0.033907 0.043001 0.030202 0.051572 0.031751 0.038304 0.577277 0.028867
0.047028 0.047012 0.057122 0.043642 0.046288 0.041412 0.046148 0.053541 0.048017 0.050856 0.483274 0.035661
0.036503 0.036931 0.055019 0.040254 0.042999 0.043360 0.042271 0.047717 0.039113 0.052468 0.528631 0.034733
0.044918 0.038557 0.054115 0.042173 0.042640 0.044216 0.043197 0.049678 0.044491 0.049362 0.508219 0.038434
0.057036 0.043454 0.053061 0.044849 0.043961 0.041668 0.047383 0.052475 0.048954 0.050183 0.479226 0.037750
0.044141 0.043327 0.043288 0.033177 0.037315 0.037279 0.033065 0.038813 0.033503 0.040007 0.586239 0.029846
0.038045 0.038979 0.048805 0.043670 0.039305 0.040972 0.040040 0.047646 0.036040 0.045841 0.545128 0.035530
0.047049 0.045115 0.049164 0.046412 0.040804 0.037138 0.038951 0.040441 0.041594 0.043672 0.534343 0.035318
0.050400 0.063564 0.057182 0.053522 0.045993 0.046208 0.042467 0.054533 0.043048 0.051336 0.455086 0.036662
0.042542 0.041131 0.060725 0.046477 0.049356 0.045085 0.044588 0.060034 0.045563 0.052591 0.471776 0.040132
0.031991 0.050807 0.043489 0.041858 0.038739 0.036197 0.033984 0.055255 0.033860 0.043342 0.559550 0.030927
0.034685 0.074549 0.043580 0.041668 0.037734 0.044384 0.035152 0.042377 0.035139 0.046213 0.530129 0.034392
0.034428 0.073937 0.050136 0.050971 0.041357 0.040468 0.036918 0.036534 0.040314 0.050113 0.513268 0.031555
0.038787 0.043621 0.053424 0.039075 0.042004 0.041177 0.041435 0.045456 0.042141 0.054799 0.522680 0.035401
0.055235 0.044281 0.050938 0.057213 0.042945 0.040861 0.041919 0.065770 0.039444 0.050034 0.475261 0.036101
0.043801 0.051479 0.057096 0.054844 0.048885 0.056999 0.043972 0.070513 0.047634 0.053401 0.431970 0.039406
0.033987 0.052630 0.049516 0.039690 0.041448 0.039759 0.034586 0.062667 0.043254 0.043392 0.527998 0.031073
0.038101 0.037069 0.047878 0.034850 0.039221 0.035508 0.038398 0.038864 0.035079 0.040848 0.582266 0.031918
0.050526 0.044518 0.048112 0.036817 0.036354 0.037792 0.040848 0.039744 0.035614 0.042138 0.555567 0.031971
0.058801 0.052511 0.058778 0.057374 0.048931 0.045253 0.051702 0.055821 0.047253 0.057083 0.423968 0.042524
0.045758 0.047908 0.057484 0.047203 0.048987 0.045433 0.049274 0.048703 0.052928 0.060138 0.456048 0.040136
0.036827 0.040279 0.052577 0.041386 0.042669 0.038696 0.041669 0.056677 0.037665 0.049894 0.526094 0.035567
0.038311 0.039016 0.053711 0.038073 0.040798 0.039124 0.042981 0.054838 0.039390 0.049814 0.525046 0.038898
0.034579 0.081288 0.049648 0.041988 0.039936 0.036587 0.036834 0.046056 0.037507 0.049135 0.512875 0.033566
0.033815 0.033248 0.047914 0.035431 0.041280 0.035023 0.036434 0.037052 0.035008 0.045666 0.586420 0.032709
0.080667 0.038890 0.045669 0.044659 0.038754 0.036947 0.035342 0.043987 0.034061 0.040441 0.528146 0.032436
0.086641 0.046971 0.047712 0.045293 0.039400 0.037589 0.037753 0.038855 0.037724 0.045403 0.503094 0.033565
0.049339 0.042089 0.056943 0.050687 0.044159 0.039676 0.041683 0.060604 0.048019 0.051797 0.479379 0.035625
0.057634 0.034809 0.048829 0.037674 0.039857 0.036161 0.036161 0.050865 0.036176 0.045482 0.545253 0.031099
0.041441 0.038122 0.046039 0.036975 0.039230 0.042698 0.038661 0.071805 0.035457 0.044565 0.530990 0.034016
0.036747 0.039848 0.047852 0.035531 0.038282 0.038178 0.035960 0.047446 0.035816 0.048113 0.559429 0.036798
0.034032 0.031846 0.041523 0.037890 0.038963 0.038737 0.034001 0.041865 0.031803 0.046657 0.592868 0.029814
0.046892 0.043522 0.051384 0.044984 0.044703 0.040241 0.039106 0.040483 0.037688 0.047773 0.528475 0.034747
0.041587 0.047785 0.055476 0.064038 0.045954 0.049484 0.047054 0.075228 0.043034 0.053522 0.439831 0.037006
0.042235 0.043599 0.056013 0.051515 0.046746 0.051553 0.042870 0.075074 0.048725 0.049018 0.452088 0.040565
0.037730 0.037156 0.049310 0.040189 0.041588 0.046080 0.036426 0.065078 0.037956 0.050679 0.526604 0.031203
0.038788 0.034245 0.042321 0.036519 0.036167 0.042876 0.034497 0.062284 0.032870 0.042807 0.565627 0.030998
0.050318 0.035216 0.044712 0.035707 0.038810 0.041150 0.036773 0.045337 0.033156 0.045843 0.561421 0.031559
0.041017 0.050064 0.048148 0.039337 0.041081 0.037136 0.037574 0.049329 0.037671 0.047853 0.535902 0.034888
0.035932 0.049906 0.047561 0.037980 0.040928 0.036473 0.042116 0.039845 0.042790 0.045273 0.547949 0.033245
0.048663 0.047590 0.060831 0.050023 0.047774 0.044699 0.048349 0.062286 0.044803 0.053563 0.449333 0.042085
0.070588 0.051531 0.056312 0.046076 0.047234 0.046024 0.045538 0.060181 0.046259 0.051527 0.440106 0.038624
0.057761 0.059137 0.047596 0.046259 0.043821 0.043943 0.039137 0.067703 0.040188 0.049119 0.466794 0.038542
0.035745 0.034515 0.045858 0.036361 0.040278 0.042615 0.035110 0.045952 0.037998 0.047973 0.565929 0.031665
0.031647 0.032209 0.045180 0.033749 0.036160 0.031370 0.035665 0.032153 0.032203 0.046126 0.614416 0.029122
0.056294 0.044175 0.056656 0.042721 0.044815 0.044045 0.042742 0.041481 0.045072 0.051200 0.490879 0.039919
0.057139 0.041625 0.058019 0.046759 0.045921 0.042666 0.046800 0.068753 0.040247 0.052060 0.462211 0.037800
0.047090 0.049164 0.053260 0.045924 0.047289 0.043999 0.043486 0.071526 0.043802 0.050478 0.461188 0.042795
0.084045 0.049724 0.036857 0.040710 0.033564 0.035879 0.030921 0.052313 0.029898 0.036600 0.542133 0.027357
0.047888 0.039895 0.052377 0.038508 0.042022 0.037967 0.039868 0.039813 0.042639 0.048561 0.535690 0.034770
0.049384 0.044347 0.060998 0.040445 0.047164 0.041341 0.044551 0.044955 0.041945 0.056925 0.491905 0.036038
0.055059 0.042435 0.051269 0.042986 0.042745 0.049349 0.040941 0.054415 0.039833 0.052289 0.491217 0.037463
0.056240 0.048144 0.060223 0.047184 0.047681 0.050502 0.048053 0.068383 0.045358 0.054395 0.431117 0.042720
0.036719 0.034733 0.040119 0.035623 0.036828 0.037933 0.034172 0.038815 0.033426 0.043903 0.596001 0.031727
0.042284 0.043700 0.053474 0.046376 0.046997 0.041417 0.043591 0.048010 0.040811 0.048052 0.508588 0.036699
0.034774 0.035539 0.048194 0.040578 0.040340 0.038214 0.039569 0.053937 0.036650 0.045577 0.553525 0.033103
0.046617 0.045525 0.058029 0.054174 0.045177 0.053915 0.046596 0.084401 0.041978 0.050857 0.431761 0.040969
0.060782 0.046128 0.052825 0.049106 0.047250 0.046911 0.042309 0.063089 0.043077 0.050862 0.457113 0.040547
0.038189 0.040052 0.044793 0.051122 0.039555 0.036683 0.032916 0.044858 0.033630 0.047725 0.560127 0.030351
0.077544 0.043741 0.058334 0.047111 0.046220 0.039070 0.043559 0.048627 0.041624 0.048271 0.467702 0.038196
0.074142 0.047490 0.040382 0.041995 0.036465 0.042374 0.033991 0.042328 0.034832 0.043095 0.531487 0.031420
0.045912 0.047386 0.060612 0.048162 0.050484 0.049459 0.050090 0.056763 0.054175 0.056820 0.439796 0.040340
0.039812 0.036748 0.045628 0.039528 0.041382 0.038665 0.038010 0.056734 0.037231 0.046533 0.545361 0.034367
0.077752 0.035316 0.047854 0.041657 0.040747 0.042782 0.037771 0.062584 0.035086 0.046346 0.498562 0.033544
0.057435 0.043624 0.051266 0.042887 0.044933 0.051934 0.043959 0.045987 0.041982 0.051691 0.487106 0.037194
0.034590 0.043946 0.048295 0.035710 0.039566 0.037134 0.037926 0.038791 0.035851 0.046819 0.570438 0.030934
0.036987 0.046688 0.055717 0.042106 0.043737 0.039462 0.043911 0.053255 0.046404 0.046228 0.508028 0.037476
0.048493 0.051726 0.047345 0.049306 0.042490 0.047655 0.038553 0.059312 0.038202 0.045168 0.497458 0.034292
0.041952 0.040401 0.060682 0.046938 0.045808 0.048189 0.042576 0.068719 0.043995 0.052640 0.471375 0.036726
0.033163 0.036069 0.043667 0.035669 0.040129 0.034049 0.035432 0.049744 0.034609 0.042002 0.584126 0.031340
0.071081 0.029122 0.040744 0.032238 0.030730 0.028093 0.030911 0.034104 0.027538 0.035207 0.614620 0.025613
0.091251 0.041871 0.055780 0.045642 0.046618 0.042875 0.043444 0.048547 0.043386 0.050806 0.448319 0.041461
0.039181 0.040840 0.053605 0.042900 0.046134 0.041386 0.041942 0.046534 0.041463 0.054698 0.514018 0.037300
0.060034 0.046114 0.044457 0.046058 0.039524 0.038835 0.036024 0.049962 0.035683 0.043031 0.527985 0.032294
0.044258 0.040936 0.048005 0.043263 0.043959 0.046594 0.038993 0.074716 0.038433 0.045984 0.498108 0.036751
0.045128 0.035180 0.053836 0.039761 0.037768 0.042476 0.035436 0.051256 0.034049 0.048071 0.545150 0.031889
0.043913 0.037132 0.049882 0.040917 0.043358 0.038918 0.038689 0.040595 0.039806 0.045011 0.546562 0.035218
0.037632 0.031191 0.041722 0.035762 0.038321 0.042084 0.033965 0.054986 0.031611 0.039814 0.584302 0.028611
0.045497 0.044414 0.057582 0.043416 0.043930 0.046364 0.044724 0.059557 0.043796 0.048898 0.481087 0.040734
0.034155 0.034999 0.046590 0.043958 0.040485 0.041839 0.034301 0.044517 0.033302 0.049269 0.564341 0.032244
0.043653 0.038829 0.047572 0.061112 0.041272 0.036290 0.038797 0.049229 0.036915 0.047038 0.526756 0.032537
0.042174 0.042063 0.056149 0.047597 0.049204 0.051361 0.048048 0.069681 0.048118 0.051992 0.456600 0.037013
0.036643 0.034137 0.047277 0.035887 0.035475 0.038526 0.036293 0.069841 0.033332 0.043467 0.556616 0.032507
0.040306 0.050955 0.052891 0.048645 0.042943 0.039846 0.038283 0.046263 0.038910 0.047809 0.517534 0.035615
0.037019 0.047755 0.054054 0.047415 0.043863 0.050395 0.037758 0.053402 0.039048 0.049626 0.507093 0.032573
0.034321 0.065843 0.053164 0.046161 0.040856 0.046041 0.038082 0.043913 0.037386 0.045240 0.517883 0.031109
0.039078 0.037337 0.051637 0.043806 0.040667 0.044888 0.037436 0.051783 0.042128 0.045283 0.532641 0.033315
0.047605 0.036464 0.051512 0.040038 0.038075 0.040030 0.034240 0.039566 0.038172 0.049783 0.554851 0.029664
0.049929 0.050361 0.061631 0.054855 0.053985 0.047255 0.054307 0.065130 0.048488 0.055814 0.414850 0.043394
0.045513 0.047909 0.049090 0.042136 0.040221 0.045840 0.037627 0.063697 0.037597 0.047002 0.510115 0.033253
0.050016 0.066387 0.046178 0.044358 0.038127 0.045889 0.039838 0.056657 0.036116 0.046945 0.496377 0.033112
0.073204 0.038136 0.050128 0.046960 0.043883 0.050143 0.042872 0.045634 0.044335 0.054443 0.476238 0.034024
0.047541 0.060664 0.053662 0.058299 0.042902 0.038225 0.043301 0.042002 0.039923 0.051157 0.488233 0.034090
0.046900 0.047340 0.060210 0.054762 0.050985 0.046832 0.051826 0.054833 0.055921 0.057987 0.430578 0.041825
0.046923 0.047544 0.061261 0.067844 0.053470 0.052704 0.050628 0.075793 0.050314 0.057674 0.392265 0.043579
0.043113 0.053165 0.059733 0.057766 0.049456 0.048874 0.047099 0.053256 0.044902 0.052957 0.449709 0.039969
0.043113 0.042963 0.048992 0.040295 0.042141 0.039157 0.039917 0.045495 0.040208 0.047564 0.533706 0.036450
0.038629 0.044917 0.052498 0.052287 0.040119 0.038417 0.041470 0.037106 0.039633 0.051395 0.529701 0.033830
0.068266 0.050353 0.063047 0.051534 0.050844 0.050683 0.052300 0.063169 0.050765 0.062962 0.389868 0.046209
0.053462 0.052074 0.065222 0.051617 0.051723 0.050337 0.049725 0.056060 0.052994 0.064440 0.406200 0.046145
0.041458 0.058399 0.054477 0.053225 0.049473 0.043075 0.044528 0.066639 0.043622 0.054716 0.450230 0.040159
0.040764 0.066139 0.056020 0.046001 0.050088 0.051424 0.043366 0.058027 0.044402 0.054090 0.449278 0.040401
0.040951 0.041138 0.050239 0.050767 0.044492 0.040740 0.046409 0.050091 0.039494 0.048644 0.511400 0.035635
0.055620 0.045941 0.052993 0.045969 0.045756 0.048962 0.042604 0.041750 0.045599 0.054211 0.481340 0.039256
0.047864 0.047242 0.050714 0.058782 0.044435 0.045400 0.040795 0.051755 0.040793 0.048058 0.487630 0.036534
0.047420 0.047485 0.064792 0.066498 0.051731 0.051108 0.047482 0.049082 0.050349 0.060965 0.419950 0.043137
0.042667 0.042850 0.062102 0.047819 0.048847 0.044414 0.045424 0.066405 0.048685 0.059335 0.449691 0.041761
0.036522 0.037416 0.049687 0.037315 0.040354 0.037534 0.038538 0.038933 0.038436 0.046730 0.563934 0.034602
0.064963 0.044388 0.049422 0.059643 0.044143 0.040036 0.040952 0.055399 0.042441 0.049182 0.472263 0.037168
0.043904 0.053930 0.044922 0.043419 0.043000 0.045078 0.038918 0.052550 0.039935 0.045511 0.512884 0.035949
0.039074 0.040801 0.052101 0.039264 0.046105 0.039573 0.040677 0.040553 0.046821 0.052659 0.526181 0.036190
0.039711 0.039650 0.049720 0.040829 0.042461 0.039523 0.039727 0.052259 0.045977 0.049054 0.524207 0.036882
0.042751 0.042149 0.053556 0.039537 0.044774 0.047036 0.048694 0.052628 0.040454 0.050150 0.499178 0.039093
0.047090 0.049498 0.057551 0.051926 0.046922 0.045439 0.043937 0.065093 0.050226 0.051341 0.449231 0.041745
0.039096 0.039248 0.046460 0.038092 0.042673 0.045663 0.035939 0.051135 0.035357 0.044691 0.549051 0.032595
0.037399 0.040653 0.048029 0.034535 0.041036 0.034581 0.035871 0.036799 0.034628 0.044418 0.580653 0.031398
0.040901 0.041039 0.052513 0.040738 0.043743 0.040865 0.041920 0.041018 0.050717 0.051256 0.516839 0.038452
0.076269 0.034806 0.047367 0.037823 0.036786 0.034889 0.033810 0.043333 0.033785 0.043187 0.543852 0.034093
0.058721 0.050084 0.056542 0.048184 0.047808 0.046555 0.044432 0.056759 0.046252 0.052937 0.447427 0.044299
0.050538 0.046409 0.046789 0.039755 0.036678 0.035467 0.032946 0.063933 0.031614 0.044534 0.543703 0.027635
0.031965 0.082872 0.040816 0.032674 0.035180 0.038173 0.031533 0.048094 0.032153 0.037012 0.560437 0.029092
0.037746 0.038425 0.053414 0.040805 0.044886 0.037820 0.041478 0.043535 0.038083 0.050557 0.539978 0.033274
0.040749 0.032551 0.047078 0.034861 0.037861 0.040205 0.038841 0.039111 0.035608 0.040487 0.579827 0.032822
0.053586 0.038967 0.051262 0.040211 0.041347 0.039366 0.039746 0.046684 0.038161 0.046136 0.525968 0.038565
0.032832 0.036175 0.042483 0.039136 0.039444 0.040441 0.034586 0.053926 0.033614 0.040563 0.575530 0.031270
0.038476 0.039024 0.052322 0.035143 0.038806 0.037813 0.039346 0.051507 0.036549 0.046128 0.554730 0.030157
0.034939 0.049986 0.041982 0.036687 0.039946 0.037507 0.040157 0.046803 0.035989 0.039687 0.562950 0.033366
0.040756 0.040318 0.055569 0.042179 0.044766 0.048362 0.041009 0.066866 0.040594 0.048525 0.494962 0.036093
0.044010 0.037708 0.050793 0.055747 0.040946 0.043005 0.037797 0.066519 0.037053 0.047149 0.504540 0.034734
0.038923 0.039957 0.044307 0.041478 0.039164 0.040558 0.033256 0.040541 0.036266 0.040080 0.575199 0.030273
0.043277 0.042281 0.049125 0.048951 0.039937 0.039206 0.035224 0.049874 0.034892 0.043722 0.543399 0.030111
0.041390 0.037542 0.051396 0.036946 0.039158 0.040616 0.036520 0.047059 0.036542 0.043464 0.557487 0.031881
