0.042577 0.044166 0.044227 0.039018 0.047890 0.038926 0.042794 0.042563 0.044543 0.046339 0.529679 0.037277
0.046156 0.061339 0.040906 0.038780 0.041019 0.038848 0.038099 0.049326 0.041859 0.039803 0.525529 0.038334
0.041331 0.047420 0.039111 0.036715 0.038478 0.036771 0.035391 0.037766 0.038471 0.038887 0.573500 0.036160
0.042101 0.056746 0.042619 0.039999 0.047565 0.040085 0.038447 0.059121 0.045064 0.043035 0.505985 0.039233
0.041749 0.066284 0.039055 0.037237 0.049301 0.037323 0.034982 0.048812 0.041494 0.040607 0.527073 0.036082
0.039548 0.038418 0.036537 0.036872 0.044843 0.036944 0.034696 0.067215 0.041510 0.037104 0.547963 0.038349
0.041996 0.050647 0.039996 0.039449 0.045254 0.039523 0.037632 0.044946 0.043027 0.041572 0.536312 0.039646
0.048624 0.038488 0.037448 0.034936 0.050088 0.035016 0.033747 0.054154 0.046503 0.040140 0.545491 0.035365
0.044870 0.051000 0.036753 0.036299 0.043298 0.036369 0.034559 0.048842 0.041284 0.038159 0.552018 0.036548
0.044456 0.045538 0.038961 0.038017 0.045723 0.038100 0.036060 0.044925 0.043319 0.039919 0.545586 0.039396
0.041902 0.034011 0.038657 0.035740 0.042648 0.035825 0.034030 0.044346 0.038344 0.041009 0.578637 0.034852
0.036066 0.038224 0.039132 0.036964 0.043565 0.037035 0.035621 0.041816 0.041983 0.041786 0.572343 0.035464
0.047513 0.049556 0.039400 0.038921 0.047745 0.038998 0.037135 0.040876 0.044812 0.040944 0.535226 0.038876
0.063478 0.039388 0.038297 0.037877 0.042337 0.037956 0.036038 0.052693 0.045333 0.037505 0.529441 0.039657
0.037520 0.065192 0.036124 0.036307 0.038657 0.036351 0.034951 0.043368 0.043163 0.035623 0.555294 0.037449
0.046888 0.040865 0.038569 0.036716 0.047770 0.036802 0.035044 0.041243 0.043170 0.041334 0.555682 0.035915
0.039123 0.041426 0.036743 0.035716 0.045331 0.035795 0.033520 0.051501 0.043317 0.039603 0.563667 0.034257
0.044628 0.043262 0.037294 0.037466 0.043043 0.037532 0.035099 0.047506 0.041975 0.038070 0.557288 0.036836
0.037116 0.048866 0.035550 0.033750 0.040246 0.033802 0.032966 0.036053 0.038876 0.037412 0.592135 0.033228
0.036993 0.036709 0.038834 0.036234 0.046107 0.036343 0.034648 0.039145 0.047431 0.040446 0.571260 0.035851
0.044109 0.045363 0.042833 0.039932 0.047190 0.039873 0.042335 0.058776 0.043572 0.044425 0.512462 0.039130
0.038734 0.039266 0.039468 0.036473 0.047664 0.036326 0.035363 0.045930 0.042631 0.041471 0.557837 0.038836
0.057382 0.034948 0.033560 0.032924 0.041231 0.032957 0.032079 0.040537 0.038080 0.036542 0.584340 0.035419
0.044876 0.046556 0.041877 0.037016 0.047249 0.037108 0.041067 0.051058 0.038852 0.046316 0.528542 0.039484
0.063483 0.043365 0.042872 0.039617 0.049064 0.039568 0.042228 0.050343 0.047749 0.044390 0.497203 0.040118
0.041549 0.036318 0.037435 0.036244 0.044723 0.036113 0.035241 0.054422 0.047151 0.039696 0.553555 0.037551
0.055126 0.032158 0.033881 0.032121 0.039674 0.032143 0.031877 0.036144 0.042161 0.035516 0.593938 0.035261
0.061402 0.045427 0.044489 0.042384 0.048761 0.042516 0.041897 0.043508 0.051084 0.046838 0.490864 0.040831
0.041603 0.035657 0.037365 0.033687 0.044020 0.033501 0.033240 0.045451 0.043654 0.039164 0.578997 0.033661
0.045957 0.045471 0.040808 0.040464 0.045124 0.040593 0.042356 0.052477 0.047544 0.041312 0.518506 0.039388
0.041412 0.038791 0.039890 0.036419 0.043732 0.036305 0.035146 0.040450 0.040461 0.043139 0.570200 0.034053
0.049668 0.036331 0.039839 0.037051 0.043772 0.037107 0.035803 0.039703 0.046322 0.042223 0.556418 0.035765
0.063870 0.043347 0.039461 0.038773 0.044940 0.038846 0.037044 0.040494 0.045134 0.041047 0.529433 0.037611
0.050800 0.045723 0.039264 0.039525 0.045643 0.039581 0.037419 0.047006 0.041650 0.039334 0.532432 0.041621
0.069358 0.032875 0.036570 0.035024 0.037530 0.035080 0.033486 0.047293 0.040978 0.036549 0.559871 0.035388
0.038448 0.039584 0.035277 0.033670 0.044448 0.033741 0.032307 0.049953 0.041329 0.038143 0.580427 0.032672
0.042093 0.036639 0.038000 0.035381 0.048995 0.035426 0.034690 0.042155 0.042951 0.041436 0.566610 0.035625
0.054380 0.045823 0.043069 0.042114 0.045911 0.042180 0.043173 0.057962 0.046439 0.042133 0.492571 0.044243
0.048504 0.036804 0.038197 0.034766 0.039367 0.034839 0.034163 0.044038 0.042918 0.037473 0.572303 0.036629
0.040958 0.039802 0.039574 0.038051 0.046827 0.038134 0.036315 0.045694 0.043713 0.042379 0.553040 0.035513
0.042838 0.036454 0.041708 0.036919 0.047307 0.037010 0.035410 0.051095 0.043074 0.043867 0.548922 0.035396
0.053678 0.040707 0.043034 0.042124 0.044238 0.042204 0.040248 0.046849 0.050014 0.042855 0.512517 0.041533
0.055140 0.045812 0.039476 0.038152 0.047051 0.038222 0.036909 0.040663 0.046008 0.041325 0.533552 0.037691
0.053219 0.038943 0.037957 0.036405 0.044281 0.036474 0.035344 0.058427 0.041254 0.038557 0.540775 0.038363
0.045653 0.069084 0.037789 0.036470 0.045590 0.036534 0.035382 0.040837 0.041089 0.039499 0.533399 0.038674
0.041154 0.045218 0.039501 0.036188 0.048468 0.036269 0.034866 0.055643 0.045446 0.040582 0.538906 0.037759
0.040837 0.045386 0.039730 0.038751 0.044830 0.038828 0.037025 0.040106 0.045469 0.040303 0.549654 0.039081
0.045099 0.038911 0.037836 0.037153 0.046914 0.037239 0.034867 0.041235 0.039680 0.040219 0.562115 0.038732
0.044347 0.044426 0.037290 0.034256 0.040617 0.034311 0.033154 0.046395 0.039555 0.038334 0.572493 0.034822
0.055309 0.041257 0.037883 0.037299 0.042847 0.037363 0.035551 0.039126 0.044821 0.038666 0.554556 0.035323
0.051972 0.050131 0.041366 0.038942 0.046892 0.039011 0.037533 0.044508 0.041489 0.044090 0.526878 0.037190
0.036871 0.047386 0.037365 0.038016 0.041143 0.038096 0.035610 0.048031 0.043184 0.036383 0.561360 0.036555
0.057241 0.037008 0.036982 0.036729 0.043667 0.036810 0.034955 0.050562 0.044158 0.038898 0.545413 0.037577
0.072009 0.032369 0.035404 0.034808 0.042898 0.034910 0.032387 0.042936 0.042354 0.038002 0.558045 0.033877
0.036985 0.046487 0.037036 0.037481 0.043700 0.037568 0.035151 0.048349 0.044273 0.038739 0.556626 0.037604
0.063348 0.035727 0.037051 0.037397 0.045490 0.037474 0.035341 0.043225 0.045354 0.038965 0.542589 0.038038
0.054053 0.032929 0.033055 0.031081 0.041825 0.031125 0.030447 0.039384 0.037073 0.035104 0.601208 0.032716
0.071237 0.051920 0.038305 0.037627 0.044892 0.037733 0.040617 0.040958 0.044187 0.039856 0.515884 0.036784
0.060372 0.035872 0.037864 0.035050 0.043510 0.035144 0.033874 0.047611 0.040919 0.040371 0.554173 0.035240
0.051866 0.038499 0.036772 0.036949 0.042810 0.037016 0.035077 0.044947 0.045574 0.038367 0.555416 0.036707
0.054971 0.061266 0.035033 0.033997 0.041597 0.034059 0.032707 0.045035 0.038978 0.037066 0.550164 0.035128
0.062832 0.055751 0.037626 0.036503 0.043692 0.036578 0.034684 0.040645 0.041276 0.040516 0.533460 0.036437
0.047533 0.031868 0.034346 0.032252 0.041873 0.032297 0.031475 0.040028 0.038487 0.037285 0.599986 0.032568
0.038417 0.052006 0.041161 0.040473 0.045473 0.040611 0.042702 0.050826 0.047876 0.042859 0.517796 0.039798
0.041965 0.047009 0.038093 0.036206 0.046009 0.036071 0.034893 0.046183 0.044246 0.039724 0.554665 0.034936
0.035576 0.038836 0.034429 0.033434 0.042621 0.033474 0.032462 0.046092 0.039159 0.036679 0.591415 0.035822
0.062680 0.042827 0.037913 0.036109 0.043605 0.036203 0.037194 0.048266 0.040896 0.040004 0.536781 0.037521
0.052109 0.037410 0.044773 0.040934 0.051906 0.040902 0.038107 0.057262 0.046974 0.047481 0.501776 0.040367
0.037070 0.045395 0.037383 0.034285 0.041336 0.034127 0.033541 0.049310 0.037121 0.040207 0.575348 0.034876
0.048421 0.051008 0.035911 0.037213 0.044684 0.037266 0.035231 0.038666 0.044566 0.038346 0.551315 0.037373
0.038602 0.055770 0.037973 0.035580 0.045151 0.035637 0.034709 0.046615 0.046759 0.042066 0.544043 0.037096
0.066684 0.041053 0.040579 0.037948 0.040818 0.038046 0.041127 0.051597 0.040376 0.040546 0.522489 0.038737
0.055923 0.048170 0.043083 0.041005 0.046199 0.040938 0.039907 0.050138 0.045259 0.044266 0.506451 0.038661
0.044859 0.041579 0.040086 0.037194 0.046561 0.037084 0.035638 0.052578 0.042566 0.042845 0.543599 0.035412
0.039299 0.036706 0.040577 0.037152 0.044753 0.037220 0.035836 0.048680 0.043460 0.043853 0.554687 0.037777
0.048586 0.054101 0.041560 0.039635 0.048983 0.039685 0.038908 0.041484 0.045867 0.043781 0.517865 0.039545
0.064730 0.040403 0.039492 0.038864 0.046317 0.038928 0.036813 0.048992 0.044155 0.040827 0.521701 0.038778
0.048260 0.042240 0.035948 0.035452 0.037512 0.035519 0.033748 0.048853 0.037428 0.036960 0.571976 0.036103
0.041818 0.037686 0.038632 0.036489 0.044829 0.036554 0.035217 0.038386 0.044386 0.041009 0.568665 0.036330
0.052134 0.042487 0.040454 0.038130 0.050442 0.038206 0.036750 0.048615 0.045769 0.043685 0.525459 0.037868
0.066109 0.036826 0.039542 0.038249 0.041349 0.038325 0.036592 0.052880 0.046054 0.037948 0.526525 0.039602
0.083010 0.034494 0.036318 0.036743 0.037927 0.036817 0.034718 0.042256 0.041888 0.035356 0.544057 0.036417
0.036158 0.033917 0.039629 0.035333 0.047056 0.035423 0.033701 0.050346 0.041902 0.042987 0.570127 0.033420
0.054025 0.036405 0.037793 0.035307 0.044861 0.035389 0.033947 0.044171 0.039202 0.038779 0.566726 0.033396
0.046295 0.041495 0.040096 0.039551 0.047777 0.039624 0.037869 0.040698 0.044422 0.041651 0.541675 0.038846
0.056223 0.037424 0.039107 0.038286 0.040830 0.038361 0.036541 0.051128 0.045316 0.037746 0.539303 0.039734
0.070158 0.039048 0.035858 0.035020 0.038430 0.035081 0.033669 0.041369 0.039367 0.034580 0.560914 0.036505
0.059823 0.038837 0.036837 0.034128 0.048116 0.034213 0.032643 0.047479 0.037643 0.040026 0.554666 0.035590
0.060578 0.035594 0.039508 0.035302 0.045560 0.035384 0.033771 0.046941 0.038323 0.040301 0.554288 0.034451
0.048872 0.037184 0.037951 0.037523 0.045065 0.037614 0.035209 0.043186 0.040614 0.039026 0.561274 0.036481
0.041102 0.037887 0.036914 0.037447 0.042124 0.037521 0.034873 0.048470 0.047903 0.038505 0.560637 0.036616
0.061272 0.035128 0.036658 0.035129 0.044460 0.035194 0.033584 0.042978 0.038841 0.039316 0.563218 0.034222
0.052444 0.048219 0.035541 0.034260 0.042835 0.034304 0.032998 0.048503 0.037685 0.040742 0.557271 0.035198
0.040561 0.061121 0.037814 0.038153 0.045772 0.038237 0.035931 0.041824 0.044633 0.039445 0.538553 0.037955
0.039457 0.041123 0.039212 0.038462 0.047499 0.038547 0.036586 0.049738 0.045204 0.040362 0.543577 0.040233
0.043585 0.034999 0.034863 0.033346 0.042080 0.033397 0.032529 0.045276 0.037998 0.037124 0.589654 0.035149
0.058888 0.039409 0.042482 0.040705 0.049372 0.040838 0.037853 0.047371 0.042699 0.044798 0.514044 0.041538
0.058926 0.033052 0.036637 0.034758 0.043584 0.034598 0.033185 0.049429 0.041469 0.039469 0.559029 0.035864
0.036639 0.052319 0.036275 0.036800 0.042582 0.036850 0.035031 0.047367 0.045062 0.038288 0.555700 0.037086
0.035472 0.043411 0.036529 0.034758 0.043334 0.034795 0.034509 0.041506 0.040691 0.039878 0.580190 0.034927
0.052914 0.046587 0.039804 0.037256 0.046241 0.037307 0.038101 0.039766 0.041813 0.042777 0.540465 0.036971
0.052480 0.040359 0.044458 0.041869 0.049624 0.042037 0.039715 0.059021 0.046013 0.045326 0.497745 0.041354
0.038191 0.043081 0.040859 0.038384 0.045134 0.038254 0.036515 0.046860 0.041265 0.042394 0.550797 0.038266
0.070056 0.038444 0.037981 0.037871 0.045313 0.037916 0.036581 0.050218 0.044622 0.040013 0.521201 0.039787
0.052268 0.037659 0.039952 0.036501 0.046475 0.036542 0.035691 0.051329 0.040352 0.042378 0.541018 0.039834
0.059560 0.053851 0.044575 0.042408 0.051380 0.042505 0.045778 0.056754 0.047122 0.046519 0.466060 0.043487
0.041718 0.034922 0.039659 0.038089 0.045921 0.038199 0.036136 0.051175 0.044021 0.042629 0.550697 0.036837
0.049179 0.036022 0.039094 0.038080 0.043534 0.038149 0.036339 0.045046 0.044691 0.042242 0.551948 0.035676
0.042917 0.042870 0.037314 0.035966 0.043627 0.036019 0.035187 0.038095 0.044790 0.039900 0.566843 0.036471
0.055089 0.044915 0.048177 0.045555 0.052318 0.045694 0.044241 0.056727 0.052120 0.050083 0.459522 0.045557
0.043017 0.035309 0.036103 0.033827 0.039416 0.033671 0.033517 0.042183 0.036795 0.035639 0.593148 0.037376
0.042893 0.051472 0.042632 0.040052 0.045775 0.040167 0.042848 0.050196 0.043340 0.045945 0.515063 0.039618
0.050022 0.042539 0.040324 0.035550 0.048776 0.035403 0.034653 0.045762 0.040357 0.041390 0.550743 0.034481
0.051570 0.045377 0.042326 0.040059 0.049335 0.040102 0.039469 0.042042 0.043777 0.044133 0.521453 0.040358
0.042456 0.040506 0.043471 0.043015 0.046555 0.043108 0.040518 0.051600 0.051443 0.042276 0.511627 0.043425
0.043051 0.038519 0.038697 0.039680 0.044072 0.039742 0.037168 0.055885 0.047227 0.039440 0.534530 0.041990
0.039397 0.034832 0.040388 0.034841 0.042883 0.034920 0.034054 0.061876 0.041649 0.043601 0.556143 0.035415
0.038808 0.042076 0.036904 0.037559 0.047256 0.037650 0.035315 0.046314 0.041502 0.038887 0.562381 0.035349
0.050699 0.040237 0.040629 0.039608 0.047020 0.039688 0.037860 0.045430 0.050069 0.041893 0.528618 0.038247
0.041675 0.037226 0.036662 0.036283 0.037647 0.036312 0.035344 0.050552 0.044693 0.036674 0.569290 0.037642
0.046875 0.043026 0.042653 0.039777 0.045984 0.039880 0.039945 0.041190 0.045631 0.043902 0.533669 0.037468
0.054605 0.035301 0.038617 0.034651 0.043784 0.034744 0.034228 0.051081 0.042631 0.040983 0.555687 0.033690
0.047134 0.031085 0.034418 0.031372 0.037444 0.031404 0.031070 0.033944 0.041684 0.037676 0.610386 0.032382
0.040139 0.040670 0.042463 0.040792 0.047351 0.040895 0.044837 0.048417 0.049446 0.042242 0.520084 0.042664
0.055532 0.042768 0.047626 0.042810 0.048376 0.042706 0.042431 0.060552 0.050392 0.048319 0.476512 0.041975
0.035705 0.049752 0.037841 0.035035 0.046612 0.034903 0.033751 0.061426 0.036564 0.037452 0.554924 0.036036
0.043347 0.040564 0.038904 0.038582 0.045061 0.038649 0.036728 0.048762 0.046137 0.041363 0.543302 0.038599
0.042208 0.044936 0.042376 0.038277 0.051695 0.038352 0.037058 0.054497 0.051156 0.045380 0.516606 0.037459
0.044160 0.045209 0.040836 0.039422 0.044735 0.039485 0.038252 0.049630 0.046214 0.043325 0.528551 0.040181
0.037844 0.038100 0.038375 0.039616 0.046607 0.039687 0.036970 0.038729 0.047158 0.041112 0.558857 0.036944
0.036797 0.037596 0.037628 0.038040 0.048392 0.038118 0.035476 0.044725 0.047397 0.039401 0.558843 0.037585
0.037932 0.035337 0.040490 0.037140 0.042401 0.037224 0.035379 0.047295 0.043996 0.041689 0.564377 0.036741
0.040286 0.047487 0.040311 0.039656 0.049811 0.039721 0.037663 0.041934 0.041166 0.043163 0.539219 0.039583
0.039985 0.038473 0.042442 0.041018 0.050669 0.041119 0.038602 0.052821 0.043992 0.044965 0.524549 0.041364
0.035077 0.038407 0.038822 0.037055 0.039812 0.037125 0.035704 0.054598 0.046612 0.039325 0.558852 0.038612
0.039734 0.044741 0.036959 0.035457 0.042366 0.035506 0.034063 0.036781 0.042209 0.039884 0.577375 0.034926
0.046897 0.033869 0.035803 0.033072 0.042313 0.033110 0.032507 0.050319 0.043313 0.039112 0.576432 0.033254
0.050052 0.042380 0.042887 0.042368 0.043781 0.042511 0.041016 0.055638 0.044975 0.041360 0.510301 0.042730
0.059262 0.037793 0.041043 0.037994 0.044570 0.037836 0.038160 0.049507 0.046233 0.039958 0.527877 0.039767
0.036529 0.035852 0.039082 0.037711 0.048988 0.037786 0.035892 0.056324 0.043232 0.041940 0.547290 0.039372
0.044549 0.040042 0.038085 0.036058 0.048854 0.036126 0.034369 0.053867 0.041613 0.041188 0.548462 0.036786
0.039760 0.050277 0.042809 0.039837 0.048077 0.039902 0.037936 0.051165 0.045702 0.044245 0.520106 0.040184
0.039911 0.040460 0.039652 0.038412 0.046096 0.038484 0.035904 0.041252 0.043908 0.040647 0.556431 0.038844
0.044845 0.035062 0.034625 0.034448 0.042553 0.034492 0.033516 0.047299 0.040311 0.037726 0.578774 0.036351
0.043941 0.051076 0.045614 0.043227 0.048143 0.043351 0.041145 0.049730 0.048720 0.045557 0.498972 0.040525
0.060574 0.037891 0.040122 0.037894 0.047567 0.037705 0.037127 0.041155 0.049064 0.041881 0.531941 0.037079
0.063091 0.041538 0.038945 0.038776 0.045396 0.038817 0.037566 0.040363 0.049371 0.040711 0.526060 0.039365
0.047066 0.046339 0.040084 0.038186 0.046578 0.038242 0.036293 0.042274 0.042326 0.040927 0.544810 0.036874
0.050754 0.038063 0.041324 0.038402 0.043039 0.038461 0.036649 0.048939 0.047275 0.040957 0.537885 0.038252
0.039840 0.038427 0.040077 0.040410 0.049866 0.040478 0.038457 0.042038 0.047969 0.042232 0.539758 0.040448
0.047758 0.038724 0.039059 0.038291 0.047702 0.038356 0.037056 0.044769 0.045987 0.040843 0.540186 0.041268
0.060287 0.038243 0.041611 0.039453 0.042938 0.039516 0.038546 0.047739 0.049182 0.040151 0.520814 0.041521
0.053767 0.044571 0.040867 0.038723 0.048976 0.038791 0.037287 0.042235 0.044382 0.042971 0.527967 0.039463
0.039827 0.040868 0.040459 0.039275 0.049154 0.039358 0.036942 0.064225 0.045755 0.041708 0.523332 0.039097
0.039065 0.041794 0.039928 0.037225 0.044986 0.037302 0.035590 0.045082 0.039537 0.039958 0.561916 0.037617
0.038298 0.032469 0.035954 0.032150 0.040108 0.032192 0.031950 0.037696 0.043868 0.036750 0.604426 0.034138
0.041451 0.040002 0.040842 0.037216 0.045721 0.037313 0.041085 0.041152 0.041552 0.043767 0.552351 0.037548
0.039205 0.039667 0.042217 0.037186 0.046362 0.037078 0.041551 0.047272 0.044903 0.042555 0.542818 0.039188
0.045724 0.042244 0.042376 0.039745 0.044245 0.039639 0.042661 0.043087 0.041546 0.040565 0.538391 0.039777
0.050152 0.045013 0.039579 0.036910 0.044609 0.036774 0.035233 0.045643 0.041885 0.039819 0.547380 0.037004
0.045538 0.038445 0.042177 0.038580 0.052798 0.038660 0.036753 0.054305 0.047554 0.043877 0.522203 0.039111
0.034943 0.034581 0.039308 0.035185 0.046063 0.035231 0.034395 0.048568 0.041952 0.041401 0.570891 0.037481
0.044464 0.047251 0.042412 0.039441 0.047783 0.039499 0.040972 0.053927 0.045270 0.045431 0.512250 0.041299
0.043920 0.045929 0.043933 0.040734 0.051258 0.040855 0.039059 0.048235 0.043795 0.046551 0.514098 0.041632
0.051645 0.043546 0.038063 0.036156 0.043885 0.036223 0.035149 0.051633 0.040689 0.041027 0.545288 0.036696
0.038933 0.039411 0.041347 0.041251 0.044683 0.041314 0.039016 0.050448 0.050012 0.042168 0.531146 0.040271
0.037907 0.037920 0.039834 0.037583 0.047832 0.037634 0.036686 0.046287 0.047332 0.043394 0.549563 0.038026
0.044622 0.039388 0.045816 0.041896 0.047972 0.042028 0.044279 0.053067 0.051404 0.049001 0.499745 0.040781
0.035787 0.060824 0.034139 0.031088 0.038243 0.030919 0.031357 0.039883 0.036025 0.037440 0.593442 0.030853
0.049646 0.043448 0.044853 0.041806 0.048702 0.041909 0.045792 0.041680 0.046090 0.047723 0.508170 0.040182
0.040708 0.038667 0.040355 0.037984 0.043794 0.037836 0.037492 0.050933 0.042180 0.040000 0.550333 0.039716
0.046496 0.042950 0.043371 0.040705 0.047393 0.040784 0.040401 0.059751 0.042865 0.043137 0.507226 0.044920
0.064915 0.049092 0.045018 0.042564 0.049545 0.042477 0.044615 0.060908 0.045075 0.045189 0.468487 0.042116
0.036962 0.039640 0.042259 0.035862 0.049403 0.035727 0.034923 0.048986 0.043013 0.047679 0.550326 0.035221
0.056703 0.042916 0.041024 0.036403 0.047620 0.036463 0.035787 0.046662 0.041533 0.045653 0.533562 0.035675
0.054472 0.042633 0.043224 0.042824 0.051486 0.042901 0.040893 0.043932 0.046199 0.046365 0.503363 0.041709
0.062050 0.042289 0.044980 0.043687 0.045727 0.043777 0.041450 0.056695 0.046575 0.043888 0.484863 0.044018
0.039917 0.041780 0.039767 0.041174 0.042742 0.041231 0.039011 0.046612 0.046817 0.039712 0.540238 0.041000
0.042930 0.034933 0.040730 0.036657 0.044207 0.036748 0.035195 0.045980 0.044345 0.043721 0.559959 0.034595
0.047049 0.041277 0.038550 0.038572 0.044793 0.038649 0.036433 0.053860 0.045644 0.040205 0.539103 0.035866
0.043957 0.061499 0.040372 0.036913 0.043119 0.036974 0.035882 0.043394 0.039111 0.043643 0.539388 0.035748
0.053808 0.038599 0.040513 0.039897 0.043435 0.039964 0.038632 0.044078 0.047017 0.039629 0.533383 0.041045
0.042593 0.043334 0.038075 0.035750 0.042859 0.035811 0.034756 0.038582 0.043614 0.040449 0.567254 0.036924
0.035041 0.045831 0.037432 0.034775 0.043407 0.034841 0.033233 0.049150 0.043147 0.037892 0.570345 0.034905
0.061455 0.044537 0.040690 0.039479 0.045737 0.039551 0.037693 0.039472 0.042454 0.040790 0.530110 0.038030
0.047221 0.036357 0.038256 0.038245 0.044529 0.038325 0.035834 0.069980 0.042137 0.038044 0.531366 0.039705
0.049444 0.040518 0.039408 0.037885 0.041729 0.037944 0.036787 0.044069 0.040742 0.037757 0.554739 0.038977
0.054951 0.035081 0.038508 0.036032 0.048063 0.036119 0.034618 0.042971 0.047213 0.040977 0.548688 0.036780
0.060853 0.051335 0.036128 0.032489 0.046275 0.032554 0.031953 0.044506 0.035063 0.039584 0.555601 0.033660
0.042396 0.056312 0.038593 0.037354 0.043260 0.037423 0.035696 0.038626 0.043903 0.039004 0.550408 0.037027
0.040281 0.038770 0.039191 0.039383 0.045259 0.039482 0.036852 0.040590 0.044895 0.040809 0.557751 0.036735
0.037711 0.038233 0.037735 0.037409 0.044136 0.037480 0.034762 0.042396 0.045714 0.037943 0.570931 0.035551
0.035015 0.043256 0.037887 0.037436 0.045925 0.037523 0.035648 0.045840 0.044954 0.039248 0.560580 0.036687
0.039312 0.036797 0.039649 0.038541 0.047372 0.038633 0.036262 0.041263 0.041255 0.042260 0.559536 0.039118
0.053921 0.033086 0.032810 0.031297 0.039293 0.031332 0.031076 0.045493 0.043513 0.035276 0.588975 0.033928
0.045531 0.049918 0.042498 0.040198 0.047288 0.040328 0.037847 0.043145 0.046801 0.042633 0.523087 0.040725
0.047980 0.039518 0.036313 0.036112 0.045184 0.035961 0.034125 0.049445 0.040165 0.037650 0.562339 0.035207
0.052415 0.034441 0.036310 0.036504 0.044334 0.036563 0.034406 0.049408 0.040364 0.036494 0.560102 0.038659
0.050329 0.037827 0.037034 0.036785 0.043755 0.036858 0.035196 0.050646 0.046837 0.039035 0.548216 0.037483
0.051701 0.038639 0.040253 0.038332 0.044650 0.038403 0.036592 0.047485 0.049326 0.043122 0.533660 0.037837
0.041661 0.037943 0.038532 0.037417 0.047037 0.037488 0.036131 0.046476 0.047915 0.040351 0.551722 0.037326
0.038550 0.044728 0.037101 0.036920 0.046932 0.036978 0.034878 0.041584 0.043366 0.040439 0.559686 0.038838
0.046049 0.033242 0.034916 0.033729 0.041745 0.033780 0.032958 0.046835 0.039529 0.037389 0.583792 0.036035
0.069681 0.038340 0.041356 0.040283 0.045638 0.040380 0.039867 0.050923 0.045812 0.041592 0.506032 0.040097
0.044951 0.040282 0.038687 0.037139 0.046718 0.037229 0.035998 0.055960 0.042238 0.040629 0.542244 0.037926
0.047318 0.039739 0.038758 0.038287 0.045572 0.038352 0.036858 0.050463 0.042813 0.040775 0.540783 0.040282
0.048024 0.035794 0.039459 0.037224 0.043207 0.037292 0.035541 0.041951 0.050657 0.043371 0.550146 0.037333
0.043169 0.041058 0.042107 0.040818 0.049125 0.040902 0.038840 0.042313 0.045954 0.044680 0.531305 0.039729
0.041720 0.041263 0.040762 0.040067 0.045726 0.040152 0.037685 0.045129 0.044470 0.041281 0.542189 0.039556
0.049982 0.034771 0.033931 0.033678 0.038899 0.033717 0.032826 0.042693 0.035251 0.034113 0.595173 0.034966
0.043635 0.045317 0.044077 0.041728 0.048983 0.041857 0.044532 0.051845 0.048381 0.044963 0.502572 0.042110
0.059036 0.037660 0.036297 0.033345 0.045217 0.033215 0.032611 0.047154 0.041829 0.037929 0.562615 0.033093
0.052094 0.043722 0.039707 0.037497 0.045042 0.037556 0.035989 0.042215 0.040376 0.042059 0.547752 0.035991
0.037207 0.037039 0.038501 0.034795 0.044934 0.034838 0.034128 0.042748 0.041442 0.039961 0.579068 0.035341
0.044139 0.039603 0.041656 0.035713 0.045769 0.035780 0.037159 0.044613 0.038719 0.045548 0.553232 0.038069
0.058022 0.041789 0.043233 0.041543 0.045944 0.041710 0.038869 0.046366 0.044888 0.043763 0.516237 0.037636
0.047556 0.038187 0.038462 0.037527 0.045364 0.037388 0.035919 0.045071 0.044541 0.040471 0.553841 0.035674
0.050552 0.045161 0.037670 0.037986 0.042203 0.038033 0.036433 0.051381 0.044660 0.037002 0.538541 0.040378
0.038925 0.039905 0.041904 0.040099 0.049781 0.040183 0.038178 0.053162 0.050988 0.044876 0.520269 0.041730
0.045239 0.037959 0.041301 0.038940 0.048263 0.039025 0.036543 0.060482 0.042992 0.045978 0.525223 0.038056
0.036462 0.036725 0.035987 0.034210 0.043921 0.034253 0.033559 0.047316 0.036588 0.039834 0.584654 0.036490
0.044801 0.050209 0.044266 0.038819 0.047638 0.038886 0.040588 0.046750 0.039949 0.046357 0.521532 0.040205
0.045592 0.042666 0.039934 0.038781 0.047734 0.038888 0.037018 0.041552 0.048015 0.041475 0.540999 0.037346
0.043186 0.036927 0.040811 0.039940 0.046848 0.040032 0.037435 0.050634 0.046890 0.043204 0.534415 0.039678
0.060696 0.038302 0.033167 0.032466 0.036496 0.032511 0.031644 0.048336 0.040081 0.033441 0.577090 0.035769
0.039821 0.042624 0.045441 0.041504 0.046083 0.041645 0.040878 0.052624 0.052080 0.048103 0.508608 0.040589
0.032623 0.037833 0.036116 0.029462 0.042373 0.029312 0.030036 0.043534 0.039992 0.039686 0.609779 0.029256
0.042849 0.041408 0.044737 0.044680 0.051792 0.044824 0.046131 0.044438 0.052589 0.046673 0.497610 0.042270
0.044722 0.043863 0.044137 0.041391 0.045711 0.041272 0.040499 0.057416 0.049524 0.042848 0.506210 0.042408
0.055139 0.052801 0.041740 0.040850 0.044979 0.040909 0.039185 0.045772 0.041968 0.041240 0.512048 0.043367
0.050277 0.035868 0.035485 0.033256 0.041053 0.033297 0.032573 0.054651 0.040653 0.039239 0.569395 0.034255
0.049306 0.042129 0.042028 0.040329 0.052224 0.040449 0.038658 0.057202 0.046887 0.042858 0.510105 0.037826
0.049132 0.036012 0.039337 0.035922 0.041990 0.035805 0.034712 0.049328 0.039537 0.040896 0.561791 0.035537
0.041967 0.041965 0.038130 0.039628 0.045152 0.039710 0.037001 0.038634 0.046977 0.040073 0.553603 0.037159
0.034865 0.035044 0.038059 0.035403 0.043150 0.035460 0.034436 0.043615 0.049537 0.039868 0.576084 0.034480
0.042314 0.042757 0.046558 0.045234 0.046169 0.045365 0.046721 0.051094 0.052953 0.045193 0.494403 0.041240
0.038436 0.040358 0.039527 0.035070 0.044094 0.034941 0.033939 0.048066 0.042168 0.040729 0.568864 0.033806
0.034694 0.037228 0.038615 0.036416 0.045881 0.036489 0.034839 0.052670 0.043490 0.042491 0.561436 0.035750
0.034761 0.034889 0.039918 0.037083 0.043999 0.037153 0.035219 0.047918 0.043234 0.042769 0.565964 0.037094
0.062128 0.036319 0.037166 0.035366 0.040934 0.035380 0.035192 0.041977 0.038165 0.037329 0.561621 0.038422
0.040299 0.042650 0.042374 0.041185 0.050510 0.041294 0.044602 0.045084 0.048156 0.044001 0.516522 0.043324
0.039748 0.038335 0.038061 0.036186 0.044407 0.036068 0.034716 0.059253 0.040578 0.038174 0.557057 0.037417
0.042943 0.037830 0.040448 0.036436 0.043601 0.036494 0.035243 0.041608 0.037883 0.040725 0.571416 0.035373
0.042373 0.044454 0.042216 0.039298 0.051658 0.039382 0.037921 0.043593 0.047062 0.044115 0.529684 0.038244
0.056386 0.045031 0.043875 0.039695 0.048506 0.039741 0.039686 0.045648 0.041848 0.046320 0.511812 0.041453
0.036079 0.040017 0.038394 0.039075 0.043319 0.039163 0.036574 0.048885 0.045989 0.037405 0.554295 0.040805
0.030453 0.030001 0.032765 0.030282 0.038793 0.030320 0.029992 0.045403 0.044222 0.036099 0.619395 0.032275
0.044725 0.037873 0.042579 0.037529 0.050167 0.037630 0.038858 0.042735 0.048740 0.044179 0.537299 0.037686
0.087620 0.038227 0.041387 0.037315 0.046272 0.037250 0.036420 0.043554 0.042941 0.042592 0.510906 0.035515
0.074534 0.037484 0.036731 0.035389 0.040083 0.035222 0.034829 0.048366 0.043445 0.035870 0.540903 0.037143
0.033820 0.033838 0.035709 0.033878 0.042284 0.033894 0.033195 0.040545 0.041281 0.036607 0.598353 0.036595
0.062287 0.041470 0.046502 0.041082 0.050066 0.041222 0.039020 0.066263 0.044785 0.048892 0.478407 0.040005
0.036376 0.037888 0.041340 0.036241 0.047777 0.036079 0.035941 0.046888 0.039472 0.044805 0.560703 0.036491
0.060760 0.042988 0.041537 0.041032 0.049219 0.041089 0.044908 0.056611 0.047123 0.043685 0.488269 0.042779
0.061573 0.034367 0.035452 0.033827 0.039674 0.033868 0.033496 0.050176 0.038490 0.036243 0.567781 0.035055
0.042752 0.059684 0.046941 0.043883 0.050683 0.044013 0.046170 0.055789 0.050854 0.048512 0.467412 0.043308
0.045260 0.037087 0.040241 0.038279 0.051251 0.038173 0.036401 0.060944 0.047417 0.042912 0.523615 0.038422
0.040682 0.046315 0.043453 0.040826 0.049182 0.040904 0.038625 0.051138 0.042548 0.046864 0.518390 0.041074
0.047101 0.036593 0.040322 0.037389 0.044788 0.037460 0.036363 0.049088 0.044749 0.043073 0.545068 0.038007
0.038925 0.040017 0.042471 0.039086 0.049420 0.039154 0.037831 0.046632 0.040725 0.048159 0.538607 0.038972
0.038359 0.053444 0.039920 0.040237 0.046978 0.040308 0.037991 0.040436 0.047232 0.041872 0.534364 0.038858
0.038951 0.057311 0.039533 0.040118 0.044024 0.040202 0.037828 0.049735 0.043723 0.038993 0.527977 0.041606
0.048443 0.038101 0.039600 0.038025 0.040635 0.038085 0.036262 0.045231 0.039355 0.039113 0.557886 0.039263
0.080356 0.037654 0.037620 0.035769 0.045800 0.035855 0.034334 0.043686 0.039729 0.040014 0.535232 0.033951
0.066304 0.045661 0.036853 0.034270 0.042962 0.034352 0.032627 0.051110 0.038579 0.039690 0.545073 0.032521
0.039511 0.034300 0.035715 0.035161 0.041215 0.035204 0.034303 0.039347 0.041012 0.035502 0.591541 0.037188
0.076598 0.040411 0.044128 0.040309 0.043723 0.040419 0.038302 0.046205 0.043222 0.044775 0.501786 0.040123
0.041437 0.033988 0.037044 0.036800 0.044327 0.036661 0.035143 0.061964 0.045599 0.036488 0.555840 0.034708
0.037731 0.036826 0.034856 0.034037 0.042976 0.034058 0.033420 0.047511 0.040800 0.037174 0.583670 0.036943
0.054602 0.046600 0.043784 0.041353 0.042566 0.041484 0.041109 0.069531 0.048929 0.043629 0.485397 0.041015
0.049161 0.039501 0.042938 0.038953 0.049768 0.038802 0.038334 0.044297 0.044135 0.045911 0.530294 0.037906
0.038879 0.033575 0.035326 0.032424 0.045864 0.032465 0.032363 0.060573 0.040830 0.038654 0.573286 0.035761
0.051377 0.053249 0.040302 0.039433 0.045197 0.039499 0.042876 0.042323 0.049183 0.041621 0.514903 0.040038
0.038968 0.058399 0.040244 0.038317 0.046696 0.038424 0.036562 0.053389 0.042882 0.042194 0.526749 0.037177
0.042562 0.035694 0.039446 0.038898 0.044038 0.038982 0.036335 0.048702 0.047684 0.039346 0.549768 0.038544
0.043307 0.039887 0.039085 0.038896 0.046395 0.038977 0.037122 0.051573 0.043711 0.041087 0.540089 0.039870
0.048443 0.043966 0.043779 0.040134 0.048945 0.040209 0.038905 0.041601 0.042393 0.046876 0.525058 0.039692
0.050537 0.037345 0.040118 0.035776 0.043379 0.035838 0.034891 0.040147 0.039891 0.043754 0.561724 0.036598
0.044416 0.036904 0.038986 0.038901 0.047051 0.038978 0.036788 0.039678 0.047550 0.040178 0.552616 0.037952
0.044718 0.053224 0.040697 0.038170 0.045866 0.038234 0.037273 0.044464 0.048464 0.040921 0.528307 0.039661
0.038422 0.034517 0.035031 0.032228 0.036334 0.032262 0.032046 0.036465 0.038432 0.034874 0.614752 0.034639
0.047174 0.049306 0.043007 0.042253 0.048591 0.042354 0.042227 0.044141 0.049057 0.044243 0.506918 0.040729
0.038929 0.035075 0.038493 0.034940 0.048265 0.035030 0.033981 0.060670 0.042785 0.038733 0.559266 0.033834
0.035674 0.035874 0.037582 0.033894 0.035619 0.033924 0.033704 0.045515 0.039054 0.037926 0.594709 0.036526
0.040722 0.047179 0.044204 0.043007 0.049820 0.043104 0.046858 0.043660 0.053087 0.044778 0.501808 0.041773
0.039278 0.038029 0.038146 0.032675 0.044699 0.032746 0.032590 0.072626 0.044141 0.041692 0.548939 0.034439
0.043145 0.047554 0.043331 0.043202 0.043235 0.043300 0.040613 0.054905 0.044130 0.042050 0.512311 0.042225
0.045681 0.037691 0.039812 0.038865 0.048779 0.038946 0.036963 0.062005 0.043526 0.044491 0.522449 0.040791
0.051607 0.039427 0.042540 0.039430 0.045879 0.039492 0.038001 0.066297 0.044290 0.046192 0.506956 0.039890
0.041690 0.040426 0.041040 0.039330 0.048000 0.039380 0.038492 0.052087 0.045397 0.044071 0.528253 0.041834
0.063122 0.061545 0.047356 0.044189 0.053111 0.044253 0.042987 0.051872 0.049983 0.052707 0.443709 0.045166
0.042788 0.063466 0.042004 0.039413 0.049080 0.039495 0.038314 0.049111 0.042233 0.044410 0.510815 0.038872
0.036044 0.035966 0.038428 0.036000 0.041239 0.036008 0.036037 0.048326 0.041136 0.042774 0.570217 0.037824
0.051088 0.051466 0.050468 0.049122 0.055662 0.049244 0.047030 0.048661 0.057915 0.053582 0.438754 0.047009
0.040905 0.038853 0.043024 0.040048 0.049009 0.039870 0.039429 0.055330 0.049466 0.047931 0.517003 0.039131
0.044588 0.049455 0.048102 0.045555 0.046980 0.045657 0.043765 0.054226 0.047114 0.048598 0.482051 0.043908
0.056980 0.048260 0.042257 0.041218 0.047725 0.041087 0.039930 0.047557 0.045722 0.045821 0.504392 0.039050
0.057489 0.043977 0.047937 0.041535 0.049086 0.041583 0.040880 0.060870 0.048278 0.053508 0.474191 0.040665
0.043064 0.043704 0.042555 0.042197 0.045036 0.042229 0.041138 0.044794 0.046309 0.043070 0.524415 0.041489
0.050835 0.046011 0.051245 0.046320 0.057448 0.046409 0.045227 0.055960 0.052587 0.055923 0.444549 0.047486
0.052340 0.048868 0.044563 0.042027 0.047031 0.041969 0.040470 0.059436 0.044686 0.045912 0.490394 0.042304
0.035675 0.035224 0.038603 0.034739 0.043186 0.034557 0.035268 0.054496 0.043848 0.043402 0.564068 0.036934
0.053626 0.052612 0.047635 0.045028 0.053958 0.045157 0.047634 0.059300 0.055171 0.047956 0.447265 0.044658
0.043760 0.041560 0.048381 0.043257 0.054138 0.043139 0.042191 0.057351 0.049587 0.051594 0.480842 0.044200
0.041679 0.039476 0.044076 0.041540 0.045668 0.041607 0.039772 0.046342 0.043343 0.045404 0.528185 0.042908
0.053694 0.040837 0.039930 0.041212 0.048314 0.041280 0.038767 0.043424 0.049917 0.042760 0.520548 0.039320
0.037887 0.037810 0.040264 0.033341 0.042177 0.033379 0.033225 0.065584 0.040003 0.045667 0.555875 0.034789
0.045152 0.045402 0.044990 0.043626 0.047733 0.043714 0.043512 0.045781 0.049159 0.043757 0.502994 0.044182
0.042161 0.051457 0.043474 0.040774 0.049344 0.040856 0.040066 0.054421 0.043833 0.044883 0.507077 0.041655
0.041923 0.036732 0.038045 0.038403 0.043270 0.038487 0.036014 0.060244 0.047524 0.037065 0.543029 0.039264
0.038942 0.038200 0.042900 0.038274 0.045102 0.038349 0.036656 0.049764 0.039906 0.044634 0.548520 0.038752
0.047698 0.038520 0.041806 0.038272 0.047815 0.038331 0.036819 0.048183 0.044852 0.044517 0.537136 0.036051
0.038834 0.044983 0.036583 0.035797 0.044814 0.035832 0.034817 0.038031 0.038804 0.039325 0.576184 0.035997
0.037175 0.037101 0.039381 0.036060 0.039380 0.036147 0.036312 0.052750 0.044574 0.040024 0.562254 0.038842
0.056897 0.048952 0.044115 0.040903 0.045013 0.040839 0.041426 0.054259 0.051173 0.042501 0.493731 0.040190
0.047908 0.044874 0.037478 0.035222 0.048995 0.035115 0.033843 0.054115 0.047097 0.039160 0.540898 0.035296
0.040293 0.032417 0.034998 0.032481 0.041483 0.032526 0.031771 0.062775 0.040738 0.035351 0.579307 0.035859
0.051437 0.039421 0.041960 0.038558 0.047144 0.038662 0.041861 0.051886 0.041906 0.043163 0.523948 0.040053
0.036964 0.041669 0.045905 0.037718 0.048330 0.037673 0.036111 0.064901 0.044077 0.049913 0.520251 0.036487
0.046551 0.038912 0.037363 0.037006 0.043794 0.036846 0.035791 0.038658 0.048125 0.039654 0.562049 0.035251
0.069053 0.041096 0.038393 0.036484 0.044178 0.036522 0.035638 0.043159 0.039738 0.041246 0.538434 0.036060
0.075996 0.044298 0.040248 0.038769 0.040382 0.038831 0.037509 0.042393 0.042724 0.039485 0.520456 0.038908
0.040947 0.047942 0.042954 0.041901 0.048670 0.041995 0.039366 0.043505 0.046831 0.044902 0.520006 0.040982
0.040368 0.033841 0.038211 0.036649 0.044500 0.036744 0.034406 0.058529 0.045329 0.039491 0.556419 0.035513
0.037062 0.040562 0.038086 0.036848 0.041589 0.036896 0.035003 0.048129 0.044815 0.040310 0.563427 0.037273
0.055560 0.035545 0.038871 0.036703 0.046052 0.036751 0.035648 0.039325 0.047696 0.042088 0.548848 0.036914
0.060020 0.035742 0.037417 0.037970 0.045286 0.038036 0.035744 0.039570 0.050495 0.039664 0.543712 0.036344
0.058866 0.048683 0.038565 0.038173 0.040731 0.038243 0.036519 0.048278 0.044385 0.037680 0.530538 0.039338
0.035801 0.046682 0.038525 0.036621 0.040804 0.036696 0.034909 0.047622 0.040436 0.037094 0.567793 0.037016
0.060977 0.034921 0.038596 0.034938 0.044700 0.035017 0.033558 0.048841 0.038119 0.040847 0.556572 0.032912
0.043338 0.039662 0.040507 0.038849 0.049390 0.038948 0.036871 0.052606 0.046671 0.043016 0.533648 0.036495
0.051126 0.044074 0.039624 0.038835 0.043325 0.038913 0.036697 0.045774 0.046229 0.038139 0.538357 0.038908
0.037317 0.043751 0.038387 0.039038 0.042166 0.039127 0.036608 0.051224 0.040498 0.037535 0.554486 0.039862
0.038655 0.041750 0.037949 0.034653 0.048085 0.034702 0.033912 0.056540 0.041493 0.041438 0.555944 0.034879
0.039650 0.036897 0.037781 0.036473 0.049114 0.036550 0.035112 0.040862 0.046284 0.039634 0.565286 0.036357
0.037664 0.036486 0.038758 0.037891 0.045719 0.037963 0.036526 0.041400 0.048767 0.040578 0.558141 0.040107
0.044780 0.042516 0.038482 0.036103 0.044643 0.036155 0.035177 0.039681 0.042226 0.038589 0.564015 0.037633
0.042136 0.048541 0.038392 0.037011 0.044214 0.037082 0.035356 0.044610 0.043652 0.041125 0.552228 0.035652
0.037624 0.040466 0.036464 0.033066 0.043919 0.033112 0.032343 0.040872 0.035223 0.037902 0.593414 0.035596
0.041596 0.040748 0.041190 0.039978 0.047885 0.040116 0.042317 0.060103 0.046002 0.042368 0.516523 0.041174
0.034009 0.045282 0.036991 0.036100 0.044435 0.035967 0.033961 0.050745 0.042575 0.038260 0.565919 0.035755
0.050625 0.045679 0.035555 0.035851 0.041752 0.035930 0.033441 0.048577 0.041604 0.036146 0.558706 0.036134
0.046317 0.036177 0.039411 0.037353 0.047893 0.037423 0.036202 0.051567 0.040215 0.042463 0.544056 0.040924
0.038947 0.044025 0.041788 0.040142 0.046316 0.040207 0.038105 0.042568 0.046500 0.045217 0.536139 0.040045
0.039241 0.043577 0.039250 0.038848 0.045977 0.038929 0.036854 0.040461 0.042161 0.040969 0.557109 0.036624
0.037657 0.041689 0.037462 0.037347 0.044949 0.037428 0.035056 0.040463 0.047732 0.038249 0.565428 0.036540
0.041208 0.043600 0.039469 0.040059 0.046559 0.040138 0.037688 0.045460 0.050857 0.041447 0.533695 0.039820
0.035271 0.035324 0.035444 0.034436 0.042585 0.034484 0.033702 0.047763 0.045838 0.038028 0.580190 0.036935
0.052041 0.048682 0.041313 0.039953 0.045302 0.040081 0.038648 0.045037 0.046561 0.042438 0.521888 0.038056
0.043288 0.038035 0.034684 0.031217 0.043843 0.031044 0.031315 0.039764 0.039046 0.036843 0.597723 0.033200
0.037480 0.035844 0.041013 0.035956 0.045999 0.036047 0.036969 0.041220 0.042462 0.044558 0.563838 0.038613
0.045434 0.045623 0.044391 0.042455 0.048614 0.042384 0.042333 0.052213 0.046838 0.045827 0.505202 0.038686
0.034370 0.034678 0.038733 0.033959 0.042980 0.034006 0.034155 0.048038 0.042141 0.039779 0.583212 0.033949
0.044608 0.054130 0.042239 0.041406 0.042421 0.041546 0.039305 0.042244 0.048117 0.040591 0.524417 0.038978
0.040729 0.044701 0.040359 0.038899 0.046874 0.038792 0.036900 0.052433 0.046829 0.043640 0.531241 0.038603
0.039684 0.037303 0.043709 0.037767 0.051293 0.037836 0.036801 0.054258 0.047114 0.046383 0.530309 0.037542
0.037170 0.045561 0.035649 0.034701 0.041563 0.034744 0.033873 0.036544 0.038620 0.038382 0.588129 0.035064
0.045017 0.040209 0.041088 0.038345 0.049094 0.038435 0.037019 0.046362 0.046136 0.043497 0.535889 0.038907
0.042780 0.059908 0.044657 0.040000 0.048411 0.039865 0.040203 0.057933 0.042642 0.044628 0.497742 0.041231
0.040084 0.034410 0.039244 0.034140 0.043834 0.033964 0.034770 0.043982 0.034282 0.041687 0.583526 0.036077
0.047636 0.054920 0.040090 0.039865 0.048699 0.039932 0.038161 0.042125 0.044486 0.042726 0.521018 0.040344
0.045644 0.039695 0.042995 0.038852 0.046084 0.038923 0.037323 0.053248 0.046750 0.045610 0.525837 0.039039
0.035662 0.035633 0.039816 0.035944 0.042083 0.035982 0.035751 0.045073 0.044438 0.041429 0.569640 0.038549
0.044235 0.042415 0.045060 0.043383 0.052368 0.043469 0.044178 0.045350 0.051603 0.047160 0.497789 0.042990
0.041842 0.034231 0.039984 0.035012 0.041848 0.035115 0.034006 0.068723 0.045307 0.039237 0.549248 0.035447
0.038456 0.059812 0.040640 0.041294 0.041299 0.041372 0.039012 0.041698 0.044669 0.039503 0.533188 0.039057
0.037190 0.040240 0.039350 0.034675 0.048604 0.034723 0.034802 0.060611 0.038642 0.043586 0.550593 0.036983
0.046649 0.049651 0.045014 0.042201 0.044223 0.042331 0.044231 0.062702 0.046602 0.045182 0.490100 0.041115
0.043160 0.047301 0.038816 0.035363 0.043432 0.035238 0.034351 0.043260 0.043553 0.041397 0.560774 0.033355
0.037460 0.037100 0.039310 0.035404 0.046297 0.035459 0.034555 0.044809 0.044312 0.042183 0.568663 0.034449
