0.040885 0.059783 0.045389 0.041243 0.041236 0.040952 0.041425 0.040137 0.043013 0.052653 0.499152 0.054132
0.038904 0.053893 0.043868 0.041076 0.038678 0.040218 0.038894 0.039639 0.040361 0.046327 0.535444 0.042698
0.041627 0.050066 0.045386 0.041911 0.041196 0.046394 0.040876 0.042145 0.046651 0.045490 0.510006 0.048252
0.076683 0.068598 0.039750 0.036929 0.035965 0.039167 0.035122 0.036836 0.041776 0.040758 0.509886 0.038530
0.050960 0.040700 0.041878 0.038835 0.037528 0.041642 0.037316 0.038456 0.039628 0.044734 0.548822 0.039500
0.047498 0.040565 0.035440 0.032959 0.032077 0.034198 0.031952 0.033120 0.040063 0.039032 0.598897 0.034200
0.038628 0.057935 0.037749 0.036057 0.035240 0.036362 0.034206 0.035766 0.044036 0.042224 0.564235 0.037562
0.045199 0.070641 0.040848 0.036996 0.038155 0.039118 0.037121 0.036968 0.038114 0.038178 0.541733 0.036930
0.049769 0.058885 0.046480 0.043529 0.040220 0.044785 0.040976 0.040806 0.041696 0.041146 0.507516 0.044192
0.054531 0.076642 0.038035 0.032870 0.031977 0.037014 0.032279 0.032559 0.035725 0.038851 0.556027 0.033491
0.038901 0.056631 0.032835 0.030110 0.030310 0.032382 0.030190 0.030042 0.040103 0.037038 0.611553 0.029907
0.053323 0.037428 0.041614 0.039181 0.037259 0.038867 0.036761 0.036206 0.048665 0.044718 0.547255 0.038723
0.040499 0.057162 0.040048 0.036238 0.036408 0.040919 0.036046 0.035736 0.042984 0.039910 0.557411 0.036639
0.061793 0.066763 0.039327 0.038408 0.036410 0.043271 0.036413 0.037983 0.038673 0.036522 0.524577 0.039862
0.054351 0.052575 0.042310 0.037752 0.037385 0.044794 0.037278 0.038533 0.039311 0.044802 0.532760 0.038150
0.062239 0.067179 0.035179 0.031152 0.031360 0.036543 0.030980 0.030746 0.040881 0.034341 0.568685 0.030714
0.043676 0.060813 0.043729 0.039411 0.038452 0.041051 0.038494 0.038025 0.052774 0.041256 0.517866 0.044452
0.047894 0.042676 0.041918 0.036986 0.037221 0.043053 0.036950 0.037091 0.046702 0.043084 0.548261 0.038162
0.047860 0.045786 0.041978 0.040119 0.038365 0.042009 0.037553 0.038743 0.039485 0.041372 0.545403 0.041327
0.045494 0.040454 0.039272 0.037750 0.037075 0.039050 0.036218 0.037959 0.045854 0.049247 0.546821 0.044807
0.040879 0.046606 0.040049 0.036268 0.037157 0.044829 0.036344 0.036257 0.041634 0.039313 0.564426 0.036236
0.047754 0.042969 0.045226 0.039480 0.039596 0.049055 0.039664 0.038211 0.047133 0.042332 0.529277 0.039303
0.058038 0.059781 0.045635 0.038085 0.038680 0.040433 0.037881 0.036869 0.039496 0.048447 0.519251 0.037403
0.040956 0.041531 0.040657 0.034674 0.035534 0.039286 0.035585 0.034770 0.045247 0.040492 0.572269 0.038998
0.051335 0.051523 0.045619 0.042506 0.042461 0.050630 0.041209 0.040176 0.049007 0.045013 0.498336 0.042184
0.055901 0.051112 0.047215 0.041149 0.042227 0.052377 0.041561 0.040510 0.043803 0.045567 0.498295 0.040283
0.045976 0.063793 0.041925 0.043054 0.039313 0.043103 0.041969 0.038791 0.046219 0.048396 0.505536 0.041925
0.047392 0.039420 0.037440 0.034281 0.035141 0.035078 0.034795 0.034672 0.044121 0.047356 0.571110 0.039195
0.059843 0.062845 0.042998 0.040897 0.040915 0.044309 0.040003 0.041853 0.046791 0.043870 0.493370 0.042305
0.059525 0.048553 0.047762 0.043272 0.042592 0.045545 0.041674 0.043435 0.050798 0.046018 0.485668 0.045158
0.050903 0.054900 0.047181 0.042912 0.041832 0.048293 0.041774 0.042683 0.044155 0.043075 0.498353 0.043940
0.044914 0.041095 0.044978 0.040906 0.039930 0.043947 0.039774 0.039750 0.046035 0.042878 0.530538 0.045254
0.043713 0.056365 0.038890 0.034823 0.035815 0.037713 0.034978 0.034861 0.041612 0.047300 0.559143 0.034788
0.043042 0.049465 0.046750 0.044753 0.043596 0.044366 0.042312 0.043327 0.051313 0.051848 0.489745 0.049483
0.043631 0.044169 0.044138 0.039886 0.039262 0.041725 0.038346 0.038227 0.046655 0.042584 0.541728 0.039649
0.058128 0.046836 0.045302 0.043425 0.042731 0.043950 0.041608 0.043292 0.042889 0.049277 0.497717 0.044844
0.042772 0.043746 0.042764 0.039877 0.038450 0.041221 0.040127 0.038085 0.041504 0.042076 0.546089 0.043290
0.044712 0.049063 0.039239 0.038047 0.037166 0.038015 0.038159 0.036515 0.049730 0.044063 0.547602 0.037687
0.057251 0.068086 0.054811 0.048668 0.047466 0.051477 0.046455 0.046283 0.049841 0.049509 0.431432 0.048719
0.049027 0.051298 0.045429 0.042145 0.040691 0.048956 0.041340 0.042159 0.044455 0.043605 0.507308 0.043586
0.062967 0.063106 0.046071 0.042992 0.042003 0.049392 0.041846 0.041675 0.049500 0.043784 0.474089 0.042576
0.052764 0.047890 0.048697 0.044595 0.043222 0.047089 0.043433 0.043840 0.055110 0.053053 0.474747 0.045560
0.053961 0.078739 0.042452 0.035638 0.037076 0.041073 0.036538 0.035335 0.051231 0.046458 0.506383 0.035117
0.052000 0.046893 0.047817 0.044384 0.044103 0.045461 0.044531 0.043168 0.050393 0.047343 0.489672 0.044234
0.042578 0.079248 0.046520 0.042540 0.041724 0.041540 0.042347 0.040132 0.049870 0.047904 0.483630 0.041967
0.039720 0.040620 0.042915 0.038102 0.038021 0.049158 0.037696 0.038049 0.044009 0.042612 0.550247 0.038851
0.056564 0.057683 0.039967 0.038053 0.038325 0.039338 0.037559 0.038745 0.046915 0.041449 0.526249 0.039151
0.053948 0.061343 0.042143 0.040763 0.039698 0.045307 0.038760 0.040487 0.040207 0.040311 0.514851 0.042181
0.046269 0.072526 0.041522 0.039501 0.038177 0.039960 0.037868 0.039587 0.047300 0.046155 0.509946 0.041188
0.043802 0.047526 0.038148 0.035862 0.035937 0.038754 0.035617 0.035370 0.037214 0.042086 0.569338 0.040346
0.046443 0.063015 0.048147 0.044789 0.043201 0.046564 0.043929 0.043564 0.044521 0.047591 0.482392 0.045846
0.051340 0.077332 0.046610 0.040680 0.041107 0.045860 0.040570 0.040220 0.047990 0.043235 0.483947 0.041107
0.042662 0.081602 0.036665 0.034968 0.034014 0.037269 0.033944 0.036011 0.036012 0.038656 0.552159 0.036040
0.037832 0.060178 0.039506 0.036199 0.034992 0.038916 0.034809 0.034629 0.049857 0.039089 0.557964 0.036029
0.052687 0.074511 0.035690 0.032168 0.032819 0.033267 0.032252 0.031203 0.039204 0.035806 0.568675 0.031718
0.041250 0.049454 0.045977 0.039532 0.040075 0.045013 0.040212 0.039469 0.043141 0.046199 0.530046 0.039631
0.060127 0.039525 0.041829 0.036471 0.035928 0.039888 0.036296 0.036692 0.041314 0.042147 0.552272 0.037513
0.039588 0.069707 0.042254 0.037637 0.037843 0.044756 0.036636 0.037206 0.045735 0.038688 0.527147 0.042803
0.054352 0.074799 0.040924 0.038645 0.037124 0.044538 0.037002 0.036983 0.039798 0.038253 0.519595 0.037988
0.041983 0.058330 0.039768 0.035388 0.035445 0.040832 0.035161 0.036191 0.044110 0.038212 0.558775 0.035804
0.045461 0.066143 0.035932 0.033566 0.033579 0.039082 0.032589 0.033522 0.044715 0.036348 0.561408 0.037654
0.039747 0.050939 0.038621 0.034994 0.036271 0.038402 0.035246 0.035029 0.039710 0.048189 0.567937 0.034914
0.072036 0.047018 0.037813 0.034776 0.035865 0.040247 0.034961 0.036072 0.037362 0.038763 0.544856 0.040230
0.041782 0.063277 0.039926 0.036294 0.036182 0.038739 0.035287 0.035947 0.039479 0.038568 0.553359 0.041161
0.087273 0.054348 0.038447 0.035839 0.036492 0.044326 0.035626 0.037553 0.036626 0.036344 0.517982 0.039144
0.036290 0.057194 0.035363 0.034688 0.033281 0.034911 0.033052 0.032926 0.039743 0.040478 0.587693 0.034382
0.034639 0.039390 0.035176 0.031352 0.032540 0.033397 0.031537 0.031217 0.041281 0.038894 0.604511 0.046065
0.039521 0.063393 0.041527 0.038852 0.038979 0.042269 0.039111 0.037634 0.042633 0.042011 0.531908 0.042162
0.057632 0.071616 0.049690 0.041910 0.041176 0.046733 0.040823 0.041578 0.042309 0.044389 0.479046 0.043099
0.067659 0.042785 0.037292 0.035061 0.033586 0.044831 0.034172 0.032965 0.036677 0.037222 0.555941 0.041808
0.047364 0.038645 0.042211 0.039928 0.038524 0.042224 0.040041 0.038415 0.050701 0.042012 0.535615 0.044319
0.071589 0.047639 0.044269 0.040490 0.038458 0.041433 0.040121 0.038662 0.050830 0.044737 0.500742 0.041028
0.063316 0.040397 0.039343 0.035416 0.036000 0.042254 0.035820 0.036384 0.043438 0.039412 0.552564 0.035657
0.040255 0.054522 0.037548 0.036611 0.035643 0.037961 0.035683 0.035531 0.045061 0.038388 0.566273 0.036525
0.051750 0.051045 0.044613 0.041209 0.041807 0.043625 0.041217 0.040057 0.044394 0.045144 0.514307 0.040832
0.043657 0.044701 0.046233 0.038629 0.039586 0.050129 0.039442 0.038298 0.046942 0.044346 0.529789 0.038249
0.048453 0.052083 0.046654 0.042154 0.043065 0.048606 0.043380 0.043338 0.050693 0.047329 0.490995 0.043250
0.052564 0.042691 0.043489 0.039928 0.039835 0.042184 0.040030 0.039757 0.048466 0.050636 0.514999 0.045420
0.042558 0.043664 0.043109 0.039783 0.040590 0.040969 0.040050 0.039699 0.044234 0.048978 0.536776 0.039591
0.050992 0.043463 0.042057 0.040744 0.040005 0.043817 0.039112 0.040834 0.047155 0.049309 0.520033 0.042479
0.044908 0.047310 0.044905 0.040293 0.040342 0.045472 0.040211 0.039976 0.043633 0.043822 0.529084 0.040045
0.074732 0.053318 0.043572 0.041187 0.041533 0.044796 0.040562 0.041552 0.041113 0.047927 0.482494 0.047213
0.042812 0.043731 0.042050 0.039355 0.038797 0.044540 0.039198 0.039294 0.041475 0.041154 0.547952 0.039642
0.074958 0.042659 0.038985 0.037216 0.036396 0.038485 0.036082 0.035880 0.045136 0.039290 0.518545 0.056367
0.064372 0.050716 0.051183 0.047627 0.047056 0.050856 0.045795 0.045421 0.053766 0.050512 0.445737 0.046959
0.069074 0.042822 0.048214 0.043828 0.041960 0.044583 0.043330 0.042380 0.044884 0.051184 0.483517 0.044225
0.048889 0.041460 0.039669 0.035702 0.036411 0.039006 0.036739 0.035617 0.046364 0.047507 0.557152 0.035484
0.055493 0.043917 0.045520 0.041776 0.041843 0.042418 0.041986 0.040495 0.052187 0.050958 0.501977 0.041429
0.049487 0.047170 0.050053 0.044130 0.043820 0.053519 0.044341 0.044266 0.046449 0.048695 0.483154 0.044917
0.050487 0.045635 0.047872 0.044019 0.043759 0.053403 0.043689 0.043786 0.045431 0.044908 0.493356 0.043655
0.055255 0.051782 0.050699 0.049017 0.046091 0.050603 0.047102 0.046907 0.052626 0.047915 0.452604 0.049399
0.050159 0.040005 0.041396 0.035853 0.035139 0.039218 0.035295 0.035776 0.044944 0.043993 0.561384 0.036838
0.038878 0.046243 0.042258 0.040113 0.039697 0.039302 0.039318 0.040144 0.048763 0.055270 0.513040 0.056976
0.054917 0.049183 0.044440 0.040374 0.041182 0.045538 0.040443 0.040364 0.046895 0.044151 0.512169 0.040345
0.049196 0.048869 0.047319 0.041795 0.042564 0.046592 0.042016 0.041507 0.046726 0.046254 0.505554 0.041608
0.071774 0.047219 0.044746 0.042352 0.041853 0.042170 0.041551 0.041643 0.041483 0.043108 0.493954 0.048146
0.044036 0.047141 0.039770 0.034824 0.035556 0.040489 0.035791 0.034899 0.045645 0.046557 0.560675 0.034615
0.058694 0.060330 0.048321 0.044360 0.044155 0.047652 0.043555 0.043548 0.048085 0.046616 0.469292 0.045390
0.039539 0.049585 0.041148 0.036487 0.037207 0.039029 0.036949 0.036153 0.039527 0.052165 0.540475 0.051735
0.049280 0.066436 0.053414 0.049906 0.048658 0.050181 0.048149 0.050114 0.049206 0.049407 0.433615 0.051634
0.041724 0.052158 0.043286 0.037029 0.036192 0.041920 0.036439 0.036996 0.053859 0.042488 0.539347 0.038561
0.045751 0.059307 0.035707 0.034008 0.034698 0.036177 0.033979 0.033870 0.039834 0.035672 0.577221 0.033778
0.045982 0.056433 0.046917 0.042330 0.042490 0.044506 0.042485 0.041627 0.050629 0.046825 0.497585 0.042192
0.045887 0.063531 0.046512 0.040472 0.039471 0.044715 0.041063 0.039457 0.050623 0.045059 0.502281 0.040928
0.057624 0.048291 0.044881 0.040209 0.039798 0.043842 0.039261 0.039409 0.040721 0.041065 0.523728 0.041171
0.051108 0.053752 0.040531 0.040647 0.038119 0.040339 0.038086 0.039428 0.044607 0.042437 0.529047 0.041899
0.042026 0.048635 0.037903 0.035324 0.034344 0.036255 0.034222 0.035101 0.043348 0.042331 0.574202 0.036308
0.061673 0.043550 0.040292 0.038552 0.037588 0.041321 0.036759 0.038502 0.041329 0.039709 0.540520 0.040206
0.054733 0.036752 0.038778 0.036155 0.036473 0.038323 0.035653 0.036764 0.045436 0.039616 0.564083 0.037234
0.056075 0.078470 0.039050 0.035587 0.035665 0.039527 0.035453 0.035106 0.036951 0.036910 0.535995 0.035211
0.050803 0.050053 0.042574 0.038485 0.038213 0.039862 0.038811 0.037187 0.041704 0.047920 0.536102 0.038286
0.044302 0.072186 0.047067 0.040463 0.039254 0.044222 0.039716 0.038213 0.042454 0.041072 0.510862 0.040189
0.044161 0.042744 0.041723 0.036368 0.035348 0.042187 0.036354 0.036614 0.042094 0.046994 0.557993 0.037421
0.039438 0.054835 0.035811 0.032874 0.033551 0.036353 0.032736 0.032589 0.040526 0.042844 0.586048 0.032394
0.040489 0.060479 0.041493 0.038256 0.037859 0.039231 0.038311 0.038530 0.043662 0.046079 0.536738 0.038874
0.047483 0.050057 0.041999 0.035989 0.036079 0.042489 0.035620 0.035649 0.044445 0.040629 0.552987 0.036574
0.067837 0.063382 0.039367 0.035963 0.036420 0.041451 0.035698 0.035737 0.038067 0.036269 0.534186 0.035624
0.075132 0.045281 0.045200 0.042045 0.040948 0.046934 0.041821 0.040200 0.042431 0.042381 0.496141 0.041486
0.063173 0.058335 0.042049 0.036698 0.036404 0.040653 0.037351 0.035084 0.045077 0.040397 0.528846 0.035932
0.044333 0.050500 0.043589 0.036339 0.037214 0.046853 0.037458 0.035367 0.050992 0.041771 0.535735 0.039848
0.053015 0.050132 0.045470 0.037481 0.039249 0.043140 0.038520 0.037584 0.043885 0.044456 0.529879 0.037188
0.039290 0.062296 0.043517 0.039314 0.040047 0.041105 0.040347 0.039514 0.044377 0.045786 0.524715 0.039692
0.035357 0.042321 0.037481 0.036133 0.036168 0.040317 0.036034 0.034792 0.040076 0.043907 0.581876 0.035538
0.039442 0.061493 0.042195 0.039953 0.039422 0.045491 0.038741 0.040027 0.045686 0.042777 0.523750 0.041023
0.053705 0.053508 0.045237 0.041456 0.042339 0.049694 0.041027 0.040776 0.044123 0.043687 0.503733 0.040715
0.044472 0.046479 0.048777 0.045644 0.043930 0.047874 0.044059 0.044139 0.044219 0.048913 0.495515 0.045979
0.042794 0.056069 0.041420 0.035638 0.036538 0.040184 0.036618 0.035455 0.047823 0.042728 0.545760 0.038974
0.073990 0.042047 0.045074 0.042296 0.041075 0.042932 0.040994 0.042398 0.055314 0.044525 0.480863 0.048491
0.090591 0.043495 0.043127 0.038418 0.038010 0.040279 0.037306 0.038334 0.039661 0.040931 0.510139 0.039708
0.037270 0.046966 0.035698 0.033867 0.033699 0.037270 0.033631 0.033697 0.038804 0.040622 0.594935 0.033542
0.047021 0.042560 0.044033 0.040541 0.038964 0.040865 0.039716 0.039089 0.047735 0.046011 0.532060 0.041407
0.038765 0.071405 0.039073 0.035325 0.035075 0.038178 0.034726 0.034900 0.036846 0.043957 0.555995 0.035756
0.057114 0.046123 0.039622 0.040198 0.036817 0.040294 0.037072 0.037065 0.038227 0.042074 0.545589 0.039805
0.040954 0.089354 0.044101 0.042291 0.039889 0.044635 0.040848 0.039196 0.046391 0.041514 0.489133 0.041695
0.069893 0.052074 0.048243 0.042560 0.041352 0.046620 0.042463 0.040081 0.049030 0.044131 0.482504 0.041050
0.054410 0.066752 0.045599 0.039053 0.038380 0.044992 0.039692 0.037228 0.044697 0.040653 0.510536 0.038007
0.068020 0.040029 0.041918 0.038116 0.036144 0.038670 0.037483 0.034985 0.047247 0.046066 0.533975 0.037347
0.043151 0.047091 0.041471 0.035315 0.035953 0.042535 0.036041 0.034806 0.047219 0.042279 0.559556 0.034582
0.069481 0.041354 0.041188 0.039437 0.039243 0.040199 0.038717 0.037874 0.047218 0.042537 0.523745 0.039008
0.042138 0.056186 0.045446 0.040095 0.039527 0.048326 0.039408 0.039489 0.042043 0.041955 0.524824 0.040563
0.076679 0.056590 0.038019 0.034802 0.035210 0.037439 0.034765 0.035971 0.039390 0.045732 0.529999 0.035406
0.052316 0.057568 0.038698 0.035829 0.035479 0.037401 0.034230 0.033789 0.040182 0.041373 0.551386 0.041748
0.056052 0.051232 0.046883 0.042771 0.041265 0.045043 0.041890 0.041642 0.042353 0.044979 0.502052 0.043839
0.068231 0.050320 0.040642 0.035441 0.036031 0.039477 0.035456 0.035379 0.039530 0.041200 0.537831 0.040462
0.054302 0.045239 0.038518 0.036081 0.036748 0.039480 0.035951 0.035932 0.037900 0.037856 0.566241 0.035753
0.050868 0.055953 0.043519 0.042175 0.040343 0.041401 0.041272 0.039625 0.044100 0.048663 0.506879 0.045202
0.053833 0.038275 0.035497 0.031122 0.032042 0.034828 0.031787 0.030785 0.044075 0.039475 0.597800 0.030481
0.044116 0.050593 0.046173 0.043180 0.041800 0.044350 0.041946 0.041833 0.042514 0.046299 0.513300 0.043896
0.050211 0.043038 0.046561 0.039597 0.038773 0.043902 0.039200 0.039327 0.041717 0.042707 0.534702 0.040264
0.041506 0.052135 0.040075 0.037348 0.036254 0.039570 0.035928 0.036970 0.043237 0.048274 0.550810 0.037893
0.065354 0.046145 0.043700 0.037694 0.037665 0.041061 0.037463 0.037264 0.045205 0.038906 0.527793 0.041750
0.043254 0.056834 0.047748 0.043238 0.041784 0.048203 0.041303 0.041077 0.057254 0.045093 0.491582 0.042630
0.065737 0.079907 0.039701 0.034991 0.036691 0.038989 0.035807 0.034784 0.038357 0.037952 0.522361 0.034721
0.038926 0.055420 0.040187 0.039712 0.037927 0.038730 0.038792 0.038619 0.041349 0.045048 0.544469 0.040821
0.071619 0.058515 0.042540 0.036298 0.036917 0.041508 0.036223 0.035859 0.049981 0.041399 0.512415 0.036727
0.064115 0.042628 0.038526 0.036315 0.036446 0.039336 0.035711 0.036957 0.039995 0.038685 0.553877 0.037407
0.068904 0.051922 0.040484 0.039213 0.036572 0.039128 0.036519 0.037385 0.038282 0.038017 0.527373 0.046201
0.046045 0.050114 0.040063 0.036557 0.036548 0.039600 0.036453 0.036436 0.046772 0.039128 0.555861 0.036423
0.040604 0.062144 0.043688 0.039133 0.039385 0.040760 0.039387 0.037739 0.049518 0.045918 0.522939 0.038782
0.046202 0.053888 0.052919 0.044807 0.044649 0.051760 0.043795 0.043933 0.046741 0.047215 0.478783 0.045309
0.040778 0.053914 0.044525 0.038169 0.038977 0.045628 0.039350 0.038278 0.050416 0.044644 0.527359 0.037962
0.042909 0.064541 0.045515 0.042181 0.042412 0.047555 0.041973 0.042876 0.049132 0.042707 0.495227 0.042972
0.049759 0.065839 0.038608 0.034030 0.034807 0.036865 0.035295 0.034076 0.041656 0.041908 0.553425 0.033732
0.042160 0.067832 0.036984 0.033776 0.034523 0.036314 0.033766 0.033660 0.048816 0.036506 0.562137 0.033526
0.060312 0.042040 0.041573 0.039146 0.038779 0.041106 0.039407 0.037947 0.042708 0.050294 0.527717 0.038970
0.064842 0.055861 0.048220 0.043868 0.043322 0.048491 0.043608 0.041150 0.043689 0.046244 0.477647 0.043058
0.045146 0.061443 0.044567 0.039147 0.038632 0.044683 0.039008 0.039273 0.044005 0.044406 0.515334 0.044356
0.058403 0.054198 0.042764 0.040624 0.039790 0.044400 0.039392 0.039454 0.046674 0.040878 0.497187 0.056238
0.044450 0.070945 0.042631 0.037758 0.038225 0.043484 0.037731 0.037603 0.043965 0.042001 0.523650 0.037558
0.071983 0.053125 0.043086 0.038533 0.039096 0.039139 0.038713 0.037431 0.047205 0.045911 0.507625 0.038151
0.040995 0.037492 0.041963 0.036684 0.037105 0.041207 0.037859 0.035400 0.040713 0.048248 0.561503 0.040829
0.045630 0.047965 0.044484 0.038910 0.039649 0.044251 0.040258 0.037740 0.045280 0.044023 0.533325 0.038486
0.040318 0.063896 0.047383 0.042595 0.040971 0.041503 0.040988 0.040213 0.041687 0.049619 0.500989 0.049838
0.051189 0.058581 0.040621 0.036534 0.036586 0.042109 0.037091 0.036180 0.039566 0.041093 0.544587 0.035864
0.048780 0.061920 0.044402 0.040997 0.040479 0.042986 0.040920 0.039881 0.044836 0.044770 0.509537 0.040492
0.044118 0.060217 0.043586 0.038261 0.037845 0.041041 0.037209 0.037030 0.044983 0.045587 0.531721 0.038402
0.041312 0.043692 0.037157 0.034186 0.034306 0.037942 0.034728 0.034119 0.038308 0.044513 0.585855 0.033882
0.043231 0.055432 0.045033 0.042034 0.041734 0.042185 0.042273 0.040379 0.047789 0.045287 0.513041 0.041581
0.054163 0.058194 0.053299 0.045618 0.044717 0.052571 0.045367 0.044236 0.047876 0.048670 0.459349 0.045940
0.040623 0.048975 0.046238 0.039051 0.039534 0.043154 0.039959 0.038938 0.042877 0.042498 0.539422 0.038731
0.050497 0.055100 0.041644 0.039467 0.037257 0.039399 0.037954 0.039027 0.049891 0.049986 0.518623 0.041154
0.041088 0.043602 0.042337 0.036598 0.038209 0.040544 0.037492 0.036244 0.048703 0.048510 0.550734 0.035939
0.043221 0.051511 0.046268 0.041238 0.042670 0.042570 0.041445 0.042274 0.047712 0.049321 0.509999 0.041772
0.056688 0.048288 0.044011 0.039845 0.039875 0.042812 0.039504 0.038316 0.041585 0.047007 0.522972 0.039097
0.041146 0.096759 0.041961 0.039955 0.039566 0.045053 0.039344 0.039282 0.041467 0.040863 0.495340 0.039265
0.067905 0.052227 0.043058 0.040911 0.039014 0.042382 0.039678 0.037915 0.045952 0.045058 0.505693 0.040206
0.040929 0.081106 0.045552 0.038360 0.038859 0.042288 0.038653 0.037757 0.045898 0.043056 0.510059 0.037483
0.046323 0.044693 0.046512 0.039814 0.040137 0.046282 0.040834 0.038999 0.055451 0.045403 0.511030 0.044521
0.056769 0.053443 0.048239 0.045453 0.043524 0.045376 0.044267 0.043767 0.050467 0.050523 0.467495 0.050676
0.040198 0.047641 0.045495 0.040764 0.040373 0.040939 0.040794 0.041121 0.041418 0.051037 0.528255 0.041966
0.056695 0.049691 0.045108 0.042269 0.041184 0.045629 0.041063 0.042214 0.049058 0.044225 0.499637 0.043225
0.040190 0.051926 0.042993 0.039247 0.039779 0.041539 0.038968 0.038857 0.042575 0.045172 0.539969 0.038787
0.052905 0.057879 0.051618 0.045596 0.045790 0.049404 0.045810 0.044649 0.046230 0.047281 0.467438 0.045399
0.048547 0.043344 0.048486 0.042268 0.041277 0.044269 0.042410 0.039872 0.057030 0.057896 0.492889 0.041712
0.047673 0.068565 0.050869 0.045340 0.045770 0.050577 0.046225 0.045022 0.051583 0.048677 0.454139 0.045559
0.052751 0.050090 0.045649 0.038453 0.039385 0.042148 0.039568 0.039809 0.044237 0.045349 0.523450 0.039111
0.043921 0.080972 0.039923 0.038364 0.037909 0.040433 0.037108 0.038142 0.044370 0.040114 0.519676 0.039068
0.042669 0.041825 0.038501 0.036893 0.036098 0.037792 0.035937 0.037084 0.045889 0.045628 0.563553 0.038131
0.038716 0.056949 0.037343 0.035150 0.035369 0.039387 0.035179 0.034650 0.047521 0.039290 0.565771 0.034673
0.042903 0.048846 0.049209 0.044424 0.045110 0.046597 0.044794 0.043208 0.045274 0.052660 0.487601 0.049374
0.050847 0.068266 0.053807 0.047813 0.047133 0.053777 0.046894 0.045716 0.049169 0.050732 0.433660 0.052187
0.050808 0.055823 0.044937 0.038754 0.038138 0.044551 0.038336 0.038937 0.047277 0.046719 0.515943 0.039778
0.050904 0.066125 0.040940 0.036929 0.037081 0.043695 0.036941 0.036770 0.045102 0.038208 0.530542 0.036764
0.066460 0.041818 0.042138 0.037859 0.038405 0.039716 0.037840 0.037768 0.051897 0.045287 0.523187 0.037623
0.047984 0.045763 0.042636 0.037999 0.038736 0.039929 0.039105 0.036934 0.048851 0.049584 0.534922 0.037558
0.050593 0.041594 0.043118 0.040023 0.040553 0.041194 0.040027 0.039363 0.045813 0.048962 0.524301 0.044458
0.052560 0.054192 0.053309 0.047878 0.048129 0.050601 0.048271 0.047559 0.048085 0.051676 0.449665 0.048073
0.051981 0.053147 0.044317 0.040936 0.040836 0.047358 0.041353 0.040661 0.043839 0.043192 0.511782 0.040596
0.046478 0.059463 0.048920 0.044360 0.043096 0.051609 0.044090 0.042589 0.049252 0.046214 0.480252 0.043678
0.048666 0.052209 0.049495 0.044039 0.042685 0.050593 0.043408 0.043160 0.059135 0.048415 0.473537 0.044657
0.043676 0.050586 0.038984 0.034126 0.034925 0.036384 0.035373 0.033906 0.049176 0.043895 0.565295 0.033675
0.048155 0.050401 0.050898 0.050350 0.048286 0.048605 0.049029 0.049187 0.056425 0.053452 0.438067 0.057144
0.048449 0.052996 0.047322 0.040321 0.041628 0.044220 0.040675 0.040136 0.045523 0.046359 0.512472 0.039900
0.071178 0.053469 0.052254 0.048433 0.048209 0.052157 0.048117 0.046606 0.048701 0.052851 0.430378 0.047647
0.077694 0.042263 0.045512 0.040382 0.040161 0.043525 0.041569 0.038885 0.041433 0.050181 0.498704 0.039691
0.051507 0.052950 0.046946 0.041407 0.041252 0.043027 0.041679 0.040899 0.049408 0.047992 0.501112 0.041821
0.037134 0.052518 0.041276 0.037090 0.037409 0.039231 0.036778 0.035551 0.051735 0.049148 0.545469 0.036662
0.048325 0.046696 0.050130 0.050088 0.047441 0.051679 0.047797 0.048263 0.049258 0.049972 0.459346 0.051004
0.052938 0.066262 0.049197 0.044094 0.043875 0.048025 0.044020 0.043967 0.044766 0.047126 0.470878 0.044853
0.050178 0.052103 0.041351 0.040693 0.039062 0.043991 0.038936 0.040026 0.043794 0.041268 0.527601 0.040997
0.072564 0.045216 0.040837 0.037937 0.037850 0.039000 0.037405 0.038475 0.043764 0.043762 0.524190 0.039001
0.045776 0.040956 0.043123 0.038681 0.038977 0.049608 0.038542 0.038200 0.048957 0.042394 0.536619 0.038167
0.058503 0.051681 0.046602 0.042462 0.041181 0.042993 0.041205 0.040061 0.046739 0.045719 0.500931 0.041921
0.043032 0.064593 0.049372 0.040864 0.041540 0.046969 0.041437 0.040481 0.043959 0.045446 0.502115 0.040192
0.041553 0.061557 0.044497 0.039987 0.039299 0.041890 0.040275 0.039152 0.051023 0.053174 0.506845 0.040750
0.053914 0.051623 0.036907 0.033186 0.034240 0.037118 0.033942 0.032639 0.040923 0.039788 0.573352 0.032368
0.041357 0.049078 0.044286 0.040362 0.040727 0.042714 0.040314 0.040404 0.045130 0.049506 0.525992 0.040129
0.064646 0.053167 0.049179 0.040955 0.042045 0.048276 0.041343 0.040293 0.044796 0.045673 0.489617 0.040010
0.040925 0.058899 0.042649 0.040262 0.039599 0.043988 0.041015 0.038751 0.042798 0.047811 0.523889 0.039414
0.070194 0.058016 0.048169 0.043883 0.043055 0.049508 0.042941 0.043500 0.051185 0.045766 0.458686 0.045098
0.079619 0.051233 0.040501 0.036054 0.035229 0.042457 0.035771 0.035790 0.042491 0.044084 0.520152 0.036622
0.064410 0.054937 0.048602 0.046766 0.045593 0.052644 0.044521 0.045334 0.053129 0.047449 0.449616 0.047000
0.045260 0.051210 0.043793 0.039447 0.039585 0.043245 0.039469 0.039449 0.044299 0.043745 0.531065 0.039434
0.067825 0.043805 0.042908 0.039124 0.039663 0.041513 0.039084 0.038059 0.051794 0.046913 0.510735 0.038576
0.041302 0.041437 0.047349 0.041724 0.041363 0.043185 0.042060 0.039542 0.051002 0.054403 0.515128 0.041505
0.059532 0.049122 0.050272 0.045064 0.045565 0.045048 0.045251 0.043469 0.048360 0.055556 0.468202 0.044560
0.045023 0.058667 0.049887 0.045398 0.043133 0.049758 0.042925 0.043791 0.046432 0.047400 0.480914 0.046672
0.063668 0.052251 0.041802 0.040015 0.038946 0.040798 0.038873 0.040179 0.040590 0.041482 0.520312 0.041082
0.039406 0.047794 0.041222 0.036923 0.036723 0.045070 0.036517 0.036284 0.043210 0.044261 0.556401 0.036190
0.061732 0.043224 0.042195 0.039295 0.038699 0.040876 0.039294 0.038064 0.052359 0.049092 0.516342 0.038830
0.044188 0.048103 0.047229 0.042088 0.042048 0.043458 0.041954 0.039552 0.047676 0.050613 0.509895 0.043195
0.056027 0.055029 0.053331 0.046185 0.046197 0.053198 0.046635 0.046952 0.049417 0.050662 0.450211 0.046156
0.078331 0.052090 0.045202 0.039603 0.039363 0.044097 0.039689 0.039592 0.048397 0.047849 0.485364 0.040423
0.091182 0.045670 0.038179 0.037554 0.035880 0.048844 0.035744 0.035531 0.044664 0.036882 0.513326 0.036545
0.048781 0.044332 0.037704 0.035265 0.035413 0.037643 0.035272 0.035204 0.045926 0.051357 0.557999 0.035104
0.056238 0.041419 0.041761 0.039268 0.039289 0.040795 0.039281 0.037585 0.049182 0.046395 0.530135 0.038650
0.049173 0.052884 0.046845 0.041197 0.042321 0.043363 0.041301 0.041333 0.046181 0.051246 0.497375 0.046780
0.047397 0.059351 0.045264 0.039016 0.040393 0.041660 0.040041 0.039098 0.041568 0.042990 0.524256 0.038967
0.045151 0.063090 0.047685 0.044084 0.043039 0.045733 0.043864 0.042481 0.043653 0.050173 0.483306 0.047742
0.056324 0.070185 0.046987 0.040003 0.039157 0.044804 0.040768 0.038248 0.046599 0.044659 0.492860 0.039405
0.042767 0.052057 0.041956 0.036999 0.036926 0.037280 0.038180 0.035772 0.050127 0.045941 0.545525 0.036469
0.054637 0.045125 0.041866 0.036908 0.037693 0.038825 0.037983 0.035915 0.044934 0.047758 0.541787 0.036568
0.046958 0.047227 0.050733 0.047302 0.046113 0.044544 0.046405 0.044415 0.052370 0.059812 0.467465 0.046655
0.064388 0.046906 0.046724 0.042310 0.041957 0.046099 0.041756 0.042012 0.044105 0.045762 0.495171 0.042811
0.063682 0.057347 0.043766 0.040189 0.039929 0.044626 0.039893 0.040008 0.042346 0.041683 0.506641 0.039888
0.063617 0.052093 0.050796 0.046726 0.044711 0.053834 0.045133 0.044673 0.051107 0.046914 0.453508 0.046887
0.044427 0.040894 0.042539 0.036995 0.036864 0.040014 0.036675 0.035467 0.049184 0.049538 0.551234 0.036169
0.045368 0.044871 0.039347 0.037516 0.037696 0.038604 0.037810 0.037288 0.047370 0.048196 0.543800 0.042131
0.043958 0.059327 0.048490 0.042926 0.043735 0.047172 0.043149 0.041950 0.052404 0.047160 0.487005 0.042724
0.051438 0.062638 0.051128 0.043344 0.044635 0.046346 0.044466 0.042335 0.043973 0.054154 0.472587 0.042956
0.050463 0.052502 0.045310 0.040660 0.039642 0.040937 0.040730 0.038791 0.040406 0.047282 0.523071 0.040206
0.035656 0.054550 0.038584 0.032974 0.033649 0.035525 0.034173 0.033186 0.042135 0.047215 0.575072 0.037281
0.050682 0.049661 0.047917 0.044709 0.043728 0.043015 0.043299 0.044141 0.048000 0.045305 0.493080 0.046465
0.054997 0.048127 0.041494 0.035627 0.035963 0.039746 0.036353 0.035273 0.037808 0.044080 0.555517 0.035014
0.059413 0.065591 0.049723 0.046502 0.044003 0.047006 0.044507 0.043601 0.050488 0.045620 0.457637 0.045909
0.052886 0.046916 0.045184 0.037467 0.037308 0.042784 0.037228 0.036135 0.042037 0.041463 0.540339 0.040254
0.057467 0.059431 0.039317 0.037455 0.036059 0.039772 0.035821 0.037071 0.039544 0.040873 0.539163 0.038027
0.046285 0.044565 0.041319 0.037108 0.035927 0.042577 0.035542 0.035285 0.040847 0.039339 0.564318 0.036888
0.054737 0.048668 0.044268 0.038001 0.039430 0.041311 0.037990 0.037676 0.049471 0.042224 0.528654 0.037570
0.048413 0.057060 0.046875 0.042585 0.041801 0.042131 0.042126 0.039653 0.041964 0.050157 0.499106 0.048128
0.042156 0.042632 0.038940 0.036682 0.035943 0.037684 0.037700 0.035270 0.043215 0.045039 0.564240 0.040499
0.039908 0.071645 0.043589 0.039368 0.039571 0.041193 0.040392 0.038005 0.048022 0.048619 0.510720 0.038969
0.046180 0.051811 0.051773 0.044289 0.044450 0.046981 0.043575 0.044240 0.046294 0.047476 0.487987 0.044946
0.039990 0.060049 0.042238 0.039281 0.038139 0.044078 0.038713 0.038535 0.042433 0.044767 0.532332 0.039445
0.049023 0.040277 0.041336 0.038239 0.037822 0.043367 0.037807 0.037806 0.044759 0.039101 0.552656 0.037805
0.039934 0.076596 0.043719 0.041555 0.039942 0.042510 0.040308 0.040316 0.052127 0.055188 0.485625 0.042179
0.049142 0.068481 0.050032 0.044028 0.043416 0.046467 0.042783 0.043723 0.051473 0.045577 0.469211 0.045667
0.044762 0.075068 0.043013 0.040190 0.039778 0.042229 0.039228 0.040371 0.049504 0.047098 0.497414 0.041347
0.066775 0.072459 0.043490 0.039008 0.039974 0.043887 0.038843 0.038527 0.044648 0.042110 0.491794 0.038485
0.048545 0.065898 0.045900 0.042714 0.041224 0.043316 0.041600 0.041746 0.044858 0.050831 0.489777 0.043591
0.048083 0.044013 0.039025 0.033518 0.034109 0.036042 0.033660 0.033502 0.044628 0.042678 0.576364 0.034378
0.039271 0.039534 0.039662 0.039383 0.038053 0.040340 0.037771 0.037786 0.042172 0.041549 0.565120 0.039359
0.045750 0.065305 0.043219 0.040851 0.040520 0.043156 0.040622 0.039007 0.040882 0.041965 0.518576 0.040147
0.044574 0.079174 0.047531 0.040617 0.041157 0.043187 0.040898 0.040309 0.042931 0.051734 0.487995 0.039893
0.040853 0.081453 0.043748 0.038292 0.037867 0.042115 0.039400 0.036850 0.045541 0.040840 0.515269 0.037772
0.057971 0.112706 0.044328 0.040614 0.038083 0.045097 0.039600 0.038092 0.046442 0.041625 0.455234 0.040208
0.048583 0.072917 0.038005 0.033385 0.033745 0.036152 0.034025 0.033373 0.041854 0.041640 0.553337 0.032984
0.066998 0.047995 0.042555 0.039375 0.038431 0.042283 0.039270 0.037818 0.048334 0.041458 0.516661 0.038820
0.062343 0.052039 0.046994 0.039706 0.040558 0.050792 0.040539 0.038843 0.056021 0.044746 0.488064 0.039356
0.046331 0.058351 0.049954 0.042875 0.043127 0.051627 0.043713 0.041151 0.043984 0.052742 0.484122 0.042022
0.042202 0.045011 0.048600 0.042945 0.042925 0.045874 0.044401 0.043900 0.046714 0.053046 0.500359 0.044024
0.038776 0.068873 0.040988 0.035005 0.036778 0.039980 0.035985 0.034907 0.044646 0.041140 0.548378 0.034542
0.047292 0.071133 0.049097 0.045921 0.045801 0.049396 0.045880 0.044394 0.054347 0.049361 0.451929 0.045447
0.045506 0.055425 0.048774 0.044559 0.044064 0.046802 0.042871 0.042318 0.045330 0.047552 0.493221 0.043579
0.038230 0.039609 0.039126 0.036507 0.036870 0.040104 0.037202 0.036408 0.044614 0.047670 0.567489 0.036171
0.046142 0.049904 0.043701 0.044093 0.042206 0.040845 0.042149 0.040510 0.048913 0.047172 0.504324 0.050039
0.047643 0.052614 0.046704 0.040774 0.042254 0.047779 0.041460 0.040403 0.042267 0.045463 0.512529 0.040109
0.063925 0.055962 0.051409 0.048061 0.046173 0.051388 0.046802 0.046695 0.047818 0.047004 0.445931 0.048833
0.054093 0.048468 0.045468 0.039885 0.039196 0.042884 0.040054 0.040130 0.042739 0.049665 0.512298 0.045120
0.089560 0.057444 0.038999 0.037767 0.036958 0.038430 0.036526 0.037518 0.038827 0.041234 0.508215 0.038523
0.044569 0.050797 0.043364 0.038721 0.039095 0.040208 0.038868 0.038635 0.053192 0.048639 0.521238 0.042674
0.068222 0.060124 0.046695 0.040466 0.041992 0.041584 0.040684 0.041738 0.046287 0.046592 0.484402 0.041214
0.048567 0.055935 0.049062 0.043820 0.043528 0.049140 0.043813 0.043810 0.046236 0.047047 0.484829 0.044213
0.041627 0.063461 0.037768 0.035875 0.035550 0.039162 0.035490 0.035482 0.041419 0.045157 0.553532 0.035476
0.053797 0.047149 0.048022 0.044718 0.043807 0.047638 0.044585 0.042715 0.051537 0.047076 0.485062 0.043895
0.038511 0.074212 0.039344 0.036022 0.035037 0.038505 0.035409 0.035763 0.048070 0.038775 0.543520 0.036833
0.049522 0.040633 0.041955 0.038203 0.038205 0.040767 0.038113 0.037744 0.044355 0.043043 0.545178 0.042282
0.047067 0.082123 0.051407 0.046744 0.047304 0.054357 0.046837 0.046793 0.047949 0.048969 0.433747 0.046702
0.038635 0.053230 0.040004 0.034613 0.035208 0.036674 0.035529 0.034532 0.039057 0.046404 0.571867 0.034248
0.050463 0.066734 0.045978 0.044555 0.043298 0.046794 0.043320 0.043093 0.049766 0.042970 0.463057 0.059972
0.044506 0.070474 0.046773 0.040897 0.040679 0.049206 0.041112 0.042411 0.048710 0.045961 0.486589 0.042682
0.089463 0.060282 0.045452 0.041210 0.042866 0.046187 0.041222 0.040831 0.044321 0.042496 0.465004 0.040665
0.042959 0.042686 0.046571 0.043497 0.042077 0.042550 0.041771 0.042902 0.046449 0.052293 0.490103 0.066143
0.068520 0.055425 0.041370 0.036982 0.038204 0.043557 0.038056 0.036837 0.046255 0.042716 0.515423 0.036654
0.058326 0.069135 0.047679 0.045421 0.043807 0.047600 0.043909 0.044331 0.052478 0.046754 0.453383 0.047175
0.042112 0.061865 0.043522 0.041316 0.038992 0.043812 0.039201 0.039366 0.041312 0.043589 0.522916 0.041996
0.041976 0.065153 0.040874 0.039932 0.038909 0.041343 0.038653 0.038702 0.048320 0.041551 0.525004 0.039581
0.059334 0.053314 0.041262 0.038838 0.037369 0.041566 0.037242 0.038621 0.047357 0.040692 0.523916 0.040490
0.042013 0.061842 0.040724 0.036947 0.037774 0.039528 0.036948 0.036818 0.038489 0.039689 0.552520 0.036707
0.051664 0.062348 0.043624 0.042009 0.040222 0.042592 0.040583 0.039754 0.048467 0.043105 0.503721 0.041911
0.040638 0.050270 0.041116 0.035058 0.035324 0.036829 0.036255 0.034034 0.044967 0.044475 0.566249 0.034784
0.052927 0.052423 0.043316 0.036908 0.038122 0.041357 0.037548 0.036620 0.039191 0.040233 0.541729 0.039627
0.061528 0.042827 0.047708 0.044631 0.042601 0.052665 0.043140 0.042212 0.044201 0.048170 0.485801 0.044516
0.074693 0.046271 0.043912 0.038817 0.037738 0.039765 0.038601 0.037370 0.044334 0.053836 0.505457 0.039207
0.056266 0.041317 0.040546 0.034833 0.035000 0.041684 0.035290 0.034796 0.043860 0.039560 0.562396 0.034451
0.047051 0.051052 0.042157 0.038782 0.039171 0.039940 0.038978 0.037898 0.045877 0.047848 0.518097 0.053148
0.066105 0.055222 0.049794 0.044592 0.044743 0.050851 0.045235 0.043899 0.046583 0.047109 0.461294 0.044573
0.067329 0.048350 0.042589 0.036177 0.036652 0.041220 0.036897 0.036058 0.046838 0.044610 0.527454 0.035825
0.060731 0.073868 0.048944 0.046364 0.043966 0.046660 0.044006 0.045135 0.049594 0.045675 0.446985 0.048071
0.045648 0.049921 0.040239 0.035232 0.035749 0.040833 0.035860 0.035216 0.042508 0.041503 0.562317 0.034973
0.053184 0.046251 0.044201 0.040250 0.041415 0.041052 0.040617 0.039520 0.049178 0.055374 0.509084 0.039873
0.042565 0.044372 0.046613 0.039899 0.041773 0.042813 0.041055 0.039985 0.046187 0.051160 0.518637 0.044940
0.053618 0.047796 0.051682 0.046426 0.048238 0.049431 0.047530 0.046284 0.052349 0.054540 0.456215 0.045892
0.060870 0.044464 0.045734 0.044114 0.043091 0.045082 0.042734 0.041884 0.044239 0.049804 0.494119 0.043865
0.057295 0.041707 0.042684 0.041150 0.040367 0.041819 0.041034 0.041487 0.042809 0.044540 0.523095 0.042013
0.061308 0.042427 0.044588 0.041648 0.041877 0.047297 0.041468 0.041352 0.048501 0.044633 0.503583 0.041320
0.070598 0.050707 0.050645 0.046366 0.045893 0.047814 0.046257 0.046904 0.049901 0.053925 0.443945 0.047044
0.043695 0.053008 0.049038 0.043640 0.043898 0.046682 0.043947 0.043238 0.046670 0.053466 0.489804 0.042914
0.058488 0.054243 0.050466 0.046350 0.045815 0.050341 0.045330 0.046470 0.053891 0.049554 0.447162 0.051890
0.050717 0.051651 0.047820 0.043697 0.043014 0.046582 0.042578 0.041758 0.051171 0.045697 0.492234 0.043081
0.064521 0.046320 0.046677 0.043686 0.043514 0.050991 0.043358 0.043311 0.045806 0.043912 0.484603 0.043302
0.060850 0.050458 0.050211 0.047091 0.045149 0.047945 0.046385 0.046789 0.056060 0.060784 0.437827 0.050453
0.053565 0.053112 0.045204 0.041372 0.039668 0.043711 0.039953 0.038776 0.043155 0.048254 0.513000 0.040231
0.042138 0.050251 0.045158 0.042127 0.041753 0.043803 0.041291 0.042448 0.044504 0.046497 0.516707 0.043325
0.046592 0.045583 0.044274 0.039524 0.040057 0.040692 0.039151 0.038813 0.046259 0.042300 0.532646 0.044110
0.076606 0.052232 0.052065 0.049121 0.046777 0.050369 0.047522 0.047345 0.048012 0.047840 0.432504 0.049607
0.046864 0.069848 0.045059 0.038314 0.038525 0.050214 0.039445 0.038334 0.047017 0.041815 0.506305 0.038259
0.046305 0.048328 0.045240 0.043709 0.042085 0.041868 0.042468 0.041557 0.048127 0.043864 0.506929 0.049521
0.054627 0.072989 0.047765 0.042745 0.041769 0.044761 0.042952 0.040896 0.052629 0.048224 0.468343 0.042301
0.050298 0.041866 0.040207 0.035408 0.037052 0.039407 0.036729 0.035599 0.049241 0.042081 0.556968 0.035144
0.050101 0.055217 0.050426 0.045589 0.046013 0.054040 0.045008 0.045020 0.048533 0.046102 0.469105 0.044844
0.055816 0.050488 0.048991 0.043176 0.043392 0.048031 0.043675 0.042900 0.047567 0.050281 0.482875 0.042808
0.054476 0.043129 0.043964 0.040944 0.040738 0.042402 0.041187 0.038706 0.046546 0.047194 0.521096 0.039619
0.045649 0.046860 0.049668 0.044100 0.043831 0.053179 0.043915 0.042976 0.054194 0.049041 0.478641 0.047947
0.057475 0.061526 0.044542 0.041232 0.041496 0.042654 0.041072 0.041186 0.046574 0.050062 0.490196 0.041985
0.063771 0.057202 0.045656 0.044215 0.044041 0.049378 0.042784 0.043802 0.046041 0.047641 0.470568 0.044900
0.070126 0.062403 0.041360 0.039428 0.038405 0.041177 0.038274 0.039424 0.040744 0.047395 0.500795 0.040470
0.046077 0.055425 0.043634 0.039203 0.039683 0.050832 0.038866 0.038621 0.047035 0.043721 0.518301 0.038601
0.050197 0.047917 0.047209 0.043207 0.043537 0.042997 0.043450 0.041963 0.044839 0.047304 0.500225 0.047155
0.046319 0.053755 0.053545 0.048254 0.047442 0.048762 0.047869 0.047216 0.047918 0.054140 0.454895 0.049884
0.068700 0.046150 0.044977 0.038273 0.037791 0.040705 0.038211 0.038517 0.044547 0.043537 0.519269 0.039323
0.048687 0.049156 0.043432 0.040703 0.039993 0.043621 0.039212 0.039201 0.046938 0.042828 0.526257 0.039971
0.050619 0.052017 0.042295 0.039737 0.038460 0.040633 0.038265 0.039450 0.039832 0.045267 0.532850 0.040573
0.039566 0.050238 0.038552 0.034869 0.035002 0.037768 0.034768 0.034513 0.050212 0.041987 0.568079 0.034447
0.065245 0.047908 0.045937 0.043766 0.042077 0.042841 0.041450 0.041568 0.046381 0.044637 0.493479 0.044712
0.050624 0.056312 0.048384 0.042313 0.041809 0.045480 0.041858 0.042038 0.044628 0.045051 0.498552 0.042952
0.055111 0.061367 0.044968 0.040634 0.039537 0.050445 0.039272 0.040561 0.047703 0.040266 0.494885 0.045251
0.049212 0.050911 0.042712 0.039741 0.038036 0.045681 0.037843 0.037633 0.041273 0.039239 0.539084 0.038635
0.059620 0.052625 0.042268 0.038589 0.037413 0.043248 0.037197 0.036982 0.049722 0.040020 0.524335 0.037981
0.054128 0.042892 0.037544 0.034495 0.034606 0.036417 0.033598 0.034438 0.046054 0.043195 0.567155 0.035476
