0.036353 0.044347 0.047136 0.037485 0.037266 0.037996 0.038882 0.053090 0.044261 0.298401 0.288602 0.036180
0.052491 0.040916 0.047354 0.037262 0.037402 0.038321 0.038002 0.044334 0.042195 0.285976 0.299825 0.035923
0.040913 0.043995 0.052099 0.041441 0.041543 0.042237 0.042060 0.054917 0.041789 0.298358 0.260391 0.040257
0.041410 0.048721 0.050117 0.038055 0.038836 0.039028 0.038396 0.054512 0.044901 0.326795 0.242446 0.036782
0.060707 0.046792 0.054764 0.043053 0.043038 0.043027 0.042649 0.051419 0.045719 0.293564 0.233460 0.041808
0.049560 0.041300 0.050949 0.042283 0.042461 0.042664 0.042310 0.059039 0.046559 0.295732 0.246246 0.040896
0.042404 0.047636 0.048320 0.040577 0.040794 0.041693 0.041196 0.047143 0.046132 0.326137 0.238300 0.039668
0.068096 0.038580 0.046044 0.037406 0.036933 0.038721 0.037773 0.040220 0.047601 0.304713 0.267598 0.036314
0.036255 0.035917 0.044558 0.035397 0.035703 0.035850 0.035379 0.045049 0.039922 0.320996 0.300841 0.034132
0.045795 0.048314 0.057307 0.046043 0.046484 0.046003 0.046083 0.056727 0.047574 0.263719 0.251125 0.044825
0.040304 0.039782 0.051959 0.041605 0.041393 0.041370 0.040910 0.040086 0.048342 0.284113 0.290041 0.040096
0.047274 0.049615 0.051587 0.041071 0.041009 0.041230 0.040766 0.046266 0.048992 0.290743 0.261339 0.040107
0.046448 0.040396 0.046782 0.037885 0.038244 0.038114 0.038646 0.045676 0.042887 0.325561 0.262553 0.036807
0.043589 0.040457 0.043832 0.035857 0.035529 0.036459 0.035915 0.042072 0.037790 0.303853 0.310204 0.034445
0.053633 0.067417 0.057843 0.047145 0.047532 0.047887 0.047990 0.067025 0.048856 0.236969 0.231600 0.046103
0.051752 0.042075 0.049126 0.037715 0.038028 0.037683 0.037470 0.047160 0.043071 0.273179 0.306324 0.036418
0.040707 0.042243 0.052638 0.042259 0.042366 0.042210 0.042165 0.057998 0.049736 0.287350 0.259327 0.041003
0.040276 0.048343 0.050498 0.040115 0.040245 0.040085 0.040674 0.056350 0.046455 0.264700 0.293174 0.039085
0.036129 0.037660 0.046057 0.035504 0.035483 0.035345 0.035075 0.043479 0.039691 0.295918 0.325195 0.034464
0.055652 0.058978 0.053968 0.043568 0.044294 0.044588 0.044941 0.050866 0.045712 0.277237 0.237531 0.042666
0.054071 0.043363 0.051412 0.040837 0.040941 0.041310 0.041325 0.060498 0.044596 0.244385 0.297395 0.039867
0.082526 0.053654 0.052904 0.041906 0.042487 0.042428 0.041981 0.048439 0.046011 0.240602 0.267033 0.040029
0.052778 0.049398 0.051557 0.043083 0.043006 0.042705 0.043211 0.059289 0.044987 0.281072 0.247160 0.041755
0.045328 0.054821 0.051410 0.037757 0.038388 0.037638 0.037824 0.054914 0.039589 0.264244 0.301712 0.036375
0.048867 0.049524 0.055315 0.043515 0.044204 0.045552 0.045087 0.051689 0.048169 0.293233 0.232649 0.042196
0.046753 0.048680 0.054100 0.042528 0.041871 0.043440 0.042996 0.062295 0.047459 0.270228 0.258093 0.041556
0.046062 0.049498 0.053700 0.043637 0.044285 0.043882 0.043887 0.060565 0.045130 0.271474 0.255867 0.042015
0.066406 0.060588 0.058398 0.047344 0.047580 0.047452 0.047105 0.056861 0.050559 0.236126 0.235674 0.045907
0.055167 0.048880 0.054454 0.044296 0.043917 0.045185 0.044835 0.050280 0.056109 0.265373 0.248922 0.042581
0.060437 0.049205 0.054671 0.045147 0.044638 0.047275 0.046702 0.053255 0.051758 0.270271 0.232599 0.044042
0.054412 0.043980 0.050915 0.039924 0.040211 0.040749 0.040381 0.051770 0.046044 0.282233 0.270707 0.038675
0.045199 0.048109 0.047638 0.038760 0.039075 0.038644 0.038667 0.054967 0.042638 0.267716 0.300781 0.037807
0.053997 0.062090 0.058148 0.048466 0.049176 0.049496 0.049921 0.056411 0.050740 0.234417 0.239852 0.047287
0.066481 0.049011 0.053558 0.043930 0.043886 0.044685 0.044374 0.051701 0.049916 0.202690 0.306756 0.043012
0.043787 0.042135 0.054778 0.042187 0.043023 0.044741 0.043945 0.049304 0.050388 0.292080 0.252954 0.040679
0.055050 0.041227 0.051414 0.042234 0.041848 0.043564 0.042577 0.061696 0.048954 0.244929 0.285145 0.041362
0.037568 0.038197 0.052267 0.038995 0.039222 0.039047 0.038756 0.044573 0.043023 0.242760 0.348136 0.037455
0.059341 0.052164 0.057986 0.047780 0.048325 0.048115 0.048068 0.058224 0.049986 0.225931 0.257344 0.046738
0.063501 0.044218 0.052576 0.040796 0.040949 0.040861 0.040555 0.045354 0.045924 0.248600 0.296821 0.039846
0.048481 0.054320 0.049045 0.040353 0.040146 0.040395 0.039846 0.044100 0.048163 0.320745 0.235390 0.039017
0.050631 0.043315 0.052841 0.043332 0.043688 0.043233 0.044243 0.060451 0.047494 0.251492 0.277731 0.041550
0.049657 0.039497 0.046373 0.036996 0.037329 0.036903 0.037010 0.053854 0.037409 0.288216 0.300497 0.036259
0.051462 0.048109 0.058799 0.047182 0.047601 0.048578 0.048848 0.048440 0.048753 0.276579 0.229886 0.045764
0.061746 0.048138 0.058609 0.046702 0.046738 0.047889 0.047462 0.056219 0.054241 0.239840 0.246787 0.045630
0.040311 0.040385 0.051032 0.040620 0.041115 0.040732 0.040606 0.039567 0.046041 0.326966 0.253420 0.039205
0.053664 0.043036 0.048259 0.038845 0.039423 0.038873 0.039617 0.047037 0.040696 0.306747 0.266070 0.037734
0.039419 0.040794 0.049125 0.038363 0.038472 0.038468 0.038144 0.043686 0.043222 0.290242 0.302739 0.037325
0.047132 0.047559 0.055964 0.045063 0.045432 0.045067 0.045081 0.061475 0.047312 0.286025 0.229914 0.043977
0.042988 0.044272 0.054310 0.043158 0.043657 0.044235 0.045666 0.050423 0.045100 0.274219 0.270031 0.041941
0.041516 0.040815 0.051466 0.041315 0.041077 0.042133 0.041833 0.049226 0.045239 0.295650 0.269274 0.040456
0.047415 0.042815 0.053412 0.042681 0.043258 0.043551 0.043336 0.058616 0.047770 0.234160 0.302254 0.040733
0.043350 0.042072 0.053513 0.041904 0.042287 0.042322 0.041755 0.051180 0.046869 0.271197 0.282753 0.040800
0.041367 0.039972 0.051703 0.040926 0.041178 0.041144 0.041101 0.057360 0.042286 0.281092 0.282324 0.039547
0.048000 0.041264 0.052650 0.041189 0.041471 0.041347 0.041016 0.057696 0.043966 0.279394 0.272003 0.040003
0.047737 0.043399 0.046942 0.037458 0.037315 0.037995 0.037009 0.038703 0.044518 0.316506 0.275773 0.036646
0.039156 0.045680 0.048853 0.039771 0.040229 0.040078 0.040131 0.056749 0.041997 0.291237 0.277165 0.038953
0.050232 0.050727 0.057431 0.044749 0.044705 0.044574 0.044166 0.054919 0.049301 0.260322 0.255838 0.043036
0.047964 0.044589 0.054061 0.041339 0.041664 0.041441 0.041169 0.051319 0.046806 0.293182 0.256239 0.040226
0.040069 0.040177 0.051081 0.039841 0.040085 0.039996 0.041313 0.048334 0.045405 0.308067 0.267039 0.038593
0.036480 0.044526 0.047051 0.036001 0.036353 0.035824 0.035834 0.052467 0.040804 0.310994 0.288919 0.034747
0.041792 0.041068 0.048989 0.040632 0.040869 0.040959 0.040688 0.051731 0.045400 0.294509 0.273952 0.039411
0.063968 0.059886 0.052933 0.042652 0.042899 0.042554 0.042532 0.045092 0.043010 0.288175 0.234922 0.041378
0.041323 0.056043 0.046155 0.037357 0.037203 0.037541 0.037229 0.047203 0.042287 0.321933 0.259447 0.036279
0.053507 0.044772 0.049423 0.040730 0.040774 0.041459 0.040580 0.056648 0.048429 0.308246 0.236157 0.039277
0.050310 0.044982 0.046562 0.039306 0.038733 0.040432 0.040048 0.045376 0.045905 0.301355 0.268964 0.038027
0.040114 0.051851 0.048372 0.039393 0.039595 0.040401 0.040122 0.047534 0.046171 0.292304 0.275737 0.038404
0.037282 0.042573 0.049658 0.037772 0.038060 0.037925 0.037519 0.043008 0.043794 0.303445 0.292419 0.036545
0.041928 0.038488 0.049181 0.039003 0.039779 0.039479 0.039322 0.055739 0.046107 0.298679 0.274152 0.038144
0.039839 0.069817 0.048074 0.038902 0.038790 0.040372 0.039400 0.041419 0.045144 0.267721 0.292852 0.037671
0.041948 0.044480 0.052089 0.042008 0.042052 0.043500 0.043312 0.050944 0.047591 0.284756 0.266221 0.041098
0.043819 0.043277 0.053795 0.041452 0.041770 0.041924 0.041889 0.049899 0.047255 0.296498 0.258642 0.039779
0.038277 0.053976 0.050048 0.039040 0.039040 0.038958 0.038754 0.045923 0.043986 0.316729 0.257272 0.037998
0.043208 0.061149 0.052924 0.042391 0.041965 0.042317 0.042026 0.058086 0.046313 0.285532 0.243267 0.040820
0.040553 0.056482 0.050814 0.040953 0.041340 0.041306 0.040904 0.057489 0.046520 0.280000 0.263301 0.040339
0.041007 0.041098 0.053170 0.041666 0.042011 0.041740 0.041575 0.057953 0.047979 0.308078 0.243104 0.040619
0.059100 0.040314 0.051065 0.039796 0.039631 0.039955 0.039482 0.054739 0.046093 0.254748 0.296187 0.038890
0.056317 0.041481 0.052697 0.041882 0.041615 0.041752 0.041404 0.047751 0.046308 0.265036 0.283149 0.040608
0.054747 0.048325 0.056975 0.046201 0.046542 0.046062 0.046184 0.063449 0.046247 0.235490 0.264780 0.044999
0.043523 0.049932 0.059575 0.044060 0.044203 0.044821 0.044756 0.052084 0.046403 0.257719 0.270053 0.042870
0.055557 0.050113 0.056454 0.046314 0.046267 0.047821 0.047982 0.049964 0.052239 0.294183 0.208123 0.044983
0.045967 0.054832 0.051956 0.043109 0.043727 0.044457 0.044659 0.043785 0.047101 0.281375 0.257307 0.041727
0.045216 0.043516 0.047096 0.038146 0.039089 0.038798 0.038760 0.044851 0.038646 0.366447 0.222590 0.036845
0.072133 0.041696 0.049341 0.042484 0.042611 0.042236 0.042327 0.052758 0.042786 0.317022 0.213025 0.041581
0.049900 0.047935 0.056874 0.047364 0.047701 0.048127 0.048248 0.054482 0.052143 0.278997 0.222274 0.045955
0.053170 0.048983 0.055507 0.045938 0.046182 0.046904 0.048523 0.065165 0.052940 0.280527 0.211377 0.044785
0.043762 0.042147 0.050041 0.039415 0.039906 0.040631 0.040357 0.045370 0.046420 0.299155 0.275221 0.037574
0.061081 0.056399 0.053267 0.046069 0.045618 0.046128 0.046544 0.057184 0.052710 0.233975 0.256521 0.044502
0.052726 0.050056 0.059384 0.045811 0.046293 0.046293 0.045743 0.054903 0.052123 0.243064 0.259579 0.044025
0.045036 0.045319 0.057284 0.046391 0.046171 0.046735 0.045710 0.062280 0.051190 0.298048 0.210535 0.045301
0.044411 0.045891 0.054810 0.044857 0.044821 0.046963 0.046566 0.044845 0.046714 0.307128 0.229635 0.043359
0.051512 0.044996 0.050650 0.044370 0.044418 0.044863 0.045008 0.050725 0.047895 0.279406 0.252506 0.043653
0.049810 0.044262 0.054449 0.042083 0.042924 0.042170 0.042488 0.059514 0.042141 0.294662 0.244892 0.040604
0.054538 0.050722 0.054778 0.046113 0.046333 0.046135 0.046215 0.055245 0.046331 0.272259 0.236069 0.045262
0.052733 0.045095 0.056128 0.046528 0.046961 0.046677 0.046717 0.063061 0.050062 0.234270 0.266881 0.044885
0.049473 0.047361 0.054525 0.043555 0.044233 0.044512 0.043768 0.053017 0.053455 0.276149 0.247771 0.042180
0.047977 0.039518 0.048083 0.038076 0.038547 0.038163 0.038098 0.054452 0.042320 0.305996 0.271755 0.037016
0.041777 0.043399 0.048848 0.040551 0.041374 0.042394 0.042830 0.042188 0.042250 0.302612 0.272131 0.039646
0.066504 0.055018 0.055802 0.047638 0.047466 0.048429 0.048205 0.065066 0.049477 0.225866 0.244242 0.046287
0.055774 0.055839 0.057118 0.045936 0.045795 0.046549 0.045918 0.052972 0.053645 0.274005 0.222202 0.044248
0.045724 0.045494 0.051947 0.043400 0.043522 0.044132 0.044773 0.050483 0.048851 0.281657 0.257795 0.042223
0.050199 0.045258 0.058068 0.043696 0.044206 0.046395 0.046161 0.047049 0.051531 0.294683 0.230129 0.042626
0.043752 0.040888 0.051163 0.041965 0.042072 0.042798 0.043613 0.058887 0.046704 0.287483 0.260236 0.040439
0.057317 0.041418 0.053231 0.041493 0.042213 0.041545 0.041536 0.046934 0.043516 0.282467 0.267985 0.040345
0.046756 0.045624 0.051018 0.041826 0.042022 0.041687 0.041753 0.047576 0.045700 0.272077 0.282840 0.041120
0.063934 0.045435 0.058277 0.044233 0.044951 0.044385 0.044442 0.051074 0.050764 0.237363 0.272377 0.042764
0.045816 0.052923 0.053327 0.044685 0.044184 0.044127 0.044281 0.053444 0.050935 0.255891 0.267668 0.042720
0.050546 0.048611 0.048359 0.039003 0.039184 0.039131 0.038854 0.055997 0.045063 0.266467 0.290608 0.038178
0.045824 0.041838 0.054128 0.042804 0.042718 0.042861 0.042524 0.048833 0.048686 0.271467 0.276622 0.041695
0.050212 0.049466 0.059984 0.047766 0.047192 0.048247 0.047483 0.063738 0.051898 0.198625 0.289001 0.046388
0.047860 0.047561 0.055266 0.043809 0.044597 0.045072 0.045499 0.051981 0.044894 0.249580 0.281068 0.042813
0.046253 0.045563 0.055447 0.045380 0.044791 0.045972 0.045643 0.064852 0.048686 0.245924 0.267684 0.043805
0.055040 0.045736 0.048573 0.038002 0.038203 0.038220 0.037875 0.054128 0.044395 0.283920 0.279266 0.036643
0.050102 0.044368 0.048458 0.041010 0.041318 0.041229 0.040915 0.047961 0.041117 0.284367 0.279098 0.040060
0.045917 0.042469 0.056105 0.042825 0.043261 0.042640 0.042671 0.059217 0.045398 0.256144 0.281837 0.041517
0.043037 0.047997 0.052709 0.043102 0.043093 0.043171 0.042822 0.059145 0.048409 0.270744 0.263657 0.042113
0.052073 0.054536 0.054463 0.043335 0.043786 0.043813 0.044543 0.048251 0.045139 0.244924 0.282920 0.042218
0.049569 0.043683 0.046280 0.037578 0.038187 0.038447 0.038510 0.039088 0.039998 0.293192 0.299173 0.036295
0.048394 0.058671 0.057303 0.043500 0.043610 0.043662 0.043204 0.055314 0.048787 0.189375 0.326095 0.042086
0.050093 0.047674 0.053806 0.040821 0.041299 0.041234 0.040893 0.055601 0.044425 0.237230 0.307214 0.039711
0.047041 0.044287 0.053557 0.042308 0.042645 0.042810 0.042311 0.052755 0.047044 0.271830 0.271628 0.041785
0.050276 0.045862 0.051163 0.040368 0.040669 0.040370 0.040185 0.039354 0.046487 0.255135 0.310880 0.039252
0.045285 0.048073 0.052439 0.042653 0.042539 0.042656 0.042605 0.058706 0.047319 0.255029 0.281265 0.041431
0.047564 0.065938 0.053229 0.044132 0.044342 0.044143 0.043994 0.060322 0.046542 0.278058 0.229114 0.042621
0.063308 0.044095 0.051725 0.042744 0.042479 0.042544 0.042054 0.050127 0.048755 0.312591 0.218353 0.041225
0.057956 0.054157 0.062315 0.047036 0.047568 0.048107 0.047251 0.057860 0.054052 0.266517 0.211186 0.045995
0.047863 0.042533 0.053900 0.042720 0.043032 0.042809 0.043307 0.058833 0.054569 0.268604 0.260316 0.041514
0.043859 0.048440 0.053881 0.042876 0.043104 0.044379 0.044169 0.042984 0.049960 0.275117 0.269621 0.041610
0.047114 0.050883 0.058354 0.046685 0.046424 0.048178 0.047213 0.052923 0.052838 0.233270 0.270665 0.045453
0.047503 0.045764 0.055205 0.042232 0.042718 0.042228 0.042335 0.060476 0.045342 0.272005 0.263114 0.041077
0.042310 0.054049 0.055508 0.042614 0.043229 0.042838 0.042837 0.044306 0.044153 0.305265 0.241451 0.041441
0.046050 0.047597 0.054844 0.043766 0.044160 0.044187 0.043759 0.060313 0.046746 0.267297 0.258081 0.043200
0.057449 0.046557 0.054052 0.044627 0.044667 0.045238 0.044388 0.060698 0.051709 0.283724 0.223416 0.043474
0.044271 0.050772 0.053790 0.044422 0.044484 0.045925 0.046144 0.052235 0.048420 0.281612 0.244717 0.043210
0.059614 0.042757 0.053003 0.041960 0.041708 0.043410 0.043226 0.046212 0.043963 0.274661 0.268471 0.041014
0.063690 0.049169 0.053964 0.043310 0.043651 0.044617 0.043257 0.043951 0.046050 0.263146 0.263573 0.041622
0.062543 0.056178 0.060399 0.049120 0.048987 0.048923 0.048579 0.058876 0.052753 0.194454 0.271153 0.048035
0.050998 0.056443 0.055534 0.046140 0.046210 0.046724 0.046555 0.052271 0.052779 0.234061 0.267652 0.044633
0.054566 0.052905 0.052695 0.040182 0.040099 0.040495 0.040229 0.057093 0.045646 0.297611 0.239441 0.039038
0.046336 0.043989 0.054987 0.040970 0.040868 0.041537 0.040851 0.041909 0.050453 0.324884 0.233765 0.039450
0.046173 0.050270 0.050734 0.041738 0.041900 0.041497 0.041590 0.057161 0.041971 0.313217 0.232711 0.041039
0.055464 0.049669 0.060493 0.047830 0.048385 0.047754 0.047911 0.063878 0.049142 0.255010 0.227976 0.046488
0.052687 0.046982 0.057972 0.044955 0.044922 0.044859 0.044525 0.060119 0.050207 0.277813 0.231047 0.043911
0.042975 0.042552 0.052694 0.041512 0.042057 0.041714 0.042781 0.057970 0.046236 0.267717 0.281444 0.040347
0.061752 0.037402 0.047071 0.037636 0.037848 0.038488 0.037962 0.053912 0.044059 0.248646 0.318565 0.036660
0.048026 0.060316 0.052109 0.040551 0.040573 0.040492 0.040187 0.046116 0.045271 0.251022 0.296125 0.039211
0.057015 0.053108 0.059964 0.047713 0.047890 0.047778 0.047626 0.066870 0.048076 0.222725 0.254510 0.046724
0.044544 0.060807 0.052623 0.040516 0.040891 0.040586 0.040402 0.045038 0.042732 0.281606 0.270904 0.039351
0.049290 0.056538 0.051924 0.042449 0.042867 0.043601 0.042974 0.058421 0.050171 0.303484 0.216666 0.041616
0.045687 0.048717 0.051080 0.042257 0.042432 0.042604 0.041879 0.057165 0.046944 0.270131 0.270356 0.040750
0.050421 0.055657 0.056107 0.045544 0.046544 0.046161 0.046053 0.062085 0.048158 0.287931 0.211211 0.044129
0.055135 0.051688 0.049826 0.040013 0.040080 0.041296 0.041028 0.048340 0.045933 0.309480 0.238116 0.039064
0.066925 0.054322 0.055409 0.044093 0.044143 0.046225 0.045840 0.052834 0.055958 0.284810 0.206292 0.043149
0.070217 0.054862 0.054706 0.043661 0.043295 0.044626 0.044587 0.053740 0.050520 0.220198 0.277616 0.041972
0.052322 0.044941 0.051113 0.037776 0.037934 0.037832 0.037295 0.041505 0.044619 0.271850 0.306489 0.036324
0.044105 0.052888 0.053873 0.042171 0.042363 0.042138 0.042052 0.058955 0.047887 0.264577 0.267746 0.041246
0.048512 0.039429 0.052080 0.040113 0.040231 0.040444 0.039745 0.056315 0.046081 0.277363 0.280816 0.038872
0.043084 0.078054 0.049167 0.040865 0.040148 0.040800 0.040297 0.050122 0.045836 0.268396 0.263509 0.039722
0.048719 0.048329 0.050782 0.042004 0.042321 0.041934 0.042027 0.058859 0.044627 0.269433 0.269654 0.041312
0.055851 0.063514 0.052018 0.043029 0.042917 0.042972 0.042683 0.045916 0.048562 0.249403 0.271552 0.041581
0.072623 0.060215 0.059829 0.047635 0.048239 0.047804 0.047900 0.052043 0.054019 0.211571 0.251976 0.046145
0.047639 0.042637 0.049996 0.041411 0.041643 0.041593 0.041874 0.046456 0.047752 0.296560 0.262210 0.040228
0.040793 0.043912 0.051210 0.039085 0.039218 0.039222 0.038869 0.055044 0.045604 0.302278 0.266967 0.037799
0.041745 0.045910 0.048546 0.039620 0.039800 0.039598 0.039417 0.045280 0.043788 0.313954 0.263667 0.038672
0.046958 0.046250 0.053779 0.041799 0.042049 0.041510 0.041661 0.046803 0.042053 0.302316 0.254203 0.040619
0.049744 0.044894 0.054715 0.043615 0.044202 0.043800 0.043848 0.044490 0.046095 0.324752 0.217253 0.042592
0.057610 0.046957 0.051811 0.042235 0.042014 0.042049 0.041667 0.050153 0.048774 0.286661 0.249243 0.040826
0.047657 0.045029 0.051136 0.041703 0.042560 0.042323 0.042915 0.058165 0.046242 0.299849 0.242116 0.040305
0.052541 0.048186 0.048148 0.038906 0.039613 0.039514 0.040419 0.044355 0.042650 0.327830 0.240205 0.037632
0.043818 0.044138 0.051725 0.039371 0.039316 0.039866 0.039518 0.058630 0.045254 0.264671 0.295347 0.038348
0.054166 0.043824 0.053993 0.041978 0.042465 0.042282 0.041991 0.046474 0.048133 0.281249 0.262831 0.040612
0.051123 0.042942 0.053760 0.042607 0.042477 0.042533 0.042044 0.042553 0.046866 0.248814 0.302837 0.041444
0.067807 0.044192 0.051819 0.040545 0.040089 0.041077 0.040113 0.039948 0.045678 0.261606 0.288032 0.039094
0.039196 0.048221 0.050131 0.040455 0.040462 0.040846 0.040203 0.049813 0.040922 0.291280 0.279391 0.039080
0.040232 0.040463 0.055607 0.041048 0.041327 0.041332 0.040965 0.046207 0.043118 0.296396 0.273654 0.039651
0.052386 0.048895 0.051378 0.040710 0.040367 0.041622 0.040668 0.042467 0.045434 0.337925 0.218666 0.039482
0.091324 0.049564 0.053607 0.043306 0.043526 0.044119 0.044033 0.050628 0.045860 0.240999 0.250719 0.042318
0.039854 0.047149 0.053541 0.041082 0.041945 0.041354 0.041508 0.057304 0.046988 0.293232 0.256588 0.039455
0.042143 0.057562 0.052993 0.041137 0.041849 0.041450 0.041450 0.056277 0.048569 0.319206 0.217409 0.039956
0.042338 0.043465 0.053152 0.042044 0.042293 0.043080 0.042091 0.042721 0.053656 0.285479 0.269068 0.040613
0.041033 0.039182 0.050483 0.039494 0.039538 0.039498 0.039165 0.049417 0.044254 0.294219 0.285282 0.038436
0.051297 0.041503 0.053891 0.042021 0.042424 0.043185 0.043288 0.045514 0.049475 0.334243 0.212282 0.040877
0.057357 0.039546 0.050410 0.040061 0.039688 0.040575 0.040147 0.058182 0.044500 0.289510 0.260808 0.039216
0.049217 0.059443 0.055894 0.041589 0.041487 0.042167 0.041476 0.045972 0.045268 0.274682 0.263024 0.039779
0.054390 0.051216 0.050178 0.040630 0.041155 0.040793 0.041115 0.044365 0.045535 0.315559 0.235572 0.039493
0.055606 0.038755 0.049362 0.036907 0.037780 0.038458 0.037997 0.043879 0.041657 0.292329 0.291505 0.035765
0.050801 0.045620 0.054293 0.041879 0.042115 0.043556 0.042683 0.062100 0.047807 0.283933 0.244275 0.040939
0.046619 0.038859 0.048454 0.036633 0.037165 0.037647 0.037748 0.044434 0.039800 0.298485 0.298764 0.035391
0.052695 0.051266 0.051935 0.042523 0.042564 0.043432 0.043016 0.062416 0.048394 0.265932 0.254154 0.041672
0.054325 0.058646 0.054521 0.041752 0.041672 0.042796 0.042591 0.043842 0.044296 0.244676 0.291065 0.039816
0.053771 0.052634 0.055348 0.045175 0.044244 0.045863 0.045327 0.063084 0.053054 0.243396 0.254289 0.043815
0.052500 0.043519 0.050929 0.039277 0.039682 0.039944 0.039704 0.055222 0.042918 0.318782 0.239692 0.037830
0.059828 0.041821 0.046278 0.038196 0.037998 0.038695 0.038217 0.054002 0.043959 0.310304 0.253600 0.037102
0.051008 0.049523 0.054890 0.044162 0.044227 0.044124 0.043886 0.050195 0.048390 0.239978 0.286900 0.042718
0.057841 0.068949 0.054505 0.045049 0.045257 0.045412 0.044965 0.055048 0.052890 0.263789 0.222151 0.044145
0.057354 0.050388 0.056384 0.043529 0.043624 0.043504 0.043246 0.060854 0.047106 0.257403 0.254586 0.042025
0.045029 0.058333 0.051748 0.042657 0.042371 0.042898 0.041999 0.049941 0.050148 0.293023 0.240525 0.041326
0.068520 0.053113 0.054931 0.044474 0.044101 0.044515 0.044876 0.051540 0.049101 0.250311 0.251507 0.043011
0.043990 0.046676 0.050155 0.039247 0.039841 0.039317 0.039375 0.055921 0.041543 0.303785 0.261924 0.038227
0.045859 0.052668 0.054104 0.043042 0.043079 0.042987 0.042677 0.059483 0.047555 0.297334 0.229530 0.041682
0.052161 0.056471 0.056240 0.045962 0.046292 0.047599 0.047360 0.053823 0.049272 0.283191 0.216807 0.044821
0.050381 0.049880 0.051218 0.042223 0.042203 0.043697 0.044301 0.052613 0.044231 0.302230 0.236037 0.040986
0.069596 0.054503 0.056420 0.043109 0.043892 0.045018 0.044434 0.052416 0.047740 0.293582 0.207609 0.041681
0.044496 0.045108 0.049995 0.040468 0.040823 0.040312 0.040895 0.056014 0.046537 0.305548 0.250971 0.038833
0.052767 0.048725 0.053683 0.041838 0.042235 0.042754 0.042644 0.047398 0.050084 0.274367 0.262780 0.040725
0.055018 0.053883 0.051617 0.043052 0.043007 0.043636 0.043337 0.062502 0.048993 0.260177 0.252708 0.042068
0.045125 0.055607 0.051012 0.038899 0.039708 0.040562 0.040349 0.046156 0.043038 0.270261 0.292227 0.037056
0.050399 0.045330 0.053571 0.043466 0.043741 0.045000 0.044480 0.063438 0.046383 0.270632 0.250905 0.042653
0.043124 0.051723 0.057344 0.043106 0.043315 0.044566 0.043954 0.050306 0.049283 0.264713 0.267032 0.041534
0.048500 0.055108 0.061199 0.048232 0.048265 0.048937 0.048744 0.058018 0.053124 0.220739 0.262067 0.047066
0.046344 0.040140 0.052116 0.040736 0.041308 0.040870 0.040825 0.055150 0.047083 0.286073 0.270055 0.039301
0.039744 0.048152 0.050070 0.039837 0.039085 0.039772 0.039348 0.055494 0.045172 0.293392 0.271088 0.038846
0.059213 0.050710 0.055491 0.043532 0.043901 0.044399 0.044471 0.046271 0.045361 0.244783 0.279671 0.042196
0.065762 0.057129 0.050402 0.042659 0.042609 0.043293 0.042955 0.049848 0.042874 0.239946 0.280456 0.042066
0.053561 0.046422 0.060760 0.043704 0.044639 0.043973 0.044089 0.052479 0.045555 0.256823 0.265961 0.042034
0.043628 0.048113 0.052761 0.043547 0.043164 0.043589 0.043019 0.059353 0.051490 0.270893 0.257676 0.042767
0.046524 0.042777 0.055426 0.044029 0.043927 0.043469 0.045038 0.060490 0.046203 0.233270 0.296847 0.042001
0.041160 0.050355 0.051558 0.041908 0.043183 0.042544 0.043503 0.047204 0.044265 0.305209 0.248527 0.040583
0.056520 0.041134 0.049777 0.037831 0.038024 0.039079 0.039072 0.038154 0.042258 0.299526 0.282026 0.036598
0.050753 0.045222 0.053953 0.045537 0.045557 0.047002 0.046413 0.062966 0.049176 0.295885 0.212756 0.044779
0.070676 0.044991 0.050560 0.040410 0.040418 0.039891 0.040602 0.056300 0.044534 0.283942 0.249583 0.038093
0.043634 0.044672 0.056341 0.041919 0.042667 0.042207 0.042250 0.058888 0.045370 0.283852 0.257207 0.040992
0.042181 0.041119 0.051518 0.040136 0.040994 0.040234 0.041993 0.050094 0.044744 0.318424 0.249652 0.038911
0.039722 0.041698 0.053271 0.040698 0.040896 0.041862 0.040581 0.056599 0.049142 0.290526 0.265501 0.039505
0.043592 0.044666 0.046826 0.039543 0.039671 0.039508 0.040469 0.045042 0.043803 0.268601 0.309735 0.038546
0.056061 0.047054 0.050570 0.040438 0.040748 0.040939 0.040337 0.043393 0.040993 0.268801 0.291333 0.039333
0.075813 0.047508 0.051560 0.041059 0.041425 0.041911 0.041771 0.046783 0.043190 0.253288 0.275946 0.039745
0.058282 0.044213 0.055805 0.044957 0.044124 0.046149 0.044925 0.062091 0.052844 0.238854 0.264225 0.043531
0.058692 0.040546 0.049285 0.038716 0.039175 0.039290 0.039234 0.043422 0.044670 0.328988 0.240712 0.037267
0.037300 0.043446 0.048280 0.038827 0.038738 0.039453 0.038599 0.054785 0.043795 0.317170 0.261997 0.037609
0.051031 0.044534 0.050635 0.040279 0.040514 0.041388 0.041430 0.048477 0.040668 0.259362 0.302476 0.039206
0.058345 0.050235 0.056740 0.047207 0.047308 0.048245 0.047913 0.058977 0.054568 0.278584 0.206616 0.045261
0.074223 0.046244 0.052319 0.039893 0.040249 0.041409 0.041102 0.047208 0.046061 0.282064 0.250745 0.038481
0.064619 0.048637 0.051646 0.042263 0.042104 0.043165 0.042867 0.062034 0.048640 0.286989 0.225464 0.041571
0.059157 0.049334 0.056026 0.044501 0.044927 0.044619 0.045068 0.060729 0.050419 0.219078 0.283426 0.042714
0.043471 0.043002 0.051929 0.040191 0.040282 0.040194 0.039833 0.049797 0.051514 0.259322 0.301251 0.039214
0.049421 0.055915 0.057921 0.044574 0.044656 0.046208 0.045760 0.052199 0.049045 0.239000 0.272041 0.043259
0.048630 0.049582 0.055560 0.044259 0.044231 0.045713 0.045069 0.053038 0.046307 0.228500 0.295866 0.043244
0.058499 0.049958 0.056064 0.042034 0.042231 0.042797 0.041724 0.050125 0.046473 0.251281 0.278701 0.040113
0.052651 0.050933 0.053670 0.044925 0.044985 0.044764 0.044719 0.043994 0.046573 0.259683 0.269000 0.044101
0.066683 0.046107 0.056505 0.046598 0.046957 0.046889 0.046800 0.056983 0.048307 0.233668 0.259317 0.045185
0.045515 0.054719 0.052696 0.042649 0.042951 0.043524 0.042729 0.052100 0.047373 0.251094 0.283142 0.041508
0.052309 0.052212 0.048839 0.040534 0.041113 0.040855 0.040594 0.056779 0.046430 0.271074 0.270219 0.039041
0.044014 0.044373 0.051411 0.040441 0.041052 0.040947 0.040642 0.055729 0.042611 0.287004 0.272442 0.039333
0.061386 0.048130 0.053419 0.042319 0.042502 0.042565 0.042299 0.053070 0.046734 0.260604 0.265989 0.040983
0.061754 0.050349 0.056844 0.046110 0.046381 0.046205 0.046071 0.062402 0.049379 0.256656 0.232901 0.044948
0.045311 0.040885 0.050167 0.039913 0.040289 0.039965 0.039815 0.056350 0.049036 0.274424 0.285015 0.038831
0.048001 0.050500 0.049612 0.039224 0.039251 0.039835 0.038807 0.043848 0.047368 0.278421 0.287171 0.037962
0.045971 0.053457 0.048445 0.039314 0.039472 0.039552 0.039709 0.055613 0.044011 0.269262 0.287194 0.038000
0.045686 0.048086 0.056107 0.043362 0.044082 0.043976 0.043467 0.048627 0.043926 0.261012 0.279623 0.042046
0.043459 0.047962 0.050380 0.039253 0.039366 0.039414 0.039056 0.055608 0.041201 0.285731 0.280347 0.038220
0.046078 0.047491 0.058029 0.043720 0.043800 0.044820 0.044361 0.051025 0.049348 0.268776 0.260129 0.042423
0.043067 0.057347 0.050824 0.041901 0.042337 0.042167 0.043865 0.060512 0.044000 0.299298 0.234327 0.040354
0.044044 0.055056 0.053320 0.039822 0.040809 0.041199 0.040233 0.044054 0.046718 0.316231 0.240987 0.037525
0.048123 0.050840 0.054425 0.042903 0.042779 0.043011 0.042409 0.052279 0.049487 0.346067 0.186038 0.041639
0.045010 0.047235 0.054871 0.043072 0.043443 0.044060 0.043167 0.053717 0.051315 0.320267 0.212084 0.041759
0.047411 0.048988 0.053478 0.043414 0.043473 0.043359 0.043010 0.059632 0.047116 0.283069 0.244797 0.042254
0.044672 0.038947 0.049428 0.040150 0.039903 0.040449 0.039935 0.056001 0.053444 0.316189 0.241926 0.038957
0.051166 0.042613 0.050900 0.041213 0.041119 0.041352 0.040987 0.050407 0.047565 0.298535 0.254149 0.039994
0.046601 0.057127 0.055756 0.042754 0.043047 0.043196 0.042610 0.060063 0.047912 0.246074 0.273373 0.041488
0.043521 0.061683 0.051165 0.040379 0.040814 0.041019 0.040390 0.056964 0.042772 0.264111 0.277775 0.039407
0.051139 0.067108 0.049494 0.039755 0.039834 0.039845 0.039555 0.046307 0.044118 0.303672 0.240528 0.038645
0.044480 0.050548 0.050620 0.041065 0.041192 0.041532 0.040822 0.049607 0.043941 0.292489 0.263821 0.039882
0.044491 0.039000 0.048486 0.039238 0.039918 0.040902 0.040284 0.046502 0.043129 0.306167 0.273814 0.038068
0.043762 0.044573 0.052854 0.042153 0.042569 0.043101 0.043050 0.061897 0.044375 0.325992 0.214378 0.041297
0.043072 0.041352 0.055555 0.041111 0.041440 0.042970 0.042658 0.048309 0.046025 0.291300 0.266764 0.039444
0.055640 0.040669 0.053630 0.041037 0.041002 0.042222 0.041561 0.060365 0.044176 0.293161 0.246513 0.040025
0.041517 0.053927 0.051149 0.038190 0.038690 0.038216 0.038723 0.047155 0.043324 0.294949 0.277780 0.036380
0.056044 0.040139 0.046914 0.034906 0.034997 0.034979 0.034543 0.049330 0.041496 0.299208 0.293612 0.033832
0.052155 0.044893 0.049400 0.039892 0.040119 0.040664 0.039863 0.056359 0.046247 0.290582 0.261165 0.038661
0.044679 0.049844 0.050759 0.041060 0.040964 0.041081 0.040670 0.046282 0.047643 0.272126 0.284713 0.040179
0.050361 0.055940 0.059231 0.045832 0.045688 0.046809 0.046423 0.055426 0.054924 0.256984 0.237895 0.044488
0.053985 0.050400 0.054231 0.042697 0.042498 0.043771 0.042854 0.055095 0.048485 0.264156 0.260078 0.041750
0.053426 0.052566 0.054297 0.042401 0.043004 0.043485 0.042640 0.059108 0.045776 0.280345 0.241677 0.041275
0.060966 0.055087 0.052361 0.042864 0.042489 0.042960 0.042136 0.049116 0.049296 0.295994 0.225062 0.041669
0.045099 0.051666 0.052481 0.041861 0.042029 0.041773 0.041645 0.058488 0.046158 0.296030 0.241945 0.040825
0.048843 0.049027 0.055004 0.044692 0.045184 0.045178 0.044807 0.061444 0.046905 0.300777 0.214421 0.043717
0.046872 0.052476 0.048248 0.040167 0.039957 0.040055 0.039767 0.045721 0.044525 0.291403 0.271395 0.039413
0.067840 0.057033 0.059694 0.048925 0.048866 0.049160 0.048830 0.061346 0.051436 0.226060 0.232727 0.048084
0.054707 0.055323 0.056795 0.044217 0.044851 0.044337 0.044763 0.060891 0.046794 0.210934 0.293709 0.042679
0.057777 0.052595 0.055155 0.042410 0.043066 0.042886 0.042820 0.046784 0.047565 0.242164 0.285086 0.041690
0.053550 0.039814 0.050066 0.040547 0.040678 0.040602 0.041088 0.056683 0.047120 0.282823 0.267588 0.039440
0.047795 0.054363 0.050949 0.039550 0.039791 0.040726 0.040257 0.039500 0.044184 0.276330 0.288186 0.038369
0.048383 0.061319 0.052092 0.044493 0.044637 0.045325 0.045034 0.050961 0.044743 0.270601 0.248655 0.043756
0.045381 0.050791 0.054501 0.042935 0.043296 0.044313 0.044341 0.050797 0.044551 0.273671 0.263662 0.041761
0.071662 0.054334 0.061800 0.048961 0.048566 0.050899 0.050475 0.059334 0.055076 0.219801 0.231331 0.047761
0.063845 0.056913 0.056556 0.044540 0.044804 0.045833 0.044920 0.053061 0.050509 0.239957 0.256123 0.042938
0.050518 0.044587 0.054913 0.042147 0.042551 0.042222 0.041872 0.046665 0.048983 0.262689 0.282369 0.040485
0.063793 0.046413 0.050171 0.039543 0.039710 0.039524 0.039203 0.047258 0.045718 0.267698 0.282618 0.038350
0.044756 0.075711 0.049369 0.042214 0.041839 0.042420 0.041584 0.047539 0.046899 0.253635 0.272598 0.041437
0.054704 0.071208 0.059235 0.048616 0.049082 0.048536 0.048617 0.063971 0.050350 0.195492 0.262977 0.047213
0.044304 0.043303 0.055270 0.044025 0.043693 0.045121 0.044727 0.051884 0.050045 0.242694 0.291967 0.042967
0.056454 0.060674 0.059188 0.047272 0.047003 0.048216 0.047986 0.065784 0.050811 0.229928 0.241025 0.045660
0.075278 0.045722 0.056596 0.043431 0.043947 0.044734 0.044541 0.043130 0.049710 0.243185 0.268043 0.041682
0.046478 0.050459 0.051215 0.041730 0.041601 0.042210 0.041945 0.047724 0.046155 0.285705 0.263895 0.040882
0.042521 0.050836 0.055661 0.042776 0.043434 0.042800 0.042913 0.059514 0.044375 0.299486 0.234309 0.041374
0.047555 0.050232 0.054280 0.042948 0.043058 0.042822 0.042904 0.059921 0.046181 0.251803 0.276297 0.041997
0.057968 0.055007 0.055953 0.044253 0.044653 0.044818 0.044286 0.052958 0.045898 0.272791 0.238391 0.043024
0.049453 0.048909 0.050404 0.043895 0.044447 0.044080 0.044859 0.060435 0.045701 0.276676 0.248543 0.042599
0.065995 0.044524 0.059067 0.044964 0.044991 0.045149 0.044698 0.055437 0.052138 0.255936 0.243736 0.043366
0.042344 0.044015 0.052412 0.042936 0.043388 0.042885 0.044001 0.059248 0.049547 0.282185 0.255209 0.041830
0.057352 0.049816 0.054917 0.044888 0.045165 0.045774 0.046180 0.045718 0.049080 0.258998 0.258880 0.043232
0.054123 0.041075 0.049137 0.039465 0.039805 0.040088 0.039371 0.047583 0.041442 0.260870 0.308732 0.038310
0.041784 0.041899 0.052499 0.042325 0.042521 0.042812 0.042115 0.059476 0.046939 0.284917 0.261709 0.041006
0.052050 0.054654 0.058189 0.046071 0.046507 0.046730 0.046033 0.050466 0.048471 0.279706 0.226444 0.044679
0.048535 0.043336 0.053520 0.042380 0.041958 0.042701 0.042318 0.052705 0.047301 0.256741 0.287123 0.041380
0.046633 0.048171 0.056943 0.043293 0.043935 0.043966 0.043544 0.052721 0.044622 0.305008 0.229126 0.042039
0.043206 0.045606 0.052580 0.042564 0.043350 0.044284 0.045727 0.050688 0.045431 0.289868 0.254771 0.041925
0.048994 0.047650 0.055416 0.042990 0.043024 0.043803 0.043608 0.051628 0.049886 0.266659 0.264802 0.041540
0.047022 0.049729 0.050126 0.041513 0.041857 0.042084 0.042045 0.050469 0.048402 0.303415 0.243267 0.040072
0.054633 0.047034 0.050572 0.040523 0.040501 0.040654 0.040241 0.050043 0.046579 0.262883 0.286913 0.039424
0.048882 0.047092 0.050588 0.042750 0.042497 0.042974 0.042126 0.047682 0.046081 0.297594 0.250421 0.041311
0.064583 0.052867 0.060713 0.049315 0.049908 0.049332 0.049539 0.053147 0.060805 0.233896 0.227831 0.048065
0.059829 0.046146 0.050774 0.038403 0.038611 0.038376 0.038086 0.054852 0.044378 0.306538 0.246701 0.037308
0.050592 0.057059 0.052442 0.041314 0.042502 0.041719 0.042169 0.046110 0.046034 0.315395 0.223710 0.040955
0.078706 0.046476 0.055924 0.044240 0.044465 0.045468 0.044796 0.046296 0.049682 0.258758 0.242450 0.042739
0.070568 0.056907 0.053096 0.042186 0.042089 0.042662 0.042434 0.054116 0.044158 0.244707 0.265717 0.041362
0.047878 0.046668 0.054944 0.042019 0.042659 0.042023 0.042153 0.058621 0.044213 0.289766 0.248386 0.040671
0.090745 0.037658 0.049950 0.038331 0.038333 0.038498 0.038235 0.038220 0.043593 0.266712 0.282217 0.037510
0.075735 0.056607 0.054582 0.045049 0.044420 0.045212 0.045015 0.051117 0.049988 0.224087 0.264438 0.043750
0.052893 0.047846 0.053130 0.043403 0.044187 0.043350 0.044433 0.052945 0.043832 0.237177 0.294622 0.042182
0.039642 0.050635 0.049398 0.039343 0.039742 0.039569 0.039500 0.055438 0.041359 0.279644 0.287413 0.038316
0.049931 0.065164 0.047447 0.040774 0.040771 0.040522 0.040532 0.046752 0.047815 0.268725 0.272189 0.039379
0.072875 0.051008 0.055751 0.044354 0.045088 0.046171 0.046012 0.052564 0.048692 0.231469 0.263097 0.042919
0.050514 0.049360 0.054036 0.043021 0.043822 0.044212 0.044379 0.062048 0.045257 0.276870 0.244568 0.041913
0.052743 0.042566 0.050276 0.039421 0.039847 0.039432 0.039399 0.044418 0.044307 0.322828 0.246603 0.038161
0.079703 0.067898 0.061168 0.047864 0.047710 0.048215 0.047410 0.057265 0.059358 0.212603 0.224365 0.046442
0.048900 0.051714 0.048393 0.039289 0.039254 0.039081 0.039379 0.049200 0.043979 0.263294 0.299233 0.038282
0.054503 0.055065 0.055708 0.044143 0.044756 0.045792 0.045397 0.051805 0.046320 0.271919 0.241628 0.042966
0.055306 0.046491 0.059183 0.046258 0.046145 0.046877 0.046553 0.054009 0.052019 0.238881 0.263221 0.045056
0.056489 0.045180 0.050405 0.040354 0.039805 0.040565 0.040240 0.058019 0.046288 0.278260 0.265177 0.039217
0.059548 0.060671 0.058730 0.046232 0.046891 0.046384 0.047039 0.051939 0.046265 0.247041 0.244494 0.044765
0.045805 0.051676 0.049407 0.039614 0.040167 0.041188 0.041046 0.047484 0.042415 0.250093 0.312254 0.038852
0.046737 0.068362 0.057673 0.045920 0.045745 0.048581 0.047846 0.056837 0.052783 0.245015 0.239768 0.044734
0.057232 0.049143 0.057894 0.043967 0.044270 0.045562 0.045228 0.052044 0.047920 0.266169 0.248120 0.042451
0.045882 0.041226 0.046707 0.036535 0.036988 0.036845 0.036808 0.051424 0.041147 0.308807 0.282216 0.035413
0.059022 0.051649 0.057020 0.047518 0.047522 0.048476 0.048115 0.054001 0.049126 0.238043 0.253200 0.046308
0.078019 0.052382 0.063051 0.050725 0.050667 0.051064 0.050706 0.058183 0.062492 0.183022 0.250016 0.049673
0.051579 0.051974 0.055919 0.042692 0.043214 0.043838 0.043843 0.049310 0.050200 0.245318 0.280877 0.041235
0.049660 0.046870 0.057370 0.045401 0.045391 0.046843 0.045980 0.053759 0.051541 0.269341 0.243417 0.044428
0.055036 0.046840 0.047892 0.037621 0.037610 0.037837 0.037234 0.052340 0.042048 0.270593 0.299161 0.035788
0.046437 0.048504 0.057276 0.046089 0.046298 0.045877 0.046024 0.064205 0.046045 0.246080 0.262326 0.044840
0.059467 0.050311 0.056855 0.047195 0.047544 0.047155 0.047164 0.052662 0.048837 0.271034 0.225565 0.046211
0.047600 0.046212 0.053980 0.042229 0.041737 0.043257 0.042997 0.048289 0.049609 0.259207 0.283587 0.041296
0.068511 0.047801 0.055067 0.043928 0.044273 0.045302 0.045338 0.063833 0.046861 0.219578 0.276842 0.042666
0.037747 0.045821 0.046369 0.038778 0.039190 0.039175 0.039728 0.053402 0.039242 0.298612 0.284817 0.037116
0.042924 0.052225 0.056904 0.043400 0.044118 0.043557 0.043763 0.059646 0.044814 0.258721 0.267719 0.042209
0.046008 0.046128 0.056975 0.044757 0.045383 0.045813 0.045875 0.045351 0.050901 0.285252 0.243779 0.043777
0.045595 0.049037 0.055398 0.046439 0.046518 0.047134 0.047844 0.052044 0.053303 0.251497 0.260181 0.045010
0.043307 0.038719 0.048640 0.038878 0.039417 0.039063 0.039120 0.048124 0.039515 0.303037 0.284823 0.037357
0.045017 0.041476 0.047229 0.037550 0.037512 0.038167 0.038080 0.044460 0.038113 0.297227 0.298607 0.036562
0.076513 0.055523 0.062436 0.050074 0.050068 0.050237 0.050322 0.069473 0.052705 0.207471 0.226900 0.048279
0.054026 0.043705 0.052517 0.041520 0.041846 0.041764 0.042433 0.048690 0.046571 0.275807 0.271278 0.039842
0.059584 0.041800 0.053211 0.041059 0.041264 0.042059 0.041823 0.046573 0.049395 0.276197 0.267297 0.039737
0.049937 0.041460 0.049774 0.041942 0.041735 0.042241 0.043518 0.060688 0.046311 0.291368 0.250102 0.040925
0.050485 0.043435 0.052914 0.039827 0.040330 0.040274 0.039713 0.049894 0.046520 0.252951 0.305588 0.038068
0.055328 0.047987 0.056884 0.045316 0.045922 0.045122 0.045437 0.061688 0.046387 0.273289 0.232546 0.044094
0.051368 0.042111 0.051832 0.042422 0.041586 0.042467 0.042111 0.058017 0.046879 0.292808 0.247044 0.041353
0.067072 0.056608 0.055971 0.043566 0.043929 0.043945 0.043648 0.052265 0.050211 0.218399 0.282102 0.042284
0.057919 0.044408 0.047455 0.039330 0.039368 0.039677 0.039522 0.049176 0.043942 0.272669 0.288199 0.038335
0.041450 0.046290 0.048746 0.037736 0.038088 0.037843 0.037898 0.054378 0.043872 0.272282 0.304531 0.036885
0.047784 0.050847 0.056070 0.042821 0.043012 0.042778 0.042597 0.053084 0.044778 0.245923 0.288934 0.041371
0.067649 0.065989 0.053253 0.041205 0.041093 0.041319 0.040603 0.044431 0.047240 0.252318 0.264937 0.039962
0.044306 0.040645 0.049585 0.040976 0.041366 0.040922 0.042125 0.057442 0.043089 0.295352 0.264306 0.039886
0.061153 0.047004 0.047726 0.036948 0.037041 0.036985 0.036615 0.051781 0.043409 0.275278 0.290228 0.035832
0.053450 0.046815 0.050695 0.040721 0.040687 0.041083 0.040419 0.057081 0.046763 0.268635 0.273934 0.039716
0.056824 0.043318 0.050912 0.041395 0.042152 0.041744 0.042319 0.056644 0.048713 0.265960 0.269638 0.040381
0.041182 0.054443 0.049877 0.037390 0.037628 0.037436 0.037038 0.053408 0.043410 0.279053 0.293023 0.036112
0.053443 0.049579 0.053834 0.041106 0.041232 0.041289 0.040955 0.055811 0.045891 0.266239 0.270616 0.040005
0.047545 0.045252 0.049668 0.039643 0.039898 0.039559 0.039969 0.049382 0.042635 0.277315 0.290619 0.038515
0.037991 0.068886 0.044457 0.034686 0.034920 0.034758 0.034431 0.050815 0.041114 0.280230 0.304074 0.033638
