0.038087 0.041397 0.040889 0.047875 0.049156 0.034847 0.035501 0.039844 0.034667 0.042672 0.561687 0.033378
0.036643 0.039449 0.041133 0.059900 0.051979 0.035112 0.035318 0.039339 0.034617 0.042860 0.550396 0.033255
0.039737 0.031958 0.039744 0.069276 0.053340 0.032330 0.032995 0.037164 0.032309 0.039821 0.559858 0.031467
0.044258 0.037553 0.039587 0.059174 0.048845 0.034677 0.034985 0.039093 0.034175 0.042398 0.552397 0.032858
0.037803 0.043904 0.039057 0.043464 0.049097 0.046911 0.034257 0.040292 0.033605 0.040610 0.559361 0.031639
0.047930 0.038031 0.041619 0.055954 0.051112 0.052835 0.040912 0.043222 0.036155 0.041586 0.517168 0.033476
0.050941 0.043046 0.044407 0.052750 0.051738 0.041399 0.040126 0.042453 0.037019 0.044095 0.518644 0.033381
0.041531 0.039785 0.041922 0.068282 0.055328 0.038034 0.037058 0.040206 0.037051 0.043494 0.523328 0.033981
0.034840 0.037629 0.039823 0.054913 0.047851 0.034601 0.034820 0.039444 0.034880 0.043222 0.565115 0.032863
0.037064 0.043717 0.038575 0.058973 0.048698 0.035227 0.035837 0.041700 0.035900 0.044705 0.544795 0.034811
0.040845 0.048373 0.043847 0.056064 0.050504 0.037651 0.037886 0.042227 0.037260 0.046556 0.522380 0.036406
0.046490 0.041045 0.040722 0.054619 0.048984 0.050569 0.037767 0.042176 0.036975 0.045372 0.520406 0.034876
0.059803 0.041995 0.046935 0.052216 0.053581 0.051088 0.046853 0.048550 0.042175 0.050558 0.467048 0.039198
0.057560 0.038125 0.045371 0.052957 0.060338 0.038528 0.039497 0.042243 0.038846 0.047713 0.503797 0.035025
0.044268 0.041438 0.044160 0.056408 0.059313 0.038520 0.038613 0.042149 0.038758 0.047531 0.511775 0.037067
0.045287 0.044079 0.043742 0.058866 0.055158 0.037531 0.038287 0.041377 0.037502 0.043523 0.518253 0.036394
0.048700 0.037335 0.041816 0.043091 0.041895 0.035283 0.035469 0.037827 0.034860 0.043952 0.565751 0.034022
0.034792 0.036336 0.039445 0.037026 0.041615 0.034401 0.034644 0.035429 0.034036 0.042744 0.596338 0.033194
0.038219 0.037194 0.040749 0.037770 0.040897 0.036013 0.036657 0.037490 0.035938 0.044584 0.579160 0.035327
0.046863 0.053944 0.051272 0.048883 0.061620 0.042819 0.043665 0.046458 0.043072 0.053250 0.467750 0.040404
0.044238 0.061068 0.046690 0.053297 0.059892 0.038717 0.038993 0.045318 0.038369 0.043197 0.492626 0.037596
0.042827 0.039168 0.049228 0.056718 0.059277 0.035459 0.035989 0.042220 0.035264 0.040854 0.528700 0.034296
0.042744 0.037995 0.044771 0.060862 0.052527 0.034075 0.034335 0.039574 0.034050 0.039652 0.546292 0.033123
0.048446 0.031633 0.037923 0.042703 0.040254 0.031810 0.032386 0.035341 0.031620 0.042387 0.595045 0.030452
0.037659 0.040742 0.044149 0.043278 0.048020 0.037808 0.038140 0.041343 0.037307 0.045272 0.550236 0.036046
0.041772 0.045348 0.044347 0.053893 0.053130 0.037130 0.037509 0.041264 0.036826 0.046095 0.526731 0.035954
0.051541 0.043545 0.043942 0.063109 0.059945 0.035580 0.035871 0.040526 0.035281 0.042519 0.513764 0.034375
0.048689 0.035989 0.040069 0.050923 0.045879 0.032856 0.033484 0.037674 0.032808 0.036719 0.572784 0.032126
0.043964 0.036698 0.045548 0.044337 0.052155 0.032671 0.033168 0.036995 0.032610 0.043145 0.567369 0.031340
0.040626 0.041461 0.041623 0.047006 0.049615 0.034137 0.034409 0.037825 0.033717 0.041478 0.565244 0.032858
0.038132 0.042160 0.040416 0.059868 0.049674 0.033813 0.034095 0.038087 0.033374 0.041476 0.556436 0.032468
0.043225 0.041514 0.041107 0.050158 0.052832 0.034402 0.035068 0.038203 0.034665 0.040980 0.554344 0.033501
0.041415 0.035540 0.041434 0.048833 0.053164 0.035017 0.035782 0.039992 0.035046 0.041266 0.558721 0.033791
0.037940 0.028916 0.036467 0.057358 0.051728 0.029340 0.029667 0.034626 0.028944 0.036936 0.599987 0.028090
0.042082 0.040213 0.043251 0.071959 0.051421 0.036710 0.036973 0.040901 0.036233 0.043776 0.521026 0.035456
0.043114 0.041152 0.037225 0.041734 0.043123 0.030628 0.030900 0.035013 0.030103 0.035486 0.602151 0.029372
0.039066 0.041849 0.039363 0.048367 0.044981 0.034787 0.034968 0.039120 0.035884 0.043980 0.563896 0.033740
0.041897 0.036097 0.041940 0.055616 0.048556 0.033695 0.034358 0.039589 0.033641 0.041882 0.559909 0.032821
0.038385 0.039032 0.055657 0.065482 0.053249 0.035985 0.036799 0.042260 0.036070 0.045438 0.516563 0.035081
0.042490 0.037672 0.041022 0.054948 0.049001 0.035085 0.035497 0.039670 0.034780 0.043861 0.552255 0.033720
0.042670 0.038773 0.038917 0.049499 0.048217 0.033119 0.034111 0.038287 0.033278 0.037361 0.573372 0.032396
0.049802 0.047627 0.045851 0.048685 0.053249 0.039724 0.040011 0.044067 0.039470 0.048183 0.504983 0.038349
0.049819 0.036302 0.041647 0.050130 0.061353 0.034912 0.035245 0.039432 0.034566 0.043622 0.539547 0.033426
0.065280 0.034380 0.042337 0.069464 0.061493 0.035107 0.035409 0.037526 0.034579 0.042067 0.509208 0.033148
0.065213 0.032654 0.037260 0.066007 0.048709 0.031251 0.031624 0.036031 0.030869 0.036341 0.553912 0.030131
0.034582 0.032218 0.037982 0.046889 0.039129 0.031734 0.032058 0.034528 0.031386 0.039311 0.609692 0.030491
0.037996 0.036965 0.040775 0.041419 0.054293 0.035363 0.035701 0.039232 0.034975 0.042900 0.566298 0.034082
0.038342 0.036115 0.042474 0.054244 0.052074 0.035983 0.036335 0.041281 0.035632 0.043834 0.549037 0.034650
0.042353 0.042590 0.044508 0.050818 0.048409 0.039169 0.039479 0.043669 0.038687 0.046053 0.526845 0.037419
0.041157 0.041274 0.044380 0.044358 0.054647 0.035169 0.035539 0.040483 0.034815 0.040025 0.554368 0.033787
0.036293 0.034068 0.036084 0.052600 0.044754 0.030315 0.031005 0.035109 0.030265 0.036247 0.604193 0.029068
0.051092 0.033739 0.038483 0.059763 0.047686 0.036063 0.035547 0.038183 0.032383 0.038303 0.558583 0.030175
0.048880 0.045087 0.043725 0.053716 0.051655 0.039929 0.037646 0.041652 0.037012 0.046230 0.520843 0.033624
0.040445 0.054261 0.041692 0.060549 0.056168 0.037261 0.037180 0.041310 0.035264 0.040005 0.522036 0.033829
0.043290 0.043218 0.041799 0.047290 0.051613 0.033901 0.034309 0.038563 0.033599 0.042439 0.558414 0.031564
0.035446 0.042260 0.036939 0.054969 0.049538 0.033445 0.033599 0.038868 0.033650 0.040785 0.568109 0.032391
0.044033 0.041616 0.042120 0.047871 0.050288 0.035628 0.035952 0.040062 0.035329 0.045599 0.547161 0.034343
0.050546 0.037237 0.041977 0.050919 0.050159 0.034928 0.035197 0.039927 0.034486 0.043779 0.547198 0.033646
0.045048 0.042656 0.040654 0.046681 0.050648 0.033843 0.034108 0.038807 0.033444 0.041631 0.559857 0.032623
0.042781 0.044424 0.039862 0.045411 0.048026 0.034858 0.035053 0.039851 0.034195 0.041030 0.561349 0.033159
0.039701 0.050748 0.044873 0.046579 0.051771 0.037824 0.038203 0.041450 0.037591 0.047556 0.528418 0.035286
0.035166 0.041148 0.040275 0.058463 0.059265 0.033245 0.033497 0.038391 0.033117 0.041170 0.554006 0.032254
0.033796 0.036156 0.039436 0.068290 0.054723 0.033648 0.033835 0.037276 0.033241 0.041106 0.556186 0.032308
0.037146 0.035074 0.040895 0.062171 0.051213 0.034559 0.034854 0.039025 0.034013 0.042153 0.556190 0.032707
0.031264 0.033197 0.038148 0.055814 0.041049 0.032464 0.032731 0.035648 0.032017 0.040730 0.595739 0.031198
0.039090 0.039001 0.043173 0.042644 0.052445 0.036214 0.036491 0.040560 0.035778 0.043553 0.556167 0.034885
0.040582 0.038390 0.041995 0.054948 0.058460 0.034944 0.035229 0.039607 0.034526 0.043181 0.544509 0.033631
0.035678 0.034109 0.042515 0.071957 0.076928 0.034372 0.034675 0.039285 0.034054 0.041028 0.522152 0.033248
0.035340 0.032611 0.040785 0.062364 0.059104 0.033415 0.033657 0.038017 0.032910 0.037455 0.562143 0.032199
0.033101 0.033260 0.042186 0.067430 0.050628 0.031692 0.032060 0.036559 0.031374 0.041081 0.570315 0.030314
0.038459 0.033874 0.040765 0.056704 0.056993 0.033244 0.033483 0.038151 0.033121 0.040466 0.562424 0.032315
0.039595 0.041123 0.042727 0.047889 0.048774 0.036643 0.036837 0.040816 0.036213 0.044251 0.550010 0.035123
0.041100 0.040525 0.041562 0.046879 0.052382 0.034317 0.034669 0.039267 0.034276 0.042561 0.559112 0.033349
0.037123 0.036113 0.040419 0.064865 0.058025 0.033669 0.033911 0.037716 0.033337 0.041488 0.550928 0.032407
0.034569 0.034966 0.040172 0.069032 0.056964 0.033818 0.034143 0.038019 0.033366 0.038478 0.553838 0.032634
0.036897 0.036461 0.040133 0.062306 0.051353 0.034663 0.034958 0.039363 0.034124 0.042253 0.554643 0.032844
0.035658 0.034455 0.041200 0.069555 0.048634 0.034141 0.034479 0.039633 0.033762 0.042109 0.553553 0.032820
0.037488 0.035058 0.039588 0.053962 0.056907 0.033524 0.033852 0.038652 0.033124 0.041687 0.563913 0.032245
0.035496 0.036114 0.042414 0.055930 0.050770 0.034371 0.034563 0.038719 0.033931 0.042079 0.562572 0.033040
0.036478 0.033675 0.039436 0.065585 0.053311 0.034021 0.034355 0.038205 0.033622 0.041132 0.557429 0.032751
0.038132 0.039554 0.040950 0.044112 0.048039 0.034938 0.035274 0.039003 0.034660 0.043685 0.568112 0.033541
0.044093 0.044507 0.041729 0.049237 0.047414 0.035907 0.036137 0.039233 0.035407 0.043418 0.548886 0.034030
0.038664 0.039301 0.040006 0.043476 0.061964 0.033169 0.033534 0.037040 0.032783 0.040207 0.567894 0.031964
0.033741 0.038328 0.040052 0.063589 0.060021 0.040122 0.034378 0.040708 0.033484 0.038520 0.544750 0.032308
0.036226 0.043903 0.041642 0.070472 0.049472 0.040490 0.040655 0.044517 0.036012 0.043608 0.517842 0.035161
0.032590 0.038346 0.039777 0.062090 0.055815 0.032792 0.033225 0.038091 0.032537 0.038436 0.565546 0.030755
0.038253 0.037677 0.041254 0.053496 0.047349 0.035198 0.035355 0.038742 0.035409 0.043847 0.559333 0.034086
0.046510 0.043572 0.040569 0.051577 0.048199 0.033942 0.034536 0.038365 0.033929 0.041268 0.554452 0.033082
0.041584 0.038921 0.041753 0.052690 0.058099 0.036436 0.036799 0.041624 0.035948 0.044213 0.537333 0.034601
0.038432 0.040828 0.042128 0.052746 0.048924 0.036497 0.036745 0.041718 0.035955 0.043951 0.547356 0.034721
0.039846 0.044677 0.038491 0.044345 0.054063 0.033276 0.033612 0.037273 0.032883 0.039628 0.569653 0.032252
0.044479 0.040091 0.044450 0.058643 0.050597 0.038858 0.039348 0.043306 0.038693 0.049154 0.516341 0.036040
0.036888 0.041198 0.039532 0.064982 0.047509 0.034674 0.034931 0.038477 0.034199 0.042169 0.552511 0.032930
0.038258 0.051963 0.040839 0.051383 0.046794 0.036012 0.036229 0.040204 0.035517 0.043783 0.544817 0.034200
0.038894 0.042085 0.040362 0.049685 0.048804 0.034187 0.034521 0.038398 0.033757 0.041091 0.565309 0.032906
0.034599 0.041433 0.038868 0.042461 0.040657 0.032830 0.033246 0.035687 0.032525 0.041594 0.594679 0.031422
0.042202 0.037792 0.041215 0.040245 0.047426 0.035794 0.036395 0.039154 0.035791 0.043654 0.565431 0.034899
0.049946 0.039441 0.040690 0.045270 0.057242 0.035174 0.035767 0.039801 0.035047 0.043427 0.544522 0.033675
0.043656 0.039043 0.046028 0.063665 0.064231 0.037476 0.037852 0.044068 0.037035 0.044753 0.506494 0.035699
0.041183 0.040317 0.040502 0.055137 0.047365 0.034424 0.034723 0.039162 0.033992 0.038779 0.561171 0.033245
0.041542 0.041987 0.045842 0.045937 0.049440 0.032614 0.033899 0.038931 0.033148 0.040498 0.564442 0.031721
0.041955 0.041066 0.040994 0.056206 0.046499 0.034791 0.035144 0.039136 0.034428 0.042671 0.553615 0.033496
0.045100 0.046592 0.039984 0.046431 0.049476 0.034022 0.034350 0.038334 0.033651 0.041182 0.558081 0.032798
0.039118 0.053809 0.039962 0.046727 0.046939 0.034859 0.035435 0.039147 0.034737 0.043111 0.552680 0.033478
0.043044 0.035549 0.040690 0.054243 0.050303 0.034535 0.034901 0.039360 0.034170 0.042229 0.557737 0.033239
0.050465 0.038909 0.039237 0.053752 0.044960 0.033795 0.034038 0.036814 0.033397 0.041428 0.560703 0.032503
0.047034 0.046986 0.039957 0.042379 0.045170 0.034508 0.034807 0.037390 0.034430 0.042258 0.561491 0.033589
0.046755 0.045753 0.042658 0.045237 0.049716 0.036301 0.036995 0.040689 0.036145 0.044327 0.540608 0.034815
0.053816 0.038485 0.042045 0.049215 0.048769 0.034700 0.034966 0.038024 0.034334 0.042560 0.549715 0.033372
0.039870 0.051463 0.039595 0.050934 0.048321 0.038491 0.034932 0.040190 0.034211 0.040357 0.548622 0.033013
0.042170 0.050776 0.044534 0.055425 0.052746 0.041857 0.039691 0.043529 0.038047 0.043965 0.510404 0.036857
0.039984 0.036891 0.041331 0.063008 0.050073 0.033662 0.034455 0.038564 0.033750 0.042591 0.553760 0.031931
0.046572 0.042910 0.039949 0.047701 0.042070 0.035262 0.035902 0.039059 0.035947 0.044636 0.555429 0.034562
0.040699 0.041584 0.042352 0.045156 0.047814 0.036075 0.036824 0.041222 0.036021 0.043298 0.554123 0.034832
0.045436 0.036950 0.044765 0.054004 0.047916 0.036403 0.036753 0.041426 0.036084 0.044729 0.540487 0.035049
0.039447 0.039127 0.043038 0.058942 0.048607 0.035986 0.036371 0.039741 0.035660 0.044263 0.544085 0.034733
0.037471 0.037793 0.039285 0.051069 0.047320 0.034949 0.035897 0.040796 0.035015 0.041122 0.565495 0.033790
0.043484 0.043940 0.045907 0.055973 0.048689 0.039842 0.040166 0.043560 0.039441 0.048083 0.514060 0.036855
0.045841 0.038648 0.041324 0.057683 0.051245 0.034689 0.035056 0.038960 0.034359 0.043678 0.545206 0.033309
0.050430 0.048119 0.042026 0.048953 0.049042 0.035544 0.035898 0.040082 0.035134 0.040524 0.539980 0.034268
0.042850 0.045983 0.038696 0.045713 0.048860 0.033708 0.034557 0.039159 0.033677 0.039480 0.564835 0.032482
0.035972 0.033993 0.038037 0.055812 0.039096 0.032748 0.033160 0.035081 0.032498 0.041796 0.590371 0.031437
0.041968 0.038755 0.042052 0.043387 0.052706 0.035464 0.036066 0.037870 0.035432 0.043572 0.558194 0.034534
0.054175 0.036927 0.043374 0.053044 0.052502 0.035461 0.035825 0.039578 0.035083 0.043671 0.536215 0.034146
0.054481 0.044287 0.044738 0.053301 0.054693 0.036806 0.037654 0.044109 0.036835 0.042110 0.515336 0.035649
0.036834 0.052055 0.042312 0.049797 0.058085 0.035027 0.035667 0.040192 0.034932 0.039425 0.541504 0.034169
0.034800 0.037447 0.043289 0.069582 0.052448 0.033051 0.033685 0.036698 0.032953 0.042090 0.552298 0.031658
0.036148 0.035873 0.039906 0.056327 0.057716 0.033379 0.033746 0.038104 0.033066 0.041048 0.562449 0.032238
0.038269 0.039010 0.041845 0.070103 0.050156 0.035449 0.035778 0.039521 0.035086 0.043068 0.537475 0.034240
0.043791 0.041585 0.040004 0.049893 0.050460 0.035296 0.035592 0.041225 0.034959 0.042761 0.550346 0.034086
0.040982 0.035721 0.039557 0.048948 0.057578 0.034224 0.034459 0.037649 0.033871 0.041782 0.562201 0.033026
0.039515 0.036346 0.041151 0.048692 0.050717 0.035345 0.035587 0.039247 0.035000 0.042714 0.561617 0.034068
0.042158 0.034729 0.040553 0.045784 0.050626 0.034069 0.034447 0.038770 0.033730 0.042479 0.569836 0.032819
0.044194 0.039733 0.040754 0.064804 0.046517 0.035632 0.035985 0.039430 0.035186 0.043405 0.540588 0.033772
0.045885 0.041114 0.040338 0.048347 0.047761 0.036291 0.036639 0.041880 0.035801 0.043188 0.548246 0.034511
0.040148 0.040600 0.041255 0.049782 0.046960 0.034287 0.035581 0.038829 0.034779 0.041460 0.562988 0.033332
0.038589 0.040060 0.042241 0.053557 0.053671 0.034816 0.035151 0.039910 0.034437 0.043748 0.550565 0.033254
0.040861 0.046467 0.038804 0.054447 0.050074 0.032771 0.033135 0.036123 0.032431 0.040204 0.563101 0.031582
0.044824 0.043168 0.041203 0.049022 0.053528 0.036499 0.037407 0.041328 0.036420 0.041392 0.540478 0.034732
0.039248 0.038223 0.041946 0.054186 0.045750 0.036528 0.036954 0.042188 0.036283 0.045019 0.548418 0.035257
0.037288 0.037646 0.040527 0.055302 0.050243 0.033721 0.034094 0.038200 0.033402 0.042440 0.564623 0.032513
0.043710 0.040285 0.041309 0.049169 0.052795 0.034059 0.034738 0.038813 0.034071 0.042931 0.555023 0.033097
0.053459 0.037630 0.040543 0.047217 0.048528 0.034935 0.035102 0.038898 0.034363 0.042107 0.554206 0.033013
0.053410 0.039399 0.041041 0.047773 0.048525 0.035524 0.035722 0.039264 0.035055 0.043364 0.547502 0.033422
0.043032 0.044772 0.039250 0.050301 0.043174 0.034943 0.035266 0.039250 0.034698 0.043652 0.557993 0.033666
0.034856 0.035330 0.040011 0.046384 0.064087 0.033060 0.033451 0.037300 0.032762 0.041909 0.569050 0.031800
0.034148 0.035643 0.040926 0.069853 0.053994 0.034156 0.034547 0.039795 0.033902 0.042387 0.547881 0.032768
0.036851 0.041365 0.039654 0.057741 0.047192 0.034007 0.034248 0.038575 0.033622 0.041550 0.562388 0.032807
0.041878 0.047594 0.042380 0.049787 0.048628 0.036494 0.037599 0.042051 0.036899 0.042932 0.539048 0.034712
0.042133 0.041084 0.040854 0.044686 0.049385 0.034588 0.034859 0.039976 0.034148 0.041431 0.563767 0.033090
0.036712 0.041117 0.038501 0.068614 0.052536 0.032998 0.033327 0.037100 0.032745 0.041712 0.553019 0.031619
0.037091 0.037901 0.039459 0.061286 0.045531 0.034387 0.034560 0.038714 0.034014 0.041791 0.562089 0.033178
0.047543 0.038849 0.041816 0.052583 0.052420 0.036123 0.036481 0.039518 0.035672 0.044328 0.540431 0.034236
0.050163 0.054536 0.038480 0.045340 0.042432 0.037820 0.033632 0.038349 0.032957 0.040141 0.554851 0.031297
0.044126 0.051207 0.043258 0.048022 0.050761 0.039996 0.039590 0.042970 0.036153 0.042152 0.527190 0.034575
0.046392 0.039060 0.043038 0.047372 0.056270 0.035348 0.035750 0.039616 0.035024 0.044420 0.545391 0.032319
0.036071 0.045888 0.038869 0.051275 0.050688 0.033835 0.033990 0.038153 0.034042 0.041648 0.562734 0.032805
0.035378 0.052745 0.040421 0.049048 0.053608 0.035066 0.035450 0.038192 0.034663 0.043548 0.548795 0.033085
0.035544 0.036108 0.041048 0.043571 0.055533 0.034649 0.035023 0.039706 0.034332 0.043197 0.567799 0.033489
0.043891 0.038755 0.040583 0.054251 0.050413 0.033915 0.034251 0.038043 0.033570 0.042005 0.557721 0.032601
0.047690 0.039510 0.037122 0.043139 0.048416 0.032994 0.032707 0.038156 0.032522 0.038649 0.577164 0.031931
0.055119 0.040748 0.043613 0.046140 0.048638 0.039036 0.039370 0.042538 0.038594 0.045706 0.524697 0.035800
0.043429 0.039736 0.042268 0.045680 0.051650 0.035481 0.035694 0.039989 0.034945 0.043300 0.554231 0.033597
0.042512 0.035156 0.038858 0.066491 0.052163 0.032613 0.032856 0.037229 0.032196 0.040033 0.558546 0.031348
0.040543 0.034592 0.039684 0.069013 0.051842 0.034034 0.034374 0.038137 0.033562 0.041375 0.550605 0.032239
0.033641 0.031534 0.037540 0.062621 0.038397 0.032814 0.033077 0.034927 0.032297 0.040931 0.591239 0.030983
0.036808 0.040770 0.041946 0.041740 0.056033 0.034766 0.035303 0.037015 0.034733 0.042573 0.564370 0.033944
0.041815 0.049346 0.041703 0.048611 0.049621 0.034375 0.034648 0.038533 0.033983 0.042199 0.552111 0.033057
0.055248 0.041134 0.044355 0.050444 0.059697 0.035610 0.035881 0.042159 0.035130 0.042037 0.523977 0.034327
0.046379 0.035121 0.041358 0.050715 0.055268 0.033830 0.034117 0.037180 0.033404 0.037786 0.562152 0.032690
0.037999 0.035609 0.045869 0.053470 0.049637 0.033356 0.033944 0.037346 0.033259 0.043218 0.564139 0.032153
0.041829 0.037098 0.040876 0.049101 0.051399 0.034170 0.034457 0.038587 0.033818 0.041943 0.563773 0.032950
0.041212 0.040140 0.040622 0.059867 0.049217 0.034401 0.034742 0.038604 0.034019 0.042010 0.552094 0.033072
0.037489 0.047536 0.039780 0.054883 0.046383 0.034286 0.033925 0.037941 0.033253 0.041191 0.560958 0.032375
0.047050 0.043612 0.040726 0.046038 0.048715 0.035066 0.035409 0.039405 0.034592 0.042806 0.553302 0.033278
0.046792 0.036908 0.039807 0.055937 0.044469 0.033750 0.034431 0.041392 0.033716 0.041509 0.558406 0.032883
0.038667 0.036242 0.039077 0.060864 0.050344 0.032635 0.033175 0.036383 0.032601 0.040759 0.567488 0.031765
0.036285 0.033274 0.041122 0.067033 0.056166 0.034174 0.034504 0.038715 0.033799 0.042314 0.549967 0.032647
0.036518 0.035350 0.040485 0.054663 0.052011 0.033440 0.034097 0.039220 0.033414 0.040759 0.567441 0.032602
0.045906 0.045900 0.043794 0.051371 0.050285 0.036847 0.037713 0.041745 0.036919 0.043561 0.530528 0.035430
0.057934 0.039032 0.040008 0.047033 0.045377 0.035079 0.035418 0.039244 0.034717 0.041991 0.550268 0.033898
0.047161 0.039905 0.039754 0.046178 0.058308 0.033841 0.034480 0.038176 0.033676 0.041308 0.554788 0.032424
0.049641 0.038419 0.041351 0.051046 0.050647 0.035067 0.035487 0.039460 0.034787 0.043489 0.546901 0.033704
0.044425 0.040215 0.038592 0.055036 0.046924 0.033009 0.033249 0.036941 0.032646 0.040391 0.566774 0.031798
0.043500 0.043462 0.040952 0.046980 0.050821 0.035739 0.036024 0.041523 0.035248 0.043500 0.548271 0.033980
0.036370 0.036181 0.040987 0.061437 0.043676 0.035652 0.035854 0.040918 0.035251 0.043200 0.556121 0.034352
0.037349 0.033696 0.040134 0.045259 0.058379 0.032811 0.033053 0.035660 0.032476 0.041494 0.578110 0.031581
0.036454 0.035400 0.040142 0.067734 0.052465 0.034295 0.034649 0.038430 0.033984 0.042450 0.551129 0.032867
0.039000 0.035874 0.039855 0.048449 0.054644 0.033737 0.034472 0.037846 0.033671 0.039014 0.570883 0.032554
0.041597 0.043724 0.041611 0.052912 0.050842 0.035303 0.036647 0.040821 0.035697 0.041542 0.545662 0.033643
0.047188 0.038598 0.040007 0.048817 0.049719 0.034800 0.035147 0.040446 0.034400 0.041800 0.555606 0.033471
0.041341 0.040669 0.040294 0.044667 0.054384 0.033031 0.033728 0.038580 0.032912 0.038782 0.569781 0.031831
0.044481 0.043551 0.041587 0.056813 0.048083 0.034869 0.035059 0.038893 0.034754 0.042915 0.545202 0.033793
0.037855 0.052606 0.039920 0.046310 0.059459 0.033766 0.034151 0.037585 0.033474 0.041385 0.550989 0.032501
0.039148 0.036226 0.040332 0.068649 0.048909 0.033990 0.035140 0.037956 0.034222 0.039909 0.552986 0.032534
0.051486 0.038157 0.040865 0.049008 0.044534 0.034508 0.034806 0.038133 0.034195 0.042336 0.558648 0.033325
0.045644 0.039160 0.040754 0.049598 0.051797 0.033779 0.034161 0.038337 0.033425 0.042614 0.558214 0.032517
0.042330 0.037332 0.041369 0.054324 0.046764 0.034392 0.034721 0.039543 0.033960 0.041702 0.560459 0.033104
0.036521 0.035752 0.039660 0.058500 0.050638 0.034377 0.034718 0.039036 0.034037 0.042516 0.561106 0.033138
0.036632 0.035226 0.040824 0.047544 0.054497 0.034054 0.034466 0.038579 0.033812 0.042879 0.568717 0.032769
0.038386 0.034756 0.039590 0.058872 0.056240 0.033714 0.034095 0.038213 0.033378 0.041126 0.559196 0.032434
0.043230 0.035057 0.039758 0.060014 0.049003 0.033848 0.034129 0.036873 0.033474 0.041523 0.560634 0.032456
0.051647 0.036529 0.040980 0.045549 0.048694 0.035184 0.035938 0.039508 0.034991 0.040384 0.557146 0.033451
0.049091 0.037681 0.039642 0.048104 0.052702 0.034031 0.034355 0.039435 0.033662 0.041395 0.557130 0.032772
0.039933 0.037096 0.039896 0.058346 0.051963 0.033704 0.034077 0.038442 0.033348 0.041158 0.559543 0.032493
0.036312 0.035305 0.039879 0.068596 0.055451 0.033732 0.034096 0.038002 0.033341 0.038570 0.554089 0.032627
0.040862 0.033886 0.040521 0.060281 0.051989 0.033644 0.034320 0.038952 0.033646 0.041667 0.557453 0.032780
0.044759 0.037006 0.039862 0.059578 0.048741 0.033289 0.034137 0.038605 0.033347 0.039565 0.558962 0.032149
0.051133 0.035679 0.039591 0.048687 0.048596 0.033603 0.033872 0.038828 0.033172 0.040965 0.563525 0.032348
0.043532 0.034694 0.038462 0.055897 0.056416 0.033356 0.033600 0.038719 0.032934 0.040646 0.559658 0.032085
0.035739 0.035884 0.041475 0.054947 0.050571 0.034986 0.035276 0.040484 0.034522 0.042770 0.559750 0.033595
0.036877 0.038694 0.040296 0.053689 0.049621 0.034372 0.034704 0.039452 0.034005 0.042192 0.562983 0.033112
0.039715 0.037137 0.040997 0.055283 0.050955 0.034658 0.034950 0.038224 0.034342 0.042188 0.558133 0.033416
0.052690 0.034469 0.040514 0.051860 0.050090 0.035005 0.035264 0.039298 0.034482 0.042291 0.550897 0.033139
0.052319 0.037747 0.039775 0.047426 0.048552 0.034602 0.034885 0.039685 0.034062 0.041404 0.556718 0.032825
0.044267 0.045983 0.040410 0.050798 0.048257 0.035443 0.035604 0.039567 0.034959 0.043030 0.547978 0.033703
0.050032 0.036653 0.039874 0.046162 0.054074 0.033154 0.033829 0.037626 0.033154 0.040971 0.562129 0.032340
0.044963 0.035014 0.039612 0.051479 0.056265 0.033927 0.034306 0.037734 0.033628 0.041627 0.558701 0.032745
0.034487 0.038180 0.040486 0.048240 0.054521 0.034293 0.034661 0.039497 0.033950 0.042084 0.566486 0.033116
0.036375 0.038921 0.041016 0.053291 0.051095 0.034463 0.035033 0.039674 0.034378 0.040617 0.561903 0.033234
0.042305 0.039536 0.040012 0.056725 0.047645 0.034588 0.034933 0.038140 0.034231 0.042317 0.556270 0.033298
0.043499 0.038312 0.040311 0.045709 0.047967 0.042669 0.035635 0.041467 0.034805 0.041144 0.556177 0.032306
0.050059 0.039823 0.043671 0.051031 0.051891 0.042169 0.042401 0.045532 0.037547 0.045490 0.514741 0.035645
0.047537 0.035091 0.040249 0.053268 0.056764 0.032715 0.032983 0.036291 0.032524 0.041329 0.560966 0.030283
0.040581 0.037706 0.038454 0.068512 0.047306 0.033976 0.034099 0.037168 0.034044 0.041890 0.553816 0.032449
0.052245 0.039243 0.040012 0.047659 0.045943 0.034527 0.034890 0.038765 0.034184 0.043145 0.556204 0.033183
0.048939 0.042969 0.041882 0.046416 0.045827 0.035319 0.035615 0.040158 0.035019 0.043867 0.549919 0.034070
0.036893 0.039363 0.041086 0.060651 0.050168 0.033606 0.033879 0.038143 0.033209 0.041788 0.558916 0.032298
0.035209 0.043320 0.038824 0.052633 0.047798 0.033453 0.033690 0.037671 0.032959 0.039602 0.572524 0.032316
0.041012 0.057465 0.043830 0.049138 0.046567 0.038418 0.039166 0.041878 0.038665 0.046894 0.521290 0.035678
0.037093 0.042021 0.040714 0.049521 0.056287 0.034533 0.034947 0.039045 0.034294 0.044233 0.554071 0.033241
0.039601 0.039261 0.040342 0.059046 0.047185 0.034100 0.034473 0.037837 0.033751 0.041687 0.559829 0.032889
0.045092 0.039661 0.039492 0.042523 0.052144 0.033396 0.033669 0.037605 0.032952 0.040401 0.570945 0.032119
0.052692 0.032324 0.038099 0.039806 0.039245 0.032361 0.032732 0.033314 0.032062 0.041689 0.594737 0.030939
0.037129 0.034636 0.041997 0.040485 0.056164 0.035710 0.036036 0.039429 0.035330 0.043309 0.565305 0.034470
0.037804 0.044152 0.040770 0.053274 0.049445 0.034654 0.035015 0.038198 0.034269 0.039870 0.558952 0.033597
0.041486 0.056583 0.045643 0.048593 0.060271 0.036502 0.036875 0.042264 0.036164 0.043486 0.516854 0.035278
0.039617 0.043546 0.039635 0.058185 0.046499 0.033067 0.033321 0.037221 0.032696 0.036767 0.567471 0.031974
0.042761 0.040445 0.044972 0.045694 0.048620 0.038790 0.033555 0.038816 0.032772 0.040578 0.562899 0.030098
0.054496 0.044293 0.044437 0.048986 0.049360 0.041514 0.042897 0.044883 0.037620 0.044621 0.511147 0.035747
0.043472 0.042781 0.040016 0.050934 0.048671 0.032962 0.033726 0.038190 0.033096 0.041973 0.563202 0.030978
0.041956 0.047019 0.038944 0.048176 0.048235 0.034212 0.034446 0.038644 0.034479 0.043062 0.557693 0.033136
0.044625 0.036772 0.040836 0.049486 0.046025 0.033983 0.034656 0.039196 0.033970 0.042046 0.565243 0.033162
0.042854 0.038758 0.042758 0.053667 0.050770 0.035827 0.036191 0.040341 0.035410 0.045316 0.543711 0.034399
0.054373 0.037449 0.041378 0.049803 0.045027 0.035056 0.035404 0.039467 0.034655 0.042657 0.550981 0.033751
0.038891 0.041835 0.038967 0.048707 0.048493 0.034659 0.034860 0.039103 0.034005 0.040850 0.566663 0.032968
0.046518 0.041842 0.044119 0.063816 0.049802 0.039391 0.039376 0.042324 0.039399 0.051374 0.505658 0.036381
0.054247 0.034165 0.038610 0.047412 0.057426 0.032597 0.032949 0.036428 0.032230 0.039695 0.562886 0.031356
0.039239 0.036256 0.040304 0.069464 0.051224 0.033666 0.034074 0.037122 0.033420 0.042513 0.550360 0.032358
0.041881 0.036218 0.040184 0.058929 0.046441 0.034784 0.035116 0.039585 0.034393 0.042173 0.556765 0.033532
0.041281 0.034631 0.037760 0.037378 0.038302 0.032340 0.032666 0.034889 0.031906 0.040337 0.607456 0.031054
0.038377 0.039102 0.043197 0.041423 0.048380 0.037817 0.038073 0.042110 0.037415 0.045844 0.551890 0.036371
0.044014 0.041649 0.040147 0.047192 0.046814 0.036694 0.033476 0.039974 0.032849 0.040962 0.564265 0.031964
0.060816 0.046838 0.047145 0.064407 0.062697 0.042007 0.042931 0.048478 0.039361 0.044425 0.463410 0.037486
0.035929 0.035082 0.040162 0.067194 0.047170 0.033017 0.033315 0.037277 0.032749 0.037716 0.569444 0.030944
0.047855 0.036656 0.045378 0.047012 0.046405 0.033315 0.034221 0.036155 0.033985 0.041868 0.565578 0.031573
0.044114 0.042923 0.040749 0.043048 0.052926 0.034869 0.035181 0.037422 0.034536 0.042657 0.557899 0.033676
0.040622 0.044393 0.041772 0.049697 0.050014 0.034890 0.035221 0.040170 0.034530 0.042233 0.552814 0.033645
0.038899 0.038292 0.041355 0.060975 0.048488 0.035313 0.035576 0.039378 0.034819 0.043394 0.550041 0.033470
0.040997 0.038297 0.038048 0.056583 0.045748 0.034574 0.033950 0.038598 0.033302 0.040052 0.567193 0.032658
0.044869 0.041178 0.044119 0.057479 0.054819 0.038233 0.038618 0.042760 0.038204 0.047687 0.516560 0.035473
0.044028 0.041647 0.040628 0.056577 0.048670 0.034517 0.034925 0.040119 0.034287 0.043373 0.548041 0.033188
0.051889 0.041550 0.039730 0.048001 0.048796 0.033861 0.034099 0.036900 0.033467 0.041221 0.557853 0.032632
0.046786 0.038791 0.040200 0.055566 0.049609 0.034327 0.034623 0.039134 0.033766 0.041665 0.553062 0.032472
0.037291 0.043874 0.037846 0.043487 0.037855 0.032992 0.033368 0.035543 0.032690 0.041161 0.592093 0.031800
0.039111 0.040010 0.041994 0.043449 0.047059 0.035980 0.036354 0.039418 0.035659 0.043630 0.562543 0.034793
0.037235 0.047101 0.042293 0.052311 0.049537 0.035461 0.035797 0.039796 0.035111 0.044058 0.547088 0.034212
0.043654 0.053794 0.045725 0.052172 0.054104 0.036188 0.036517 0.042717 0.035823 0.042966 0.521398 0.034942
0.049252 0.040000 0.041221 0.048721 0.050327 0.034269 0.034919 0.039648 0.034211 0.038573 0.555428 0.033432
0.047584 0.034880 0.047333 0.047978 0.047730 0.033395 0.033947 0.037252 0.033277 0.043265 0.561460 0.031897
0.035856 0.039164 0.040306 0.053952 0.048962 0.033850 0.034215 0.038414 0.033526 0.041519 0.567547 0.032687
0.037481 0.040625 0.041460 0.058001 0.051491 0.034737 0.035102 0.039233 0.034414 0.042560 0.551340 0.033556
0.036767 0.036417 0.039894 0.057712 0.055225 0.033809 0.034199 0.038312 0.033511 0.042468 0.559067 0.032617
0.041023 0.039988 0.040198 0.056056 0.045244 0.034362 0.034675 0.039086 0.033890 0.038975 0.563280 0.033223
0.044610 0.037082 0.039771 0.044014 0.045883 0.039914 0.034442 0.039710 0.033851 0.040176 0.568745 0.031801
0.044121 0.048595 0.043206 0.052007 0.050065 0.040311 0.041729 0.043372 0.036677 0.044802 0.520093 0.035021
0.036700 0.054821 0.040986 0.047077 0.045702 0.033392 0.033860 0.037486 0.033225 0.042129 0.563672 0.030951
0.041958 0.047052 0.037961 0.045072 0.051995 0.034452 0.034619 0.038629 0.034557 0.042820 0.557971 0.032914
0.043133 0.037745 0.042147 0.051199 0.049678 0.036051 0.036392 0.039725 0.035551 0.043837 0.550282 0.034259
0.043459 0.041145 0.041455 0.063183 0.049512 0.034773 0.035466 0.039217 0.034777 0.043413 0.539761 0.033839
0.041907 0.042132 0.041535 0.051962 0.051685 0.033990 0.034290 0.037511 0.033533 0.041659 0.557208 0.032588
0.041060 0.035557 0.038910 0.060621 0.048849 0.033630 0.034336 0.037239 0.033508 0.038313 0.565406 0.032571
0.054455 0.041172 0.044827 0.052387 0.053374 0.038760 0.039282 0.042478 0.038710 0.049075 0.509468 0.036011
0.036331 0.040982 0.040295 0.061187 0.059876 0.033938 0.034332 0.038125 0.033605 0.041780 0.546837 0.032711
0.037332 0.037623 0.040201 0.068888 0.043673 0.034682 0.034905 0.039110 0.034359 0.041946 0.553742 0.033538
0.040157 0.039818 0.040960 0.049543 0.046337 0.034401 0.034695 0.038277 0.034094 0.042992 0.565490 0.033234
0.041866 0.035719 0.038279 0.042351 0.039629 0.032119 0.032301 0.035409 0.032008 0.040310 0.598913 0.031098
0.037923 0.036957 0.041424 0.041515 0.051626 0.036330 0.036570 0.039450 0.036231 0.043359 0.563365 0.035249
0.042367 0.038995 0.043155 0.046501 0.046538 0.037737 0.038105 0.042116 0.037359 0.048053 0.543719 0.035355
0.048885 0.040035 0.046724 0.051205 0.056628 0.036897 0.037228 0.043813 0.036546 0.043924 0.522485 0.035630
0.040943 0.040394 0.042337 0.070516 0.049442 0.035155 0.035382 0.038363 0.034777 0.039748 0.539042 0.033899
0.042220 0.040187 0.046660 0.052350 0.049084 0.034886 0.035449 0.040320 0.034970 0.045467 0.545276 0.033131
0.047338 0.046429 0.040419 0.046873 0.048086 0.035738 0.036666 0.039581 0.035707 0.041144 0.548240 0.033777
0.059171 0.037397 0.040986 0.048183 0.050961 0.033812 0.033987 0.038015 0.033420 0.041375 0.550379 0.032313
0.045863 0.041017 0.040291 0.058784 0.050033 0.034311 0.034686 0.038401 0.033961 0.042749 0.546996 0.032910
0.050572 0.038621 0.040872 0.046671 0.058173 0.035411 0.035792 0.039094 0.035098 0.043341 0.542196 0.034157
0.039142 0.037021 0.042091 0.043845 0.047240 0.035721 0.036093 0.039961 0.035392 0.043039 0.565926 0.034530
0.037885 0.039701 0.040422 0.042998 0.048235 0.034443 0.034275 0.038743 0.034125 0.043374 0.572642 0.033158
0.045441 0.040678 0.041432 0.050444 0.050945 0.035464 0.035799 0.040839 0.035135 0.043541 0.546350 0.033932
0.048807 0.038111 0.041689 0.053865 0.047646 0.035036 0.035323 0.039916 0.034437 0.038624 0.553098 0.033448
0.037909 0.037038 0.041880 0.059332 0.048359 0.036060 0.036377 0.039856 0.035416 0.041008 0.552679 0.034086
0.037977 0.037754 0.040304 0.053625 0.046259 0.034198 0.034458 0.038900 0.034152 0.042225 0.566880 0.033269
0.036075 0.046676 0.039045 0.052136 0.056574 0.038638 0.033118 0.038272 0.032786 0.040713 0.555338 0.030629
0.042412 0.054025 0.042200 0.066675 0.050254 0.039661 0.039113 0.042126 0.036537 0.044998 0.507181 0.034819
0.043016 0.039955 0.042369 0.050873 0.046359 0.035474 0.035886 0.040190 0.035013 0.040329 0.557955 0.032581
0.048256 0.040965 0.042933 0.048336 0.051493 0.037098 0.037219 0.041303 0.037193 0.046815 0.533246 0.035144
0.051678 0.037430 0.035820 0.049187 0.044741 0.030256 0.030607 0.032462 0.029939 0.038060 0.590856 0.028963
0.042578 0.051830 0.043719 0.049916 0.060480 0.039089 0.039347 0.041147 0.038629 0.047339 0.508616 0.037309
0.035477 0.032170 0.037965 0.045866 0.049550 0.031664 0.032008 0.036754 0.031180 0.039584 0.597947 0.029835
0.035883 0.034046 0.036863 0.066759 0.053030 0.032781 0.032890 0.035556 0.033880 0.039858 0.567020 0.031434
0.042429 0.041785 0.045809 0.065467 0.051992 0.040028 0.039765 0.043861 0.039520 0.049955 0.502416 0.036971
0.042190 0.041801 0.057871 0.046428 0.050835 0.038973 0.039409 0.044585 0.038575 0.047922 0.514303 0.037108
0.037185 0.044540 0.041612 0.045844 0.050444 0.034794 0.035059 0.041021 0.034469 0.042921 0.558671 0.033440
0.038555 0.041908 0.037909 0.059292 0.049589 0.032760 0.033099 0.037260 0.032373 0.038494 0.567117 0.031645
0.048862 0.037152 0.041986 0.053911 0.042220 0.036783 0.037107 0.039248 0.036475 0.042712 0.547972 0.035572
0.041752 0.041228 0.043252 0.041882 0.046114 0.037217 0.038030 0.041438 0.037159 0.040968 0.554735 0.036227
0.075035 0.043604 0.044008 0.047626 0.048249 0.036204 0.036483 0.040833 0.035782 0.044566 0.512677 0.034933
0.066211 0.035573 0.042119 0.059610 0.062203 0.032537 0.032816 0.040145 0.032107 0.040274 0.525231 0.031174
0.044291 0.031451 0.037365 0.038411 0.037027 0.031319 0.031555 0.033863 0.030857 0.034817 0.618925 0.030119
0.035844 0.035950 0.047865 0.038656 0.055525 0.034893 0.035409 0.036338 0.034689 0.045161 0.566872 0.032798
0.037753 0.039763 0.042552 0.055391 0.056805 0.035056 0.035468 0.039943 0.035126 0.044498 0.543646 0.033998
0.048210 0.045049 0.044063 0.057465 0.052336 0.038905 0.039237 0.043272 0.038423 0.045548 0.510421 0.037070
0.044136 0.042073 0.044776 0.046666 0.054219 0.033830 0.034450 0.039380 0.033792 0.038691 0.555029 0.032958
0.042692 0.038701 0.037616 0.044452 0.049292 0.030287 0.030606 0.035548 0.029865 0.034846 0.596940 0.029154
0.044234 0.041294 0.039009 0.050628 0.047100 0.035509 0.034563 0.038598 0.032005 0.039898 0.566070 0.031092
0.041171 0.056037 0.044482 0.057225 0.053428 0.037026 0.037462 0.040347 0.036976 0.047840 0.512980 0.035028
0.041135 0.036062 0.039332 0.059218 0.056108 0.033554 0.033865 0.037659 0.033234 0.041490 0.555993 0.032349
0.040011 0.034066 0.040242 0.061417 0.052434 0.033257 0.033445 0.037590 0.032811 0.040819 0.561961 0.031947
0.038605 0.035527 0.040805 0.067541 0.045515 0.033238 0.033902 0.037835 0.033184 0.041194 0.560281 0.032374
0.043752 0.041349 0.041722 0.046336 0.046673 0.035180 0.035520 0.038955 0.034771 0.043512 0.558313 0.033915
0.041912 0.042634 0.040395 0.044622 0.047820 0.034989 0.035328 0.039909 0.034594 0.042331 0.561780 0.033687
0.036070 0.043394 0.039935 0.047109 0.053810 0.034365 0.034740 0.038983 0.034040 0.041665 0.562784 0.033106
0.037801 0.035080 0.041792 0.055686 0.056556 0.034809 0.035200 0.038926 0.034517 0.043893 0.552375 0.033365
0.040321 0.037375 0.040306 0.061951 0.048305 0.033788 0.034104 0.038599 0.033305 0.038184 0.561129 0.032633
0.042748 0.041513 0.041913 0.053873 0.049348 0.035272 0.035516 0.040024 0.034750 0.042813 0.548703 0.033527
0.043163 0.041979 0.040967 0.047448 0.048498 0.034492 0.035064 0.039841 0.034384 0.041399 0.559498 0.033267
0.040274 0.046425 0.040390 0.046486 0.050279 0.033594 0.033878 0.037672 0.033235 0.041108 0.564284 0.032374
0.049875 0.032887 0.038705 0.050226 0.057077 0.033021 0.033349 0.037522 0.032674 0.040318 0.562547 0.031799
0.034974 0.032768 0.039645 0.061942 0.056328 0.032909 0.033610 0.037740 0.032960 0.041717 0.563451 0.031955
0.038221 0.036729 0.040495 0.061033 0.053456 0.035406 0.035758 0.039029 0.034938 0.043042 0.548347 0.033547
0.044031 0.042214 0.039977 0.044933 0.047888 0.034008 0.034334 0.037864 0.033590 0.041205 0.567189 0.032767
0.043130 0.042956 0.042156 0.046729 0.052474 0.034271 0.035237 0.040316 0.034494 0.040253 0.554575 0.033408
0.056130 0.035706 0.039994 0.047850 0.055574 0.034488 0.034895 0.038763 0.034189 0.041858 0.547316 0.033236
0.035415 0.034748 0.038925 0.068533 0.059479 0.033793 0.034138 0.037718 0.033336 0.041082 0.550767 0.032066
0.035388 0.034257 0.040353 0.069279 0.058322 0.034460 0.034807 0.038597 0.034006 0.042094 0.545743 0.032693
0.035639 0.040800 0.039798 0.069013 0.047664 0.033302 0.033596 0.037299 0.032964 0.040889 0.556949 0.032088
0.040519 0.045971 0.040212 0.053164 0.049870 0.033310 0.033633 0.037217 0.032881 0.040369 0.560786 0.032067
0.056100 0.035843 0.039052 0.046364 0.046765 0.034677 0.034921 0.040017 0.034273 0.041778 0.556816 0.033394
0.037753 0.035730 0.041304 0.049562 0.044874 0.034066 0.034742 0.039701 0.034047 0.041642 0.573380 0.033198
0.036152 0.037708 0.040763 0.066908 0.045954 0.034133 0.034426 0.039715 0.034118 0.043138 0.553848 0.033137
0.038050 0.039181 0.039547 0.054935 0.052260 0.034658 0.034954 0.038994 0.034368 0.042907 0.556726 0.033418
0.041445 0.042778 0.041681 0.049610 0.047135 0.035993 0.036825 0.041099 0.035899 0.040745 0.552499 0.034290
0.056952 0.038630 0.040044 0.044800 0.044648 0.040801 0.035428 0.039960 0.034850 0.042116 0.549245 0.032525
0.043107 0.048638 0.044184 0.049008 0.061328 0.041017 0.039111 0.042275 0.037013 0.045056 0.514006 0.035257
0.038691 0.039478 0.040364 0.054527 0.053205 0.033588 0.034529 0.038937 0.033767 0.041082 0.560425 0.031407
0.038689 0.042212 0.037284 0.050195 0.052933 0.033378 0.033954 0.038645 0.034002 0.042174 0.563814 0.032720
0.042927 0.036727 0.040801 0.055305 0.052122 0.035369 0.035620 0.038948 0.034876 0.043230 0.550470 0.033605
0.043664 0.037341 0.043044 0.054909 0.050129 0.035416 0.036007 0.040288 0.035395 0.045007 0.544258 0.034541
0.051029 0.039434 0.040902 0.045816 0.049730 0.034830 0.035175 0.039338 0.034442 0.042395 0.553391 0.033518
0.039233 0.038900 0.039178 0.051967 0.048283 0.034930 0.035139 0.039723 0.034341 0.041120 0.563866 0.033322
0.044631 0.053181 0.045137 0.050570 0.051277 0.039710 0.040084 0.043229 0.039395 0.049089 0.507123 0.036574
0.039849 0.049888 0.041288 0.049693 0.054773 0.034402 0.035126 0.038434 0.034352 0.040624 0.548362 0.033211
0.037310 0.038803 0.040360 0.070140 0.051857 0.033659 0.033916 0.038050 0.033174 0.038209 0.551999 0.032524
0.045052 0.037552 0.038227 0.054766 0.048736 0.033583 0.035218 0.040330 0.033584 0.042460 0.557760 0.032733
0.038988 0.034741 0.039449 0.046568 0.039611 0.032751 0.033017 0.035646 0.032360 0.041291 0.594032 0.031546
0.040612 0.038076 0.043842 0.042565 0.048208 0.036948 0.037333 0.039479 0.036564 0.043988 0.556695 0.035690
0.040681 0.038803 0.041503 0.053182 0.049740 0.035526 0.035870 0.040630 0.035153 0.044560 0.550117 0.034235
0.041548 0.041185 0.043600 0.066355 0.062844 0.037265 0.037471 0.043391 0.036785 0.044547 0.509584 0.035425
0.037535 0.036247 0.039810 0.060724 0.052893 0.034035 0.034372 0.038348 0.033671 0.037562 0.561859 0.032943
0.039462 0.037700 0.044216 0.048403 0.053388 0.033459 0.034073 0.038293 0.033405 0.043985 0.561511 0.032104
