0.034381 0.035561 0.038043 0.034761 0.035118 0.035863 0.034914 0.038959 0.034899 0.041609 0.588123 0.047769
0.036669 0.038418 0.038145 0.037269 0.036951 0.038456 0.037596 0.044436 0.037402 0.038370 0.579261 0.037027
0.034622 0.031327 0.033735 0.031923 0.032018 0.031964 0.032979 0.032944 0.032007 0.035952 0.637951 0.032577
0.037712 0.037204 0.037032 0.034425 0.034396 0.035971 0.036431 0.043844 0.034660 0.036621 0.592050 0.039654
0.030914 0.029891 0.031850 0.030199 0.030185 0.030262 0.030332 0.032555 0.030278 0.033398 0.653000 0.037135
0.037386 0.035952 0.035152 0.033400 0.033508 0.033586 0.034832 0.038090 0.033601 0.035929 0.614417 0.034147
0.030891 0.032823 0.032678 0.031242 0.031290 0.032083 0.033044 0.033579 0.031316 0.032924 0.642796 0.035334
0.029411 0.033151 0.030608 0.029606 0.029228 0.030505 0.029971 0.035559 0.029662 0.031645 0.653915 0.036739
0.032763 0.032508 0.034590 0.032866 0.032961 0.032828 0.034421 0.035245 0.032920 0.034313 0.630498 0.034088
0.033187 0.032831 0.030671 0.029678 0.029619 0.029682 0.032066 0.035261 0.029842 0.031936 0.646617 0.038609
0.037644 0.033185 0.034877 0.033570 0.033686 0.033471 0.036860 0.037584 0.033646 0.034537 0.607424 0.043517
0.031481 0.031355 0.033860 0.029905 0.030497 0.032356 0.031739 0.030501 0.029940 0.032307 0.652310 0.033748
0.032294 0.031818 0.032848 0.030866 0.031232 0.031160 0.032074 0.033781 0.030873 0.032916 0.646638 0.033500
0.033462 0.031795 0.031404 0.028975 0.029820 0.029203 0.031160 0.034480 0.029439 0.031463 0.651024 0.037774
0.031209 0.031217 0.032736 0.031306 0.031572 0.031569 0.032784 0.036231 0.031326 0.032595 0.637641 0.039815
0.027228 0.030346 0.030649 0.027607 0.027940 0.027596 0.029169 0.031204 0.027650 0.028992 0.677888 0.033731
0.034876 0.035045 0.038162 0.034662 0.035699 0.035233 0.036829 0.039037 0.034627 0.036199 0.596568 0.043064
0.029846 0.030678 0.031464 0.029057 0.029766 0.030030 0.030883 0.031092 0.029633 0.031498 0.658612 0.037441
0.032412 0.033416 0.033237 0.032124 0.032080 0.032677 0.034219 0.037545 0.032145 0.032846 0.626075 0.041224
0.036825 0.035410 0.036505 0.034427 0.034742 0.037498 0.034537 0.038566 0.034487 0.036991 0.598753 0.041259
0.030271 0.030586 0.030974 0.029812 0.029873 0.030500 0.031378 0.032274 0.029885 0.034568 0.658779 0.031101
0.031665 0.032609 0.032237 0.030990 0.031061 0.031532 0.031971 0.035310 0.031048 0.032349 0.640451 0.038776
0.029309 0.028448 0.031031 0.028801 0.028912 0.034530 0.028901 0.032841 0.028830 0.030688 0.661988 0.035721
0.033290 0.037062 0.039821 0.034558 0.035774 0.034498 0.034727 0.037874 0.034622 0.037384 0.606887 0.033503
0.029659 0.029772 0.033617 0.029464 0.030521 0.032347 0.031277 0.029046 0.030035 0.032246 0.661551 0.030465
0.042055 0.035159 0.038100 0.034498 0.035519 0.037422 0.036080 0.036575 0.034452 0.036408 0.586454 0.047279
0.033882 0.031127 0.033775 0.029411 0.030604 0.030440 0.031180 0.037573 0.030122 0.032425 0.641934 0.037528
0.039819 0.042618 0.038255 0.035862 0.036362 0.036319 0.036006 0.040941 0.036002 0.039836 0.576277 0.041704
0.032619 0.029158 0.032249 0.029295 0.030038 0.032033 0.030554 0.033145 0.029818 0.033535 0.655762 0.031795
0.032131 0.034140 0.033195 0.032267 0.032153 0.032676 0.033279 0.036678 0.032332 0.036206 0.624683 0.040259
0.040342 0.038933 0.041928 0.038464 0.038751 0.044150 0.039978 0.043657 0.038621 0.041140 0.547678 0.046358
0.032255 0.030995 0.033177 0.029805 0.030222 0.030843 0.031349 0.034066 0.029843 0.033213 0.649611 0.034621
0.036980 0.037454 0.040500 0.036178 0.037316 0.036957 0.038165 0.044338 0.036327 0.038680 0.573073 0.044033
0.029663 0.029755 0.029369 0.028159 0.028460 0.029072 0.029388 0.030518 0.028654 0.030032 0.675325 0.031605
0.031345 0.032656 0.033274 0.030768 0.030910 0.033338 0.030859 0.033430 0.030836 0.032874 0.647723 0.031987
0.036732 0.036476 0.035745 0.034954 0.034765 0.035331 0.036066 0.038251 0.035037 0.036685 0.604340 0.035617
0.030327 0.029609 0.029307 0.028499 0.028356 0.028613 0.028621 0.029153 0.028571 0.032194 0.675789 0.030962
0.041852 0.040391 0.036025 0.034877 0.034760 0.034788 0.036737 0.038477 0.034953 0.035623 0.595204 0.036314
0.032890 0.029050 0.030506 0.028457 0.028656 0.028763 0.028571 0.028685 0.028475 0.031585 0.673593 0.030770
0.041418 0.039743 0.039193 0.035665 0.035846 0.036712 0.037072 0.043019 0.035811 0.038322 0.581149 0.036052
0.031116 0.031317 0.032671 0.031082 0.031060 0.030931 0.031840 0.035487 0.031157 0.032631 0.644319 0.036389
0.031203 0.033920 0.031333 0.029997 0.029840 0.030035 0.031161 0.039722 0.030122 0.032080 0.647494 0.033091
0.030627 0.030761 0.032864 0.031102 0.031233 0.031189 0.032691 0.035485 0.031268 0.032553 0.640907 0.039321
0.027973 0.028308 0.029582 0.027737 0.027796 0.029013 0.028094 0.033577 0.027791 0.030525 0.674985 0.034619
0.035073 0.036505 0.034520 0.032798 0.032968 0.035732 0.035064 0.035058 0.032856 0.034080 0.620605 0.034741
0.041039 0.036565 0.035234 0.033740 0.034168 0.034153 0.036004 0.037074 0.033763 0.035351 0.604932 0.037977
0.031513 0.038461 0.032903 0.031581 0.031488 0.032252 0.032991 0.038956 0.031898 0.033077 0.625519 0.039360
0.031099 0.030292 0.032315 0.030191 0.030596 0.030300 0.031131 0.033234 0.030280 0.031868 0.655238 0.033458
0.029615 0.030580 0.029553 0.028906 0.028822 0.028991 0.030801 0.035461 0.029011 0.030269 0.660451 0.037541
0.033712 0.030483 0.031252 0.030063 0.030261 0.032944 0.032179 0.032566 0.030108 0.031217 0.651787 0.033427
0.029612 0.029635 0.031660 0.029769 0.029998 0.029660 0.031342 0.032229 0.029755 0.031547 0.661188 0.033604
0.030897 0.032134 0.032208 0.031348 0.031249 0.032215 0.033458 0.035405 0.031379 0.031975 0.637411 0.040322
0.035728 0.036271 0.036371 0.034029 0.034247 0.035322 0.035888 0.038447 0.034012 0.035670 0.603615 0.040399
0.030829 0.034859 0.031396 0.030369 0.030305 0.030378 0.031826 0.032722 0.030413 0.031363 0.651390 0.034150
0.030925 0.032619 0.032378 0.031078 0.031067 0.031165 0.031204 0.035157 0.031037 0.032265 0.643047 0.038057
0.030467 0.032399 0.032173 0.030229 0.030566 0.030490 0.032045 0.033219 0.030253 0.034022 0.652431 0.031705
0.029641 0.029681 0.030553 0.029654 0.029607 0.029560 0.029781 0.032975 0.029722 0.030825 0.665962 0.032039
0.032980 0.033556 0.033114 0.031833 0.032137 0.032511 0.033634 0.035470 0.031864 0.033203 0.636397 0.033301
0.030661 0.029078 0.033282 0.029527 0.029939 0.031450 0.029684 0.033618 0.029483 0.031367 0.655505 0.036406
0.036293 0.037294 0.038717 0.035682 0.036606 0.035689 0.036504 0.042628 0.035741 0.039952 0.588087 0.036806
0.030889 0.029278 0.032632 0.029527 0.030374 0.029795 0.031304 0.031808 0.030117 0.032686 0.648100 0.043488
0.028506 0.029419 0.030224 0.026877 0.027255 0.028738 0.028653 0.032493 0.026823 0.028541 0.676951 0.035521
0.034864 0.035021 0.034959 0.032394 0.033027 0.033802 0.033979 0.035048 0.032438 0.034198 0.625645 0.034626
0.029499 0.029657 0.031541 0.029359 0.030001 0.030235 0.031137 0.033868 0.029995 0.032630 0.654396 0.037682
0.035149 0.033607 0.032673 0.031360 0.031361 0.031750 0.032319 0.035835 0.031407 0.032701 0.630556 0.041282
0.032619 0.033517 0.032003 0.029880 0.029967 0.031133 0.031639 0.031246 0.029902 0.031581 0.649087 0.037425
0.044026 0.040424 0.041158 0.036818 0.037897 0.039647 0.036899 0.039281 0.036891 0.039474 0.568693 0.038792
0.028078 0.027750 0.029987 0.027427 0.027964 0.028222 0.029268 0.029900 0.027636 0.032094 0.683030 0.028644
0.031741 0.030362 0.031183 0.030380 0.030338 0.033154 0.031893 0.032996 0.030402 0.031591 0.647056 0.038905
0.037611 0.036455 0.038125 0.034829 0.035557 0.035846 0.036758 0.040364 0.034888 0.038185 0.587973 0.043409
0.029963 0.029184 0.030598 0.029779 0.029553 0.029745 0.029943 0.034249 0.029864 0.032997 0.658457 0.035666
0.033281 0.034732 0.035635 0.033703 0.033916 0.034461 0.035891 0.036727 0.033744 0.035529 0.616891 0.035490
0.032280 0.032931 0.033783 0.032331 0.032397 0.032597 0.034494 0.037386 0.032295 0.034695 0.617663 0.047149
0.035232 0.035261 0.038605 0.034134 0.034544 0.038326 0.034352 0.041539 0.034249 0.036657 0.596342 0.040760
0.038669 0.038311 0.042305 0.038024 0.039446 0.038255 0.040828 0.041150 0.038186 0.040858 0.564376 0.039591
0.029018 0.029760 0.030419 0.027677 0.028509 0.028451 0.029129 0.033130 0.028510 0.031458 0.668555 0.035382
0.033347 0.034883 0.033967 0.033502 0.033053 0.033926 0.035215 0.040530 0.033597 0.034021 0.612975 0.040985
0.034567 0.031459 0.032523 0.031185 0.031117 0.031181 0.031360 0.035357 0.031316 0.034929 0.638069 0.036938
0.044576 0.032280 0.033505 0.030775 0.031011 0.032407 0.031060 0.032545 0.030914 0.034777 0.635705 0.030444
0.038033 0.038113 0.037521 0.035106 0.035842 0.038109 0.037409 0.037638 0.035168 0.038871 0.591606 0.036582
0.034534 0.033288 0.036180 0.032382 0.033611 0.035507 0.035306 0.036107 0.033342 0.036382 0.616368 0.036992
0.041067 0.041871 0.045347 0.041789 0.042023 0.042051 0.042951 0.047564 0.041945 0.043641 0.520715 0.049036
0.031466 0.030697 0.029520 0.028174 0.028313 0.028495 0.030289 0.029778 0.028520 0.032408 0.670064 0.032276
0.032794 0.034481 0.034282 0.032901 0.033164 0.032809 0.032970 0.034511 0.032967 0.038573 0.626225 0.034323
0.033876 0.031956 0.035733 0.031752 0.032285 0.032320 0.033954 0.035871 0.031759 0.037225 0.626759 0.036509
0.037827 0.036618 0.036919 0.034360 0.035045 0.034366 0.034518 0.038404 0.034332 0.039353 0.597488 0.040771
0.037290 0.034212 0.038491 0.032915 0.034211 0.034288 0.034959 0.036174 0.033596 0.035800 0.613975 0.034087
0.043100 0.039121 0.039329 0.035150 0.035922 0.036469 0.036229 0.036320 0.035086 0.036810 0.588463 0.038002
0.041251 0.040229 0.044287 0.039463 0.041207 0.040230 0.040833 0.044062 0.040426 0.043724 0.542454 0.041835
0.032949 0.030541 0.034787 0.031008 0.031642 0.031162 0.032629 0.036791 0.031606 0.035753 0.631296 0.039835
0.036106 0.036708 0.036639 0.035439 0.035586 0.035605 0.035809 0.043464 0.035589 0.043323 0.583881 0.041851
0.034083 0.039653 0.034903 0.033018 0.033752 0.033272 0.034764 0.035736 0.033845 0.040701 0.612046 0.034226
0.036820 0.036810 0.041133 0.036894 0.037737 0.040305 0.036979 0.044193 0.036890 0.041095 0.567373 0.043771
0.035683 0.037297 0.039446 0.036243 0.036469 0.040724 0.039178 0.043872 0.036268 0.040268 0.576112 0.038438
0.041584 0.049547 0.045653 0.040424 0.041664 0.040595 0.041896 0.042919 0.040565 0.043084 0.524159 0.047909
0.041601 0.040050 0.038112 0.034478 0.035516 0.037018 0.036203 0.041122 0.035474 0.037850 0.581336 0.041238
0.033626 0.033578 0.034374 0.033569 0.033363 0.033589 0.033662 0.037676 0.033610 0.036156 0.620630 0.036166
0.037934 0.039188 0.039648 0.036883 0.037313 0.037178 0.038507 0.041206 0.036976 0.040179 0.577101 0.037887
0.034402 0.036191 0.034026 0.032925 0.032919 0.034452 0.033055 0.036299 0.033025 0.040137 0.613683 0.038885
0.036073 0.040650 0.037258 0.036592 0.036435 0.036520 0.038354 0.041584 0.036709 0.038564 0.583531 0.037729
0.035785 0.034633 0.036909 0.035050 0.035130 0.035216 0.036050 0.037397 0.035118 0.038337 0.604641 0.035733
0.034550 0.046821 0.039256 0.035923 0.035878 0.038724 0.036663 0.044522 0.036151 0.039171 0.569787 0.042553
0.037206 0.036024 0.037670 0.036038 0.036032 0.036009 0.036254 0.039203 0.036115 0.037213 0.596368 0.035868
0.034549 0.037344 0.036227 0.033572 0.034071 0.033788 0.035330 0.042808 0.033847 0.040293 0.602508 0.035661
0.033840 0.032564 0.032419 0.031539 0.031483 0.031921 0.033250 0.043127 0.031645 0.032733 0.629120 0.036360
0.031728 0.031671 0.033720 0.032254 0.032190 0.032228 0.032428 0.037158 0.032344 0.035201 0.629938 0.039142
0.037550 0.039582 0.033532 0.032181 0.032511 0.032978 0.035571 0.035383 0.032257 0.033546 0.619646 0.035265
0.029962 0.031843 0.031575 0.030381 0.030355 0.031494 0.031386 0.032732 0.030436 0.031875 0.654255 0.033706
0.037400 0.036740 0.036462 0.035616 0.035382 0.036278 0.035871 0.041863 0.035726 0.036495 0.584061 0.048106
0.030458 0.030829 0.032753 0.030851 0.031031 0.030954 0.032443 0.033274 0.030986 0.034831 0.649659 0.031931
0.030060 0.032880 0.031295 0.030292 0.030163 0.030421 0.032276 0.038364 0.030454 0.032170 0.642822 0.038804
0.030287 0.030586 0.030464 0.029429 0.029425 0.030180 0.030150 0.031844 0.029470 0.030467 0.665189 0.032511
0.036444 0.031205 0.032011 0.030393 0.030411 0.030105 0.030565 0.035204 0.030375 0.031731 0.647744 0.033811
0.032329 0.034261 0.033444 0.032427 0.032455 0.032731 0.033641 0.037818 0.032599 0.037005 0.626855 0.034435
0.030374 0.030789 0.030900 0.029402 0.029524 0.029601 0.031183 0.031883 0.029394 0.030910 0.657595 0.038445
0.030110 0.030136 0.031154 0.030003 0.029964 0.030786 0.030127 0.032351 0.030049 0.031171 0.662844 0.031306
0.031771 0.032351 0.034278 0.032085 0.032374 0.032447 0.033786 0.037500 0.032173 0.037464 0.629305 0.034466
0.031797 0.032872 0.033724 0.031964 0.032110 0.032156 0.032996 0.036262 0.032059 0.033975 0.630349 0.039736
0.031751 0.034151 0.032267 0.030520 0.030907 0.030444 0.033613 0.034896 0.030546 0.031968 0.636034 0.042903
0.035885 0.031121 0.033578 0.031798 0.031848 0.032356 0.034001 0.033117 0.031767 0.033205 0.630598 0.040725
0.032694 0.031525 0.033857 0.031440 0.031641 0.031935 0.033111 0.033607 0.031455 0.033566 0.637570 0.037599
0.035484 0.034250 0.031667 0.030585 0.030605 0.031777 0.032235 0.035395 0.030651 0.031921 0.630825 0.044604
0.032062 0.033656 0.033664 0.030938 0.031313 0.032911 0.033235 0.034826 0.031072 0.032724 0.638218 0.035381
0.040794 0.039053 0.038325 0.035197 0.036353 0.039812 0.037234 0.038661 0.035224 0.037027 0.583424 0.038895
0.035429 0.030261 0.032455 0.029571 0.030540 0.030937 0.031457 0.031480 0.030386 0.033010 0.651003 0.033470
0.035487 0.035739 0.034205 0.033366 0.033123 0.033404 0.035643 0.036205 0.033422 0.034224 0.612582 0.042602
0.036311 0.033756 0.036295 0.033895 0.034211 0.033875 0.036081 0.036468 0.034022 0.037740 0.609144 0.038202
0.033167 0.035809 0.035273 0.033302 0.033510 0.034389 0.033478 0.036121 0.033311 0.037581 0.613882 0.040177
0.033368 0.032684 0.034367 0.032123 0.032382 0.034018 0.033976 0.034716 0.032171 0.037868 0.627523 0.034802
0.033251 0.034523 0.030203 0.029329 0.029529 0.029202 0.031864 0.030667 0.029365 0.031630 0.658111 0.032327
0.037167 0.037862 0.037721 0.034589 0.034927 0.036258 0.035715 0.035246 0.034696 0.036791 0.601275 0.037751
0.033143 0.033276 0.033811 0.031764 0.031880 0.032332 0.032998 0.034117 0.031777 0.033399 0.636283 0.035220
0.033662 0.033820 0.034356 0.031851 0.032399 0.031763 0.032535 0.035458 0.031899 0.033556 0.633926 0.034776
0.034807 0.033773 0.034769 0.032561 0.032815 0.032548 0.034131 0.034936 0.032648 0.035945 0.621158 0.039911
0.029609 0.032242 0.031643 0.029751 0.029900 0.029738 0.029907 0.034035 0.029754 0.033304 0.653480 0.036635
0.033962 0.033592 0.036236 0.034331 0.034495 0.033978 0.036520 0.037841 0.034312 0.036312 0.612318 0.036103
0.038837 0.038527 0.035711 0.031597 0.032058 0.036033 0.032608 0.034115 0.031580 0.033929 0.615792 0.039214
0.037535 0.035852 0.038844 0.033633 0.034968 0.034231 0.036047 0.038384 0.033655 0.035629 0.605470 0.035754
0.041029 0.036323 0.039138 0.032878 0.034834 0.035052 0.033274 0.035435 0.033397 0.036466 0.597355 0.044820
0.034338 0.038536 0.033164 0.030569 0.031550 0.031758 0.033246 0.031809 0.031329 0.036392 0.635455 0.031854
0.031494 0.031251 0.034047 0.031280 0.032171 0.031588 0.033194 0.036408 0.032254 0.034561 0.634173 0.037580
0.033972 0.034889 0.035472 0.033980 0.034236 0.035275 0.034019 0.041477 0.034025 0.037416 0.604211 0.041031
0.034609 0.031612 0.033342 0.031395 0.031543 0.031307 0.032213 0.033781 0.031419 0.037329 0.639611 0.031839
0.032527 0.034094 0.034450 0.032976 0.033034 0.034079 0.035120 0.037033 0.033057 0.034733 0.616967 0.041930
0.036861 0.037447 0.037934 0.035143 0.035488 0.037665 0.036565 0.040215 0.035136 0.037609 0.581765 0.048172
0.037313 0.034998 0.036561 0.031974 0.032582 0.033826 0.033572 0.034403 0.032016 0.033659 0.623374 0.035723
0.038353 0.040340 0.040362 0.036907 0.037826 0.040265 0.037074 0.039454 0.036976 0.038737 0.576287 0.037419
0.038543 0.030244 0.032657 0.030014 0.030873 0.031337 0.031128 0.033243 0.030797 0.034986 0.643484 0.032695
0.037482 0.031094 0.031836 0.030997 0.030681 0.031114 0.031138 0.034901 0.031066 0.032603 0.645651 0.031437
0.031725 0.031623 0.033270 0.032216 0.032084 0.032104 0.032385 0.035559 0.032299 0.036313 0.638439 0.031981
0.031463 0.034726 0.035603 0.031533 0.032028 0.031732 0.031685 0.033998 0.031556 0.036274 0.638162 0.031240
0.039157 0.038300 0.042560 0.037093 0.038371 0.037921 0.038833 0.040558 0.037081 0.039633 0.572806 0.037686
0.040091 0.040352 0.041364 0.036986 0.038441 0.037399 0.039133 0.044937 0.037864 0.041092 0.551756 0.050584
0.037912 0.038172 0.040481 0.035236 0.036421 0.036815 0.036826 0.048152 0.035973 0.039212 0.571738 0.043061
0.032071 0.032064 0.033299 0.032006 0.031816 0.032203 0.033008 0.039595 0.032225 0.036257 0.630506 0.034950
0.033319 0.034127 0.034870 0.033595 0.033626 0.034433 0.035775 0.044166 0.033696 0.040145 0.599741 0.042507
0.033517 0.033283 0.033043 0.032022 0.032200 0.032568 0.034770 0.034752 0.032073 0.035348 0.624777 0.041647
0.033262 0.033102 0.030962 0.030231 0.030157 0.030254 0.030307 0.032540 0.030274 0.034935 0.652385 0.031592
0.036592 0.037468 0.039178 0.036568 0.036898 0.038028 0.038793 0.038984 0.036623 0.038700 0.583778 0.038391
0.035448 0.035033 0.037667 0.033798 0.034345 0.035376 0.035402 0.036174 0.033800 0.036517 0.608964 0.037477
0.035937 0.037773 0.036669 0.035500 0.035243 0.035331 0.037388 0.041911 0.035715 0.036620 0.588147 0.043766
0.032973 0.031589 0.032744 0.031250 0.031212 0.031245 0.031997 0.033710 0.031363 0.032450 0.640871 0.038596
0.034157 0.031230 0.029220 0.026586 0.026813 0.027806 0.026968 0.032860 0.026654 0.032365 0.676353 0.028987
0.041261 0.035255 0.036577 0.034870 0.035218 0.036103 0.035018 0.038213 0.034924 0.037463 0.600698 0.034402
0.033303 0.033409 0.035372 0.032374 0.033017 0.034311 0.033796 0.034866 0.032640 0.036247 0.627525 0.033140
0.033236 0.035359 0.035559 0.032672 0.032696 0.034579 0.033022 0.040282 0.032793 0.034702 0.619995 0.035104
0.041301 0.042118 0.041208 0.038678 0.039016 0.038550 0.039762 0.044676 0.038817 0.044278 0.551798 0.039799
0.030916 0.033308 0.031721 0.026974 0.028310 0.031668 0.029509 0.035959 0.027678 0.032591 0.660524 0.030842
0.032792 0.033483 0.035130 0.032630 0.033404 0.032725 0.034437 0.041150 0.032745 0.034431 0.616549 0.040525
0.030442 0.031147 0.032043 0.030435 0.030848 0.031979 0.032895 0.034976 0.030999 0.033351 0.641324 0.039562
0.040576 0.035903 0.036753 0.033884 0.034211 0.036487 0.035496 0.034813 0.033864 0.036531 0.603627 0.037853
0.037552 0.031568 0.032071 0.030982 0.030877 0.031751 0.031947 0.031882 0.031052 0.032594 0.637336 0.040387
0.041098 0.030645 0.031607 0.031070 0.030895 0.032074 0.032859 0.032675 0.031131 0.033125 0.638520 0.034299
0.039639 0.035381 0.036023 0.032434 0.033193 0.033481 0.034780 0.032420 0.032504 0.034766 0.619674 0.035705
0.030571 0.030910 0.030939 0.028031 0.028576 0.028065 0.028957 0.030994 0.028057 0.031382 0.667873 0.035644
0.039198 0.040828 0.043916 0.038843 0.040122 0.044969 0.040649 0.038711 0.038827 0.040788 0.553558 0.039589
0.032214 0.032316 0.034679 0.031318 0.032780 0.031512 0.032444 0.031400 0.032170 0.034865 0.639998 0.034303
0.036700 0.030627 0.032723 0.030612 0.030272 0.031728 0.030904 0.037480 0.030714 0.034052 0.643763 0.030425
0.041206 0.039759 0.043794 0.039740 0.040769 0.039776 0.041910 0.040398 0.039762 0.043909 0.548268 0.040708
0.028589 0.031550 0.029605 0.027945 0.028494 0.028125 0.028545 0.031620 0.028800 0.036099 0.665835 0.034792
0.038141 0.039177 0.037969 0.037631 0.037065 0.038200 0.039530 0.043539 0.037717 0.037986 0.573804 0.039242
0.039869 0.032203 0.033930 0.031712 0.032123 0.031767 0.033132 0.032611 0.031704 0.036850 0.628722 0.035377
0.039167 0.033055 0.036350 0.033156 0.033426 0.034350 0.033561 0.034488 0.033275 0.037612 0.612431 0.039130
0.036986 0.031135 0.036007 0.031419 0.032040 0.033794 0.031618 0.033544 0.031609 0.035639 0.635394 0.030814
0.038159 0.031584 0.034784 0.030571 0.031582 0.030466 0.031762 0.034658 0.030658 0.035385 0.639885 0.030507
0.036006 0.039168 0.041247 0.035391 0.037200 0.035784 0.035730 0.037372 0.035942 0.038101 0.588733 0.039327
0.026342 0.029780 0.031501 0.026381 0.027474 0.026643 0.026823 0.029111 0.026963 0.034199 0.688608 0.026176
0.038305 0.038771 0.041227 0.035880 0.037133 0.035821 0.036913 0.037281 0.035815 0.038102 0.588806 0.035946
0.044655 0.038350 0.041412 0.036436 0.038333 0.037263 0.039432 0.040683 0.037268 0.042751 0.558230 0.045186
0.040489 0.031908 0.034867 0.032406 0.032819 0.032821 0.033211 0.041452 0.033370 0.038691 0.610743 0.037223
0.036330 0.036345 0.038117 0.037064 0.036713 0.037027 0.037212 0.041543 0.037124 0.040772 0.584805 0.036947
0.037900 0.038978 0.040276 0.036731 0.037287 0.039834 0.037972 0.046300 0.036979 0.050964 0.552598 0.044180
0.036782 0.038770 0.041195 0.036603 0.037036 0.036731 0.038475 0.040959 0.036813 0.043048 0.574610 0.038977
0.037716 0.038118 0.039684 0.038030 0.038290 0.038110 0.039805 0.041823 0.038056 0.041297 0.563042 0.046027
0.033450 0.032963 0.034162 0.029831 0.031210 0.030898 0.031916 0.035448 0.030841 0.035706 0.640225 0.033351
0.044632 0.034442 0.037783 0.034139 0.034821 0.034404 0.034166 0.040095 0.034196 0.036837 0.595104 0.039380
0.041287 0.033518 0.034668 0.034061 0.033846 0.034727 0.034203 0.037049 0.034124 0.036612 0.609969 0.035937
0.037927 0.036872 0.036935 0.035405 0.035426 0.035450 0.036290 0.036107 0.035411 0.037235 0.600945 0.035996
0.033755 0.035107 0.035518 0.033974 0.033913 0.034972 0.034275 0.038727 0.034135 0.039494 0.609782 0.036349
0.037859 0.036050 0.037922 0.035957 0.035990 0.036083 0.036269 0.040022 0.036090 0.040987 0.591169 0.035603
0.035318 0.037227 0.040492 0.034935 0.035908 0.035609 0.037291 0.039764 0.035103 0.039268 0.592690 0.036396
0.047856 0.049617 0.040853 0.038556 0.039055 0.038498 0.040614 0.046930 0.038841 0.041467 0.531404 0.046308
0.035533 0.034822 0.037427 0.035099 0.035380 0.035380 0.036496 0.044770 0.035962 0.037583 0.588929 0.042621
0.038155 0.031333 0.034786 0.030960 0.031129 0.031083 0.032348 0.038322 0.031036 0.033652 0.628358 0.038836
0.042443 0.032613 0.034359 0.032320 0.032865 0.033859 0.032740 0.034639 0.032483 0.035529 0.621959 0.034193
0.037028 0.034271 0.037062 0.032735 0.033870 0.033890 0.034672 0.036048 0.033518 0.038295 0.614763 0.033848
0.042227 0.038084 0.039242 0.036696 0.037306 0.038064 0.038183 0.040415 0.036745 0.038121 0.575074 0.039842
0.038837 0.036131 0.034326 0.032856 0.033393 0.032862 0.034114 0.039233 0.033474 0.036604 0.607508 0.040665
0.040097 0.040035 0.040294 0.037252 0.037420 0.038158 0.038206 0.039984 0.037341 0.040947 0.565299 0.044967
0.035744 0.033611 0.031241 0.029567 0.029669 0.029454 0.030342 0.038771 0.029553 0.032305 0.647149 0.032593
0.034552 0.041656 0.033747 0.033346 0.033067 0.033899 0.034643 0.035960 0.033414 0.037083 0.607170 0.041464
0.035347 0.036211 0.039142 0.035335 0.036147 0.036509 0.038475 0.038979 0.035312 0.037706 0.590332 0.040506
0.028792 0.028800 0.029719 0.029115 0.028927 0.032237 0.029219 0.031427 0.029165 0.032657 0.668369 0.031572
0.039139 0.036245 0.038796 0.035858 0.036191 0.036984 0.037333 0.039120 0.035931 0.037255 0.590360 0.036787
0.034937 0.032202 0.032713 0.031672 0.031620 0.031805 0.032521 0.035718 0.031746 0.033259 0.632453 0.039355
0.033576 0.032831 0.032659 0.032251 0.031677 0.032159 0.032654 0.036621 0.032397 0.034624 0.633920 0.034631
0.034353 0.033066 0.034588 0.032688 0.032826 0.032660 0.034496 0.033615 0.032715 0.034196 0.630785 0.034011
0.029213 0.028050 0.029054 0.027401 0.027528 0.028041 0.027840 0.032093 0.027514 0.032276 0.682414 0.028576
0.034507 0.035206 0.035993 0.035170 0.034884 0.035381 0.036918 0.041311 0.035276 0.036212 0.602738 0.036402
0.040135 0.033108 0.034629 0.033065 0.033108 0.032972 0.034753 0.038056 0.033152 0.034922 0.610596 0.041504
0.035828 0.031003 0.033177 0.031308 0.031392 0.031514 0.032956 0.039158 0.031438 0.033864 0.633661 0.034701
0.030498 0.030438 0.032910 0.030910 0.031108 0.030916 0.032536 0.033707 0.031055 0.034809 0.649024 0.032090
0.030809 0.030527 0.030624 0.029401 0.029402 0.029867 0.031453 0.034963 0.029480 0.031538 0.653945 0.037991
0.031196 0.031607 0.031560 0.030333 0.030432 0.030293 0.031881 0.032797 0.030386 0.031676 0.653621 0.034218
0.031957 0.032474 0.033432 0.032295 0.032213 0.032182 0.034080 0.037306 0.032356 0.033261 0.627574 0.040867
0.035867 0.029130 0.031350 0.029718 0.029788 0.032568 0.030793 0.033038 0.029702 0.031313 0.654860 0.031875
0.030669 0.033539 0.032060 0.030537 0.030536 0.030369 0.031441 0.033747 0.030538 0.032053 0.645023 0.039489
0.028866 0.030834 0.031321 0.028861 0.029023 0.029368 0.029860 0.031184 0.028893 0.030148 0.669519 0.032124
0.036265 0.038034 0.038855 0.035452 0.036368 0.035252 0.037291 0.037841 0.035419 0.037046 0.588504 0.043672
0.030733 0.030898 0.032118 0.030321 0.030839 0.030526 0.030816 0.033744 0.030742 0.032539 0.655164 0.031560
0.035922 0.033425 0.035146 0.033533 0.033594 0.033617 0.035720 0.036861 0.033517 0.038480 0.613508 0.036676
0.034409 0.034960 0.035689 0.033930 0.034074 0.034659 0.035329 0.038986 0.033896 0.039258 0.602740 0.042072
0.032430 0.032743 0.036567 0.032218 0.032812 0.032270 0.033059 0.036491 0.032228 0.039561 0.619968 0.039653
0.037294 0.038230 0.039076 0.036334 0.037096 0.037410 0.037439 0.038885 0.036378 0.037499 0.580643 0.043715
0.033386 0.034593 0.032370 0.030094 0.031121 0.031231 0.032181 0.029965 0.030966 0.035864 0.643971 0.034259
0.033312 0.033317 0.036571 0.032734 0.033079 0.038126 0.034472 0.037486 0.032795 0.034258 0.611570 0.042280
0.035908 0.035874 0.039816 0.036418 0.037537 0.036992 0.038066 0.040270 0.036551 0.040627 0.583571 0.038371
0.031384 0.036134 0.033698 0.031880 0.032383 0.032198 0.033786 0.033202 0.032526 0.037959 0.624551 0.040299
0.032288 0.032898 0.031653 0.031065 0.030850 0.031422 0.031814 0.033757 0.031104 0.031760 0.647072 0.034317
0.036052 0.031955 0.033105 0.031516 0.031588 0.031499 0.031684 0.032215 0.031492 0.039635 0.637391 0.031870
0.037396 0.038753 0.041118 0.036977 0.037632 0.037683 0.038131 0.039425 0.037002 0.040522 0.577793 0.037567
0.038830 0.036132 0.036617 0.034013 0.034682 0.033750 0.036697 0.035260 0.034001 0.037510 0.603607 0.038900
0.037947 0.038588 0.035422 0.034857 0.034535 0.035012 0.036499 0.041483 0.034949 0.035903 0.591671 0.043134
0.033281 0.035512 0.039076 0.033218 0.034062 0.039417 0.034000 0.038232 0.033201 0.035602 0.603931 0.040468
0.035547 0.037475 0.035110 0.030633 0.031559 0.030970 0.031048 0.032729 0.030695 0.036457 0.636276 0.031501
0.036323 0.035600 0.040439 0.035007 0.036721 0.036064 0.037601 0.037409 0.035757 0.037819 0.594949 0.036310
0.044100 0.036550 0.039960 0.035697 0.037169 0.036615 0.037804 0.036920 0.036295 0.039304 0.580256 0.039329
0.030753 0.030636 0.033787 0.029941 0.030636 0.033813 0.030571 0.038403 0.030835 0.034370 0.645120 0.031135
0.043544 0.040060 0.042291 0.039592 0.040208 0.039595 0.041186 0.044452 0.039652 0.044216 0.544836 0.040368
0.034907 0.032372 0.031251 0.027122 0.028346 0.027432 0.029153 0.036045 0.027858 0.035590 0.656637 0.033287
0.042558 0.039356 0.041636 0.039532 0.039840 0.039639 0.039831 0.047232 0.039637 0.044925 0.539791 0.046023
0.033235 0.035321 0.038206 0.033588 0.034903 0.035673 0.035785 0.037188 0.034544 0.040481 0.606433 0.034642
0.045028 0.035797 0.038697 0.033972 0.034509 0.039898 0.035937 0.037525 0.034028 0.040555 0.586177 0.037877
0.043445 0.040751 0.044337 0.039613 0.040756 0.040408 0.041169 0.039420 0.039676 0.043799 0.543740 0.042886
0.041541 0.033039 0.035250 0.032947 0.033373 0.033129 0.034761 0.034986 0.033260 0.040451 0.608135 0.039128
0.040314 0.036700 0.040222 0.036604 0.037083 0.037320 0.036748 0.039137 0.036731 0.040976 0.574746 0.043420
0.031146 0.039533 0.033120 0.030309 0.030532 0.034761 0.030447 0.032672 0.030285 0.036658 0.639720 0.030816
0.043434 0.041818 0.049418 0.041289 0.043023 0.041610 0.041566 0.042313 0.041339 0.049911 0.524140 0.040139
0.049478 0.040996 0.045173 0.039992 0.041570 0.040590 0.040655 0.042126 0.040582 0.044299 0.535420 0.039119
0.033714 0.034193 0.036166 0.033917 0.034482 0.034479 0.034632 0.042013 0.034976 0.043193 0.603299 0.034935
0.051591 0.040526 0.042654 0.039137 0.039089 0.045561 0.042071 0.049845 0.039338 0.041476 0.527457 0.041255
0.037817 0.040655 0.038735 0.035207 0.036041 0.035260 0.035675 0.042164 0.035441 0.045347 0.581821 0.035838
0.043771 0.038781 0.040420 0.037477 0.038019 0.038650 0.039080 0.049246 0.038406 0.045859 0.552651 0.037641
0.040766 0.032997 0.034497 0.033005 0.033001 0.033628 0.034257 0.035755 0.033071 0.035485 0.617987 0.035550
0.049715 0.035163 0.037034 0.032873 0.033156 0.036627 0.033468 0.041230 0.033102 0.039138 0.588104 0.040390
0.045104 0.039849 0.046067 0.038638 0.040331 0.039787 0.040222 0.041231 0.038713 0.042318 0.548708 0.039032
0.054677 0.032623 0.036443 0.032099 0.033558 0.032287 0.034732 0.038612 0.032709 0.036230 0.595726 0.040304
0.034424 0.030702 0.032294 0.030719 0.031002 0.030856 0.033487 0.034324 0.031226 0.032740 0.642728 0.035498
0.035253 0.035071 0.038336 0.034228 0.034758 0.035473 0.034351 0.038449 0.034298 0.037879 0.601057 0.040846
0.029583 0.030344 0.031616 0.028697 0.028970 0.029561 0.029006 0.032014 0.028818 0.035651 0.667331 0.028410
0.038362 0.040332 0.040675 0.038232 0.039010 0.038115 0.040061 0.042108 0.038382 0.040669 0.564723 0.039330
0.033100 0.033837 0.035492 0.032478 0.032935 0.033876 0.035263 0.038199 0.032927 0.035516 0.619430 0.036948
0.040381 0.039718 0.042533 0.038472 0.038990 0.039938 0.038817 0.047982 0.038555 0.040878 0.553585 0.040151
0.034502 0.046769 0.038225 0.033893 0.035083 0.035274 0.035419 0.037188 0.034743 0.041851 0.592649 0.034405
0.034702 0.034851 0.035530 0.034438 0.034290 0.035892 0.035487 0.043016 0.034657 0.041870 0.597748 0.037517
0.034429 0.037163 0.035624 0.034938 0.034653 0.035009 0.036844 0.041209 0.035037 0.036928 0.594606 0.043561
0.037716 0.032159 0.034558 0.032477 0.032715 0.032566 0.032638 0.033266 0.032572 0.040341 0.624217 0.034777
0.033188 0.036154 0.037059 0.033248 0.033811 0.033197 0.033551 0.039031 0.033372 0.037413 0.617227 0.032747
0.035592 0.034677 0.036029 0.035136 0.035041 0.036532 0.037258 0.034802 0.035173 0.037163 0.605619 0.036977
0.038751 0.040430 0.041189 0.037813 0.038141 0.037836 0.039309 0.044381 0.037823 0.039655 0.558792 0.045881
0.033428 0.033310 0.034156 0.032680 0.032502 0.032875 0.033950 0.037227 0.032837 0.033877 0.628870 0.034288
0.029245 0.031287 0.031171 0.029034 0.029134 0.029007 0.029382 0.034397 0.029150 0.035776 0.661202 0.031215
0.037029 0.040949 0.031341 0.030801 0.030601 0.031618 0.032207 0.032248 0.030905 0.032017 0.638493 0.031790
0.030998 0.036673 0.032361 0.030981 0.031176 0.031073 0.031126 0.033915 0.031127 0.035393 0.643728 0.031450
0.036035 0.038325 0.037353 0.036197 0.036148 0.036059 0.039374 0.044531 0.036319 0.037748 0.583299 0.038613
0.043305 0.032490 0.035287 0.032511 0.033097 0.032311 0.034590 0.035423 0.032498 0.035213 0.611949 0.041326
0.032855 0.032099 0.034721 0.032322 0.032357 0.032524 0.033747 0.045695 0.032569 0.034622 0.617857 0.038629
0.036089 0.035094 0.037912 0.035717 0.035990 0.035753 0.037365 0.038544 0.035775 0.037197 0.597538 0.037025
0.029398 0.027906 0.029071 0.026805 0.027513 0.028217 0.028293 0.032913 0.027536 0.030171 0.679832 0.032346
0.032746 0.036646 0.032220 0.030968 0.031195 0.031529 0.032455 0.033638 0.030999 0.032335 0.637918 0.037351
0.034830 0.034042 0.035434 0.033817 0.034112 0.033740 0.035635 0.038745 0.033982 0.035750 0.608619 0.041295
0.037078 0.031994 0.033238 0.031550 0.031585 0.032302 0.033073 0.032495 0.031641 0.032933 0.636853 0.035256
0.032679 0.032769 0.036511 0.032519 0.033111 0.035754 0.033644 0.037447 0.032513 0.034934 0.617981 0.040139
0.033959 0.033991 0.036431 0.034335 0.034543 0.042598 0.034445 0.038207 0.034351 0.035444 0.601038 0.040658
0.042624 0.038338 0.042110 0.037370 0.039014 0.037574 0.037854 0.040909 0.038080 0.042520 0.567032 0.036574
0.030015 0.031930 0.032354 0.029029 0.029840 0.031141 0.031487 0.033295 0.029297 0.033430 0.657182 0.030998
0.034733 0.040242 0.038608 0.033794 0.034849 0.034661 0.035612 0.036628 0.033739 0.035766 0.604012 0.037355
0.040667 0.037456 0.039724 0.035180 0.036884 0.035307 0.037483 0.038589 0.036006 0.039675 0.584311 0.038716
0.030540 0.031313 0.031645 0.029924 0.030226 0.030301 0.030317 0.032172 0.030623 0.033511 0.653482 0.035945
0.038286 0.035698 0.035395 0.034883 0.034542 0.034822 0.035839 0.038479 0.034834 0.036585 0.599041 0.041597
0.038046 0.037301 0.038150 0.035445 0.035852 0.035461 0.037274 0.036190 0.035454 0.041461 0.585846 0.043521
0.037692 0.041298 0.039077 0.036014 0.036413 0.042254 0.037779 0.040001 0.036051 0.040252 0.574345 0.038822
0.033735 0.033753 0.035447 0.033141 0.033445 0.032971 0.035277 0.033544 0.033094 0.035930 0.622098 0.037566
0.033847 0.036246 0.035708 0.031303 0.032291 0.032459 0.034596 0.038380 0.031397 0.034330 0.618356 0.041088
0.034297 0.037750 0.041351 0.034683 0.036166 0.039392 0.034826 0.037849 0.034820 0.037140 0.595241 0.036488
0.033555 0.033236 0.037382 0.033695 0.034966 0.033978 0.034124 0.036285 0.033942 0.037125 0.618842 0.032870
0.032565 0.035369 0.034342 0.032299 0.032790 0.032620 0.033602 0.036063 0.032757 0.034470 0.629860 0.033264
0.035193 0.036874 0.036556 0.033145 0.033522 0.034878 0.033268 0.038329 0.033122 0.039253 0.610294 0.035568
0.039388 0.046527 0.042670 0.039498 0.040084 0.039621 0.039775 0.044349 0.039645 0.046889 0.542621 0.038935
0.034517 0.030891 0.034514 0.031547 0.032056 0.031662 0.033415 0.038633 0.031837 0.035346 0.633085 0.032499
0.035399 0.036533 0.034188 0.033672 0.033189 0.033755 0.035041 0.038182 0.033848 0.037231 0.607362 0.041600
0.038056 0.037996 0.040824 0.038438 0.038264 0.038381 0.039411 0.046882 0.038620 0.041065 0.556373 0.045690
0.036233 0.038192 0.039078 0.035314 0.035842 0.040293 0.035724 0.039264 0.035474 0.039940 0.586192 0.038454
0.032439 0.032789 0.031853 0.030633 0.030725 0.031507 0.033376 0.032179 0.030802 0.035016 0.645937 0.032744
0.034566 0.031472 0.032972 0.031686 0.031999 0.032860 0.034083 0.037172 0.031725 0.034125 0.626503 0.040837
0.034725 0.037450 0.037256 0.034700 0.034950 0.037822 0.034833 0.039379 0.034870 0.039554 0.592974 0.041487
0.032084 0.030876 0.032749 0.029842 0.029995 0.031518 0.030013 0.033024 0.029912 0.031847 0.658633 0.029506
0.039738 0.039356 0.041818 0.038705 0.039708 0.039947 0.039779 0.039598 0.038821 0.040840 0.562928 0.038763
0.032836 0.033465 0.035670 0.031313 0.032219 0.032314 0.033560 0.037614 0.032071 0.034572 0.619658 0.044707
0.038930 0.035726 0.039000 0.035627 0.036235 0.035712 0.035872 0.037904 0.035739 0.038622 0.592834 0.037800
0.032605 0.033696 0.034717 0.030717 0.031630 0.032256 0.033110 0.031103 0.031353 0.035413 0.641572 0.031827
0.038768 0.041041 0.037265 0.034941 0.035457 0.035436 0.036462 0.040202 0.035064 0.039158 0.588060 0.038146
0.037442 0.033519 0.034799 0.033331 0.033478 0.033310 0.034464 0.038912 0.033869 0.038883 0.607133 0.040860
0.037053 0.035732 0.036965 0.035862 0.035738 0.036117 0.035985 0.037646 0.036005 0.042821 0.589430 0.040645
0.035156 0.036181 0.039432 0.033649 0.034852 0.035442 0.036411 0.038308 0.033825 0.040415 0.600945 0.035383
0.039756 0.038479 0.040780 0.037688 0.038209 0.038915 0.039513 0.040046 0.037728 0.043113 0.560273 0.045501
0.037739 0.042275 0.043835 0.037451 0.039564 0.041255 0.039693 0.040269 0.038150 0.040893 0.557961 0.040913
0.037033 0.032577 0.033812 0.031858 0.032865 0.032095 0.033647 0.038591 0.032706 0.034629 0.619802 0.040385
0.041414 0.042003 0.042301 0.038975 0.039194 0.041554 0.039151 0.041272 0.039123 0.043142 0.546110 0.045761
0.033590 0.037740 0.037851 0.033990 0.034454 0.033906 0.035371 0.036374 0.034018 0.038752 0.604133 0.039823
0.038737 0.036688 0.039973 0.037198 0.037964 0.038315 0.037444 0.041826 0.037335 0.047608 0.565544 0.041368
0.036795 0.035613 0.038646 0.034655 0.035558 0.035755 0.037005 0.038530 0.035546 0.037662 0.598190 0.036044
0.037607 0.039159 0.044664 0.038615 0.039953 0.038928 0.038837 0.043179 0.038739 0.044519 0.555676 0.040123
0.048165 0.052186 0.049606 0.042790 0.044964 0.045745 0.045598 0.053024 0.043619 0.049173 0.481544 0.043586
0.045407 0.042857 0.043078 0.040281 0.041428 0.040996 0.041836 0.041103 0.041459 0.047473 0.530843 0.043239
0.037281 0.034510 0.036075 0.034228 0.034370 0.034584 0.035948 0.045164 0.035222 0.038334 0.596776 0.037508
0.038323 0.036612 0.038250 0.036395 0.036670 0.036539 0.036445 0.039658 0.036504 0.046256 0.575005 0.043342
0.046267 0.040676 0.042491 0.038257 0.038846 0.038361 0.038573 0.041338 0.038403 0.050871 0.548103 0.037813
0.039168 0.042348 0.039371 0.038180 0.038149 0.037986 0.039762 0.039123 0.038269 0.040715 0.567509 0.039419
0.045399 0.039831 0.043899 0.038430 0.039282 0.041026 0.040226 0.047763 0.038475 0.045027 0.533858 0.046785
0.042488 0.050553 0.047568 0.042526 0.043364 0.042301 0.045015 0.044299 0.042575 0.044494 0.508600 0.046218
0.039375 0.032821 0.034880 0.030872 0.032038 0.032407 0.031786 0.038005 0.031418 0.037480 0.622804 0.036113
0.038245 0.039145 0.038426 0.035352 0.035667 0.037159 0.035762 0.038868 0.035542 0.038330 0.592421 0.035084
0.043536 0.036832 0.039590 0.036914 0.037606 0.036859 0.037132 0.040271 0.037017 0.043569 0.574493 0.036183
0.037565 0.037146 0.041017 0.035914 0.037094 0.037777 0.036679 0.043224 0.036950 0.045489 0.575647 0.035498
0.036867 0.037328 0.041017 0.037590 0.038103 0.037583 0.037804 0.042418 0.037563 0.039498 0.577301 0.036927
0.039238 0.038584 0.037719 0.035643 0.036114 0.036000 0.037393 0.042622 0.036620 0.042953 0.580856 0.036258
0.047961 0.049696 0.044653 0.041973 0.041611 0.043301 0.043510 0.049976 0.042213 0.047707 0.497522 0.049878
0.040873 0.033607 0.034945 0.030924 0.031461 0.031855 0.032173 0.035491 0.031002 0.034917 0.623714 0.039036
0.044810 0.036447 0.040041 0.035384 0.036643 0.035647 0.038103 0.042168 0.035648 0.042946 0.570611 0.041553
0.042753 0.037482 0.042295 0.035406 0.038032 0.039817 0.035963 0.040415 0.036595 0.040240 0.574017 0.036984
0.037210 0.032855 0.034991 0.033224 0.033856 0.034362 0.033781 0.039603 0.034377 0.040068 0.611335 0.034339
0.042712 0.041515 0.044302 0.041603 0.041554 0.042671 0.042787 0.046661 0.041694 0.045138 0.527000 0.042364
0.036910 0.035335 0.038158 0.034552 0.034911 0.038755 0.035677 0.035581 0.034609 0.045107 0.592701 0.037706
0.041404 0.043960 0.044915 0.041090 0.042020 0.042444 0.041456 0.045938 0.041324 0.053331 0.516906 0.045213
0.038674 0.038148 0.036820 0.033685 0.034498 0.033904 0.035852 0.033341 0.034168 0.038487 0.607292 0.035129
0.040601 0.035922 0.036697 0.033585 0.033965 0.035198 0.033820 0.038992 0.033733 0.041858 0.592679 0.042949
0.040204 0.041090 0.046506 0.040732 0.041290 0.044236 0.042440 0.047846 0.040921 0.044034 0.529300 0.041401
0.038832 0.039122 0.044204 0.039533 0.040731 0.039690 0.039752 0.043831 0.039607 0.043584 0.545442 0.045670
0.036481 0.035185 0.034570 0.033568 0.033669 0.034723 0.035390 0.042144 0.034462 0.038696 0.606900 0.034212
0.030288 0.030288 0.030873 0.029900 0.029721 0.029940 0.029996 0.033581 0.029960 0.034558 0.660805 0.030091
0.039005 0.046782 0.039986 0.034965 0.035712 0.041416 0.035388 0.037007 0.035207 0.045071 0.575184 0.034276
0.040097 0.045892 0.043162 0.039917 0.040798 0.040600 0.042231 0.042678 0.040021 0.044877 0.538367 0.041361
0.036601 0.043160 0.039751 0.036211 0.037103 0.036719 0.037862 0.043527 0.037421 0.041391 0.570885 0.039368
0.039855 0.043704 0.037257 0.036093 0.035409 0.036227 0.037189 0.042715 0.036215 0.038132 0.578901 0.038302
0.030502 0.030377 0.034937 0.030720 0.031230 0.030934 0.031213 0.037948 0.030936 0.037706 0.643018 0.030479
0.035683 0.036289 0.036600 0.035159 0.035373 0.035108 0.037138 0.044446 0.035495 0.042282 0.590182 0.036244
0.035021 0.036754 0.036253 0.032590 0.033195 0.033782 0.034747 0.035141 0.032710 0.034955 0.613463 0.041389
0.039871 0.043454 0.042052 0.036808 0.037977 0.037342 0.039094 0.041906 0.036840 0.040735 0.558779 0.045142
0.038763 0.038358 0.040232 0.033635 0.035694 0.035269 0.034115 0.036266 0.034496 0.039618 0.593845 0.039710
