0.039754 0.056324 0.051300 0.045687 0.055205 0.043934 0.043368 0.048664 0.044838 0.043289 0.488464 0.039172
0.054581 0.042970 0.046522 0.045024 0.039833 0.043396 0.039706 0.045937 0.039136 0.039671 0.525901 0.037323
0.045898 0.072582 0.054159 0.046314 0.049928 0.047230 0.044868 0.044603 0.045917 0.045822 0.461693 0.040986
0.042442 0.076152 0.051952 0.046304 0.054434 0.044080 0.042774 0.045910 0.044551 0.043595 0.467960 0.039845
0.052374 0.046689 0.055916 0.050711 0.060513 0.044649 0.046944 0.046981 0.048605 0.047663 0.456775 0.042178
0.040415 0.043014 0.052481 0.042212 0.055831 0.042938 0.042837 0.047116 0.044959 0.045262 0.503405 0.039531
0.040887 0.044440 0.050107 0.046634 0.043355 0.048672 0.042929 0.044498 0.041890 0.042827 0.514872 0.038889
0.061264 0.039290 0.049036 0.042168 0.054009 0.040386 0.039468 0.039826 0.043145 0.041059 0.514060 0.036289
0.070882 0.042305 0.053526 0.045619 0.050195 0.044168 0.042812 0.050159 0.042969 0.044647 0.471991 0.040728
0.055599 0.048037 0.055933 0.047722 0.057924 0.049887 0.048096 0.050900 0.051296 0.048388 0.443641 0.042578
0.047194 0.050799 0.054703 0.049984 0.050485 0.049928 0.046188 0.049306 0.046905 0.047482 0.464717 0.042310
0.059098 0.051778 0.053563 0.045094 0.048858 0.041829 0.043245 0.046127 0.044253 0.044765 0.481620 0.039771
0.044994 0.064496 0.047569 0.047933 0.047132 0.047207 0.042034 0.042717 0.042910 0.042352 0.491701 0.038956
0.077572 0.050817 0.057109 0.053715 0.050578 0.052840 0.046990 0.047630 0.048494 0.046894 0.425279 0.042081
0.070842 0.058656 0.051781 0.049354 0.053311 0.053485 0.042367 0.047076 0.045188 0.043306 0.444888 0.039746
0.055576 0.042122 0.055089 0.049010 0.057601 0.048325 0.043922 0.045143 0.046871 0.045605 0.471291 0.039445
0.041737 0.043840 0.051107 0.048420 0.050927 0.042101 0.043582 0.047793 0.042816 0.043347 0.504987 0.039342
0.042240 0.042402 0.050663 0.047853 0.044033 0.046759 0.042100 0.046934 0.042910 0.042868 0.512089 0.039150
0.041982 0.045947 0.052964 0.050812 0.053654 0.043549 0.044670 0.043346 0.045022 0.044754 0.492078 0.041221
0.041780 0.059017 0.051976 0.047924 0.056224 0.042873 0.042917 0.042490 0.045549 0.044164 0.485161 0.039925
0.045861 0.057739 0.053206 0.047858 0.056071 0.049972 0.045485 0.051562 0.046727 0.046660 0.456719 0.042140
0.044613 0.064412 0.052733 0.048228 0.055217 0.046043 0.044884 0.048968 0.045987 0.046465 0.461644 0.040807
0.047451 0.064781 0.051225 0.044367 0.047337 0.043606 0.040604 0.044966 0.042899 0.042808 0.491359 0.038597
0.044184 0.042496 0.052853 0.049398 0.051333 0.048642 0.043923 0.043015 0.043393 0.044754 0.495424 0.040588
0.049148 0.048341 0.053670 0.045385 0.058860 0.045622 0.044612 0.048929 0.047704 0.045144 0.471961 0.040624
0.041663 0.039499 0.050927 0.048771 0.042235 0.041329 0.042261 0.047164 0.041116 0.042347 0.523933 0.038755
0.043943 0.042604 0.050591 0.048250 0.052370 0.047236 0.041391 0.041433 0.043219 0.042928 0.506934 0.039101
0.039888 0.055897 0.049845 0.048602 0.051870 0.046631 0.042087 0.046081 0.042796 0.042524 0.495495 0.038286
0.043500 0.052813 0.054151 0.050963 0.055556 0.045473 0.044814 0.047472 0.045687 0.045887 0.472784 0.040901
0.038796 0.049888 0.051510 0.045241 0.046827 0.039717 0.041268 0.043589 0.042238 0.043652 0.519544 0.037728
0.040480 0.075096 0.050561 0.039708 0.043876 0.045135 0.040070 0.039739 0.039774 0.041496 0.508062 0.036003
0.057116 0.039377 0.051326 0.044946 0.049359 0.044133 0.041874 0.046374 0.042055 0.042372 0.502978 0.038091
0.083253 0.042449 0.049126 0.046017 0.052882 0.045614 0.040914 0.047824 0.044194 0.042583 0.466409 0.038736
0.047394 0.042482 0.052271 0.046836 0.055589 0.042666 0.041874 0.046091 0.044876 0.043063 0.499822 0.037037
0.042190 0.039717 0.049675 0.049465 0.054950 0.044163 0.042652 0.048311 0.045763 0.042625 0.501903 0.038587
0.054476 0.046737 0.049396 0.047364 0.051749 0.043377 0.041512 0.044978 0.042520 0.042324 0.497442 0.038128
0.050969 0.052653 0.051336 0.044136 0.053231 0.043240 0.041516 0.046842 0.043725 0.041728 0.492484 0.038141
0.061291 0.058602 0.049863 0.047323 0.045016 0.047226 0.042979 0.047952 0.042990 0.042830 0.474692 0.039236
0.053597 0.041811 0.049139 0.042721 0.050351 0.041882 0.039876 0.045412 0.041777 0.040611 0.517093 0.035729
0.063002 0.059474 0.054923 0.057162 0.051692 0.055010 0.047425 0.051767 0.048013 0.046592 0.422826 0.042114
0.059085 0.054434 0.050595 0.044071 0.046846 0.043870 0.041601 0.043608 0.042317 0.042073 0.495109 0.036392
0.085828 0.042739 0.050130 0.046206 0.044512 0.046771 0.042553 0.043532 0.041827 0.042940 0.474173 0.038790
0.044052 0.047598 0.051513 0.044018 0.048856 0.044794 0.043155 0.047080 0.047590 0.043737 0.498381 0.039226
0.042434 0.054292 0.046553 0.042720 0.038711 0.038385 0.038937 0.043834 0.038006 0.038665 0.541445 0.036018
0.046591 0.052343 0.055843 0.055154 0.051549 0.052315 0.047480 0.047477 0.047459 0.047795 0.453193 0.042799
0.036588 0.071812 0.045171 0.046473 0.051893 0.044612 0.039956 0.039951 0.041300 0.039491 0.506869 0.035884
0.049736 0.051517 0.058756 0.059727 0.056431 0.052013 0.050368 0.056751 0.051644 0.050363 0.418155 0.044539
0.042132 0.065213 0.051833 0.040687 0.044980 0.042644 0.040345 0.042565 0.042289 0.042444 0.507555 0.037311
0.058359 0.051453 0.050469 0.044043 0.039238 0.046306 0.038793 0.039647 0.039934 0.039513 0.516650 0.035594
0.047294 0.050614 0.053562 0.053377 0.051205 0.053127 0.044701 0.044523 0.047465 0.045338 0.468465 0.040329
0.043438 0.043639 0.050652 0.041749 0.041101 0.045069 0.041076 0.045222 0.039803 0.041481 0.530168 0.036602
0.052528 0.044164 0.055644 0.051366 0.058980 0.046909 0.047788 0.044969 0.048112 0.047354 0.460293 0.041893
0.045312 0.056194 0.053222 0.046450 0.048778 0.043823 0.043047 0.043204 0.045247 0.045435 0.489635 0.039653
0.063107 0.052266 0.052982 0.042158 0.056102 0.042777 0.043290 0.044466 0.045023 0.044004 0.476118 0.037709
0.044303 0.057640 0.048369 0.039212 0.044175 0.041282 0.040017 0.042095 0.043614 0.041189 0.521425 0.036679
0.052455 0.046631 0.051899 0.054193 0.052999 0.052173 0.044307 0.046839 0.045929 0.043740 0.469330 0.039505
0.042952 0.054042 0.055942 0.052026 0.055420 0.050131 0.046216 0.049915 0.045834 0.046791 0.460756 0.039976
0.057199 0.069434 0.051078 0.044728 0.046243 0.043091 0.042668 0.043564 0.043191 0.043067 0.476811 0.038927
0.067570 0.047343 0.048875 0.045246 0.051321 0.041776 0.040841 0.043919 0.042369 0.041149 0.492519 0.037073
0.038485 0.038805 0.051616 0.046336 0.041179 0.046900 0.040839 0.047050 0.041177 0.041417 0.528630 0.037563
0.045722 0.040772 0.050082 0.053105 0.042214 0.054709 0.042277 0.041772 0.042471 0.041832 0.506001 0.039042
0.039280 0.039237 0.049912 0.048087 0.052216 0.046282 0.041908 0.041258 0.042700 0.042449 0.519327 0.037344
0.059741 0.049830 0.059686 0.055830 0.052963 0.054226 0.051124 0.050357 0.050567 0.050775 0.420569 0.044332
0.049675 0.048563 0.054920 0.042211 0.058877 0.046475 0.044788 0.047067 0.046822 0.046826 0.473681 0.040096
0.043157 0.045199 0.052598 0.039089 0.048098 0.045294 0.041525 0.045609 0.042994 0.044316 0.514332 0.037789
0.070842 0.042280 0.049543 0.039504 0.042468 0.040021 0.038605 0.039484 0.041470 0.039578 0.521815 0.034391
0.044550 0.053213 0.045271 0.049669 0.039594 0.042604 0.039550 0.045326 0.039845 0.039078 0.524406 0.036894
0.043780 0.043782 0.059112 0.054612 0.051357 0.052645 0.047513 0.047601 0.049193 0.047266 0.462543 0.040597
0.051522 0.062372 0.052240 0.049431 0.054192 0.051509 0.044030 0.044857 0.045810 0.043566 0.460677 0.039792
0.055235 0.046106 0.055824 0.046441 0.058780 0.045412 0.045292 0.049860 0.047627 0.047076 0.462768 0.039579
0.044657 0.045327 0.051625 0.044759 0.055708 0.045542 0.042714 0.045566 0.044650 0.044228 0.496332 0.038893
0.040912 0.036294 0.048248 0.045430 0.040079 0.043107 0.039609 0.044823 0.038590 0.039770 0.547604 0.035534
0.054430 0.040481 0.048008 0.046535 0.050598 0.044595 0.041572 0.040981 0.041821 0.041327 0.511559 0.038092
0.058668 0.053834 0.056591 0.047812 0.056481 0.052727 0.047106 0.048209 0.047341 0.047645 0.440806 0.042779
0.043055 0.054229 0.050742 0.042030 0.057564 0.047580 0.044287 0.046915 0.045722 0.044183 0.484074 0.039618
0.041345 0.051383 0.055518 0.049906 0.055686 0.047519 0.046198 0.051188 0.047222 0.047332 0.465801 0.040901
0.040281 0.048687 0.050831 0.053082 0.047057 0.044855 0.043571 0.048804 0.046888 0.043738 0.493031 0.039174
0.043184 0.039808 0.050071 0.043491 0.040584 0.039426 0.040421 0.045404 0.039373 0.040844 0.541322 0.036073
0.050542 0.042144 0.055469 0.046150 0.046609 0.045979 0.043665 0.043947 0.043805 0.044967 0.496028 0.040696
0.057020 0.050080 0.052384 0.045166 0.043738 0.049822 0.041998 0.047081 0.043370 0.043531 0.485788 0.040021
0.044970 0.049933 0.060133 0.055096 0.065553 0.050775 0.049957 0.047984 0.053523 0.051069 0.427100 0.043908
0.042631 0.054142 0.053140 0.044267 0.057012 0.042927 0.044468 0.048528 0.046314 0.046330 0.478919 0.041323
0.057848 0.046439 0.053745 0.044905 0.054253 0.044527 0.047058 0.050340 0.047972 0.047230 0.464151 0.041533
0.051632 0.051679 0.059698 0.050390 0.053703 0.051437 0.048640 0.052871 0.050218 0.049667 0.436403 0.043662
0.056779 0.069586 0.052010 0.046326 0.055185 0.052412 0.041504 0.043165 0.045240 0.042961 0.456366 0.038466
0.042479 0.052640 0.052081 0.045498 0.047159 0.046892 0.042668 0.049585 0.045863 0.044467 0.491377 0.039291
0.051637 0.047720 0.060064 0.051595 0.048393 0.052260 0.046528 0.052233 0.049026 0.047595 0.450439 0.042509
0.051504 0.042749 0.054172 0.050347 0.045139 0.056929 0.044553 0.048556 0.045343 0.044750 0.474765 0.041192
0.050581 0.049083 0.060387 0.050003 0.051237 0.051481 0.048184 0.046499 0.048430 0.048893 0.451889 0.043333
0.049464 0.046053 0.056600 0.051756 0.053058 0.056151 0.045584 0.045083 0.047988 0.045866 0.460159 0.042238
0.054708 0.046007 0.056454 0.051743 0.048838 0.056714 0.047153 0.051446 0.048242 0.047881 0.448856 0.041957
0.054035 0.047408 0.060066 0.050771 0.060243 0.052271 0.048822 0.046689 0.050783 0.050243 0.435945 0.042722
0.047614 0.052209 0.055328 0.050625 0.056938 0.052729 0.044085 0.051021 0.047608 0.045772 0.454661 0.041411
0.052232 0.047898 0.057512 0.048328 0.056909 0.049571 0.047363 0.050978 0.048297 0.049018 0.450313 0.041581
0.059512 0.055683 0.059050 0.056841 0.051450 0.054677 0.051085 0.055811 0.050665 0.051443 0.407858 0.045925
0.036299 0.042214 0.047804 0.043109 0.039059 0.041781 0.038064 0.041372 0.037468 0.039230 0.559547 0.034053
0.056666 0.052360 0.053508 0.053148 0.051053 0.049081 0.048254 0.048452 0.048564 0.046544 0.448482 0.043888
0.072444 0.063862 0.056511 0.057231 0.060645 0.053627 0.049061 0.051371 0.051412 0.050023 0.388613 0.045201
0.049668 0.044625 0.055694 0.055062 0.049645 0.045871 0.047620 0.052974 0.047374 0.048018 0.461738 0.041709
0.066351 0.046098 0.056396 0.050360 0.057145 0.048440 0.047208 0.046744 0.047508 0.048785 0.441768 0.043197
0.048545 0.056780 0.048016 0.045946 0.040936 0.039035 0.039704 0.038804 0.039609 0.040290 0.525560 0.036775
0.047968 0.059860 0.061624 0.057079 0.053873 0.052185 0.051691 0.050055 0.051353 0.052110 0.415855 0.046347
0.055102 0.044170 0.056526 0.044147 0.060433 0.047123 0.046838 0.044831 0.049688 0.048622 0.459591 0.042929
0.043196 0.043601 0.053794 0.045778 0.048658 0.043571 0.044216 0.043897 0.046084 0.045770 0.500400 0.041035
0.054660 0.048611 0.061269 0.056718 0.065153 0.055506 0.052608 0.049849 0.053576 0.053562 0.402060 0.046429
0.037048 0.066898 0.050857 0.038580 0.042872 0.038931 0.039967 0.044964 0.039702 0.042558 0.521271 0.036352
0.049667 0.049546 0.059267 0.053003 0.059283 0.048881 0.047806 0.046387 0.049568 0.050057 0.442618 0.043918
0.042028 0.044495 0.054223 0.048371 0.056754 0.049178 0.044891 0.047095 0.046849 0.046663 0.478024 0.041427
0.043251 0.048485 0.055762 0.051087 0.048317 0.048445 0.045872 0.045380 0.044969 0.046087 0.481722 0.040623
0.053785 0.044293 0.054110 0.045685 0.058268 0.043978 0.045740 0.043683 0.047937 0.047475 0.472590 0.042455
0.042577 0.043366 0.053379 0.051448 0.052344 0.043380 0.044167 0.050063 0.043981 0.045945 0.488630 0.040721
0.043923 0.057327 0.055009 0.048087 0.058766 0.046292 0.045100 0.049601 0.048210 0.047140 0.459319 0.041225
0.044917 0.063705 0.052240 0.051323 0.055537 0.051258 0.044449 0.050423 0.048704 0.047061 0.448081 0.042303
0.044593 0.040703 0.052507 0.044771 0.052122 0.038601 0.038821 0.044448 0.041053 0.041884 0.525029 0.035468
0.047642 0.044262 0.055301 0.049067 0.045123 0.049756 0.043923 0.049617 0.045674 0.045052 0.483824 0.040758
0.047885 0.051870 0.057180 0.056167 0.050366 0.057815 0.047268 0.047171 0.050518 0.047823 0.441886 0.044052
0.075432 0.047012 0.053146 0.044039 0.048748 0.045277 0.041935 0.044174 0.044449 0.044623 0.472229 0.038936
0.042523 0.066487 0.052419 0.048325 0.053324 0.047866 0.043271 0.043513 0.044072 0.044009 0.474355 0.039835
0.056647 0.042591 0.048036 0.046474 0.056065 0.046016 0.040555 0.044320 0.045683 0.041565 0.494152 0.037896
0.044105 0.048958 0.053860 0.057059 0.055887 0.053012 0.046960 0.054442 0.047391 0.047043 0.448924 0.042359
0.040604 0.041716 0.051661 0.050423 0.054596 0.048166 0.043864 0.050499 0.044438 0.043827 0.490066 0.040140
0.041381 0.046232 0.052732 0.042839 0.045359 0.043343 0.042384 0.047604 0.041934 0.042610 0.513796 0.039786
0.047890 0.047348 0.057450 0.055572 0.055275 0.054603 0.047513 0.052349 0.047710 0.047546 0.443958 0.042787
0.042790 0.041868 0.051160 0.047843 0.042110 0.046017 0.041641 0.047015 0.041079 0.042639 0.517705 0.038133
0.045966 0.043602 0.051684 0.050399 0.047806 0.048697 0.043470 0.043632 0.044557 0.043798 0.495671 0.040718
0.079286 0.046427 0.052833 0.044952 0.049077 0.047649 0.045000 0.047882 0.045156 0.045850 0.454953 0.040935
0.045949 0.046340 0.054469 0.054289 0.049590 0.051525 0.046881 0.051257 0.047436 0.047267 0.462753 0.042246
0.043323 0.044730 0.052535 0.048035 0.057898 0.048707 0.044389 0.042646 0.048254 0.046542 0.481597 0.041344
0.046081 0.052239 0.051673 0.049848 0.048343 0.041927 0.042790 0.048132 0.043701 0.043681 0.492037 0.039549
0.054428 0.048722 0.057318 0.055745 0.062359 0.052682 0.049139 0.056387 0.051031 0.050597 0.417143 0.044450
0.052760 0.047673 0.055201 0.043919 0.051132 0.047075 0.045930 0.049599 0.046868 0.047862 0.469384 0.042596
0.071181 0.045025 0.052042 0.043996 0.050841 0.042707 0.040390 0.041480 0.043041 0.042699 0.488813 0.037784
0.050260 0.052171 0.051639 0.053373 0.048929 0.046295 0.044245 0.045655 0.045947 0.044764 0.475602 0.041120
0.039845 0.048459 0.052363 0.046078 0.043470 0.047640 0.043266 0.047807 0.041847 0.043794 0.506820 0.038610
0.040586 0.047221 0.050958 0.049301 0.052734 0.047193 0.042342 0.042907 0.043528 0.043298 0.499799 0.040133
0.043670 0.044998 0.054867 0.053307 0.056468 0.045215 0.045138 0.045458 0.047112 0.046530 0.474996 0.042240
0.053722 0.057415 0.059618 0.056901 0.055061 0.048181 0.049904 0.054309 0.050718 0.050298 0.418842 0.045033
0.047707 0.065184 0.050546 0.041870 0.053745 0.043750 0.041443 0.040778 0.045048 0.043162 0.488111 0.038656
0.054434 0.061098 0.049133 0.048384 0.047658 0.047948 0.041927 0.048106 0.045821 0.043382 0.471769 0.040340
0.044671 0.076882 0.054460 0.055406 0.049898 0.047393 0.045091 0.046694 0.046869 0.045773 0.446887 0.039976
0.046223 0.057192 0.053722 0.051486 0.056275 0.049640 0.045505 0.049046 0.046858 0.045336 0.457471 0.041246
0.045121 0.056686 0.057785 0.045698 0.051284 0.046933 0.045620 0.046076 0.047652 0.046152 0.469415 0.041577
0.044644 0.074333 0.055655 0.054516 0.049121 0.048588 0.045301 0.048495 0.048911 0.046501 0.441739 0.042195
0.038020 0.040166 0.054078 0.045807 0.041801 0.045915 0.041887 0.046592 0.041719 0.042095 0.524699 0.037220
0.058434 0.046075 0.049480 0.053222 0.047701 0.050070 0.044319 0.045174 0.044614 0.043494 0.476216 0.041202
0.056284 0.054286 0.057677 0.052598 0.058695 0.048117 0.046465 0.050166 0.049190 0.048245 0.436535 0.041742
0.062194 0.071158 0.058149 0.054648 0.056734 0.053938 0.049426 0.054444 0.051972 0.050742 0.391275 0.045320
0.059351 0.050870 0.052876 0.041214 0.048010 0.044636 0.042835 0.045679 0.043869 0.045926 0.484952 0.039783
0.047530 0.050663 0.049097 0.043609 0.047004 0.042695 0.040264 0.040828 0.039333 0.041614 0.519794 0.037568
0.052471 0.043495 0.056047 0.054623 0.045262 0.050050 0.045819 0.052553 0.044576 0.046288 0.467250 0.041564
0.046271 0.052394 0.053561 0.047332 0.058707 0.045170 0.046297 0.046226 0.048721 0.046174 0.465945 0.043201
0.074369 0.046844 0.056664 0.054454 0.054011 0.049707 0.048180 0.055136 0.049529 0.048453 0.419136 0.043519
0.044100 0.046263 0.051632 0.051577 0.057510 0.049921 0.046242 0.044844 0.047177 0.046004 0.473220 0.041512
0.054122 0.067673 0.053024 0.045380 0.044581 0.042449 0.043087 0.046978 0.042762 0.045035 0.475164 0.039745
0.043047 0.046059 0.053423 0.044039 0.051589 0.048260 0.043555 0.042207 0.043460 0.044906 0.499688 0.039767
0.049264 0.042177 0.052043 0.046956 0.042548 0.047220 0.041391 0.046807 0.041350 0.042878 0.508488 0.038878
0.045452 0.045891 0.060450 0.052388 0.060767 0.053465 0.048353 0.046842 0.052251 0.049416 0.441177 0.043546
0.045808 0.042661 0.051959 0.046807 0.045310 0.054130 0.043157 0.047616 0.043964 0.044052 0.494314 0.040221
0.041655 0.051372 0.056526 0.049236 0.059008 0.043008 0.045136 0.043093 0.046783 0.047408 0.477739 0.039035
0.042205 0.052923 0.054118 0.043612 0.047295 0.047402 0.044252 0.048292 0.045916 0.046441 0.486730 0.040814
0.043560 0.056176 0.055626 0.043262 0.058082 0.048780 0.044601 0.048445 0.046180 0.046702 0.468305 0.040282
0.041400 0.046744 0.054582 0.041940 0.050033 0.044479 0.042154 0.047339 0.046303 0.045140 0.500085 0.039800
0.041991 0.060292 0.054930 0.049736 0.044150 0.051663 0.043314 0.046692 0.043886 0.044409 0.479056 0.039882
0.045936 0.040301 0.046571 0.043870 0.051492 0.041476 0.039113 0.041403 0.042746 0.039873 0.531955 0.035265
0.048868 0.056330 0.058158 0.060574 0.060194 0.054418 0.052009 0.058126 0.052729 0.051166 0.400564 0.046864
0.041244 0.056428 0.052169 0.048872 0.050467 0.047450 0.042820 0.046863 0.042492 0.043832 0.488460 0.038905
0.041546 0.044010 0.052192 0.053236 0.055330 0.050490 0.043776 0.047805 0.045647 0.045112 0.479602 0.041255
0.047007 0.055991 0.055182 0.048245 0.057058 0.045355 0.045458 0.051552 0.047571 0.047074 0.456675 0.042831
0.042338 0.051757 0.048277 0.048214 0.041463 0.045968 0.041540 0.046450 0.040535 0.040653 0.514739 0.038067
0.046354 0.047995 0.057020 0.054160 0.059598 0.053518 0.048005 0.050626 0.049550 0.049286 0.439767 0.044120
0.046198 0.055345 0.052625 0.046719 0.052948 0.044447 0.044459 0.050260 0.045014 0.045622 0.474217 0.042145
0.052948 0.057391 0.059418 0.052888 0.056420 0.054990 0.051205 0.054392 0.051261 0.050911 0.412971 0.045205
0.058552 0.043212 0.053408 0.046872 0.046028 0.047603 0.043394 0.045799 0.044538 0.045872 0.484563 0.040159
0.050262 0.044478 0.053384 0.042655 0.042790 0.043439 0.040103 0.041070 0.041952 0.041663 0.520926 0.037279
0.047913 0.060872 0.053658 0.048627 0.049795 0.051134 0.044510 0.043645 0.046968 0.044950 0.466882 0.041047
0.048981 0.077440 0.053707 0.046668 0.044732 0.046204 0.043983 0.045563 0.044413 0.044784 0.463494 0.040031
0.064722 0.045389 0.055988 0.052755 0.056486 0.047095 0.048404 0.047395 0.047468 0.048212 0.444499 0.041588
0.052753 0.047493 0.054394 0.044675 0.052854 0.048369 0.045387 0.045642 0.047502 0.047194 0.471515 0.042222
0.063552 0.071162 0.057643 0.047462 0.052421 0.046311 0.045716 0.046481 0.046435 0.047998 0.433452 0.041368
0.062205 0.054124 0.054171 0.048962 0.050035 0.047965 0.045980 0.050102 0.047160 0.047980 0.448563 0.042754
0.078408 0.043056 0.048223 0.047362 0.047760 0.045440 0.042725 0.047067 0.043937 0.043025 0.473584 0.039415
0.066034 0.056709 0.055125 0.049029 0.054229 0.049061 0.046360 0.045791 0.046569 0.045648 0.445297 0.040147
0.051013 0.092956 0.057686 0.057797 0.056013 0.058099 0.050542 0.053261 0.049515 0.050299 0.376479 0.046341
0.042595 0.042909 0.056117 0.048541 0.057294 0.048559 0.043477 0.049714 0.047072 0.045942 0.478153 0.039627
0.055163 0.054462 0.060308 0.055531 0.052708 0.057724 0.048790 0.053651 0.050821 0.048140 0.417806 0.044894
0.057489 0.057201 0.052734 0.046725 0.041819 0.048324 0.041609 0.041093 0.041882 0.042155 0.491688 0.037281
0.054082 0.047736 0.051030 0.048442 0.045242 0.052105 0.045007 0.043381 0.044548 0.044643 0.483343 0.040441
0.049877 0.048491 0.059070 0.058774 0.049979 0.054902 0.050558 0.051026 0.049076 0.050812 0.432121 0.045315
0.042987 0.047217 0.053361 0.051782 0.053343 0.049675 0.046516 0.047833 0.047759 0.045982 0.471738 0.041808
0.075288 0.080219 0.061077 0.050168 0.062290 0.049745 0.051528 0.050578 0.051425 0.052651 0.370607 0.044424
0.038807 0.048299 0.047845 0.040550 0.055570 0.040278 0.040215 0.045075 0.044783 0.041868 0.519692 0.037016
0.042671 0.052512 0.048565 0.056060 0.042471 0.051573 0.043959 0.050509 0.042954 0.043030 0.486397 0.039299
0.049163 0.045591 0.056765 0.055009 0.048735 0.050157 0.049043 0.047535 0.047565 0.048708 0.458763 0.042967
0.048519 0.044886 0.055468 0.051398 0.045654 0.051224 0.045653 0.051175 0.045101 0.046080 0.472867 0.041976
0.047903 0.049434 0.059347 0.053187 0.060361 0.053008 0.049083 0.047147 0.049618 0.050718 0.435541 0.044652
0.058963 0.043554 0.051528 0.042039 0.044388 0.042219 0.042816 0.046570 0.042970 0.044515 0.500849 0.039590
0.044598 0.045633 0.052259 0.047733 0.047938 0.047244 0.044008 0.041348 0.045683 0.044209 0.500430 0.038917
0.039761 0.043120 0.048523 0.041752 0.041741 0.041947 0.040903 0.039165 0.041347 0.042327 0.540991 0.038421
0.052192 0.059290 0.061131 0.058232 0.061679 0.059197 0.054481 0.051849 0.056017 0.053705 0.384529 0.047699
0.053143 0.046848 0.058691 0.049947 0.054589 0.044890 0.047300 0.049281 0.049580 0.050273 0.453268 0.042191
0.059143 0.051249 0.057759 0.043324 0.051758 0.045451 0.045012 0.046609 0.046241 0.047942 0.465350 0.040163
0.057892 0.067122 0.050073 0.039729 0.053577 0.047539 0.040169 0.039144 0.043063 0.042507 0.482566 0.036619
0.038786 0.042867 0.055112 0.042008 0.041763 0.042181 0.040316 0.046068 0.040265 0.042489 0.531635 0.036510
0.044753 0.050286 0.054810 0.051241 0.057927 0.054182 0.046894 0.046506 0.048072 0.046595 0.455199 0.043533
0.042999 0.041934 0.050972 0.048525 0.052338 0.046070 0.043870 0.048333 0.048217 0.043716 0.493625 0.039401
0.055443 0.061594 0.059112 0.059704 0.063827 0.055316 0.052635 0.051923 0.054732 0.052335 0.385484 0.047894
0.046570 0.050255 0.054339 0.048274 0.051229 0.049461 0.045253 0.049123 0.046671 0.048038 0.469544 0.041244
0.041727 0.070223 0.050459 0.049347 0.053099 0.041548 0.041858 0.042726 0.042704 0.042624 0.484770 0.038915
0.049000 0.061277 0.055773 0.054917 0.058619 0.051255 0.045876 0.053641 0.049141 0.047951 0.429696 0.042853
0.052624 0.043449 0.052838 0.052150 0.047521 0.049974 0.045801 0.050226 0.046457 0.044748 0.472241 0.041972
0.055196 0.046634 0.056827 0.057280 0.060160 0.049952 0.047794 0.050509 0.049604 0.048582 0.433527 0.043935
0.077079 0.045087 0.052354 0.046288 0.047808 0.047583 0.044827 0.045951 0.044141 0.044952 0.462432 0.041497
0.051082 0.056745 0.058256 0.057262 0.048872 0.053572 0.049434 0.050615 0.046970 0.049587 0.433506 0.044099
0.047961 0.045789 0.052802 0.047404 0.047507 0.048099 0.044464 0.042604 0.046279 0.046483 0.489333 0.041275
0.039849 0.065217 0.054474 0.042190 0.040502 0.043170 0.040149 0.040662 0.040003 0.041318 0.515374 0.037093
0.050853 0.049042 0.058748 0.054207 0.053279 0.057514 0.048555 0.046899 0.049766 0.048242 0.439205 0.043690
0.071832 0.041506 0.052745 0.044418 0.043064 0.050584 0.041990 0.039976 0.042658 0.043909 0.489191 0.038129
0.046655 0.049443 0.056286 0.051483 0.054183 0.048999 0.046161 0.044931 0.046106 0.046963 0.468965 0.039825
0.054642 0.047372 0.051448 0.041316 0.053071 0.040938 0.042427 0.040451 0.043616 0.044475 0.500800 0.039444
0.044789 0.069520 0.057760 0.052336 0.050911 0.047798 0.045528 0.045673 0.045450 0.048381 0.450443 0.041409
0.046187 0.045566 0.050709 0.046277 0.049311 0.043530 0.042876 0.045789 0.044375 0.044935 0.500971 0.039473
0.049944 0.040827 0.048007 0.044043 0.049162 0.046513 0.038560 0.045678 0.043323 0.041076 0.515953 0.036913
0.044017 0.058411 0.051286 0.053857 0.049425 0.044071 0.045203 0.049973 0.045305 0.044356 0.474010 0.040085
0.041597 0.077401 0.053237 0.056975 0.057317 0.045957 0.046197 0.048293 0.045957 0.045479 0.441204 0.040387
0.041095 0.066184 0.050851 0.042544 0.051296 0.044118 0.041633 0.047004 0.042359 0.042752 0.491604 0.038559
0.046744 0.052855 0.051170 0.048253 0.046157 0.045787 0.041525 0.047496 0.044796 0.043013 0.492723 0.039481
0.048221 0.043300 0.049089 0.053234 0.042126 0.045445 0.041128 0.046989 0.042539 0.042106 0.506881 0.038941
0.040325 0.039927 0.054643 0.042319 0.041866 0.043631 0.041361 0.040148 0.040489 0.042363 0.535737 0.037192
0.044653 0.045979 0.059155 0.051154 0.054725 0.054453 0.045942 0.046106 0.046097 0.046948 0.461674 0.043113
0.049278 0.047107 0.061067 0.057268 0.062233 0.058597 0.049625 0.054764 0.051134 0.051081 0.413127 0.044718
0.050501 0.047236 0.059925 0.046639 0.055945 0.049686 0.046813 0.049559 0.048338 0.049038 0.454216 0.042106
0.043255 0.044236 0.053209 0.050129 0.058034 0.050737 0.043490 0.047136 0.049527 0.045072 0.474600 0.040574
0.043619 0.049328 0.052098 0.046549 0.055020 0.045858 0.042098 0.041255 0.044137 0.043782 0.498335 0.037921
0.047658 0.050900 0.060425 0.056604 0.058261 0.053988 0.050185 0.056972 0.050491 0.049495 0.419816 0.045204
0.048169 0.073922 0.050754 0.052199 0.047661 0.054649 0.045314 0.048531 0.045679 0.045270 0.445424 0.042428
0.059274 0.050722 0.054620 0.053524 0.049040 0.049561 0.045647 0.048323 0.046341 0.046667 0.455074 0.041208
0.048832 0.056502 0.058060 0.057396 0.059743 0.055465 0.049231 0.054115 0.050495 0.048446 0.417429 0.044286
0.041346 0.050907 0.052430 0.051611 0.045464 0.052188 0.044302 0.050856 0.043638 0.043812 0.483000 0.040446
0.043571 0.046779 0.061429 0.053749 0.054451 0.051956 0.048585 0.049333 0.047984 0.049802 0.449081 0.043280
0.046932 0.044607 0.054257 0.051520 0.045963 0.055508 0.046326 0.052075 0.046839 0.045939 0.466550 0.043484
0.047903 0.049531 0.054921 0.051371 0.047716 0.047107 0.046892 0.044748 0.045498 0.047340 0.474938 0.042036
0.052704 0.057196 0.058331 0.056107 0.054764 0.055066 0.050805 0.049444 0.050728 0.052045 0.416383 0.046426
0.055171 0.050289 0.052814 0.049653 0.047160 0.044084 0.045993 0.045620 0.045722 0.045584 0.476252 0.041658
0.050446 0.057916 0.057498 0.055168 0.062670 0.050695 0.052726 0.050913 0.053346 0.052227 0.409159 0.047235
0.056091 0.059768 0.057487 0.052896 0.058417 0.051851 0.048221 0.048912 0.048561 0.050019 0.424144 0.043633
0.043103 0.044624 0.054110 0.047435 0.048439 0.046800 0.044395 0.049785 0.046393 0.045112 0.489345 0.040460
0.056067 0.058033 0.061935 0.056812 0.058327 0.057877 0.051045 0.051053 0.056076 0.053596 0.391406 0.047772
0.052048 0.053215 0.053920 0.054363 0.044212 0.045749 0.043799 0.044682 0.043616 0.044972 0.479985 0.039440
0.045595 0.053501 0.057297 0.047705 0.049361 0.047344 0.047850 0.045135 0.046617 0.048482 0.468504 0.042609
0.044001 0.046072 0.056190 0.049925 0.055743 0.050372 0.045657 0.044624 0.046629 0.048634 0.468619 0.043534
0.047779 0.054245 0.056558 0.047875 0.046459 0.048913 0.044569 0.046064 0.043971 0.046754 0.475856 0.040958
0.065960 0.045177 0.057495 0.046373 0.061564 0.049085 0.048356 0.045248 0.050866 0.049825 0.436280 0.043771
0.048733 0.042266 0.051658 0.044708 0.053420 0.042625 0.042109 0.045690 0.043496 0.044283 0.502035 0.038977
0.072236 0.048279 0.054572 0.048101 0.057090 0.047197 0.048131 0.052158 0.047408 0.047351 0.435773 0.041703
0.071877 0.061179 0.053403 0.045844 0.052436 0.045481 0.045903 0.045074 0.044636 0.046640 0.445817 0.041708
0.045571 0.044771 0.056569 0.044410 0.052919 0.046472 0.042955 0.041578 0.045412 0.044718 0.495295 0.039331
0.049738 0.059319 0.056404 0.052024 0.050403 0.050197 0.045896 0.049792 0.047893 0.046604 0.449627 0.042103
0.041069 0.038701 0.051831 0.045448 0.045219 0.040781 0.042342 0.047701 0.043843 0.042742 0.522869 0.037453
0.050144 0.042269 0.048432 0.044032 0.041361 0.040731 0.040557 0.040191 0.040285 0.041463 0.532419 0.038116
0.051378 0.049448 0.052369 0.046089 0.047278 0.045430 0.043292 0.043469 0.045245 0.045402 0.489731 0.040870
0.054527 0.075394 0.055415 0.047999 0.063562 0.051670 0.046972 0.048011 0.051446 0.048136 0.413850 0.043019
0.044615 0.055586 0.057419 0.043313 0.052994 0.048305 0.044659 0.048906 0.046657 0.048920 0.468013 0.040614
0.037594 0.071059 0.045420 0.040636 0.047181 0.041298 0.037240 0.037019 0.038084 0.039948 0.529703 0.034817
0.049380 0.048940 0.055803 0.056919 0.054220 0.046110 0.046575 0.052341 0.045236 0.046812 0.456564 0.041099
0.067160 0.071286 0.051714 0.043176 0.047703 0.042966 0.042457 0.043032 0.043480 0.043282 0.464606 0.039139
0.044308 0.070556 0.053521 0.047716 0.047485 0.049478 0.044366 0.045503 0.046517 0.045072 0.464654 0.040826
0.039571 0.040917 0.048794 0.048920 0.054211 0.040857 0.040923 0.047184 0.043799 0.041855 0.514338 0.038631
0.045299 0.057762 0.051513 0.047009 0.043727 0.047867 0.044342 0.048580 0.042822 0.043607 0.487764 0.039709
0.050742 0.042066 0.052262 0.045502 0.051946 0.047730 0.043876 0.043575 0.043780 0.044734 0.493708 0.040079
0.047840 0.045972 0.055648 0.053563 0.050263 0.051551 0.045600 0.051958 0.046512 0.047296 0.461312 0.042486
0.046155 0.044173 0.056803 0.051800 0.056463 0.045049 0.047632 0.050351 0.046753 0.048113 0.464503 0.042203
0.039800 0.043985 0.050435 0.044285 0.042275 0.044643 0.041207 0.044770 0.040823 0.043027 0.526583 0.038166
0.043256 0.053543 0.052190 0.044351 0.045546 0.047095 0.042823 0.041795 0.044223 0.044605 0.501436 0.039135
0.058373 0.041244 0.051252 0.048817 0.052630 0.047079 0.041189 0.046692 0.043704 0.043607 0.486476 0.038937
0.067429 0.048072 0.056544 0.049114 0.056798 0.045743 0.046904 0.051625 0.046887 0.048456 0.440102 0.042326
0.049329 0.046608 0.049164 0.043969 0.049743 0.044757 0.041217 0.043992 0.041394 0.043269 0.508651 0.037906
0.042569 0.043850 0.050924 0.043356 0.053438 0.045494 0.040903 0.045816 0.042942 0.042134 0.511357 0.037217
0.042489 0.043900 0.051549 0.046754 0.053996 0.048174 0.042550 0.049390 0.045009 0.043735 0.492178 0.040275
0.043809 0.061770 0.050692 0.043478 0.048827 0.043861 0.041176 0.041131 0.040862 0.042186 0.504346 0.037861
0.049591 0.042963 0.052733 0.045337 0.054151 0.045458 0.043834 0.047753 0.044641 0.044985 0.488826 0.039727
0.047214 0.042433 0.051938 0.042252 0.055787 0.047968 0.043144 0.047297 0.045013 0.043705 0.493893 0.039358
0.040825 0.041676 0.050154 0.045355 0.054149 0.046788 0.041160 0.047820 0.043609 0.042517 0.507463 0.038485
0.040983 0.046757 0.050580 0.045794 0.050671 0.044017 0.043710 0.048221 0.042732 0.043613 0.503444 0.039478
0.044511 0.045874 0.050725 0.045774 0.054217 0.050273 0.044353 0.044578 0.047747 0.044869 0.486612 0.040466
0.053985 0.055399 0.055353 0.045019 0.049305 0.047065 0.042405 0.043402 0.045157 0.043764 0.480802 0.038343
0.056555 0.049074 0.050531 0.051669 0.051155 0.053216 0.041252 0.046766 0.043510 0.042348 0.474406 0.039517
0.041815 0.068740 0.055533 0.045424 0.051830 0.046908 0.043129 0.047086 0.044510 0.045547 0.470185 0.039294
0.048195 0.067006 0.053837 0.052202 0.050681 0.054158 0.046400 0.050432 0.047696 0.046127 0.440738 0.042527
0.076166 0.046153 0.051665 0.046742 0.052246 0.045578 0.041521 0.042513 0.042250 0.042746 0.475090 0.037330
0.059005 0.043258 0.049721 0.044738 0.054772 0.044141 0.043015 0.047043 0.044679 0.043052 0.486554 0.040021
0.051950 0.051092 0.053735 0.054588 0.056971 0.048452 0.046873 0.052806 0.047316 0.047253 0.446190 0.042772
0.040607 0.054482 0.049402 0.047443 0.054543 0.046625 0.042467 0.047250 0.044197 0.042774 0.490667 0.039544
0.046986 0.058551 0.060680 0.051504 0.050293 0.051118 0.049564 0.053818 0.050406 0.048988 0.433698 0.044395
0.048115 0.043196 0.049323 0.048690 0.051422 0.049408 0.042118 0.041543 0.043707 0.041434 0.502324 0.038720
0.043053 0.049689 0.056313 0.053700 0.048296 0.051050 0.046666 0.052261 0.047415 0.046949 0.463505 0.041102
0.060596 0.042960 0.050647 0.044398 0.044411 0.043750 0.042891 0.041778 0.043486 0.043297 0.502139 0.039648
0.052086 0.044606 0.052163 0.048810 0.043439 0.045974 0.042362 0.047698 0.043539 0.043544 0.495814 0.039964
0.050405 0.065988 0.056639 0.054309 0.052564 0.053537 0.048608 0.048500 0.050537 0.049518 0.424105 0.045292
0.050259 0.051998 0.048532 0.039251 0.042444 0.042918 0.040031 0.042436 0.039689 0.041838 0.524597 0.036009
0.042392 0.044833 0.053576 0.048003 0.055658 0.047170 0.044753 0.043870 0.046274 0.045120 0.488051 0.040299
0.059054 0.048470 0.058382 0.054302 0.059413 0.052525 0.048511 0.053879 0.050613 0.050315 0.420159 0.044376
0.046176 0.051791 0.059478 0.054167 0.061786 0.046060 0.048521 0.052959 0.049831 0.049860 0.436811 0.042561
0.043720 0.043795 0.053733 0.043066 0.057837 0.043528 0.045267 0.049568 0.047237 0.046869 0.483136 0.042244
0.046721 0.054414 0.048718 0.040574 0.051965 0.041020 0.040538 0.045807 0.042326 0.041634 0.508984 0.037299
0.049826 0.048830 0.054752 0.051288 0.045944 0.050663 0.045611 0.052897 0.045064 0.045975 0.467059 0.042091
0.047167 0.048970 0.056561 0.047019 0.057054 0.047719 0.044900 0.044458 0.047892 0.046720 0.469396 0.042144
0.051949 0.048525 0.055629 0.057147 0.052491 0.056615 0.048575 0.054201 0.050411 0.048039 0.431664 0.044754
0.076244 0.050004 0.058733 0.049022 0.061030 0.051362 0.048807 0.049530 0.049224 0.049510 0.414999 0.041535
0.041821 0.044939 0.051480 0.044296 0.045058 0.042141 0.044198 0.048255 0.043739 0.044913 0.507903 0.041258
0.048071 0.043639 0.054472 0.049234 0.057228 0.042863 0.044258 0.043154 0.046179 0.045735 0.484622 0.040544
0.052674 0.041264 0.053559 0.046755 0.054502 0.047906 0.043888 0.049958 0.044948 0.045090 0.479255 0.040202
0.062176 0.048962 0.055992 0.050166 0.047469 0.044202 0.045101 0.047782 0.044888 0.047107 0.464303 0.041851
0.048373 0.039735 0.047699 0.040055 0.050560 0.040836 0.041306 0.039881 0.045437 0.043191 0.523751 0.039176
0.050229 0.046824 0.058156 0.047830 0.053640 0.052278 0.046948 0.046429 0.045786 0.048012 0.461518 0.042351
0.056498 0.047565 0.056596 0.051652 0.050134 0.051083 0.047173 0.047485 0.047751 0.048543 0.452522 0.042999
0.041480 0.055501 0.054178 0.041653 0.058734 0.047948 0.043213 0.043576 0.047143 0.046147 0.479778 0.040648
0.053692 0.042243 0.053932 0.043972 0.054493 0.046592 0.042637 0.048109 0.044531 0.045042 0.485899 0.038857
0.040870 0.043645 0.049092 0.050016 0.041753 0.041721 0.041868 0.047454 0.041020 0.041985 0.522268 0.038307
0.044425 0.042248 0.053022 0.052850 0.057029 0.050099 0.045908 0.046908 0.048084 0.046325 0.471340 0.041762
0.064032 0.048736 0.052257 0.052191 0.057633 0.051365 0.045971 0.047133 0.049707 0.046177 0.441819 0.042980
0.049340 0.054765 0.056925 0.050067 0.059395 0.048908 0.048813 0.047685 0.050451 0.050140 0.439655 0.043856
0.051036 0.041117 0.054100 0.042253 0.050368 0.046408 0.042290 0.046673 0.042241 0.045872 0.498369 0.039274
0.047056 0.046940 0.052963 0.044772 0.047646 0.047306 0.042215 0.047039 0.043064 0.044303 0.497274 0.039423
0.050353 0.063125 0.056095 0.050745 0.054432 0.044830 0.044579 0.048781 0.045914 0.047058 0.451712 0.042376
0.045330 0.049110 0.060205 0.051954 0.049261 0.052509 0.048287 0.053874 0.049112 0.049107 0.446842 0.044409
0.046116 0.049043 0.052132 0.055087 0.048002 0.053082 0.045397 0.050974 0.047185 0.045164 0.465384 0.042435
0.051722 0.052973 0.055099 0.055182 0.051955 0.051770 0.046562 0.047552 0.047636 0.047371 0.450367 0.041810
0.047362 0.063320 0.056150 0.055549 0.051094 0.054033 0.048958 0.052397 0.050535 0.049150 0.427129 0.044322
0.053909 0.045603 0.053771 0.048184 0.056459 0.050158 0.045540 0.051793 0.047277 0.046673 0.458693 0.041941
0.054274 0.046391 0.056665 0.057771 0.054964 0.050888 0.047193 0.054664 0.047619 0.048320 0.437483 0.043768
0.041016 0.038673 0.049575 0.045008 0.041705 0.046259 0.041631 0.046491 0.040768 0.041328 0.529510 0.038038
0.044510 0.045563 0.051458 0.043394 0.043872 0.044173 0.042549 0.042420 0.042128 0.042445 0.517720 0.039768
0.064022 0.053574 0.060655 0.056326 0.051531 0.053677 0.051924 0.051463 0.050706 0.051949 0.407087 0.047086
0.043631 0.061524 0.057924 0.047408 0.053809 0.047945 0.046009 0.049209 0.048441 0.048011 0.454962 0.041125
0.050874 0.070209 0.056051 0.052333 0.058460 0.054655 0.048353 0.047701 0.049889 0.049809 0.417380 0.044286
0.047811 0.042801 0.053814 0.041065 0.049968 0.044220 0.039871 0.043521 0.042369 0.043765 0.514272 0.036524
0.042273 0.047872 0.050850 0.049381 0.042223 0.050108 0.042107 0.047481 0.043494 0.042466 0.502970 0.038775
0.053387 0.051393 0.056001 0.056393 0.052996 0.049045 0.048249 0.047444 0.049725 0.048859 0.441814 0.044695
0.048311 0.049654 0.052908 0.048317 0.050387 0.044050 0.045275 0.045065 0.046091 0.045511 0.482855 0.041576
0.054888 0.079890 0.060173 0.054740 0.056365 0.049728 0.051012 0.053054 0.051698 0.052079 0.390620 0.045753
0.051287 0.048347 0.051061 0.043533 0.054703 0.047886 0.042661 0.046442 0.045035 0.045130 0.483306 0.040610
0.046524 0.051876 0.059202 0.057371 0.060246 0.048836 0.047195 0.054163 0.049749 0.049257 0.432158 0.043424
0.058149 0.042524 0.050565 0.045513 0.055410 0.045177 0.042861 0.049476 0.045193 0.043608 0.481182 0.040342
0.065790 0.044211 0.051395 0.046253 0.046911 0.045833 0.044753 0.049907 0.045219 0.043808 0.475651 0.040268
0.051311 0.050270 0.058078 0.056821 0.056665 0.054687 0.049168 0.049341 0.048795 0.049974 0.429444 0.045446
0.049331 0.043531 0.054318 0.048501 0.046320 0.046590 0.045893 0.050808 0.045050 0.045905 0.481425 0.042327
0.048869 0.056059 0.057865 0.050860 0.054948 0.052539 0.049495 0.047794 0.050654 0.049220 0.437195 0.044503
0.041198 0.074704 0.050890 0.041558 0.042840 0.045519 0.041605 0.040103 0.041348 0.043321 0.498774 0.038141
0.043465 0.041940 0.053145 0.050301 0.047576 0.043566 0.046243 0.042469 0.044798 0.045762 0.500429 0.040305
0.049326 0.046954 0.054895 0.046129 0.053739 0.044103 0.045455 0.044097 0.045467 0.047958 0.479589 0.042287
0.049137 0.048914 0.056892 0.053475 0.055844 0.044985 0.047740 0.048432 0.046879 0.048370 0.456490 0.042842
0.047774 0.054973 0.055060 0.043415 0.050637 0.045123 0.044367 0.044394 0.045167 0.048022 0.479887 0.041182
0.053668 0.051451 0.052730 0.042917 0.050108 0.041330 0.042225 0.045367 0.045012 0.045968 0.490091 0.039132
0.076630 0.040386 0.050004 0.043179 0.047119 0.041311 0.039160 0.039647 0.039670 0.041026 0.506003 0.035864
0.054824 0.049531 0.053887 0.053640 0.049858 0.053003 0.046674 0.051038 0.049329 0.047260 0.448241 0.042714
0.049841 0.047048 0.055324 0.047825 0.048952 0.046702 0.044011 0.050480 0.047558 0.046384 0.475377 0.040499
0.040126 0.057446 0.053340 0.049187 0.056777 0.046319 0.041846 0.049580 0.046386 0.044256 0.474889 0.039845
0.042320 0.053302 0.050915 0.049685 0.054528 0.047831 0.042932 0.048909 0.044708 0.043779 0.481278 0.039814
0.045168 0.051689 0.054892 0.048096 0.057168 0.044846 0.045770 0.047978 0.047257 0.046456 0.468648 0.042033
0.051343 0.046158 0.052533 0.046110 0.056856 0.044039 0.044530 0.049353 0.046875 0.045310 0.475697 0.041197
0.040420 0.044681 0.048421 0.048246 0.049152 0.046348 0.042074 0.047914 0.041340 0.042041 0.510667 0.038695
0.057024 0.054193 0.053506 0.049424 0.052440 0.046508 0.045594 0.048067 0.045974 0.046096 0.459276 0.041897
0.062912 0.055584 0.051949 0.046422 0.048228 0.045387 0.043170 0.043960 0.045088 0.044865 0.471718 0.040717
0.041380 0.068689 0.053757 0.044039 0.055927 0.046438 0.042724 0.045891 0.046301 0.044201 0.471899 0.038755
0.043278 0.043287 0.052567 0.048094 0.050632 0.044551 0.044182 0.051167 0.043175 0.045503 0.491981 0.041583
0.045326 0.047055 0.050831 0.043207 0.043619 0.048154 0.042523 0.046641 0.042456 0.043703 0.506314 0.040171
0.046531 0.055392 0.057867 0.050725 0.052370 0.050627 0.046095 0.046326 0.048811 0.046865 0.455806 0.042586
0.057406 0.052062 0.057384 0.050949 0.061220 0.053712 0.044963 0.051832 0.051174 0.046860 0.429853 0.042585
0.051347 0.060481 0.056816 0.055810 0.059531 0.056182 0.048515 0.053221 0.049415 0.049641 0.415654 0.043387
0.045391 0.047534 0.056920 0.048580 0.054903 0.050453 0.045386 0.051297 0.047696 0.047825 0.462847 0.041168
