0.044086 0.038404 0.038411 0.042054 0.042056 0.038404 0.038407 0.042677 0.042052 0.535251 0.059795 0.038404
0.053037 0.055219 0.042405 0.046074 0.043694 0.042405 0.042405 0.045584 0.048663 0.485167 0.052942 0.042405
0.047461 0.088662 0.039546 0.043723 0.043713 0.039539 0.039542 0.043475 0.051543 0.439577 0.083681 0.039538
0.054174 0.083808 0.042819 0.049007 0.048168 0.043830 0.042834 0.045726 0.047127 0.429434 0.068666 0.044405
0.064847 0.076089 0.041789 0.047700 0.046615 0.042801 0.041785 0.044696 0.049881 0.433272 0.068742 0.041782
0.050433 0.050433 0.046496 0.046496 0.047678 0.047514 0.046496 0.049410 0.049650 0.442344 0.076554 0.046496
0.083617 0.052178 0.046742 0.050392 0.050391 0.046742 0.046742 0.050678 0.054337 0.392648 0.078791 0.046742
0.036056 0.078486 0.036067 0.043516 0.043688 0.036056 0.036309 0.040328 0.042327 0.475908 0.095203 0.036055
0.040132 0.045370 0.040132 0.041425 0.045101 0.041269 0.040132 0.043386 0.048039 0.512662 0.062219 0.040132
0.047814 0.042615 0.042604 0.047545 0.046253 0.042604 0.042604 0.046877 0.046990 0.478834 0.072655 0.042604
0.076035 0.048204 0.043685 0.043685 0.043685 0.043685 0.043685 0.047621 0.047622 0.448303 0.070107 0.043685
0.071134 0.040840 0.040227 0.041520 0.040227 0.040227 0.040227 0.044163 0.044902 0.514804 0.041503 0.040227
0.078290 0.037932 0.037932 0.046675 0.045559 0.037930 0.038181 0.037982 0.042632 0.469111 0.089845 0.037930
0.043031 0.089941 0.038792 0.038789 0.043134 0.038789 0.038789 0.038789 0.043773 0.482172 0.065209 0.038789
0.037453 0.037671 0.037385 0.038854 0.041034 0.037385 0.037385 0.041366 0.046907 0.544720 0.062454 0.037385
0.046825 0.043519 0.039571 0.043763 0.043958 0.039569 0.039845 0.044152 0.044173 0.526912 0.048143 0.039569
0.049294 0.086238 0.042589 0.044610 0.042589 0.042589 0.042682 0.046525 0.047610 0.453162 0.059515 0.042597
0.038525 0.047339 0.035292 0.039087 0.039265 0.035282 0.035535 0.039219 0.039240 0.528950 0.086984 0.035282
0.088412 0.066323 0.038167 0.044271 0.046089 0.039182 0.038415 0.038799 0.046212 0.460917 0.055047 0.038165
0.042486 0.119180 0.038433 0.045882 0.046054 0.038422 0.038676 0.042960 0.045585 0.413674 0.090226 0.038422
0.041743 0.087978 0.041741 0.044017 0.041741 0.042850 0.041741 0.041741 0.049945 0.470127 0.054634 0.041741
0.051429 0.086646 0.041872 0.047646 0.045521 0.041872 0.041872 0.046881 0.043088 0.437836 0.073465 0.041872
0.046716 0.131937 0.040828 0.051200 0.048897 0.040825 0.041104 0.044762 0.049859 0.388219 0.074827 0.040825
0.072843 0.086275 0.037420 0.042585 0.041069 0.037420 0.037420 0.037420 0.048180 0.484525 0.037422 0.037420
0.069760 0.061007 0.043634 0.049414 0.043634 0.043634 0.043634 0.043634 0.055371 0.434605 0.068040 0.043634
0.066007 0.105984 0.043315 0.047357 0.043315 0.043315 0.043315 0.043315 0.058217 0.410705 0.051842 0.043315
0.053148 0.125056 0.041028 0.046792 0.044678 0.041028 0.041029 0.045620 0.050270 0.420768 0.049554 0.041028
0.078627 0.098802 0.039009 0.043186 0.043061 0.039009 0.039009 0.039009 0.050789 0.429902 0.060589 0.039009
0.066324 0.129137 0.042267 0.050367 0.045916 0.042267 0.042267 0.046204 0.052313 0.397084 0.043586 0.042267
0.067785 0.051044 0.035101 0.040035 0.038744 0.035092 0.035095 0.039028 0.043417 0.500760 0.078807 0.035092
0.073583 0.073279 0.041559 0.041565 0.041559 0.042668 0.041559 0.041559 0.047597 0.463427 0.050084 0.041559
0.095530 0.105162 0.041596 0.045244 0.041596 0.041596 0.041596 0.046054 0.049700 0.368435 0.081896 0.041596
0.048896 0.148003 0.039712 0.045651 0.042558 0.039710 0.039964 0.044292 0.045301 0.405835 0.060368 0.039710
0.071281 0.090898 0.041487 0.041545 0.045136 0.041487 0.041487 0.046103 0.046140 0.425836 0.067112 0.041487
0.071333 0.095308 0.037650 0.046909 0.041295 0.037643 0.037922 0.037643 0.046261 0.438934 0.071459 0.037643
0.055305 0.048262 0.040098 0.042953 0.041388 0.040098 0.040099 0.043278 0.046027 0.510236 0.052158 0.040098
0.056971 0.052120 0.040821 0.043315 0.040821 0.040821 0.040821 0.044757 0.049846 0.489006 0.059881 0.040821
0.068124 0.106692 0.045091 0.049269 0.045091 0.045091 0.045092 0.049028 0.055800 0.396266 0.049365 0.045091
0.140938 0.085695 0.040081 0.040085 0.044247 0.040072 0.040074 0.044008 0.052705 0.363481 0.068542 0.040072
0.101664 0.062457 0.039095 0.042743 0.039089 0.040195 0.039089 0.039086 0.048773 0.419768 0.085020 0.043022
0.124814 0.058401 0.042755 0.046407 0.046404 0.044006 0.042755 0.042755 0.050280 0.391502 0.067168 0.042755
0.062606 0.046771 0.043746 0.047394 0.047395 0.043746 0.043746 0.047709 0.051355 0.444779 0.077006 0.043746
0.045677 0.055950 0.043058 0.043058 0.043058 0.043058 0.043058 0.046994 0.046994 0.485608 0.060430 0.043058
0.048735 0.081001 0.041190 0.044839 0.041190 0.041190 0.041191 0.045127 0.048773 0.459978 0.065597 0.041190
0.057904 0.060067 0.040743 0.049117 0.044915 0.040743 0.041019 0.044679 0.053382 0.457844 0.068844 0.040743
0.078353 0.045668 0.043651 0.050516 0.047823 0.043651 0.043651 0.047587 0.055902 0.445831 0.052176 0.045192
0.073460 0.045681 0.042030 0.044511 0.042024 0.042021 0.042024 0.045957 0.048447 0.465510 0.066316 0.042021
0.057559 0.055773 0.042881 0.044843 0.042881 0.043990 0.042881 0.042881 0.047438 0.484587 0.051405 0.042881
0.043541 0.044847 0.039269 0.042917 0.042918 0.039269 0.039269 0.043205 0.046851 0.499077 0.079569 0.039269
0.056866 0.043663 0.039850 0.050602 0.047886 0.039848 0.040124 0.042734 0.051653 0.473768 0.073158 0.039848
0.041055 0.044504 0.039849 0.044950 0.043497 0.039847 0.039849 0.043783 0.049130 0.526973 0.046715 0.039847
0.047384 0.045726 0.043116 0.043109 0.043110 0.044235 0.043110 0.043107 0.046603 0.474112 0.083280 0.043107
0.052683 0.058470 0.048782 0.053432 0.050102 0.049919 0.048876 0.052036 0.058112 0.407510 0.071288 0.048790
0.069213 0.039762 0.039769 0.048897 0.043414 0.039762 0.040041 0.043698 0.048107 0.468384 0.079192 0.039762
0.103075 0.040993 0.040993 0.047781 0.044654 0.041990 0.041300 0.041017 0.048965 0.441938 0.066301 0.040993
0.046903 0.048570 0.044284 0.047932 0.047933 0.044284 0.044284 0.048227 0.051873 0.460162 0.071264 0.044284
0.043975 0.060611 0.042660 0.047601 0.046309 0.042660 0.042660 0.046601 0.050986 0.445954 0.087322 0.042660
0.053388 0.041859 0.041695 0.047299 0.045345 0.041695 0.041696 0.041695 0.051493 0.501919 0.050221 0.041695
0.045069 0.057761 0.043796 0.048737 0.047446 0.043796 0.043797 0.043796 0.052454 0.458080 0.071470 0.043796
0.046874 0.041283 0.040956 0.043135 0.040956 0.040956 0.040956 0.044892 0.048112 0.521442 0.049482 0.040956
0.036108 0.036108 0.036108 0.036108 0.039757 0.036108 0.036108 0.040380 0.039754 0.573506 0.053850 0.036108
0.039930 0.037696 0.036242 0.045368 0.036242 0.036242 0.036594 0.040178 0.047167 0.540617 0.067477 0.036248
0.038480 0.038822 0.038380 0.046419 0.042025 0.038373 0.038460 0.042646 0.044356 0.539332 0.054327 0.038380
0.041182 0.038797 0.038805 0.040101 0.039981 0.039816 0.038800 0.041711 0.046352 0.522654 0.073005 0.038797
0.040907 0.064159 0.040907 0.040907 0.042088 0.041925 0.040907 0.043821 0.044060 0.504340 0.055075 0.040907
0.045394 0.042117 0.041316 0.048963 0.044965 0.041316 0.041383 0.045252 0.051111 0.482814 0.074048 0.041322
0.049458 0.042797 0.037799 0.042023 0.042214 0.037790 0.038070 0.040835 0.044394 0.518130 0.068700 0.037789
0.045488 0.041839 0.041839 0.045487 0.043020 0.042857 0.041839 0.044753 0.048638 0.493586 0.063250 0.047404
0.044674 0.042668 0.040086 0.047550 0.043735 0.040086 0.040337 0.044022 0.050306 0.487350 0.079100 0.040086
0.063894 0.041956 0.041545 0.046034 0.041546 0.041545 0.041648 0.041545 0.051545 0.490531 0.056656 0.041555
0.067346 0.057128 0.038357 0.044817 0.038352 0.038350 0.038446 0.042623 0.043041 0.493670 0.059512 0.038358
0.055542 0.040789 0.038178 0.041966 0.043111 0.038170 0.038173 0.041350 0.042770 0.516658 0.065124 0.038170
0.058072 0.039594 0.039594 0.043414 0.044167 0.040619 0.039594 0.041785 0.046775 0.500118 0.066672 0.039594
0.066490 0.044846 0.044845 0.048500 0.048495 0.044845 0.044846 0.048782 0.055031 0.433571 0.074904 0.044845
0.040021 0.040602 0.039969 0.043621 0.043616 0.039967 0.039967 0.039966 0.046895 0.523261 0.062149 0.039966
0.074016 0.044882 0.044882 0.045172 0.046201 0.046019 0.044882 0.048136 0.052867 0.450382 0.057679 0.044882
0.040004 0.045219 0.039699 0.040016 0.039694 0.039691 0.039694 0.043628 0.046518 0.493795 0.092353 0.039691
0.049005 0.056526 0.043801 0.051944 0.052610 0.044817 0.044053 0.046713 0.052988 0.455054 0.054137 0.048351
0.056650 0.058452 0.041039 0.048489 0.048661 0.041030 0.041283 0.044966 0.051237 0.447220 0.079943 0.041029
0.049629 0.055003 0.045005 0.045142 0.046187 0.046023 0.045005 0.047919 0.051590 0.449905 0.069034 0.049557
0.095683 0.038035 0.037457 0.041106 0.041107 0.037457 0.037458 0.041394 0.045040 0.468771 0.079036 0.037457
0.046670 0.046673 0.038489 0.044778 0.042466 0.038487 0.038737 0.038487 0.038506 0.503870 0.084351 0.038487
0.075767 0.052645 0.042710 0.042775 0.045953 0.042710 0.042710 0.046647 0.046688 0.462642 0.056043 0.042710
0.047181 0.042624 0.042624 0.044016 0.042624 0.042624 0.042624 0.046686 0.047346 0.502242 0.056786 0.042624
0.047958 0.045972 0.040709 0.040709 0.040709 0.040709 0.040709 0.044646 0.044646 0.524972 0.047551 0.040709
0.040151 0.037805 0.036501 0.044342 0.040888 0.036499 0.036776 0.040435 0.044102 0.560929 0.045074 0.036499
0.046621 0.057913 0.038299 0.044615 0.042277 0.038297 0.038553 0.038297 0.047696 0.504624 0.064509 0.038297
0.054003 0.039517 0.038930 0.042318 0.038925 0.038923 0.038925 0.042859 0.044598 0.521843 0.060237 0.038922
0.055954 0.037306 0.037306 0.040955 0.042137 0.038324 0.037306 0.040220 0.044106 0.530355 0.058724 0.037306
0.048279 0.058733 0.043987 0.044006 0.048861 0.043984 0.044015 0.048257 0.044000 0.460314 0.071576 0.043987
0.044772 0.038361 0.037883 0.044480 0.041526 0.037874 0.037877 0.041810 0.047039 0.516089 0.074414 0.037874
0.055761 0.061725 0.042973 0.046912 0.046979 0.044074 0.043216 0.043031 0.046509 0.465846 0.060012 0.042961
0.037073 0.037073 0.037073 0.038366 0.040723 0.037073 0.037073 0.037073 0.041459 0.534456 0.085482 0.037073
0.053781 0.045126 0.040087 0.048674 0.045693 0.040006 0.041165 0.040794 0.039826 0.496588 0.068454 0.039807
0.084148 0.050074 0.045423 0.049712 0.049072 0.045423 0.045516 0.049359 0.055386 0.418655 0.061800 0.045431
0.050957 0.045167 0.041348 0.044991 0.045007 0.041341 0.041343 0.050807 0.048926 0.478758 0.070013 0.041341
0.133341 0.042726 0.042678 0.047679 0.046584 0.043694 0.042679 0.043228 0.050193 0.407751 0.056769 0.042678
0.046104 0.073649 0.041003 0.045124 0.044647 0.040996 0.040998 0.046004 0.049141 0.430343 0.100994 0.040995
0.052436 0.051216 0.046875 0.050756 0.048056 0.047893 0.046875 0.049789 0.054061 0.445400 0.059768 0.046875
0.058988 0.046502 0.041263 0.046199 0.044908 0.041256 0.041258 0.041256 0.045644 0.475846 0.075623 0.041256
0.056972 0.093314 0.045423 0.047923 0.046604 0.046441 0.045423 0.048337 0.050006 0.387045 0.087088 0.045423
0.057910 0.077306 0.037496 0.043493 0.041145 0.037496 0.037496 0.041432 0.044749 0.483072 0.060881 0.037523
0.066846 0.062903 0.040540 0.047983 0.048161 0.040520 0.040772 0.040736 0.048156 0.438334 0.084533 0.040516
0.081579 0.117536 0.045625 0.045855 0.045625 0.045625 0.045625 0.045625 0.055187 0.371944 0.054150 0.045625
0.047979 0.085342 0.045055 0.046743 0.045055 0.045055 0.045055 0.045055 0.050345 0.427859 0.071400 0.045055
0.064625 0.101310 0.039746 0.043937 0.039746 0.039746 0.040022 0.039746 0.044785 0.440243 0.066349 0.039746
0.074393 0.093911 0.041640 0.053950 0.045289 0.041682 0.042041 0.045576 0.055239 0.415613 0.049019 0.041648
0.068972 0.048465 0.033797 0.038733 0.037442 0.033790 0.033792 0.033790 0.042451 0.514697 0.080282 0.033790
0.084615 0.101516 0.044594 0.048101 0.044738 0.045603 0.044594 0.044897 0.050379 0.393250 0.053119 0.044594
0.072611 0.074144 0.043181 0.049538 0.043181 0.043181 0.043181 0.048191 0.044349 0.408464 0.086797 0.043181
0.057388 0.132949 0.037931 0.041747 0.041669 0.037920 0.038174 0.042908 0.041855 0.418234 0.071308 0.037919
0.079878 0.093042 0.041755 0.047219 0.041755 0.042881 0.041755 0.041755 0.045982 0.433806 0.048416 0.041755
0.056346 0.117829 0.042975 0.048882 0.046953 0.042973 0.043223 0.042973 0.048264 0.388154 0.078456 0.042973
0.077414 0.074602 0.043853 0.051759 0.047502 0.043853 0.043853 0.047789 0.055772 0.410009 0.059743 0.043853
0.089499 0.080121 0.038975 0.046424 0.042947 0.038965 0.039218 0.040260 0.049248 0.423091 0.072288 0.038964
0.055519 0.173965 0.043116 0.046771 0.044300 0.044136 0.043116 0.046036 0.052525 0.349128 0.058271 0.043116
0.074797 0.127887 0.045709 0.045719 0.045709 0.045709 0.045709 0.045709 0.057818 0.348166 0.071361 0.045709
0.104724 0.105795 0.040761 0.044416 0.040761 0.040761 0.040761 0.040761 0.047011 0.385195 0.068291 0.040761
0.087034 0.103018 0.041311 0.044960 0.044960 0.041311 0.041311 0.045248 0.048894 0.407259 0.053383 0.041311
0.067719 0.096132 0.039256 0.041744 0.039256 0.039256 0.039256 0.039256 0.046015 0.448750 0.060150 0.043210
0.066066 0.073347 0.045403 0.045728 0.045403 0.045403 0.045403 0.049340 0.054936 0.407488 0.076080 0.045403
0.070964 0.156052 0.046618 0.050567 0.048493 0.046497 0.046396 0.047032 0.050668 0.331228 0.059092 0.046395
0.072962 0.124189 0.043583 0.051567 0.047770 0.043574 0.043828 0.047847 0.047510 0.356844 0.076754 0.043574
0.125890 0.118454 0.043647 0.043646 0.043641 0.044633 0.043641 0.043637 0.049328 0.341492 0.058355 0.043637
0.064258 0.087254 0.039237 0.041719 0.039232 0.039228 0.039232 0.039228 0.041718 0.454412 0.075255 0.039228
0.052955 0.056840 0.043947 0.051787 0.047597 0.043947 0.044224 0.043947 0.047615 0.453160 0.070034 0.043947
0.079988 0.057395 0.049824 0.053600 0.049833 0.049824 0.049824 0.054097 0.053548 0.390587 0.061655 0.049824
0.062237 0.071755 0.046322 0.046328 0.046322 0.046322 0.046322 0.050595 0.048925 0.406146 0.082405 0.046322
0.063741 0.099251 0.048566 0.052519 0.049855 0.048566 0.048572 0.051746 0.052399 0.380021 0.056196 0.048567
0.079419 0.057156 0.042501 0.048429 0.042497 0.042494 0.042748 0.042494 0.043737 0.445705 0.070327 0.042494
0.099508 0.066578 0.048591 0.054197 0.053529 0.048591 0.048591 0.051770 0.053357 0.378105 0.048592 0.048591
0.074569 0.058433 0.045540 0.049345 0.045540 0.045540 0.045540 0.049477 0.052716 0.436670 0.051090 0.045540
0.088688 0.058791 0.043166 0.046815 0.046815 0.043166 0.043166 0.043166 0.050749 0.411613 0.080699 0.043166
0.055297 0.113282 0.043020 0.045508 0.043020 0.043020 0.043020 0.043690 0.049776 0.419541 0.057808 0.043020
0.044291 0.041690 0.041594 0.042887 0.044837 0.041594 0.041594 0.045869 0.042334 0.499701 0.072014 0.041594
0.064423 0.060199 0.047847 0.049140 0.047847 0.047847 0.047847 0.052901 0.048588 0.429144 0.056371 0.047847
0.049363 0.088357 0.044069 0.046598 0.044069 0.044069 0.044069 0.048006 0.049452 0.446270 0.051608 0.044069
0.045921 0.067766 0.038844 0.042652 0.038844 0.038844 0.039095 0.042781 0.042800 0.511302 0.052306 0.038844
0.104759 0.069761 0.040519 0.050832 0.044168 0.040519 0.040866 0.042074 0.045307 0.427924 0.052755 0.040519
0.048783 0.109065 0.039038 0.047353 0.042683 0.039031 0.039341 0.039031 0.043832 0.438590 0.073892 0.039362
0.044896 0.089437 0.042844 0.042844 0.044026 0.043862 0.042844 0.045758 0.045998 0.463277 0.051369 0.042844
0.051242 0.091374 0.045652 0.051234 0.045652 0.045652 0.045653 0.045652 0.047373 0.415305 0.069558 0.045652
0.046188 0.129256 0.039759 0.042250 0.044578 0.039747 0.039750 0.039747 0.045453 0.425116 0.068410 0.039747
0.067239 0.077445 0.037634 0.042575 0.041283 0.038743 0.037634 0.037634 0.045454 0.497812 0.038911 0.037634
0.051789 0.089940 0.041872 0.048559 0.046259 0.041870 0.042147 0.041986 0.050931 0.424545 0.078232 0.041870
0.108627 0.067784 0.045308 0.049189 0.045308 0.045308 0.045308 0.045308 0.058697 0.376395 0.067460 0.045308
0.046423 0.133406 0.043819 0.047469 0.047463 0.043811 0.043814 0.048629 0.046418 0.383176 0.071761 0.043810
0.061339 0.094279 0.041259 0.045433 0.046745 0.042387 0.041253 0.044504 0.048687 0.417542 0.075324 0.041249
0.051844 0.127350 0.043296 0.049578 0.046945 0.043296 0.043296 0.043296 0.051680 0.395669 0.060455 0.043296
0.077461 0.047391 0.040499 0.044148 0.044149 0.040499 0.040500 0.044772 0.044146 0.461090 0.074846 0.040499
0.053473 0.074934 0.044220 0.048078 0.045106 0.044220 0.044220 0.046358 0.055471 0.449915 0.049787 0.044220
0.065443 0.086141 0.045513 0.049313 0.045513 0.045513 0.045514 0.049450 0.056650 0.399297 0.066138 0.045513
0.080776 0.094808 0.043924 0.043928 0.043918 0.043914 0.043918 0.048053 0.052582 0.374617 0.085650 0.043913
0.055025 0.100047 0.045284 0.050370 0.045284 0.045284 0.045284 0.045284 0.046974 0.418425 0.057457 0.045284
0.053978 0.124160 0.044020 0.049760 0.047998 0.044018 0.044269 0.048291 0.047633 0.392114 0.059740 0.044018
0.068768 0.063201 0.044974 0.044974 0.044974 0.044975 0.044974 0.044975 0.049247 0.452725 0.051237 0.044975
0.065120 0.081918 0.040576 0.044225 0.040576 0.040576 0.040577 0.040741 0.048179 0.452931 0.064004 0.040576
0.047818 0.130011 0.039920 0.048289 0.039920 0.039920 0.040196 0.043862 0.050655 0.420293 0.059198 0.039920
0.101871 0.087206 0.048292 0.051950 0.051941 0.048292 0.048292 0.052934 0.056997 0.343467 0.060466 0.048292
0.087036 0.070575 0.046687 0.047069 0.046682 0.046680 0.046682 0.046680 0.056724 0.381432 0.077073 0.046680
0.081261 0.097083 0.043944 0.043945 0.045126 0.044963 0.043944 0.046859 0.047098 0.415401 0.046433 0.043944
0.044606 0.089782 0.042117 0.049957 0.045766 0.042117 0.042393 0.046053 0.046075 0.442684 0.066333 0.042117
0.050453 0.066900 0.041153 0.050610 0.044802 0.041153 0.041462 0.045090 0.049312 0.462538 0.060365 0.046162
0.054025 0.135550 0.042833 0.047928 0.045108 0.042833 0.042834 0.046770 0.051130 0.396798 0.051359 0.042833
0.078538 0.142897 0.044162 0.047819 0.047811 0.044162 0.044162 0.044162 0.055961 0.335026 0.071139 0.044162
0.116490 0.131708 0.042248 0.043641 0.042248 0.042248 0.042248 0.042248 0.047587 0.356313 0.050773 0.042248
0.054708 0.081073 0.038650 0.042292 0.042294 0.038642 0.038644 0.038641 0.042919 0.476914 0.066581 0.038641
0.053210 0.056365 0.039579 0.047331 0.039579 0.040688 0.039926 0.039579 0.045527 0.517213 0.040927 0.040076
0.053087 0.040165 0.040165 0.043813 0.040165 0.040165 0.040165 0.044101 0.047747 0.500118 0.070144 0.040165
0.044519 0.082384 0.040792 0.044446 0.040792 0.040792 0.040792 0.044728 0.050977 0.453849 0.075138 0.040792
0.049040 0.089140 0.040461 0.040471 0.044633 0.040461 0.040461 0.040461 0.053331 0.467918 0.053161 0.040461
0.048753 0.073526 0.039961 0.042649 0.039961 0.039961 0.039961 0.043897 0.049468 0.473361 0.068542 0.039961
0.098301 0.042407 0.038512 0.038512 0.038512 0.038512 0.038512 0.042448 0.042448 0.503538 0.039788 0.038512
0.056355 0.049931 0.042022 0.049698 0.045672 0.042022 0.042025 0.045959 0.051831 0.481880 0.050583 0.042023
0.081558 0.060241 0.037798 0.045242 0.045420 0.037789 0.038042 0.041725 0.045393 0.465193 0.063811 0.037788
0.048020 0.084803 0.041029 0.047549 0.045860 0.042048 0.041030 0.043943 0.051906 0.453724 0.055121 0.044968
0.043342 0.038507 0.036834 0.041448 0.036834 0.036834 0.036834 0.040771 0.044473 0.533149 0.074139 0.036834
0.037649 0.050541 0.037648 0.038941 0.038937 0.037648 0.037648 0.040827 0.040874 0.548606 0.053032 0.037648
0.068774 0.072941 0.039656 0.042144 0.039656 0.039656 0.039656 0.043593 0.046079 0.480004 0.048182 0.039658
0.075599 0.056848 0.042212 0.043504 0.042212 0.042212 0.042212 0.046484 0.042951 0.468459 0.055097 0.042212
0.091478 0.043557 0.039618 0.045223 0.043267 0.039618 0.039618 0.039751 0.048371 0.483420 0.046461 0.039618
0.044094 0.094430 0.038889 0.046730 0.042539 0.038889 0.039166 0.040496 0.047145 0.483380 0.045353 0.038889
0.039685 0.047880 0.039646 0.041084 0.039646 0.039646 0.039646 0.043612 0.047792 0.531056 0.050661 0.039646
0.062072 0.048405 0.042080 0.047721 0.045729 0.042080 0.042080 0.046645 0.051431 0.483991 0.044570 0.043195
0.062241 0.067928 0.040595 0.044243 0.044244 0.040595 0.040595 0.044531 0.048177 0.464244 0.062013 0.040595
0.069471 0.067774 0.037527 0.042468 0.041176 0.037527 0.037527 0.041463 0.045848 0.501676 0.040016 0.037527
0.052611 0.068349 0.038568 0.044172 0.042218 0.038568 0.038569 0.038763 0.047292 0.505226 0.047094 0.038568
0.045754 0.107131 0.041683 0.041689 0.041683 0.041683 0.041683 0.046255 0.048858 0.451691 0.050208 0.041683
0.043726 0.105042 0.040543 0.045626 0.044192 0.040543 0.040543 0.045013 0.051186 0.454959 0.048083 0.040543
0.055612 0.086417 0.037578 0.042679 0.037585 0.037578 0.037829 0.042587 0.038337 0.485611 0.060609 0.037578
0.046312 0.127827 0.042098 0.042098 0.047037 0.042098 0.042098 0.045278 0.045744 0.422208 0.055102 0.042098
0.078783 0.080235 0.041338 0.046723 0.049812 0.041335 0.041337 0.045272 0.046266 0.434499 0.053064 0.041335
0.071788 0.068320 0.038389 0.043784 0.038383 0.038380 0.038383 0.041075 0.049641 0.479263 0.054213 0.038380
0.078819 0.159794 0.043286 0.043292 0.044605 0.044423 0.043286 0.046540 0.053057 0.337885 0.061726 0.043286
0.048470 0.145831 0.041419 0.046480 0.045068 0.041419 0.041420 0.045845 0.050161 0.386635 0.065832 0.041419
0.099912 0.107318 0.043394 0.044696 0.047567 0.043394 0.043395 0.043394 0.050908 0.369168 0.063459 0.043394
0.068568 0.142656 0.039491 0.045090 0.043136 0.039484 0.039487 0.043429 0.048196 0.383325 0.067653 0.039484
0.073625 0.089517 0.040514 0.045560 0.045344 0.041532 0.040514 0.043428 0.048113 0.434943 0.056396 0.040514
0.111898 0.092174 0.044646 0.044652 0.044646 0.044646 0.044646 0.048582 0.054831 0.354922 0.069715 0.044646
0.086144 0.160771 0.041982 0.046159 0.041982 0.041982 0.041982 0.045936 0.052708 0.337235 0.061138 0.041982
0.118825 0.133300 0.040818 0.046832 0.044727 0.040818 0.040818 0.045400 0.050305 0.347997 0.049343 0.040818
0.084481 0.090838 0.041060 0.045231 0.045227 0.041051 0.041054 0.045603 0.048210 0.393791 0.082403 0.041051
0.052401 0.176366 0.039961 0.039961 0.041280 0.041098 0.039961 0.043215 0.043482 0.374412 0.067904 0.039961
0.074009 0.062974 0.041481 0.045129 0.045130 0.041481 0.041481 0.045515 0.049161 0.442719 0.069425 0.041497
0.076974 0.083351 0.039524 0.043176 0.047991 0.039521 0.039521 0.039521 0.050043 0.445448 0.055409 0.039521
0.060111 0.185263 0.040827 0.040833 0.040827 0.040827 0.040827 0.040827 0.047703 0.355888 0.065239 0.040827
0.078567 0.154182 0.042019 0.045890 0.045891 0.042019 0.042019 0.045956 0.049825 0.332297 0.079318 0.042019
0.088706 0.129394 0.039239 0.043440 0.039239 0.039239 0.039515 0.043835 0.047886 0.383750 0.066518 0.039239
0.065610 0.110576 0.042172 0.045822 0.045822 0.042172 0.042173 0.046110 0.049757 0.424163 0.043450 0.042172
0.104525 0.046132 0.042186 0.042179 0.042180 0.042177 0.042179 0.042177 0.046810 0.437276 0.070003 0.042176
0.041328 0.043045 0.038742 0.042390 0.043711 0.039879 0.038742 0.041996 0.045910 0.538246 0.047268 0.038742
0.039471 0.080665 0.036915 0.044371 0.044543 0.036913 0.037164 0.040850 0.047118 0.473149 0.081927 0.036913
0.101792 0.087210 0.039227 0.044233 0.043400 0.039227 0.039228 0.043164 0.051738 0.416438 0.055116 0.039227
0.058908 0.058137 0.041194 0.045375 0.045366 0.041194 0.041194 0.041194 0.053650 0.482875 0.049720 0.041194
0.096478 0.053138 0.044942 0.046964 0.044942 0.044942 0.045036 0.048879 0.049963 0.408267 0.071498 0.044951
0.071569 0.052283 0.036279 0.039922 0.039923 0.036272 0.036274 0.040208 0.043857 0.509554 0.057588 0.036272
0.087128 0.060671 0.037199 0.045865 0.041624 0.038192 0.037475 0.037208 0.043908 0.476325 0.057212 0.037196
0.058759 0.124321 0.041456 0.043944 0.041456 0.041456 0.041456 0.041456 0.048940 0.412188 0.062873 0.041697
0.054315 0.041545 0.040029 0.041572 0.043678 0.040029 0.040029 0.044028 0.050055 0.508119 0.056573 0.040029
0.066170 0.044318 0.037527 0.043799 0.041699 0.037527 0.037527 0.042138 0.048375 0.501455 0.061940 0.037527
0.078503 0.086787 0.041669 0.047273 0.045319 0.041669 0.041670 0.045942 0.046434 0.419984 0.063081 0.041669
0.088267 0.057058 0.041023 0.045027 0.041023 0.041023 0.041023 0.044959 0.050287 0.456208 0.053081 0.041023
0.087295 0.084721 0.039786 0.039786 0.039786 0.039786 0.039786 0.039791 0.039786 0.469910 0.039786 0.039786
0.049887 0.089851 0.042966 0.046615 0.046616 0.042966 0.042967 0.047519 0.051165 0.444990 0.051492 0.042966
0.036854 0.080490 0.034214 0.043371 0.042276 0.034202 0.034484 0.038179 0.042589 0.521185 0.057955 0.034202
0.055257 0.063683 0.038208 0.041989 0.038208 0.039459 0.038208 0.038208 0.045310 0.500104 0.063158 0.038208
0.058308 0.094647 0.042126 0.047901 0.045775 0.042126 0.042126 0.046062 0.050925 0.427105 0.060774 0.042126
0.060765 0.041607 0.038988 0.044762 0.042637 0.038988 0.038988 0.042925 0.047786 0.507202 0.056361 0.038988
0.051699 0.087145 0.040515 0.040521 0.040515 0.040515 0.040515 0.041158 0.047124 0.480742 0.049039 0.040515
0.055158 0.090299 0.040270 0.043919 0.040270 0.040270 0.040270 0.040270 0.048926 0.452552 0.065795 0.042000
0.049354 0.088290 0.038627 0.049543 0.042276 0.038627 0.038878 0.038627 0.044059 0.463858 0.069234 0.038627
0.058429 0.081288 0.041056 0.048663 0.045229 0.041056 0.041056 0.045608 0.051534 0.455442 0.049582 0.041056
0.046839 0.159136 0.038571 0.040641 0.041813 0.038571 0.038571 0.038571 0.039755 0.420794 0.058166 0.038571
0.065635 0.057286 0.039506 0.044907 0.043155 0.039506 0.039506 0.043442 0.048090 0.487897 0.051564 0.039506
0.043181 0.098015 0.037322 0.040977 0.037322 0.037322 0.037323 0.039547 0.043930 0.483131 0.064606 0.037322
0.054968 0.119581 0.044987 0.054198 0.044987 0.044987 0.044987 0.049996 0.054528 0.388281 0.053513 0.044987
0.058182 0.096357 0.042187 0.042194 0.045834 0.042185 0.042185 0.046805 0.054366 0.427604 0.059917 0.042185
0.087233 0.085623 0.043032 0.044367 0.043032 0.044141 0.043032 0.043032 0.049831 0.428125 0.045521 0.043032
0.058485 0.113284 0.041581 0.047474 0.045224 0.041572 0.041575 0.041572 0.050781 0.400405 0.076477 0.041572
0.059133 0.073667 0.039183 0.048787 0.042832 0.040292 0.039491 0.039183 0.047027 0.480702 0.050518 0.039183
0.071158 0.109205 0.041752 0.045407 0.041759 0.041752 0.041752 0.045688 0.051938 0.396106 0.071730 0.041752
0.060960 0.159699 0.045352 0.049530 0.045352 0.045352 0.045353 0.049291 0.056063 0.330893 0.066803 0.045352
0.062357 0.103527 0.040580 0.043078 0.040580 0.040580 0.040581 0.045140 0.049063 0.422640 0.067481 0.044392
0.089469 0.075139 0.043474 0.047655 0.047646 0.043474 0.043474 0.048026 0.054800 0.395488 0.067880 0.043474
0.049043 0.147454 0.041574 0.041579 0.041574 0.041574 0.041574 0.041575 0.045855 0.404468 0.062155 0.041574
0.054794 0.112990 0.041032 0.044680 0.044681 0.041032 0.041032 0.044968 0.048614 0.435362 0.049784 0.041032
0.054306 0.085961 0.040056 0.043717 0.043580 0.040056 0.040056 0.043992 0.050247 0.463824 0.054147 0.040056
0.078586 0.164132 0.039943 0.044121 0.039943 0.039943 0.039943 0.039943 0.046819 0.381292 0.045392 0.039943
0.072838 0.143936 0.041786 0.045967 0.045959 0.041786 0.041787 0.041786 0.049868 0.366300 0.066200 0.041786
0.075465 0.144170 0.040978 0.040987 0.040978 0.040978 0.040978 0.040978 0.044900 0.399109 0.049502 0.040978
0.041310 0.105666 0.038571 0.041059 0.038571 0.038571 0.038571 0.042543 0.045030 0.491689 0.039848 0.038571
0.080094 0.041017 0.040963 0.042980 0.040963 0.040963 0.040963 0.040963 0.044641 0.497614 0.047873 0.040963
0.050462 0.056537 0.039366 0.043009 0.043011 0.039359 0.039361 0.043632 0.043008 0.502222 0.060675 0.039359
0.050923 0.067687 0.041310 0.049156 0.046141 0.042328 0.041587 0.044224 0.050734 0.470565 0.054036 0.041310
0.049641 0.085454 0.040154 0.044335 0.044327 0.040154 0.040155 0.044427 0.048236 0.468640 0.054324 0.040154
0.051261 0.096540 0.041945 0.044446 0.046118 0.041945 0.041945 0.041945 0.051822 0.434810 0.065277 0.041945
0.052820 0.082774 0.036634 0.041078 0.036634 0.036634 0.036634 0.040571 0.044175 0.517500 0.037911 0.036634
0.061630 0.054772 0.040145 0.042271 0.043794 0.040145 0.040145 0.044418 0.045007 0.482321 0.065207 0.040145
0.054240 0.109239 0.038714 0.042363 0.042363 0.038714 0.038715 0.038714 0.042360 0.463057 0.052805 0.038714
0.039285 0.134847 0.035776 0.038264 0.035776 0.035776 0.035776 0.039788 0.042449 0.483870 0.042618 0.035776
0.050936 0.046099 0.037883 0.041664 0.037883 0.037883 0.037883 0.037883 0.038623 0.553730 0.041648 0.037883
0.047141 0.069024 0.038946 0.042730 0.038946 0.038946 0.038947 0.038946 0.044694 0.507204 0.055528 0.038946
0.063486 0.100672 0.036581 0.042184 0.040230 0.036581 0.036581 0.040517 0.045281 0.465568 0.055737 0.036581
0.098051 0.053524 0.038549 0.042454 0.038549 0.038549 0.038549 0.042485 0.043296 0.474351 0.053094 0.038549
0.083646 0.106055 0.039965 0.043613 0.043614 0.039965 0.039965 0.043902 0.043902 0.417005 0.058402 0.039965
0.053476 0.101599 0.041970 0.041970 0.041970 0.041970 0.041970 0.046557 0.046557 0.449493 0.050495 0.041970
0.039564 0.087445 0.034584 0.039519 0.038227 0.034575 0.034578 0.039205 0.039947 0.515026 0.062754 0.034575
0.042386 0.087333 0.036406 0.044668 0.041703 0.037541 0.036655 0.039658 0.043559 0.493935 0.059429 0.036727
0.058594 0.144303 0.039106 0.042754 0.042755 0.039106 0.039106 0.043042 0.046688 0.402925 0.062514 0.039106
0.042509 0.083687 0.038321 0.041969 0.041970 0.038321 0.038321 0.042257 0.042257 0.494210 0.057857 0.038321
0.103719 0.070230 0.037242 0.042368 0.037242 0.037242 0.037242 0.039733 0.042700 0.450897 0.064143 0.037242
0.039593 0.158609 0.036897 0.040546 0.040541 0.036889 0.036892 0.041448 0.047700 0.420281 0.063717 0.036889
0.061561 0.130127 0.041791 0.041977 0.042991 0.042825 0.041791 0.044751 0.049884 0.408916 0.051593 0.041791
0.057085 0.103933 0.040706 0.046174 0.040701 0.040699 0.040701 0.045707 0.049522 0.415645 0.078431 0.040698
0.062333 0.157511 0.040727 0.046330 0.045557 0.041745 0.040727 0.043641 0.048645 0.376699 0.055359 0.040727
0.045383 0.128195 0.038464 0.042112 0.042113 0.038464 0.038464 0.038464 0.046383 0.452139 0.051357 0.038464
0.073793 0.092353 0.041336 0.046538 0.044985 0.041336 0.041337 0.045273 0.053220 0.395460 0.083031 0.041336
0.096155 0.109777 0.043384 0.049995 0.047552 0.043376 0.043379 0.047935 0.058192 0.350447 0.066432 0.043376
0.069309 0.128650 0.041001 0.045175 0.046349 0.042010 0.040995 0.043906 0.052230 0.371210 0.078174 0.040992
0.066368 0.135347 0.046464 0.047766 0.046464 0.047573 0.046464 0.046464 0.054574 0.342893 0.073157 0.046464
0.058297 0.117119 0.042522 0.046170 0.046171 0.042522 0.042522 0.042522 0.050441 0.399749 0.069444 0.042522
0.073819 0.058576 0.037166 0.046330 0.045234 0.037163 0.037442 0.041099 0.045506 0.468898 0.071604 0.037163
0.057857 0.088878 0.041014 0.041020 0.043671 0.041014 0.041014 0.042459 0.051318 0.442878 0.067863 0.041014
0.109674 0.077519 0.041586 0.045469 0.041586 0.041586 0.041586 0.041586 0.054377 0.377988 0.085458 0.041586
0.108453 0.112830 0.047044 0.049428 0.047038 0.047035 0.047038 0.051345 0.054206 0.317077 0.071471 0.047035
0.065964 0.094857 0.038776 0.038769 0.043739 0.039904 0.038770 0.042021 0.042292 0.439513 0.076629 0.038767
0.061500 0.107869 0.044221 0.048066 0.048245 0.045327 0.044472 0.044218 0.047673 0.401224 0.062966 0.044218
0.059481 0.046177 0.039664 0.042153 0.039664 0.039664 0.039665 0.043601 0.046087 0.478025 0.086154 0.039664
0.069722 0.069685 0.036360 0.045195 0.043987 0.036358 0.036609 0.040295 0.044617 0.467973 0.072839 0.036358
0.056957 0.109222 0.043917 0.048094 0.043917 0.043917 0.043917 0.043917 0.054961 0.405419 0.056835 0.048927
0.102584 0.051858 0.046137 0.046147 0.046137 0.046137 0.046137 0.050073 0.054008 0.394103 0.070542 0.046137
0.089060 0.089932 0.046145 0.046145 0.046145 0.046145 0.046145 0.050095 0.050095 0.389281 0.054669 0.046145
0.046586 0.093764 0.039395 0.045768 0.043400 0.039383 0.039639 0.039383 0.046203 0.468942 0.058155 0.039383
0.046028 0.056863 0.039701 0.047541 0.043350 0.039701 0.039977 0.039701 0.043368 0.510659 0.053412 0.039701
0.048690 0.054422 0.042535 0.046369 0.046092 0.042535 0.042535 0.046471 0.050231 0.467307 0.065265 0.047548
0.050523 0.060849 0.039964 0.043146 0.039958 0.039955 0.039958 0.039955 0.050015 0.478541 0.077179 0.039955
0.054056 0.065674 0.045137 0.051228 0.048786 0.046246 0.045137 0.045137 0.053377 0.446422 0.053663 0.045137
0.073709 0.047238 0.044619 0.044619 0.044619 0.044619 0.044619 0.048555 0.048555 0.439635 0.074596 0.044619
0.078139 0.048860 0.046780 0.048965 0.046780 0.046780 0.046780 0.046780 0.047948 0.432741 0.062667 0.046780
0.040730 0.067901 0.040707 0.053276 0.048769 0.040696 0.040983 0.040696 0.051233 0.471250 0.063065 0.040696
0.087328 0.041335 0.040690 0.050050 0.044334 0.041790 0.040961 0.040681 0.048659 0.455569 0.067920 0.040681
0.061761 0.092115 0.046084 0.048572 0.046302 0.046084 0.046084 0.046547 0.048579 0.401291 0.070496 0.046084
0.042709 0.043250 0.042666 0.048422 0.046315 0.042666 0.042666 0.042666 0.051738 0.480277 0.073958 0.042666
0.057256 0.047794 0.042349 0.047290 0.045998 0.042349 0.042349 0.047002 0.051388 0.486517 0.047358 0.042349
0.082348 0.048069 0.042921 0.045050 0.042921 0.042921 0.042921 0.047194 0.046625 0.446290 0.069817 0.042921
0.045788 0.049067 0.041849 0.042214 0.041849 0.041849 0.041849 0.045785 0.049222 0.484603 0.074078 0.041849
0.105348 0.045100 0.043595 0.050473 0.047245 0.043595 0.043596 0.044952 0.056275 0.431349 0.044875 0.043595
0.040108 0.081635 0.036214 0.043369 0.036210 0.036207 0.036518 0.040760 0.043273 0.506354 0.063145 0.036207
0.041785 0.064905 0.041679 0.041704 0.042860 0.042697 0.041679 0.044593 0.044849 0.495799 0.055770 0.041679
0.044278 0.044300 0.038215 0.039044 0.041859 0.038208 0.038264 0.042768 0.046899 0.494254 0.093699 0.038212
0.056654 0.067007 0.036574 0.047235 0.037751 0.037586 0.036939 0.039481 0.041952 0.485258 0.076987 0.036575
0.071236 0.063408 0.038550 0.042326 0.039727 0.039561 0.038545 0.041457 0.044925 0.465438 0.076283 0.038543
0.059605 0.092389 0.047374 0.047380 0.047619 0.048389 0.047374 0.047897 0.053101 0.375455 0.086044 0.047374
0.084754 0.082698 0.048944 0.052045 0.048944 0.048944 0.048944 0.053503 0.057032 0.350095 0.074730 0.049367
0.047255 0.084928 0.037141 0.045063 0.037136 0.037132 0.037412 0.042239 0.040359 0.474339 0.079863 0.037132
0.069595 0.093458 0.043739 0.052135 0.047927 0.043739 0.044016 0.043739 0.052469 0.396713 0.068732 0.043739
0.070950 0.125757 0.046569 0.052460 0.050218 0.046569 0.046669 0.046569 0.054043 0.341383 0.072235 0.046578
0.076264 0.051151 0.040052 0.045210 0.043696 0.040044 0.040046 0.043980 0.050470 0.454770 0.074274 0.040043
0.094097 0.057037 0.042711 0.046368 0.047191 0.043860 0.042711 0.044779 0.052522 0.442025 0.043988 0.042711
0.061352 0.108938 0.045020 0.049198 0.045020 0.045020 0.045020 0.049667 0.056439 0.361416 0.087891 0.045020
0.066392 0.092487 0.046303 0.046312 0.046303 0.046303 0.046303 0.050759 0.054672 0.378847 0.075082 0.050239
0.074583 0.066534 0.043865 0.048037 0.048038 0.043865 0.043866 0.048874 0.048034 0.420111 0.070327 0.043865
0.099866 0.111061 0.044029 0.049802 0.048007 0.044027 0.044278 0.047967 0.049114 0.340471 0.077350 0.044027
0.084844 0.084450 0.041183 0.042476 0.041183 0.041183 0.041183 0.045119 0.045859 0.448878 0.042459 0.041183
0.083693 0.114004 0.042333 0.046134 0.046311 0.042331 0.042582 0.042331 0.042350 0.388210 0.067389 0.042331
0.100727 0.163621 0.041133 0.049251 0.045111 0.041131 0.041382 0.045726 0.050864 0.332809 0.047114 0.041131
0.096321 0.102095 0.043560 0.051554 0.047819 0.043560 0.043812 0.048125 0.052058 0.369533 0.058000 0.043560
0.120635 0.135434 0.044641 0.044641 0.044635 0.044632 0.044635 0.044632 0.052383 0.301022 0.078078 0.044632
0.051866 0.163142 0.041675 0.041673 0.043129 0.041674 0.041673 0.045262 0.044161 0.382075 0.061997 0.041673
0.063396 0.130200 0.043235 0.051555 0.048065 0.044253 0.043543 0.046149 0.050058 0.385798 0.050515 0.043235
0.077734 0.108419 0.050161 0.050168 0.050161 0.050161 0.050161 0.054098 0.056701 0.342074 0.060000 0.050161
0.099932 0.135779 0.048213 0.052526 0.052383 0.048203 0.048207 0.052475 0.053318 0.296535 0.064227 0.048202
0.119269 0.171137 0.044367 0.052543 0.052731 0.044363 0.044641 0.044362 0.052241 0.260746 0.069237 0.044362
0.132015 0.147979 0.047081 0.051257 0.052571 0.048216 0.047079 0.050333 0.053204 0.254570 0.068615 0.047079
0.097667 0.097019 0.046998 0.052035 0.050643 0.048100 0.046994 0.046991 0.054736 0.344739 0.067086 0.046991
0.104800 0.068861 0.050402 0.050402 0.055340 0.050402 0.050402 0.053581 0.054048 0.351742 0.059620 0.050402
0.107912 0.059700 0.049413 0.051901 0.049413 0.049413 0.049413 0.053349 0.053349 0.364677 0.061740 0.049720
0.068456 0.129611 0.045643 0.050738 0.046342 0.045643 0.045643 0.049579 0.053940 0.362698 0.056065 0.045643
0.095521 0.104642 0.047477 0.051662 0.051649 0.047477 0.047477 0.051749 0.055561 0.339032 0.060276 0.047477
0.126976 0.064157 0.048836 0.052548 0.048831 0.048829 0.048846 0.053102 0.054780 0.329585 0.074681 0.048830
0.146740 0.049261 0.046649 0.048665 0.047826 0.047660 0.046737 0.049556 0.050882 0.356516 0.062859 0.046650
0.100607 0.046434 0.043845 0.045669 0.045022 0.044856 0.043840 0.046752 0.048040 0.409051 0.082046 0.043838
0.108167 0.082233 0.042425 0.052077 0.052186 0.043441 0.042733 0.045337 0.049985 0.365164 0.073830 0.042422
0.054184 0.105154 0.045389 0.050407 0.053380 0.045387 0.045387 0.045387 0.050641 0.372857 0.085389 0.046438
0.061166 0.051393 0.046265 0.047703 0.046265 0.046265 0.046265 0.050220 0.051910 0.429965 0.076316 0.046265
0.072103 0.053138 0.049354 0.051328 0.049354 0.049354 0.049354 0.054451 0.050483 0.400964 0.070764 0.049354
0.070878 0.096127 0.046519 0.053918 0.046519 0.046519 0.046866 0.046519 0.052064 0.379562 0.067991 0.046519
0.089512 0.081075 0.041288 0.042783 0.046161 0.041285 0.041285 0.045221 0.047828 0.435376 0.046901 0.041285
0.094924 0.057639 0.041752 0.047526 0.045401 0.041752 0.041752 0.046024 0.046614 0.440008 0.054857 0.041752
0.066173 0.099696 0.040385 0.048226 0.048421 0.040383 0.040660 0.044851 0.048518 0.403082 0.079223 0.040383
0.058740 0.081710 0.039297 0.042945 0.042946 0.039297 0.039297 0.043615 0.039297 0.476445 0.057115 0.039297
0.071089 0.090030 0.043588 0.047750 0.046831 0.043588 0.043712 0.043588 0.045934 0.400203 0.080087 0.043599
0.051676 0.097088 0.040629 0.040629 0.040629 0.040629 0.040629 0.044902 0.040629 0.480024 0.041905 0.040629
0.078728 0.073685 0.040731 0.043309 0.042020 0.040731 0.040733 0.043910 0.042108 0.470054 0.043258 0.040731
0.105410 0.066505 0.041611 0.045410 0.045587 0.041607 0.041857 0.042913 0.041626 0.433259 0.052609 0.041606
0.051524 0.102961 0.037320 0.044761 0.042474 0.038327 0.037563 0.040223 0.044129 0.448252 0.075159 0.037309
0.047818 0.137442 0.042812 0.054866 0.051758 0.043946 0.043060 0.046064 0.052425 0.372505 0.059366 0.047938
0.068062 0.100237 0.045016 0.046319 0.048665 0.045016 0.045016 0.049568 0.054711 0.372896 0.079479 0.045016
0.068554 0.152392 0.044984 0.047417 0.044984 0.044984 0.044984 0.044984 0.053083 0.339024 0.069627 0.044984
0.065197 0.102932 0.043944 0.049718 0.047593 0.043944 0.043944 0.048217 0.048806 0.411535 0.050226 0.043944
0.090599 0.092584 0.045139 0.050518 0.048789 0.045139 0.045140 0.046710 0.056551 0.361481 0.072210 0.045139
0.084162 0.139900 0.043443 0.047097 0.043443 0.043443 0.043443 0.048379 0.049692 0.364531 0.049027 0.043443
0.070922 0.126809 0.043932 0.047590 0.047582 0.043932 0.043933 0.043932 0.047845 0.377221 0.062369 0.043932
0.140632 0.098092 0.040888 0.046359 0.040888 0.040888 0.040889 0.045890 0.044231 0.372806 0.047549 0.040888
0.091756 0.146958 0.041122 0.044771 0.044772 0.041122 0.041123 0.041122 0.041122 0.366477 0.058531 0.041122
0.079029 0.077179 0.040723 0.040723 0.040723 0.040723 0.040723 0.044659 0.044659 0.451037 0.059099 0.040723
0.092481 0.121370 0.044543 0.048192 0.044546 0.044543 0.044544 0.048480 0.048480 0.368807 0.049469 0.044544
0.070934 0.188006 0.042425 0.042428 0.047250 0.042422 0.042422 0.046368 0.048970 0.329841 0.056512 0.042422
0.064357 0.177106 0.042185 0.042330 0.042185 0.042185 0.042185 0.046791 0.047742 0.354475 0.056275 0.042185
0.091371 0.114269 0.041354 0.041372 0.045527 0.041354 0.041354 0.046488 0.045534 0.373586 0.076435 0.041354
