0.045956 0.043505 0.047442 0.045220 0.043817 0.042454 0.050967 0.090065 0.042476 0.058816 0.449040 0.040241
0.044742 0.046643 0.051883 0.047915 0.046877 0.044698 0.054434 0.067436 0.044969 0.059817 0.448291 0.042295
0.048641 0.048677 0.052152 0.048444 0.048087 0.046062 0.048210 0.065738 0.046331 0.056476 0.446758 0.044424
0.044166 0.045538 0.048837 0.045363 0.045763 0.045668 0.047528 0.069603 0.048160 0.049346 0.466118 0.043910
0.048397 0.048506 0.053488 0.048879 0.049812 0.049402 0.050849 0.081254 0.051687 0.054093 0.416023 0.047611
0.050792 0.047132 0.050946 0.045043 0.045605 0.046227 0.047004 0.096613 0.052284 0.053178 0.420599 0.044578
0.042527 0.044678 0.048220 0.042928 0.043304 0.043612 0.044928 0.095232 0.045251 0.059937 0.447214 0.042168
0.045094 0.046600 0.045409 0.044207 0.042135 0.041341 0.045433 0.105504 0.043927 0.053894 0.447038 0.039419
0.049706 0.051020 0.053490 0.051181 0.049831 0.047848 0.050671 0.075844 0.048876 0.058372 0.416810 0.046352
0.045123 0.046285 0.052129 0.047122 0.048994 0.046866 0.049159 0.079415 0.047324 0.060914 0.432264 0.044406
0.045957 0.046087 0.048817 0.044766 0.045164 0.045493 0.046331 0.081411 0.047836 0.058638 0.445368 0.044131
0.041954 0.042432 0.045646 0.042407 0.042853 0.042402 0.043022 0.070086 0.047195 0.048651 0.491830 0.041521
0.042864 0.044472 0.048179 0.042894 0.043713 0.043295 0.043429 0.072319 0.043476 0.057063 0.475919 0.042377
0.040036 0.041770 0.047513 0.040435 0.041024 0.040497 0.041081 0.065199 0.041040 0.059848 0.501986 0.039570
0.047963 0.042039 0.043762 0.042266 0.042298 0.042472 0.044062 0.069761 0.044748 0.046086 0.492983 0.041560
0.050679 0.046533 0.051781 0.047045 0.048043 0.047727 0.049166 0.079821 0.049357 0.052927 0.431556 0.045364
0.042756 0.039968 0.045783 0.040246 0.040921 0.041513 0.042173 0.088647 0.046097 0.049715 0.482644 0.039539
0.040585 0.041261 0.043867 0.045422 0.039482 0.039930 0.046957 0.080089 0.042049 0.047243 0.495502 0.037615
0.043034 0.042711 0.047922 0.047813 0.044517 0.043551 0.048801 0.098835 0.045259 0.057040 0.439254 0.041264
0.039691 0.040140 0.045792 0.039339 0.040768 0.039649 0.040219 0.079651 0.041847 0.053555 0.501254 0.038096
0.052852 0.044056 0.046426 0.042647 0.043133 0.043133 0.044479 0.067243 0.044653 0.053388 0.476253 0.041737
0.043557 0.044028 0.045351 0.042137 0.042389 0.043006 0.046584 0.082208 0.043728 0.053588 0.473217 0.040208
0.049275 0.047651 0.050006 0.048089 0.046778 0.046180 0.049150 0.077854 0.049933 0.052585 0.438122 0.044378
0.039192 0.038075 0.042724 0.040825 0.039614 0.038457 0.046148 0.081713 0.040740 0.051505 0.504380 0.036627
0.041032 0.042603 0.046014 0.045266 0.042701 0.042669 0.044896 0.083676 0.042862 0.054619 0.473138 0.040523
0.052066 0.043866 0.049281 0.044493 0.046317 0.043840 0.046158 0.078101 0.046314 0.058924 0.448590 0.042049
0.054187 0.050717 0.044605 0.043712 0.042192 0.041867 0.045597 0.070488 0.042106 0.050186 0.473757 0.040586
0.055355 0.046314 0.047728 0.049058 0.045006 0.044509 0.049375 0.079184 0.044526 0.056629 0.440392 0.041924
0.050473 0.043757 0.047650 0.051940 0.045165 0.044195 0.052492 0.072666 0.046130 0.052656 0.452260 0.040617
0.043699 0.043424 0.048894 0.047501 0.046066 0.043756 0.048391 0.084362 0.048385 0.054183 0.449967 0.041373
0.041585 0.042510 0.043737 0.041464 0.041861 0.041467 0.042253 0.073419 0.041763 0.052532 0.497602 0.039808
0.059461 0.049680 0.055901 0.056961 0.051765 0.049803 0.051446 0.076143 0.052216 0.065347 0.383540 0.047738
0.048943 0.049421 0.053292 0.049163 0.050554 0.048871 0.050192 0.088927 0.053595 0.055559 0.405440 0.046045
0.039678 0.041000 0.044211 0.039712 0.040981 0.040394 0.040736 0.074856 0.042454 0.047626 0.508990 0.039362
0.048776 0.049091 0.049874 0.045899 0.045922 0.045768 0.047451 0.074104 0.046279 0.060580 0.441830 0.044426
0.047470 0.049211 0.052495 0.048004 0.048605 0.047227 0.048493 0.083702 0.049426 0.062846 0.416291 0.046229
0.049442 0.052994 0.053879 0.050299 0.050778 0.050295 0.052146 0.086919 0.054321 0.055919 0.394580 0.048430
0.062976 0.044303 0.047060 0.044163 0.044393 0.044549 0.045187 0.085970 0.046635 0.056095 0.435088 0.043580
0.057544 0.041050 0.045332 0.041660 0.042022 0.041475 0.042274 0.084684 0.043808 0.048885 0.470729 0.040536
0.044135 0.044217 0.049968 0.044283 0.045393 0.044508 0.044553 0.072872 0.044734 0.058820 0.463191 0.043327
0.048790 0.046540 0.051277 0.044960 0.045628 0.045114 0.045640 0.071902 0.045579 0.057191 0.453250 0.044128
0.045039 0.045260 0.048037 0.044971 0.044763 0.045141 0.046637 0.070821 0.047642 0.049613 0.468519 0.043557
0.041793 0.043116 0.046621 0.041907 0.042747 0.042323 0.042419 0.078304 0.045953 0.049053 0.484356 0.041408
0.039647 0.038859 0.044655 0.038597 0.039411 0.039063 0.039234 0.071931 0.044000 0.049895 0.516577 0.038130
0.041535 0.043354 0.048075 0.041446 0.042352 0.042412 0.043005 0.086222 0.042978 0.059035 0.468685 0.040900
0.044687 0.043108 0.047568 0.042375 0.042895 0.042338 0.043960 0.077828 0.044740 0.051913 0.477115 0.041474
0.042706 0.042892 0.045650 0.042572 0.043208 0.042973 0.044411 0.072128 0.043110 0.047580 0.490625 0.042144
0.038490 0.040306 0.043408 0.045637 0.039976 0.040243 0.047113 0.086221 0.040711 0.053205 0.486600 0.038089
0.039784 0.040350 0.044709 0.044411 0.042010 0.041263 0.045083 0.097846 0.043353 0.050174 0.472087 0.038929
0.040706 0.045978 0.045154 0.040418 0.041264 0.041017 0.042525 0.083419 0.043451 0.050350 0.486797 0.038921
0.041868 0.045110 0.043729 0.040451 0.040340 0.040919 0.042331 0.079286 0.043083 0.052017 0.491301 0.039566
0.039148 0.040838 0.042837 0.039066 0.039461 0.039766 0.040552 0.082741 0.044121 0.052066 0.501116 0.038289
0.039800 0.040958 0.044707 0.040141 0.040557 0.040869 0.041684 0.086689 0.046080 0.054011 0.485157 0.039348
0.038991 0.039924 0.043037 0.039329 0.039711 0.040033 0.040867 0.082227 0.042419 0.051985 0.502964 0.038513
0.038176 0.038796 0.040423 0.038122 0.038226 0.038729 0.039623 0.080786 0.041063 0.049880 0.518699 0.037476
0.052808 0.040632 0.044840 0.041899 0.042506 0.041435 0.045602 0.079297 0.043209 0.052584 0.475939 0.039248
0.043375 0.043266 0.046360 0.044310 0.043109 0.042850 0.045087 0.084659 0.045249 0.055024 0.465673 0.041039
0.041446 0.040310 0.044340 0.039174 0.040304 0.040223 0.041271 0.074629 0.042143 0.053331 0.504911 0.037917
0.038956 0.039045 0.043121 0.039469 0.039872 0.040373 0.041501 0.078037 0.042761 0.050078 0.508009 0.038779
0.040411 0.041328 0.042039 0.040614 0.038980 0.038443 0.040584 0.077796 0.040692 0.051845 0.510167 0.037102
0.056466 0.046752 0.048355 0.049108 0.045747 0.045102 0.049659 0.078355 0.045088 0.057466 0.435304 0.042596
0.045307 0.045026 0.050238 0.046048 0.046274 0.044853 0.047253 0.087476 0.046827 0.058655 0.440111 0.041932
0.040537 0.039096 0.041835 0.041738 0.040007 0.039891 0.047077 0.077124 0.044534 0.045103 0.505668 0.037391
0.047927 0.044748 0.049569 0.047864 0.047070 0.046514 0.049521 0.086152 0.048349 0.057670 0.430616 0.044000
0.047468 0.041071 0.046779 0.039355 0.040710 0.040052 0.042956 0.100165 0.042743 0.056009 0.465015 0.037678
0.046438 0.050391 0.051232 0.047943 0.047201 0.046356 0.048421 0.080340 0.048755 0.059133 0.428824 0.044964
0.039772 0.039786 0.044319 0.040171 0.041148 0.040988 0.040763 0.081234 0.043426 0.054044 0.495228 0.039121
0.043798 0.043619 0.047557 0.043840 0.044472 0.043388 0.044373 0.071225 0.045786 0.055035 0.474458 0.042449
0.048268 0.046954 0.051139 0.047269 0.048033 0.047145 0.048913 0.076389 0.047542 0.058978 0.433900 0.045471
0.050198 0.042804 0.046909 0.046404 0.043677 0.044457 0.047598 0.084525 0.046802 0.057551 0.446689 0.042388
0.049168 0.047188 0.050157 0.056723 0.049538 0.047554 0.056842 0.093126 0.051648 0.049125 0.404108 0.044821
0.043418 0.042048 0.047104 0.044111 0.043878 0.042154 0.043775 0.082646 0.043969 0.056480 0.470374 0.040043
0.043205 0.042545 0.048276 0.041495 0.043202 0.041270 0.042556 0.082679 0.041570 0.058256 0.475379 0.039567
0.044157 0.044520 0.048616 0.044375 0.044870 0.045028 0.046236 0.075492 0.045408 0.057862 0.459834 0.043601
0.049324 0.043707 0.049188 0.044494 0.044943 0.044366 0.050854 0.080860 0.048567 0.051960 0.448709 0.043029
0.046436 0.045887 0.050732 0.048855 0.046973 0.046767 0.049719 0.081645 0.048788 0.050117 0.439267 0.044815
0.041901 0.037701 0.045671 0.037738 0.039073 0.038464 0.038473 0.081735 0.040777 0.055484 0.506034 0.036950
0.047580 0.060506 0.045826 0.042918 0.043326 0.042578 0.044677 0.064351 0.044843 0.048036 0.474375 0.040984
0.048174 0.049684 0.053227 0.048551 0.049692 0.048261 0.050314 0.088618 0.050456 0.060635 0.405312 0.047075
0.044260 0.048002 0.050008 0.044390 0.044759 0.045041 0.046191 0.081192 0.047799 0.053889 0.450870 0.043599
0.041581 0.041754 0.046222 0.041464 0.042184 0.042387 0.043166 0.091779 0.044562 0.052361 0.471641 0.040899
0.038504 0.038654 0.042082 0.038541 0.038860 0.038596 0.039189 0.091057 0.040788 0.048474 0.507421 0.037834
0.042533 0.041639 0.046611 0.043110 0.043303 0.041945 0.050078 0.068754 0.042158 0.053333 0.486108 0.040428
0.047705 0.047981 0.052522 0.049728 0.048944 0.047962 0.050554 0.079481 0.048362 0.060626 0.419999 0.046136
0.042308 0.044464 0.047588 0.042506 0.043832 0.043246 0.043106 0.082202 0.050619 0.047521 0.471377 0.041231
0.048091 0.040217 0.043401 0.039934 0.040722 0.040526 0.041420 0.065337 0.044798 0.044507 0.511425 0.039620
0.039059 0.040837 0.045666 0.038735 0.039607 0.039124 0.039337 0.081438 0.039571 0.057120 0.501380 0.038125
0.041425 0.042416 0.048090 0.041310 0.041900 0.042152 0.043329 0.088463 0.042658 0.058283 0.469326 0.040649
0.047601 0.050176 0.046870 0.044670 0.043639 0.043244 0.050471 0.075438 0.044900 0.049137 0.462590 0.041263
0.045574 0.047833 0.044892 0.049725 0.044524 0.045009 0.048152 0.080365 0.047991 0.048075 0.455520 0.042340
0.045828 0.045297 0.052339 0.047113 0.047057 0.044993 0.051876 0.084039 0.046730 0.060288 0.433110 0.041331
0.043152 0.045812 0.046781 0.046745 0.043873 0.042764 0.051724 0.097001 0.047591 0.055838 0.438877 0.039842
0.044818 0.047355 0.049231 0.047793 0.046290 0.045679 0.049546 0.085119 0.047362 0.056137 0.437328 0.043344
0.043655 0.046539 0.050871 0.044491 0.046090 0.044862 0.046195 0.081025 0.046502 0.059497 0.446951 0.043323
0.044252 0.045482 0.049864 0.044496 0.045055 0.044271 0.044730 0.080430 0.045652 0.059906 0.452082 0.043781
0.044986 0.045663 0.048311 0.044821 0.044981 0.045413 0.046269 0.075948 0.045771 0.057439 0.456248 0.044148
0.046834 0.046167 0.051358 0.053848 0.048115 0.047284 0.055292 0.089096 0.049616 0.058634 0.408497 0.045259
0.054905 0.049408 0.049768 0.053743 0.049578 0.049020 0.052197 0.086201 0.052980 0.051833 0.404231 0.046136
0.048175 0.048850 0.052229 0.048037 0.049508 0.047970 0.049203 0.097863 0.049686 0.058084 0.405230 0.045166
0.058983 0.044045 0.048346 0.045814 0.046043 0.042946 0.047924 0.093768 0.045221 0.056380 0.429298 0.041233
0.049218 0.044967 0.049728 0.047808 0.046410 0.045340 0.047506 0.071957 0.044943 0.056026 0.452015 0.044082
0.048726 0.051328 0.054495 0.050888 0.049464 0.047927 0.054957 0.070111 0.048290 0.063720 0.414502 0.045591
0.048302 0.048651 0.053839 0.052727 0.050366 0.049118 0.052042 0.077747 0.048897 0.058895 0.411780 0.047636
0.044457 0.044683 0.048643 0.043911 0.044699 0.044349 0.044788 0.061831 0.047098 0.050560 0.482238 0.042743
0.055782 0.052998 0.053002 0.051617 0.050636 0.049847 0.057034 0.068156 0.050141 0.056085 0.406759 0.047942
0.049412 0.051333 0.056549 0.052682 0.051089 0.050095 0.052953 0.087204 0.057701 0.059546 0.383724 0.047713
0.043333 0.043804 0.048787 0.042667 0.044449 0.044090 0.044475 0.090912 0.049231 0.053682 0.452608 0.041962
0.045435 0.046148 0.051106 0.045447 0.046492 0.045269 0.046913 0.091824 0.047694 0.061674 0.427847 0.044151
0.037254 0.040425 0.043654 0.037556 0.037793 0.038052 0.038399 0.068128 0.037810 0.054414 0.529605 0.036909
0.047458 0.047786 0.053717 0.047962 0.048993 0.047336 0.048533 0.075799 0.047036 0.063118 0.426533 0.045728
0.044190 0.045156 0.050064 0.044207 0.044616 0.044798 0.045700 0.066102 0.045112 0.053189 0.473550 0.043316
0.042236 0.042110 0.045184 0.042855 0.042554 0.042210 0.043407 0.070524 0.046942 0.048510 0.492050 0.041420
0.045704 0.045325 0.049070 0.046279 0.047075 0.046101 0.048001 0.071356 0.046146 0.050131 0.460035 0.044776
0.040998 0.042267 0.047160 0.039607 0.040318 0.039933 0.040207 0.070230 0.043249 0.059006 0.498102 0.038924
0.040400 0.040508 0.044500 0.040628 0.041112 0.041309 0.042626 0.084628 0.044017 0.048231 0.492324 0.039716
0.044355 0.040433 0.044265 0.043357 0.040912 0.041377 0.044330 0.091489 0.043714 0.046452 0.480026 0.039291
0.054120 0.042943 0.047341 0.045099 0.043632 0.042780 0.045255 0.086575 0.045241 0.051461 0.454789 0.040764
0.039279 0.040197 0.045644 0.039130 0.040933 0.040474 0.039921 0.069126 0.040932 0.054677 0.511417 0.038270
0.042684 0.040700 0.047157 0.040813 0.041386 0.041727 0.041674 0.082684 0.047390 0.059884 0.473789 0.040113
0.043835 0.048565 0.046385 0.043909 0.044205 0.044985 0.045773 0.071985 0.048173 0.048488 0.470706 0.042990
0.042361 0.045181 0.047728 0.042846 0.043300 0.043501 0.044255 0.080725 0.045887 0.058326 0.463863 0.042027
0.038464 0.038356 0.043150 0.038404 0.038834 0.038347 0.040478 0.093091 0.040761 0.054399 0.498229 0.037487
0.039266 0.040774 0.042345 0.039691 0.039773 0.040252 0.041453 0.080777 0.040619 0.050036 0.505989 0.039025
0.042742 0.043717 0.047283 0.043775 0.044451 0.043567 0.045135 0.090798 0.045957 0.055887 0.454932 0.041755
0.039161 0.039973 0.041597 0.039069 0.039455 0.039114 0.040640 0.086057 0.041304 0.046476 0.508865 0.038291
0.042523 0.042821 0.045200 0.040766 0.040867 0.041389 0.041279 0.063941 0.041822 0.054035 0.505536 0.039820
0.039863 0.039961 0.045020 0.040364 0.040950 0.040979 0.042350 0.077208 0.043349 0.054864 0.495779 0.039311
0.037714 0.037895 0.041976 0.037759 0.038276 0.037778 0.038298 0.078283 0.042722 0.046250 0.526202 0.036847
0.047981 0.042696 0.044610 0.046674 0.040994 0.040935 0.042940 0.057601 0.040519 0.054331 0.501473 0.039246
0.043204 0.047904 0.047393 0.049258 0.044845 0.044207 0.046298 0.074785 0.044086 0.056470 0.460375 0.041175
0.043699 0.047344 0.048537 0.044561 0.045949 0.044525 0.045589 0.082994 0.050556 0.049781 0.455156 0.041309
0.042810 0.040721 0.043742 0.038702 0.040218 0.040064 0.041022 0.079121 0.041680 0.048343 0.505626 0.037951
0.042160 0.038872 0.044797 0.039885 0.039279 0.039906 0.042052 0.087132 0.042264 0.055114 0.489865 0.038676
0.043121 0.043014 0.048190 0.043543 0.044010 0.044730 0.045893 0.088211 0.046244 0.057672 0.452778 0.042594
0.046235 0.042759 0.046462 0.041551 0.041942 0.041891 0.043241 0.102380 0.045785 0.052231 0.454897 0.040626
0.040116 0.039988 0.042436 0.040251 0.040276 0.040906 0.041941 0.083801 0.043183 0.051662 0.496087 0.039353
0.044893 0.046291 0.046166 0.043868 0.044069 0.043718 0.045247 0.077882 0.045977 0.055287 0.464561 0.042042
0.044028 0.045552 0.048340 0.044479 0.044971 0.044496 0.044869 0.081832 0.046105 0.056080 0.456377 0.042871
0.049831 0.042933 0.043971 0.042712 0.041521 0.041011 0.042530 0.082758 0.043404 0.051409 0.477666 0.040254
0.052981 0.045982 0.047706 0.047792 0.046311 0.044918 0.046915 0.080369 0.044718 0.055911 0.443337 0.043059
0.041682 0.042131 0.046570 0.042621 0.043411 0.042884 0.043370 0.076245 0.041672 0.055341 0.484296 0.039778
0.041126 0.042140 0.046192 0.041622 0.042723 0.041530 0.042823 0.060822 0.041651 0.052333 0.506792 0.040246
0.046847 0.046862 0.048010 0.048541 0.045244 0.045806 0.046271 0.066713 0.046146 0.053341 0.462276 0.043942
0.056191 0.050804 0.055363 0.051778 0.052076 0.051458 0.053007 0.092075 0.055477 0.060107 0.372494 0.049170
0.045759 0.045008 0.050612 0.044922 0.046599 0.045582 0.047166 0.092968 0.050365 0.051281 0.435528 0.044208
0.044467 0.040918 0.043958 0.044050 0.040985 0.040981 0.042773 0.086341 0.044165 0.055724 0.475642 0.039996
0.046927 0.048694 0.052004 0.047953 0.048327 0.047729 0.048745 0.093442 0.047709 0.059447 0.413881 0.045141
0.048014 0.048966 0.054987 0.048578 0.050261 0.049145 0.050278 0.093859 0.051474 0.060128 0.397775 0.046534
0.048511 0.050265 0.047965 0.048498 0.045616 0.045978 0.049572 0.084166 0.048143 0.053210 0.433694 0.044381
0.051857 0.046577 0.047402 0.051002 0.046481 0.045889 0.050299 0.084792 0.047617 0.055949 0.428211 0.043923
0.049869 0.048503 0.055468 0.050273 0.050474 0.048407 0.051206 0.083612 0.051003 0.066096 0.399307 0.045782
0.042794 0.042729 0.048389 0.042865 0.044462 0.042900 0.050204 0.073517 0.046039 0.058269 0.466908 0.040924
0.048616 0.048583 0.051449 0.051271 0.049182 0.049332 0.052799 0.076097 0.049723 0.057564 0.417309 0.048074
0.049290 0.052121 0.054438 0.054548 0.049534 0.048899 0.052364 0.087148 0.051236 0.056338 0.397975 0.046110
0.050748 0.049346 0.054528 0.051567 0.050576 0.049099 0.050823 0.072551 0.050643 0.054152 0.418086 0.047881
0.042756 0.042533 0.047122 0.042366 0.043754 0.043563 0.051738 0.089241 0.045656 0.057675 0.452606 0.040990
0.052333 0.051517 0.054558 0.052477 0.050671 0.049597 0.054306 0.087496 0.049975 0.062929 0.385878 0.048266
0.054065 0.051957 0.054585 0.052488 0.052050 0.049490 0.053379 0.076257 0.049717 0.057382 0.400989 0.047642
0.059697 0.050413 0.052350 0.054713 0.050989 0.049825 0.057800 0.073208 0.049635 0.054517 0.398454 0.048401
0.050328 0.051076 0.057195 0.053314 0.053034 0.050681 0.054763 0.102092 0.050976 0.062844 0.366086 0.047613
0.044174 0.052528 0.046816 0.044741 0.043484 0.042804 0.048532 0.069115 0.044999 0.050135 0.471679 0.040994
0.058194 0.051163 0.054874 0.056043 0.052621 0.050610 0.054989 0.077937 0.053272 0.058340 0.383458 0.048498
0.052856 0.046989 0.051910 0.047933 0.047815 0.046876 0.050529 0.091225 0.049747 0.061071 0.408460 0.044590
0.047189 0.048508 0.053980 0.048109 0.049719 0.047695 0.049038 0.079673 0.050070 0.055976 0.423718 0.046327
0.045960 0.045973 0.048642 0.045996 0.046466 0.046928 0.046001 0.061630 0.052685 0.051192 0.462676 0.045849
0.046451 0.046656 0.053307 0.046953 0.047775 0.046813 0.047448 0.103576 0.049326 0.059741 0.406261 0.045695
0.051550 0.049178 0.054273 0.048831 0.049005 0.048159 0.049953 0.071439 0.050476 0.055510 0.425229 0.046396
0.041711 0.042159 0.045687 0.048508 0.042855 0.042597 0.048617 0.080761 0.044779 0.054652 0.466323 0.041350
0.047994 0.048850 0.052450 0.053017 0.050611 0.049089 0.053267 0.084599 0.053940 0.053946 0.405424 0.046813
0.045706 0.044969 0.050633 0.051032 0.046188 0.043983 0.044923 0.081337 0.046128 0.058506 0.444899 0.041697
0.049089 0.047918 0.052022 0.048087 0.048668 0.047131 0.047773 0.073252 0.049461 0.055345 0.435852 0.045401
0.049168 0.044303 0.052333 0.043683 0.045605 0.044899 0.045684 0.068608 0.045265 0.062488 0.455084 0.042880
0.047223 0.042443 0.047187 0.041416 0.041840 0.041318 0.042057 0.078418 0.045264 0.049548 0.482552 0.040733
0.043979 0.043419 0.046368 0.042052 0.042808 0.042508 0.042543 0.059833 0.044818 0.047512 0.502652 0.041509
0.047844 0.047907 0.051011 0.044218 0.044828 0.044810 0.046386 0.072975 0.045172 0.061617 0.449330 0.043901
0.044787 0.044556 0.050526 0.045068 0.045893 0.044441 0.046242 0.088708 0.047135 0.054165 0.445759 0.042720
0.044049 0.043041 0.045529 0.042418 0.042929 0.043393 0.044189 0.071294 0.047463 0.048383 0.485327 0.041985
0.041842 0.041898 0.048726 0.042045 0.042978 0.043173 0.043768 0.098871 0.045597 0.053603 0.456387 0.041112
0.040861 0.042213 0.046214 0.040663 0.040626 0.040631 0.042122 0.087309 0.043132 0.055481 0.481485 0.039263
0.043607 0.040536 0.044133 0.040363 0.040644 0.040359 0.040926 0.073426 0.042485 0.051218 0.503174 0.039127
0.041594 0.045004 0.045582 0.042370 0.042623 0.042555 0.043922 0.076252 0.045751 0.052282 0.480949 0.041118
0.046086 0.039645 0.044926 0.039923 0.040533 0.039850 0.040496 0.079673 0.042060 0.054519 0.493343 0.038946
0.048641 0.050201 0.044459 0.041758 0.042110 0.042152 0.043080 0.064254 0.044406 0.045936 0.492145 0.040857
0.041718 0.050428 0.046895 0.041628 0.042316 0.042741 0.043404 0.081116 0.044093 0.055184 0.469398 0.041078
0.043387 0.040546 0.043746 0.041686 0.040252 0.040299 0.047674 0.082621 0.042855 0.048276 0.490403 0.038257
0.041959 0.044570 0.047734 0.048501 0.043298 0.043042 0.051958 0.074937 0.044995 0.055644 0.463170 0.040193
0.043094 0.046753 0.046234 0.047322 0.043494 0.041208 0.047667 0.093179 0.043316 0.056322 0.452940 0.038470
0.045260 0.044772 0.047274 0.043851 0.044127 0.042824 0.044911 0.077833 0.042825 0.056010 0.470142 0.040172
0.043078 0.041662 0.046464 0.041369 0.042948 0.041751 0.043739 0.080990 0.043352 0.055221 0.479168 0.040259
0.041220 0.041453 0.045932 0.041532 0.041985 0.042228 0.043498 0.079430 0.042577 0.052087 0.487243 0.040815
0.042426 0.042606 0.046466 0.042087 0.042113 0.042305 0.049799 0.090369 0.044572 0.053886 0.463054 0.040316
0.045919 0.045004 0.046382 0.048216 0.043925 0.043753 0.051730 0.081241 0.045985 0.050378 0.455979 0.041489
0.047948 0.046204 0.048833 0.048410 0.047240 0.044603 0.049332 0.085728 0.049221 0.054450 0.435577 0.042454
0.041958 0.043763 0.046158 0.046122 0.044164 0.042786 0.044761 0.075173 0.043290 0.053048 0.478942 0.039836
0.047186 0.056724 0.051828 0.049695 0.050470 0.048033 0.049995 0.089123 0.052510 0.059257 0.399019 0.046159
0.041536 0.048430 0.047646 0.042076 0.043612 0.042935 0.044288 0.088988 0.043331 0.050914 0.465273 0.040969
0.041296 0.041133 0.045125 0.047506 0.041349 0.041022 0.047807 0.080668 0.043144 0.055003 0.475917 0.040030
0.046306 0.043554 0.045969 0.046190 0.044580 0.044715 0.046724 0.067573 0.044201 0.052310 0.475099 0.042780
0.045072 0.044976 0.050306 0.051890 0.045809 0.044098 0.045855 0.077933 0.047252 0.060883 0.443613 0.042313
0.052937 0.054157 0.056169 0.053455 0.054350 0.052063 0.053430 0.072485 0.054077 0.055493 0.391315 0.050069
0.043535 0.044045 0.047855 0.043307 0.044911 0.044031 0.045554 0.085314 0.050997 0.050553 0.457124 0.042776
0.058049 0.049141 0.048748 0.044982 0.043744 0.043334 0.046174 0.088584 0.045912 0.051784 0.437968 0.041581
0.045015 0.051893 0.050093 0.045180 0.044754 0.043507 0.044855 0.092532 0.044582 0.059109 0.436591 0.041888
0.040524 0.040693 0.048192 0.041008 0.042495 0.041704 0.042517 0.085955 0.041297 0.056466 0.479507 0.039642
0.047854 0.047484 0.050439 0.053552 0.047586 0.046933 0.050507 0.078073 0.047366 0.059114 0.426287 0.044805
0.046575 0.046544 0.049202 0.047727 0.046745 0.045532 0.047253 0.088185 0.049161 0.050016 0.438854 0.044205
0.055290 0.045652 0.052446 0.048732 0.048440 0.046610 0.053381 0.078707 0.051853 0.054468 0.420110 0.044311
0.045786 0.045790 0.050900 0.047817 0.045971 0.045541 0.048826 0.092712 0.045404 0.056955 0.430875 0.043424
0.039793 0.041504 0.045325 0.039621 0.040999 0.039756 0.040544 0.081727 0.041471 0.049843 0.501171 0.038247
0.048107 0.047311 0.051636 0.047067 0.048026 0.047431 0.048777 0.074729 0.047787 0.057017 0.436274 0.045837
0.040507 0.045741 0.046246 0.041109 0.041228 0.040889 0.044401 0.089196 0.043375 0.057748 0.470144 0.039417
0.046660 0.047168 0.049314 0.048401 0.046918 0.046644 0.048831 0.067104 0.049587 0.052071 0.452244 0.045057
0.045067 0.045465 0.052780 0.045697 0.047728 0.046117 0.046058 0.087764 0.051399 0.061187 0.426959 0.043778
0.040742 0.037556 0.041372 0.044435 0.038262 0.038102 0.040792 0.063424 0.040674 0.045400 0.532316 0.036926
0.050610 0.048525 0.053392 0.051212 0.050533 0.048902 0.051767 0.077499 0.048848 0.060413 0.411914 0.046385
0.043430 0.042235 0.049985 0.041825 0.043394 0.042797 0.044305 0.099938 0.045316 0.060811 0.445407 0.040556
0.040302 0.044813 0.043654 0.043531 0.041332 0.040862 0.041451 0.074336 0.045189 0.045650 0.499324 0.039557
0.043779 0.047007 0.047782 0.045276 0.045554 0.045911 0.046154 0.082843 0.044811 0.051942 0.455584 0.043357
0.050139 0.040302 0.049145 0.046529 0.043117 0.040090 0.043974 0.109398 0.042576 0.058500 0.438113 0.038117
0.047859 0.052270 0.047960 0.048349 0.046823 0.046163 0.049125 0.071416 0.048115 0.049341 0.448116 0.044463
0.045336 0.045911 0.049684 0.043643 0.045312 0.045057 0.045452 0.086906 0.046791 0.056876 0.446080 0.042951
0.045653 0.045758 0.051094 0.046209 0.046848 0.046207 0.048066 0.100008 0.050863 0.056054 0.418681 0.044560
0.041071 0.046959 0.045899 0.041161 0.041950 0.041628 0.041715 0.068649 0.043838 0.055379 0.491093 0.040658
0.041467 0.048585 0.046787 0.041495 0.041751 0.042090 0.042956 0.086971 0.042678 0.059227 0.465185 0.040808
0.046654 0.045473 0.050201 0.045117 0.045970 0.045873 0.046969 0.084317 0.047722 0.057359 0.440515 0.043829
0.040568 0.039435 0.041615 0.039554 0.039732 0.039498 0.039985 0.081560 0.043023 0.042532 0.513565 0.038933
0.045177 0.044524 0.049129 0.045421 0.046422 0.044946 0.045606 0.080374 0.045136 0.054393 0.454961 0.043912
0.039663 0.042003 0.046022 0.040846 0.041339 0.041695 0.043050 0.084000 0.041488 0.055156 0.485686 0.039050
0.046753 0.045866 0.051090 0.046737 0.047349 0.045783 0.046380 0.079120 0.049959 0.052314 0.444216 0.044434
0.041955 0.043833 0.045529 0.044057 0.042386 0.042203 0.049111 0.070096 0.042002 0.049033 0.490054 0.039742
0.044141 0.047884 0.050785 0.046876 0.045027 0.043681 0.046729 0.082745 0.044659 0.057509 0.447823 0.042140
0.043386 0.063826 0.047865 0.043393 0.044719 0.044050 0.044793 0.068284 0.044266 0.049910 0.463626 0.041883
0.048878 0.065672 0.048794 0.045421 0.043968 0.044174 0.044558 0.082584 0.047694 0.055786 0.430426 0.042045
0.049350 0.046779 0.049026 0.048517 0.047326 0.046145 0.052491 0.092913 0.050497 0.049359 0.424153 0.043444
0.047823 0.047558 0.050566 0.046680 0.046437 0.045528 0.047395 0.076130 0.047476 0.061401 0.440060 0.042949
0.043924 0.042566 0.050084 0.050164 0.044515 0.043569 0.044767 0.095096 0.046094 0.060503 0.438034 0.040685
0.045992 0.052735 0.049831 0.049053 0.047067 0.047310 0.047212 0.073876 0.048847 0.061073 0.432598 0.044405
0.052305 0.052726 0.059177 0.052998 0.055013 0.052771 0.054644 0.088708 0.054783 0.068054 0.358885 0.049935
0.043699 0.044203 0.049409 0.043789 0.044947 0.044143 0.044181 0.080704 0.046364 0.056589 0.459133 0.042841
0.043743 0.043844 0.046062 0.043838 0.043948 0.043159 0.044061 0.077314 0.045424 0.056681 0.468859 0.043067
0.047843 0.048010 0.052072 0.048250 0.048554 0.048821 0.050463 0.079962 0.048050 0.059101 0.421771 0.047104
0.050078 0.049813 0.056618 0.050761 0.051513 0.049687 0.051212 0.091979 0.049918 0.063284 0.386506 0.048633
0.046625 0.046783 0.048951 0.046848 0.047031 0.047542 0.048654 0.078674 0.047827 0.051410 0.443499 0.046156
0.046195 0.046210 0.051039 0.046620 0.047370 0.047525 0.048270 0.097162 0.049735 0.053473 0.420390 0.046010
0.060836 0.045218 0.048612 0.044927 0.045378 0.044670 0.045581 0.096786 0.048319 0.051684 0.424452 0.043538
0.045225 0.044050 0.049098 0.043781 0.044536 0.044205 0.044267 0.067520 0.044336 0.057301 0.472364 0.043316
0.049825 0.046759 0.051564 0.052138 0.046477 0.046183 0.050076 0.085139 0.049674 0.061822 0.416217 0.044127
0.046459 0.046771 0.049040 0.046786 0.046179 0.045857 0.047547 0.074832 0.046848 0.050435 0.455377 0.043869
0.041023 0.041928 0.047200 0.040822 0.042562 0.041543 0.041524 0.066707 0.043941 0.048737 0.503799 0.040213
0.041830 0.041847 0.047059 0.041913 0.042740 0.042154 0.042107 0.080606 0.042587 0.056745 0.478830 0.041582
0.044494 0.045306 0.050394 0.044772 0.045193 0.045689 0.046810 0.078940 0.046151 0.055312 0.452968 0.043971
0.048062 0.048676 0.052106 0.048089 0.048532 0.048655 0.049692 0.074240 0.050855 0.053211 0.431336 0.046545
0.044223 0.044430 0.050159 0.045190 0.045901 0.045384 0.046133 0.093622 0.048049 0.055775 0.437596 0.043537
0.041930 0.039574 0.043735 0.038730 0.038938 0.039285 0.040249 0.083121 0.041625 0.052393 0.502820 0.037601
0.048093 0.048599 0.050672 0.048264 0.048709 0.047695 0.049868 0.083681 0.049950 0.057120 0.421241 0.046107
0.044478 0.045106 0.047934 0.043817 0.044195 0.044363 0.045037 0.102497 0.048974 0.052923 0.437599 0.043077
0.045160 0.046935 0.049535 0.045010 0.045535 0.045585 0.045463 0.085980 0.048014 0.056792 0.442010 0.043981
0.041878 0.041457 0.046150 0.042518 0.042958 0.042977 0.044310 0.078660 0.045404 0.056104 0.476793 0.040790
0.044627 0.043080 0.047384 0.044104 0.044400 0.043464 0.043937 0.080716 0.045671 0.054797 0.465501 0.042320
0.044086 0.045979 0.050714 0.044515 0.045750 0.044340 0.046030 0.066097 0.044586 0.060982 0.463838 0.043082
0.044457 0.044990 0.048791 0.044974 0.045209 0.045456 0.046959 0.077338 0.045737 0.055036 0.456877 0.044176
0.045963 0.046501 0.049212 0.046070 0.046522 0.046623 0.047864 0.077294 0.051528 0.051783 0.445436 0.045205
0.047150 0.044029 0.046490 0.042479 0.043059 0.043025 0.044020 0.085109 0.045119 0.050739 0.466814 0.041967
0.044543 0.040790 0.047432 0.041780 0.041656 0.041308 0.042584 0.075525 0.041810 0.058260 0.483994 0.040318
0.041071 0.041162 0.044272 0.041594 0.041745 0.042234 0.043471 0.074708 0.042612 0.053909 0.492387 0.040836
0.049394 0.046459 0.051094 0.046856 0.047500 0.047110 0.048133 0.082701 0.052228 0.056172 0.427470 0.044882
0.046348 0.047047 0.050870 0.048150 0.047726 0.048355 0.049855 0.082484 0.049529 0.051825 0.432112 0.045698
0.045928 0.043287 0.049229 0.043428 0.044607 0.044961 0.045602 0.081268 0.046433 0.055669 0.457177 0.042411
0.039345 0.039258 0.042859 0.039721 0.039882 0.039877 0.041860 0.093245 0.044875 0.047766 0.492801 0.038511
0.041995 0.044041 0.046352 0.046678 0.043904 0.043018 0.043994 0.083501 0.045263 0.056137 0.463661 0.041457
0.050309 0.050872 0.055563 0.052183 0.052437 0.052579 0.053489 0.086148 0.051460 0.063220 0.382238 0.049500
0.047310 0.047470 0.050256 0.045723 0.047047 0.045771 0.047436 0.086591 0.047997 0.059161 0.430851 0.044386
0.058076 0.041227 0.042257 0.041238 0.041178 0.041504 0.042675 0.069282 0.041596 0.044809 0.495397 0.040762
0.077108 0.045047 0.049360 0.045872 0.045303 0.045222 0.047599 0.081828 0.046531 0.057826 0.415175 0.043130
0.051167 0.049536 0.051122 0.048927 0.048168 0.047551 0.049695 0.097561 0.049487 0.056005 0.405361 0.045420
0.044216 0.045194 0.046739 0.045580 0.043584 0.042674 0.050010 0.074172 0.045004 0.055296 0.466933 0.040599
0.044644 0.045267 0.047103 0.055109 0.046434 0.045323 0.054059 0.072452 0.045139 0.057060 0.443783 0.043626
0.060929 0.047986 0.052074 0.049538 0.048111 0.045259 0.052743 0.062115 0.047108 0.061263 0.430684 0.042188
0.047000 0.045435 0.050837 0.054233 0.047711 0.045987 0.055002 0.076273 0.046027 0.056045 0.432743 0.042708
0.049174 0.047985 0.053065 0.051514 0.050000 0.047960 0.051354 0.077495 0.049740 0.057085 0.419004 0.045624
0.041740 0.045901 0.045086 0.044074 0.042126 0.042049 0.048976 0.065713 0.042408 0.049856 0.492369 0.039700
0.050706 0.050552 0.054992 0.050727 0.050586 0.048381 0.050137 0.091535 0.052521 0.064537 0.388874 0.046453
0.040825 0.040108 0.042840 0.040267 0.039762 0.039450 0.046558 0.095637 0.042297 0.049736 0.485535 0.036983
0.049002 0.049596 0.052764 0.057109 0.049782 0.048236 0.056976 0.088483 0.050057 0.061012 0.391398 0.045585
0.048885 0.056766 0.052868 0.052611 0.051480 0.049045 0.052979 0.080243 0.050895 0.053773 0.404340 0.046115
0.041280 0.041431 0.049319 0.041190 0.043052 0.041207 0.041835 0.083556 0.045823 0.060872 0.470749 0.039686
0.045135 0.044303 0.047074 0.045271 0.044192 0.043219 0.051008 0.084875 0.043852 0.056026 0.453956 0.041090
0.045699 0.045020 0.048612 0.046708 0.045266 0.044406 0.046451 0.083001 0.045633 0.057979 0.448447 0.042778
0.045915 0.049329 0.051223 0.047132 0.047205 0.045121 0.048591 0.074052 0.047483 0.053981 0.447267 0.042701
0.048694 0.044607 0.046340 0.048274 0.044241 0.043309 0.044802 0.064519 0.043112 0.056142 0.474498 0.041462
0.045183 0.045629 0.052231 0.046381 0.048050 0.045745 0.046744 0.084179 0.047114 0.055797 0.440253 0.042694
0.050221 0.048469 0.053865 0.051228 0.050061 0.048345 0.049711 0.074650 0.050235 0.056203 0.421459 0.045551
0.044955 0.045825 0.050129 0.045297 0.046030 0.044702 0.045182 0.090259 0.047850 0.053994 0.442586 0.043192
0.050571 0.044029 0.048659 0.042084 0.043699 0.043437 0.043812 0.082726 0.044891 0.054236 0.460287 0.041569
0.043882 0.045028 0.051222 0.051279 0.045344 0.043851 0.044949 0.096178 0.046193 0.062046 0.427549 0.042479
0.051770 0.045688 0.046620 0.044473 0.044459 0.044232 0.044848 0.082592 0.046215 0.049983 0.456871 0.042248
0.053548 0.055048 0.059107 0.052731 0.054419 0.052319 0.052697 0.074618 0.052752 0.067326 0.375406 0.050029
0.044442 0.045464 0.051231 0.045581 0.046928 0.044966 0.047329 0.087816 0.049601 0.055440 0.437076 0.044125
0.053327 0.044672 0.047260 0.044694 0.044962 0.045140 0.045392 0.067666 0.046367 0.048037 0.467920 0.044563
0.050254 0.049882 0.057129 0.050104 0.051043 0.050536 0.050522 0.091498 0.050887 0.067504 0.381522 0.049118
0.044039 0.044092 0.051524 0.044688 0.045216 0.044428 0.045595 0.090903 0.044864 0.060689 0.440509 0.043455
0.051551 0.045580 0.048447 0.046748 0.046072 0.046273 0.053172 0.073151 0.048527 0.051336 0.444286 0.044856
0.051633 0.050191 0.053374 0.051484 0.050520 0.049728 0.052370 0.081516 0.050092 0.058278 0.402848 0.047966
0.046900 0.044886 0.052823 0.052036 0.046611 0.044940 0.048419 0.096177 0.050825 0.057705 0.415972 0.042708
0.052245 0.049496 0.052972 0.052712 0.051675 0.050790 0.053765 0.069017 0.050417 0.052188 0.415651 0.049071
0.052545 0.042785 0.050028 0.046655 0.043005 0.042711 0.044942 0.101995 0.045726 0.061018 0.428753 0.039837
0.047585 0.050663 0.051073 0.048662 0.047420 0.045968 0.048530 0.084993 0.047866 0.053408 0.429542 0.044291
0.042491 0.042663 0.048248 0.041727 0.043473 0.043007 0.043077 0.071403 0.042339 0.051979 0.488704 0.040889
0.046388 0.046095 0.049604 0.046625 0.045953 0.045908 0.048475 0.091639 0.046282 0.060481 0.427370 0.045180
0.050549 0.047571 0.052140 0.056570 0.050047 0.048952 0.050955 0.070902 0.049344 0.051757 0.424569 0.046644
0.048917 0.053208 0.050967 0.052149 0.050201 0.049274 0.056935 0.084515 0.052880 0.052757 0.400997 0.047200
0.048329 0.046630 0.052857 0.049146 0.049023 0.047106 0.049858 0.099306 0.047315 0.055208 0.411064 0.044159
0.038996 0.041213 0.042364 0.039299 0.039666 0.039655 0.041941 0.091602 0.041954 0.052230 0.493360 0.037719
0.046410 0.046337 0.049903 0.046383 0.047181 0.045817 0.046783 0.084149 0.048004 0.054964 0.439222 0.044848
0.049402 0.047328 0.051792 0.047988 0.047701 0.047512 0.050071 0.080279 0.049703 0.060980 0.420583 0.046660
0.043638 0.043858 0.049162 0.043857 0.044469 0.043917 0.044435 0.088551 0.044120 0.057089 0.453820 0.043084
0.044179 0.042357 0.044284 0.042212 0.042419 0.042960 0.042626 0.069449 0.048281 0.044817 0.494865 0.041551
0.040834 0.042691 0.045885 0.045314 0.042883 0.042013 0.042230 0.074617 0.044449 0.052226 0.486576 0.040280
0.047359 0.053964 0.052304 0.049603 0.049685 0.048042 0.050024 0.085947 0.049832 0.053672 0.414180 0.045389
0.043076 0.042344 0.047172 0.041269 0.042822 0.042268 0.049857 0.081681 0.044562 0.056596 0.468482 0.039871
0.046089 0.046989 0.047066 0.047147 0.044848 0.044332 0.055907 0.087067 0.050972 0.050385 0.436296 0.042904
0.042527 0.042608 0.049047 0.042775 0.043147 0.041369 0.042519 0.083187 0.041545 0.054013 0.477148 0.040115
0.041574 0.041538 0.049917 0.041615 0.043087 0.041194 0.041971 0.084967 0.041673 0.059326 0.473120 0.040018
0.045807 0.046850 0.050833 0.046304 0.046851 0.047224 0.048038 0.071735 0.047552 0.052471 0.450765 0.045572
0.050614 0.048227 0.049681 0.049270 0.046910 0.047705 0.051468 0.084018 0.049939 0.051805 0.424717 0.045647
0.053802 0.052685 0.057212 0.054511 0.053521 0.052670 0.054349 0.090968 0.056531 0.058321 0.365373 0.050058
0.041514 0.042638 0.046301 0.040189 0.041509 0.042169 0.042948 0.093571 0.046548 0.056082 0.467219 0.039312
0.044776 0.045014 0.048322 0.044530 0.044764 0.044151 0.046497 0.096594 0.045960 0.058129 0.438390 0.042873
0.050496 0.049904 0.052578 0.048703 0.049423 0.048335 0.049769 0.086298 0.050602 0.058623 0.408509 0.046760
0.046134 0.046601 0.051791 0.046875 0.047436 0.046614 0.047436 0.088443 0.048812 0.062509 0.421684 0.045667
0.044253 0.042809 0.045644 0.049923 0.043205 0.043371 0.044286 0.071006 0.043815 0.053833 0.476491 0.041363
0.042198 0.043330 0.045652 0.044879 0.043523 0.041954 0.048660 0.086304 0.043475 0.050662 0.469279 0.040084
0.049170 0.051057 0.050762 0.050372 0.049048 0.045869 0.050731 0.068046 0.045673 0.052394 0.443820 0.043058
0.050514 0.047994 0.051994 0.047931 0.048383 0.047229 0.050212 0.071349 0.046862 0.058619 0.433737 0.045175
0.046494 0.046578 0.049913 0.044186 0.045980 0.044620 0.046327 0.075887 0.046831 0.053700 0.456338 0.043146
0.046561 0.046563 0.050815 0.046659 0.047462 0.046825 0.046726 0.075405 0.049100 0.053640 0.443975 0.046268
0.043679 0.043666 0.050061 0.043270 0.044137 0.043622 0.043806 0.079934 0.043824 0.057132 0.464156 0.042713
0.045352 0.042813 0.046998 0.042632 0.042560 0.043166 0.044258 0.080938 0.043561 0.052720 0.473317 0.041684
0.047107 0.049862 0.048187 0.048150 0.045639 0.045718 0.052281 0.083639 0.048183 0.053211 0.434393 0.043631
0.055126 0.049067 0.049967 0.051736 0.049215 0.048015 0.052160 0.087999 0.054777 0.048981 0.407090 0.045866
0.048464 0.042190 0.048398 0.042489 0.044314 0.043279 0.044237 0.087321 0.048289 0.056603 0.453826 0.040590
0.041323 0.039740 0.044205 0.038738 0.039061 0.039433 0.040914 0.095515 0.044228 0.055158 0.483822 0.037862
0.041679 0.041776 0.046440 0.041912 0.042415 0.041924 0.042495 0.082344 0.044130 0.056042 0.477813 0.041029
0.041295 0.043549 0.046154 0.045122 0.042188 0.042085 0.042585 0.073201 0.042193 0.054531 0.486522 0.040576
0.046442 0.046956 0.051278 0.047509 0.048126 0.046187 0.047168 0.072810 0.045939 0.059139 0.443943 0.044501
0.043524 0.043386 0.045543 0.041556 0.042971 0.042441 0.043169 0.064373 0.042711 0.048316 0.501284 0.040726
0.045472 0.046503 0.049941 0.046056 0.046872 0.046307 0.047429 0.084175 0.050680 0.050978 0.440808 0.044779
0.044921 0.042159 0.045906 0.041573 0.042332 0.042613 0.043207 0.081587 0.047731 0.049917 0.476982 0.041072
0.042140 0.040797 0.047788 0.040597 0.041385 0.041616 0.042231 0.099429 0.044157 0.059370 0.460378 0.040111
0.040696 0.040864 0.046312 0.040358 0.040603 0.040853 0.042623 0.084460 0.041655 0.056257 0.485867 0.039453
0.039571 0.039996 0.043193 0.040072 0.040237 0.040159 0.040900 0.073131 0.039709 0.052819 0.511235 0.038979
0.045964 0.044964 0.052354 0.045091 0.045830 0.045495 0.046724 0.065844 0.045822 0.058422 0.459770 0.043722
0.042970 0.043485 0.046768 0.043814 0.044354 0.043431 0.045700 0.084712 0.045626 0.051476 0.465151 0.042513
0.048749 0.043937 0.045772 0.043103 0.043074 0.043631 0.044627 0.073780 0.045914 0.047282 0.478005 0.042124
0.039572 0.041077 0.042932 0.042321 0.039762 0.040091 0.040277 0.080878 0.042519 0.051818 0.500806 0.037947
0.047323 0.040227 0.045377 0.043692 0.041342 0.039674 0.046546 0.078598 0.044532 0.051852 0.483321 0.037514
0.044719 0.042924 0.047585 0.044991 0.044405 0.043318 0.046154 0.075023 0.043259 0.056230 0.470820 0.040571
0.040668 0.041720 0.046735 0.040914 0.042286 0.041688 0.043185 0.083909 0.044026 0.055502 0.479572 0.039795
0.041662 0.043362 0.043774 0.042342 0.042591 0.042248 0.049382 0.072427 0.047220 0.045360 0.488644 0.040988
0.045367 0.045693 0.052028 0.048918 0.046824 0.046766 0.048301 0.078995 0.047118 0.061930 0.433315 0.044746
0.042663 0.043554 0.048371 0.041771 0.042928 0.042181 0.043418 0.093637 0.045012 0.060371 0.455970 0.040124
0.042073 0.041190 0.042682 0.040523 0.040680 0.041345 0.042053 0.073558 0.043772 0.046212 0.505882 0.040029
0.046114 0.044860 0.048128 0.045071 0.045008 0.045169 0.046742 0.083247 0.047578 0.056743 0.447666 0.043674
0.046264 0.045667 0.051157 0.046532 0.047355 0.046487 0.048201 0.091154 0.048881 0.059944 0.423640 0.044718
0.041263 0.041294 0.044665 0.041001 0.041343 0.041623 0.042323 0.093078 0.046361 0.053827 0.473114 0.040108
0.039858 0.042557 0.042539 0.039950 0.040096 0.040687 0.041512 0.081725 0.043104 0.052367 0.496347 0.039259
0.041936 0.042504 0.046720 0.042600 0.043220 0.041827 0.043120 0.080744 0.044051 0.055605 0.476883 0.040791
0.051113 0.040397 0.043277 0.039757 0.039963 0.040109 0.042470 0.059966 0.039753 0.052632 0.512257 0.038305
0.047830 0.050082 0.051389 0.049018 0.048246 0.046898 0.050279 0.080620 0.047136 0.057530 0.425159 0.045813
0.042247 0.042090 0.047059 0.041958 0.043156 0.043232 0.044357 0.072259 0.042732 0.048756 0.491489 0.040665
