0.231624 0.257278 0.248465 0.262633
0.214572 0.313927 0.206146 0.265355
0.251707 0.293480 0.236260 0.218552
0.294732 0.234582 0.261212 0.209474
0.237126 0.266584 0.248865 0.247425
0.245741 0.280211 0.230530 0.243517
0.262130 0.245016 0.234936 0.257917
0.262764 0.190739 0.280202 0.266295
0.398529 0.242492 0.160912 0.198067
0.234654 0.263790 0.269023 0.232533
0.323689 0.224157 0.230138 0.222017
0.239462 0.254537 0.241669 0.264333
0.313590 0.286481 0.178910 0.221019
0.309056 0.275957 0.227561 0.187425
0.296587 0.251618 0.236273 0.215522
0.286319 0.232686 0.222002 0.258993
0.249063 0.232374 0.259751 0.258812
0.296068 0.258619 0.193209 0.252104
0.233863 0.283747 0.237724 0.244666
0.223087 0.274238 0.277891 0.224784
0.285189 0.249245 0.255711 0.209855
0.221210 0.272024 0.247872 0.258894
0.283981 0.227283 0.231492 0.257244
0.263873 0.264756 0.228210 0.243161
0.248653 0.237312 0.231028 0.283008
0.410096 0.189244 0.192592 0.208068
0.225929 0.261750 0.284957 0.227364
0.298994 0.213191 0.220078 0.267738
0.247687 0.242045 0.246851 0.263417
0.369639 0.224628 0.213350 0.192383
0.244997 0.288835 0.179836 0.286331
0.313590 0.276465 0.217561 0.192384
0.274521 0.235638 0.260824 0.229017
0.185781 0.297591 0.247694 0.268934
0.281709 0.292859 0.213127 0.212305
0.195602 0.332797 0.201397 0.270204
0.219526 0.281475 0.226749 0.272251
0.287191 0.253615 0.235615 0.223579
0.305396 0.232304 0.240589 0.221711
0.240888 0.246918 0.234608 0.277586
0.266844 0.233423 0.245279 0.254454
0.261786 0.237706 0.227143 0.273365
0.271244 0.262843 0.221461 0.244452
0.255082 0.267335 0.225644 0.251940
0.243637 0.231197 0.257796 0.267370
0.356408 0.216663 0.202446 0.224482
0.283306 0.273455 0.212061 0.231178
0.301149 0.231058 0.233359 0.234434
0.262547 0.262216 0.229995 0.245242
0.365714 0.235788 0.195647 0.202851
0.182696 0.233068 0.299629 0.284607
0.364261 0.204949 0.236196 0.194594
0.311475 0.257788 0.216203 0.214534
0.231460 0.297042 0.223870 0.247628
0.348233 0.262071 0.183217 0.206479
0.332586 0.255447 0.197659 0.214308
0.273610 0.212184 0.282622 0.231584
0.282321 0.259432 0.269334 0.188914
0.259771 0.223998 0.269907 0.246324
0.200967 0.255431 0.282312 0.261291
0.337530 0.211842 0.204885 0.245743
0.284524 0.261723 0.203973 0.249780
0.322296 0.242293 0.223747 0.211664
0.321255 0.234370 0.205029 0.239346
0.310429 0.228435 0.240587 0.220549
0.266382 0.234530 0.246872 0.252216
0.390789 0.209494 0.201257 0.198460
0.293453 0.239549 0.217463 0.249536
0.309863 0.226203 0.230439 0.233495
0.353301 0.207683 0.199877 0.239139
0.267218 0.259256 0.232693 0.240833
0.235543 0.273963 0.235976 0.254517
0.291980 0.294987 0.188243 0.224790
0.243591 0.296998 0.233567 0.225845
0.230457 0.253333 0.214224 0.301987
0.276660 0.267240 0.229281 0.226819
0.237575 0.230407 0.241862 0.290156
0.234868 0.263368 0.233743 0.268021
0.281267 0.258612 0.244459 0.215663
0.170946 0.276003 0.290443 0.262608
0.288862 0.247457 0.225536 0.238144
0.254637 0.298590 0.224554 0.222219
0.282586 0.227187 0.228494 0.261732
0.310923 0.254833 0.226750 0.207493
0.333577 0.231719 0.241940 0.192764
0.351714 0.224534 0.218139 0.205613
0.313949 0.225040 0.229505 0.231507
0.232113 0.263125 0.264443 0.240319
0.252507 0.223349 0.267691 0.256453
0.316196 0.252915 0.190558 0.240331
0.291380 0.281348 0.184266 0.243005
0.346782 0.249995 0.180297 0.222926
0.240310 0.296788 0.221652 0.241250
0.299481 0.240800 0.236848 0.222871
0.245775 0.231436 0.221405 0.301385
0.227105 0.268781 0.236590 0.267524
0.228464 0.263229 0.288131 0.220176
0.246092 0.284802 0.252920 0.216186
0.265505 0.242819 0.255500 0.236176
0.213028 0.266995 0.254954 0.265023
0.281286 0.219412 0.229207 0.270096
0.283799 0.260363 0.234499 0.221339
0.262950 0.299919 0.234256 0.202875
0.251334 0.254062 0.215494 0.279111
0.282175 0.279976 0.198601 0.239247
0.212275 0.259463 0.277203 0.251059
0.242187 0.228615 0.242985 0.286212
0.291879 0.249870 0.241910 0.216341
0.320774 0.289072 0.198502 0.191652
0.270644 0.248182 0.251855 0.229319
0.376983 0.228012 0.190203 0.204802
0.280376 0.248546 0.240516 0.230562
0.283379 0.235730 0.236293 0.244598
0.260048 0.253578 0.210056 0.276318
0.305479 0.232886 0.225246 0.236388
0.219259 0.325226 0.216066 0.239448
0.213685 0.269103 0.255362 0.261849
0.241688 0.254821 0.242606 0.260885
0.228253 0.241795 0.239873 0.290079
0.298303 0.237726 0.219305 0.244666
0.260704 0.304151 0.211236 0.223910
0.259216 0.274646 0.229761 0.236377
0.319169 0.249676 0.211216 0.219938
0.266960 0.271154 0.253084 0.208802
0.227797 0.262934 0.253026 0.256243
0.272662 0.222696 0.258443 0.246200
0.272832 0.246683 0.211366 0.269119
0.298562 0.249781 0.218760 0.232898
0.282716 0.243246 0.229730 0.244308
0.256153 0.225422 0.202260 0.316164
0.245523 0.247855 0.249317 0.257305
0.256588 0.258675 0.246309 0.238429
0.275292 0.228731 0.219213 0.276765
0.222381 0.300785 0.215568 0.261266
0.285960 0.205437 0.246634 0.261970
0.228693 0.234775 0.249443 0.287089
0.269947 0.254339 0.231698 0.244016
0.274394 0.253200 0.239809 0.232596
0.261144 0.254118 0.218153 0.266585
0.271700 0.260737 0.248624 0.218939
0.265068 0.271462 0.238917 0.224553
0.211722 0.227867 0.270337 0.290074
0.243316 0.261341 0.256273 0.239069
0.304796 0.241947 0.227230 0.226026
0.240489 0.220574 0.250975 0.287962
0.310484 0.259478 0.202607 0.227431
0.241292 0.233279 0.279006 0.246424
0.294121 0.225442 0.232641 0.247797
0.262946 0.269581 0.241357 0.226116
0.277639 0.254720 0.240296 0.227345
0.269375 0.220923 0.197214 0.312488
0.338007 0.274491 0.199040 0.188462
0.242124 0.227285 0.276015 0.254576
0.238376 0.245683 0.247352 0.268589
0.272944 0.269047 0.228306 0.229703
0.240587 0.277571 0.190094 0.291748
0.327576 0.213975 0.235747 0.222703
0.251192 0.236691 0.258735 0.253382
0.286987 0.230490 0.274069 0.208455
0.222788 0.250751 0.207670 0.318791
0.252851 0.251644 0.229147 0.266359
0.214874 0.277714 0.268767 0.238646
0.281598 0.240951 0.219496 0.257955
0.216795 0.258435 0.265424 0.259347
0.210662 0.296674 0.251481 0.241183
0.287154 0.251126 0.213962 0.247759
0.259809 0.282576 0.208649 0.248966
0.249544 0.230715 0.271831 0.247910
0.257878 0.305154 0.205544 0.231424
0.265007 0.307815 0.215301 0.211877
0.193576 0.306584 0.219481 0.280359
0.324885 0.221185 0.202360 0.251571
0.208507 0.283470 0.255938 0.252085
0.292970 0.277344 0.227932 0.201754
0.220882 0.222966 0.278608 0.277544
0.303783 0.255917 0.199522 0.240778
0.257491 0.235655 0.271400 0.235455
0.210977 0.253937 0.245183 0.289904
0.288875 0.249276 0.237867 0.223982
0.300668 0.229880 0.235999 0.233453
0.310828 0.245954 0.224451 0.218767
0.258294 0.263483 0.182629 0.295594
0.286210 0.273365 0.229107 0.211318
0.252136 0.234423 0.251314 0.262127
0.251298 0.252759 0.248526 0.247416
0.289684 0.240152 0.225441 0.244724
0.330622 0.244519 0.189165 0.235695
0.276357 0.279569 0.206202 0.237871
0.246899 0.285235 0.228043 0.239824
0.367580 0.209351 0.208474 0.214596
0.288452 0.222336 0.217950 0.271261
0.251774 0.273323 0.215623 0.259280
0.229438 0.254226 0.275171 0.241164
0.251591 0.291458 0.259404 0.197547
0.322702 0.244309 0.204944 0.228045
0.217419 0.256498 0.291780 0.234303
0.241410 0.259553 0.251502 0.247535
0.239713 0.254085 0.245524 0.260678
0.268515 0.294098 0.200721 0.236667
0.245646 0.286906 0.233795 0.233653
0.209718 0.280555 0.242913 0.266814
0.229962 0.237019 0.256504 0.276515
0.258028 0.241479 0.257286 0.243208
0.223213 0.231993 0.247010 0.297783
0.270277 0.260215 0.212008 0.257500
0.292856 0.261329 0.233356 0.212461
0.194454 0.268027 0.284889 0.252630
0.205267 0.304325 0.218561 0.271848
0.267525 0.252450 0.254712 0.225312
0.234351 0.298466 0.236443 0.230740
0.222810 0.281951 0.237015 0.258224
0.280532 0.277394 0.237755 0.204320
0.292149 0.204397 0.249228 0.254226
0.270885 0.276752 0.183315 0.269048
0.243417 0.258069 0.260403 0.238111
0.200908 0.248371 0.234903 0.315819
0.236924 0.297523 0.201394 0.264159
0.246684 0.281808 0.239585 0.231922
0.231290 0.290289 0.242520 0.235901
0.266899 0.249914 0.254978 0.228209
0.238395 0.248546 0.261605 0.251454
0.269032 0.224348 0.271658 0.234962
0.205619 0.350695 0.197749 0.245937
0.226120 0.283279 0.233703 0.256898
0.288633 0.247364 0.182679 0.281324
0.213984 0.274625 0.246294 0.265097
0.231205 0.244513 0.252295 0.271987
0.234578 0.288929 0.267983 0.208509
0.254434 0.250886 0.241785 0.252894
0.320065 0.246438 0.214679 0.218818
0.259953 0.256669 0.218419 0.264958
0.252139 0.234550 0.254844 0.258467
0.253258 0.265612 0.241768 0.239362
0.224759 0.252404 0.193086 0.329751
0.247779 0.270986 0.248486 0.232749
0.278125 0.254291 0.253536 0.214048
0.243030 0.253604 0.219372 0.283995
0.242748 0.223312 0.272510 0.261430
0.287812 0.234527 0.274120 0.203541
0.271290 0.232168 0.220141 0.276402
0.233182 0.264268 0.224934 0.277616
0.319728 0.227589 0.225873 0.226809
0.260327 0.214582 0.190120 0.334970
0.211903 0.254575 0.254602 0.278921
0.314953 0.214548 0.219495 0.251004
0.282631 0.235469 0.241161 0.240739
0.274183 0.235064 0.259765 0.230989
0.258206 0.266218 0.244510 0.231067
0.246461 0.300111 0.227928 0.225500
0.255536 0.224975 0.241096 0.278392
0.246699 0.265639 0.235904 0.251758
0.286576 0.220451 0.187693 0.305280
0.282562 0.240990 0.243018 0.233430
0.271876 0.262459 0.222771 0.242894
0.318168 0.231397 0.191267 0.259168
0.221693 0.253597 0.232653 0.292057
0.263436 0.244461 0.240471 0.251632
0.246759 0.232839 0.252999 0.267402
0.322181 0.181465 0.242317 0.254037
0.317772 0.218774 0.247565 0.215889
0.326363 0.202737 0.202936 0.267965
0.349964 0.215441 0.219937 0.214658
0.240188 0.237117 0.270243 0.252452
0.241958 0.258662 0.225902 0.273478
0.245291 0.231590 0.236265 0.286854
0.269539 0.244104 0.210191 0.276166
0.239526 0.302176 0.249262 0.209036
0.251404 0.242128 0.232473 0.273995
0.278574 0.251790 0.216887 0.252749
0.226031 0.223114 0.247405 0.303449
0.269149 0.278390 0.209812 0.242649
0.322547 0.210125 0.240035 0.227293
0.280255 0.260367 0.232865 0.226514
0.281116 0.237323 0.241620 0.239941
0.251057 0.227818 0.203912 0.317214
0.283157 0.229385 0.237563 0.249895
0.255086 0.240859 0.264356 0.239699
0.253188 0.264046 0.247787 0.234980
0.338113 0.235799 0.191703 0.234386
0.245120 0.264301 0.277907 0.212672
0.275815 0.213938 0.233155 0.277092
0.261600 0.268247 0.234529 0.235624
0.278234 0.246275 0.228041 0.247450
0.220060 0.237566 0.241045 0.301330
0.279578 0.236985 0.260512 0.222925
0.255929 0.247700 0.227157 0.269214
0.228949 0.249713 0.219929 0.301409
0.272725 0.234376 0.263575 0.229324
0.263564 0.306056 0.213634 0.216746
0.280864 0.214037 0.251871 0.253228
0.245096 0.227297 0.298272 0.229335
0.228348 0.263941 0.242454 0.265257
0.226581 0.291087 0.221615 0.260718
0.227900 0.285962 0.207375 0.278763
0.225715 0.250602 0.245154 0.278529
0.235907 0.245711 0.210994 0.307389
0.251501 0.262276 0.223128 0.263095
0.292206 0.244431 0.247752 0.215611
0.251416 0.268366 0.232057 0.248160
0.233140 0.229323 0.291676 0.245861
0.250911 0.285482 0.237099 0.226508
0.336958 0.225182 0.208310 0.229551
0.235613 0.256692 0.257327 0.250368
0.269162 0.252330 0.253108 0.225401
0.238557 0.222818 0.245706 0.292919
0.243223 0.223397 0.274002 0.259379
0.267210 0.309124 0.216461 0.207206
0.256967 0.237811 0.235626 0.269596
0.284556 0.217078 0.216865 0.281501
0.270742 0.251501 0.250652 0.227106
0.246521 0.223538 0.297343 0.232598
0.180277 0.290064 0.245883 0.283777
0.291281 0.270152 0.229713 0.208855
0.260842 0.240179 0.206064 0.292916
0.202009 0.268045 0.218800 0.311145
0.275063 0.258023 0.239661 0.227253
0.235601 0.243832 0.223813 0.296754
0.221031 0.256652 0.253289 0.269028
0.296801 0.243854 0.238794 0.220550
0.280535 0.269443 0.231522 0.218499
0.280200 0.213171 0.216472 0.290157
0.219535 0.281094 0.274172 0.225199
0.309154 0.235594 0.221414 0.233837
0.251974 0.231246 0.177474 0.339306
0.303106 0.234161 0.210167 0.252566
0.373135 0.222140 0.180350 0.224375
0.184588 0.273447 0.229967 0.311997
0.311596 0.201334 0.235700 0.251369
0.245875 0.242239 0.282207 0.229679
0.263951 0.241065 0.226352 0.268632
0.255390 0.274135 0.238748 0.231728
0.257209 0.236832 0.207862 0.298097
0.274375 0.280090 0.185657 0.259878
0.226728 0.231346 0.277586 0.264341
0.285402 0.259768 0.234867 0.219963
0.266000 0.258652 0.239102 0.236245
0.351517 0.208512 0.227104 0.212867
0.262465 0.263724 0.255041 0.218769
0.324007 0.212306 0.210101 0.253586
0.255941 0.250597 0.258896 0.234566
0.235560 0.243118 0.239776 0.281546
0.278618 0.225597 0.240321 0.255464
0.237175 0.235315 0.228444 0.299066
0.318610 0.243075 0.238246 0.200069
0.290354 0.284410 0.215046 0.210190
0.218107 0.287378 0.245973 0.248542
0.256824 0.256276 0.238026 0.248873
0.291118 0.231540 0.234664 0.242679
0.290550 0.226850 0.250250 0.232349
0.244375 0.247390 0.256622 0.251613
0.289994 0.264166 0.239494 0.206346
0.246648 0.243022 0.235913 0.274417
0.249050 0.267476 0.265783 0.217690
0.237849 0.240796 0.241189 0.280166
0.276421 0.232877 0.237951 0.252751
0.279920 0.272537 0.225089 0.222454
0.322102 0.235616 0.210626 0.231655
0.287732 0.231612 0.249847 0.230809
0.271130 0.227924 0.246667 0.254278
0.247119 0.285338 0.247250 0.220292
0.246610 0.262664 0.239407 0.251319
0.290035 0.222571 0.217871 0.269523
0.249477 0.265188 0.220033 0.265302
0.244812 0.236784 0.275713 0.242692
0.240260 0.233478 0.249917 0.276345
0.191864 0.267518 0.286918 0.253701
0.267450 0.261339 0.247583 0.223628
0.276179 0.252809 0.230318 0.240694
0.247295 0.277504 0.248486 0.226715
0.283490 0.249391 0.240491 0.226628
0.226769 0.272553 0.212578 0.288100
0.247432 0.250366 0.243199 0.259003
0.233890 0.278334 0.250434 0.237342
0.243236 0.267219 0.216190 0.273355
0.287187 0.318789 0.175828 0.218196
0.222599 0.304615 0.262948 0.209838
0.241083 0.226962 0.241725 0.290230
0.281289 0.228701 0.261185 0.228824
0.272842 0.252865 0.244955 0.229338
0.278438 0.250498 0.197161 0.273903
0.342683 0.216811 0.204475 0.236032
0.255044 0.267439 0.249244 0.228273
0.260724 0.240494 0.251350 0.247431
0.258755 0.247337 0.230659 0.263249
0.246646 0.274351 0.223640 0.255363
0.214079 0.311199 0.232440 0.242283
0.278208 0.254573 0.216649 0.250571
0.283211 0.239331 0.222629 0.254829
0.236505 0.247981 0.221991 0.293523
0.306865 0.217080 0.219953 0.256103
0.322322 0.262590 0.179234 0.235854
0.249648 0.262240 0.239829 0.248283
0.292506 0.246790 0.205033 0.255671
0.276493 0.241206 0.240275 0.242026
0.254675 0.246172 0.266639 0.232514
0.222193 0.239086 0.314777 0.223944
0.310450 0.206673 0.263284 0.219594
0.207947 0.279056 0.279941 0.233056
0.241635 0.278959 0.244454 0.234952
0.330440 0.208167 0.209681 0.251712
0.260726 0.240463 0.229728 0.269084
0.306670 0.258505 0.185200 0.249626
0.241407 0.214668 0.261303 0.282622
0.280260 0.267933 0.235332 0.216475
0.245299 0.239349 0.249242 0.266109
0.318384 0.201373 0.208985 0.271258
0.249579 0.255285 0.213433 0.281703
0.273534 0.267134 0.226709 0.232622
0.226639 0.325433 0.227044 0.220885
0.246466 0.267820 0.230391 0.255324
0.308211 0.255390 0.206894 0.229505
0.199748 0.241009 0.257917 0.301325
0.299371 0.232612 0.228888 0.239129
0.239260 0.292858 0.238873 0.229009
0.279861 0.222234 0.282825 0.215080
0.191779 0.237571 0.245476 0.325174
0.359789 0.263042 0.184229 0.192940
0.206748 0.277601 0.273808 0.241842
0.296418 0.204476 0.254232 0.244874
0.322654 0.218917 0.229228 0.229201
0.296288 0.221645 0.236120 0.245947
0.288582 0.233208 0.244314 0.233896
0.298711 0.229809 0.239266 0.232215
0.251947 0.235032 0.298751 0.214270
0.251530 0.238512 0.220122 0.289836
0.219836 0.280967 0.223669 0.275528
0.207449 0.308078 0.234493 0.249980
0.313036 0.248236 0.194248 0.244480
0.197861 0.267924 0.253860 0.280355
0.260690 0.260825 0.223478 0.255008
0.261686 0.271311 0.216124 0.250879
0.254368 0.286011 0.226782 0.232839
0.236577 0.243720 0.247584 0.272119
0.303780 0.270620 0.227065 0.198535
0.250898 0.268615 0.226825 0.253663
0.300169 0.221692 0.258569 0.219570
0.331396 0.225124 0.226044 0.217436
0.264589 0.243311 0.247541 0.244558
0.287641 0.238067 0.234777 0.239515
0.365137 0.219787 0.220032 0.195044
0.245457 0.210577 0.272187 0.271779
0.249824 0.223023 0.256757 0.270395
0.295601 0.245636 0.238000 0.220763
0.200808 0.256448 0.241100 0.301645
0.228927 0.250834 0.231837 0.288402
0.349691 0.260105 0.201544 0.188660
0.164384 0.283373 0.278353 0.273891
0.210448 0.217403 0.233771 0.338379
0.280284 0.275902 0.228912 0.214902
0.302482 0.247913 0.196732 0.252873
0.249394 0.213459 0.251680 0.285467
0.322612 0.244148 0.205543 0.227696
0.274635 0.245920 0.196382 0.283063
0.235032 0.240729 0.245131 0.279108
0.284952 0.234554 0.207478 0.273016
0.271154 0.256919 0.239849 0.232078
0.310292 0.214227 0.196155 0.279327
0.292742 0.228075 0.249983 0.229200
0.308991 0.247595 0.242010 0.201404
0.209288 0.277686 0.235134 0.277892
0.267847 0.259189 0.233086 0.239878
0.204145 0.309652 0.192496 0.293706
0.220898 0.273334 0.243285 0.262483
0.242539 0.261503 0.226682 0.269276
0.307798 0.242742 0.220606 0.228855
0.203200 0.214857 0.272910 0.309033
0.222646 0.242508 0.297504 0.237343
0.283686 0.294735 0.212883 0.208696
0.287669 0.214998 0.225161 0.272172
0.291028 0.240733 0.224954 0.243285
0.230588 0.300801 0.196866 0.271745
0.282695 0.222955 0.274371 0.219980
0.230569 0.252241 0.254618 0.262571
0.260817 0.271948 0.215096 0.252139
0.244784 0.265665 0.222650 0.266901
0.288535 0.236533 0.224057 0.250875
0.324186 0.249826 0.214357 0.211630
0.229089 0.287608 0.245054 0.238249
0.293633 0.251386 0.222777 0.232204
0.229175 0.270364 0.236957 0.263504
0.304352 0.235216 0.247464 0.212967
0.291919 0.239039 0.245166 0.223875
0.264998 0.262106 0.234546 0.238351
0.250102 0.254013 0.254559 0.241326
0.254520 0.223502 0.215536 0.306442
0.265427 0.270504 0.267211 0.196857
0.287838 0.213292 0.219110 0.279760
0.235709 0.282353 0.255373 0.226565
0.262346 0.303494 0.217723 0.216436
0.270666 0.220523 0.268661 0.240150
0.251535 0.234120 0.233827 0.280518
0.323382 0.239421 0.229739 0.207458
0.287005 0.264093 0.234295 0.214607
0.324468 0.244465 0.172855 0.258212
0.370798 0.208189 0.223986 0.197028
0.215691 0.271808 0.209529 0.302972
0.223069 0.257866 0.236083 0.282982
0.269972 0.267249 0.242988 0.219791
0.283251 0.222630 0.245354 0.248765
0.241687 0.248703 0.231949 0.277661
0.323960 0.265630 0.224610 0.185800
0.246093 0.274261 0.242335 0.237311
0.241306 0.239478 0.229334 0.289882
0.282357 0.246670 0.244942 0.226031
0.328741 0.214150 0.199885 0.257223
0.251532 0.288140 0.192281 0.268047
0.292788 0.269545 0.230600 0.207067
0.251505 0.249717 0.239592 0.259185
0.230395 0.253291 0.229385 0.286929
0.285885 0.224497 0.261284 0.228334
0.274102 0.266144 0.247984 0.211770
0.205845 0.286410 0.232968 0.274777
0.310540 0.215813 0.247815 0.225833
0.257034 0.263649 0.259885 0.219431
0.233690 0.236729 0.241577 0.288003
0.270536 0.241764 0.250615 0.237086
0.253959 0.286728 0.187551 0.271762
0.353593 0.223625 0.182375 0.240407
0.260087 0.273124 0.230423 0.236366
0.268470 0.261554 0.244414 0.225562
0.245112 0.233813 0.258428 0.262647
0.267696 0.225152 0.236230 0.270922
0.245088 0.265729 0.278554 0.210628
0.255931 0.241669 0.283703 0.218697
0.236722 0.258764 0.253680 0.250834
0.260628 0.270739 0.232304 0.236329
0.277806 0.252029 0.233556 0.236609
0.246809 0.259182 0.219228 0.274780
0.236915 0.318607 0.216310 0.228168
0.329070 0.256834 0.214871 0.199226
0.252836 0.253274 0.220642 0.273248
0.217933 0.258846 0.241895 0.281326
0.272875 0.226708 0.246336 0.254082
0.187565 0.292911 0.267420 0.252104
0.249432 0.301158 0.211331 0.238078
0.282528 0.252603 0.225569 0.239300
0.268498 0.270166 0.241111 0.220225
0.282492 0.266796 0.197117 0.253595
0.295101 0.221898 0.261071 0.221931
0.256506 0.248166 0.227552 0.267776
0.285164 0.247429 0.238694 0.228713
0.351119 0.210957 0.216436 0.221488
0.204202 0.283864 0.251465 0.260469
0.315107 0.240640 0.229738 0.214514
0.234617 0.248465 0.257515 0.259403
0.190519 0.297655 0.256880 0.254946
0.251958 0.227782 0.283253 0.237006
0.284210 0.275970 0.211481 0.228340
0.301875 0.240997 0.221403 0.235726
0.267640 0.224647 0.220584 0.287128
0.257566 0.291711 0.190322 0.260401
0.226011 0.304168 0.226289 0.243531
0.347311 0.237885 0.210044 0.204760
0.359842 0.226245 0.202834 0.211079
0.245352 0.258298 0.275954 0.220395
0.297718 0.213492 0.246189 0.242601
0.261251 0.282444 0.216332 0.239973
0.253124 0.257335 0.271797 0.217745
0.256584 0.233847 0.219809 0.289759
0.294400 0.247665 0.215358 0.242578
0.185649 0.286783 0.273938 0.253630
0.242909 0.272064 0.221903 0.263124
0.265664 0.268102 0.224756 0.241478
0.201442 0.336508 0.245293 0.216756
0.297967 0.188750 0.258913 0.254370
0.308938 0.268812 0.178994 0.243256
0.280364 0.256831 0.246495 0.216310
0.306859 0.216993 0.240883 0.235265
0.227340 0.284877 0.249981 0.237802
0.229149 0.306124 0.217400 0.247327
0.346312 0.166914 0.275384 0.211390
0.274937 0.264993 0.230001 0.230068
0.278474 0.225714 0.248450 0.247362
0.279666 0.204194 0.300355 0.215786
0.246778 0.263900 0.254603 0.234718
0.221340 0.232547 0.296464 0.249649
0.257198 0.283547 0.234784 0.224471
0.255190 0.285486 0.237590 0.221734
0.257705 0.264557 0.243226 0.234511
0.284160 0.219453 0.234946 0.261440
0.258281 0.230792 0.236030 0.274897
0.238639 0.250815 0.278014 0.232532
0.273367 0.234411 0.276320 0.215902
0.240729 0.262119 0.247092 0.250060
0.266511 0.250106 0.195848 0.287536
0.272961 0.237623 0.255616 0.233799
0.238036 0.224988 0.274625 0.262350
0.260331 0.279724 0.226848 0.233097
0.310104 0.235867 0.207780 0.246249
0.281403 0.217484 0.225301 0.275812
0.237621 0.255868 0.246623 0.259888
0.303980 0.215296 0.237392 0.243332
0.208242 0.284121 0.249697 0.257939
0.295298 0.278355 0.192311 0.234036
0.313229 0.285202 0.204931 0.196638
0.255514 0.258742 0.217167 0.268578
0.379788 0.236421 0.185801 0.197991
0.290184 0.245090 0.248318 0.216408
0.241797 0.226100 0.282880 0.249223
0.210240 0.269570 0.249847 0.270343
0.374420 0.188233 0.184138 0.253209
0.296784 0.275120 0.206556 0.221539
0.248394 0.261604 0.235503 0.254498
0.325620 0.225179 0.195423 0.253778
0.239060 0.239780 0.259211 0.261949
0.295958 0.257941 0.222537 0.223564
0.256720 0.285277 0.196884 0.261118
0.276338 0.235014 0.253651 0.234997
0.301547 0.231991 0.267967 0.198495
0.263714 0.258964 0.233357 0.243964
0.292724 0.220545 0.219312 0.267420
0.269024 0.253067 0.232415 0.245494
0.223181 0.301020 0.241673 0.234125
0.283866 0.216182 0.243961 0.255992
0.289833 0.248850 0.246819 0.214498
0.211854 0.265540 0.230895 0.291711
0.242546 0.256977 0.226309 0.274167
0.256004 0.253499 0.259500 0.230996
0.353975 0.221154 0.171694 0.253177
0.250333 0.303414 0.205941 0.240312
0.239014 0.290947 0.242460 0.227579
0.298815 0.238115 0.252477 0.210593
0.242440 0.224340 0.245505 0.287716
0.265231 0.275865 0.231212 0.227691
0.266546 0.285085 0.215678 0.232691
0.247515 0.258680 0.252659 0.241145
0.337184 0.228442 0.203058 0.231316
0.275402 0.250235 0.250805 0.223558
0.223917 0.248051 0.238556 0.289475
0.209631 0.303945 0.221976 0.264447
0.276918 0.240164 0.279940 0.202978
0.248063 0.222796 0.226923 0.302218
0.211528 0.274017 0.282668 0.231787
0.279116 0.246013 0.238007 0.236864
0.228736 0.264177 0.226921 0.280166
0.279863 0.239527 0.217401 0.263209
0.316937 0.272752 0.214755 0.195556
0.232169 0.296397 0.221930 0.249504
0.255147 0.272301 0.243161 0.229391
0.256821 0.235772 0.249840 0.257566
0.195923 0.236446 0.267566 0.300064
0.261086 0.252031 0.217213 0.269670
0.275907 0.255830 0.232931 0.235332
0.247956 0.236349 0.241335 0.274360
0.303243 0.239227 0.184099 0.273431
0.270787 0.241868 0.283931 0.203414
0.247566 0.258746 0.253273 0.240416
0.259544 0.286511 0.212307 0.241638
0.234302 0.284021 0.225579 0.256098
0.264008 0.220737 0.211287 0.303968
0.261227 0.303478 0.203402 0.231893
0.267631 0.251436 0.242872 0.238062
0.213481 0.237318 0.257708 0.291493
0.271263 0.258542 0.201953 0.268242
0.303472 0.263597 0.210285 0.222647
0.202876 0.283119 0.279241 0.234764
0.314835 0.246221 0.224823 0.214122
0.200612 0.267130 0.248347 0.283911
0.259539 0.228066 0.259113 0.253282
0.317539 0.256917 0.206596 0.218949
0.320738 0.223080 0.222796 0.233386
0.312656 0.238638 0.248779 0.199926
0.324574 0.254032 0.189353 0.232041
0.247141 0.261480 0.256301 0.235077
0.238373 0.239385 0.254520 0.267722
0.253690 0.239974 0.269934 0.236403
0.221905 0.312236 0.203045 0.262814
0.223088 0.266909 0.243736 0.266267
0.273584 0.255707 0.262674 0.208034
0.340739 0.239351 0.203763 0.216147
0.230119 0.253020 0.228813 0.288048
0.279449 0.258920 0.217636 0.243996
0.257424 0.263217 0.264898 0.214461
0.297134 0.272922 0.216774 0.213170
0.312446 0.232608 0.240655 0.214291
0.241724 0.257648 0.251668 0.248960
0.252804 0.255034 0.240049 0.252114
0.238601 0.270525 0.235129 0.255744
0.352660 0.236923 0.225938 0.184478
0.235735 0.266653 0.242186 0.255426
0.285024 0.308923 0.191191 0.214862
0.263041 0.250351 0.230954 0.255654
0.268822 0.263478 0.217330 0.250369
0.230675 0.250071 0.243120 0.276134
0.263065 0.328154 0.196829 0.211953
0.230663 0.319826 0.222968 0.226543
0.230996 0.275696 0.250195 0.243113
0.346202 0.237778 0.213514 0.202506
0.272848 0.259464 0.225276 0.242412
0.238942 0.288079 0.230874 0.242106
0.257859 0.336665 0.194168 0.211308
0.298973 0.257863 0.232203 0.210960
0.241470 0.254908 0.241634 0.261989
0.260455 0.236543 0.276738 0.226263
0.257792 0.230804 0.254827 0.256577
0.249530 0.260350 0.257569 0.232551
0.232320 0.286247 0.240257 0.241177
0.276155 0.209912 0.260752 0.253180
0.273543 0.265461 0.221467 0.239530
0.268098 0.265493 0.225922 0.240487
0.303174 0.244983 0.220496 0.231347
0.246822 0.278552 0.216099 0.258527
0.246805 0.282806 0.228361 0.242028
0.288788 0.269555 0.209760 0.231897
0.301374 0.270095 0.218621 0.209909
0.273274 0.240233 0.216236 0.270258
0.215852 0.241764 0.248502 0.293882
0.271591 0.242601 0.242194 0.243614
0.246674 0.315339 0.208286 0.229701
0.267455 0.255382 0.240481 0.236683
0.276175 0.246677 0.256184 0.220964
0.235245 0.302145 0.219905 0.242706
0.262711 0.222187 0.262948 0.252153
0.277632 0.253173 0.237719 0.231476
0.308013 0.235471 0.198352 0.258164
0.365952 0.223252 0.184375 0.226421
0.300230 0.192187 0.277146 0.230437
0.324233 0.244167 0.199850 0.231751
0.277762 0.228845 0.246207 0.247186
0.216600 0.281745 0.258020 0.243636
0.233465 0.271384 0.226841 0.268310
0.326399 0.210055 0.176298 0.287248
0.289151 0.228193 0.248189 0.234466
0.244674 0.266243 0.237082 0.252001
0.257382 0.259273 0.255959 0.227387
0.234069 0.265325 0.267337 0.233268
0.208662 0.315045 0.198265 0.278029
0.306104 0.254651 0.202560 0.236684
0.306268 0.231047 0.255246 0.207440
0.262152 0.236522 0.262893 0.238433
0.276148 0.249857 0.235881 0.238113
0.222237 0.248591 0.311843 0.217330
0.192844 0.304445 0.237369 0.265342
0.285829 0.267726 0.233930 0.212515
0.296491 0.230472 0.260328 0.212708
0.221409 0.259460 0.197212 0.321919
0.276486 0.228242 0.233113 0.262159
0.189181 0.271052 0.268068 0.271698
0.245760 0.275772 0.256833 0.221635
0.265488 0.270853 0.235044 0.228614
0.292681 0.237499 0.221726 0.248094
0.272670 0.253268 0.213787 0.260274
0.221600 0.251483 0.234518 0.292399
0.273006 0.247279 0.238582 0.241132
0.228318 0.297495 0.229274 0.244914
0.291367 0.262862 0.204491 0.241280
0.288561 0.257628 0.182856 0.270956
0.253535 0.279035 0.239945 0.227485
0.240245 0.236976 0.249768 0.273011
0.221019 0.263810 0.257894 0.257276
0.201570 0.351139 0.221445 0.225846
0.287189 0.239575 0.205293 0.267944
0.231303 0.297735 0.232678 0.238284
0.289934 0.260534 0.237258 0.212274
0.226917 0.249825 0.244221 0.279037
0.251408 0.241352 0.215159 0.292082
0.263008 0.277402 0.233696 0.225894
0.305969 0.241146 0.243083 0.209803
0.287645 0.222012 0.259599 0.230744
0.231555 0.291870 0.213228 0.263347
0.232794 0.246978 0.278304 0.241924
0.217157 0.279142 0.260094 0.243607
0.265735 0.251417 0.242970 0.239878
0.243270 0.266693 0.236236 0.253801
0.283225 0.232352 0.210571 0.273853
0.300989 0.249399 0.181649 0.267963
0.256443 0.256982 0.243506 0.243069
0.234736 0.255072 0.268201 0.241990
0.221145 0.289953 0.198304 0.290598
0.261391 0.264297 0.257898 0.216414
0.339258 0.227364 0.227354 0.206024
0.262907 0.245756 0.250419 0.240917
0.248097 0.261076 0.260291 0.230536
0.246380 0.263631 0.256760 0.233230
0.215024 0.253681 0.243597 0.287699
0.338160 0.233713 0.210849 0.217278
0.276557 0.244028 0.251739 0.227676
0.229614 0.248805 0.234167 0.287414
0.292298 0.237740 0.237740 0.232222
0.329047 0.235624 0.226374 0.208956
0.284436 0.233091 0.231528 0.250945
0.321124 0.230715 0.208647 0.239513
0.334410 0.248968 0.226069 0.190553
0.248859 0.234113 0.271799 0.245229
0.335855 0.214955 0.193178 0.256011
0.255949 0.295970 0.239798 0.208282
0.273646 0.254122 0.247902 0.224330
0.256673 0.246229 0.258958 0.238140
0.280218 0.290563 0.216714 0.212505
0.200485 0.256518 0.260562 0.282435
0.270690 0.242652 0.185390 0.301267
0.325618 0.292774 0.199754 0.181854
0.231660 0.239737 0.278832 0.249770
0.325438 0.214226 0.178739 0.281597
0.345853 0.238702 0.202112 0.213333
0.254514 0.237087 0.281394 0.227004
0.175770 0.241177 0.254109 0.328944
0.315141 0.268664 0.215647 0.200549
0.259473 0.252061 0.247152 0.241314
0.218204 0.297465 0.191707 0.292624
0.361229 0.247457 0.197841 0.193474
0.244944 0.244177 0.274099 0.236780
0.235297 0.246354 0.211661 0.306688
0.269974 0.318420 0.174449 0.237157
0.305908 0.254745 0.236155 0.203192
0.216673 0.254655 0.256562 0.272110
0.243074 0.311539 0.216929 0.228457
0.249774 0.259513 0.267181 0.223532
0.224540 0.244983 0.281266 0.249210
0.276282 0.264177 0.217619 0.241922
0.241722 0.238771 0.261047 0.258460
0.217380 0.241122 0.231569 0.309929
0.306956 0.261549 0.156042 0.275452
0.242811 0.257801 0.237567 0.261820
0.235433 0.257972 0.245185 0.261410
0.261522 0.315333 0.198806 0.224339
0.305136 0.244256 0.221397 0.229211
0.237388 0.332669 0.216685 0.213258
0.242426 0.280723 0.231006 0.245846
0.218724 0.263599 0.234531 0.283146
0.221806 0.271106 0.279202 0.227886
0.281104 0.286997 0.205033 0.226866
0.261212 0.237704 0.223301 0.277783
0.231584 0.276449 0.262750 0.229217
0.310716 0.227650 0.248282 0.213351
0.281222 0.218138 0.223018 0.277623
0.273083 0.253963 0.230842 0.242112
0.253937 0.233791 0.220711 0.291561
0.269236 0.245171 0.206405 0.279188
0.313116 0.286105 0.208396 0.192383
0.235112 0.282645 0.219721 0.262521
0.278615 0.214986 0.255623 0.250776
0.255167 0.257449 0.258152 0.229232
0.287741 0.275468 0.209218 0.227574
0.242542 0.217927 0.261313 0.278217
0.216280 0.319451 0.238721 0.225548
0.233856 0.265574 0.218458 0.282112
0.200309 0.260770 0.237255 0.301667
0.294792 0.248334 0.209117 0.247757
0.273007 0.249205 0.216288 0.261500
0.304252 0.261691 0.221373 0.212684
0.271879 0.310003 0.222497 0.195621
0.306731 0.229168 0.226471 0.237631
0.336766 0.244299 0.200343 0.218591
0.220909 0.251795 0.264250 0.263046
0.259638 0.205936 0.244532 0.289894
0.283135 0.280927 0.219784 0.216154
0.262364 0.267225 0.198086 0.272325
0.327096 0.225480 0.233628 0.213796
0.270875 0.263779 0.211644 0.253702
0.214775 0.255963 0.274570 0.254692
0.251864 0.248475 0.219088 0.280574
0.262104 0.254595 0.256088 0.227213
0.239297 0.300797 0.219606 0.240301
0.246235 0.273116 0.239414 0.241235
0.270169 0.256675 0.254469 0.218688
0.239524 0.269122 0.245961 0.245393
0.290963 0.250839 0.218007 0.240191
0.274356 0.261780 0.213945 0.249919
0.219103 0.307964 0.224220 0.248713
0.340917 0.228860 0.168471 0.261752
0.291780 0.252822 0.241377 0.214021
0.322560 0.231263 0.206749 0.239428
0.243435 0.242334 0.247301 0.266929
0.257440 0.304440 0.217271 0.220849
0.254290 0.263504 0.251295 0.230911
0.268847 0.270857 0.229098 0.231198
0.287232 0.233772 0.240181 0.238815
0.283726 0.252391 0.218635 0.245248
0.275580 0.250694 0.225862 0.247864
0.206761 0.224938 0.332772 0.235529
0.238727 0.296117 0.249253 0.215902
0.191470 0.257112 0.257152 0.294267
0.209555 0.249051 0.294978 0.246416
0.265891 0.237592 0.273719 0.222799
0.250280 0.233522 0.257331 0.258867
0.279279 0.199318 0.227020 0.294383
0.325535 0.247448 0.201475 0.225542
0.277722 0.259701 0.230148 0.232428
0.319091 0.201513 0.245505 0.233892
0.294690 0.224045 0.207074 0.274192
0.308281 0.237197 0.205288 0.249234
0.224889 0.279368 0.256300 0.239442
0.302041 0.271183 0.218032 0.208745
0.254805 0.228532 0.256550 0.260114
0.215334 0.236151 0.245455 0.303060
0.236767 0.280721 0.209685 0.272827
0.246316 0.223268 0.289795 0.240621
0.222464 0.248081 0.296335 0.233120
0.210797 0.268614 0.240678 0.279911
0.319389 0.237952 0.215804 0.226854
0.274657 0.253096 0.183047 0.289200
0.268733 0.278664 0.232557 0.220046
0.291448 0.230455 0.239342 0.238755
0.264919 0.277031 0.216246 0.241804
0.203306 0.284301 0.229394 0.282999
0.320460 0.257616 0.225692 0.196232
0.274175 0.255958 0.232068 0.237799
0.226099 0.216478 0.291309 0.266114
0.234487 0.234198 0.248828 0.282487
0.283536 0.247681 0.172590 0.296193
0.234059 0.260421 0.282077 0.223443
0.267195 0.260761 0.240654 0.231389
0.238845 0.261537 0.257720 0.241898
0.211457 0.293566 0.249581 0.245395
0.292254 0.270856 0.218579 0.218311
0.273651 0.295294 0.208748 0.222306
0.268360 0.243506 0.271835 0.216299
0.282197 0.246716 0.201722 0.269365
0.314286 0.204380 0.243991 0.237343
0.241764 0.255292 0.250623 0.252321
0.281721 0.247969 0.204974 0.265336
0.226608 0.261063 0.265602 0.246726
0.232670 0.267032 0.255209 0.245089
0.240552 0.285506 0.237091 0.236851
0.230087 0.271753 0.268841 0.229319
0.311438 0.235233 0.219952 0.233378
0.248167 0.312309 0.229860 0.209664
0.264321 0.298656 0.223461 0.213562
0.303715 0.255513 0.238636 0.202135
0.298182 0.275432 0.205529 0.220856
0.228293 0.242950 0.279466 0.249292
0.228930 0.212716 0.292629 0.265725
0.231930 0.276369 0.221300 0.270401
0.230144 0.285872 0.255465 0.228519
0.246462 0.243483 0.220557 0.289497
0.245806 0.279123 0.239679 0.235391
0.242764 0.237035 0.306685 0.213516
0.260713 0.241338 0.253948 0.244002
0.250130 0.287837 0.224242 0.237791
0.242722 0.243527 0.266677 0.247073
0.252413 0.254614 0.219633 0.273339
0.229600 0.293926 0.222172 0.254301
0.218102 0.264856 0.224278 0.292764
0.227196 0.243375 0.235879 0.293549
0.214772 0.331893 0.213928 0.239407
0.262371 0.282463 0.231667 0.223500
0.241508 0.237770 0.265446 0.255275
0.266797 0.267464 0.206311 0.259427
0.330184 0.236722 0.234797 0.198297
0.244149 0.221274 0.281883 0.252694
0.268367 0.236621 0.253599 0.241414
0.221632 0.290660 0.218064 0.269645
0.268945 0.236233 0.269274 0.225548
0.277222 0.243752 0.264698 0.214327
0.261162 0.274497 0.245566 0.218775
0.240334 0.223567 0.239227 0.296871
0.258172 0.234470 0.207195 0.300162
0.249715 0.289459 0.219311 0.241515
0.239738 0.295703 0.236258 0.228300
0.347906 0.213942 0.212747 0.225405
0.228620 0.320836 0.202026 0.248518
0.249362 0.235097 0.259524 0.256016
0.259793 0.290029 0.224582 0.225596
0.304257 0.270264 0.228287 0.197192
0.216499 0.249599 0.247929 0.285973
0.322251 0.243899 0.204678 0.229172
0.251556 0.252984 0.247671 0.247789
0.234842 0.246371 0.236954 0.281833
0.278717 0.258700 0.245404 0.217179
0.239513 0.296607 0.226704 0.237177
0.220857 0.294831 0.254950 0.229363
0.304486 0.245153 0.239793 0.210568
0.335067 0.248368 0.201861 0.214703
0.247848 0.229377 0.243428 0.279347
0.276618 0.246448 0.199485 0.277450
0.234151 0.283236 0.226888 0.255724
0.259087 0.293421 0.202774 0.244718
0.238539 0.254805 0.262606 0.244050
0.320830 0.246392 0.191384 0.241394
0.258042 0.262107 0.245692 0.234158
0.271692 0.271696 0.235920 0.220692
0.236931 0.276053 0.240246 0.246770
0.216935 0.290865 0.246722 0.245478
0.310944 0.211078 0.218750 0.259228
0.200304 0.264229 0.267293 0.268174
0.258320 0.267390 0.238849 0.235440
0.239532 0.266179 0.231209 0.263080
0.234036 0.281831 0.214917 0.269215
0.229726 0.288067 0.241247 0.240960
0.237968 0.255874 0.255896 0.250262
0.263175 0.271468 0.206835 0.258522
0.239962 0.269078 0.228914 0.262046
0.291677 0.222358 0.236231 0.249734
0.269965 0.287692 0.215397 0.226946
0.272515 0.306777 0.213420 0.207288
0.332407 0.228326 0.246028 0.193239
0.237914 0.250598 0.254605 0.256883
0.255920 0.265919 0.265045 0.213115
0.209467 0.288462 0.239615 0.262456
0.257284 0.278122 0.181171 0.283423
0.276087 0.262888 0.220504 0.240521
0.203997 0.282455 0.245487 0.268061
0.304082 0.242455 0.216827 0.236636
0.221391 0.255901 0.256684 0.266023
0.218118 0.261320 0.266318 0.254244
0.220866 0.288034 0.258396 0.232704
0.285153 0.320903 0.182770 0.211175
0.205340 0.251258 0.313953 0.229450
0.315431 0.215020 0.225776 0.243772
0.282752 0.262200 0.225039 0.230009
0.236073 0.266755 0.262044 0.235128
0.301731 0.202667 0.215121 0.280481
0.322767 0.259346 0.210537 0.207350
0.236031 0.263399 0.267292 0.233277
0.285538 0.217206 0.214242 0.283014
0.249992 0.292398 0.234460 0.223150
0.225204 0.234710 0.290325 0.249761
0.258470 0.262794 0.247251 0.231485
0.256980 0.261525 0.245930 0.235565
0.291945 0.265910 0.222705 0.219439
0.274258 0.248189 0.219103 0.258450
0.251358 0.258848 0.221948 0.267846
0.192936 0.277383 0.257374 0.272307
0.279719 0.234558 0.211240 0.274484
0.253166 0.306975 0.229312 0.210548
0.192285 0.249751 0.305302 0.252662
0.271377 0.249733 0.231587 0.247304
0.235500 0.250229 0.266090 0.248182
0.246226 0.232289 0.276051 0.245433
0.239295 0.238710 0.246942 0.275053
0.236660 0.293907 0.214618 0.254815
0.347231 0.200967 0.206736 0.245067
0.225762 0.273551 0.217005 0.283682
0.300955 0.245313 0.228140 0.225592
0.253572 0.239101 0.251668 0.255659
0.288263 0.253072 0.213015 0.245651
0.257708 0.284617 0.230337 0.227337
0.272119 0.239651 0.249152 0.239078
0.245470 0.261944 0.256197 0.236388
0.227256 0.283421 0.239978 0.249345
0.237798 0.309807 0.224231 0.228164
0.225365 0.272448 0.238185 0.264002
0.252676 0.336671 0.166976 0.243677
0.306690 0.240156 0.234143 0.219010
0.274008 0.222367 0.221128 0.282497
0.287142 0.245511 0.229590 0.237757
0.237405 0.243117 0.274348 0.245130
0.242632 0.210138 0.293225 0.254005
0.233371 0.309936 0.218517 0.238176
0.323693 0.232354 0.237022 0.206930
0.258337 0.224008 0.260007 0.257648
0.222981 0.217470 0.296164 0.263385
0.251045 0.231416 0.288731 0.228808
0.271765 0.231382 0.225538 0.271314
0.250274 0.277352 0.244024 0.228349
0.230449 0.240683 0.243332 0.285536
0.219476 0.266344 0.243549 0.270631
0.226364 0.266421 0.249660 0.257556
0.253298 0.243421 0.308149 0.195132
0.272658 0.288652 0.208348 0.230341
0.265438 0.249166 0.251842 0.233554
0.314604 0.243855 0.244328 0.197214
0.265956 0.252871 0.208587 0.272586
0.226565 0.264057 0.259184 0.250194
0.298078 0.223660 0.235135 0.243127
0.240481 0.246719 0.231091 0.281710
0.230134 0.279205 0.278237 0.212424
0.265203 0.302444 0.228815 0.203538
0.266118 0.261290 0.238921 0.233670
0.212209 0.239796 0.269074 0.278921
0.288060 0.236314 0.230833 0.244793
0.234459 0.234812 0.261867 0.268862
0.249874 0.266981 0.251142 0.232003
0.284086 0.256956 0.256361 0.202597
0.210811 0.308822 0.234395 0.245972
0.233962 0.266894 0.233537 0.265607
0.210608 0.233907 0.278572 0.276912
0.355688 0.247358 0.208289 0.188665
0.344834 0.224240 0.203477 0.227449
0.302589 0.232434 0.209343 0.255634
0.345450 0.191278 0.237042 0.226230
0.264545 0.245635 0.238734 0.251086
0.244977 0.240090 0.280175 0.234758
0.270809 0.231187 0.236460 0.261544
0.276652 0.204651 0.246696 0.272000
0.252286 0.259165 0.217507 0.271042
0.271412 0.260606 0.259816 0.208167
0.227244 0.258715 0.247616 0.266426
0.230756 0.262450 0.236677 0.270116
0.245910 0.270281 0.263410 0.220399
0.219288 0.278891 0.278118 0.223702
0.274808 0.249856 0.220542 0.254794
0.216310 0.265848 0.271997 0.245845
0.245920 0.247281 0.191897 0.314902
0.312554 0.225356 0.193190 0.268901
0.316803 0.224796 0.239006 0.219395
0.298948 0.234176 0.171418 0.295458
0.309763 0.244907 0.202191 0.243139
0.229353 0.257200 0.278437 0.235010
0.283199 0.235992 0.218003 0.262807
0.285648 0.261111 0.222079 0.231162
0.235001 0.285743 0.255877 0.223379
0.247776 0.251944 0.209804 0.290476
0.279549 0.277509 0.219193 0.223749
0.227053 0.223043 0.286775 0.263130
0.262129 0.215656 0.217039 0.305176
0.209999 0.254905 0.254783 0.280314
0.270533 0.230723 0.250612 0.248132
0.240452 0.270698 0.234175 0.254675
0.276831 0.281748 0.207482 0.233938
0.257305 0.257553 0.245567 0.239574
0.276558 0.253819 0.207830 0.261793
0.291457 0.242217 0.231990 0.234335
0.226297 0.237884 0.303524 0.232295
0.298534 0.265638 0.235102 0.200727
0.278463 0.271174 0.227564 0.222799
0.221398 0.299595 0.248748 0.230259
0.251959 0.274759 0.225242 0.248040
0.275720 0.271989 0.205306 0.246984
0.227825 0.334206 0.215780 0.222189
