0.120989 0.158681 0.140168 0.139906 0.133419 0.167575 0.139262
0.177337 0.154244 0.124693 0.124693 0.148620 0.129244 0.141169
0.130310 0.148645 0.148645 0.148635 0.145222 0.149858 0.128686
0.169242 0.133583 0.137089 0.137089 0.116505 0.131377 0.175115
0.151212 0.148807 0.158807 0.142141 0.135725 0.123807 0.139500
0.135326 0.147033 0.147033 0.144306 0.141527 0.146785 0.137990
0.140382 0.147855 0.147855 0.147855 0.127254 0.147855 0.140946
0.167918 0.129542 0.128669 0.133320 0.135890 0.129673 0.174987
0.160647 0.126898 0.118176 0.143176 0.122442 0.142909 0.185751
0.164841 0.132850 0.146516 0.145350 0.137036 0.143191 0.130215
0.142310 0.144856 0.142445 0.144856 0.148692 0.137412 0.139429
0.118812 0.142917 0.129573 0.142917 0.144924 0.159848 0.161008
0.130749 0.140329 0.134251 0.140329 0.125962 0.139190 0.189190
0.183188 0.143188 0.144411 0.143188 0.123219 0.133232 0.129575
0.160266 0.136475 0.130006 0.136475 0.159212 0.140642 0.136925
0.134557 0.132787 0.124183 0.132787 0.141586 0.197296 0.136803
0.131755 0.145734 0.145849 0.145734 0.141223 0.146383 0.143322
0.113206 0.136329 0.123829 0.135471 0.169142 0.136012 0.186012
0.136813 0.148751 0.145366 0.138751 0.132860 0.147089 0.150371
0.142554 0.150888 0.150620 0.152081 0.133729 0.132535 0.137593
0.139841 0.138225 0.136075 0.135051 0.182899 0.138121 0.129788
0.133378 0.146736 0.138403 0.123378 0.132720 0.162693 0.162693
0.145423 0.141238 0.158169 0.133922 0.148323 0.136462 0.136462
0.146494 0.146111 0.148837 0.136559 0.139769 0.141115 0.141115
0.112821 0.152281 0.152291 0.122269 0.135528 0.170296 0.154514
0.128258 0.160278 0.156500 0.137565 0.142675 0.147778 0.126945
0.136032 0.141540 0.179040 0.149978 0.107365 0.134690 0.151357
0.135436 0.150924 0.153985 0.135878 0.125239 0.150475 0.148063
0.141520 0.150639 0.150639 0.133379 0.134083 0.152362 0.137377
0.132624 0.143908 0.140626 0.140200 0.138476 0.160575 0.143590
0.164281 0.130610 0.122277 0.113397 0.158215 0.147277 0.163944
0.132607 0.143823 0.143823 0.118479 0.137748 0.140045 0.183474
0.133072 0.149448 0.149448 0.160075 0.151230 0.136955 0.119772
0.116240 0.142144 0.142144 0.144162 0.186155 0.142144 0.127009
0.145206 0.140523 0.140523 0.134687 0.141590 0.140523 0.156948
0.149330 0.138298 0.138298 0.159528 0.137518 0.138298 0.138730
0.180517 0.132050 0.132923 0.150096 0.122196 0.132923 0.149297
0.134190 0.133088 0.145588 0.176772 0.130347 0.141810 0.138203
0.154559 0.150361 0.149195 0.133761 0.145427 0.136695 0.130002
0.125749 0.139417 0.142672 0.125146 0.159222 0.142672 0.165123
0.138833 0.119200 0.140033 0.109691 0.162622 0.140033 0.189588
0.127194 0.156069 0.152591 0.125680 0.139469 0.152591 0.146406
0.121564 0.142610 0.132309 0.193551 0.137064 0.144809 0.128092
0.138012 0.138492 0.138595 0.137385 0.147582 0.151095 0.148838
0.128377 0.144252 0.158710 0.137514 0.128647 0.142917 0.159583
0.166834 0.128309 0.128260 0.124756 0.142902 0.143172 0.165766
0.124823 0.131890 0.142208 0.174840 0.140995 0.146871 0.138373
0.131521 0.151968 0.144988 0.142796 0.131885 0.154385 0.142457
0.156941 0.139808 0.143190 0.129729 0.142229 0.154467 0.133634
0.144323 0.144675 0.147386 0.138084 0.139101 0.151601 0.134831
0.117886 0.134083 0.135035 0.152161 0.160495 0.143818 0.156523
0.147247 0.155343 0.137598 0.151738 0.139341 0.141753 0.126978
0.150187 0.138932 0.138496 0.152904 0.150447 0.138766 0.130268
0.132863 0.130287 0.153306 0.144362 0.145867 0.142650 0.150665
0.133223 0.181331 0.131607 0.128097 0.135247 0.145247 0.145247
0.171835 0.140236 0.135022 0.115784 0.142559 0.149414 0.145150
0.137253 0.147817 0.144584 0.131635 0.135658 0.151751 0.151302
0.136720 0.145860 0.147264 0.145858 0.127860 0.149401 0.147037
0.178474 0.133561 0.131651 0.129452 0.138559 0.144151 0.144151
0.120717 0.140401 0.152666 0.160990 0.141091 0.133734 0.150401
0.138004 0.148443 0.144402 0.150658 0.131365 0.145453 0.141675
0.125465 0.145786 0.179015 0.141522 0.129136 0.145786 0.133292
0.136320 0.143402 0.146182 0.139475 0.140281 0.147170 0.147170
0.140240 0.140104 0.137740 0.137473 0.139236 0.152604 0.152604
0.157477 0.169714 0.128932 0.130054 0.132729 0.144714 0.136380
0.149397 0.148277 0.138180 0.138180 0.142656 0.145393 0.137918
0.141198 0.132061 0.141188 0.137675 0.127533 0.132061 0.188283
0.139911 0.154452 0.144281 0.131781 0.129538 0.157965 0.142072
0.150726 0.132259 0.145726 0.145736 0.151224 0.142259 0.132070
0.150886 0.135053 0.159308 0.159308 0.134746 0.135053 0.125645
0.107572 0.134508 0.134873 0.184873 0.121522 0.147008 0.169646
0.130336 0.124927 0.138824 0.141884 0.190856 0.137427 0.135747
0.140446 0.150340 0.123829 0.123829 0.180618 0.133673 0.147264
0.121052 0.143383 0.130487 0.127205 0.194148 0.145794 0.137931
0.132473 0.142249 0.146920 0.138587 0.146684 0.147234 0.145854
0.128876 0.129462 0.125751 0.125751 0.176230 0.128114 0.185815
0.124462 0.152205 0.142661 0.142661 0.136860 0.153063 0.148088
0.129663 0.139160 0.153692 0.153692 0.123804 0.153430 0.146558
0.146498 0.157856 0.153167 0.136500 0.127913 0.140445 0.137622
0.143482 0.147026 0.151432 0.134765 0.115612 0.135023 0.172660
0.143394 0.142885 0.125628 0.139017 0.134862 0.166274 0.147940
0.148260 0.140753 0.125508 0.139640 0.135335 0.135858 0.174646
0.161540 0.139881 0.142871 0.136194 0.158684 0.133204 0.127627
0.132523 0.149619 0.157059 0.144239 0.144455 0.140727 0.131378
0.119804 0.141052 0.147553 0.147553 0.150013 0.141320 0.152706
0.131951 0.149608 0.139365 0.145039 0.138960 0.147539 0.147539
0.137222 0.139116 0.174116 0.171128 0.113378 0.136128 0.128912
0.122834 0.144603 0.147223 0.143873 0.122044 0.165989 0.153433
0.171842 0.140158 0.143936 0.145521 0.130638 0.143220 0.124685
0.169144 0.132582 0.124893 0.139874 0.151634 0.155520 0.126353
0.160508 0.138783 0.111259 0.124115 0.152668 0.152167 0.160500
0.142642 0.157103 0.134603 0.143895 0.147311 0.130551 0.143895
0.125718 0.145500 0.141275 0.137601 0.188366 0.127867 0.133673
0.126006 0.149253 0.141414 0.143705 0.146343 0.150020 0.143259
0.138396 0.138850 0.133675 0.156175 0.128581 0.150406 0.153918
0.143647 0.143973 0.156334 0.141473 0.139962 0.133139 0.141473
0.125949 0.164389 0.134720 0.128053 0.108635 0.185201 0.153053
0.138165 0.165545 0.136157 0.123425 0.167918 0.148878 0.119912
0.138364 0.140022 0.147272 0.151627 0.140614 0.140467 0.141634
0.175862 0.134375 0.129449 0.148373 0.121126 0.150775 0.140040
0.159934 0.149379 0.133151 0.143151 0.132348 0.147219 0.134818
0.154224 0.138736 0.127779 0.122571 0.156945 0.126316 0.173429
0.113723 0.149382 0.166943 0.139388 0.149507 0.132980 0.148077
0.131013 0.142983 0.151255 0.136615 0.154243 0.139471 0.144419
0.138328 0.152932 0.138016 0.144345 0.145663 0.142942 0.137774
0.118326 0.144319 0.171813 0.124723 0.150909 0.144319 0.145590
0.129828 0.127734 0.145085 0.131318 0.147549 0.177734 0.140753
0.146251 0.141629 0.133639 0.141931 0.149471 0.145548 0.141531
0.131079 0.150013 0.141863 0.129786 0.146510 0.160013 0.140737
0.181442 0.145133 0.136251 0.122959 0.139808 0.140657 0.133751
0.123795 0.134034 0.132959 0.122800 0.184305 0.128001 0.174106
0.133191 0.124848 0.153728 0.152334 0.130389 0.134848 0.170662
0.133621 0.140190 0.152336 0.127079 0.156857 0.137828 0.152089
0.174947 0.141324 0.132736 0.135806 0.137781 0.141324 0.136084
0.134413 0.148844 0.148592 0.130495 0.136060 0.151920 0.149676
0.142234 0.163292 0.137707 0.126372 0.138282 0.153561 0.138551
0.148206 0.130802 0.141402 0.152414 0.147468 0.150919 0.128789
0.128856 0.139245 0.154634 0.137230 0.143411 0.163611 0.133014
0.141627 0.151351 0.180025 0.128117 0.136265 0.128588 0.134027
0.129073 0.144395 0.129156 0.171009 0.146056 0.148418 0.131895
0.122044 0.141161 0.153254 0.147325 0.139204 0.134188 0.162823
0.122761 0.132233 0.144305 0.124896 0.173753 0.128152 0.173900
0.131405 0.168589 0.131609 0.119887 0.165092 0.140909 0.142510
0.122675 0.145688 0.147205 0.165509 0.140630 0.132715 0.145577
0.136126 0.138112 0.136406 0.130460 0.165821 0.129963 0.163112
0.178270 0.138959 0.136619 0.130941 0.139482 0.135216 0.140514
0.138839 0.156273 0.141538 0.131878 0.152003 0.138197 0.141273
0.130903 0.162842 0.135342 0.133110 0.165515 0.132781 0.139507
0.141663 0.134543 0.154554 0.153132 0.142454 0.141336 0.132318
0.118179 0.162046 0.133498 0.156067 0.127237 0.140899 0.162074
0.119813 0.135968 0.169541 0.119998 0.163530 0.136410 0.154740
0.141284 0.141742 0.151781 0.134993 0.146017 0.141421 0.142763
0.165672 0.146395 0.142598 0.171016 0.128353 0.116238 0.129728
0.148291 0.156804 0.136730 0.155287 0.140985 0.126067 0.135835
0.146619 0.119695 0.130322 0.138321 0.166882 0.156425 0.141737
0.126238 0.142072 0.145380 0.154066 0.151252 0.152189 0.128803
0.117034 0.143570 0.145051 0.183687 0.140296 0.142323 0.128039
0.123953 0.128599 0.146028 0.181390 0.136134 0.143985 0.139912
0.105634 0.166030 0.125447 0.160841 0.130856 0.117835 0.193356
0.144088 0.140999 0.120867 0.112079 0.161330 0.161601 0.159036
0.146225 0.143259 0.148643 0.123317 0.146733 0.149617 0.142206
0.133392 0.148984 0.143018 0.132894 0.146772 0.146782 0.148157
0.133648 0.146920 0.138919 0.137353 0.149177 0.144807 0.149177
0.130804 0.129605 0.139710 0.117500 0.152105 0.182105 0.148171
0.130335 0.136125 0.154744 0.159638 0.152528 0.135665 0.130966
0.119255 0.154680 0.148916 0.145701 0.173993 0.130025 0.127430
0.160137 0.150397 0.147618 0.121471 0.135386 0.134605 0.150386
0.119411 0.139846 0.136355 0.160958 0.143545 0.135040 0.164846
0.153714 0.168363 0.126401 0.121562 0.146489 0.140108 0.143363
0.170316 0.147783 0.168850 0.116929 0.131086 0.120131 0.144905
0.169983 0.144168 0.147052 0.125586 0.142337 0.143291 0.127582
0.123776 0.155736 0.163928 0.149436 0.147251 0.138126 0.121749
0.192073 0.129512 0.136453 0.141514 0.135695 0.116908 0.147845
0.108459 0.134739 0.151362 0.149811 0.136092 0.137211 0.182327
0.130719 0.143101 0.135985 0.186317 0.130737 0.140737 0.132403
0.144203 0.150597 0.139290 0.167715 0.125947 0.134460 0.137788
0.166543 0.143209 0.137396 0.132176 0.132837 0.143204 0.144634
0.144598 0.144025 0.124019 0.145495 0.135242 0.166866 0.139755
0.136742 0.146368 0.148730 0.138420 0.146540 0.140929 0.142271
0.132638 0.148475 0.149318 0.132488 0.140985 0.149583 0.146513
0.131392 0.132638 0.137895 0.146381 0.157041 0.154983 0.139670
0.178811 0.126156 0.134665 0.143706 0.137392 0.127671 0.151600
0.128322 0.138044 0.141753 0.124803 0.137233 0.139923 0.189923
0.140154 0.117445 0.147246 0.137940 0.129828 0.186801 0.140585
0.126784 0.150731 0.156477 0.129912 0.131356 0.147647 0.157092
0.131300 0.152460 0.140010 0.128281 0.142930 0.152510 0.152510
0.147208 0.134733 0.152056 0.131280 0.136244 0.147598 0.150880
0.143471 0.145863 0.145398 0.150418 0.137565 0.139476 0.137809
0.125616 0.143507 0.158435 0.121149 0.173201 0.145935 0.132157
0.123421 0.129131 0.149989 0.155078 0.143464 0.144850 0.154068
0.119272 0.126689 0.145821 0.134182 0.192154 0.145821 0.136060
0.121565 0.149303 0.129055 0.170439 0.147124 0.136837 0.145677
0.176288 0.136100 0.129286 0.140467 0.126027 0.139556 0.152276
0.173865 0.135555 0.140816 0.130681 0.129763 0.144037 0.145283
0.113007 0.207096 0.117322 0.135290 0.146663 0.139822 0.140800
0.143777 0.171722 0.135706 0.135989 0.144505 0.134250 0.134050
0.143400 0.122828 0.132166 0.179965 0.132221 0.134466 0.154954
0.107299 0.158137 0.129538 0.163535 0.160465 0.139528 0.141497
0.124190 0.121873 0.132427 0.179842 0.154842 0.130909 0.155915
0.140655 0.115732 0.149765 0.160176 0.146792 0.141431 0.145450
0.120598 0.154236 0.140424 0.145894 0.151494 0.140409 0.146945
0.132881 0.146064 0.143858 0.142287 0.142287 0.146326 0.146297
0.119447 0.142573 0.132103 0.129932 0.133709 0.146471 0.195764
0.160600 0.145837 0.126093 0.133604 0.146104 0.146114 0.141648
0.154175 0.162317 0.139750 0.139476 0.139476 0.139486 0.125320
0.157721 0.129324 0.147793 0.131261 0.134774 0.151440 0.147686
0.147567 0.139205 0.158076 0.128940 0.138940 0.145833 0.141440
0.119991 0.148349 0.152429 0.151861 0.151861 0.142088 0.133420
0.148029 0.130759 0.153637 0.140749 0.130749 0.153637 0.142440
0.125017 0.155138 0.142009 0.155138 0.144295 0.136449 0.141953
0.118515 0.187606 0.125106 0.137606 0.154272 0.119277 0.157620
0.160249 0.136918 0.130355 0.133857 0.132779 0.126872 0.178970
0.171513 0.142526 0.131637 0.141637 0.134904 0.143748 0.134034
0.121673 0.148412 0.185027 0.135027 0.128079 0.145224 0.136558
0.170726 0.131314 0.143847 0.140786 0.143265 0.130864 0.139198
0.138493 0.142657 0.140123 0.140123 0.135331 0.141914 0.161359
0.174018 0.150634 0.130685 0.133967 0.119874 0.140634 0.150188
0.141009 0.139066 0.132891 0.141224 0.139050 0.153279 0.153482
0.136889 0.146959 0.146959 0.146959 0.134166 0.144391 0.143677
0.121761 0.148306 0.143637 0.143637 0.151527 0.136153 0.154979
0.169375 0.142553 0.142281 0.142281 0.142708 0.136581 0.124220
0.155479 0.140699 0.138219 0.137375 0.129891 0.140964 0.157372
0.159970 0.143550 0.126884 0.117677 0.124566 0.139616 0.187737
0.113309 0.156158 0.156418 0.145141 0.143650 0.155899 0.129425
0.122512 0.142641 0.142641 0.141607 0.187902 0.136606 0.126091
0.128275 0.143439 0.143449 0.132704 0.133831 0.170939 0.147364
0.161226 0.147328 0.147328 0.136464 0.129420 0.150652 0.127581
0.161776 0.138298 0.150798 0.144720 0.131438 0.138298 0.134672
0.164543 0.142654 0.144382 0.142816 0.137182 0.139383 0.129041
0.151906 0.143188 0.133188 0.136451 0.138918 0.134854 0.161495
0.142796 0.135000 0.132107 0.119293 0.155653 0.160000 0.155151
0.110151 0.153379 0.134412 0.118495 0.137233 0.156263 0.190067
0.112021 0.146727 0.137585 0.136544 0.185085 0.147585 0.134452
0.169816 0.122942 0.135303 0.127256 0.132752 0.129429 0.182502
0.140935 0.146590 0.145396 0.134281 0.135396 0.135396 0.162006
0.135282 0.145802 0.144168 0.138315 0.144831 0.148102 0.143500
0.142462 0.124269 0.134873 0.178002 0.125936 0.135142 0.159316
0.126456 0.138450 0.136331 0.162345 0.152755 0.148588 0.135076
0.147294 0.147351 0.126185 0.138643 0.150078 0.146185 0.144262
0.176367 0.125999 0.157608 0.129178 0.129933 0.132345 0.148570
0.127879 0.142237 0.152705 0.132894 0.138728 0.155006 0.150552
0.123468 0.144251 0.139730 0.178082 0.134008 0.144253 0.136207
0.107984 0.132885 0.144271 0.144819 0.142885 0.142885 0.184271
0.133355 0.139558 0.169423 0.132176 0.140153 0.144423 0.140911
0.124120 0.141978 0.151198 0.140159 0.151978 0.152248 0.138320
0.143291 0.144675 0.145389 0.160464 0.130971 0.145834 0.129376
0.114359 0.145856 0.154888 0.152683 0.135657 0.160657 0.135900
0.150395 0.151356 0.126999 0.128466 0.153023 0.136094 0.153666
0.168292 0.127513 0.172267 0.119949 0.119856 0.122267 0.169856
0.147671 0.149431 0.148307 0.145686 0.131945 0.149421 0.127539
0.138014 0.144987 0.155109 0.132549 0.141282 0.152434 0.135624
0.120185 0.133895 0.152497 0.144268 0.160830 0.127497 0.160830
0.118745 0.153773 0.151234 0.137379 0.149348 0.153303 0.136219
0.114945 0.135763 0.145763 0.127107 0.140329 0.145763 0.190329
0.130910 0.141501 0.150165 0.145237 0.140222 0.145015 0.146950
0.127380 0.144250 0.153511 0.134504 0.144250 0.156750 0.139354
0.186538 0.138620 0.132078 0.115533 0.151864 0.139468 0.135899
0.143777 0.115768 0.150768 0.163281 0.125319 0.125768 0.175319
0.152042 0.166200 0.139747 0.130293 0.138522 0.140880 0.132315
0.135049 0.137884 0.137301 0.145339 0.149801 0.149801 0.144826
0.118280 0.133217 0.143207 0.146591 0.158718 0.142052 0.157934
0.138279 0.139101 0.140252 0.155234 0.142664 0.141806 0.142664
0.120301 0.129156 0.129156 0.140343 0.151662 0.141656 0.187728
0.168901 0.139603 0.141078 0.135839 0.137504 0.142475 0.134600
0.124660 0.153791 0.154060 0.134863 0.141560 0.151759 0.139309
0.130185 0.146048 0.152756 0.119709 0.152575 0.141702 0.157026
0.118753 0.126978 0.161105 0.142431 0.137248 0.126237 0.187248
0.179184 0.143678 0.130914 0.128639 0.142000 0.133586 0.142000
0.169050 0.140828 0.142882 0.125654 0.140828 0.139036 0.141722
0.143825 0.136085 0.150330 0.148004 0.134940 0.137620 0.149197
0.128228 0.159240 0.145601 0.149623 0.146740 0.130799 0.139768
0.109643 0.169605 0.149395 0.157916 0.145761 0.130550 0.137129
0.133808 0.135592 0.150233 0.127804 0.131154 0.146176 0.175233
0.142358 0.158453 0.162025 0.121476 0.139286 0.132588 0.143815
0.175044 0.144344 0.146392 0.118993 0.146191 0.139633 0.129402
0.170542 0.132967 0.147573 0.117523 0.145268 0.134804 0.151322
0.144738 0.134240 0.132012 0.142447 0.143748 0.154525 0.148290
0.117454 0.140349 0.140730 0.156370 0.150217 0.145844 0.149034
0.106573 0.143562 0.160229 0.130515 0.141199 0.158139 0.159784
0.143124 0.144719 0.148402 0.149077 0.136153 0.132390 0.146135
0.147393 0.138902 0.139170 0.149824 0.139432 0.146109 0.139170
0.137049 0.130967 0.149880 0.138060 0.133224 0.152607 0.158214
0.147125 0.133801 0.146528 0.121730 0.143811 0.171538 0.135468
0.135149 0.154052 0.141288 0.142368 0.153788 0.140394 0.132961
0.127140 0.143285 0.136921 0.120914 0.159952 0.131088 0.180699
0.142873 0.154718 0.142207 0.129682 0.156591 0.131422 0.142508
0.166733 0.132626 0.136713 0.130365 0.124293 0.151713 0.157556
0.112474 0.159882 0.151549 0.147625 0.132327 0.145470 0.150673
0.116316 0.157454 0.154570 0.147728 0.139871 0.137537 0.146524
0.156653 0.135382 0.152049 0.152312 0.127049 0.153434 0.123121
0.112042 0.132810 0.152989 0.199487 0.126301 0.152989 0.123381
0.127808 0.150275 0.147775 0.140846 0.147775 0.143841 0.141681
0.153331 0.131019 0.133553 0.157710 0.144039 0.133108 0.147240
0.143109 0.130602 0.136140 0.152409 0.127923 0.133883 0.175934
0.181313 0.139830 0.138518 0.134291 0.132685 0.138518 0.134845
0.120462 0.140147 0.140147 0.134435 0.133162 0.165147 0.166501
0.181673 0.131400 0.148569 0.114223 0.144165 0.148569 0.131400
0.127133 0.141817 0.154770 0.133905 0.150047 0.154776 0.137553
0.153390 0.149732 0.135546 0.143879 0.132626 0.135546 0.149282
0.137676 0.143707 0.146118 0.141282 0.143755 0.146118 0.141343
0.136213 0.140487 0.132973 0.124677 0.195473 0.132973 0.137205
0.133144 0.147778 0.133930 0.128951 0.166157 0.146430 0.143611
0.165453 0.145495 0.132116 0.140857 0.145495 0.141103 0.129482
0.189285 0.139963 0.148399 0.125528 0.140957 0.121733 0.134135
0.126443 0.155002 0.154206 0.130522 0.147118 0.156618 0.130091
0.135994 0.141026 0.135992 0.159914 0.143389 0.140978 0.142707
0.185445 0.136765 0.124740 0.131321 0.136765 0.124265 0.160701
0.111100 0.153564 0.130739 0.178184 0.136897 0.143239 0.146277
0.114092 0.140827 0.155262 0.163938 0.137049 0.158366 0.130466
0.166498 0.137402 0.142765 0.144473 0.124896 0.145626 0.138338
0.123403 0.160279 0.143979 0.110738 0.160279 0.158843 0.142479
0.135356 0.147820 0.150124 0.135163 0.147820 0.147868 0.135849
0.105523 0.132269 0.132269 0.198438 0.132269 0.132269 0.166961
0.163313 0.152482 0.130425 0.120060 0.153355 0.150489 0.129876
0.164545 0.120647 0.149160 0.147371 0.136067 0.124424 0.157786
0.139237 0.126391 0.137108 0.173023 0.127725 0.143171 0.153346
0.131058 0.153239 0.137883 0.117079 0.156844 0.153509 0.150389
0.135035 0.133523 0.166628 0.123624 0.142865 0.152554 0.145772
0.129272 0.143246 0.156217 0.138756 0.120991 0.158473 0.153045
0.134454 0.153097 0.144399 0.117288 0.155795 0.152835 0.142132
0.129056 0.154276 0.140942 0.134264 0.146245 0.149625 0.145593
0.122102 0.146330 0.135776 0.175283 0.133859 0.121320 0.165331
0.179966 0.139716 0.145972 0.126367 0.141872 0.140039 0.126067
0.149717 0.140259 0.158680 0.134397 0.153002 0.125347 0.138598
0.139093 0.140891 0.134125 0.167886 0.140714 0.139388 0.137903
0.147124 0.159754 0.132849 0.122619 0.134749 0.143143 0.159761
0.163491 0.144335 0.150514 0.134598 0.129268 0.142191 0.135602
0.126860 0.142936 0.157024 0.147777 0.122963 0.158630 0.143809
0.146218 0.144846 0.139061 0.140502 0.132313 0.143228 0.153833
0.152250 0.149189 0.142933 0.128034 0.151530 0.143179 0.132885
0.121152 0.134568 0.134663 0.197436 0.148204 0.136071 0.127907
0.162204 0.129142 0.138606 0.163485 0.138769 0.137694 0.130101
0.118223 0.153607 0.131215 0.155766 0.154701 0.122637 0.163852
0.136970 0.146232 0.149736 0.138943 0.137349 0.148808 0.141962
0.140208 0.147667 0.137503 0.144181 0.151751 0.135534 0.143155
0.136273 0.145825 0.151377 0.133076 0.136935 0.161117 0.135398
0.143379 0.138496 0.145942 0.120219 0.119888 0.141217 0.190860
0.144942 0.124099 0.140533 0.129499 0.140163 0.178033 0.142732
0.136353 0.151520 0.144849 0.144923 0.130624 0.152106 0.139626
0.115825 0.126926 0.126414 0.135535 0.181119 0.125825 0.188357
0.132291 0.148492 0.145031 0.143087 0.151994 0.134016 0.145089
0.128629 0.163551 0.134630 0.141344 0.136307 0.137490 0.158048
0.105941 0.149402 0.155498 0.134645 0.153695 0.169601 0.131218
0.142468 0.151508 0.146413 0.137872 0.150840 0.139140 0.131760
0.154160 0.138941 0.138063 0.136016 0.144222 0.140415 0.148183
0.111892 0.150536 0.141581 0.131591 0.133703 0.137803 0.192894
0.153022 0.132776 0.171684 0.149056 0.124812 0.130250 0.138400
0.122937 0.140285 0.142892 0.190008 0.130243 0.139739 0.133896
0.129296 0.125840 0.132686 0.156813 0.149096 0.130429 0.175840
0.149871 0.127071 0.145453 0.150723 0.140378 0.138966 0.147538
0.114132 0.162255 0.126397 0.121716 0.178472 0.137518 0.159511
0.114563 0.158646 0.146268 0.123116 0.161899 0.156268 0.139239
0.120344 0.154178 0.159633 0.133902 0.146211 0.158450 0.127281
0.163923 0.159524 0.127514 0.137324 0.134033 0.130658 0.147024
0.156048 0.147182 0.109298 0.127591 0.152631 0.152631 0.154619
0.122164 0.138893 0.146672 0.138102 0.190422 0.145972 0.117775
0.146104 0.139379 0.141981 0.166594 0.142255 0.144180 0.119507
0.146778 0.124661 0.132994 0.147877 0.146599 0.141749 0.159342
0.140610 0.145919 0.146063 0.138170 0.141415 0.134697 0.153126
0.144425 0.154748 0.133857 0.130485 0.119344 0.144447 0.172694
0.169233 0.136409 0.134904 0.134370 0.140515 0.147328 0.137242
0.127036 0.154736 0.150905 0.143109 0.137387 0.153109 0.133718
0.155215 0.133980 0.129401 0.157764 0.133980 0.139894 0.149765
0.142798 0.146362 0.126305 0.129005 0.166676 0.132149 0.156704
0.136102 0.133911 0.136743 0.143151 0.134178 0.135621 0.180294
0.158321 0.129868 0.163380 0.148496 0.132033 0.132027 0.135876
0.150193 0.136388 0.135999 0.143673 0.148234 0.147066 0.138446
0.132254 0.144766 0.140700 0.139579 0.155359 0.153058 0.134284
0.141051 0.119225 0.187980 0.124526 0.129225 0.123159 0.174832
0.127274 0.153100 0.143078 0.137797 0.151896 0.154527 0.132328
0.115113 0.154957 0.154529 0.134590 0.153480 0.159515 0.127816
0.133554 0.172553 0.140629 0.140350 0.120053 0.138619 0.154242
0.131648 0.154652 0.140633 0.138474 0.149230 0.148698 0.136666
0.111636 0.137175 0.182905 0.131331 0.137175 0.134918 0.164859
0.135314 0.136639 0.146456 0.144110 0.143855 0.133845 0.159781
0.152020 0.132455 0.138694 0.161567 0.141057 0.141321 0.132886
0.126792 0.164897 0.138872 0.136447 0.167153 0.142153 0.123686
0.142568 0.132326 0.147775 0.138505 0.142326 0.139452 0.157048
0.122065 0.140926 0.140662 0.176617 0.140662 0.140662 0.138405
0.144430 0.139382 0.142901 0.127043 0.139382 0.167895 0.138967
0.156795 0.130826 0.140815 0.134961 0.130815 0.143699 0.162088
0.126905 0.147763 0.147763 0.144871 0.147763 0.147763 0.137173
0.156635 0.165731 0.140731 0.118218 0.140731 0.137218 0.140737
0.150953 0.134307 0.131423 0.174046 0.131423 0.121423 0.156423
0.130269 0.146018 0.142240 0.147198 0.146018 0.146018 0.142240
0.176141 0.141326 0.132339 0.128172 0.144839 0.144839 0.132345
0.177827 0.129393 0.139393 0.135208 0.139393 0.139393 0.139393
0.128064 0.147342 0.147342 0.138741 0.147342 0.147342 0.143829
0.129058 0.147930 0.147930 0.141290 0.147930 0.147930 0.137930
0.135668 0.147018 0.147018 0.129241 0.147018 0.147018 0.147018
0.123733 0.140088 0.139216 0.181083 0.139216 0.140088 0.136576
0.128631 0.152246 0.139746 0.145997 0.139746 0.151388 0.142246
0.180043 0.141036 0.142202 0.130778 0.142202 0.131036 0.132703
0.182442 0.139776 0.137365 0.130640 0.137365 0.140970 0.131443
0.109185 0.138993 0.126493 0.183149 0.126493 0.136693 0.178993
0.127770 0.148418 0.150673 0.147831 0.150673 0.138418 0.136218
0.136937 0.131713 0.132586 0.178672 0.131713 0.134948 0.153430
0.118069 0.140957 0.148314 0.149936 0.136687 0.153457 0.152581
0.181321 0.139779 0.138343 0.107287 0.152009 0.147179 0.134080
0.144572 0.137426 0.151140 0.129653 0.147563 0.152069 0.137576
0.117930 0.153777 0.134698 0.155796 0.124610 0.147353 0.165835
0.117632 0.154119 0.142037 0.139374 0.156792 0.144275 0.145770
0.129127 0.143319 0.150559 0.145584 0.148304 0.148567 0.134540
0.116316 0.130346 0.133278 0.184616 0.128150 0.133268 0.174026
0.110609 0.137297 0.133297 0.186357 0.127297 0.127577 0.177567
0.162109 0.129436 0.152466 0.133747 0.151567 0.126070 0.144606
0.150989 0.124724 0.138036 0.123245 0.125599 0.187673 0.149734
0.131188 0.152940 0.142541 0.128927 0.145303 0.155625 0.143475
0.170680 0.135739 0.131379 0.115468 0.134323 0.131205 0.181205
0.130405 0.160413 0.123747 0.154107 0.132090 0.142453 0.156785
0.169775 0.138159 0.147725 0.146680 0.132558 0.136492 0.128612
0.148711 0.168499 0.135904 0.128109 0.157001 0.146669 0.115107
0.144956 0.137566 0.132873 0.139920 0.162509 0.136594 0.145581
0.115124 0.128194 0.158400 0.154796 0.124227 0.134271 0.184989
0.125647 0.150120 0.149880 0.133786 0.143371 0.152292 0.144905
0.166548 0.119400 0.131990 0.128229 0.120786 0.169400 0.163647
0.180550 0.136239 0.131079 0.124148 0.143674 0.143371 0.140941
0.135102 0.126774 0.139794 0.121953 0.134750 0.153601 0.188025
0.158566 0.133229 0.134442 0.145088 0.149944 0.136723 0.142008
0.140243 0.138229 0.135789 0.145426 0.148383 0.147912 0.144019
0.134363 0.133542 0.132980 0.182000 0.131820 0.144320 0.140975
0.133933 0.132494 0.142908 0.146857 0.152315 0.131984 0.159509
0.138796 0.138174 0.144656 0.173533 0.129303 0.125172 0.150366
0.128797 0.144916 0.186164 0.118351 0.147995 0.129149 0.144628
0.123878 0.165329 0.153712 0.132830 0.133072 0.144680 0.146500
0.136256 0.147145 0.142330 0.145151 0.148505 0.138072 0.142541
0.136434 0.149452 0.131298 0.122092 0.149257 0.147452 0.164014
0.140271 0.129246 0.142530 0.141216 0.153375 0.142760 0.150603
0.179901 0.141901 0.117914 0.162809 0.152165 0.122576 0.122735
0.159297 0.162524 0.139768 0.106632 0.154616 0.143002 0.134161
0.125392 0.127920 0.148472 0.136857 0.153892 0.158725 0.148743
0.124226 0.152281 0.153688 0.139625 0.163678 0.127011 0.139492
0.120361 0.151424 0.135782 0.106530 0.177861 0.158319 0.149722
0.110221 0.116145 0.201438 0.127290 0.139405 0.154322 0.151178
0.136540 0.121939 0.139071 0.190915 0.131948 0.139799 0.139789
0.147442 0.185197 0.129826 0.123762 0.132644 0.138813 0.142316
0.156192 0.138743 0.142074 0.121306 0.135973 0.160356 0.145356
0.146836 0.140063 0.145411 0.154426 0.125392 0.156628 0.131244
0.143205 0.150774 0.144410 0.142740 0.130137 0.156910 0.131824
0.104918 0.173973 0.131826 0.134816 0.156826 0.140814 0.156826
0.115150 0.132876 0.152402 0.185781 0.133868 0.125735 0.154188
0.145668 0.156878 0.137154 0.145022 0.151425 0.127066 0.136787
0.140284 0.131298 0.151868 0.135364 0.156079 0.144353 0.140753
0.120045 0.149544 0.142548 0.137916 0.132867 0.157867 0.159215
0.184164 0.136651 0.142841 0.128581 0.139172 0.140429 0.128162
0.157683 0.156630 0.141068 0.128293 0.148670 0.140352 0.127304
0.113661 0.143262 0.122837 0.186051 0.137626 0.124634 0.171928
0.141688 0.139821 0.129124 0.183675 0.147281 0.131487 0.126924
0.108899 0.132155 0.138714 0.129285 0.201214 0.134444 0.155288
0.121033 0.131348 0.160663 0.141880 0.148223 0.143547 0.153305
0.140773 0.137122 0.135319 0.171292 0.145413 0.145455 0.124628
0.167526 0.149093 0.121620 0.116341 0.130832 0.146614 0.167973
0.112362 0.146517 0.144017 0.158772 0.133772 0.156517 0.148043
0.165652 0.132852 0.148254 0.140805 0.133999 0.146499 0.131938
0.178606 0.165468 0.120831 0.123140 0.123959 0.140735 0.147262
0.154314 0.123196 0.140686 0.128734 0.140541 0.127656 0.184872
0.142614 0.139816 0.146998 0.150320 0.137908 0.152683 0.129661
0.175456 0.156324 0.114585 0.137904 0.137189 0.154674 0.123869
0.128011 0.151097 0.138948 0.150909 0.152706 0.151097 0.127232
0.126903 0.135195 0.163742 0.141391 0.142896 0.139977 0.149896
0.181660 0.111871 0.117549 0.133969 0.119699 0.122316 0.212937
0.121527 0.188226 0.153452 0.133456 0.130034 0.139289 0.134017
0.146051 0.129625 0.157053 0.146725 0.154561 0.141365 0.124621
0.184733 0.133889 0.126890 0.147630 0.121815 0.131389 0.153653
0.144284 0.153202 0.139927 0.114200 0.146484 0.137455 0.164449
0.124506 0.143275 0.152603 0.140473 0.152598 0.154014 0.132531
0.127901 0.147250 0.143284 0.144826 0.138958 0.157056 0.140726
0.164811 0.135375 0.124561 0.130662 0.130093 0.146796 0.167703
0.135255 0.139835 0.166534 0.127527 0.141758 0.140957 0.148133
0.140423 0.126687 0.134690 0.139883 0.136940 0.143454 0.177923
0.189313 0.137378 0.123455 0.128610 0.131004 0.154434 0.135807
0.143619 0.121271 0.181888 0.140493 0.144432 0.140621 0.127675
0.150246 0.145383 0.144535 0.150314 0.125881 0.128371 0.155270
0.152039 0.140217 0.131189 0.128617 0.142296 0.151461 0.154181
0.133948 0.151794 0.132582 0.136910 0.167805 0.143338 0.133622
0.125210 0.165753 0.132252 0.144436 0.151447 0.123570 0.157331
0.164869 0.122641 0.124363 0.150338 0.139395 0.149600 0.148795
0.145218 0.131242 0.129183 0.141273 0.130748 0.141473 0.180863
0.127045 0.113728 0.157632 0.150533 0.177220 0.129538 0.144304
0.128837 0.155903 0.135157 0.168635 0.123103 0.135646 0.152720
0.137400 0.137333 0.136428 0.147184 0.146359 0.156359 0.138938
0.112197 0.141810 0.153182 0.132294 0.173493 0.140322 0.146702
0.125870 0.160878 0.138135 0.119232 0.149820 0.143615 0.162450
0.138098 0.163358 0.137087 0.123379 0.137077 0.166011 0.134989
0.112917 0.149144 0.130991 0.179233 0.133026 0.142372 0.152318
0.127694 0.165344 0.156734 0.129553 0.132004 0.146761 0.141910
0.141951 0.136740 0.132274 0.137005 0.131754 0.150741 0.169533
0.174405 0.139430 0.132083 0.131413 0.134668 0.136905 0.151096
0.131976 0.160556 0.130310 0.129627 0.149370 0.133561 0.164600
0.123233 0.131863 0.132132 0.184186 0.125634 0.128035 0.174917
0.134817 0.152005 0.159452 0.138326 0.138983 0.132775 0.143642
0.107280 0.124392 0.163183 0.123724 0.161387 0.163183 0.156852
0.146814 0.149262 0.165261 0.134091 0.130261 0.143410 0.130900
0.137471 0.127754 0.157754 0.140530 0.153499 0.150494 0.132497
0.140447 0.149426 0.146915 0.140797 0.135933 0.151813 0.134668
0.136257 0.146869 0.140013 0.141702 0.130383 0.153791 0.150986
0.166265 0.111457 0.125330 0.164024 0.137841 0.133896 0.161187
0.119936 0.151479 0.122895 0.190155 0.128971 0.122449 0.164116
0.139870 0.157932 0.135131 0.127348 0.123963 0.132875 0.182881
0.134515 0.129229 0.138612 0.180023 0.139503 0.138612 0.139507
0.114670 0.135483 0.133272 0.140083 0.143275 0.158272 0.174945
0.142484 0.145285 0.151913 0.125449 0.132183 0.151913 0.150773
0.131536 0.119001 0.152648 0.134492 0.154481 0.152654 0.155188
0.144886 0.134905 0.133715 0.141163 0.164748 0.133715 0.146869
0.137284 0.149561 0.154021 0.125784 0.141244 0.154021 0.138085
0.186722 0.128658 0.146138 0.123459 0.136843 0.146981 0.131199
0.128939 0.140001 0.128168 0.143265 0.188541 0.137375 0.133710
0.149573 0.171784 0.135507 0.128472 0.136182 0.143272 0.135210
0.134173 0.140699 0.140705 0.132849 0.193951 0.131738 0.125886
0.140003 0.126647 0.116171 0.163910 0.141104 0.126916 0.185249
0.133467 0.191094 0.136842 0.124730 0.129158 0.147752 0.136958
0.121267 0.117035 0.137073 0.127347 0.148466 0.151485 0.197328
0.136026 0.140957 0.144492 0.144879 0.138656 0.147888 0.147103
0.110059 0.157498 0.121686 0.161964 0.145434 0.162091 0.141268
0.128537 0.141348 0.134711 0.127441 0.158877 0.170237 0.138848
0.135592 0.120239 0.127841 0.158589 0.162961 0.142223 0.152554
0.113571 0.184055 0.123836 0.148173 0.140380 0.144162 0.145822
0.180369 0.134158 0.130009 0.128647 0.146668 0.141617 0.138531
0.116820 0.120278 0.125248 0.138392 0.154017 0.138562 0.206683
0.174984 0.145755 0.142094 0.128582 0.132527 0.137196 0.138863
0.125517 0.117134 0.174353 0.114353 0.145689 0.148322 0.174631
0.127516 0.121743 0.150301 0.147240 0.135675 0.138156 0.179369
0.111723 0.141217 0.133936 0.134794 0.134821 0.146696 0.196813
0.141979 0.146258 0.133627 0.146909 0.149458 0.138929 0.142841
0.133769 0.130961 0.134834 0.141974 0.149919 0.148855 0.159687
0.123707 0.151224 0.146164 0.148465 0.148206 0.135895 0.146339
0.127024 0.236671 0.125158 0.135158 0.132567 0.122830 0.120592
0.134260 0.135767 0.155892 0.153530 0.153520 0.143382 0.123649
0.117711 0.153273 0.158570 0.141903 0.145990 0.160081 0.122470
0.143631 0.155697 0.139701 0.126968 0.135588 0.148320 0.150095
0.169757 0.122991 0.117391 0.130159 0.144421 0.144073 0.171207
0.119595 0.147000 0.115717 0.115440 0.135321 0.139355 0.227573
0.161766 0.133795 0.133459 0.138765 0.134717 0.155255 0.142243
0.184553 0.130313 0.122190 0.131573 0.151939 0.143677 0.135755
0.136321 0.149086 0.147440 0.146217 0.149343 0.136217 0.135375
0.116287 0.130857 0.144639 0.142160 0.128347 0.145995 0.191715
0.147731 0.165959 0.138704 0.146584 0.148839 0.126204 0.125980
0.125773 0.149352 0.169013 0.138210 0.143722 0.155257 0.118673
0.169898 0.129079 0.135780 0.123704 0.129079 0.150247 0.162213
0.141173 0.141095 0.138740 0.146110 0.157098 0.131642 0.144142
0.169854 0.122782 0.132224 0.134140 0.133640 0.129984 0.177377
0.123315 0.173701 0.134042 0.138073 0.133707 0.150049 0.147114
0.128885 0.156483 0.131133 0.145639 0.152228 0.148319 0.137313
0.141713 0.136270 0.156366 0.139495 0.139428 0.134897 0.151831
0.124280 0.121813 0.142673 0.131438 0.145095 0.142476 0.192224
0.126906 0.146263 0.146066 0.149201 0.151041 0.140344 0.140179
0.136842 0.156102 0.143942 0.136079 0.154316 0.142859 0.129861
0.136899 0.124942 0.195306 0.114959 0.122210 0.162816 0.142868
0.131914 0.155443 0.138526 0.138065 0.152506 0.148079 0.135466
0.150975 0.147765 0.141081 0.137441 0.142562 0.140313 0.139864
0.123360 0.105991 0.147080 0.132435 0.133648 0.204925 0.152561
0.139615 0.148880 0.128691 0.146798 0.145520 0.148419 0.142076
0.129147 0.130272 0.154086 0.181671 0.126608 0.134941 0.143274
0.139509 0.121256 0.147680 0.153251 0.146225 0.144398 0.147680
0.137238 0.148055 0.142164 0.151280 0.145536 0.133694 0.142033
0.117408 0.173010 0.150000 0.149684 0.144363 0.137767 0.127767
0.145534 0.148259 0.157475 0.115096 0.136867 0.159634 0.137134
0.177384 0.138420 0.130094 0.140718 0.124031 0.138427 0.150927
0.140246 0.155653 0.136794 0.135019 0.144863 0.136529 0.150895
0.182815 0.128093 0.143921 0.115808 0.144689 0.147699 0.136976
0.119200 0.161549 0.148797 0.145180 0.131301 0.161287 0.132687
0.101489 0.169014 0.147527 0.143850 0.162551 0.147527 0.128042
0.123274 0.139377 0.179816 0.129879 0.146955 0.146483 0.134216
0.098718 0.150623 0.137017 0.131414 0.164775 0.150623 0.166829
0.140613 0.150968 0.150314 0.143186 0.146682 0.137814 0.130423
0.167547 0.134600 0.136057 0.133304 0.127451 0.141873 0.159167
0.169759 0.146527 0.120156 0.155980 0.108437 0.146527 0.152613
0.149403 0.135403 0.128852 0.176634 0.132953 0.140039 0.136715
0.132706 0.124240 0.163407 0.124022 0.148182 0.146740 0.160702
0.132797 0.153482 0.145208 0.154773 0.119044 0.152288 0.142409
0.123573 0.149205 0.146067 0.153394 0.146283 0.151506 0.129973
0.131534 0.145437 0.154304 0.141790 0.144304 0.138771 0.143859
0.165923 0.130513 0.128152 0.120112 0.134587 0.136485 0.184228
0.131096 0.146455 0.129685 0.105513 0.166921 0.183955 0.136377
0.162242 0.161093 0.139578 0.119719 0.133635 0.152493 0.131239
0.130700 0.154638 0.162549 0.130398 0.136281 0.152038 0.133397
0.126417 0.147496 0.130417 0.164012 0.142629 0.140626 0.148402
0.127796 0.152047 0.155819 0.137140 0.158623 0.131601 0.136974
0.121618 0.159763 0.173279 0.118303 0.137805 0.154831 0.134401
0.089957 0.146922 0.144394 0.202436 0.129124 0.165751 0.121416
0.151057 0.143220 0.128436 0.172042 0.150131 0.133237 0.121877
0.160735 0.144862 0.129051 0.135464 0.123075 0.142942 0.163871
0.118510 0.164930 0.137320 0.129951 0.172079 0.143778 0.133432
0.172959 0.149542 0.141145 0.133531 0.133194 0.133183 0.136446
0.172996 0.147333 0.144768 0.140562 0.128804 0.127814 0.137723
0.129112 0.144961 0.151382 0.160420 0.141483 0.139703 0.132940
0.138276 0.124977 0.149451 0.132171 0.141913 0.168309 0.144903
0.141077 0.146862 0.138529 0.144505 0.130428 0.144451 0.154148
0.122524 0.145805 0.138317 0.162471 0.135580 0.156086 0.139216
0.135170 0.147409 0.140453 0.164076 0.134103 0.149945 0.128843
0.140825 0.142516 0.154223 0.142522 0.148154 0.126737 0.145022
0.137167 0.142394 0.134421 0.137949 0.151179 0.153123 0.143767
0.135140 0.158909 0.123100 0.130131 0.150259 0.163392 0.139068
0.120694 0.154074 0.148765 0.140730 0.149961 0.152164 0.133613
0.133563 0.150016 0.146476 0.141683 0.137512 0.148421 0.142330
0.169311 0.145152 0.115882 0.142597 0.157230 0.141374 0.128452
0.164506 0.152667 0.142207 0.133346 0.132602 0.152667 0.122006
0.166601 0.156960 0.129596 0.102793 0.150326 0.159850 0.133874
0.123183 0.151342 0.182688 0.140043 0.130073 0.161336 0.111335
0.127788 0.128154 0.167614 0.145955 0.147924 0.134642 0.147924
0.136492 0.161902 0.132073 0.121394 0.135618 0.126902 0.185618
0.137632 0.143318 0.128626 0.132447 0.156908 0.146462 0.154607
0.138209 0.137174 0.143251 0.149496 0.146528 0.146263 0.139080
0.129653 0.155124 0.156603 0.128235 0.145320 0.144103 0.140962
0.131032 0.141503 0.155230 0.129745 0.145824 0.160370 0.136296
0.148718 0.134536 0.146346 0.144248 0.145268 0.146804 0.134079
0.131030 0.140179 0.181757 0.117212 0.143699 0.138145 0.147978
0.164780 0.146904 0.123055 0.147853 0.104023 0.149161 0.164225
0.123316 0.139131 0.136112 0.202510 0.136012 0.142778 0.120140
0.117793 0.164638 0.149124 0.135897 0.132782 0.139017 0.160749
0.120945 0.159774 0.151072 0.135004 0.127965 0.144409 0.160830
0.131874 0.135853 0.138642 0.190044 0.129619 0.135319 0.138648
0.139381 0.149190 0.150238 0.131119 0.135895 0.147585 0.146591
0.138343 0.157298 0.157298 0.140905 0.114481 0.138331 0.153344
0.182858 0.144825 0.140146 0.143690 0.123522 0.136972 0.127986
0.151367 0.141225 0.136321 0.154324 0.135109 0.144460 0.137194
0.106766 0.194636 0.119795 0.133864 0.109303 0.155980 0.179655
0.118927 0.140470 0.134910 0.170129 0.157281 0.142038 0.136244
0.117926 0.132775 0.146440 0.123744 0.198987 0.132437 0.147692
0.116289 0.151832 0.152702 0.142170 0.145702 0.136190 0.155114
0.125109 0.145156 0.153496 0.158283 0.137721 0.141495 0.138740
0.165787 0.125770 0.140525 0.119936 0.150347 0.155200 0.142436
0.150695 0.152639 0.135972 0.141888 0.126470 0.137841 0.154497
0.170905 0.141511 0.139653 0.135002 0.140198 0.139218 0.133514
0.131842 0.137674 0.141500 0.144210 0.153740 0.157982 0.133052
0.115683 0.144756 0.120291 0.140554 0.167054 0.166827 0.144836
0.123574 0.162302 0.134275 0.149528 0.135758 0.161793 0.132770
0.102209 0.137340 0.140225 0.110021 0.188672 0.133756 0.187777
0.166066 0.148208 0.144491 0.131634 0.144028 0.109438 0.156135
0.190704 0.137776 0.141173 0.135215 0.129015 0.133631 0.132485
0.153089 0.148154 0.150651 0.119793 0.130702 0.145536 0.152075
0.147478 0.145825 0.154500 0.135040 0.148109 0.112607 0.156442
0.135503 0.137387 0.146051 0.170234 0.146322 0.137048 0.127455
0.118527 0.159299 0.155589 0.136258 0.149348 0.144566 0.136413
0.103504 0.143411 0.130479 0.163418 0.147146 0.146611 0.165431
0.149189 0.127990 0.132689 0.137248 0.149095 0.144606 0.159183
0.128100 0.145047 0.143780 0.120471 0.141368 0.134852 0.186382
0.106397 0.134955 0.149664 0.201276 0.144669 0.130800 0.132239
0.147280 0.130497 0.145995 0.174056 0.147343 0.133757 0.121071
0.147630 0.124161 0.146950 0.136160 0.125036 0.190423 0.129640
0.119428 0.147920 0.152655 0.148924 0.145799 0.142226 0.143049
0.166858 0.123461 0.147941 0.157179 0.145939 0.133341 0.125282
0.139466 0.147181 0.146006 0.133053 0.141892 0.164325 0.128077
0.113309 0.155181 0.121481 0.139420 0.138576 0.161029 0.171005
0.146418 0.136752 0.147487 0.143974 0.143320 0.145075 0.136974
0.137103 0.149154 0.157822 0.131162 0.129878 0.171650 0.123231
0.121927 0.178413 0.139565 0.139108 0.153581 0.131297 0.136109
0.135459 0.152211 0.149140 0.147873 0.137128 0.149998 0.128191
0.176184 0.121728 0.126841 0.136841 0.134335 0.129059 0.175013
0.123099 0.180660 0.143568 0.142375 0.143723 0.131925 0.134649
0.143210 0.130425 0.145172 0.131195 0.131326 0.141331 0.177342
0.188713 0.134393 0.152036 0.137042 0.124560 0.149536 0.113719
0.119515 0.134407 0.148222 0.161806 0.132794 0.162527 0.140730
0.141467 0.133577 0.135265 0.132799 0.133488 0.135265 0.188139
