0.122774 0.133677 0.133677 0.125094 0.175897 0.175897 0.132984
0.208889 0.136147 0.130874 0.127924 0.124571 0.124571 0.147024
0.167243 0.122589 0.122170 0.110689 0.153718 0.153718 0.169874
0.193775 0.141346 0.138622 0.140573 0.125798 0.125798 0.134088
0.136080 0.134474 0.134474 0.131952 0.167898 0.167898 0.127225
0.164470 0.130956 0.140585 0.133365 0.120020 0.120020 0.190585
0.125635 0.138164 0.138164 0.142059 0.166301 0.166301 0.123375
0.125137 0.136889 0.136894 0.186894 0.127785 0.117785 0.168615
0.125354 0.134413 0.134413 0.134241 0.149115 0.174115 0.148350
0.128206 0.136800 0.136800 0.136551 0.168441 0.166140 0.127061
0.163314 0.138314 0.138314 0.131663 0.142582 0.138048 0.147765
0.126630 0.126622 0.126622 0.115164 0.187758 0.189376 0.127828
0.137312 0.137306 0.132267 0.132523 0.167035 0.167387 0.126170
0.180593 0.130593 0.116892 0.116892 0.169057 0.173456 0.112517
0.136612 0.132429 0.132429 0.132437 0.161138 0.159470 0.145485
0.139044 0.139044 0.139044 0.139044 0.153548 0.153490 0.136787
0.126269 0.130463 0.130463 0.180463 0.125938 0.134272 0.172134
0.121255 0.133618 0.133618 0.137800 0.123266 0.145337 0.205105
0.145278 0.155777 0.155777 0.155278 0.126590 0.126590 0.134710
0.131799 0.142942 0.142942 0.127960 0.131134 0.134432 0.188791
0.145763 0.154124 0.154124 0.146913 0.127767 0.118034 0.153275
0.153987 0.155449 0.155449 0.152794 0.115676 0.119029 0.147616
0.138316 0.149560 0.149560 0.141111 0.138057 0.144089 0.139307
0.131139 0.146893 0.146893 0.150506 0.145832 0.135567 0.143170
0.137618 0.142029 0.142029 0.142029 0.156685 0.155940 0.123670
0.129373 0.134968 0.134613 0.130199 0.177974 0.168318 0.124556
0.127491 0.141780 0.131780 0.141529 0.130839 0.137260 0.189323
0.108246 0.124431 0.125625 0.121848 0.218441 0.176979 0.124431
0.125097 0.125374 0.123073 0.122265 0.188295 0.183728 0.132167
0.113331 0.142231 0.132231 0.129986 0.150094 0.139894 0.192231
0.133478 0.146653 0.149420 0.147819 0.137712 0.149656 0.135263
0.125652 0.127996 0.127996 0.125592 0.157627 0.160782 0.174356
0.132768 0.150322 0.146387 0.137822 0.145607 0.137051 0.150044
0.137736 0.116401 0.116132 0.144022 0.184702 0.191527 0.109479
0.165880 0.137033 0.134776 0.140892 0.133652 0.161178 0.126589
0.138388 0.142023 0.132023 0.137401 0.150939 0.161810 0.137417
0.133778 0.148618 0.148881 0.135437 0.145431 0.154897 0.132957
0.166286 0.142653 0.142653 0.130758 0.145774 0.139635 0.132240
0.183571 0.126889 0.126899 0.112189 0.158101 0.135591 0.156760
0.136557 0.134403 0.134403 0.126332 0.147412 0.147664 0.173229
0.107969 0.116697 0.141697 0.119625 0.180903 0.157481 0.175629
0.146281 0.132696 0.135580 0.132707 0.171020 0.154079 0.127637
0.132551 0.138517 0.138517 0.134870 0.162600 0.156389 0.136555
0.149630 0.136898 0.133385 0.153297 0.130239 0.161344 0.135207
0.141781 0.143012 0.133012 0.143580 0.145894 0.162134 0.130587
0.125798 0.138055 0.138055 0.129722 0.165781 0.125781 0.176809
0.151150 0.154928 0.154928 0.151415 0.125024 0.121247 0.141307
0.157121 0.144621 0.144621 0.132121 0.133153 0.129547 0.158815
0.126852 0.126852 0.126852 0.126862 0.161453 0.161453 0.169675
0.132435 0.132429 0.132429 0.132429 0.158322 0.163858 0.148096
0.140790 0.140790 0.140790 0.190790 0.128774 0.129790 0.128276
0.127571 0.127571 0.127571 0.130631 0.155016 0.154506 0.177134
0.144475 0.144475 0.144475 0.144475 0.149835 0.141343 0.130921
0.143387 0.143387 0.143387 0.140105 0.119994 0.119994 0.189747
0.122328 0.125841 0.125841 0.117507 0.168640 0.167793 0.172051
0.127322 0.137322 0.137322 0.137322 0.186362 0.153951 0.120400
0.146233 0.146233 0.146233 0.146233 0.147046 0.136422 0.131601
0.128976 0.139764 0.139764 0.139764 0.172499 0.159518 0.119714
0.155892 0.130892 0.130892 0.130892 0.146468 0.155884 0.149081
0.133522 0.136178 0.136178 0.136178 0.160168 0.164667 0.133110
0.136889 0.140815 0.140815 0.140815 0.144494 0.146080 0.150093
0.127421 0.125273 0.125273 0.125273 0.192143 0.189351 0.115265
0.121914 0.122408 0.122408 0.122408 0.165561 0.165561 0.179740
0.128521 0.142164 0.142164 0.142164 0.130056 0.180056 0.134873
0.144799 0.143520 0.143520 0.143520 0.142411 0.142763 0.139469
0.138479 0.143936 0.143936 0.143936 0.141641 0.144475 0.143597
0.118716 0.134771 0.134771 0.134771 0.171711 0.170488 0.134771
0.144413 0.136243 0.136243 0.136243 0.154335 0.152902 0.139620
0.142570 0.143074 0.143074 0.143074 0.147706 0.146690 0.133812
0.135987 0.151191 0.151191 0.151191 0.133674 0.132220 0.144546
0.141766 0.146814 0.146314 0.146814 0.151264 0.139065 0.127963
0.134080 0.143924 0.133136 0.143924 0.120020 0.140334 0.184584
0.117947 0.131436 0.133075 0.131084 0.178002 0.179321 0.129135
0.132174 0.137500 0.134844 0.129166 0.160787 0.172557 0.132971
0.127964 0.145922 0.137473 0.147145 0.143640 0.154894 0.142962
0.116983 0.142132 0.145746 0.139933 0.158878 0.164950 0.131379
0.130940 0.129388 0.129388 0.121055 0.187964 0.175810 0.125454
0.184000 0.138514 0.133744 0.141443 0.146080 0.126484 0.129735
0.141589 0.142001 0.141750 0.142001 0.124550 0.122558 0.185551
0.145246 0.147716 0.145488 0.133636 0.175664 0.126018 0.126233
0.159084 0.108486 0.115734 0.143218 0.138600 0.170549 0.164329
0.169717 0.129054 0.128115 0.123045 0.162193 0.160999 0.126877
0.143843 0.137104 0.139405 0.126794 0.130890 0.186478 0.135486
0.144808 0.138082 0.148090 0.142161 0.129042 0.151233 0.146583
0.120919 0.136205 0.133438 0.134309 0.169296 0.172837 0.132997
0.158467 0.142317 0.167317 0.127025 0.137177 0.132309 0.135388
0.196502 0.138709 0.146502 0.135117 0.121275 0.119668 0.142227
0.135197 0.130746 0.131014 0.168372 0.136892 0.133648 0.164131
0.122662 0.124983 0.122662 0.146968 0.203280 0.145537 0.133907
0.127567 0.132515 0.131761 0.151067 0.122650 0.132650 0.201791
0.137478 0.146591 0.146328 0.138853 0.142655 0.147891 0.140203
0.138766 0.138766 0.138766 0.126778 0.160082 0.160082 0.136761
0.144072 0.144082 0.144072 0.135471 0.141645 0.144915 0.145744
0.150135 0.150135 0.150135 0.143119 0.130047 0.131064 0.145365
0.143997 0.168997 0.143997 0.126915 0.152347 0.127095 0.136652
0.143096 0.146474 0.143590 0.142505 0.151660 0.148776 0.123899
0.124404 0.133277 0.133277 0.126005 0.153249 0.153249 0.176540
0.136161 0.130953 0.134465 0.168440 0.146728 0.149817 0.133437
0.128417 0.120938 0.130939 0.138623 0.154222 0.150079 0.176782
0.122644 0.129872 0.129872 0.177355 0.156828 0.151879 0.131549
0.130015 0.140231 0.140231 0.115378 0.176957 0.170708 0.126481
0.143551 0.136885 0.136885 0.148846 0.133934 0.149995 0.149904
0.124054 0.130019 0.130019 0.121773 0.178477 0.188886 0.126773
0.149281 0.156091 0.156091 0.130810 0.124894 0.133162 0.149672
0.136844 0.147241 0.147241 0.144738 0.135399 0.143813 0.144723
0.116080 0.125921 0.125921 0.112711 0.183045 0.184435 0.151886
0.158369 0.138386 0.138386 0.130516 0.143120 0.151443 0.139780
0.132110 0.138764 0.138764 0.138600 0.180889 0.109823 0.161050
0.125912 0.133783 0.133783 0.181059 0.151931 0.158180 0.115351
0.116827 0.125798 0.125798 0.128867 0.158370 0.171456 0.172883
0.189666 0.139309 0.139309 0.148937 0.111104 0.123642 0.148034
0.122398 0.132960 0.132960 0.179678 0.152724 0.153895 0.125386
0.145721 0.152800 0.152800 0.148654 0.123166 0.129472 0.147387
0.145573 0.151606 0.151606 0.140818 0.140215 0.140399 0.129783
0.121229 0.137307 0.137307 0.158113 0.168909 0.121438 0.155696
0.181011 0.130763 0.130763 0.119258 0.134691 0.159691 0.143822
0.117046 0.114430 0.114430 0.110504 0.191670 0.168872 0.183048
0.132577 0.144124 0.144124 0.141232 0.161121 0.146977 0.129844
0.087002 0.112798 0.112798 0.099098 0.203742 0.231770 0.152791
0.117417 0.129609 0.129609 0.124839 0.157838 0.166126 0.174562
0.120135 0.135243 0.135243 0.134827 0.169875 0.188184 0.116493
0.158376 0.141443 0.141443 0.138365 0.139528 0.131586 0.149259
0.133387 0.139663 0.139663 0.130790 0.159543 0.161955 0.134999
0.154094 0.127759 0.127759 0.141380 0.163101 0.171530 0.114376
0.137311 0.141460 0.141460 0.138938 0.153788 0.158077 0.128968
0.171477 0.122483 0.122483 0.115260 0.171691 0.165549 0.131057
0.124358 0.138362 0.138362 0.142257 0.171242 0.171209 0.114209
0.104868 0.120721 0.120721 0.120367 0.165261 0.182125 0.185937
0.142520 0.146311 0.146311 0.131956 0.110361 0.131116 0.191426
0.133946 0.146443 0.146443 0.147387 0.137917 0.145056 0.142808
0.159608 0.147142 0.147142 0.137807 0.129237 0.117582 0.161481
0.143464 0.145892 0.145892 0.122531 0.147307 0.159775 0.135138
0.133787 0.144371 0.144371 0.147394 0.147652 0.155469 0.126956
0.131945 0.141680 0.141680 0.141680 0.126764 0.143835 0.172417
0.139084 0.138821 0.138821 0.134894 0.157530 0.136201 0.154649
0.137456 0.137446 0.137446 0.136683 0.162689 0.178906 0.109374
0.125995 0.126337 0.126337 0.165207 0.158850 0.140897 0.156375
0.176472 0.138583 0.138583 0.134461 0.130579 0.147199 0.134123
0.161431 0.144648 0.144648 0.142038 0.141933 0.142037 0.123265
0.147103 0.146419 0.146419 0.126664 0.145269 0.144436 0.143691
0.140548 0.142163 0.152163 0.148441 0.138494 0.138930 0.139261
0.116419 0.150336 0.125336 0.123137 0.165291 0.175336 0.144145
0.129557 0.137256 0.139557 0.151375 0.148003 0.141781 0.152471
0.132407 0.131520 0.136553 0.133243 0.196279 0.119429 0.150569
0.138774 0.140659 0.149829 0.149068 0.139965 0.139104 0.142602
0.137288 0.139448 0.137808 0.125519 0.155142 0.141981 0.162814
0.138108 0.142507 0.149097 0.131858 0.151457 0.151810 0.135163
0.131491 0.130780 0.139675 0.141410 0.129540 0.162868 0.164236
0.137383 0.135126 0.133769 0.125444 0.168860 0.170206 0.129212
0.136599 0.136589 0.136589 0.132500 0.167064 0.162798 0.127862
0.127196 0.152196 0.131965 0.181715 0.126708 0.133999 0.146221
0.193713 0.143713 0.143964 0.145700 0.110306 0.128639 0.133964
0.147599 0.144545 0.147122 0.144514 0.138613 0.137927 0.139681
0.135809 0.135809 0.138561 0.184623 0.133764 0.143319 0.128115
0.149804 0.153086 0.152831 0.147041 0.128632 0.126365 0.142241
0.129673 0.138500 0.138500 0.138508 0.133159 0.133159 0.188500
0.125873 0.135241 0.135233 0.131951 0.169333 0.144333 0.158034
0.128991 0.133008 0.136521 0.178188 0.148751 0.145690 0.128852
0.155812 0.154971 0.139971 0.144154 0.136718 0.136724 0.131650
0.149773 0.158299 0.154440 0.153946 0.112910 0.116192 0.154440
0.140992 0.146525 0.146525 0.133457 0.140645 0.148978 0.142878
0.136288 0.140726 0.145304 0.138149 0.147335 0.147335 0.144863
0.112162 0.124375 0.135128 0.132607 0.186774 0.186774 0.122181
0.134737 0.125128 0.125128 0.117901 0.182219 0.179059 0.135828
0.148330 0.132339 0.132339 0.136234 0.128871 0.127204 0.194683
0.109699 0.121611 0.121611 0.121611 0.205830 0.204607 0.115030
0.130721 0.137510 0.137010 0.133155 0.166000 0.168199 0.127404
0.117505 0.134222 0.123435 0.133973 0.148081 0.156414 0.186370
0.143491 0.146700 0.148340 0.144244 0.144648 0.141719 0.130858
0.124420 0.140587 0.137437 0.137979 0.139167 0.139167 0.181245
0.188716 0.149425 0.132103 0.149681 0.115426 0.119073 0.145577
0.188053 0.144407 0.149716 0.144407 0.119124 0.119391 0.134902
0.165510 0.114914 0.112392 0.114922 0.186500 0.188659 0.117103
0.143416 0.135290 0.123293 0.135290 0.153802 0.162135 0.146774
0.120471 0.143511 0.147155 0.193511 0.129307 0.139043 0.127002
0.105284 0.126975 0.124392 0.131157 0.192812 0.167812 0.151567
0.124446 0.131903 0.124798 0.131903 0.153756 0.156047 0.177146
0.127461 0.133720 0.133725 0.129526 0.170924 0.175458 0.129186
0.128420 0.141357 0.138901 0.132507 0.180332 0.128714 0.149769
0.128926 0.135937 0.133337 0.125937 0.153781 0.150721 0.171360
0.120676 0.141072 0.141327 0.166072 0.145752 0.149686 0.135416
0.141324 0.129420 0.154420 0.127119 0.140854 0.144582 0.162280
0.148299 0.144184 0.148051 0.139650 0.136055 0.146646 0.137116
0.177943 0.127936 0.127936 0.129554 0.156999 0.156999 0.122632
0.138978 0.140488 0.185910 0.140488 0.132046 0.117046 0.145044
0.169904 0.130658 0.124087 0.126724 0.162856 0.138653 0.147118
0.179655 0.128755 0.128755 0.128310 0.157784 0.166386 0.110354
0.134421 0.138572 0.134378 0.136315 0.160999 0.163946 0.131369
0.135207 0.139401 0.130551 0.139401 0.154457 0.155632 0.145350
0.099627 0.112671 0.112671 0.137671 0.175242 0.174445 0.187671
0.123050 0.131901 0.131901 0.131901 0.196255 0.143882 0.141110
0.145145 0.145145 0.145145 0.144799 0.138335 0.143879 0.137553
0.158376 0.158376 0.158376 0.150043 0.105749 0.120712 0.148368
0.138478 0.138478 0.138478 0.139701 0.153194 0.153194 0.138478
0.136592 0.137087 0.137087 0.134887 0.134167 0.162448 0.157733
0.152836 0.161710 0.161710 0.153376 0.106124 0.107140 0.157104
0.146006 0.144311 0.144311 0.143727 0.148953 0.143195 0.129498
0.147074 0.149595 0.149595 0.139595 0.143807 0.143807 0.126528
0.120016 0.127244 0.127244 0.123597 0.160563 0.157282 0.184054
0.140993 0.137098 0.137098 0.136831 0.157422 0.155982 0.134577
0.121453 0.121453 0.121453 0.119293 0.210378 0.196487 0.109484
0.129738 0.134092 0.134092 0.125759 0.151902 0.150466 0.173950
0.122326 0.122575 0.122575 0.122840 0.172956 0.176352 0.160376
0.118562 0.131806 0.131806 0.131806 0.184774 0.191259 0.109986
0.150772 0.128380 0.128380 0.128390 0.148229 0.173180 0.142667
0.130115 0.132514 0.132514 0.132514 0.145970 0.150919 0.175453
0.112659 0.116232 0.116585 0.166585 0.191687 0.198290 0.097962
0.140836 0.130348 0.138681 0.141741 0.153459 0.147398 0.147537
0.141544 0.142767 0.141544 0.141192 0.151558 0.140752 0.140645
0.191421 0.144346 0.146545 0.134930 0.121540 0.121895 0.139324
0.139990 0.137890 0.146223 0.139113 0.117312 0.127312 0.192161
0.139743 0.144061 0.141132 0.138933 0.141778 0.140585 0.153768
0.130881 0.137375 0.137375 0.129042 0.163902 0.166203 0.135222
0.133473 0.136751 0.140398 0.143327 0.141862 0.151862 0.152328
0.127218 0.134539 0.134806 0.134806 0.150215 0.147803 0.170612
0.150707 0.133543 0.135702 0.132055 0.143069 0.153069 0.151856
0.132606 0.129314 0.137648 0.137380 0.162479 0.165219 0.135353
0.137419 0.144787 0.144522 0.142363 0.145641 0.148562 0.136707
0.136073 0.146711 0.146711 0.138378 0.137867 0.158457 0.135803
0.141880 0.149123 0.149113 0.149378 0.136729 0.142387 0.131390
0.131853 0.140102 0.140102 0.140102 0.136324 0.129927 0.181590
0.110080 0.186001 0.136001 0.136011 0.155103 0.168593 0.108211
0.156760 0.137336 0.134276 0.134276 0.152755 0.147885 0.136712
0.128275 0.133187 0.133187 0.183187 0.126898 0.120822 0.174443
0.156733 0.117871 0.121153 0.124214 0.153379 0.144955 0.181695
0.132484 0.127729 0.136062 0.136062 0.146522 0.143642 0.177499
0.146569 0.145361 0.145361 0.142079 0.140923 0.139435 0.140272
0.140028 0.159695 0.159695 0.151361 0.113834 0.125402 0.149985
0.128820 0.144769 0.144769 0.144769 0.143460 0.151036 0.142378
0.164177 0.140387 0.140387 0.140387 0.149311 0.115977 0.149375
0.128482 0.133180 0.133180 0.133180 0.177827 0.175552 0.118599
0.135284 0.137331 0.137331 0.137331 0.124788 0.134788 0.193147
0.111631 0.124199 0.124199 0.124199 0.201402 0.154528 0.159840
0.119655 0.138761 0.138761 0.138267 0.132200 0.147747 0.184609
0.118225 0.131581 0.131581 0.122209 0.127365 0.185779 0.183260
0.138260 0.148482 0.148482 0.139389 0.135265 0.141633 0.148488
0.147922 0.148890 0.148890 0.148008 0.132887 0.141220 0.132182
0.120981 0.127307 0.127307 0.117071 0.194334 0.144986 0.168015
0.142932 0.156228 0.156228 0.143340 0.131183 0.123119 0.146969
0.171913 0.131657 0.131302 0.136493 0.153449 0.161205 0.113982
0.127761 0.143579 0.133579 0.137025 0.131924 0.141924 0.184208
0.179517 0.132829 0.134023 0.119477 0.154962 0.157979 0.121214
0.156610 0.159173 0.156518 0.159040 0.115012 0.116029 0.137618
0.118938 0.140362 0.120362 0.125171 0.152740 0.152478 0.189949
0.140023 0.144202 0.148162 0.139253 0.144568 0.144568 0.139224
0.149576 0.133171 0.130871 0.130858 0.175098 0.150895 0.129532
0.126464 0.128009 0.114075 0.115857 0.183342 0.186341 0.145913
0.123710 0.133196 0.135695 0.127638 0.182789 0.167058 0.129914
0.129688 0.142095 0.139838 0.192360 0.132625 0.133981 0.129412
0.146138 0.142436 0.128502 0.167684 0.134910 0.138306 0.142024
0.131250 0.137048 0.137043 0.140649 0.181679 0.137739 0.134592
0.137519 0.150831 0.148574 0.144380 0.128530 0.139337 0.150831
0.129128 0.129072 0.119082 0.155643 0.158422 0.163921 0.144732
0.133416 0.163546 0.163809 0.156116 0.111705 0.124557 0.146852
0.155936 0.125888 0.150888 0.125888 0.156372 0.151320 0.133709
0.146986 0.154216 0.157110 0.150944 0.118367 0.120572 0.151804
0.137493 0.145550 0.145550 0.137217 0.143346 0.150279 0.140565
0.114176 0.131073 0.152561 0.156073 0.153355 0.160121 0.132641
0.128608 0.145821 0.138705 0.148705 0.157634 0.144705 0.135821
0.125833 0.128656 0.128656 0.128656 0.156681 0.186324 0.145193
0.122328 0.125375 0.121862 0.121862 0.200420 0.194379 0.113774
0.170588 0.127050 0.117050 0.117050 0.178273 0.169835 0.120153
0.178350 0.124418 0.124418 0.124418 0.161197 0.161164 0.126036
0.150232 0.132953 0.132953 0.132953 0.151781 0.149509 0.149620
0.132896 0.139698 0.139698 0.139698 0.182255 0.138863 0.126891
0.170947 0.133170 0.133170 0.133170 0.123632 0.123181 0.182731
0.140846 0.153331 0.153331 0.153331 0.123689 0.126921 0.148552
0.148946 0.147715 0.147715 0.147715 0.131917 0.131917 0.144075
0.129364 0.136252 0.136252 0.136252 0.160052 0.138333 0.163496
0.162438 0.138495 0.138495 0.138495 0.142813 0.140768 0.138495
0.152160 0.147131 0.147131 0.147131 0.136391 0.139923 0.130132
0.133103 0.148125 0.148125 0.148125 0.110764 0.126546 0.185212
0.132117 0.157973 0.157973 0.157973 0.121313 0.130443 0.142208
0.152243 0.132466 0.132466 0.132466 0.145326 0.151209 0.153826
0.123929 0.128743 0.128389 0.128389 0.181144 0.165414 0.143993
0.120878 0.137491 0.127491 0.127491 0.180733 0.175861 0.130053
0.126333 0.124170 0.125364 0.125364 0.198549 0.188252 0.111968
0.119500 0.121957 0.119656 0.119656 0.221430 0.176256 0.121544
0.131893 0.139260 0.129260 0.129260 0.157782 0.180511 0.132034
0.117865 0.118025 0.120792 0.120792 0.197167 0.207751 0.117609
0.166466 0.119049 0.119049 0.119049 0.196824 0.147437 0.132126
0.134484 0.142204 0.138270 0.138270 0.152572 0.166979 0.127222
0.171664 0.134739 0.134470 0.134470 0.133563 0.137149 0.153945
0.164324 0.120261 0.118004 0.118004 0.185463 0.135211 0.158732
0.131434 0.152006 0.142006 0.142006 0.127529 0.121957 0.183064
0.167453 0.148639 0.148902 0.148902 0.106931 0.130380 0.148792
0.114631 0.132024 0.132024 0.132024 0.178064 0.177136 0.134096
0.148533 0.141783 0.142148 0.142148 0.144200 0.137040 0.144148
0.137951 0.129455 0.139455 0.139455 0.138674 0.145249 0.169761
0.121150 0.133430 0.157237 0.157237 0.165148 0.150368 0.115430
0.119715 0.146957 0.135475 0.152142 0.162158 0.170348 0.113206
0.149137 0.115161 0.137661 0.125161 0.164054 0.164170 0.144655
0.096154 0.108940 0.100126 0.102660 0.270013 0.210390 0.111717
0.119690 0.133478 0.118435 0.123972 0.161532 0.205926 0.136966
0.154808 0.125526 0.139854 0.138334 0.131505 0.156443 0.153530
0.114447 0.126407 0.124980 0.124980 0.189272 0.180720 0.139195
0.134092 0.129162 0.129272 0.133940 0.155503 0.176828 0.141203
0.141721 0.124218 0.140992 0.140951 0.138740 0.156719 0.156659
0.137771 0.157674 0.151035 0.144643 0.130607 0.131808 0.146462
0.124078 0.148404 0.148404 0.150100 0.147828 0.147726 0.133461
0.155022 0.147280 0.164124 0.148608 0.128198 0.105688 0.151080
0.143604 0.154651 0.154901 0.138800 0.134178 0.131594 0.142273
0.105450 0.172762 0.150225 0.155457 0.160771 0.121388 0.133947
0.126903 0.139334 0.139058 0.128203 0.171232 0.173289 0.121980
0.131368 0.150466 0.150210 0.139496 0.139410 0.153788 0.135262
0.128990 0.136700 0.140213 0.131658 0.156273 0.174803 0.131363
0.139142 0.129459 0.139452 0.129856 0.160517 0.162122 0.139452
0.165672 0.134881 0.130794 0.128547 0.157000 0.164812 0.118294
0.129608 0.195659 0.128992 0.135665 0.163337 0.111080 0.135659
0.175953 0.142535 0.138352 0.134661 0.116279 0.131279 0.160941
0.138408 0.145808 0.145808 0.132940 0.140034 0.158482 0.138521
0.142709 0.147879 0.152072 0.146934 0.136767 0.133406 0.140233
0.130056 0.124720 0.133071 0.163794 0.127845 0.135324 0.185189
0.151049 0.158268 0.147480 0.152161 0.111011 0.128554 0.151476
0.152830 0.132778 0.134418 0.123024 0.151849 0.180345 0.124755
0.151270 0.151709 0.149054 0.190561 0.100861 0.105400 0.151144
0.181370 0.146473 0.138024 0.130978 0.133848 0.135879 0.133428
0.116511 0.125646 0.129260 0.200031 0.138148 0.127446 0.162959
0.121516 0.138928 0.138928 0.116028 0.167161 0.156580 0.160860
0.121065 0.131158 0.126388 0.134298 0.193565 0.177077 0.116449
0.102970 0.128837 0.128586 0.125982 0.167395 0.165239 0.180991
0.115416 0.127982 0.125399 0.104541 0.201649 0.192443 0.132570
0.124939 0.127525 0.124773 0.122131 0.161590 0.179317 0.159725
0.122062 0.128349 0.128604 0.117933 0.152861 0.173102 0.177089
0.132381 0.140442 0.140442 0.158596 0.163515 0.136705 0.127919
0.126426 0.130657 0.141453 0.144059 0.168461 0.179344 0.109602
0.112382 0.149737 0.124737 0.184299 0.138871 0.136508 0.153465
0.143016 0.127597 0.155253 0.118422 0.196939 0.137689 0.121084
0.200804 0.142757 0.150542 0.136949 0.112442 0.122704 0.133802
0.154124 0.152079 0.149932 0.145243 0.101386 0.106875 0.190360
0.132336 0.136904 0.132326 0.118696 0.172641 0.172651 0.134447
0.149200 0.134378 0.128394 0.131969 0.163867 0.142148 0.150044
0.138265 0.127149 0.127565 0.143405 0.157440 0.172239 0.133936
0.152659 0.147349 0.149932 0.127544 0.119027 0.121501 0.181988
0.131107 0.134619 0.134619 0.145533 0.152130 0.155643 0.146349
0.128121 0.153824 0.141899 0.139360 0.141522 0.147745 0.147529
0.122394 0.134894 0.134894 0.114114 0.188349 0.175426 0.129930
0.133682 0.133686 0.133682 0.118725 0.183036 0.182188 0.115001
0.131213 0.131565 0.131565 0.145526 0.167877 0.152569 0.139684
0.124159 0.132493 0.132493 0.120247 0.192266 0.186487 0.111855
0.137019 0.135796 0.135796 0.128043 0.169646 0.183484 0.110215
0.125523 0.127722 0.127722 0.116963 0.163063 0.172302 0.166707
0.102021 0.105777 0.110355 0.135363 0.226284 0.176284 0.143916
0.147515 0.133833 0.144586 0.139161 0.152937 0.157207 0.124760
0.123423 0.123423 0.123423 0.193440 0.142328 0.148276 0.145688
0.125682 0.129329 0.129329 0.180116 0.157789 0.160153 0.117600
0.136433 0.136700 0.136700 0.136957 0.136152 0.138636 0.178421
0.139321 0.141979 0.141979 0.152166 0.146132 0.124175 0.154248
0.130199 0.149320 0.149320 0.125043 0.151260 0.152595 0.142262
0.144694 0.143284 0.143284 0.129053 0.154371 0.151572 0.133742
0.133976 0.145505 0.145505 0.137856 0.144919 0.144919 0.147321
0.113555 0.131086 0.131086 0.133948 0.156217 0.205793 0.128314
0.146903 0.121163 0.121163 0.116443 0.181373 0.167230 0.145726
0.147695 0.115912 0.115912 0.129066 0.189019 0.179368 0.123029
0.134116 0.134633 0.134633 0.123886 0.171161 0.174643 0.126929
0.132849 0.133152 0.133152 0.112073 0.151138 0.164831 0.172805
0.125847 0.144752 0.144752 0.145097 0.145546 0.158129 0.135878
0.124353 0.146356 0.146356 0.143604 0.125840 0.126092 0.187399
0.138073 0.148341 0.148341 0.141436 0.170207 0.120559 0.133041
0.141081 0.150424 0.150424 0.140156 0.137691 0.146024 0.134201
0.124658 0.135516 0.135516 0.128787 0.168821 0.173521 0.133182
0.137825 0.132357 0.132357 0.103270 0.177159 0.193502 0.123529
0.144442 0.123872 0.123872 0.174137 0.137939 0.154502 0.141236
0.124173 0.140357 0.140357 0.125250 0.167928 0.189286 0.112649
0.194379 0.136500 0.136500 0.144477 0.132473 0.113660 0.142010
0.136666 0.141994 0.141994 0.136501 0.153196 0.148570 0.141079
0.118557 0.145993 0.145993 0.179702 0.123740 0.129899 0.156116
0.166112 0.131129 0.131129 0.131775 0.150463 0.160678 0.128715
0.134981 0.143899 0.143899 0.142960 0.155629 0.148625 0.130007
0.114002 0.131715 0.131715 0.112140 0.172317 0.174073 0.164036
0.129509 0.143589 0.143589 0.127624 0.155613 0.159463 0.140614
0.159640 0.126021 0.126021 0.147714 0.145145 0.150558 0.144901
0.194933 0.140649 0.140649 0.130406 0.123998 0.126472 0.142893
0.136097 0.125548 0.125548 0.125848 0.205221 0.147878 0.133860
0.126144 0.151784 0.151784 0.143266 0.153594 0.148603 0.124824
0.145625 0.140807 0.140807 0.142271 0.139752 0.133669 0.157068
0.129314 0.150969 0.150969 0.137556 0.134636 0.150847 0.145708
0.141540 0.149683 0.149184 0.133624 0.141632 0.149702 0.134635
0.117362 0.126358 0.115570 0.136507 0.171142 0.167495 0.165565
0.134961 0.146258 0.147898 0.129826 0.159260 0.158983 0.122815
0.148959 0.144307 0.141651 0.131029 0.142216 0.144144 0.147694
0.144642 0.147567 0.139118 0.126533 0.143853 0.127186 0.171100
0.129832 0.130478 0.134092 0.124887 0.160288 0.157668 0.162756
0.115935 0.122650 0.122650 0.165978 0.154718 0.154718 0.163351
0.135462 0.132419 0.128004 0.187836 0.141796 0.145318 0.129165
0.167033 0.134575 0.144324 0.146447 0.107994 0.117995 0.181633
0.123473 0.130635 0.126858 0.125252 0.168039 0.218039 0.107704
0.116948 0.118387 0.117937 0.169228 0.151681 0.154741 0.171078
0.126249 0.129628 0.139883 0.126627 0.172880 0.172880 0.131853
0.125002 0.134097 0.131331 0.182558 0.146771 0.143489 0.136752
0.134883 0.133902 0.133910 0.130569 0.147513 0.139179 0.180043
0.122110 0.121800 0.135734 0.113511 0.185463 0.185463 0.135919
0.127264 0.152258 0.152526 0.113473 0.153250 0.153250 0.147979
0.140885 0.139873 0.148290 0.136098 0.146167 0.146964 0.141723
0.135631 0.129875 0.144408 0.136183 0.132376 0.138683 0.182845
0.130583 0.142618 0.136158 0.129715 0.169623 0.168036 0.123267
0.115142 0.139427 0.128673 0.137267 0.138092 0.140884 0.200515
0.167748 0.132484 0.136408 0.128074 0.159523 0.159523 0.116239
0.132726 0.143542 0.143988 0.144252 0.179314 0.129314 0.126863
0.156923 0.171525 0.148782 0.148782 0.119418 0.131918 0.122653
0.143732 0.142060 0.139176 0.139186 0.154448 0.143281 0.138118
0.111632 0.155942 0.130942 0.130942 0.135766 0.138177 0.196601
0.115618 0.134881 0.138394 0.188394 0.145769 0.154832 0.122112
0.184868 0.134993 0.144987 0.148048 0.122390 0.128146 0.136568
0.143367 0.146742 0.146742 0.146742 0.143222 0.141383 0.131802
0.117317 0.131231 0.131231 0.127949 0.133561 0.140624 0.218087
0.138964 0.149293 0.149293 0.140960 0.114376 0.114825 0.192290
0.154921 0.123686 0.123686 0.123686 0.203745 0.156037 0.114238
0.142828 0.140344 0.143857 0.143857 0.149502 0.143691 0.135921
0.145110 0.118683 0.128683 0.128683 0.179293 0.161955 0.137593
0.125705 0.131433 0.131433 0.131433 0.180476 0.166072 0.133447
0.160202 0.121137 0.121137 0.120643 0.146432 0.189101 0.141348
0.196451 0.143135 0.143135 0.134261 0.120720 0.127313 0.134985
0.157954 0.154893 0.154893 0.145801 0.131232 0.126446 0.128782
0.118063 0.120980 0.120980 0.143816 0.146649 0.151557 0.197956
0.127564 0.126680 0.126680 0.129297 0.174914 0.162681 0.152185
0.174657 0.137440 0.137934 0.136738 0.147112 0.149857 0.116263
0.124505 0.122032 0.130905 0.135465 0.157465 0.161297 0.168330
0.138019 0.136440 0.134745 0.142891 0.167130 0.147160 0.133616
0.132975 0.143907 0.146428 0.138788 0.153243 0.149261 0.135398
0.136633 0.139554 0.146782 0.133122 0.125018 0.156068 0.162822
0.129171 0.138223 0.134328 0.158050 0.142415 0.148952 0.148860
0.118533 0.122701 0.122701 0.108072 0.212409 0.162145 0.153440
0.131156 0.131509 0.135863 0.147393 0.167530 0.162106 0.124443
0.164139 0.130743 0.130993 0.143237 0.139421 0.126921 0.164545
0.126314 0.130317 0.132774 0.120016 0.177287 0.180831 0.132460
0.115818 0.120467 0.123075 0.170927 0.170411 0.178744 0.120559
0.130749 0.134164 0.133908 0.137664 0.144892 0.141390 0.177234
0.145209 0.153287 0.153287 0.146433 0.141171 0.131171 0.129441
0.119495 0.139839 0.139337 0.118700 0.161414 0.168081 0.153134
0.132755 0.135919 0.127045 0.129326 0.141045 0.168772 0.165139
0.132539 0.184786 0.136481 0.111532 0.153168 0.150515 0.130978
0.199471 0.150369 0.143666 0.150232 0.115076 0.098432 0.142755
0.206812 0.124503 0.117275 0.136503 0.132773 0.123114 0.159020
0.149739 0.151578 0.159666 0.144994 0.127702 0.125503 0.140818
0.138061 0.134280 0.143131 0.144770 0.161068 0.148801 0.129888
0.093239 0.115255 0.110901 0.129266 0.184874 0.188154 0.178310
0.139539 0.152427 0.152177 0.142127 0.133304 0.137355 0.143071
0.137892 0.134278 0.131822 0.126783 0.154204 0.149325 0.165696
0.133452 0.137806 0.135198 0.124028 0.137895 0.175420 0.156200
0.132259 0.140791 0.141047 0.124715 0.167971 0.164266 0.128951
0.126291 0.138998 0.138998 0.136446 0.174488 0.110128 0.174650
0.135449 0.140640 0.140648 0.128057 0.152845 0.164333 0.138028
0.136650 0.139145 0.139145 0.139161 0.158514 0.159047 0.128338
0.129663 0.129408 0.179408 0.129663 0.168577 0.151050 0.112231
0.128422 0.128414 0.132596 0.124480 0.139423 0.180874 0.165792
0.141228 0.141220 0.141220 0.140959 0.134030 0.187915 0.113427
0.185874 0.136368 0.132174 0.134111 0.150198 0.114876 0.146398
0.167999 0.147690 0.138840 0.162690 0.112139 0.125791 0.144849
0.147563 0.142008 0.142008 0.146131 0.167993 0.116822 0.137475
0.126582 0.143297 0.143297 0.143297 0.142594 0.119951 0.180981
0.139262 0.134918 0.134918 0.130350 0.154958 0.146123 0.159472
0.151011 0.160170 0.160170 0.149417 0.121673 0.118401 0.139158
0.108200 0.112733 0.112733 0.137733 0.203384 0.176313 0.148904
0.140518 0.143611 0.143611 0.146138 0.111475 0.148875 0.165773
0.130914 0.143664 0.143664 0.131164 0.132309 0.178777 0.139508
0.124958 0.130540 0.130182 0.127836 0.178268 0.163806 0.144411
0.123311 0.141633 0.129133 0.116364 0.146854 0.154799 0.187906
0.119546 0.145736 0.146902 0.121902 0.195144 0.141787 0.128983
0.136132 0.144757 0.142345 0.146132 0.150490 0.139469 0.140675
0.142505 0.131715 0.119215 0.116304 0.165847 0.167616 0.156799
0.111515 0.138752 0.141374 0.113816 0.179445 0.179860 0.135239
0.169776 0.126131 0.126131 0.130122 0.139804 0.146253 0.161783
0.132758 0.143926 0.139656 0.134637 0.149409 0.159614 0.140001
0.121582 0.155074 0.154804 0.129585 0.147407 0.148925 0.142624
0.117815 0.133539 0.131175 0.134429 0.172518 0.176985 0.133539
0.111554 0.145168 0.132668 0.121971 0.162589 0.165221 0.160829
0.120321 0.149940 0.150202 0.133811 0.142477 0.166821 0.136428
0.105179 0.139606 0.139606 0.127418 0.181095 0.152486 0.154611
0.140289 0.125814 0.125824 0.132411 0.167863 0.187568 0.120231
0.118133 0.137569 0.137569 0.125683 0.184891 0.171451 0.124703
0.143126 0.141085 0.157752 0.149173 0.128885 0.137275 0.142704
0.143946 0.139033 0.141759 0.151356 0.148461 0.136411 0.139033
0.142818 0.144231 0.144586 0.112053 0.214147 0.115709 0.126458
0.138853 0.139137 0.145359 0.166887 0.117370 0.127553 0.164841
0.140384 0.143202 0.129508 0.139827 0.154644 0.164984 0.127450
0.148271 0.147975 0.150276 0.130840 0.118926 0.132970 0.170743
0.160511 0.122344 0.132344 0.123692 0.153219 0.151229 0.156661
0.175988 0.147978 0.145212 0.138049 0.128104 0.123990 0.140678
0.177183 0.151274 0.151274 0.115213 0.134425 0.121667 0.148964
0.144844 0.140452 0.144386 0.195908 0.117573 0.121769 0.135067
0.112303 0.149479 0.149748 0.134274 0.137062 0.137331 0.179801
0.153007 0.121403 0.123660 0.148109 0.162310 0.164153 0.127359
0.119992 0.121264 0.131264 0.181957 0.142718 0.138574 0.164230
0.123302 0.126900 0.126637 0.128410 0.155665 0.170278 0.168808
0.141997 0.132612 0.132612 0.125003 0.164355 0.160478 0.142944
0.122165 0.135694 0.135684 0.127053 0.171684 0.178928 0.128792
0.119414 0.151383 0.151383 0.139876 0.148314 0.153042 0.136589
0.134303 0.166817 0.128061 0.122356 0.174856 0.127356 0.146251
0.139443 0.128628 0.142410 0.122830 0.170923 0.171160 0.124605
0.151004 0.122080 0.119276 0.116311 0.153264 0.163264 0.174800
0.151377 0.140277 0.139530 0.143426 0.145029 0.143413 0.136947
0.172693 0.119172 0.131231 0.154172 0.131066 0.143099 0.148567
0.099158 0.127887 0.127887 0.177892 0.151485 0.159228 0.156462
0.116595 0.154260 0.148988 0.141782 0.126282 0.130182 0.181911
0.151789 0.146222 0.135802 0.158722 0.139912 0.127675 0.139879
0.111623 0.142158 0.164434 0.135430 0.153793 0.147761 0.144802
0.157119 0.134323 0.132022 0.119935 0.146474 0.168605 0.141522
0.181725 0.130284 0.135380 0.126765 0.132628 0.122619 0.170599
0.135428 0.134927 0.136546 0.117714 0.142806 0.174396 0.158183
0.146009 0.146452 0.146457 0.131784 0.144157 0.159148 0.125993
0.136982 0.150502 0.146568 0.150049 0.143565 0.134462 0.137872
0.121391 0.138799 0.138353 0.136318 0.171297 0.171113 0.122729
0.124598 0.137569 0.135312 0.137569 0.118281 0.116165 0.230508
0.160174 0.136844 0.136491 0.149344 0.162059 0.115620 0.139468
0.139573 0.148587 0.160215 0.148587 0.127242 0.124091 0.151705
0.136434 0.133462 0.120984 0.133468 0.165396 0.183192 0.127063
0.118274 0.126141 0.123947 0.126141 0.167455 0.154569 0.183474
0.139469 0.159712 0.150885 0.159712 0.116702 0.130355 0.143165
0.154001 0.131457 0.125513 0.131103 0.149772 0.156260 0.151893
0.146291 0.151200 0.152895 0.141200 0.131084 0.132497 0.144833
0.128312 0.147465 0.141296 0.144572 0.156405 0.162227 0.119723
0.129396 0.129444 0.118436 0.110476 0.152697 0.221654 0.137897
0.162287 0.144206 0.135942 0.134207 0.142696 0.138331 0.142332
0.098379 0.129913 0.121579 0.132679 0.216040 0.175506 0.125904
0.193129 0.144265 0.140175 0.131765 0.148093 0.124791 0.117782
0.126585 0.125563 0.125313 0.138295 0.148893 0.148294 0.187057
0.130856 0.160015 0.157568 0.157334 0.126710 0.129732 0.137785
0.158867 0.134890 0.132282 0.127647 0.138825 0.144429 0.163060
0.131951 0.144669 0.194925 0.135884 0.126191 0.133834 0.132546
0.130783 0.145447 0.148507 0.137377 0.155116 0.154407 0.128363
0.142271 0.136303 0.125523 0.133255 0.143371 0.186844 0.132433
0.161909 0.135965 0.157683 0.133326 0.111500 0.114101 0.185516
0.112041 0.128186 0.167198 0.117489 0.156114 0.178751 0.140221
0.134650 0.154167 0.137757 0.182096 0.139075 0.127460 0.124794
0.126267 0.135032 0.149679 0.154582 0.153063 0.133518 0.147859
0.127524 0.133989 0.127261 0.130341 0.161321 0.182364 0.137200
0.140017 0.134233 0.115075 0.130459 0.170387 0.175863 0.133966
0.179601 0.137552 0.138656 0.125392 0.148527 0.150216 0.120056
0.133786 0.146753 0.144170 0.138419 0.129817 0.134554 0.172501
0.115694 0.144855 0.140186 0.131363 0.153175 0.154331 0.160396
0.134961 0.138675 0.150147 0.155342 0.145067 0.129559 0.146249
0.178599 0.144098 0.141617 0.137526 0.133490 0.131483 0.133188
0.141863 0.146621 0.146626 0.129507 0.164841 0.149181 0.121361
0.122841 0.119951 0.132451 0.161655 0.144766 0.142266 0.176069
0.135352 0.145848 0.145848 0.140102 0.139146 0.155028 0.138677
0.129361 0.142284 0.142291 0.125117 0.144724 0.197018 0.119205
0.180337 0.137757 0.137757 0.135967 0.123697 0.133713 0.150772
0.126501 0.143625 0.139048 0.147680 0.135792 0.133025 0.174329
0.127170 0.125991 0.115238 0.121823 0.169554 0.219554 0.120670
0.115478 0.124851 0.124851 0.118767 0.164927 0.218861 0.132265
0.100458 0.136713 0.132627 0.123352 0.166188 0.220543 0.120119
0.131532 0.135057 0.118390 0.142132 0.166462 0.190023 0.116403
0.113766 0.141431 0.140927 0.111073 0.161984 0.144484 0.186334
0.109531 0.139153 0.125042 0.110443 0.192286 0.169678 0.153868
0.192659 0.139507 0.131095 0.140343 0.126046 0.142881 0.127470
0.123296 0.140511 0.138900 0.145708 0.156698 0.170909 0.123977
0.126448 0.137850 0.125382 0.130040 0.172783 0.157596 0.149901
0.124736 0.144114 0.137483 0.156082 0.158155 0.155808 0.123623
0.130993 0.132193 0.134959 0.147718 0.165770 0.167898 0.120469
0.138196 0.149101 0.143828 0.146618 0.141644 0.145929 0.134684
0.164756 0.135842 0.131655 0.136243 0.121191 0.143395 0.166918
0.172024 0.133655 0.130662 0.118595 0.181470 0.119843 0.143751
0.117810 0.135049 0.129526 0.115154 0.160746 0.141219 0.200495
0.168591 0.156583 0.136836 0.154004 0.102658 0.143015 0.138313
0.135305 0.143869 0.145326 0.138621 0.161394 0.157309 0.118177
0.164029 0.135117 0.132824 0.135124 0.134735 0.123649 0.174522
0.134796 0.154552 0.144563 0.146770 0.126296 0.141572 0.151452
0.136584 0.157423 0.157880 0.141065 0.142480 0.139725 0.124845
0.139260 0.148414 0.189497 0.149634 0.127855 0.108731 0.136608
0.150142 0.132841 0.128820 0.117370 0.144784 0.171846 0.154198
0.160984 0.148593 0.138629 0.126659 0.131843 0.153926 0.139366
0.107455 0.126422 0.108930 0.131366 0.185690 0.160649 0.179489
0.111169 0.135577 0.115577 0.133176 0.160084 0.181315 0.163101
0.133646 0.138171 0.132541 0.127292 0.159257 0.182375 0.126717
0.161818 0.126028 0.125605 0.143839 0.163266 0.134425 0.145019
0.124925 0.148756 0.145885 0.148602 0.147259 0.157741 0.126831
0.146790 0.139273 0.139273 0.135003 0.139726 0.148981 0.150955
0.114489 0.134460 0.167534 0.138307 0.171051 0.148710 0.125448
0.144537 0.142366 0.145250 0.127502 0.138195 0.160175 0.141976
0.136895 0.125703 0.125708 0.114920 0.183072 0.162342 0.151360
0.168441 0.131038 0.127526 0.172705 0.126095 0.115691 0.158504
0.125925 0.130484 0.120484 0.127829 0.137144 0.154041 0.204093
0.119101 0.130895 0.130895 0.126976 0.158479 0.156854 0.176799
0.146277 0.138903 0.138903 0.141050 0.150953 0.134287 0.149627
0.119345 0.149888 0.144284 0.144284 0.155127 0.159416 0.127654
0.143896 0.144198 0.125327 0.120558 0.143651 0.154090 0.168279
0.132792 0.156461 0.156461 0.155691 0.132133 0.133196 0.133267
0.124995 0.151448 0.151448 0.135087 0.151917 0.157996 0.127108
0.127743 0.147620 0.147620 0.136313 0.143558 0.141058 0.156087
0.126162 0.129172 0.129172 0.138797 0.176896 0.173774 0.126027
0.153408 0.147687 0.147687 0.137687 0.137854 0.131625 0.144052
0.109846 0.123196 0.123196 0.125967 0.174941 0.192569 0.150285
0.158074 0.143195 0.143195 0.143195 0.126135 0.124103 0.162104
0.111839 0.142390 0.132390 0.138456 0.181286 0.173543 0.120096
0.120875 0.139642 0.164642 0.139373 0.125334 0.138101 0.172034
0.130331 0.151790 0.149489 0.149533 0.134007 0.137256 0.147595
0.176709 0.140166 0.135632 0.125588 0.147390 0.153456 0.121059
0.141596 0.143950 0.145569 0.133460 0.154508 0.154229 0.126687
0.131731 0.151580 0.151580 0.137824 0.152147 0.149890 0.125247
0.140537 0.132245 0.111644 0.148922 0.200299 0.148632 0.117721
0.137333 0.136855 0.149918 0.133696 0.143106 0.153993 0.145097
0.161251 0.141078 0.134965 0.151818 0.131208 0.127352 0.152328
0.181550 0.145363 0.137505 0.151500 0.128853 0.124517 0.130710
0.122879 0.129653 0.158980 0.127352 0.145406 0.159733 0.155997
0.151604 0.145379 0.145379 0.126594 0.137406 0.162406 0.131233
0.124355 0.148317 0.141554 0.140664 0.133045 0.129160 0.182904
0.195954 0.132986 0.132267 0.130262 0.128483 0.127764 0.152283
0.133088 0.142373 0.138593 0.138439 0.160482 0.153190 0.133835
0.128233 0.147707 0.147707 0.157067 0.144270 0.134270 0.140746
0.143174 0.132323 0.145052 0.130066 0.137721 0.162950 0.148713
0.135821 0.140139 0.161626 0.130144 0.143085 0.151770 0.137415
0.129232 0.139234 0.129250 0.139003 0.141981 0.152743 0.168557
0.149504 0.152788 0.152788 0.143914 0.126359 0.130121 0.144526
0.124447 0.125126 0.150126 0.126832 0.167956 0.193588 0.111924
0.125190 0.129960 0.154960 0.127438 0.118012 0.151345 0.193095
0.159844 0.119569 0.144569 0.132302 0.142525 0.178866 0.122323
0.137995 0.156200 0.149699 0.136779 0.161382 0.118324 0.139622
0.117556 0.136580 0.111040 0.153247 0.169755 0.178067 0.133754
0.137386 0.139761 0.141456 0.129482 0.159015 0.161404 0.131497
0.153469 0.132943 0.130421 0.117708 0.165235 0.144124 0.156100
0.145477 0.131461 0.124233 0.130572 0.143864 0.153765 0.170626
0.142117 0.147469 0.151364 0.144861 0.144274 0.147937 0.121977
0.117863 0.125708 0.125708 0.121694 0.177821 0.174351 0.156856
0.115122 0.141308 0.136954 0.140859 0.154875 0.166672 0.144210
0.138784 0.139925 0.139676 0.137570 0.159483 0.155926 0.128636
0.115430 0.136367 0.133911 0.136367 0.198672 0.125973 0.153281
0.108389 0.137871 0.135263 0.204538 0.129210 0.156594 0.128134
0.133543 0.148648 0.148904 0.152830 0.119746 0.129473 0.166856
0.127088 0.124550 0.124550 0.124556 0.160649 0.163937 0.174669
0.153369 0.149816 0.149823 0.134834 0.128453 0.141073 0.142633
0.130213 0.130212 0.130212 0.146362 0.152386 0.160988 0.149627
0.122200 0.128806 0.178806 0.126150 0.136728 0.137762 0.169549
0.140635 0.151374 0.155057 0.147448 0.125096 0.150808 0.129582
0.131603 0.144584 0.133796 0.142954 0.152288 0.141580 0.153194
0.181359 0.143115 0.140561 0.130615 0.151411 0.138282 0.114658
0.146748 0.138155 0.126649 0.133385 0.151861 0.168884 0.134318
0.126632 0.136402 0.117165 0.135986 0.178649 0.164011 0.141157
0.127669 0.119421 0.148034 0.116837 0.185375 0.172257 0.130407
0.112139 0.120426 0.117770 0.120426 0.209815 0.186703 0.132721
0.170309 0.123511 0.114816 0.125437 0.171412 0.182510 0.112004
0.133055 0.147405 0.149302 0.172405 0.118798 0.126043 0.152993
0.144697 0.136966 0.134383 0.123882 0.150803 0.163455 0.145815
0.109697 0.139002 0.114454 0.159108 0.138787 0.181253 0.157699
