0.224256 0.197983 0.199115 0.193826 0.184820
0.185665 0.196110 0.204067 0.211140 0.203018
0.204816 0.219943 0.212420 0.187905 0.174917
0.195784 0.198171 0.192657 0.219448 0.193940
0.193547 0.191756 0.178299 0.204446 0.231952
0.214637 0.205520 0.221298 0.157785 0.200761
0.205466 0.194576 0.203316 0.196260 0.200382
0.204225 0.244351 0.187172 0.171540 0.192711
0.162648 0.245040 0.207825 0.178697 0.205790
0.315652 0.176920 0.173328 0.161342 0.172758
0.200005 0.209650 0.213804 0.196638 0.179903
0.193546 0.198368 0.179055 0.245314 0.183718
0.172800 0.177467 0.237559 0.206962 0.205212
0.210780 0.250909 0.184432 0.154897 0.198982
0.230087 0.194436 0.167028 0.217034 0.191415
0.188116 0.182090 0.197172 0.208629 0.223993
0.254847 0.175787 0.175787 0.195113 0.198466
0.162059 0.230683 0.232325 0.183710 0.191223
0.210819 0.216682 0.188676 0.187724 0.196099
0.208965 0.200782 0.196901 0.199254 0.194098
0.229066 0.186367 0.186367 0.196935 0.201266
0.252429 0.184180 0.196241 0.202958 0.164192
0.173454 0.217258 0.207445 0.186649 0.215194
0.198540 0.222873 0.224652 0.174282 0.179653
0.206420 0.215790 0.181134 0.179487 0.217169
0.226557 0.189316 0.180983 0.178520 0.224624
0.263571 0.205338 0.205913 0.173230 0.151948
0.171638 0.198173 0.181376 0.202193 0.246620
0.214027 0.223845 0.212746 0.175361 0.174021
0.213083 0.230558 0.174328 0.195195 0.186836
0.235884 0.182427 0.188396 0.195520 0.197774
0.186302 0.203032 0.254108 0.168713 0.187845
0.221841 0.207058 0.183381 0.205959 0.181760
0.233979 0.172215 0.153602 0.238648 0.201556
0.175315 0.152531 0.203620 0.269204 0.199331
0.194576 0.223785 0.208150 0.165507 0.207981
0.207109 0.197970 0.199974 0.194981 0.199966
0.225586 0.236866 0.197847 0.169214 0.170487
0.237486 0.167846 0.185108 0.213767 0.195793
0.172953 0.261310 0.214805 0.176608 0.174324
0.184606 0.216359 0.206911 0.201748 0.190376
0.215320 0.217778 0.189182 0.185399 0.192321
0.185000 0.216163 0.193508 0.204570 0.200760
0.206510 0.203332 0.275249 0.146535 0.168374
0.193072 0.218401 0.188047 0.195942 0.204538
0.185212 0.217716 0.195940 0.202527 0.198605
0.213933 0.182745 0.246075 0.180565 0.176681
0.285390 0.196690 0.159590 0.175784 0.182546
0.248387 0.203524 0.213080 0.161222 0.173787
0.140611 0.158577 0.236183 0.230448 0.234180
0.275618 0.189514 0.208277 0.157072 0.169518
0.187918 0.197404 0.182737 0.235112 0.196828
0.206275 0.182291 0.180068 0.186808 0.244558
0.286195 0.169052 0.174918 0.180271 0.189563
0.185099 0.233634 0.209990 0.188459 0.182818
0.206995 0.223553 0.178682 0.203396 0.187375
0.254684 0.205189 0.168723 0.200007 0.171398
0.260572 0.223935 0.197211 0.161652 0.156630
0.252097 0.180638 0.188818 0.190155 0.188293
0.262781 0.222219 0.167397 0.160638 0.186965
0.185412 0.201499 0.205400 0.172821 0.234868
0.291525 0.181312 0.217133 0.135842 0.174188
0.224663 0.167570 0.186962 0.210516 0.210288
0.257020 0.201732 0.205652 0.160232 0.175364
0.191037 0.214670 0.232006 0.198434 0.163854
0.277983 0.185867 0.183743 0.175381 0.177026
0.314653 0.139220 0.184698 0.194053 0.167376
0.252517 0.189863 0.167862 0.193808 0.195950
0.199384 0.227732 0.211314 0.159660 0.201910
0.170400 0.172224 0.175120 0.252380 0.229875
0.280449 0.229240 0.195784 0.130262 0.164266
0.237158 0.179075 0.184438 0.198227 0.201101
0.198798 0.204377 0.206660 0.198411 0.191755
0.240339 0.184245 0.170386 0.199695 0.205335
0.207783 0.216119 0.180263 0.222917 0.172917
0.206622 0.213178 0.215645 0.191604 0.172951
0.234674 0.161353 0.188611 0.220266 0.195096
0.295856 0.183883 0.205835 0.163654 0.150772
0.245613 0.203503 0.213208 0.162637 0.175039
0.304266 0.185649 0.168515 0.198015 0.143555
0.254263 0.216491 0.177008 0.166920 0.185318
0.234300 0.188744 0.192088 0.194152 0.190716
0.197434 0.202262 0.209106 0.203921 0.187276
0.238688 0.188916 0.187246 0.172340 0.212809
0.248233 0.199504 0.193589 0.174759 0.183915
0.212072 0.241203 0.164777 0.198231 0.183716
0.198175 0.221982 0.182832 0.212458 0.184553
0.225784 0.165615 0.199347 0.196510 0.212745
0.247821 0.209031 0.169106 0.194245 0.179797
0.181938 0.211935 0.225843 0.180068 0.200215
0.179732 0.247570 0.193391 0.180628 0.198681
0.185684 0.211073 0.208210 0.199037 0.195996
0.238235 0.197297 0.195532 0.198760 0.170175
0.174681 0.237895 0.221007 0.173895 0.192521
0.213627 0.212782 0.206481 0.187240 0.179870
0.234566 0.166748 0.185316 0.209591 0.203778
0.287192 0.177738 0.189059 0.166501 0.179509
0.206413 0.199317 0.223259 0.194018 0.176993
0.218586 0.158311 0.171214 0.254864 0.197025
0.278075 0.179054 0.155947 0.205364 0.181560
0.189333 0.183066 0.220476 0.188782 0.218343
0.185900 0.264392 0.168897 0.202462 0.178349
0.183947 0.200775 0.204164 0.197875 0.213238
0.276471 0.214707 0.163219 0.174398 0.171206
0.158787 0.259910 0.180169 0.209963 0.191171
0.212483 0.161225 0.187297 0.226520 0.212476
0.216586 0.220957 0.222604 0.153002 0.186851
0.284927 0.187802 0.201180 0.167704 0.158387
0.173503 0.257621 0.221038 0.176031 0.171806
0.217607 0.198549 0.213837 0.172428 0.197578
0.185057 0.207431 0.173346 0.243746 0.190420
0.219663 0.216081 0.213447 0.178793 0.172015
0.220629 0.186968 0.189850 0.211969 0.190584
0.194123 0.243864 0.194233 0.177130 0.190649
0.241506 0.183697 0.212306 0.181441 0.181050
0.225853 0.189012 0.185151 0.195150 0.204834
0.239051 0.204231 0.194557 0.183731 0.178431
0.229834 0.189159 0.221541 0.186579 0.172887
0.223647 0.179418 0.181157 0.211805 0.203973
0.219019 0.227798 0.173599 0.190095 0.189490
0.168412 0.253410 0.185694 0.210687 0.181797
0.240304 0.162981 0.158865 0.221248 0.216603
0.191003 0.233405 0.179544 0.194829 0.201219
0.265031 0.185339 0.190265 0.196660 0.162705
0.237181 0.201920 0.196822 0.173184 0.190892
0.243055 0.184944 0.203109 0.186363 0.182529
0.178797 0.224779 0.256205 0.175453 0.164766
0.240532 0.204070 0.167840 0.192077 0.195480
0.192642 0.201339 0.186474 0.218105 0.201439
0.162053 0.204321 0.234568 0.199026 0.200032
0.227327 0.193933 0.186048 0.218884 0.173809
0.201988 0.223862 0.191521 0.176361 0.206268
0.179088 0.213250 0.214938 0.197251 0.195473
0.201554 0.204518 0.205678 0.196805 0.191445
0.217856 0.164408 0.176048 0.189285 0.252404
0.240686 0.178706 0.208247 0.180064 0.192297
0.201506 0.188972 0.157417 0.230729 0.221376
0.230328 0.186788 0.175377 0.168560 0.238947
0.176499 0.235479 0.210461 0.174715 0.202845
0.270580 0.162296 0.173775 0.184367 0.208982
0.202435 0.198764 0.192591 0.188597 0.217613
0.241811 0.204729 0.169329 0.189196 0.194935
0.208390 0.213385 0.179150 0.189848 0.209228
0.189787 0.237372 0.193490 0.180016 0.199335
0.208614 0.220851 0.238571 0.161329 0.170636
0.235839 0.194723 0.181179 0.191587 0.196671
0.225495 0.191258 0.192768 0.214852 0.175627
0.176839 0.224089 0.224954 0.177285 0.196832
0.224557 0.202704 0.199709 0.202703 0.170327
0.224091 0.157624 0.204767 0.235390 0.178128
0.172238 0.203365 0.242704 0.193230 0.188464
0.199529 0.211909 0.197417 0.193140 0.198005
0.227192 0.208604 0.162205 0.191745 0.210255
0.223487 0.198620 0.206186 0.179062 0.192645
0.188548 0.183283 0.175057 0.260195 0.192916
0.186061 0.171363 0.180442 0.233158 0.228976
0.228361 0.183756 0.181798 0.213770 0.192315
0.327935 0.156192 0.156200 0.181952 0.177720
0.212227 0.190730 0.195214 0.201406 0.200424
0.169049 0.215409 0.264804 0.157235 0.193503
0.208478 0.198265 0.181784 0.202629 0.208844
0.261701 0.205931 0.179074 0.180893 0.172401
0.199327 0.196331 0.253810 0.176316 0.174216
0.220264 0.223065 0.180415 0.191036 0.185220
0.209649 0.203597 0.199660 0.201547 0.185547
0.194973 0.216171 0.255345 0.167073 0.166437
0.192629 0.222559 0.185650 0.201332 0.197830
0.254706 0.213099 0.184756 0.173720 0.173720
0.191181 0.188164 0.222329 0.190830 0.207496
0.178251 0.257417 0.178925 0.192704 0.192704
0.264593 0.215169 0.192297 0.163967 0.163975
0.152744 0.196628 0.219047 0.219161 0.212420
0.253170 0.208096 0.175460 0.179614 0.183660
0.179907 0.246945 0.196605 0.189280 0.187263
0.275163 0.186800 0.198803 0.167765 0.171468
0.193623 0.224368 0.183650 0.194860 0.203499
0.270930 0.182284 0.156766 0.209091 0.180929
0.223471 0.151771 0.228331 0.191336 0.205091
0.194736 0.219851 0.153688 0.213863 0.217863
0.238148 0.210542 0.200876 0.173121 0.177313
0.231045 0.193721 0.223776 0.168841 0.182617
0.233349 0.201173 0.182604 0.193614 0.189261
0.211464 0.222544 0.203642 0.172972 0.189378
0.245029 0.169788 0.200336 0.181525 0.203321
0.202197 0.227258 0.204991 0.190093 0.175461
0.210041 0.218475 0.195329 0.163714 0.212441
0.167484 0.253892 0.217898 0.187603 0.173122
0.164143 0.287319 0.200326 0.181379 0.166833
0.211837 0.196357 0.196631 0.185529 0.209645
0.191590 0.226033 0.201936 0.191019 0.189422
0.201864 0.206896 0.186887 0.167765 0.236588
0.179169 0.244270 0.158596 0.225891 0.192073
0.206398 0.195943 0.191735 0.212497 0.193427
0.246089 0.196489 0.190639 0.182711 0.184072
0.191413 0.211045 0.199149 0.180394 0.217999
0.208403 0.190009 0.179290 0.220379 0.201918
0.187364 0.225448 0.216240 0.181066 0.189882
0.198723 0.182375 0.199370 0.229751 0.189782
0.237717 0.171352 0.195663 0.201083 0.194185
0.185153 0.238987 0.180201 0.164613 0.231046
0.228727 0.207250 0.173292 0.187399 0.203332
0.234475 0.202059 0.177938 0.190859 0.194668
0.187467 0.194850 0.193850 0.222121 0.201712
0.209245 0.195498 0.212779 0.196332 0.186146
0.213947 0.230019 0.206135 0.170960 0.178939
0.206922 0.264422 0.189103 0.155984 0.183568
0.253238 0.190147 0.184723 0.182419 0.189473
0.171615 0.200453 0.251970 0.206728 0.169235
0.237613 0.204617 0.211483 0.161381 0.184906
0.193157 0.166719 0.239472 0.201948 0.198705
0.243014 0.165495 0.169243 0.238230 0.184018
0.204629 0.188612 0.194919 0.209806 0.202034
0.206808 0.201126 0.197753 0.209318 0.184995
0.184247 0.168248 0.206578 0.233051 0.207875
0.231708 0.237041 0.174350 0.164917 0.191984
0.203610 0.203618 0.203209 0.201749 0.187814
0.184306 0.195803 0.195772 0.240188 0.183930
0.198744 0.289306 0.166868 0.166701 0.178381
0.194736 0.193560 0.201897 0.207891 0.201915
0.219266 0.196960 0.203192 0.198783 0.181799
0.200041 0.234907 0.180331 0.166634 0.218087
0.213658 0.183749 0.224744 0.193170 0.184678
0.189941 0.187454 0.262445 0.169329 0.190830
0.206374 0.209147 0.166459 0.191558 0.226462
0.212196 0.167802 0.192453 0.243142 0.184407
0.202562 0.193151 0.220436 0.214866 0.168986
0.201640 0.208729 0.218839 0.176319 0.194473
0.191377 0.175224 0.221863 0.205596 0.205940
0.288881 0.176061 0.178252 0.180292 0.176514
0.209338 0.208257 0.174711 0.191318 0.216376
0.219761 0.206809 0.172842 0.207229 0.193361
0.215849 0.186975 0.209052 0.212142 0.175982
0.225522 0.208104 0.207109 0.173496 0.185770
0.178893 0.251024 0.193383 0.188176 0.188524
0.262527 0.207255 0.217974 0.160511 0.151733
0.239060 0.193073 0.174152 0.182761 0.210954
0.180700 0.193444 0.181950 0.251017 0.192889
0.234755 0.193191 0.181727 0.203757 0.186570
0.199309 0.192588 0.190877 0.195645 0.221582
0.207634 0.209691 0.198173 0.186133 0.198370
0.177724 0.254493 0.191169 0.190801 0.185814
0.224655 0.174258 0.193485 0.221705 0.185898
0.175359 0.214802 0.172914 0.264570 0.172356
0.302106 0.175285 0.181022 0.188258 0.153328
0.196905 0.184713 0.223059 0.196409 0.198914
0.208806 0.204383 0.165585 0.171264 0.249963
0.277848 0.216496 0.174347 0.179016 0.152293
0.297535 0.173801 0.183608 0.166229 0.178828
0.195853 0.168471 0.174284 0.189788 0.271604
0.232415 0.172906 0.204943 0.206117 0.183619
0.239600 0.195667 0.189221 0.163487 0.212026
0.137155 0.231212 0.224205 0.179461 0.227967
0.238557 0.197640 0.208770 0.173643 0.181390
0.301634 0.166289 0.176813 0.159987 0.195277
0.235554 0.169254 0.176388 0.211060 0.207744
0.252833 0.202673 0.189834 0.193044 0.161617
0.207657 0.216891 0.183876 0.198231 0.193345
0.276607 0.201124 0.182545 0.152279 0.187445
0.195420 0.233963 0.213861 0.179254 0.177503
0.301950 0.205537 0.162432 0.162108 0.167974
0.198660 0.209217 0.191097 0.221494 0.179532
0.212252 0.213939 0.182691 0.199942 0.191175
0.265738 0.200087 0.172640 0.189995 0.171540
0.189292 0.240950 0.189196 0.179238 0.201324
0.236826 0.163601 0.175105 0.236429 0.188038
0.181004 0.200276 0.199824 0.207034 0.211861
0.214551 0.188226 0.169699 0.194766 0.232758
0.194852 0.147393 0.174785 0.253988 0.228982
0.171803 0.209642 0.188453 0.186724 0.243378
0.194885 0.244449 0.232188 0.169142 0.159336
0.217549 0.178397 0.226841 0.181086 0.196127
0.241548 0.187429 0.184413 0.209222 0.177388
0.255664 0.168737 0.157613 0.176275 0.241711
0.183818 0.195606 0.202627 0.212673 0.205275
0.202967 0.209979 0.192263 0.181197 0.213593
0.190672 0.210737 0.219899 0.160142 0.218550
0.241438 0.184546 0.245322 0.162077 0.166617
0.289332 0.189608 0.196040 0.145209 0.179811
0.182915 0.226387 0.200649 0.217760 0.172288
0.202309 0.209158 0.210240 0.180679 0.197613
0.186582 0.198268 0.190205 0.218318 0.206627
0.204063 0.248532 0.190514 0.169720 0.187170
0.221760 0.210053 0.173607 0.221876 0.172705
0.195325 0.217220 0.187683 0.206300 0.193472
0.202249 0.225271 0.191788 0.204046 0.176647
0.224315 0.196287 0.207246 0.183248 0.188905
0.240139 0.176730 0.162252 0.191703 0.229176
0.214535 0.232166 0.184147 0.204035 0.165116
0.219484 0.186607 0.202528 0.195503 0.195878
0.274823 0.175467 0.170654 0.189144 0.189912
0.204054 0.179456 0.153287 0.230426 0.232776
0.270331 0.197661 0.176594 0.170987 0.184426
0.171236 0.200224 0.213704 0.202911 0.211925
0.198746 0.177109 0.214601 0.201852 0.207692
0.226246 0.192629 0.216149 0.170317 0.194659
0.204410 0.177436 0.225212 0.174391 0.218551
0.176684 0.197656 0.185164 0.249037 0.191459
0.208263 0.215464 0.222967 0.160663 0.192643
0.200757 0.172300 0.205239 0.249416 0.172288
0.242061 0.171630 0.195909 0.201260 0.189141
0.204220 0.244784 0.213583 0.148830 0.188583
0.169394 0.242480 0.198363 0.203721 0.186042
0.233766 0.222065 0.180898 0.199347 0.163923
0.179153 0.197472 0.209344 0.210332 0.203699
0.203597 0.198922 0.197281 0.208549 0.191650
0.218836 0.187176 0.163167 0.230032 0.200789
0.196006 0.206569 0.208186 0.190574 0.198665
0.209179 0.225339 0.213425 0.189592 0.162466
0.214489 0.180384 0.170017 0.238092 0.197018
0.276623 0.210715 0.176138 0.159985 0.176539
0.196277 0.183179 0.218919 0.206233 0.195391
0.200888 0.188308 0.205488 0.202654 0.202663
0.215773 0.179747 0.181215 0.215396 0.207869
0.224448 0.173625 0.236236 0.189558 0.176133
0.228899 0.197252 0.153519 0.231922 0.188409
0.193477 0.190654 0.193717 0.201916 0.220236
0.216217 0.193315 0.195010 0.235674 0.159784
0.205298 0.187875 0.195398 0.191961 0.219468
0.226711 0.183731 0.244495 0.169487 0.175575
0.217199 0.200309 0.202311 0.194635 0.185547
0.191091 0.238965 0.178922 0.207147 0.183875
0.197512 0.211463 0.197960 0.187702 0.205363
0.217519 0.205424 0.197983 0.206405 0.172669
0.188136 0.204680 0.208501 0.194491 0.204191
0.204042 0.187958 0.208142 0.202476 0.197382
0.199800 0.213797 0.207525 0.193588 0.185290
0.218164 0.215137 0.161614 0.180577 0.224508
0.199684 0.251578 0.199121 0.177743 0.171874
0.217757 0.184127 0.193782 0.215713 0.188621
0.188931 0.232941 0.201099 0.213832 0.163197
0.250370 0.179493 0.181421 0.191953 0.196763
0.203403 0.199462 0.215229 0.191002 0.190903
0.157338 0.258843 0.181788 0.215319 0.186713
0.236488 0.212224 0.184045 0.173481 0.193763
0.181768 0.215242 0.227673 0.195834 0.179482
0.203765 0.216683 0.216536 0.186219 0.176797
0.176041 0.247254 0.224082 0.175529 0.177095
0.194907 0.200891 0.226351 0.192217 0.185635
0.184603 0.211876 0.224749 0.218228 0.160544
0.220384 0.164285 0.178345 0.221662 0.215324
0.206915 0.195957 0.196886 0.207958 0.192283
0.214943 0.217916 0.204835 0.182204 0.180102
0.220875 0.205822 0.213748 0.171803 0.187752
0.195810 0.202286 0.221410 0.184689 0.195804
0.161946 0.247168 0.218561 0.200439 0.171885
0.230429 0.241979 0.158928 0.176060 0.192604
0.206721 0.205248 0.179318 0.212044 0.196670
0.231192 0.219352 0.205838 0.163094 0.180523
0.229749 0.179613 0.180118 0.204621 0.205900
0.268354 0.193137 0.207248 0.172034 0.159227
0.183128 0.178784 0.181628 0.268241 0.188219
0.218414 0.210254 0.192319 0.181540 0.197473
0.203050 0.218613 0.204631 0.202119 0.171587
0.233774 0.174621 0.248675 0.163228 0.179702
0.182043 0.259080 0.145270 0.226139 0.187468
0.227347 0.213014 0.226478 0.172562 0.160598
0.195341 0.183029 0.204237 0.203162 0.214230
0.171051 0.210134 0.200184 0.213136 0.205494
0.259853 0.193458 0.172254 0.168654 0.205780
0.222656 0.184136 0.202880 0.159545 0.230783
0.272032 0.192437 0.174475 0.179285 0.181771
0.197472 0.215771 0.213393 0.190218 0.183147
0.206771 0.146511 0.200983 0.197078 0.248658
0.209900 0.195241 0.174463 0.225570 0.194826
0.200461 0.198164 0.203761 0.198402 0.199212
0.300202 0.177983 0.175601 0.172789 0.173425
0.204270 0.253801 0.190554 0.180556 0.170818
0.200388 0.172962 0.174632 0.201147 0.250872
0.202433 0.174408 0.198517 0.187370 0.237272
0.196677 0.209685 0.189175 0.221283 0.183180
0.184021 0.218743 0.204968 0.201013 0.191255
0.185776 0.151909 0.169840 0.174676 0.317800
0.216774 0.220800 0.185138 0.196363 0.180926
0.203430 0.172255 0.221709 0.195093 0.207513
0.150652 0.181290 0.186220 0.227615 0.254223
0.259488 0.199274 0.180990 0.197602 0.162646
0.202293 0.206819 0.214179 0.194815 0.181895
0.229842 0.165333 0.171646 0.170553 0.262626
0.265639 0.179917 0.228309 0.169571 0.156565
0.220655 0.186352 0.197195 0.164649 0.231148
0.198174 0.185168 0.187254 0.216829 0.212574
0.264018 0.187668 0.170426 0.195055 0.182833
0.203955 0.174397 0.165504 0.228541 0.227603
0.226505 0.196389 0.223140 0.180815 0.173150
0.198937 0.250394 0.171227 0.187588 0.191854
0.265425 0.191252 0.195104 0.168769 0.179450
0.200515 0.177303 0.186717 0.187397 0.248069
0.197575 0.202871 0.201306 0.221984 0.176265
0.180342 0.197161 0.197161 0.188420 0.236915
0.201791 0.180004 0.187688 0.207288 0.223229
0.196876 0.210980 0.217441 0.169742 0.204961
0.261541 0.162834 0.197300 0.172111 0.206214
0.191612 0.204855 0.211920 0.201453 0.190160
0.214785 0.208569 0.189073 0.218159 0.169414
0.208115 0.212356 0.202544 0.192215 0.184769
0.263256 0.194756 0.178404 0.179243 0.184340
0.250533 0.174674 0.174433 0.197231 0.203129
0.253104 0.164555 0.171471 0.159794 0.251076
0.178531 0.194761 0.242760 0.199776 0.184172
0.170967 0.225045 0.204664 0.209318 0.190006
0.173471 0.230913 0.181219 0.205401 0.208996
0.204086 0.189172 0.256748 0.176717 0.173277
0.271321 0.189791 0.179878 0.194914 0.164097
0.222945 0.192314 0.181671 0.202423 0.200647
0.255310 0.204702 0.164323 0.190198 0.185467
0.179618 0.176446 0.189590 0.233858 0.220489
0.194901 0.179736 0.197388 0.235065 0.192911
0.183290 0.204639 0.214475 0.181970 0.215625
0.243196 0.198320 0.203048 0.180488 0.174949
0.246518 0.230682 0.186272 0.154751 0.181777
0.191676 0.199696 0.196201 0.171352 0.241074
0.252005 0.197725 0.187859 0.174067 0.188343
0.205767 0.206971 0.195402 0.191787 0.200074
0.205733 0.204629 0.207522 0.186855 0.195261
0.279890 0.159374 0.192245 0.175764 0.192727
0.281321 0.158219 0.168867 0.175633 0.215959
0.170375 0.189466 0.260406 0.201526 0.178226
0.262486 0.218809 0.172665 0.166673 0.179367
0.200812 0.222036 0.199525 0.174532 0.203096
0.208316 0.167368 0.212850 0.209212 0.202253
0.236136 0.201934 0.179332 0.188686 0.193911
0.248100 0.201274 0.199678 0.178577 0.172371
0.186399 0.233928 0.206238 0.191708 0.181726
0.267448 0.217843 0.180635 0.169260 0.164815
0.201546 0.188108 0.194535 0.228408 0.187403
0.175769 0.197988 0.197042 0.189783 0.239419
0.203110 0.284088 0.167527 0.180406 0.164869
0.199150 0.206840 0.179851 0.212831 0.201329
0.270047 0.190693 0.175330 0.178570 0.185360
0.174217 0.191223 0.221953 0.215655 0.196953
0.212300 0.202439 0.198694 0.180830 0.205737
0.193500 0.234456 0.176963 0.199646 0.195435
0.271138 0.211016 0.171837 0.175700 0.170310
0.203075 0.156553 0.230955 0.194309 0.215108
0.212295 0.182068 0.190035 0.207862 0.207739
0.214353 0.240663 0.217415 0.173664 0.153905
0.208425 0.192098 0.205091 0.172506 0.221879
0.216558 0.204818 0.218792 0.183394 0.176438
0.247486 0.203318 0.206962 0.173846 0.168388
0.195514 0.216319 0.184230 0.192594 0.211344
0.242670 0.191041 0.186873 0.189831 0.189585
0.186348 0.197681 0.194515 0.223598 0.197857
0.214777 0.184106 0.185094 0.200023 0.216000
0.211758 0.196521 0.146136 0.239131 0.206454
0.257833 0.227510 0.182380 0.163861 0.168416
0.202367 0.201733 0.145992 0.216609 0.233299
0.268291 0.207818 0.167168 0.185146 0.171578
0.193497 0.184797 0.218360 0.217391 0.185955
0.178370 0.211693 0.177808 0.210940 0.221189
0.178667 0.263117 0.219008 0.176654 0.162555
0.212527 0.257397 0.207196 0.161729 0.161151
0.192529 0.201324 0.243649 0.168973 0.193525
0.189744 0.241297 0.208220 0.172117 0.188622
0.231998 0.199989 0.187652 0.202964 0.177397
0.207268 0.210365 0.202489 0.178663 0.201215
0.205239 0.203843 0.190965 0.201575 0.198377
0.181128 0.202594 0.220173 0.200378 0.195727
0.222034 0.205151 0.170123 0.200538 0.202155
0.244755 0.214983 0.178824 0.185395 0.176044
0.230257 0.197784 0.179610 0.221805 0.170543
0.208035 0.179624 0.229737 0.194967 0.187637
0.184438 0.172596 0.187351 0.268854 0.186762
0.234125 0.195147 0.188342 0.199324 0.183062
0.260478 0.238520 0.188400 0.150881 0.161721
0.211926 0.202942 0.194197 0.199432 0.191503
0.211426 0.196215 0.224840 0.183672 0.183847
0.234066 0.221566 0.163553 0.182392 0.198422
0.166172 0.248050 0.216062 0.189942 0.179773
0.226505 0.216431 0.202788 0.177456 0.176820
0.198972 0.189216 0.196624 0.200966 0.214223
0.214720 0.208707 0.207590 0.179066 0.189916
0.243795 0.195498 0.178412 0.196130 0.186165
0.206279 0.228555 0.221214 0.170304 0.173648
0.162150 0.231219 0.199448 0.195254 0.211929
0.273029 0.190389 0.185495 0.176945 0.174142
0.231206 0.196325 0.184570 0.193949 0.193949
0.211226 0.191045 0.169923 0.213934 0.213872
0.235187 0.200900 0.197145 0.202306 0.164463
0.196572 0.222558 0.193089 0.179033 0.208748
0.207175 0.213317 0.221824 0.180566 0.177118
0.242238 0.199536 0.183296 0.192229 0.182700
0.354130 0.155193 0.168915 0.162903 0.158859
0.270614 0.170451 0.174813 0.191068 0.193054
0.230391 0.178472 0.191628 0.202795 0.196715
0.242570 0.232762 0.172278 0.201245 0.151145
0.280906 0.210906 0.189245 0.150884 0.168060
0.236317 0.192655 0.195129 0.191606 0.184293
0.276102 0.184267 0.228114 0.144292 0.167226
0.194616 0.234185 0.178982 0.178750 0.213467
0.219919 0.189020 0.201645 0.200954 0.188461
0.226476 0.184032 0.199604 0.173321 0.216566
0.199940 0.217609 0.231031 0.177577 0.173844
0.249295 0.183264 0.164563 0.206253 0.196625
0.239878 0.191816 0.195880 0.185300 0.187126
0.216439 0.194610 0.184246 0.184624 0.220080
0.225741 0.182857 0.178072 0.232212 0.181119
0.223753 0.215055 0.187674 0.172034 0.201483
0.227981 0.252670 0.166014 0.168467 0.184869
0.234314 0.192627 0.193263 0.193189 0.186606
0.302458 0.167535 0.167273 0.145392 0.217342
0.230263 0.190052 0.230638 0.172802 0.176246
0.237445 0.193497 0.159475 0.223638 0.185946
0.200968 0.217766 0.186081 0.201637 0.193548
0.248012 0.195867 0.197498 0.170176 0.188447
0.203540 0.203558 0.195992 0.202508 0.194402
0.205767 0.179171 0.275772 0.163518 0.175772
0.200028 0.242409 0.178081 0.185118 0.194365
0.250835 0.184795 0.195389 0.201743 0.167238
0.214666 0.198544 0.187409 0.172662 0.226719
0.232807 0.191755 0.209527 0.183259 0.182651
0.231625 0.211092 0.184103 0.198917 0.174263
0.259062 0.195606 0.174048 0.162664 0.208620
0.194175 0.220682 0.211800 0.155203 0.218140
0.207418 0.169249 0.200144 0.224479 0.198710
0.212199 0.196402 0.194154 0.172290 0.224955
0.189508 0.261122 0.177179 0.176111 0.196080
0.170167 0.196119 0.245274 0.192411 0.196029
0.181229 0.244124 0.231281 0.157603 0.185763
0.221228 0.187632 0.210294 0.191626 0.189220
0.190446 0.178844 0.222344 0.211367 0.196999
0.208848 0.202523 0.168822 0.253953 0.165854
0.194918 0.221757 0.240603 0.163259 0.179463
0.222104 0.223886 0.186991 0.184154 0.182866
0.200654 0.180778 0.248207 0.189505 0.180855
0.196592 0.196997 0.199685 0.199714 0.207012
0.238564 0.184757 0.173096 0.196245 0.207337
0.194442 0.239001 0.191081 0.188351 0.187126
0.181570 0.230770 0.196910 0.194106 0.196644
0.178338 0.227022 0.189470 0.223923 0.181247
0.263560 0.200119 0.191171 0.173723 0.171427
0.216156 0.235134 0.202608 0.154497 0.191605
0.195800 0.182314 0.202587 0.216769 0.202529
0.215636 0.219033 0.184673 0.163113 0.217545
0.177112 0.245847 0.199371 0.214738 0.162932
0.219279 0.172576 0.277899 0.160892 0.169355
0.185242 0.241974 0.189041 0.180585 0.203157
0.215744 0.201241 0.193031 0.210228 0.179756
0.204545 0.164842 0.236708 0.198916 0.194989
0.221525 0.189411 0.184146 0.206606 0.198313
0.171441 0.222563 0.216040 0.230629 0.159328
0.224744 0.208959 0.182936 0.195961 0.187400
0.184989 0.229957 0.204851 0.182714 0.197489
0.234930 0.226154 0.170770 0.184839 0.183308
0.202164 0.204892 0.211460 0.192016 0.189468
0.219831 0.221103 0.190378 0.178139 0.190549
0.176125 0.274831 0.176075 0.202526 0.170443
0.207484 0.236459 0.212777 0.167271 0.176009
0.182894 0.208321 0.189595 0.203988 0.215202
0.193033 0.222229 0.229099 0.176416 0.179223
0.185826 0.179991 0.204482 0.241536 0.188165
0.140430 0.233005 0.210937 0.188535 0.227093
0.278212 0.181942 0.168062 0.197143 0.174641
0.188703 0.223360 0.236261 0.181049 0.170628
0.199594 0.172435 0.198094 0.210355 0.219522
0.330754 0.163320 0.166815 0.194574 0.144537
0.165622 0.175021 0.207553 0.231752 0.220053
0.205899 0.172511 0.153182 0.222160 0.246249
0.226316 0.247449 0.189124 0.167695 0.169417
0.280121 0.182740 0.191908 0.176792 0.168438
0.186164 0.221444 0.204227 0.191080 0.197085
0.304886 0.227991 0.161718 0.158140 0.147265
0.171048 0.211709 0.188227 0.230002 0.199015
0.181524 0.211084 0.169440 0.248112 0.189840
0.208633 0.216910 0.205472 0.188278 0.180707
0.243697 0.215428 0.197351 0.166855 0.176669
0.229410 0.190134 0.180312 0.175889 0.224256
0.204405 0.177139 0.258024 0.166361 0.194070
0.205511 0.175431 0.211803 0.229824 0.177432
0.198736 0.202045 0.195569 0.196427 0.207224
0.239326 0.192601 0.200348 0.185969 0.181757
0.216691 0.234007 0.183525 0.188492 0.177285
0.204372 0.198310 0.196596 0.202511 0.198212
0.182498 0.203672 0.216241 0.213716 0.183874
0.228632 0.165677 0.201579 0.215085 0.189027
0.294761 0.210845 0.149334 0.174636 0.170425
0.256239 0.205049 0.179332 0.187260 0.172120
0.226507 0.196605 0.188028 0.196685 0.192174
0.242318 0.188100 0.167956 0.191480 0.210147
0.318949 0.173114 0.166903 0.173896 0.167137
0.165183 0.187448 0.205022 0.235868 0.206479
0.187356 0.216316 0.171616 0.216791 0.207921
0.221120 0.207592 0.187317 0.170462 0.213508
0.277284 0.156472 0.210096 0.174887 0.181262
0.249817 0.201171 0.191220 0.172667 0.185125
0.169322 0.207628 0.260977 0.174565 0.187508
0.245143 0.196316 0.197579 0.196798 0.164164
0.233677 0.195670 0.180605 0.205518 0.184530
0.194432 0.220754 0.210116 0.168450 0.206248
0.182803 0.200167 0.204695 0.211104 0.201231
0.225244 0.204292 0.211173 0.173117 0.186173
0.242618 0.192166 0.168481 0.198201 0.198534
0.255162 0.165974 0.193300 0.213939 0.171625
0.275449 0.194147 0.199306 0.158954 0.172143
0.194044 0.187899 0.186915 0.217662 0.213480
0.201265 0.203947 0.196763 0.204964 0.193060
0.237369 0.182622 0.203083 0.187655 0.189271
0.275901 0.172780 0.200230 0.170082 0.181006
0.247200 0.164664 0.206463 0.205296 0.176376
0.203427 0.243512 0.187295 0.202234 0.163532
0.270554 0.194090 0.170527 0.186098 0.178731
0.191823 0.207022 0.202791 0.199182 0.199182
0.258139 0.213888 0.197639 0.154179 0.176155
0.237321 0.167031 0.162766 0.195526 0.237357
0.185707 0.226774 0.202899 0.186821 0.197799
0.205413 0.250423 0.167834 0.203081 0.173248
0.260818 0.188422 0.160541 0.155534 0.234684
0.179863 0.205444 0.209278 0.199378 0.206037
0.213876 0.180863 0.235226 0.189790 0.180245
0.213796 0.175615 0.200713 0.203425 0.206451
0.240906 0.170188 0.186855 0.200960 0.201091
0.194533 0.228754 0.226798 0.170281 0.179634
0.184059 0.201697 0.240068 0.184755 0.189421
0.192583 0.228313 0.226452 0.168134 0.184518
0.227299 0.200172 0.194725 0.184872 0.192932
0.223276 0.179308 0.219841 0.178651 0.198925
0.260092 0.184205 0.182976 0.183479 0.189248
0.175709 0.250516 0.208475 0.196146 0.169154
0.308342 0.145965 0.161886 0.191877 0.191930
0.199534 0.194029 0.193057 0.209595 0.203785
0.231005 0.176670 0.183510 0.205104 0.203710
0.219012 0.169491 0.176527 0.200352 0.234618
0.209699 0.226140 0.216190 0.167354 0.180618
0.200898 0.200051 0.203558 0.207228 0.188266
0.242022 0.211342 0.186062 0.193101 0.167473
0.164942 0.242319 0.221694 0.214091 0.156953
0.206855 0.219565 0.181952 0.198424 0.193204
0.213435 0.187732 0.188461 0.202630 0.207742
0.184651 0.198090 0.187262 0.207913 0.222085
0.187271 0.259902 0.203406 0.154436 0.194985
0.159373 0.230294 0.224080 0.209233 0.177020
0.235083 0.172492 0.209839 0.179794 0.202793
0.179441 0.195153 0.178385 0.219724 0.227296
0.226857 0.180195 0.230255 0.191063 0.171630
0.236471 0.192725 0.179744 0.200899 0.190161
0.194099 0.205088 0.174381 0.211185 0.215247
0.231536 0.176076 0.202212 0.175437 0.214738
0.202260 0.231176 0.199535 0.172519 0.194511
0.213163 0.219873 0.216351 0.158349 0.192265
0.233399 0.176984 0.186104 0.178376 0.225137
0.231009 0.202304 0.193517 0.187841 0.185329
0.198377 0.222777 0.205306 0.175502 0.198038
0.199238 0.186224 0.192428 0.208812 0.213298
0.169459 0.187455 0.204002 0.246675 0.192409
0.203263 0.211339 0.179879 0.207569 0.197950
0.171938 0.202531 0.174117 0.216299 0.235116
0.194405 0.178105 0.177982 0.237031 0.212478
0.215710 0.211451 0.206218 0.168242 0.198380
0.167243 0.214512 0.222444 0.184004 0.211798
0.193612 0.169811 0.266116 0.197139 0.173322
0.203268 0.236069 0.218789 0.163556 0.178318
0.205827 0.181557 0.213743 0.198929 0.199944
0.224549 0.187113 0.191325 0.195583 0.201431
0.206438 0.212023 0.187028 0.173122 0.221389
0.174049 0.194821 0.187879 0.198462 0.244789
0.190041 0.230735 0.184810 0.193428 0.200986
0.257472 0.198859 0.199602 0.167384 0.176683
0.252093 0.153448 0.182435 0.212072 0.199953
0.227375 0.192236 0.167464 0.218913 0.194012
0.199994 0.212533 0.230571 0.168153 0.188748
0.205202 0.209185 0.211959 0.189129 0.184525
0.172710 0.184441 0.211302 0.224408 0.207139
0.195444 0.230262 0.239668 0.153844 0.180781
0.161624 0.164494 0.185167 0.220857 0.267858
0.179069 0.217250 0.201378 0.198052 0.204251
0.202611 0.228571 0.188111 0.190677 0.190030
0.248774 0.197243 0.218669 0.159133 0.176181
0.152331 0.187726 0.219506 0.245256 0.195181
0.199373 0.202943 0.188713 0.213095 0.195876
0.241701 0.181453 0.181962 0.196865 0.198019
0.153194 0.210410 0.190236 0.226971 0.219190
0.243084 0.199859 0.218369 0.153035 0.185653
0.175708 0.196577 0.197612 0.229541 0.200561
0.204623 0.245344 0.190278 0.185053 0.174702
0.212404 0.189895 0.207451 0.197935 0.192315
0.264571 0.172387 0.213505 0.179322 0.170215
0.235107 0.231686 0.167474 0.177922 0.187811
0.177603 0.185509 0.231290 0.179961 0.225638
0.213877 0.201848 0.196787 0.203449 0.184039
0.182418 0.223872 0.197062 0.201064 0.195585
0.282800 0.186952 0.184470 0.161308 0.184470
0.191260 0.205510 0.215415 0.197338 0.190477
0.195445 0.190040 0.220521 0.207305 0.186688
0.188224 0.222432 0.172058 0.214928 0.202358
0.270865 0.219217 0.171171 0.172800 0.165947
0.203146 0.199304 0.195903 0.196714 0.204933
0.191465 0.190110 0.191942 0.199934 0.226550
0.253768 0.200985 0.189504 0.180473 0.175270
0.206758 0.190492 0.182060 0.222004 0.198685
0.198228 0.219316 0.208356 0.190276 0.183824
0.195708 0.222040 0.211327 0.199716 0.171208
0.173437 0.247756 0.192043 0.193382 0.193382
0.193179 0.261894 0.207422 0.163518 0.173986
0.189746 0.162037 0.201926 0.209650 0.236641
0.172125 0.236792 0.219211 0.203368 0.168504
0.226668 0.219352 0.166789 0.179165 0.208026
0.170514 0.172327 0.247228 0.181637 0.228293
0.202733 0.189478 0.198614 0.209269 0.199905
0.202069 0.219491 0.215953 0.180408 0.182078
0.158869 0.235259 0.201777 0.201114 0.202982
0.193952 0.178923 0.189207 0.234206 0.203712
0.216711 0.227033 0.192103 0.180565 0.183587
0.191513 0.244183 0.204430 0.188125 0.171749
0.183529 0.184084 0.232404 0.175172 0.224810
0.265268 0.200610 0.191793 0.160388 0.181940
0.217274 0.207561 0.190944 0.194896 0.189325
0.227013 0.177094 0.190040 0.214380 0.191472
0.274017 0.205811 0.202614 0.156696 0.160863
0.223381 0.217197 0.209260 0.181523 0.168639
0.203178 0.169803 0.201688 0.216925 0.208406
0.234489 0.230714 0.177676 0.176193 0.180927
0.247771 0.186827 0.159353 0.189012 0.217037
0.216060 0.170084 0.188958 0.212187 0.212711
0.225869 0.230148 0.214977 0.158209 0.170797
0.197946 0.205997 0.225826 0.198329 0.171901
0.226185 0.169539 0.190815 0.184859 0.228601
0.175262 0.229698 0.227438 0.176227 0.191375
0.196856 0.266642 0.184059 0.182219 0.170224
0.175660 0.193497 0.201104 0.230096 0.199642
0.236955 0.198829 0.190294 0.170881 0.203041
0.207036 0.207080 0.204383 0.204256 0.177245
0.222782 0.173102 0.241714 0.171134 0.191268
0.165247 0.217154 0.187953 0.169670 0.259976
0.209939 0.210502 0.164838 0.187411 0.227311
0.209783 0.175448 0.168007 0.238047 0.208716
0.226366 0.197638 0.172805 0.165403 0.237788
0.244322 0.198112 0.171166 0.172950 0.213450
0.225428 0.183859 0.193353 0.202898 0.194463
0.191072 0.232499 0.193955 0.180835 0.201639
0.219927 0.200857 0.201825 0.187703 0.189688
0.209012 0.187921 0.189697 0.215514 0.197855
0.203491 0.209364 0.209462 0.188770 0.188913
0.208847 0.213610 0.200604 0.178552 0.198386
0.259391 0.185299 0.195955 0.184163 0.175192
0.201702 0.201288 0.186549 0.200641 0.209820
0.223321 0.228576 0.187626 0.184381 0.176095
0.155850 0.228219 0.196531 0.215787 0.203613
0.193817 0.196297 0.188776 0.205942 0.215168
0.201290 0.244538 0.184777 0.185856 0.183539
0.237023 0.187005 0.211813 0.177975 0.186184
0.202457 0.181464 0.186522 0.185033 0.244523
0.195204 0.198894 0.192717 0.188271 0.224915
0.206057 0.193849 0.172707 0.247486 0.179901
0.217229 0.159546 0.176717 0.200007 0.246499
0.216663 0.216565 0.206611 0.209459 0.150702
0.233191 0.192583 0.196995 0.183865 0.193367
0.166412 0.219900 0.198982 0.191412 0.223293
0.156688 0.219657 0.263552 0.172594 0.187509
0.197681 0.194460 0.205875 0.210181 0.191803
0.198166 0.202498 0.218004 0.176199 0.205133
0.219421 0.226073 0.181643 0.181338 0.191526
0.185440 0.185977 0.212867 0.209936 0.205780
0.232999 0.180690 0.209913 0.177799 0.198599
0.206318 0.199635 0.197727 0.210890 0.185430
0.206165 0.204821 0.202901 0.204765 0.181348
0.211238 0.183299 0.238810 0.177451 0.189203
0.197533 0.224090 0.168336 0.195946 0.214094
0.187991 0.204658 0.238451 0.187355 0.181544
0.220833 0.209565 0.178462 0.192875 0.198266
0.223701 0.215129 0.176369 0.198155 0.186646
0.177908 0.175751 0.220856 0.232362 0.193123
0.204834 0.210651 0.171433 0.167818 0.245264
0.203094 0.233933 0.202959 0.187898 0.172115
0.186716 0.186080 0.216533 0.209484 0.201188
0.215175 0.211676 0.196937 0.168219 0.207993
0.179551 0.192051 0.231521 0.177748 0.219129
0.197578 0.176714 0.229152 0.205771 0.190785
0.209644 0.199656 0.238491 0.173479 0.178729
0.225036 0.243574 0.167065 0.183723 0.180601
0.235825 0.165999 0.201026 0.196936 0.200214
0.251801 0.212359 0.188824 0.165175 0.181841
0.240398 0.210527 0.163421 0.195678 0.189977
0.235578 0.195684 0.192067 0.207897 0.168774
0.204221 0.191943 0.217686 0.189691 0.196459
0.197661 0.182380 0.187950 0.205356 0.226652
0.260521 0.149014 0.239523 0.191804 0.159138
0.222860 0.193655 0.240199 0.170642 0.172643
0.236254 0.215006 0.164464 0.170046 0.214230
0.198071 0.186442 0.219361 0.212600 0.183527
0.203147 0.208429 0.191354 0.190501 0.206570
0.203435 0.188762 0.183595 0.210066 0.214142
0.278930 0.190836 0.185020 0.172415 0.172799
0.211141 0.189694 0.186392 0.196426 0.216347
0.242497 0.192029 0.225610 0.169932 0.169932
0.294154 0.188371 0.185239 0.166296 0.165941
0.199239 0.182620 0.208065 0.205038 0.205038
0.204131 0.222650 0.201234 0.185999 0.185985
0.271203 0.199766 0.198836 0.165098 0.165098
0.287419 0.177851 0.175435 0.185897 0.173398
0.169108 0.270463 0.196850 0.186610 0.176970
0.256697 0.194152 0.172830 0.197011 0.179310
0.195630 0.239865 0.189875 0.184024 0.190606
0.185372 0.182964 0.235934 0.172865 0.222865
0.284891 0.234101 0.163388 0.158810 0.158810
0.185118 0.169661 0.226599 0.209311 0.209311
0.182976 0.199746 0.199180 0.209049 0.209049
0.205148 0.214469 0.202836 0.188856 0.188691
0.249959 0.188670 0.184595 0.197876 0.178900
0.225921 0.193849 0.225988 0.164621 0.189621
0.223588 0.186700 0.238387 0.177738 0.173588
0.189344 0.210926 0.208136 0.198521 0.193073
0.179503 0.180953 0.243550 0.171701 0.224293
0.193705 0.234708 0.231630 0.164449 0.175508
0.213902 0.179417 0.190360 0.198558 0.217762
0.186999 0.194945 0.194936 0.186023 0.237098
0.189038 0.189367 0.197060 0.182494 0.242042
0.249915 0.189831 0.183992 0.177885 0.198377
0.187266 0.234344 0.238261 0.159657 0.180473
0.225303 0.173673 0.162794 0.191293 0.246936
0.198935 0.251850 0.197751 0.171585 0.179879
0.169733 0.222369 0.228775 0.187833 0.191290
0.192683 0.226576 0.187502 0.191205 0.202035
0.247895 0.206516 0.197993 0.173791 0.173805
0.145418 0.173522 0.221784 0.227818 0.231458
0.208569 0.216294 0.212531 0.178047 0.184559
0.228118 0.184274 0.191907 0.215691 0.180009
0.167312 0.185241 0.197382 0.224549 0.225517
0.179568 0.191541 0.228308 0.206843 0.193740
0.207224 0.197734 0.193700 0.200255 0.201087
0.184849 0.169104 0.193447 0.188573 0.264026
0.185236 0.188147 0.176291 0.227384 0.222943
0.231695 0.195950 0.202783 0.167545 0.202027
0.189558 0.208010 0.201414 0.196654 0.204364
0.201076 0.204258 0.184804 0.183615 0.226246
0.203804 0.208418 0.210296 0.186244 0.191237
0.198882 0.211688 0.248843 0.173232 0.167355
0.195586 0.185394 0.189765 0.218920 0.210335
0.205072 0.191718 0.218164 0.186151 0.198895
0.181086 0.238530 0.175061 0.230375 0.174948
0.185646 0.194755 0.217733 0.191406 0.210460
0.234073 0.176911 0.189682 0.191334 0.208001
0.218492 0.171402 0.265790 0.170785 0.173532
0.185902 0.212926 0.201491 0.192690 0.206992
0.248311 0.156682 0.177409 0.210903 0.206696
0.181479 0.215128 0.196039 0.165988 0.241366
0.233077 0.184383 0.213790 0.184408 0.184342
0.212642 0.185590 0.210493 0.201665 0.189611
0.208984 0.194256 0.220351 0.199177 0.177231
0.235732 0.183417 0.184068 0.223441 0.173343
0.188836 0.183609 0.180745 0.238851 0.207959
0.231936 0.197623 0.198251 0.178076 0.194115
0.193501 0.214717 0.180486 0.221579 0.189717
0.210528 0.193320 0.183743 0.212099 0.200311
0.200827 0.224328 0.217115 0.165606 0.192124
0.194531 0.210026 0.175212 0.232510 0.187721
0.265470 0.196432 0.189439 0.163072 0.185587
0.228588 0.175228 0.207899 0.196391 0.191894
0.180718 0.192455 0.236988 0.201385 0.188455
0.189757 0.194019 0.243717 0.185471 0.187036
0.232377 0.180041 0.252149 0.159383 0.176050
0.209183 0.221169 0.214316 0.184064 0.171268
0.217086 0.172314 0.214507 0.198364 0.197728
0.207845 0.236071 0.190189 0.185654 0.180242
0.240671 0.189270 0.187009 0.189853 0.193197
0.230601 0.224808 0.195298 0.160063 0.189230
0.245100 0.176902 0.196678 0.192062 0.189259
0.236771 0.208092 0.210062 0.175441 0.169633
0.214952 0.185076 0.176744 0.221175 0.202053
0.235786 0.241094 0.174697 0.174023 0.174401
0.197286 0.237466 0.182466 0.189752 0.193030
0.186556 0.182046 0.235704 0.197896 0.197797
0.222491 0.212899 0.215857 0.190351 0.158402
0.187183 0.191838 0.205887 0.224213 0.190879
0.189646 0.218550 0.182198 0.206602 0.203004
0.275196 0.186954 0.184056 0.180861 0.172933
0.206657 0.261985 0.179194 0.187774 0.164390
0.180911 0.165005 0.231360 0.213292 0.209432
0.258196 0.183919 0.249878 0.157384 0.150625
0.175798 0.202799 0.185155 0.224121 0.212127
0.216387 0.150963 0.217859 0.175816 0.238975
0.191071 0.290481 0.182763 0.170308 0.165376
0.329944 0.166014 0.185409 0.152613 0.166020
0.211712 0.207538 0.183458 0.185311 0.211981
0.309168 0.191166 0.187971 0.157220 0.154476
0.200421 0.208115 0.198038 0.208035 0.185392
0.206959 0.180891 0.182125 0.207830 0.222196
0.261520 0.237024 0.170142 0.156278 0.175037
0.216400 0.235507 0.193059 0.180856 0.174177
0.218797 0.179091 0.249281 0.169459 0.183371
0.193743 0.210402 0.189246 0.240151 0.166457
0.227404 0.204200 0.209358 0.176122 0.182917
0.178550 0.203616 0.183200 0.215629 0.219005
0.268884 0.179439 0.172865 0.197452 0.181360
0.227397 0.241794 0.175128 0.185114 0.170567
0.220432 0.192778 0.195876 0.179714 0.211200
0.229327 0.158947 0.220403 0.200118 0.191204
0.176447 0.242288 0.206339 0.174456 0.200470
0.213615 0.221701 0.193463 0.174079 0.197143
0.208509 0.226206 0.195549 0.186552 0.183184
