0.195590 0.179929 0.187858 0.228533 0.208090
0.176263 0.182935 0.214034 0.174028 0.252740
0.183128 0.198505 0.210807 0.232924 0.174635
0.180882 0.217942 0.229592 0.175058 0.196527
0.213478 0.188932 0.176090 0.215754 0.205745
0.210633 0.203356 0.173804 0.206078 0.206129
0.224347 0.194449 0.169317 0.195180 0.216708
0.206577 0.221240 0.201185 0.188629 0.182369
0.196281 0.247344 0.225204 0.179614 0.151558
0.195746 0.201542 0.183513 0.189859 0.229340
0.184424 0.201804 0.202412 0.184046 0.227314
0.193639 0.193123 0.209586 0.190006 0.213646
0.196505 0.204483 0.207182 0.166294 0.225536
0.193092 0.198007 0.194932 0.208368 0.205601
0.216920 0.190684 0.180932 0.203099 0.208365
0.189982 0.203805 0.216689 0.196971 0.192552
0.213579 0.166097 0.166467 0.231494 0.222362
0.165342 0.240602 0.265616 0.172080 0.156360
0.204830 0.203938 0.202601 0.198139 0.190493
0.160757 0.214077 0.242200 0.172159 0.210806
0.170534 0.246286 0.278592 0.155115 0.149474
0.206081 0.208658 0.196174 0.182606 0.206482
0.168032 0.246770 0.225385 0.176827 0.182986
0.192907 0.199779 0.207560 0.186145 0.213609
0.181456 0.247446 0.231602 0.179143 0.160353
0.207728 0.170998 0.164155 0.207855 0.249264
0.183686 0.213143 0.215482 0.221196 0.166492
0.239052 0.194889 0.194889 0.197360 0.173811
0.179135 0.164615 0.158737 0.221818 0.275695
0.168822 0.197194 0.196566 0.222726 0.214692
0.217244 0.193813 0.190535 0.194128 0.204280
0.208800 0.215661 0.190661 0.192779 0.192100
0.203345 0.173760 0.215427 0.182054 0.225413
0.199922 0.203935 0.200352 0.204712 0.191079
0.207184 0.193093 0.185173 0.179175 0.235375
0.213687 0.195212 0.197447 0.191693 0.201961
0.181764 0.228679 0.228679 0.185931 0.174947
0.167989 0.231201 0.224540 0.148275 0.227995
0.187479 0.205640 0.205004 0.172994 0.228883
0.216757 0.195161 0.186443 0.194163 0.207477
0.188069 0.216204 0.199537 0.228795 0.167396
0.179970 0.208939 0.225605 0.193568 0.191918
0.205619 0.187604 0.187604 0.214127 0.205045
0.193875 0.219643 0.219651 0.172948 0.193883
0.188647 0.226786 0.226786 0.173847 0.183934
0.196929 0.213040 0.213040 0.197282 0.179710
0.195089 0.211005 0.211005 0.200313 0.182589
0.183481 0.216441 0.216441 0.200157 0.183481
0.202597 0.186707 0.180890 0.246781 0.183025
0.209285 0.179439 0.154439 0.230510 0.226328
0.206328 0.207995 0.207995 0.194059 0.183625
0.190379 0.219288 0.219288 0.185660 0.185386
0.202875 0.203464 0.203464 0.183511 0.206686
0.180683 0.235826 0.235826 0.166983 0.180683
0.204075 0.196967 0.196967 0.204429 0.197562
0.186522 0.206743 0.206743 0.200278 0.199714
0.202522 0.217505 0.200839 0.199759 0.179376
0.174448 0.209496 0.234496 0.178280 0.203280
0.190644 0.199381 0.196037 0.200811 0.213127
0.210158 0.198091 0.191247 0.203674 0.196831
0.193938 0.213629 0.215968 0.193938 0.182527
0.179873 0.204766 0.204379 0.186741 0.224241
0.205428 0.178745 0.163999 0.205769 0.246060
0.197821 0.194863 0.196330 0.218204 0.192782
0.214900 0.193772 0.186664 0.192576 0.212088
0.196739 0.222445 0.205778 0.199730 0.175308
0.164513 0.205473 0.264923 0.171145 0.193946
0.198092 0.216741 0.213009 0.183243 0.188915
0.196655 0.221319 0.198193 0.198350 0.185484
0.218011 0.219763 0.224198 0.170754 0.167274
0.194674 0.223035 0.214859 0.176200 0.191232
0.181342 0.186725 0.180086 0.188884 0.262964
0.171981 0.207346 0.216311 0.179059 0.225302
0.217377 0.180269 0.155114 0.217130 0.230110
0.210498 0.214299 0.191850 0.194727 0.188626
0.191951 0.200684 0.206309 0.194973 0.206082
0.178574 0.197359 0.230176 0.178909 0.214982
0.208118 0.202773 0.206608 0.194392 0.188109
0.188431 0.231400 0.225782 0.194915 0.159472
0.189814 0.214388 0.217638 0.195706 0.182454
0.195958 0.193621 0.169407 0.194679 0.246336
0.145207 0.228160 0.219216 0.214810 0.192607
0.188323 0.205513 0.201548 0.205456 0.199160
0.203969 0.228097 0.200010 0.200926 0.166999
0.189045 0.194054 0.218177 0.184679 0.214045
0.196458 0.193923 0.207575 0.183944 0.218100
0.210972 0.204728 0.169190 0.210982 0.204129
0.216234 0.187800 0.216082 0.191022 0.188863
0.218501 0.168064 0.163871 0.252141 0.197423
0.195158 0.212191 0.193439 0.222432 0.176780
0.221869 0.220359 0.165708 0.182279 0.209785
0.170322 0.221865 0.185662 0.213440 0.208710
0.183812 0.232073 0.238303 0.170554 0.175258
0.185196 0.228098 0.246862 0.153157 0.186687
0.168576 0.233910 0.249951 0.176649 0.170915
0.179413 0.235736 0.215439 0.189992 0.179421
0.212180 0.185817 0.220444 0.175256 0.206302
0.171251 0.233836 0.238019 0.186270 0.170623
0.202419 0.228431 0.228446 0.160539 0.180164
0.199207 0.193415 0.188697 0.194474 0.224207
0.185563 0.186364 0.218654 0.220716 0.188703
0.191125 0.228357 0.215873 0.145733 0.218912
0.210515 0.172569 0.172569 0.247173 0.197173
0.181575 0.204738 0.200019 0.188112 0.225556
0.232267 0.174193 0.161693 0.208920 0.222928
0.229735 0.175592 0.175592 0.207199 0.211883
0.200661 0.167982 0.167982 0.205323 0.258052
0.178512 0.232954 0.232954 0.173974 0.181607
0.178022 0.242894 0.242894 0.178502 0.157689
0.170634 0.216180 0.216180 0.208151 0.188856
0.145875 0.247495 0.247495 0.161066 0.198068
0.190438 0.220098 0.220098 0.190671 0.178695
0.164802 0.242141 0.241928 0.166017 0.185111
0.204922 0.211245 0.194791 0.179741 0.209301
0.198479 0.178874 0.197181 0.206897 0.218569
0.146867 0.218911 0.213927 0.216809 0.203486
0.216461 0.211011 0.197688 0.183888 0.190953
0.160502 0.199864 0.220459 0.180403 0.238772
0.215536 0.195458 0.191529 0.203158 0.194319
0.190024 0.233404 0.227139 0.168960 0.180474
0.244467 0.176408 0.173039 0.200320 0.205765
0.246611 0.187895 0.187089 0.189528 0.188877
0.211889 0.207418 0.190200 0.191907 0.198586
0.199197 0.174739 0.191773 0.220950 0.213340
0.154087 0.221680 0.230763 0.223084 0.170386
0.199218 0.182306 0.182320 0.219747 0.216408
0.152806 0.228796 0.221359 0.165080 0.231959
0.188446 0.203998 0.228998 0.192174 0.186384
0.217200 0.219128 0.193641 0.174689 0.195343
0.205970 0.191692 0.187072 0.213171 0.202096
0.213435 0.190585 0.185729 0.169703 0.240548
0.194531 0.196590 0.184921 0.213595 0.210363
0.211583 0.168443 0.172610 0.230648 0.216717
0.193432 0.220321 0.222440 0.173979 0.189828
0.180776 0.217947 0.231142 0.179865 0.190270
0.182831 0.219346 0.212545 0.185024 0.200254
0.183288 0.248664 0.250663 0.143049 0.174337
0.193860 0.216145 0.210434 0.182124 0.197438
0.197191 0.207401 0.182569 0.200357 0.212480
0.172150 0.229677 0.254302 0.145622 0.198248
0.214598 0.220187 0.209895 0.171971 0.183349
0.165127 0.210403 0.201100 0.228591 0.194779
0.211103 0.182494 0.174502 0.237803 0.194097
0.176179 0.251536 0.251396 0.161277 0.159612
0.190652 0.182894 0.174732 0.213271 0.238452
0.254779 0.189348 0.195247 0.165509 0.195118
0.229209 0.169551 0.229992 0.179368 0.191879
0.211056 0.159204 0.166895 0.246215 0.216630
0.206632 0.187046 0.179624 0.239046 0.187653
0.193440 0.204925 0.183964 0.220341 0.197330
0.146200 0.230014 0.229498 0.171388 0.222901
0.227214 0.191146 0.196463 0.165065 0.220113
0.188592 0.239389 0.221347 0.197730 0.152942
0.200366 0.178177 0.187038 0.199203 0.235216
0.197246 0.231403 0.212076 0.179502 0.179773
0.174137 0.208335 0.200830 0.188329 0.228369
0.139489 0.237668 0.237260 0.199238 0.186345
0.229068 0.176914 0.237167 0.171993 0.184858
0.173245 0.232523 0.227187 0.220505 0.146541
0.147476 0.224866 0.211243 0.211776 0.204640
0.196092 0.199950 0.186565 0.184531 0.232862
0.196835 0.208715 0.206546 0.228879 0.159024
0.182666 0.191487 0.197450 0.188845 0.239551
0.227839 0.197408 0.184977 0.167538 0.222238
0.185764 0.217789 0.216887 0.170716 0.208845
0.200866 0.179742 0.181569 0.240650 0.197174
0.215290 0.196225 0.197472 0.186220 0.204793
0.248855 0.181136 0.184695 0.210741 0.174571
0.155530 0.240925 0.246038 0.169224 0.188284
0.202023 0.178794 0.166325 0.188890 0.263968
0.159045 0.277110 0.244877 0.174997 0.143971
0.162112 0.238896 0.198118 0.196334 0.204540
0.230632 0.196697 0.169807 0.185622 0.217242
0.181739 0.232466 0.229813 0.181080 0.174902
0.189633 0.199070 0.207973 0.216610 0.186713
0.209218 0.188545 0.202882 0.195476 0.203879
0.209874 0.197817 0.204207 0.206547 0.181555
0.194474 0.210604 0.216427 0.198348 0.180146
0.207293 0.174308 0.171901 0.199348 0.247151
0.191656 0.211235 0.219148 0.200006 0.177955
0.172364 0.222534 0.215930 0.191799 0.197373
0.213316 0.207164 0.186250 0.179954 0.213316
0.182558 0.228267 0.221975 0.184634 0.182566
0.202375 0.212975 0.207083 0.175193 0.202375
0.184228 0.232787 0.224987 0.173771 0.184228
0.186095 0.256870 0.203592 0.185822 0.167620
0.178456 0.246459 0.221264 0.151622 0.202200
0.205235 0.181457 0.180851 0.200018 0.232437
0.176016 0.236116 0.228689 0.158654 0.200525
0.225492 0.144327 0.158537 0.251166 0.220478
0.199978 0.199017 0.195883 0.206326 0.198795
0.200315 0.202358 0.198615 0.218120 0.180591
0.174987 0.218377 0.267443 0.159139 0.180055
0.193485 0.198508 0.192382 0.186632 0.228993
0.179145 0.262097 0.253483 0.157056 0.148220
0.167967 0.225100 0.198761 0.206942 0.201231
0.181468 0.227516 0.208697 0.186080 0.196238
0.152609 0.247591 0.238664 0.205581 0.155554
0.217435 0.194797 0.194539 0.179336 0.213893
0.197518 0.232866 0.222166 0.172801 0.174649
0.173231 0.222360 0.222374 0.192544 0.189489
0.186829 0.199852 0.220506 0.173262 0.219551
0.193666 0.181006 0.230032 0.182771 0.212525
0.184303 0.179725 0.171771 0.243779 0.220422
0.181618 0.204055 0.205750 0.213848 0.194730
0.233830 0.179807 0.171954 0.225253 0.189156
0.191509 0.202114 0.177538 0.184082 0.244757
0.213432 0.195820 0.216413 0.175990 0.198345
0.175391 0.219636 0.220512 0.175766 0.208695
0.183194 0.203510 0.188188 0.248187 0.176921
0.176469 0.235914 0.227733 0.193151 0.166733
0.205214 0.226036 0.190550 0.199640 0.178560
0.177980 0.225759 0.238259 0.156594 0.201409
0.198218 0.216584 0.213610 0.185704 0.185884
0.182068 0.237694 0.230637 0.187278 0.162324
0.201556 0.205800 0.182941 0.168223 0.241480
0.212229 0.201613 0.190701 0.200090 0.195368
0.172882 0.236667 0.278689 0.135035 0.176727
0.179247 0.206539 0.169458 0.208965 0.235791
0.196097 0.215863 0.205423 0.204447 0.178171
0.178939 0.223413 0.219823 0.173392 0.204433
0.187356 0.204483 0.198035 0.191110 0.219016
0.189218 0.199757 0.214836 0.205885 0.190305
0.205546 0.214348 0.195946 0.195945 0.188215
0.176231 0.216110 0.178946 0.179216 0.249498
0.192096 0.194208 0.197324 0.217248 0.199124
0.190274 0.231790 0.208825 0.184861 0.184250
0.172992 0.218608 0.210386 0.200552 0.197462
0.195635 0.224897 0.210399 0.186963 0.182107
0.195652 0.183253 0.195038 0.197818 0.228240
0.190936 0.185421 0.230703 0.205893 0.187047
0.195795 0.177173 0.174517 0.201697 0.250819
0.203159 0.187562 0.218462 0.195234 0.195583
0.200706 0.211381 0.182319 0.196549 0.209045
0.174987 0.234960 0.203640 0.198230 0.188184
0.204506 0.193164 0.192087 0.176688 0.233555
0.194933 0.256386 0.215378 0.173037 0.160266
0.176812 0.226155 0.267460 0.172392 0.157182
0.156010 0.224338 0.260929 0.170001 0.188722
0.239263 0.196653 0.192374 0.186851 0.184858
0.171117 0.203589 0.211132 0.183039 0.231124
0.234353 0.212243 0.176672 0.180348 0.196384
0.176603 0.251331 0.224784 0.177139 0.170143
0.173594 0.189611 0.190755 0.248020 0.198020
0.184754 0.192841 0.180554 0.196288 0.245563
0.183101 0.171877 0.231731 0.206457 0.206835
0.208695 0.226802 0.203970 0.175191 0.185342
0.185758 0.213163 0.208171 0.191857 0.201050
0.220593 0.178091 0.177164 0.199760 0.224392
0.184724 0.233891 0.214755 0.185835 0.180795
0.212026 0.194427 0.181927 0.207566 0.204054
0.203535 0.220588 0.226850 0.163203 0.185823
0.236253 0.198518 0.173508 0.217590 0.174131
0.158416 0.212638 0.273341 0.181104 0.174501
0.201134 0.188537 0.199029 0.197085 0.214216
0.161845 0.239355 0.279324 0.160716 0.158760
0.175837 0.228280 0.226149 0.174996 0.194739
0.200106 0.222766 0.219703 0.157333 0.200092
0.212520 0.226347 0.199419 0.180854 0.180859
0.205927 0.216244 0.187352 0.193519 0.196958
0.224928 0.195868 0.177494 0.187735 0.213976
0.228946 0.169080 0.156805 0.224151 0.221018
0.176685 0.178274 0.197279 0.246965 0.200797
0.197984 0.181105 0.197366 0.208681 0.214864
0.208753 0.182385 0.176087 0.213795 0.218980
0.175899 0.198618 0.197982 0.237211 0.190290
0.202726 0.245201 0.217117 0.159033 0.175923
0.181058 0.185024 0.218444 0.197383 0.218092
0.141438 0.245371 0.280870 0.146086 0.186235
0.194917 0.232758 0.231703 0.165996 0.174625
0.189980 0.261137 0.237390 0.150910 0.160584
0.161990 0.228031 0.216982 0.186990 0.206007
0.203312 0.218123 0.194025 0.193317 0.191223
0.165347 0.248238 0.250736 0.157867 0.177812
0.194449 0.174119 0.183111 0.243280 0.205041
0.191563 0.195222 0.185142 0.192349 0.235723
0.208248 0.212451 0.204118 0.194037 0.181147
0.195072 0.191677 0.196936 0.187579 0.228737
0.228833 0.161292 0.161675 0.211864 0.236336
0.212632 0.179886 0.182962 0.212632 0.211889
0.197588 0.154605 0.167105 0.222588 0.258115
0.200788 0.206656 0.206286 0.200788 0.185481
0.184613 0.205875 0.205875 0.184621 0.219016
0.210898 0.195791 0.189960 0.205082 0.198269
0.194371 0.209789 0.184789 0.169583 0.241468
0.145846 0.270480 0.220480 0.158134 0.205059
0.166522 0.249381 0.245198 0.152327 0.186572
0.198094 0.191501 0.191501 0.197714 0.221190
0.142466 0.230423 0.235141 0.135164 0.256805
0.201670 0.207357 0.219857 0.184907 0.186210
0.192339 0.205300 0.205300 0.179936 0.217126
0.172675 0.182287 0.182287 0.202935 0.259815
0.213878 0.213910 0.213697 0.188770 0.169745
0.199943 0.174859 0.158192 0.204135 0.262871
0.176892 0.204646 0.206286 0.186951 0.225226
0.193493 0.239956 0.236612 0.170435 0.159503
0.236369 0.211466 0.169799 0.191179 0.191188
0.168605 0.201060 0.221655 0.174802 0.233879
0.178213 0.248472 0.244888 0.168039 0.160388
0.247496 0.203736 0.189930 0.166730 0.192109
0.173694 0.200548 0.202405 0.234619 0.188735
0.201396 0.206024 0.202746 0.205650 0.184183
0.199168 0.239951 0.199957 0.192856 0.168068
0.199180 0.176158 0.200889 0.191588 0.232184
0.207185 0.212418 0.205566 0.192752 0.182079
0.189941 0.194117 0.187288 0.190345 0.238308
0.199183 0.187356 0.206150 0.198603 0.208708
0.177638 0.200445 0.212945 0.202102 0.206869
0.203361 0.206757 0.206230 0.190349 0.193304
0.200972 0.231814 0.211385 0.169952 0.185877
0.230228 0.202806 0.183458 0.192949 0.190559
0.161767 0.228033 0.212286 0.218953 0.178962
0.200611 0.177066 0.185187 0.175078 0.262058
0.178764 0.226067 0.206207 0.223480 0.165482
0.192075 0.238508 0.202337 0.179232 0.187848
0.183914 0.238250 0.227857 0.163980 0.185998
0.191097 0.228204 0.199692 0.180122 0.200885
0.185747 0.213112 0.201968 0.219327 0.179846
0.196282 0.238466 0.225676 0.163853 0.175723
0.237047 0.182868 0.163911 0.212414 0.203760
0.171431 0.246176 0.200970 0.209185 0.172237
0.203860 0.181134 0.223867 0.167653 0.223486
0.202504 0.183152 0.193174 0.200300 0.220870
0.186025 0.197426 0.208474 0.219393 0.188682
0.202056 0.205499 0.200401 0.197432 0.194611
0.218811 0.195752 0.178183 0.201851 0.205404
0.195951 0.190432 0.178575 0.188220 0.246822
0.204090 0.190737 0.213210 0.189333 0.202630
0.206051 0.167482 0.216555 0.212633 0.197279
0.203022 0.211371 0.200130 0.195779 0.189698
0.206840 0.188971 0.202615 0.186764 0.214810
0.203282 0.207486 0.212133 0.170399 0.206700
0.176594 0.228103 0.203535 0.199279 0.192488
0.141334 0.247653 0.268255 0.155009 0.187749
0.211466 0.200837 0.206923 0.179637 0.201137
0.176173 0.214272 0.215616 0.176656 0.217282
0.182865 0.216816 0.208636 0.223041 0.168642
0.194290 0.198104 0.173469 0.245717 0.188421
0.216336 0.206291 0.163580 0.233555 0.180238
0.216881 0.201953 0.185656 0.217526 0.177984
0.197298 0.191981 0.191981 0.174518 0.244222
0.178405 0.221519 0.221533 0.170316 0.208228
0.184156 0.190609 0.190609 0.192336 0.242290
0.201549 0.191759 0.241759 0.173423 0.191511
0.194268 0.232852 0.237035 0.158234 0.177610
0.196179 0.181404 0.181404 0.225093 0.215920
0.204707 0.200633 0.195914 0.197646 0.201099
0.184830 0.231654 0.219154 0.170264 0.194099
0.213316 0.171717 0.171717 0.222923 0.220326
0.194809 0.202972 0.202972 0.173370 0.225878
0.188395 0.223660 0.223660 0.178372 0.185914
0.188972 0.199017 0.199017 0.217881 0.195113
0.184100 0.206392 0.206392 0.226558 0.176558
0.198909 0.194348 0.194348 0.205526 0.206870
0.177032 0.204020 0.204020 0.207292 0.207635
0.219233 0.166177 0.166177 0.243767 0.204646
0.164958 0.236538 0.236538 0.183313 0.178652
0.168791 0.226139 0.226139 0.164641 0.214290
0.178360 0.241455 0.241455 0.169421 0.169309
0.184826 0.246613 0.230159 0.172732 0.165670
0.177563 0.207443 0.244943 0.165049 0.205003
0.212870 0.208426 0.203386 0.203963 0.171355
0.259558 0.188722 0.185013 0.192321 0.174386
0.192660 0.213364 0.228590 0.179204 0.186182
0.203139 0.190558 0.195162 0.202764 0.208377
0.170455 0.217319 0.209135 0.184022 0.219069
0.171410 0.215065 0.211026 0.171622 0.230876
0.186192 0.208189 0.206982 0.199068 0.199569
0.179287 0.247801 0.221625 0.177592 0.173696
0.199207 0.151023 0.201023 0.202144 0.246602
0.182822 0.217203 0.224961 0.182822 0.192192
0.175883 0.217445 0.185611 0.223315 0.197746
0.202247 0.201910 0.204909 0.195337 0.195597
0.189089 0.228054 0.224856 0.162977 0.195024
0.179773 0.285109 0.200800 0.163027 0.171291
0.194167 0.200646 0.186978 0.209743 0.208466
0.184562 0.210578 0.202459 0.169482 0.232919
0.183950 0.224319 0.205287 0.201574 0.184870
0.185159 0.193028 0.213832 0.192772 0.215210
0.215083 0.218926 0.209332 0.178660 0.178000
0.178536 0.187234 0.205639 0.204703 0.223887
0.213892 0.215737 0.228090 0.172208 0.170074
0.203297 0.207759 0.223889 0.164283 0.200772
0.183253 0.212822 0.216986 0.186505 0.200435
0.176052 0.195074 0.180479 0.241381 0.207015
0.168890 0.221281 0.236568 0.169265 0.203996
0.187606 0.220311 0.207228 0.203117 0.181738
0.199899 0.216760 0.207309 0.191902 0.184130
0.210531 0.193352 0.187535 0.196459 0.212124
0.183045 0.203052 0.185261 0.195383 0.233258
0.177818 0.225669 0.209215 0.187617 0.199681
0.196542 0.208600 0.231253 0.157024 0.206580
0.227827 0.224503 0.220281 0.150937 0.176452
0.204880 0.207851 0.194174 0.197827 0.195268
0.218671 0.197843 0.218438 0.179589 0.185459
0.171057 0.199659 0.195730 0.191112 0.242442
0.193112 0.191875 0.185574 0.230919 0.198519
0.207858 0.219377 0.208547 0.190142 0.174076
0.176170 0.191172 0.182186 0.223625 0.226847
0.159815 0.220377 0.200385 0.183198 0.236225
0.221404 0.184741 0.209581 0.190175 0.194098
0.169690 0.209271 0.224646 0.174577 0.221817
0.177716 0.191929 0.191943 0.190475 0.247938
0.186015 0.214731 0.214717 0.219592 0.164945
0.181911 0.229413 0.254413 0.166991 0.167273
0.196452 0.203851 0.182710 0.206521 0.210466
0.212303 0.215438 0.211578 0.197742 0.162939
0.176325 0.174762 0.169551 0.192342 0.287020
0.166839 0.204800 0.193343 0.193291 0.241727
0.191152 0.205639 0.222306 0.190431 0.190472
0.184551 0.188037 0.188037 0.172453 0.266923
0.197469 0.193180 0.193180 0.203905 0.212267
0.186040 0.226745 0.226745 0.193751 0.166719
0.220978 0.197005 0.197005 0.207780 0.177232
0.215412 0.203384 0.203384 0.174057 0.203762
0.202252 0.195116 0.195116 0.218766 0.188749
0.213244 0.208313 0.208100 0.162205 0.208138
0.203582 0.185359 0.168693 0.235539 0.206828
0.193612 0.220005 0.221644 0.190483 0.174256
0.190893 0.227572 0.224228 0.175405 0.181901
0.185302 0.231591 0.214537 0.170768 0.197802
0.222299 0.228709 0.223769 0.152924 0.172299
0.203368 0.202539 0.204634 0.192694 0.196766
0.214185 0.207813 0.198105 0.170432 0.209466
0.201484 0.214213 0.238448 0.175005 0.170849
0.180710 0.216330 0.196968 0.194915 0.211077
0.205475 0.198232 0.187244 0.207157 0.201892
0.217637 0.192189 0.189020 0.191446 0.209708
0.189345 0.194250 0.179516 0.245308 0.191580
0.189821 0.206130 0.212944 0.201072 0.190033
0.184628 0.189587 0.191964 0.243353 0.190468
0.200431 0.182519 0.179719 0.239230 0.198100
0.190289 0.190709 0.204435 0.237152 0.177415
0.179865 0.213517 0.188462 0.192457 0.225699
0.194225 0.200029 0.185056 0.192196 0.228494
0.169836 0.256791 0.264023 0.148664 0.160686
0.200683 0.209807 0.186164 0.185118 0.218228
0.204028 0.223772 0.201932 0.183786 0.186482
0.154093 0.233631 0.227539 0.185505 0.199231
0.181780 0.220023 0.193720 0.206797 0.197681
0.201910 0.196840 0.200221 0.208519 0.192510
0.216727 0.186279 0.195401 0.177305 0.224289
0.184870 0.174482 0.232722 0.184175 0.223750
0.190650 0.214009 0.214571 0.175467 0.205303
0.224016 0.202399 0.199915 0.185145 0.188524
0.182231 0.229125 0.224077 0.182323 0.182243
0.178814 0.216784 0.210752 0.192673 0.200977
0.161927 0.238974 0.245577 0.176274 0.177249
0.154085 0.238935 0.281143 0.170795 0.155042
0.202770 0.180069 0.168509 0.196714 0.251939
0.217131 0.214721 0.251390 0.158219 0.158539
0.197275 0.210011 0.184152 0.201451 0.207111
0.217359 0.213054 0.202258 0.195090 0.172239
0.199011 0.182487 0.187464 0.215163 0.215876
0.184142 0.209891 0.207552 0.208927 0.189488
0.199444 0.175008 0.171080 0.227905 0.226563
0.221290 0.187737 0.193614 0.167644 0.229715
0.193369 0.180749 0.187642 0.254345 0.183895
0.185818 0.188979 0.201503 0.198868 0.224831
0.169687 0.243820 0.245003 0.159834 0.181655
0.165297 0.221856 0.217140 0.185180 0.210527
0.200639 0.217462 0.204595 0.182855 0.194448
0.168382 0.237768 0.230004 0.182749 0.181097
0.202233 0.218471 0.215322 0.183701 0.180272
0.185188 0.233585 0.211841 0.185196 0.184190
0.205406 0.196280 0.183877 0.180416 0.234021
0.195533 0.194908 0.217051 0.191673 0.200835
0.205666 0.185183 0.175708 0.255666 0.177777
0.197553 0.172422 0.189065 0.209366 0.231593
0.194647 0.179411 0.195128 0.225293 0.205521
0.230581 0.193532 0.158487 0.198716 0.218684
0.203786 0.208848 0.203540 0.192596 0.191230
0.194137 0.230257 0.197421 0.203028 0.175157
0.178225 0.244679 0.211889 0.191352 0.173855
0.153683 0.250499 0.271089 0.150175 0.174555
0.160774 0.191909 0.270885 0.181235 0.195197
0.192262 0.234734 0.233240 0.170163 0.169601
0.170529 0.187935 0.213683 0.197180 0.230674
0.159744 0.232691 0.213688 0.171938 0.221938
0.211189 0.213503 0.168772 0.198868 0.207668
0.178696 0.225636 0.207226 0.197231 0.191211
0.194101 0.207725 0.199047 0.200939 0.198188
0.214683 0.213997 0.181723 0.211881 0.177716
0.187667 0.206311 0.172697 0.196375 0.236949
0.233589 0.166482 0.191902 0.215348 0.192679
0.195354 0.196622 0.200905 0.187612 0.219507
0.216724 0.181721 0.209263 0.184726 0.207565
0.159173 0.215018 0.231846 0.187868 0.206095
0.190593 0.234608 0.202362 0.185546 0.186890
0.187181 0.233051 0.231849 0.165255 0.182665
0.219117 0.205041 0.178275 0.205633 0.191933
0.202197 0.225195 0.201524 0.191192 0.179892
0.170770 0.192735 0.194984 0.168313 0.273198
0.194292 0.198119 0.175636 0.201133 0.230820
0.193741 0.230041 0.248380 0.124580 0.203258
0.194447 0.219643 0.219522 0.191662 0.174726
0.179640 0.243157 0.232806 0.172997 0.171401
0.180176 0.209475 0.206604 0.222887 0.180859
0.174287 0.220597 0.203930 0.216066 0.185120
0.203069 0.187786 0.206696 0.203069 0.199380
0.204466 0.203787 0.187324 0.194497 0.209926
0.206686 0.221710 0.213285 0.177144 0.181176
0.194097 0.168472 0.167465 0.216021 0.253944
0.181613 0.218982 0.218594 0.165769 0.215042
0.178260 0.237266 0.228480 0.171575 0.184419
0.202383 0.213635 0.206159 0.186405 0.191418
0.203609 0.245480 0.195612 0.180319 0.174980
0.192712 0.209957 0.213846 0.183700 0.199785
0.171900 0.200199 0.231573 0.208560 0.187768
0.210005 0.198885 0.181125 0.202673 0.207313
0.185746 0.227365 0.231402 0.187442 0.168045
0.205581 0.205851 0.186108 0.192469 0.209992
0.186386 0.239547 0.209393 0.177465 0.187208
0.202837 0.175442 0.185477 0.187949 0.248296
0.197088 0.189936 0.245880 0.178355 0.188742
0.198597 0.215731 0.212483 0.192808 0.180380
0.200533 0.198055 0.187266 0.187658 0.226489
0.181803 0.190879 0.243661 0.176344 0.207312
0.199785 0.222007 0.221220 0.181438 0.175550
0.199487 0.200581 0.199371 0.224422 0.176139
0.193701 0.213205 0.188650 0.197509 0.206935
0.182076 0.234434 0.182040 0.195468 0.205983
0.196290 0.183404 0.176083 0.162405 0.281817
0.195823 0.208364 0.194313 0.235129 0.166371
0.184504 0.206170 0.229042 0.172842 0.207441
0.183692 0.201458 0.196646 0.168735 0.249469
0.200043 0.206029 0.193501 0.196473 0.203955
0.197731 0.187099 0.175937 0.236487 0.202745
0.226541 0.182047 0.185778 0.220530 0.185104
0.212239 0.189222 0.213356 0.174239 0.210944
0.167187 0.189979 0.192643 0.201598 0.248592
0.204516 0.195097 0.203241 0.163451 0.233695
0.182273 0.208153 0.257411 0.175855 0.176308
0.181812 0.187829 0.263723 0.174139 0.192496
0.207308 0.198188 0.173190 0.211889 0.209426
0.200713 0.217878 0.214966 0.171847 0.194596
0.186486 0.238554 0.180878 0.210208 0.183874
0.208040 0.210636 0.188187 0.190732 0.202405
0.187089 0.192529 0.190841 0.219094 0.210447
0.160312 0.189026 0.226698 0.194539 0.229424
0.216812 0.189410 0.205529 0.193270 0.194978
0.241684 0.214794 0.167803 0.176657 0.199062
0.219207 0.167854 0.179598 0.196432 0.236910
0.186179 0.193507 0.202494 0.216005 0.201816
0.259159 0.192981 0.166762 0.174724 0.206375
0.186351 0.231965 0.205645 0.199826 0.176212
0.182750 0.207995 0.242068 0.185483 0.181704
0.190933 0.239659 0.223501 0.176764 0.169143
0.165357 0.189359 0.206141 0.221834 0.217310
0.217957 0.174351 0.184287 0.220144 0.203262
0.161718 0.220839 0.246051 0.139876 0.231516
0.208083 0.173588 0.195528 0.211927 0.210874
0.193423 0.234025 0.207484 0.147149 0.217918
0.200494 0.206046 0.183189 0.176111 0.234160
0.186251 0.207864 0.211491 0.205391 0.189004
0.201313 0.178860 0.226197 0.180837 0.212792
0.182309 0.232253 0.217787 0.186832 0.180820
0.194803 0.215397 0.199027 0.203532 0.187242
0.193852 0.254858 0.246140 0.155777 0.149372
0.163656 0.234406 0.217740 0.167292 0.216906
0.172758 0.226131 0.248614 0.180550 0.171948
0.144694 0.211213 0.236213 0.189809 0.218070
0.163453 0.233026 0.227437 0.187819 0.188265
0.186770 0.236998 0.211463 0.189351 0.175418
0.201315 0.203988 0.205871 0.190793 0.198033
0.164783 0.257336 0.240619 0.173110 0.164153
0.193586 0.214740 0.207356 0.206565 0.177753
0.212377 0.212174 0.202269 0.205947 0.167233
0.247198 0.207573 0.167938 0.168920 0.208370
0.198942 0.195376 0.189083 0.239549 0.177049
0.178251 0.219741 0.191692 0.215766 0.194550
0.200403 0.187805 0.174130 0.213455 0.224206
0.185355 0.207765 0.212289 0.180062 0.214530
0.232961 0.167868 0.148375 0.231974 0.218822
0.192008 0.200485 0.177783 0.197914 0.231809
0.177915 0.180454 0.195888 0.192347 0.253396
0.196369 0.226907 0.206886 0.201390 0.168449
0.175620 0.235927 0.248688 0.181050 0.158715
0.163960 0.213033 0.231255 0.168104 0.223648
0.159038 0.247257 0.287993 0.158618 0.147094
0.195093 0.211324 0.242792 0.178426 0.172364
0.155029 0.207536 0.266594 0.144240 0.226600
0.167901 0.239930 0.246383 0.168058 0.177728
0.176729 0.223020 0.215663 0.167499 0.217089
0.176438 0.203063 0.211769 0.194800 0.213929
0.195258 0.213240 0.207922 0.191757 0.191823
0.208171 0.228494 0.206628 0.176694 0.180012
0.185564 0.167706 0.173373 0.220630 0.252726
0.199145 0.213635 0.184424 0.225599 0.177197
0.204243 0.228002 0.159351 0.176771 0.231633
0.204307 0.167260 0.170300 0.205252 0.252882
0.172515 0.231645 0.234554 0.166095 0.195191
0.195232 0.201822 0.194494 0.179981 0.228470
0.178618 0.197053 0.249756 0.192989 0.181585
0.210462 0.210239 0.215956 0.184791 0.178552
0.158163 0.239243 0.214968 0.163505 0.224121
0.189882 0.212553 0.204142 0.216924 0.176500
0.205431 0.208771 0.173075 0.230038 0.182685
0.182380 0.262872 0.197845 0.168053 0.188850
0.185960 0.224406 0.200580 0.205767 0.183287
0.158463 0.230335 0.238668 0.133529 0.239005
0.178818 0.231759 0.212289 0.186563 0.190571
0.218587 0.179676 0.223876 0.169777 0.208085
0.180113 0.228354 0.260872 0.184952 0.145709
0.170620 0.230621 0.220650 0.157623 0.220485
0.211950 0.189751 0.201591 0.201890 0.194818
0.187128 0.222160 0.191896 0.182400 0.216416
0.232862 0.192083 0.182724 0.185510 0.206821
0.191919 0.217838 0.223986 0.173710 0.192547
0.206593 0.172894 0.183983 0.223431 0.213099
0.225956 0.202984 0.210722 0.191633 0.168705
0.210498 0.155417 0.224952 0.200399 0.208734
0.191176 0.185490 0.168208 0.267354 0.187771
0.188230 0.192327 0.201716 0.182511 0.235216
0.168555 0.212890 0.214526 0.191302 0.212728
0.203794 0.208084 0.189813 0.175248 0.223061
0.216953 0.209799 0.182492 0.192642 0.198113
0.168988 0.222742 0.191230 0.171333 0.245705
0.184602 0.232691 0.230337 0.181817 0.170553
0.175033 0.197910 0.184568 0.207314 0.235175
0.178351 0.233948 0.240324 0.167785 0.179592
0.192234 0.205937 0.206478 0.180993 0.214357
0.181851 0.234603 0.192156 0.220892 0.170499
0.168945 0.192278 0.228231 0.192043 0.218503
0.198348 0.222026 0.216878 0.193806 0.168943
0.191081 0.182637 0.191562 0.215433 0.219287
0.228852 0.180943 0.163653 0.173406 0.253148
0.177629 0.221480 0.200661 0.217936 0.182293
0.214086 0.181149 0.157052 0.202138 0.245576
0.175594 0.220891 0.196329 0.204624 0.202561
0.192470 0.182859 0.177817 0.191925 0.254929
0.189527 0.216046 0.212175 0.187554 0.194698
0.162101 0.221429 0.210555 0.187976 0.217938
0.245257 0.201554 0.181240 0.170027 0.201922
0.163862 0.221780 0.205375 0.185680 0.223302
0.174298 0.209933 0.210300 0.203455 0.202014
0.200306 0.218940 0.217283 0.178820 0.184651
0.270158 0.174147 0.168360 0.203039 0.184296
0.189953 0.234979 0.193172 0.161711 0.220185
0.246621 0.189530 0.166170 0.196681 0.200998
0.212818 0.179343 0.215008 0.196665 0.196166
0.213869 0.191526 0.174759 0.217838 0.202008
0.189408 0.218937 0.210826 0.203987 0.176841
0.201386 0.207333 0.186390 0.201595 0.203296
0.177866 0.191388 0.176642 0.221791 0.232314
0.166819 0.244072 0.243771 0.177123 0.168214
0.234970 0.187918 0.179795 0.172333 0.224983
0.189633 0.259697 0.225673 0.146830 0.178167
0.188833 0.229558 0.224804 0.166907 0.189899
0.168596 0.214428 0.235598 0.169474 0.211905
0.166268 0.247343 0.239935 0.178737 0.167717
0.174370 0.216521 0.225981 0.161268 0.221861
0.177373 0.219739 0.240006 0.189617 0.173265
0.194650 0.177161 0.164181 0.240340 0.223668
0.216026 0.201796 0.220913 0.171875 0.189390
0.200529 0.194017 0.178991 0.190170 0.236293
0.260155 0.171165 0.151870 0.201907 0.214902
0.206372 0.217061 0.202290 0.192056 0.182222
0.205110 0.183920 0.212600 0.192456 0.205914
0.166872 0.211242 0.197453 0.189192 0.235241
0.176690 0.227766 0.234837 0.157954 0.202754
0.186628 0.220818 0.223778 0.192349 0.176427
0.172771 0.183708 0.176569 0.232965 0.233987
0.191052 0.204545 0.230960 0.204127 0.169316
0.198352 0.209763 0.201167 0.203323 0.187395
0.199386 0.208290 0.198284 0.187165 0.206876
0.176511 0.244490 0.243260 0.161379 0.174359
0.228862 0.198105 0.230100 0.158011 0.184922
0.181974 0.221370 0.218362 0.168624 0.209670
0.200855 0.220744 0.219922 0.185515 0.172964
0.229254 0.188407 0.180601 0.206175 0.195562
0.205039 0.169871 0.165217 0.168143 0.291731
0.197440 0.221450 0.213919 0.179121 0.188070
0.189735 0.180346 0.216408 0.214487 0.199025
0.179462 0.202712 0.203352 0.172277 0.242197
0.184048 0.250238 0.212529 0.193364 0.159821
0.212344 0.188815 0.165139 0.227387 0.206315
0.208092 0.224578 0.194614 0.172242 0.200474
0.191823 0.250910 0.220169 0.173693 0.163405
0.165217 0.252495 0.216152 0.197328 0.168808
0.188351 0.235077 0.223245 0.157317 0.196010
0.200519 0.210184 0.192049 0.201867 0.195381
0.161222 0.196896 0.213708 0.228556 0.199617
0.198370 0.200860 0.201573 0.183573 0.215624
0.180492 0.229298 0.208852 0.167349 0.214008
0.174871 0.200303 0.200298 0.199317 0.225212
0.210163 0.206752 0.202417 0.186357 0.194311
0.224375 0.209483 0.199953 0.168907 0.197281
0.191428 0.193209 0.251392 0.174179 0.189791
0.166813 0.227728 0.274260 0.160028 0.171171
0.236076 0.204701 0.205067 0.180548 0.173608
0.186417 0.189669 0.194687 0.235489 0.193737
0.171930 0.227067 0.269677 0.165082 0.166245
0.172515 0.191898 0.181648 0.243095 0.210843
0.176221 0.215312 0.207889 0.187899 0.212679
0.223806 0.183149 0.178064 0.197745 0.217236
0.233350 0.210349 0.193503 0.165125 0.197673
0.206320 0.198997 0.198222 0.176957 0.219504
0.180498 0.235927 0.236282 0.155490 0.191803
0.186972 0.204106 0.178894 0.228192 0.201836
0.189979 0.199559 0.183199 0.206680 0.220583
0.213597 0.211353 0.213472 0.184922 0.176656
0.202007 0.186017 0.204423 0.192726 0.214826
0.178467 0.217938 0.228191 0.211127 0.164277
0.183514 0.210016 0.220883 0.182970 0.202617
0.212174 0.200161 0.192355 0.191074 0.204237
0.184268 0.240215 0.219213 0.185509 0.170795
0.263797 0.189773 0.189398 0.173337 0.183695
0.225045 0.170158 0.167081 0.212400 0.225316
0.197186 0.193501 0.181001 0.232911 0.195402
0.210784 0.206402 0.206558 0.191496 0.184762
0.157237 0.225753 0.200753 0.176808 0.239447
0.192128 0.214854 0.191456 0.199807 0.201754
0.198803 0.200226 0.213309 0.146694 0.240969
0.180183 0.207754 0.229171 0.158130 0.224762
0.182813 0.236565 0.236462 0.180760 0.163401
0.195974 0.211038 0.188273 0.191693 0.213022
0.166704 0.239056 0.194730 0.188184 0.211326
0.216596 0.195068 0.193311 0.199623 0.195402
0.187659 0.237072 0.219044 0.189395 0.166829
0.176673 0.230990 0.199124 0.182099 0.211114
0.216456 0.195570 0.198073 0.209885 0.180016
0.187954 0.203654 0.204209 0.198504 0.205679
0.221495 0.177501 0.169195 0.229675 0.202134
0.185688 0.209491 0.212982 0.184645 0.207194
0.203935 0.164551 0.194112 0.167481 0.269921
0.202330 0.200989 0.223945 0.183840 0.188896
0.203547 0.163727 0.180332 0.239382 0.213013
0.194897 0.191311 0.201815 0.217779 0.194197
0.193588 0.221297 0.186560 0.196841 0.201714
0.199399 0.206035 0.180822 0.216145 0.197598
0.171305 0.205606 0.194393 0.181653 0.247044
0.218445 0.205880 0.191568 0.168998 0.215108
0.153328 0.227928 0.215959 0.204190 0.198596
0.188376 0.258281 0.220095 0.150582 0.182666
0.166260 0.244612 0.205980 0.175632 0.207516
0.172825 0.205594 0.221124 0.194321 0.206135
0.198605 0.222165 0.199607 0.173747 0.205876
0.199407 0.208792 0.210054 0.178614 0.203133
0.173158 0.224784 0.192950 0.227035 0.182073
0.190646 0.229782 0.180089 0.200825 0.198659
0.200565 0.211705 0.192697 0.216950 0.178083
0.223038 0.190060 0.192135 0.214075 0.180692
0.222477 0.180432 0.200151 0.166731 0.230209
0.196097 0.211807 0.204421 0.175342 0.212333
0.210404 0.194495 0.211608 0.178685 0.204807
0.207856 0.205026 0.189298 0.201091 0.196729
0.250917 0.197097 0.190428 0.151978 0.209580
0.179243 0.220520 0.205720 0.197333 0.197185
0.181117 0.213872 0.180583 0.229869 0.194559
0.187682 0.209412 0.206291 0.182865 0.213750
0.171344 0.200238 0.225238 0.201672 0.201507
0.187387 0.189804 0.220318 0.202379 0.200113
0.233278 0.210770 0.207434 0.171627 0.176891
0.183960 0.207168 0.218633 0.160804 0.229436
0.199790 0.200271 0.216715 0.174224 0.209000
0.194429 0.197684 0.194340 0.161273 0.252274
0.178117 0.213907 0.196468 0.230125 0.181383
0.236446 0.181239 0.164884 0.212348 0.205084
0.233218 0.205691 0.172203 0.207019 0.181870
0.226138 0.226147 0.186936 0.182383 0.178396
0.185572 0.177996 0.177736 0.232464 0.226232
0.191075 0.212957 0.209467 0.174967 0.211534
0.171367 0.201678 0.184638 0.210484 0.231834
0.169995 0.205534 0.223306 0.184089 0.217077
0.178434 0.204923 0.228674 0.167622 0.220347
0.195097 0.210409 0.193780 0.199356 0.201358
0.195438 0.209649 0.213577 0.150651 0.230685
0.195901 0.208896 0.213136 0.186558 0.195509
0.204424 0.193270 0.170726 0.180903 0.250677
0.225532 0.193852 0.186052 0.189609 0.204956
0.204796 0.219895 0.211195 0.191136 0.172978
0.205175 0.213198 0.163019 0.238242 0.180365
0.187155 0.202347 0.178648 0.262267 0.169583
0.183229 0.207257 0.221144 0.201604 0.186766
0.234979 0.197109 0.155826 0.205793 0.206293
0.168936 0.171133 0.167468 0.247129 0.245334
0.181608 0.195828 0.221542 0.218596 0.182426
0.193508 0.193059 0.180049 0.172576 0.260809
0.160726 0.216376 0.225995 0.179432 0.217471
0.204566 0.223935 0.222201 0.173657 0.175642
0.220207 0.223653 0.144669 0.200958 0.210513
0.195525 0.229122 0.201242 0.187893 0.186218
0.212141 0.213208 0.239071 0.165250 0.170330
0.202074 0.208755 0.188101 0.204043 0.197027
0.195442 0.206900 0.200587 0.203063 0.194008
0.188523 0.218178 0.267501 0.177663 0.148135
0.189222 0.206392 0.187043 0.184068 0.233275
0.195355 0.189780 0.215831 0.168099 0.230934
0.209447 0.221252 0.210474 0.184399 0.174428
0.215296 0.165865 0.146362 0.238987 0.233490
0.170854 0.223016 0.205910 0.207085 0.193134
0.201975 0.188875 0.200519 0.226027 0.182604
0.197953 0.201176 0.152597 0.209130 0.239144
0.185979 0.195348 0.176448 0.194444 0.247781
0.211932 0.213735 0.204869 0.200897 0.168566
0.196296 0.229125 0.203921 0.189467 0.181191
0.174965 0.197872 0.205830 0.156678 0.264655
0.215332 0.224452 0.215926 0.179459 0.164832
0.203306 0.197596 0.154075 0.229127 0.215897
0.214314 0.229524 0.188242 0.173811 0.194109
0.209445 0.220606 0.222246 0.170092 0.177611
0.172719 0.218766 0.240436 0.195121 0.172959
0.195604 0.199237 0.186430 0.159700 0.259029
0.183634 0.227948 0.276279 0.159125 0.153015
0.246209 0.204159 0.177384 0.196271 0.175977
0.205563 0.203364 0.170414 0.165020 0.255639
0.201640 0.212628 0.205397 0.183231 0.197104
0.180163 0.192612 0.173700 0.260943 0.192582
0.189752 0.214228 0.194512 0.169086 0.232421
0.202654 0.184717 0.189347 0.222395 0.200887
0.236939 0.194671 0.187248 0.171531 0.209611
0.202711 0.198741 0.193496 0.163835 0.241217
0.182143 0.220475 0.215754 0.190126 0.191503
0.196686 0.186149 0.206924 0.225454 0.184788
0.173777 0.213661 0.196508 0.235274 0.180780
0.193596 0.202738 0.205203 0.205498 0.192965
0.217293 0.201907 0.167866 0.229171 0.183762
0.157202 0.224118 0.224556 0.189999 0.204125
0.169465 0.189349 0.211545 0.213021 0.216620
0.167666 0.206530 0.254688 0.164338 0.206777
0.246216 0.196133 0.201731 0.162924 0.192997
0.188098 0.220240 0.212435 0.177329 0.201898
0.196863 0.215156 0.183688 0.201961 0.202332
0.223053 0.192631 0.178734 0.200875 0.204707
0.182821 0.186806 0.183653 0.197768 0.248952
0.221186 0.177721 0.177721 0.222745 0.200627
0.243622 0.199877 0.216544 0.172541 0.167416
0.179074 0.185305 0.185515 0.219470 0.230636
0.173606 0.227654 0.218992 0.177047 0.202701
0.184876 0.233486 0.241160 0.163639 0.176840
0.167076 0.222998 0.226017 0.192570 0.191340
0.179911 0.261175 0.211489 0.161896 0.185529
0.180562 0.231901 0.228347 0.162156 0.197034
0.230370 0.178129 0.187275 0.171087 0.233138
0.209749 0.230272 0.186571 0.202618 0.170789
0.201586 0.218769 0.190738 0.201259 0.187648
0.193475 0.190853 0.209580 0.192479 0.213613
0.181369 0.230773 0.192622 0.182244 0.212991
0.264054 0.183454 0.160646 0.178778 0.213068
0.220717 0.202417 0.191901 0.188018 0.196947
0.199481 0.185835 0.207949 0.168010 0.238725
0.205588 0.176768 0.179157 0.221643 0.216844
0.188524 0.209836 0.211316 0.208660 0.181664
0.201468 0.203396 0.222349 0.167748 0.205038
0.238551 0.198489 0.178253 0.184523 0.200184
0.183398 0.216381 0.197112 0.169772 0.233337
0.179234 0.210879 0.212485 0.202167 0.195235
0.159975 0.243040 0.218636 0.176300 0.202049
0.182478 0.195148 0.179418 0.260999 0.181958
0.174609 0.211363 0.238850 0.195427 0.179751
0.202145 0.205899 0.194794 0.212281 0.184881
0.209238 0.167320 0.183995 0.180766 0.258682
0.226493 0.176999 0.188455 0.193679 0.214373
0.200517 0.226214 0.209548 0.169843 0.193878
0.220668 0.191750 0.191758 0.185118 0.210706
0.204444 0.168698 0.168698 0.259547 0.198612
0.180892 0.223476 0.218266 0.169439 0.207928
0.174089 0.236258 0.219378 0.155304 0.214972
0.192119 0.197551 0.180885 0.207990 0.221455
0.201697 0.221885 0.242708 0.164672 0.169038
0.171350 0.212553 0.165700 0.207504 0.242894
0.171745 0.213507 0.177219 0.259686 0.177843
0.216978 0.188264 0.219872 0.189138 0.185748
0.183622 0.234773 0.224550 0.176744 0.180311
0.209148 0.230801 0.191995 0.193606 0.174450
0.198775 0.179240 0.207227 0.224906 0.189853
0.175057 0.194407 0.188551 0.192873 0.249111
0.211557 0.199751 0.173767 0.207122 0.207803
0.198584 0.189472 0.191226 0.238305 0.182413
0.206889 0.197376 0.164292 0.204550 0.226892
0.188711 0.270702 0.199085 0.176133 0.165369
0.224744 0.147132 0.201672 0.201609 0.224843
0.213245 0.203361 0.184008 0.179808 0.219578
0.203776 0.245614 0.200247 0.172131 0.178232
0.183797 0.224499 0.217015 0.203853 0.170836
0.150961 0.274015 0.186206 0.170715 0.218102
0.196911 0.225121 0.213731 0.186636 0.177601
0.194287 0.208449 0.225799 0.162386 0.209079
0.173579 0.235963 0.214297 0.187917 0.188245
0.190239 0.227315 0.202618 0.202810 0.177019
0.179071 0.194855 0.209066 0.212645 0.204364
0.159304 0.238807 0.212349 0.203531 0.186008
0.210169 0.220161 0.181994 0.202091 0.185585
0.186863 0.194478 0.265231 0.159398 0.194030
0.178238 0.207027 0.180900 0.194070 0.239765
0.189844 0.206096 0.189736 0.187210 0.227114
0.235094 0.167719 0.175254 0.164794 0.257139
