0.132388 0.163773 0.141655 0.117582 0.176191 0.138429 0.129983
0.112363 0.171075 0.138203 0.140212 0.152385 0.139744 0.146017
0.164196 0.138030 0.138668 0.130754 0.144110 0.144110 0.140132
0.152549 0.180424 0.134251 0.131912 0.127339 0.131013 0.142512
0.135451 0.164077 0.130674 0.146444 0.143042 0.151626 0.128686
0.208214 0.159599 0.108727 0.110577 0.175446 0.125446 0.111991
0.120096 0.175816 0.133120 0.130416 0.143128 0.138946 0.158478
0.163746 0.165825 0.117806 0.128256 0.144480 0.144161 0.135726
0.173568 0.187986 0.125708 0.153024 0.117116 0.108212 0.134387
0.178250 0.119669 0.137312 0.162583 0.127714 0.137908 0.136564
0.134595 0.192443 0.131165 0.134455 0.138065 0.135471 0.133806
0.167764 0.183925 0.146643 0.108403 0.134045 0.122831 0.136389
0.155048 0.164973 0.180732 0.122475 0.132334 0.124237 0.120202
0.102918 0.147908 0.156706 0.146867 0.132230 0.157230 0.156141
0.134205 0.156401 0.142098 0.180530 0.131389 0.124015 0.131363
0.141612 0.130926 0.140143 0.151986 0.148712 0.144526 0.142096
0.132544 0.188020 0.128647 0.126644 0.144540 0.143931 0.135674
0.209207 0.188237 0.109808 0.121218 0.115578 0.110654 0.145297
0.140887 0.142388 0.147869 0.136896 0.147878 0.143366 0.140714
0.160181 0.142860 0.175987 0.127856 0.131781 0.131365 0.129971
0.122046 0.161792 0.150330 0.142200 0.140648 0.138074 0.144911
0.154524 0.160479 0.176915 0.120225 0.129372 0.129372 0.129114
0.180176 0.083880 0.133554 0.142480 0.141387 0.169979 0.148543
0.153298 0.238531 0.117870 0.124846 0.123792 0.126889 0.114773
0.132100 0.128398 0.139505 0.121476 0.143699 0.143703 0.191120
0.191203 0.156574 0.118440 0.124684 0.147604 0.143286 0.118209
0.153434 0.190849 0.122059 0.140515 0.125423 0.112350 0.155371
0.124046 0.146600 0.149089 0.136124 0.151249 0.151249 0.141643
0.210256 0.111338 0.124188 0.119494 0.128203 0.128203 0.178318
0.149850 0.116729 0.159190 0.137574 0.145852 0.141274 0.149532
0.137732 0.229785 0.132725 0.127158 0.132725 0.121971 0.117905
0.167886 0.138323 0.143054 0.126219 0.143043 0.143043 0.138432
0.217000 0.146026 0.130365 0.123586 0.130683 0.130683 0.121658
0.138802 0.186488 0.159658 0.092430 0.120037 0.120037 0.182547
0.146994 0.186035 0.142025 0.125713 0.137583 0.137583 0.124067
0.167330 0.160798 0.119968 0.174790 0.122433 0.122433 0.132249
0.159611 0.152642 0.124701 0.150202 0.136825 0.137142 0.138876
0.140909 0.207764 0.126310 0.124332 0.121421 0.131800 0.147465
0.135035 0.213364 0.129666 0.135525 0.131048 0.129666 0.125697
0.149893 0.146835 0.140263 0.132490 0.141792 0.144575 0.144153
0.118234 0.171785 0.141809 0.167485 0.122530 0.142069 0.136088
0.116260 0.185254 0.142482 0.125690 0.149116 0.144891 0.136307
0.215866 0.160878 0.120566 0.110451 0.122583 0.124731 0.144924
0.142637 0.165520 0.152209 0.117998 0.138479 0.141571 0.141587
0.127321 0.159473 0.149115 0.116968 0.151700 0.150497 0.144927
0.161292 0.145290 0.149774 0.149338 0.133601 0.133544 0.127159
0.188788 0.111116 0.137344 0.119054 0.145216 0.144472 0.154010
0.123021 0.163313 0.163164 0.150451 0.135360 0.129331 0.135360
0.169411 0.122497 0.145694 0.148712 0.135724 0.139829 0.138133
0.184583 0.145816 0.127281 0.170298 0.124276 0.122298 0.125449
0.199209 0.152686 0.135674 0.120086 0.129120 0.132161 0.131065
0.127554 0.116954 0.137659 0.161892 0.169390 0.143803 0.142750
0.231651 0.146692 0.117312 0.157494 0.117547 0.112410 0.116893
0.139446 0.147988 0.150201 0.132477 0.139028 0.143382 0.147477
0.187710 0.177961 0.124060 0.114392 0.148323 0.123493 0.124060
0.150325 0.145761 0.133527 0.160807 0.136094 0.130329 0.143156
0.135770 0.149000 0.146460 0.135510 0.141690 0.145110 0.146460
0.123648 0.173521 0.133587 0.148958 0.129681 0.156697 0.133907
0.131865 0.099629 0.142319 0.192252 0.137967 0.145055 0.150914
0.163632 0.198978 0.131163 0.124963 0.127169 0.132909 0.121184
0.160229 0.139232 0.123711 0.126581 0.134910 0.130681 0.184656
0.181972 0.118888 0.131932 0.119646 0.138253 0.173578 0.135731
0.161850 0.180673 0.138971 0.127013 0.133274 0.137189 0.121031
0.139473 0.195971 0.126049 0.128650 0.120089 0.117680 0.172088
0.214721 0.110856 0.127172 0.148899 0.153126 0.119449 0.125776
0.121089 0.171802 0.142985 0.147362 0.147103 0.134652 0.135008
0.215590 0.148431 0.125914 0.132189 0.122187 0.132181 0.123508
0.128371 0.211294 0.115223 0.115026 0.154044 0.119875 0.156166
0.140944 0.160255 0.128592 0.170194 0.126141 0.140948 0.132925
0.161843 0.164020 0.110690 0.154050 0.122586 0.148990 0.137821
0.146993 0.187132 0.129389 0.122063 0.141500 0.133340 0.139583
0.178013 0.158268 0.130920 0.119824 0.129557 0.143068 0.140349
0.133320 0.160719 0.177597 0.123213 0.131541 0.119858 0.153752
0.138679 0.137188 0.154472 0.127334 0.150280 0.139112 0.152936
0.170897 0.150540 0.181862 0.115325 0.125190 0.133330 0.122856
0.150702 0.178802 0.121612 0.145336 0.132302 0.117181 0.154064
0.216526 0.144657 0.115328 0.110095 0.145327 0.129273 0.138794
0.178599 0.173939 0.125870 0.122354 0.128344 0.141961 0.128932
0.162372 0.102304 0.139189 0.141366 0.153168 0.147681 0.153920
0.213762 0.155013 0.122912 0.124244 0.130213 0.134894 0.118963
0.139788 0.194141 0.149286 0.128683 0.121979 0.130200 0.135923
0.209897 0.137497 0.151097 0.131623 0.122357 0.131271 0.116259
0.092807 0.157237 0.155335 0.165634 0.144238 0.148080 0.136669
0.199911 0.163255 0.155104 0.123071 0.115106 0.123043 0.120510
0.118710 0.162936 0.140801 0.179201 0.126859 0.132450 0.139042
0.144896 0.115817 0.130566 0.153512 0.176321 0.139919 0.138970
0.132257 0.229588 0.102877 0.134072 0.117047 0.142302 0.141857
0.160002 0.146774 0.130159 0.123795 0.151691 0.154732 0.132846
0.182562 0.147308 0.147388 0.132604 0.125706 0.130284 0.134148
0.124068 0.203286 0.129965 0.151554 0.102692 0.109461 0.178974
0.147482 0.203775 0.116688 0.166571 0.140242 0.110585 0.114656
0.129051 0.124758 0.131953 0.147172 0.187786 0.139907 0.139373
0.175066 0.170495 0.135739 0.117193 0.140863 0.135739 0.124907
0.130703 0.206344 0.132409 0.115579 0.144809 0.137687 0.132471
0.130840 0.162219 0.141140 0.141709 0.145569 0.141876 0.136647
0.158780 0.201342 0.112708 0.126012 0.114383 0.125811 0.160965
0.141589 0.182906 0.133249 0.137035 0.141924 0.135645 0.127653
0.139935 0.248322 0.109952 0.126769 0.133778 0.115288 0.125956
0.129197 0.137729 0.129799 0.175017 0.135785 0.134232 0.158240
0.163188 0.166303 0.148415 0.128063 0.133080 0.127866 0.133084
0.190047 0.152202 0.126973 0.132877 0.133549 0.126658 0.137694
0.120134 0.138924 0.150042 0.143481 0.151054 0.145758 0.150608
0.163384 0.200893 0.133787 0.104882 0.133771 0.135468 0.127815
0.135519 0.141603 0.148858 0.132724 0.146530 0.148600 0.146167
0.143269 0.212267 0.122673 0.121667 0.133641 0.114075 0.152408
0.172466 0.163915 0.144547 0.104944 0.133412 0.162386 0.118330
0.139249 0.210101 0.136358 0.125785 0.126438 0.134208 0.127860
0.149170 0.116715 0.140814 0.149963 0.157286 0.136588 0.149464
0.129103 0.179382 0.128088 0.133260 0.149513 0.139632 0.141021
0.191821 0.121234 0.147221 0.154296 0.130992 0.120891 0.133545
0.119675 0.160296 0.142321 0.141187 0.146492 0.140801 0.149227
0.123502 0.180663 0.147812 0.134416 0.125873 0.153957 0.133777
0.176633 0.144161 0.143218 0.129671 0.133610 0.141940 0.130766
0.197330 0.140261 0.115973 0.159728 0.130569 0.125832 0.130306
0.179976 0.157840 0.129880 0.122120 0.135447 0.134978 0.139759
0.159416 0.150753 0.113077 0.128015 0.137419 0.173652 0.137668
0.205637 0.109567 0.126330 0.171358 0.128901 0.126578 0.131630
0.143563 0.121593 0.141764 0.139680 0.155606 0.149607 0.148186
0.141898 0.134473 0.134529 0.137835 0.147090 0.161571 0.142603
0.171437 0.135492 0.147688 0.125157 0.142688 0.132257 0.145281
0.163563 0.126935 0.143286 0.111134 0.140787 0.158519 0.155777
0.193013 0.134091 0.185417 0.109254 0.118361 0.121695 0.138170
0.127170 0.152986 0.155595 0.132033 0.165905 0.126572 0.139739
0.131462 0.158486 0.133635 0.128806 0.151137 0.152296 0.144178
0.124880 0.140462 0.143404 0.175127 0.126801 0.124764 0.164562
0.129522 0.135725 0.118587 0.165916 0.148807 0.151199 0.150244
0.143409 0.182390 0.119671 0.138118 0.129941 0.145169 0.141303
0.143022 0.165197 0.132038 0.122163 0.148122 0.135084 0.154374
0.177576 0.184997 0.111337 0.134088 0.123207 0.134939 0.133856
0.174628 0.142791 0.163993 0.116088 0.136866 0.132565 0.133069
0.170068 0.174428 0.125990 0.106881 0.125737 0.156610 0.140287
0.147146 0.115287 0.122797 0.159974 0.155016 0.155116 0.144664
0.154759 0.167052 0.114360 0.170143 0.136011 0.127605 0.130070
0.135917 0.181328 0.120172 0.161887 0.135192 0.118014 0.147489
0.136297 0.134605 0.154630 0.154895 0.129040 0.142075 0.148458
0.121001 0.181383 0.125907 0.132171 0.148712 0.147085 0.143742
0.123644 0.175044 0.159109 0.108810 0.144529 0.141997 0.146867
0.159028 0.190274 0.137110 0.119916 0.126446 0.136721 0.130505
0.124941 0.163318 0.171629 0.101178 0.137932 0.123578 0.177426
0.141401 0.157629 0.145898 0.166739 0.130028 0.111045 0.147260
0.127012 0.138192 0.184404 0.134779 0.130569 0.148088 0.136956
0.169726 0.124583 0.138976 0.147004 0.141821 0.151234 0.126656
0.134554 0.151996 0.147523 0.122430 0.164557 0.139936 0.139003
0.154930 0.148077 0.135554 0.130308 0.145250 0.143825 0.142054
0.174510 0.130513 0.117669 0.147263 0.139060 0.156979 0.134005
0.209291 0.118274 0.131969 0.120470 0.137760 0.137796 0.144441
0.133921 0.181275 0.161724 0.138212 0.127092 0.135370 0.122407
0.171212 0.159911 0.153317 0.127406 0.117161 0.113183 0.157811
0.192010 0.127466 0.133983 0.146755 0.144597 0.117683 0.137506
0.160243 0.136425 0.124328 0.154766 0.132671 0.160385 0.131182
0.144954 0.154511 0.112040 0.174977 0.135993 0.139852 0.137673
0.139715 0.187424 0.128438 0.120139 0.139559 0.148912 0.135814
0.168083 0.154706 0.137587 0.139028 0.127063 0.133489 0.140043
0.129313 0.140049 0.162707 0.114976 0.145648 0.137099 0.170208
0.172588 0.171068 0.131706 0.126554 0.138280 0.132296 0.127507
0.108658 0.172724 0.143962 0.141325 0.149386 0.150827 0.133117
0.139672 0.197081 0.135977 0.154891 0.125761 0.118513 0.128104
0.126867 0.170759 0.131628 0.156709 0.153800 0.128864 0.131373
0.152744 0.145218 0.179012 0.123048 0.133752 0.137214 0.129012
0.142024 0.137033 0.139482 0.145042 0.162874 0.138253 0.135292
0.111256 0.162447 0.147104 0.142813 0.144117 0.145159 0.147104
0.161191 0.156240 0.159998 0.138748 0.117894 0.126737 0.139192
0.122663 0.145657 0.155137 0.136372 0.138520 0.141523 0.160128
0.165214 0.155289 0.144341 0.137563 0.117674 0.145579 0.134341
0.126905 0.127655 0.135325 0.124694 0.170273 0.150245 0.164902
0.184326 0.163743 0.128096 0.118649 0.139787 0.128850 0.136549
0.159270 0.163334 0.140404 0.136874 0.131516 0.141605 0.126997
0.124375 0.160741 0.129359 0.151796 0.125825 0.127058 0.180845
0.131595 0.118780 0.145280 0.133433 0.146891 0.189598 0.134425
0.151411 0.135684 0.128846 0.123847 0.136328 0.152612 0.171272
0.147390 0.140887 0.142937 0.133624 0.139843 0.153027 0.142291
0.125988 0.212340 0.143305 0.116497 0.142684 0.122295 0.136892
0.157461 0.156201 0.141421 0.144677 0.138963 0.122680 0.138597
0.115852 0.126023 0.137105 0.172618 0.152953 0.133757 0.161693
0.140249 0.160490 0.144572 0.112487 0.197415 0.106318 0.138468
0.143683 0.189374 0.121046 0.133751 0.162419 0.129118 0.120610
0.132398 0.118353 0.157971 0.144642 0.132576 0.142268 0.171791
0.187216 0.148384 0.133062 0.106540 0.145539 0.133098 0.146160
0.123157 0.132412 0.138596 0.165742 0.124051 0.139573 0.176469
0.123221 0.189083 0.126359 0.161553 0.104532 0.141300 0.153952
0.104785 0.182826 0.145992 0.116678 0.156967 0.141708 0.151044
0.202602 0.179438 0.131173 0.121964 0.122752 0.127515 0.114557
0.178491 0.150030 0.141847 0.118760 0.138336 0.128767 0.143769
0.124993 0.218181 0.125558 0.152064 0.132381 0.120741 0.126082
0.172947 0.125268 0.135077 0.159941 0.158040 0.135603 0.113123
0.149859 0.113797 0.142786 0.143539 0.127838 0.141348 0.180832
0.236424 0.103495 0.113826 0.150532 0.119011 0.146228 0.130484
0.170581 0.191651 0.126395 0.115728 0.135254 0.140790 0.119601
0.181124 0.140919 0.135207 0.137307 0.120686 0.139815 0.144941
0.203441 0.097493 0.153938 0.123287 0.139856 0.126135 0.155851
0.166586 0.154679 0.127911 0.117798 0.184917 0.124163 0.123946
0.111597 0.155178 0.159197 0.145678 0.149429 0.141585 0.137335
0.111254 0.173520 0.152575 0.125331 0.151814 0.138741 0.146764
0.172214 0.138814 0.118980 0.117132 0.150263 0.186199 0.116397
0.222402 0.136634 0.120158 0.131669 0.108096 0.132715 0.148327
0.155908 0.127056 0.133468 0.127902 0.152256 0.149521 0.153888
0.183485 0.203303 0.115605 0.155438 0.123027 0.114286 0.104856
0.188355 0.121943 0.146293 0.139092 0.132517 0.125503 0.146298
0.178627 0.115809 0.150011 0.138854 0.133344 0.133344 0.150011
0.215532 0.148420 0.129097 0.114461 0.134302 0.129092 0.129097
0.142074 0.136789 0.138655 0.166094 0.139086 0.138648 0.138655
0.160222 0.211317 0.128515 0.125798 0.131181 0.128515 0.114453
0.188193 0.119669 0.139780 0.121180 0.139780 0.139780 0.151618
0.149102 0.246188 0.131600 0.101341 0.121789 0.131600 0.118381
0.191702 0.110744 0.143567 0.129238 0.147885 0.147885 0.128980
0.115235 0.197595 0.123768 0.131727 0.140613 0.140618 0.150443
0.178094 0.135062 0.134623 0.136198 0.147123 0.147123 0.121778
0.104762 0.130368 0.145358 0.166956 0.145358 0.145358 0.161839
0.175597 0.153655 0.129641 0.153720 0.129641 0.129324 0.128422
0.178602 0.126470 0.145918 0.128253 0.145918 0.135539 0.139301
0.163267 0.214798 0.126583 0.112131 0.131310 0.127965 0.123947
0.192081 0.200320 0.121232 0.091719 0.138932 0.118766 0.136950
0.130085 0.205448 0.141065 0.116471 0.140683 0.131905 0.134344
0.180464 0.190720 0.125087 0.136836 0.114299 0.127931 0.124663
0.156337 0.137975 0.129492 0.172341 0.131132 0.129492 0.143231
0.142776 0.155916 0.143171 0.135593 0.140515 0.138859 0.143171
0.119577 0.199336 0.134818 0.134688 0.126052 0.134558 0.150971
0.185872 0.130968 0.136359 0.146639 0.129535 0.133950 0.136676
0.189288 0.158288 0.128054 0.126520 0.139815 0.123571 0.134464
0.163579 0.128959 0.141648 0.159833 0.133411 0.142286 0.130283
0.164121 0.185246 0.127081 0.120168 0.129010 0.135955 0.138420
0.149104 0.128596 0.144452 0.134967 0.152176 0.142765 0.147941
0.139785 0.174040 0.135343 0.156177 0.132132 0.137865 0.124658
0.161556 0.180368 0.122880 0.128224 0.125733 0.155107 0.126132
0.159265 0.136071 0.148876 0.128622 0.139088 0.148716 0.139363
0.156379 0.141674 0.133510 0.168406 0.132750 0.133510 0.133770
0.131781 0.170791 0.142706 0.119647 0.142521 0.143085 0.149469
0.211179 0.128193 0.127719 0.134299 0.148552 0.117606 0.132452
0.110267 0.159868 0.129967 0.179774 0.138868 0.149090 0.132165
0.212687 0.128049 0.127345 0.153235 0.130400 0.117892 0.130392
0.142854 0.116971 0.144872 0.142042 0.144313 0.155745 0.153202
0.154224 0.154934 0.134660 0.136941 0.147226 0.138777 0.133239
0.185837 0.163168 0.148971 0.098596 0.127205 0.149911 0.126313
0.182092 0.150011 0.127617 0.117777 0.141330 0.149115 0.132057
0.126647 0.166216 0.193701 0.123762 0.120302 0.128687 0.140685
0.166079 0.186054 0.137238 0.107815 0.129471 0.136313 0.137030
0.141065 0.144219 0.125096 0.179834 0.143427 0.135806 0.130555
0.112925 0.147184 0.128815 0.173308 0.123083 0.131417 0.183267
0.158120 0.154067 0.123180 0.151217 0.160166 0.121444 0.131807
0.209478 0.139749 0.133094 0.125561 0.129826 0.128724 0.133568
0.123459 0.118557 0.147041 0.172926 0.140455 0.148782 0.148780
0.175516 0.161434 0.127488 0.154562 0.126103 0.127408 0.127488
0.158463 0.179847 0.143610 0.122327 0.123071 0.133434 0.139247
0.161157 0.120643 0.140551 0.173229 0.130316 0.133963 0.140139
0.184007 0.141031 0.182291 0.108901 0.132024 0.132291 0.119456
0.198773 0.184245 0.129399 0.104405 0.118428 0.124674 0.140076
0.211261 0.134232 0.112807 0.130294 0.117701 0.142320 0.151384
0.176695 0.160502 0.135790 0.132401 0.131134 0.120081 0.143397
0.144893 0.169478 0.132979 0.144578 0.139450 0.141411 0.127211
0.212072 0.113718 0.108984 0.160842 0.116497 0.131579 0.156308
0.150630 0.148005 0.131883 0.132171 0.157506 0.147748 0.132056
0.105238 0.200247 0.137152 0.111138 0.181228 0.137200 0.127796
0.179340 0.126243 0.125856 0.114877 0.146440 0.157835 0.149409
0.176944 0.159664 0.128355 0.134753 0.142503 0.145969 0.111813
0.182566 0.133429 0.115594 0.155499 0.144445 0.122476 0.145991
0.151675 0.193856 0.101664 0.172407 0.113909 0.127525 0.138963
0.183142 0.222680 0.119135 0.127462 0.112209 0.113507 0.121866
0.159957 0.163965 0.144433 0.121295 0.134091 0.135090 0.141169
0.189779 0.170690 0.097668 0.099390 0.128281 0.133743 0.180450
0.141333 0.171086 0.144234 0.134293 0.130215 0.134736 0.144104
0.126259 0.223389 0.137157 0.121460 0.129246 0.129662 0.132828
0.119522 0.131448 0.157671 0.131474 0.149385 0.176959 0.133540
0.159059 0.156365 0.134226 0.111435 0.132850 0.136709 0.169356
0.136052 0.123448 0.151535 0.136467 0.170457 0.146031 0.136009
0.144946 0.187579 0.122919 0.121653 0.151569 0.144075 0.127258
0.201487 0.097343 0.126588 0.157089 0.147536 0.136778 0.133178
0.172466 0.158344 0.142352 0.130741 0.119452 0.124179 0.152467
0.175622 0.162712 0.115362 0.104633 0.117508 0.135209 0.188954
0.164131 0.159635 0.141811 0.121353 0.138835 0.138835 0.135400
0.143628 0.178058 0.153928 0.131400 0.132440 0.132440 0.128106
0.160298 0.208864 0.154766 0.106486 0.115534 0.136778 0.117274
0.156365 0.236318 0.113829 0.106559 0.125789 0.124043 0.137096
0.158277 0.148116 0.144884 0.125629 0.144981 0.147515 0.130599
0.140196 0.151441 0.115117 0.187440 0.126049 0.131586 0.148171
0.175151 0.164283 0.113722 0.148025 0.136338 0.134936 0.127545
0.155017 0.209572 0.129620 0.115170 0.130707 0.130707 0.129206
0.154364 0.138706 0.124953 0.166499 0.132405 0.137453 0.145620
0.128265 0.127510 0.152879 0.128329 0.148271 0.157598 0.157149
0.115611 0.164487 0.141562 0.164260 0.141038 0.141823 0.131220
0.120369 0.113191 0.155316 0.149399 0.155326 0.157847 0.148552
0.263695 0.142534 0.112078 0.115169 0.122275 0.117003 0.127246
0.130922 0.142914 0.146846 0.136471 0.150051 0.146207 0.146589
0.154825 0.173745 0.127861 0.150225 0.127868 0.116802 0.148674
0.146112 0.157917 0.135264 0.180188 0.130901 0.126895 0.122723
0.201740 0.100160 0.144107 0.131962 0.143857 0.142645 0.135529
0.112344 0.160375 0.163190 0.137727 0.144067 0.135774 0.146523
0.130736 0.121588 0.157689 0.135704 0.151861 0.147830 0.154592
0.196193 0.184967 0.138026 0.099627 0.134196 0.126806 0.120184
0.161864 0.138321 0.143088 0.119549 0.130468 0.159304 0.147406
0.218950 0.127024 0.120802 0.154900 0.123882 0.126885 0.127558
0.189111 0.221717 0.127172 0.099851 0.128636 0.120330 0.113182
0.159060 0.121645 0.131760 0.120998 0.187793 0.136799 0.141944
0.191518 0.150014 0.142684 0.106965 0.135643 0.131715 0.141461
0.205310 0.107819 0.139886 0.154670 0.144621 0.123979 0.123715
0.143700 0.149443 0.130602 0.152715 0.123954 0.155191 0.144395
0.178178 0.161947 0.133859 0.105860 0.143404 0.125881 0.150871
0.196572 0.146577 0.120201 0.145056 0.127656 0.150986 0.112952
0.136289 0.150777 0.147207 0.132293 0.119671 0.165963 0.147799
0.114539 0.170842 0.130873 0.162531 0.125906 0.136869 0.158441
0.153010 0.176357 0.117996 0.173343 0.133500 0.123945 0.121850
0.125865 0.144108 0.150936 0.138873 0.151129 0.140926 0.148163
0.131143 0.199034 0.144300 0.111747 0.146422 0.121797 0.145557
0.107454 0.254434 0.109731 0.142881 0.128687 0.132436 0.124376
0.161303 0.176166 0.122972 0.141093 0.143736 0.128530 0.126200
0.153310 0.132812 0.141285 0.159487 0.147706 0.128456 0.136944
0.149074 0.182897 0.161999 0.129616 0.143020 0.115072 0.118321
0.122948 0.176725 0.139044 0.151174 0.111449 0.117550 0.181109
0.147290 0.156320 0.141482 0.132751 0.129344 0.139669 0.153143
0.177732 0.174246 0.127239 0.130901 0.128423 0.136911 0.124548
0.133103 0.188459 0.112450 0.154223 0.145796 0.118433 0.147535
0.149945 0.164069 0.149403 0.117488 0.144097 0.134841 0.140157
0.144675 0.138245 0.149282 0.146501 0.141501 0.146463 0.133332
0.159606 0.152220 0.139572 0.125479 0.142810 0.139626 0.140688
0.118715 0.192780 0.170426 0.125211 0.130914 0.134791 0.127163
0.118119 0.226474 0.127442 0.131862 0.135491 0.132231 0.128381
0.108386 0.149334 0.135103 0.139288 0.151814 0.154235 0.161839
0.146277 0.167721 0.149624 0.129909 0.132883 0.140704 0.132883
0.099241 0.218643 0.138916 0.131811 0.137685 0.142039 0.131665
0.156826 0.139673 0.130047 0.120607 0.150664 0.126269 0.175914
0.183861 0.131195 0.132822 0.128106 0.138451 0.147123 0.138442
0.198234 0.121956 0.133076 0.131094 0.143141 0.130836 0.141664
0.128858 0.161502 0.130884 0.180138 0.134474 0.136583 0.127560
0.253968 0.105144 0.114837 0.104484 0.119088 0.137075 0.165405
0.128771 0.190783 0.135411 0.160483 0.133816 0.132023 0.118713
0.162296 0.176888 0.130632 0.135112 0.133217 0.133225 0.128630
0.207414 0.133037 0.128560 0.100122 0.185790 0.127912 0.117165
0.167341 0.192419 0.129811 0.127328 0.117370 0.153141 0.112590
0.177045 0.137527 0.164734 0.131107 0.119971 0.123213 0.146403
0.186652 0.143855 0.128622 0.159686 0.128439 0.127891 0.124856
0.171300 0.173709 0.124643 0.132991 0.124966 0.133374 0.139018
0.171400 0.146890 0.122968 0.122941 0.154681 0.139954 0.141165
0.197621 0.102282 0.134753 0.116550 0.133374 0.118124 0.197296
0.184538 0.153360 0.129751 0.120215 0.137016 0.146904 0.128215
0.139943 0.161026 0.125479 0.142818 0.146840 0.138918 0.144976
0.215527 0.113968 0.141583 0.172812 0.129754 0.104156 0.122200
0.193286 0.160702 0.115122 0.130409 0.117973 0.151176 0.131332
0.128407 0.119237 0.154266 0.153984 0.146582 0.150124 0.147401
0.129607 0.208392 0.119425 0.169458 0.113964 0.136385 0.122767
0.150365 0.146740 0.140459 0.126160 0.145643 0.150013 0.140619
0.205680 0.146276 0.122602 0.123256 0.140749 0.132094 0.129343
0.158647 0.192566 0.131761 0.120711 0.132815 0.126819 0.136681
0.185892 0.143813 0.130109 0.103169 0.132211 0.127675 0.177131
0.130391 0.135420 0.131135 0.205646 0.126568 0.119851 0.150989
0.179403 0.175987 0.147486 0.122565 0.153759 0.115978 0.104822
0.142564 0.152175 0.143971 0.111975 0.140265 0.151960 0.157091
0.155914 0.149124 0.133115 0.143180 0.133154 0.155658 0.129854
0.129977 0.123233 0.122339 0.166700 0.139401 0.152062 0.166287
0.145521 0.168168 0.138490 0.124846 0.140391 0.138274 0.144309
0.142045 0.181667 0.126279 0.122190 0.138138 0.149509 0.140172
0.185304 0.137572 0.126902 0.132525 0.151248 0.135477 0.130973
0.171647 0.129204 0.157591 0.110428 0.131481 0.127513 0.172136
0.150886 0.193429 0.134271 0.113025 0.147744 0.138467 0.122177
0.178779 0.123325 0.124724 0.180087 0.146057 0.127291 0.119739
0.169098 0.128189 0.140298 0.109084 0.132434 0.178122 0.142775
0.241956 0.142280 0.104772 0.111675 0.128853 0.140369 0.130096
0.158614 0.130650 0.102930 0.178445 0.116603 0.124456 0.188301
0.159477 0.126374 0.130750 0.119786 0.191224 0.136125 0.136265
0.201486 0.144816 0.120566 0.132809 0.138580 0.131785 0.129959
0.181949 0.167046 0.131441 0.118490 0.140397 0.140140 0.120537
0.159696 0.160324 0.120671 0.131463 0.127414 0.131617 0.168814
0.121631 0.108061 0.182401 0.147546 0.140322 0.149163 0.150876
0.149562 0.173386 0.116483 0.148395 0.134668 0.159668 0.117836
0.124205 0.122762 0.141059 0.149431 0.167081 0.157883 0.137578
0.158881 0.190996 0.132370 0.123648 0.131211 0.128295 0.134599
0.144927 0.191707 0.121170 0.120086 0.139202 0.135227 0.147681
0.126400 0.199191 0.144197 0.142607 0.131306 0.125669 0.130631
0.152573 0.139765 0.140976 0.151117 0.128541 0.146241 0.140787
0.179337 0.115916 0.117695 0.160956 0.147752 0.147752 0.130592
0.169600 0.184007 0.110336 0.133605 0.140614 0.140614 0.121224
0.170651 0.205536 0.105889 0.115199 0.129518 0.129518 0.143689
0.133673 0.202425 0.151862 0.108876 0.127769 0.127450 0.147945
0.139089 0.138156 0.188439 0.121854 0.145476 0.132378 0.134609
0.131085 0.144279 0.152926 0.131097 0.144661 0.146006 0.149946
0.199056 0.129124 0.136688 0.148092 0.129319 0.126726 0.130995
0.183424 0.097428 0.174197 0.124785 0.145229 0.134015 0.140923
0.135763 0.118039 0.182849 0.126287 0.152064 0.154754 0.130244
0.224781 0.097830 0.124515 0.131211 0.139317 0.139636 0.142710
0.183331 0.102243 0.142889 0.119435 0.145276 0.153274 0.153553
0.172766 0.223693 0.105307 0.129199 0.123689 0.111567 0.133778
0.254016 0.181840 0.099055 0.109432 0.105850 0.117552 0.132256
0.182913 0.162552 0.125476 0.122589 0.135502 0.137942 0.133027
0.147800 0.195666 0.151311 0.103967 0.141623 0.133042 0.126590
0.127322 0.218593 0.117744 0.130056 0.119499 0.132737 0.154050
0.183497 0.122049 0.144424 0.129486 0.140332 0.142524 0.137687
0.134100 0.174854 0.139682 0.123085 0.145578 0.141070 0.141632
0.103693 0.111914 0.148914 0.166479 0.144540 0.167421 0.157039
0.143806 0.132097 0.146072 0.146694 0.128257 0.133963 0.169112
0.150028 0.152057 0.189584 0.123659 0.133477 0.132587 0.118608
0.157233 0.135541 0.136747 0.155101 0.134766 0.140432 0.140179
0.131970 0.164107 0.127079 0.138835 0.153612 0.131934 0.152462
0.193901 0.139672 0.114476 0.146217 0.130668 0.144398 0.130668
0.149679 0.170205 0.117178 0.141675 0.153661 0.118118 0.149485
0.169682 0.117558 0.137168 0.157630 0.143099 0.149080 0.125783
0.205744 0.161426 0.113924 0.106490 0.141383 0.152899 0.118134
0.140584 0.146457 0.133597 0.114163 0.142580 0.140588 0.182031
0.118660 0.165091 0.136075 0.134607 0.114435 0.125128 0.206004
0.161394 0.176648 0.151988 0.141877 0.124598 0.121463 0.122032
0.144922 0.192398 0.146968 0.141604 0.117894 0.128649 0.127565
0.166258 0.146668 0.120008 0.169570 0.131940 0.130880 0.134676
0.122386 0.142072 0.149942 0.147542 0.155766 0.144147 0.138145
0.190187 0.119799 0.155465 0.120405 0.145835 0.128711 0.139597
0.127409 0.130956 0.149170 0.144716 0.142154 0.153000 0.152596
0.162233 0.109957 0.134119 0.161469 0.132884 0.148428 0.150909
0.139799 0.100616 0.143379 0.137459 0.137363 0.183191 0.158193
0.183984 0.122521 0.124752 0.147457 0.115431 0.142541 0.163315
0.160141 0.102146 0.193403 0.130630 0.137677 0.134809 0.141195
0.155132 0.136802 0.149870 0.127640 0.148009 0.133250 0.149297
0.122085 0.154525 0.127622 0.134026 0.133459 0.161762 0.166522
0.163116 0.129521 0.128540 0.156746 0.140415 0.138317 0.143346
0.165985 0.136774 0.127534 0.154713 0.160535 0.120707 0.133752
0.126474 0.178428 0.140195 0.126380 0.138578 0.146073 0.143872
0.178166 0.141190 0.130235 0.128154 0.137100 0.140609 0.144546
0.117470 0.168397 0.198899 0.115003 0.139401 0.125931 0.134899
0.164375 0.135697 0.136873 0.108322 0.118112 0.194864 0.141758
0.201101 0.147779 0.123210 0.130607 0.121366 0.137376 0.138560
0.138171 0.127156 0.144915 0.148468 0.182047 0.127341 0.131903
0.159452 0.155848 0.117427 0.173758 0.132481 0.127281 0.133754
0.203196 0.132476 0.124902 0.139283 0.129834 0.135529 0.134780
0.192775 0.115753 0.130942 0.157241 0.151490 0.129448 0.122352
0.127758 0.135700 0.137971 0.110271 0.182980 0.127789 0.177530
0.159030 0.097439 0.143060 0.128995 0.147234 0.161411 0.162831
0.164056 0.159343 0.143499 0.128059 0.152019 0.128756 0.124268
0.142067 0.131645 0.175512 0.140716 0.116443 0.151335 0.142281
0.177582 0.158655 0.123021 0.102366 0.138982 0.152542 0.146852
0.123852 0.181654 0.125274 0.154951 0.135808 0.146491 0.131971
0.133080 0.186140 0.138178 0.134249 0.135529 0.135618 0.137206
0.150811 0.117922 0.144565 0.128310 0.161909 0.139907 0.156578
0.184983 0.130168 0.125941 0.142133 0.138721 0.136205 0.141850
0.131847 0.185650 0.130515 0.108325 0.136262 0.144376 0.163024
0.184049 0.150001 0.121706 0.114186 0.122477 0.155264 0.152317
0.229078 0.113283 0.121359 0.139359 0.125338 0.137081 0.134503
0.170716 0.212636 0.123088 0.140998 0.122628 0.108727 0.121207
0.192462 0.134760 0.116465 0.101226 0.144349 0.141072 0.169664
0.163813 0.168975 0.130197 0.141653 0.124572 0.135962 0.134828
0.138250 0.173901 0.130104 0.174513 0.138901 0.120896 0.123435
0.175417 0.116462 0.119260 0.117717 0.142711 0.157725 0.170709
0.177894 0.132956 0.144900 0.132979 0.135684 0.143047 0.132540
0.118258 0.158996 0.143424 0.177503 0.153885 0.119373 0.128561
0.164575 0.152955 0.170620 0.115486 0.136577 0.126269 0.133518
0.192198 0.115845 0.146089 0.130185 0.143890 0.148473 0.123321
0.159249 0.174126 0.125419 0.174981 0.104379 0.111521 0.150326
0.169168 0.128325 0.135508 0.114402 0.174580 0.125760 0.152257
0.167358 0.149770 0.139518 0.129951 0.124899 0.129310 0.159194
0.206688 0.089277 0.119309 0.192312 0.113943 0.127038 0.151434
0.151852 0.209183 0.122478 0.119120 0.126957 0.131211 0.139199
0.158346 0.126867 0.129470 0.139764 0.142408 0.154336 0.148809
0.131968 0.193787 0.126024 0.123101 0.130524 0.150962 0.143634
0.171235 0.153714 0.135678 0.129435 0.173003 0.112261 0.124674
0.183148 0.121775 0.135987 0.139287 0.148840 0.147132 0.123832
0.155665 0.182743 0.154954 0.114936 0.113685 0.116669 0.161350
0.159543 0.193932 0.116067 0.141825 0.139147 0.104067 0.145419
0.129512 0.183708 0.115275 0.135948 0.112477 0.171960 0.151120
0.179349 0.144299 0.109596 0.130037 0.120338 0.177833 0.138548
0.183869 0.163324 0.114851 0.130710 0.128925 0.144842 0.133478
0.194131 0.118773 0.138363 0.139783 0.133252 0.125409 0.150290
0.183036 0.133854 0.126113 0.128970 0.143835 0.137327 0.146864
0.140126 0.151152 0.135105 0.150311 0.141877 0.140655 0.140774
0.190709 0.114280 0.148133 0.156192 0.138126 0.125344 0.127216
0.161947 0.176419 0.121255 0.121532 0.110489 0.173223 0.135135
0.208988 0.103614 0.164048 0.123305 0.153564 0.132838 0.113644
0.157932 0.179972 0.156299 0.146962 0.108406 0.119390 0.131039
0.134479 0.147152 0.134426 0.118693 0.152318 0.164234 0.148698
0.184577 0.168190 0.122720 0.125200 0.140458 0.128278 0.130578
0.132798 0.200692 0.137565 0.133420 0.146750 0.121939 0.126836
0.178295 0.136461 0.172270 0.103497 0.114466 0.124606 0.170405
0.151841 0.107469 0.146634 0.143871 0.164312 0.139526 0.146347
0.141642 0.120150 0.144327 0.184117 0.139179 0.141737 0.128848
0.122040 0.166370 0.135079 0.147398 0.132386 0.147162 0.149565
0.176607 0.149391 0.116208 0.124500 0.177208 0.125357 0.130728
0.149089 0.157326 0.171447 0.123170 0.127159 0.131835 0.139972
0.156888 0.129090 0.170744 0.128951 0.134916 0.144915 0.134495
0.159377 0.151554 0.129968 0.109736 0.125442 0.197249 0.126673
0.177561 0.119663 0.126601 0.142069 0.145313 0.160156 0.128636
0.186263 0.189153 0.110516 0.109620 0.109376 0.123132 0.171940
0.204177 0.148564 0.108973 0.134809 0.145268 0.115290 0.142919
0.156314 0.198835 0.135168 0.118329 0.131978 0.126577 0.132799
0.154237 0.231939 0.122884 0.157275 0.102432 0.110341 0.120892
0.223219 0.147826 0.111391 0.118366 0.153080 0.122134 0.123984
0.181599 0.166526 0.132012 0.120539 0.132750 0.135272 0.131302
0.144842 0.165997 0.141531 0.135413 0.130972 0.143472 0.137773
0.129574 0.158340 0.142431 0.171231 0.137140 0.134098 0.127186
0.180743 0.125639 0.137255 0.139830 0.138995 0.147076 0.130462
0.169499 0.153851 0.143617 0.127114 0.112967 0.141400 0.151551
0.132765 0.135056 0.152006 0.153302 0.146255 0.135494 0.145123
0.122197 0.167022 0.148447 0.130951 0.140512 0.145433 0.145439
0.152788 0.136336 0.133073 0.176906 0.125812 0.137383 0.137703
0.141745 0.144364 0.131946 0.140566 0.152164 0.140150 0.149064
0.182715 0.119071 0.130650 0.127593 0.150549 0.138872 0.150549
0.190556 0.184022 0.131222 0.117318 0.123093 0.126392 0.127397
0.159226 0.120737 0.138842 0.158263 0.145477 0.135402 0.142054
0.115138 0.154106 0.125475 0.135820 0.192000 0.141250 0.136212
0.206426 0.157058 0.172213 0.104543 0.107930 0.124622 0.127208
0.105852 0.224317 0.139651 0.132508 0.131338 0.136793 0.129541
0.164543 0.132385 0.135898 0.112950 0.161164 0.124731 0.168329
0.134740 0.217114 0.131765 0.122315 0.124166 0.124131 0.145770
0.160281 0.199519 0.138284 0.127589 0.126859 0.123476 0.123993
0.143014 0.202467 0.119323 0.111774 0.165078 0.120368 0.137977
0.199868 0.125378 0.149741 0.145258 0.128276 0.119344 0.132136
0.212891 0.144018 0.144200 0.121146 0.122560 0.130705 0.124480
0.128438 0.113248 0.145207 0.173731 0.146272 0.143183 0.149921
0.201748 0.162478 0.101432 0.125714 0.116357 0.174784 0.117487
0.130783 0.144371 0.149667 0.129830 0.135861 0.155299 0.154190
0.192615 0.144036 0.139762 0.101471 0.146849 0.130578 0.144688
0.142425 0.185356 0.126825 0.135514 0.150450 0.112730 0.146700
0.151578 0.176210 0.127648 0.132165 0.142697 0.134159 0.135544
0.171115 0.129480 0.125446 0.117229 0.143519 0.132556 0.180656
0.145414 0.125209 0.130971 0.135022 0.197156 0.138766 0.127463
0.120565 0.144565 0.123067 0.174828 0.123731 0.160518 0.152726
0.134814 0.146879 0.128659 0.140532 0.138773 0.170121 0.140223
0.186333 0.113243 0.134090 0.122000 0.178535 0.133227 0.132573
0.105396 0.145073 0.132630 0.187777 0.157913 0.124115 0.147096
0.141451 0.131082 0.178353 0.114601 0.188938 0.111873 0.133701
0.138576 0.133558 0.171654 0.151432 0.140257 0.123622 0.140902
0.222008 0.166104 0.137915 0.136096 0.114765 0.104896 0.118216
0.152765 0.130576 0.130583 0.132302 0.144667 0.140278 0.168829
0.126110 0.199465 0.154583 0.122226 0.128562 0.140935 0.128118
0.129520 0.109139 0.128401 0.150903 0.135015 0.131654 0.215369
0.133223 0.115758 0.135752 0.122723 0.150740 0.199672 0.142134
0.191021 0.136446 0.121076 0.139934 0.138797 0.146646 0.126080
0.181306 0.161736 0.115202 0.134416 0.130439 0.128005 0.148895
0.136575 0.135907 0.147442 0.137599 0.145831 0.148180 0.148466
0.152848 0.184419 0.124861 0.123664 0.165032 0.122593 0.126582
0.157275 0.131262 0.156288 0.147804 0.147099 0.127218 0.133054
0.144389 0.181009 0.126868 0.132340 0.142278 0.146768 0.126347
0.179233 0.127186 0.155927 0.133518 0.119393 0.137806 0.146938
0.182545 0.119790 0.111263 0.101487 0.129893 0.174233 0.180790
0.159809 0.136118 0.120748 0.138925 0.163768 0.147455 0.133178
0.188162 0.156363 0.122475 0.118714 0.119471 0.165209 0.129606
0.137726 0.188995 0.167969 0.117157 0.136243 0.119642 0.132268
0.205849 0.122169 0.135848 0.135131 0.132074 0.133139 0.135790
0.141589 0.222476 0.137703 0.117372 0.108325 0.138443 0.134093
0.148930 0.122447 0.125324 0.173087 0.162883 0.120196 0.147132
0.114124 0.212993 0.186264 0.108909 0.115278 0.123028 0.139405
0.148251 0.121689 0.170878 0.157746 0.125823 0.139595 0.136017
0.160113 0.141027 0.168816 0.130654 0.136226 0.131146 0.132019
0.124475 0.127471 0.136309 0.116248 0.196422 0.148563 0.150511
0.115745 0.183337 0.119899 0.152509 0.133605 0.161008 0.133897
0.130818 0.160591 0.113905 0.145908 0.152730 0.147888 0.148160
0.153026 0.155067 0.122132 0.137112 0.157359 0.139181 0.136123
0.111877 0.121279 0.162366 0.171978 0.142601 0.144166 0.145732
0.111407 0.218990 0.114749 0.126354 0.153279 0.126260 0.148961
0.138165 0.156211 0.164661 0.096691 0.161083 0.140058 0.143133
0.139259 0.130167 0.129951 0.128388 0.136129 0.192913 0.143191
0.138451 0.169384 0.120100 0.118138 0.153620 0.146681 0.153626
0.177357 0.143434 0.136019 0.118812 0.138412 0.143580 0.142387
0.126625 0.134219 0.137645 0.155817 0.143517 0.148297 0.153880
0.173967 0.120587 0.130602 0.163826 0.143117 0.124784 0.143117
0.177685 0.134635 0.133986 0.176071 0.132502 0.125717 0.119404
0.169673 0.125620 0.157924 0.133373 0.120391 0.159937 0.133082
0.167364 0.131975 0.137730 0.116647 0.163589 0.132062 0.150633
0.168069 0.183206 0.132050 0.113857 0.136603 0.134206 0.132009
0.201215 0.124198 0.178838 0.110299 0.126752 0.130324 0.128373
0.145841 0.142897 0.121917 0.155769 0.153973 0.142297 0.137306
0.204259 0.138870 0.164553 0.116410 0.124285 0.119557 0.132066
0.102393 0.181400 0.168076 0.145114 0.138202 0.129580 0.135234
0.182595 0.148292 0.126094 0.142060 0.136651 0.135726 0.128582
0.206137 0.181488 0.122458 0.108912 0.126641 0.126321 0.128043
0.160509 0.144505 0.125583 0.129052 0.137939 0.152266 0.150145
0.179106 0.148183 0.109808 0.147941 0.143033 0.133564 0.138365
0.153017 0.131273 0.138943 0.121843 0.156977 0.154517 0.143431
0.196313 0.129105 0.144838 0.141310 0.130398 0.113451 0.144584
0.161984 0.148837 0.142231 0.122495 0.144824 0.137398 0.142231
0.231744 0.102021 0.142015 0.116377 0.134100 0.131737 0.142006
0.165291 0.106989 0.148246 0.155108 0.146624 0.129497 0.148246
0.189676 0.098979 0.164622 0.145098 0.139616 0.126705 0.135304
0.160596 0.111307 0.147224 0.174750 0.144667 0.134581 0.126875
0.160753 0.186278 0.134352 0.123265 0.124423 0.146940 0.123989
0.187395 0.135661 0.140276 0.128834 0.146782 0.126800 0.134251
0.204580 0.154817 0.112390 0.111539 0.123135 0.145406 0.148135
0.135405 0.177872 0.127050 0.168094 0.129719 0.126323 0.135537
0.102208 0.222158 0.132128 0.139854 0.147155 0.143041 0.113455
0.183361 0.176225 0.114153 0.139386 0.116803 0.135112 0.134960
0.158000 0.152153 0.142012 0.133672 0.150461 0.126030 0.137671
0.112300 0.144143 0.151847 0.116044 0.148609 0.173156 0.153902
0.181880 0.163179 0.122009 0.146674 0.122009 0.118709 0.145540
0.138518 0.155459 0.134520 0.182094 0.139290 0.119949 0.130170
0.137120 0.137286 0.136755 0.182345 0.141324 0.134684 0.130486
0.132113 0.166765 0.118707 0.168829 0.134363 0.131462 0.147762
0.156213 0.153836 0.135033 0.115412 0.137922 0.170338 0.131247
0.147847 0.118741 0.147269 0.178885 0.130348 0.151755 0.125154
0.128638 0.137409 0.142311 0.129925 0.155083 0.137708 0.168925
0.186775 0.213361 0.121920 0.103005 0.129063 0.119079 0.126795
0.148605 0.162738 0.137706 0.134524 0.122379 0.146920 0.147128
0.151651 0.196447 0.140527 0.111137 0.120651 0.148432 0.131155
0.131175 0.188686 0.132580 0.127424 0.136371 0.157145 0.126619
0.127426 0.178664 0.125821 0.175566 0.110876 0.123026 0.158622
0.134834 0.134057 0.144669 0.145929 0.151808 0.142260 0.146444
0.129898 0.200087 0.134593 0.126132 0.146800 0.133727 0.128762
0.186816 0.115568 0.139973 0.136773 0.136273 0.130122 0.154476
0.201414 0.152062 0.122330 0.108528 0.149927 0.135092 0.130647
0.130995 0.131866 0.159684 0.139020 0.151037 0.140515 0.146883
0.186044 0.176845 0.126202 0.119537 0.134803 0.129751 0.126819
0.135423 0.162239 0.131238 0.155409 0.134711 0.162295 0.118685
0.150389 0.163581 0.128293 0.119747 0.129126 0.132428 0.176436
0.192472 0.114343 0.122555 0.168720 0.132043 0.127722 0.142145
0.138281 0.127985 0.147119 0.165891 0.136817 0.132582 0.151324
0.117793 0.193747 0.148400 0.111990 0.173852 0.114785 0.139433
0.141189 0.166464 0.139737 0.138189 0.137180 0.135042 0.142198
0.160537 0.177920 0.126297 0.117002 0.138748 0.140647 0.138850
0.164324 0.126615 0.154324 0.127101 0.131487 0.132514 0.163635
0.127195 0.216865 0.135269 0.120513 0.133470 0.133887 0.132800
0.155017 0.145467 0.131605 0.135589 0.136059 0.151797 0.144466
0.152923 0.176175 0.129096 0.144505 0.124689 0.148523 0.124090
0.164513 0.166805 0.123559 0.114069 0.125809 0.126753 0.178493
0.172343 0.165541 0.121895 0.144750 0.124338 0.136587 0.134546
0.170319 0.169600 0.156309 0.125605 0.133361 0.105413 0.139394
0.153015 0.139273 0.151532 0.128809 0.140310 0.139558 0.147504
0.200009 0.204644 0.108748 0.100753 0.137609 0.139435 0.108802
0.136357 0.127992 0.156155 0.139517 0.138130 0.143743 0.158106
0.178147 0.153886 0.136610 0.144061 0.132309 0.135271 0.119717
0.161326 0.153166 0.119445 0.125592 0.131141 0.145942 0.163388
0.108950 0.214707 0.134113 0.135903 0.130656 0.159816 0.115856
0.164763 0.142469 0.126364 0.144605 0.125045 0.134541 0.162213
0.172647 0.109800 0.138194 0.131137 0.156201 0.151889 0.140132
0.163333 0.150858 0.132768 0.161217 0.109872 0.111957 0.169995
0.125000 0.151375 0.159156 0.155011 0.136730 0.134266 0.138463
0.196616 0.131143 0.137025 0.132109 0.139479 0.134299 0.129329
0.145482 0.187458 0.148683 0.113895 0.124222 0.136749 0.143511
0.139869 0.150349 0.137384 0.133083 0.136769 0.151481 0.151065
0.127834 0.155521 0.123650 0.118339 0.138753 0.148049 0.187855
0.170751 0.230651 0.125524 0.104950 0.124192 0.126480 0.117451
0.122250 0.140909 0.137961 0.150364 0.141707 0.150554 0.156254
0.182029 0.134056 0.127337 0.137154 0.157756 0.136015 0.125652
0.122638 0.182734 0.133522 0.121478 0.152204 0.131210 0.156214
0.186933 0.153764 0.120866 0.133204 0.133021 0.138265 0.133947
0.156285 0.194704 0.118695 0.111189 0.137075 0.147559 0.134493
0.145184 0.117182 0.142690 0.126752 0.190299 0.146837 0.131055
0.177588 0.158799 0.105598 0.112836 0.147977 0.144435 0.152768
0.153950 0.089557 0.145706 0.185210 0.141033 0.145766 0.138777
0.149919 0.188400 0.120191 0.110250 0.173537 0.136721 0.120982
0.119190 0.129996 0.141303 0.145913 0.145866 0.159902 0.157832
0.153797 0.146235 0.128720 0.185667 0.132765 0.136597 0.116218
0.124030 0.147670 0.170384 0.143069 0.111136 0.141490 0.162220
0.142838 0.155944 0.140493 0.154023 0.128888 0.140365 0.137450
