0.094020 0.088195 0.121517 0.116140 0.121644 0.106116 0.119140 0.119140 0.114087
0.135672 0.111925 0.114263 0.111477 0.127969 0.094956 0.101246 0.101246 0.101246
0.094838 0.091690 0.089330 0.098318 0.097539 0.134912 0.133526 0.133526 0.126321
0.143245 0.124689 0.133649 0.135386 0.113722 0.084384 0.091612 0.091612 0.081701
0.105132 0.106344 0.104510 0.111802 0.126644 0.112003 0.113517 0.114185 0.105862
0.128112 0.124384 0.119284 0.141212 0.132827 0.095935 0.078975 0.096118 0.083154
0.109083 0.124953 0.095859 0.098785 0.133676 0.125646 0.097406 0.116467 0.098125
0.120330 0.128279 0.140766 0.122233 0.127511 0.082951 0.092307 0.091561 0.094061
0.110381 0.119062 0.102685 0.101513 0.087711 0.128342 0.121099 0.117628 0.111579
0.104213 0.112003 0.125434 0.125689 0.114411 0.102960 0.106552 0.110801 0.097938
0.117205 0.106334 0.128396 0.126056 0.108683 0.083926 0.092119 0.095162 0.142119
0.106180 0.110593 0.120912 0.115938 0.104066 0.112318 0.108481 0.111440 0.110072
0.108117 0.098414 0.124222 0.133478 0.092780 0.152988 0.090547 0.102322 0.097132
0.095610 0.073521 0.101783 0.098504 0.094314 0.139314 0.133288 0.131296 0.132370
0.125370 0.119919 0.108740 0.116949 0.109648 0.121907 0.094218 0.106547 0.096703
0.116157 0.109997 0.115930 0.133768 0.091722 0.109064 0.104404 0.111581 0.107377
0.100462 0.108247 0.131898 0.111975 0.129577 0.087023 0.117863 0.097253 0.115701
0.135471 0.155739 0.108473 0.117860 0.104545 0.090267 0.100240 0.089340 0.098064
0.111943 0.116031 0.141176 0.137218 0.141831 0.081640 0.087620 0.091268 0.091273
0.117359 0.120135 0.142928 0.116310 0.116508 0.081990 0.116485 0.088888 0.099398
0.123863 0.133234 0.108079 0.117586 0.090660 0.103079 0.108118 0.107587 0.107795
0.121187 0.118371 0.124335 0.121810 0.154308 0.092547 0.087873 0.088951 0.090618
0.143853 0.138846 0.111127 0.110201 0.111060 0.095776 0.096829 0.093029 0.099279
0.110425 0.117600 0.091227 0.105006 0.127683 0.112524 0.106027 0.116339 0.113170
0.109131 0.092147 0.132281 0.133110 0.102550 0.109618 0.102738 0.115694 0.102731
0.102315 0.093261 0.128619 0.131363 0.175489 0.080351 0.093090 0.102421 0.093090
0.129657 0.133796 0.088194 0.083833 0.110554 0.111970 0.129614 0.103748 0.108634
0.093872 0.095108 0.129027 0.176640 0.092095 0.092201 0.096715 0.137373 0.086969
0.111559 0.105744 0.103412 0.117675 0.145933 0.099478 0.104803 0.106593 0.104803
0.083627 0.100092 0.105900 0.134699 0.122149 0.118541 0.112803 0.105951 0.116237
0.105319 0.117435 0.087703 0.137363 0.131847 0.116678 0.097758 0.099288 0.106608
0.093539 0.099703 0.148148 0.127217 0.107065 0.125044 0.101200 0.096883 0.101200
0.105149 0.122167 0.142890 0.138611 0.120390 0.097586 0.094894 0.091752 0.086561
0.106875 0.102167 0.113770 0.095988 0.097969 0.119820 0.123676 0.121335 0.118400
0.119949 0.085995 0.181105 0.149158 0.095302 0.070711 0.078491 0.083655 0.135634
0.126039 0.122233 0.102361 0.109316 0.130309 0.088493 0.115786 0.103552 0.101910
0.109231 0.101026 0.134598 0.134058 0.112138 0.104280 0.107111 0.107782 0.089777
0.121828 0.122410 0.089969 0.103074 0.093576 0.131083 0.102002 0.109345 0.126713
0.145097 0.129397 0.133246 0.142930 0.106122 0.069900 0.088490 0.085055 0.099762
0.126676 0.111867 0.084582 0.085683 0.110335 0.160274 0.109574 0.109580 0.101430
0.107704 0.107414 0.116912 0.100048 0.109098 0.114871 0.107502 0.126911 0.109541
0.121217 0.100695 0.125954 0.123753 0.104737 0.093356 0.103273 0.124175 0.102840
0.080637 0.096568 0.114421 0.114421 0.142266 0.109255 0.111423 0.120145 0.110865
0.153773 0.101652 0.137553 0.148471 0.073575 0.091834 0.093839 0.094699 0.104604
0.134788 0.134240 0.099975 0.108473 0.105539 0.105833 0.113147 0.095851 0.102154
0.082484 0.102685 0.166943 0.147048 0.110660 0.081978 0.131981 0.079446 0.096775
0.116848 0.112202 0.114643 0.113159 0.177405 0.096421 0.086415 0.086399 0.096507
0.107359 0.101348 0.150610 0.158452 0.124836 0.088701 0.091294 0.085870 0.091531
0.104945 0.095862 0.110357 0.118349 0.132547 0.101797 0.138984 0.101216 0.095942
0.102413 0.101331 0.107102 0.107102 0.129404 0.118888 0.099188 0.090681 0.143892
0.108604 0.100784 0.105772 0.107393 0.117937 0.120261 0.116395 0.114499 0.108355
0.118823 0.118173 0.108824 0.104278 0.104310 0.114806 0.110520 0.115208 0.105058
0.107670 0.124056 0.104253 0.097312 0.097332 0.127473 0.089413 0.156556 0.095936
0.144901 0.158074 0.112265 0.101473 0.109391 0.092371 0.092043 0.100650 0.088830
0.103995 0.126175 0.111263 0.111263 0.111068 0.094367 0.118553 0.101886 0.121430
0.103501 0.103157 0.125148 0.129734 0.108458 0.095777 0.097072 0.148990 0.088163
0.130606 0.122055 0.125615 0.122187 0.108632 0.092288 0.096384 0.107679 0.094554
0.125140 0.117895 0.120410 0.117033 0.106760 0.102695 0.103686 0.102695 0.103686
0.107803 0.101004 0.113665 0.113665 0.143021 0.102663 0.102663 0.097192 0.118324
0.091428 0.090504 0.146808 0.140795 0.113851 0.109599 0.106220 0.102909 0.097887
0.122694 0.119280 0.094041 0.092894 0.117897 0.115104 0.114766 0.115104 0.108221
0.110687 0.102765 0.101736 0.102853 0.086609 0.112975 0.111099 0.112975 0.158302
0.110126 0.104387 0.105110 0.113443 0.167493 0.102413 0.102413 0.102413 0.092201
0.112096 0.115114 0.091082 0.103288 0.145250 0.102905 0.115111 0.102905 0.112248
0.114786 0.124219 0.131979 0.131734 0.105569 0.097805 0.097805 0.097136 0.098967
0.145969 0.162242 0.106527 0.111106 0.117640 0.093453 0.093457 0.086310 0.083295
0.130577 0.155058 0.094516 0.100638 0.109992 0.106287 0.106287 0.107225 0.089420
0.136098 0.108081 0.132853 0.134584 0.093470 0.095081 0.095081 0.093328 0.111423
0.113453 0.112870 0.144137 0.123638 0.116762 0.101801 0.101801 0.094658 0.090879
0.131106 0.132923 0.107073 0.126850 0.121031 0.089462 0.089462 0.091020 0.111073
0.146364 0.129768 0.122349 0.110275 0.097926 0.096190 0.093107 0.096190 0.107830
0.126051 0.132682 0.132803 0.116461 0.142614 0.093179 0.084595 0.090223 0.081392
0.111865 0.117560 0.102027 0.101076 0.106264 0.117402 0.117402 0.117194 0.109210
0.108866 0.106694 0.096253 0.091482 0.193755 0.105316 0.105316 0.103596 0.088721
0.100630 0.106187 0.115225 0.106476 0.103487 0.109390 0.109390 0.102247 0.146968
0.124583 0.133074 0.111262 0.114409 0.134252 0.089811 0.089811 0.090016 0.112781
0.157316 0.116582 0.075253 0.076164 0.112625 0.114124 0.114124 0.114124 0.119689
0.127960 0.112908 0.102082 0.100566 0.157987 0.106000 0.106000 0.106008 0.080491
0.125572 0.132004 0.101712 0.118088 0.113218 0.098687 0.098687 0.098687 0.113345
0.145205 0.121833 0.103688 0.121545 0.106094 0.091401 0.091401 0.115550 0.103282
0.110176 0.115777 0.115265 0.114786 0.113971 0.110902 0.110902 0.106655 0.101566
0.109467 0.110385 0.105981 0.099357 0.105832 0.120133 0.120133 0.121355 0.107357
0.103490 0.100481 0.088060 0.093258 0.198632 0.109249 0.109249 0.104721 0.092860
0.112130 0.112061 0.116009 0.113435 0.139027 0.092142 0.091276 0.078527 0.145393
0.096760 0.132461 0.111470 0.116893 0.111514 0.104363 0.097582 0.099592 0.129364
0.110056 0.107555 0.132024 0.137333 0.146564 0.088164 0.096691 0.096691 0.084922
0.127968 0.113163 0.092721 0.089635 0.159444 0.109752 0.106749 0.103561 0.097007
0.112884 0.098494 0.114357 0.108951 0.151527 0.104671 0.100204 0.100007 0.108906
0.114494 0.097952 0.118435 0.104589 0.143472 0.099547 0.108183 0.106349 0.106981
0.125486 0.152002 0.123914 0.128425 0.130098 0.083589 0.081863 0.079393 0.095230
0.104784 0.110838 0.118045 0.108403 0.178010 0.098246 0.094842 0.095042 0.091790
0.106783 0.105970 0.122177 0.113241 0.121837 0.111011 0.113979 0.113979 0.091023
0.118600 0.119707 0.141009 0.139054 0.097441 0.095973 0.094272 0.094278 0.099668
0.119046 0.125292 0.134165 0.108154 0.104785 0.082767 0.082731 0.082731 0.160330
0.115795 0.112041 0.123237 0.119337 0.112583 0.084785 0.096908 0.146908 0.088406
0.128321 0.109653 0.106334 0.110405 0.101336 0.107542 0.116667 0.119728 0.100015
0.108396 0.107174 0.111763 0.110891 0.089273 0.119794 0.120640 0.120640 0.111430
0.129564 0.119132 0.120833 0.114934 0.108462 0.095083 0.105004 0.101984 0.105004
0.092198 0.101733 0.086934 0.088518 0.105651 0.105449 0.145858 0.139322 0.134337
0.092885 0.094499 0.093018 0.122174 0.149969 0.132393 0.107023 0.107023 0.101017
0.115641 0.113841 0.102060 0.102393 0.156663 0.103101 0.106603 0.105907 0.093791
0.124920 0.142808 0.094257 0.113024 0.089775 0.100916 0.119688 0.107188 0.107425
0.091883 0.097751 0.106764 0.101164 0.115751 0.122032 0.115996 0.116034 0.132627
0.121104 0.123983 0.124769 0.116955 0.135442 0.072947 0.087993 0.078816 0.137993
0.103284 0.109988 0.094484 0.114500 0.159083 0.093473 0.115161 0.096741 0.113286
0.093071 0.082462 0.114112 0.126385 0.128501 0.109752 0.117187 0.117003 0.111526
0.116020 0.100345 0.125802 0.132032 0.123931 0.105167 0.106126 0.091622 0.098955
0.139100 0.142358 0.106352 0.121865 0.111573 0.091230 0.098437 0.090649 0.098437
0.109224 0.103665 0.101652 0.123096 0.087906 0.132328 0.115241 0.114834 0.112053
0.095460 0.110928 0.122612 0.120560 0.100044 0.122164 0.114304 0.102055 0.111873
0.121180 0.128012 0.126082 0.156257 0.091232 0.089562 0.098795 0.084700 0.104180
0.106274 0.109772 0.123185 0.115096 0.109445 0.103714 0.111823 0.109983 0.110709
0.153947 0.154213 0.092423 0.084542 0.135349 0.097485 0.090439 0.083291 0.108310
0.128285 0.116854 0.120449 0.128957 0.121911 0.089942 0.096859 0.089717 0.107026
0.118773 0.121678 0.130934 0.132639 0.117348 0.093412 0.096153 0.094638 0.094425
0.159406 0.135045 0.128269 0.113554 0.119361 0.087746 0.084585 0.087449 0.084585
0.119782 0.115818 0.126498 0.134273 0.113228 0.091379 0.097503 0.099739 0.101781
0.121739 0.111016 0.096481 0.100749 0.112079 0.103773 0.105488 0.155488 0.093188
0.085232 0.089049 0.144826 0.123373 0.099732 0.104398 0.114691 0.139609 0.099091
0.124384 0.160204 0.090836 0.107035 0.068508 0.113110 0.109516 0.098540 0.127866
0.076860 0.100891 0.112013 0.116433 0.119214 0.099709 0.107361 0.118963 0.148557
0.125950 0.121639 0.108759 0.109964 0.130697 0.104197 0.103181 0.097306 0.098306
0.100583 0.121591 0.096755 0.105999 0.107679 0.110421 0.125850 0.116712 0.114411
0.098902 0.078394 0.122240 0.117238 0.145397 0.113238 0.114843 0.102169 0.107580
0.135827 0.116636 0.111548 0.099811 0.116646 0.122840 0.102258 0.089193 0.105240
0.089126 0.073936 0.143814 0.131085 0.150761 0.103114 0.105033 0.106226 0.096906
0.115374 0.104893 0.109140 0.104550 0.099289 0.114034 0.123730 0.118154 0.110836
0.090907 0.110168 0.139013 0.129720 0.099921 0.110456 0.116813 0.100294 0.102708
0.110904 0.124362 0.116273 0.116005 0.174099 0.081260 0.083209 0.072525 0.121363
0.094862 0.118979 0.135856 0.168842 0.158159 0.069948 0.077823 0.078683 0.096848
0.133722 0.138681 0.123588 0.121053 0.131959 0.090087 0.090224 0.086072 0.084614
0.116050 0.117124 0.113774 0.125438 0.114855 0.104472 0.106347 0.100475 0.101464
0.131539 0.107594 0.091039 0.126750 0.169757 0.090990 0.107649 0.082821 0.091861
0.125435 0.094354 0.123372 0.130173 0.112539 0.106467 0.110928 0.093221 0.103511
0.109943 0.108854 0.123590 0.104694 0.122686 0.117858 0.097025 0.113689 0.101660
0.123002 0.098121 0.123173 0.119916 0.109997 0.111282 0.110995 0.100222 0.103292
0.118172 0.120045 0.108127 0.120758 0.096761 0.113770 0.118421 0.113102 0.090845
0.084354 0.091728 0.107153 0.114139 0.136762 0.113554 0.115992 0.109764 0.126555
0.121671 0.070253 0.147523 0.155295 0.123423 0.076387 0.087419 0.101444 0.116585
0.129860 0.119056 0.109030 0.115805 0.092534 0.103344 0.114359 0.115773 0.100240
0.112523 0.117153 0.147042 0.141428 0.106577 0.095830 0.098329 0.097979 0.083139
0.095643 0.119290 0.113234 0.110662 0.101300 0.110336 0.122669 0.105451 0.121414
0.109678 0.118255 0.122555 0.129988 0.156572 0.091430 0.098573 0.083527 0.089421
0.097777 0.101336 0.121301 0.092929 0.088127 0.111391 0.101499 0.157821 0.127818
0.093014 0.089751 0.142601 0.138918 0.137963 0.100803 0.100803 0.099286 0.096862
0.114952 0.106107 0.122667 0.146183 0.103896 0.107122 0.110073 0.104108 0.084892
0.105099 0.101621 0.127026 0.105596 0.148000 0.114576 0.114784 0.103146 0.080153
0.095097 0.098038 0.157152 0.122229 0.193436 0.080134 0.081855 0.074718 0.097340
0.097126 0.093499 0.116785 0.141601 0.130030 0.100299 0.107442 0.104277 0.108942
0.099294 0.116605 0.114775 0.120714 0.120129 0.107442 0.107237 0.131901 0.081903
0.108885 0.121679 0.101241 0.103923 0.112558 0.097809 0.101170 0.099302 0.153433
0.106585 0.089918 0.111929 0.133733 0.158852 0.083277 0.099936 0.083269 0.132501
0.128811 0.124067 0.122101 0.120519 0.109059 0.093766 0.093766 0.106318 0.101593
0.103135 0.095710 0.097993 0.103001 0.135063 0.138487 0.112810 0.105764 0.108038
0.114977 0.107680 0.112021 0.139200 0.108479 0.109144 0.098508 0.106846 0.103146
0.092838 0.103625 0.125069 0.131402 0.112806 0.111773 0.112694 0.111773 0.098022
0.138076 0.154418 0.106997 0.090972 0.108150 0.096699 0.097531 0.099348 0.107809
0.119842 0.112306 0.129740 0.153221 0.113037 0.088518 0.087327 0.095660 0.100349
0.120427 0.114108 0.118248 0.111366 0.127842 0.106718 0.108229 0.106718 0.086345
0.143730 0.141753 0.141377 0.129174 0.114478 0.081792 0.081792 0.078888 0.087016
0.140120 0.131485 0.125151 0.101451 0.127656 0.089412 0.086270 0.082086 0.116370
0.099961 0.107836 0.157997 0.150283 0.112380 0.093425 0.093216 0.093425 0.091477
0.103894 0.113068 0.102208 0.113279 0.098262 0.118526 0.116744 0.118526 0.115492
0.104757 0.096977 0.110494 0.128854 0.090825 0.119181 0.111613 0.119181 0.118120
0.130419 0.126012 0.118503 0.131504 0.103148 0.096613 0.105413 0.096613 0.091774
0.101489 0.092229 0.123918 0.117671 0.119827 0.117919 0.116890 0.117919 0.092135
0.128721 0.125316 0.109831 0.105788 0.118676 0.104730 0.106656 0.104730 0.095553
0.096548 0.132390 0.100481 0.106839 0.143601 0.097969 0.105710 0.097969 0.118495
0.117014 0.133740 0.133793 0.128330 0.082860 0.102046 0.117045 0.102046 0.083125
0.111275 0.120928 0.130635 0.120662 0.173827 0.084692 0.086893 0.084692 0.086396
0.163376 0.127831 0.101429 0.102419 0.100523 0.092842 0.096220 0.092842 0.122518
0.134502 0.120582 0.131755 0.131746 0.118264 0.091846 0.089253 0.091846 0.090206
0.134730 0.099228 0.111755 0.144292 0.106336 0.103035 0.097573 0.104031 0.099019
0.134368 0.127535 0.094201 0.103060 0.123141 0.094656 0.115491 0.101365 0.106183
0.093163 0.090766 0.124309 0.129098 0.164784 0.098639 0.107017 0.097219 0.095005
0.090176 0.115834 0.129589 0.138063 0.108100 0.106484 0.096640 0.109140 0.105975
0.143299 0.153475 0.104373 0.112562 0.127809 0.078320 0.092674 0.090795 0.096692
0.115081 0.114406 0.106513 0.113169 0.115713 0.112558 0.113243 0.109322 0.099995
0.119534 0.106940 0.131704 0.108114 0.196101 0.085388 0.082097 0.099642 0.070479
0.117721 0.095007 0.124690 0.111118 0.141143 0.087394 0.104406 0.106841 0.111680
0.114075 0.123538 0.099774 0.098579 0.096419 0.125424 0.110744 0.107391 0.124058
0.110411 0.098494 0.131076 0.134564 0.115641 0.098357 0.105756 0.102323 0.103378
0.116770 0.116096 0.107594 0.115130 0.109248 0.098780 0.117299 0.106867 0.112217
0.128141 0.121286 0.092540 0.097327 0.104793 0.115614 0.114513 0.113759 0.112028
0.115506 0.119632 0.146604 0.134814 0.118406 0.096858 0.086079 0.091245 0.090856
0.114830 0.109854 0.130446 0.129446 0.133838 0.088171 0.098961 0.099146 0.095308
0.126607 0.099852 0.127470 0.136301 0.096305 0.101429 0.111548 0.102169 0.098319
0.107056 0.097599 0.117717 0.120298 0.132237 0.142224 0.101740 0.096230 0.084898
0.097881 0.093659 0.139839 0.136074 0.091785 0.125404 0.096862 0.096634 0.121862
0.066057 0.089782 0.112589 0.114464 0.171869 0.116727 0.109050 0.102735 0.116727
0.099368 0.101997 0.133558 0.109745 0.111110 0.126079 0.107471 0.106239 0.104433
0.117797 0.114846 0.120401 0.125214 0.130222 0.093831 0.100893 0.097727 0.099070
0.140547 0.139729 0.112304 0.118027 0.104877 0.090021 0.106570 0.091357 0.096570
0.121546 0.121176 0.100632 0.102844 0.170235 0.094122 0.098953 0.094944 0.095548
0.125270 0.134420 0.127596 0.119442 0.097353 0.092475 0.101824 0.100122 0.101497
0.143210 0.146955 0.155262 0.124841 0.107545 0.076040 0.083551 0.080952 0.081646
0.135860 0.122674 0.125188 0.119378 0.114776 0.095270 0.096694 0.096901 0.093260
0.114104 0.097471 0.137014 0.160667 0.107903 0.100373 0.097298 0.097298 0.087873
0.093190 0.110620 0.127060 0.158026 0.117403 0.094220 0.097408 0.122414 0.079659
0.113662 0.101601 0.130356 0.128743 0.100917 0.103529 0.103722 0.106282 0.111189
0.097006 0.087436 0.097887 0.126610 0.104339 0.110471 0.112305 0.137305 0.126641
0.096094 0.112318 0.160623 0.151875 0.115752 0.086030 0.088500 0.088480 0.100327
0.098221 0.099104 0.107377 0.100369 0.150397 0.114030 0.113829 0.106503 0.110170
0.104215 0.099938 0.107092 0.097538 0.140140 0.113570 0.114336 0.111123 0.112049
0.124503 0.121092 0.121503 0.108110 0.125319 0.094373 0.106175 0.098656 0.100269
0.088612 0.086656 0.101353 0.100832 0.206943 0.103629 0.110120 0.110120 0.091734
0.094102 0.080269 0.098010 0.105659 0.095035 0.173091 0.125009 0.125009 0.103816
0.123243 0.111847 0.130812 0.106995 0.119777 0.094269 0.098949 0.098949 0.115158
0.124321 0.123944 0.084608 0.099933 0.108295 0.104103 0.102435 0.102435 0.149926
0.122754 0.113696 0.108677 0.123267 0.218841 0.076071 0.079090 0.078405 0.079198
0.117223 0.130274 0.127839 0.104039 0.122627 0.079083 0.088998 0.080664 0.149253
0.139401 0.144794 0.109080 0.099529 0.123836 0.095640 0.095844 0.096745 0.095131
0.108651 0.115587 0.156957 0.139877 0.084164 0.099205 0.101080 0.099215 0.095264
0.110789 0.126339 0.092135 0.080021 0.133698 0.113175 0.118182 0.109849 0.115812
0.110916 0.107011 0.120715 0.130348 0.099164 0.101775 0.110447 0.111223 0.108401
0.106557 0.116657 0.117784 0.121380 0.119652 0.109605 0.108439 0.100106 0.099821
0.104611 0.110124 0.146495 0.125591 0.121392 0.093575 0.095600 0.093272 0.109339
0.133756 0.135569 0.119694 0.118005 0.091204 0.094936 0.102164 0.099285 0.105387
0.094871 0.108615 0.147792 0.172077 0.134048 0.105866 0.087338 0.070634 0.078759
0.106645 0.103936 0.155468 0.152092 0.106236 0.093216 0.090781 0.085181 0.106445
0.115197 0.116085 0.116811 0.114974 0.121666 0.101495 0.105149 0.103473 0.105149
0.074000 0.071363 0.158166 0.205368 0.102232 0.097110 0.099723 0.091642 0.100395
0.110998 0.087139 0.111485 0.100646 0.110211 0.115375 0.118795 0.127747 0.117605
0.097059 0.084117 0.142608 0.150149 0.094904 0.111191 0.114871 0.112150 0.092950
0.100500 0.106364 0.128782 0.151110 0.091323 0.106953 0.105001 0.105303 0.104664
0.111125 0.117461 0.123861 0.124846 0.159111 0.090088 0.082945 0.092163 0.098401
0.141502 0.137282 0.083067 0.101795 0.112185 0.108260 0.109811 0.106419 0.099679
0.115310 0.120291 0.123602 0.123013 0.121926 0.102569 0.102569 0.097217 0.093503
0.128724 0.132675 0.098035 0.089826 0.099959 0.127720 0.108097 0.102921 0.112044
0.169177 0.136854 0.077098 0.074419 0.197715 0.087400 0.084465 0.101340 0.071531
0.095428 0.080913 0.141889 0.139456 0.114708 0.109763 0.108042 0.111302 0.098501
0.101985 0.126235 0.101660 0.107886 0.125975 0.104341 0.100632 0.100632 0.130654
0.093588 0.091994 0.102251 0.111836 0.134206 0.099071 0.108127 0.154833 0.104094
0.076637 0.114203 0.133249 0.120127 0.174211 0.095737 0.095737 0.080735 0.109366
0.107057 0.132744 0.124264 0.102836 0.118261 0.101748 0.101756 0.096245 0.115090
0.120582 0.127414 0.136023 0.131729 0.102307 0.096401 0.096401 0.092738 0.096406
0.112178 0.124906 0.107758 0.118945 0.101834 0.106244 0.131244 0.094049 0.102843
0.111977 0.111414 0.100689 0.108435 0.095942 0.111245 0.126047 0.123333 0.110918
0.137345 0.133251 0.106797 0.105532 0.106493 0.098904 0.107109 0.107569 0.097000
0.092185 0.086072 0.131697 0.103520 0.113432 0.125488 0.109029 0.113088 0.125488
0.106635 0.124353 0.141882 0.116702 0.110580 0.095048 0.100875 0.099749 0.104176
0.145969 0.112127 0.112035 0.118079 0.119765 0.106413 0.095394 0.095221 0.094997
0.127506 0.113189 0.139623 0.141303 0.121829 0.095161 0.088793 0.094348 0.078248
0.095421 0.108202 0.134761 0.148364 0.125420 0.096391 0.101870 0.100515 0.089056
0.108644 0.107955 0.125358 0.125788 0.116330 0.097906 0.100681 0.100681 0.116656
0.108066 0.089980 0.114510 0.129050 0.113145 0.107873 0.105245 0.132356 0.099775
0.109329 0.118077 0.092789 0.090341 0.081126 0.113833 0.118957 0.114919 0.160629
0.082364 0.094223 0.119859 0.124418 0.111490 0.114085 0.112714 0.140658 0.100189
0.101220 0.102455 0.096724 0.102534 0.166101 0.118758 0.103834 0.110309 0.098064
0.159194 0.145383 0.112234 0.101542 0.116401 0.091882 0.092088 0.079133 0.102144
0.114092 0.105006 0.116489 0.130518 0.128764 0.108608 0.096104 0.094032 0.106386
0.148964 0.152788 0.117321 0.111444 0.127605 0.089582 0.089590 0.081644 0.081062
0.100095 0.105143 0.098897 0.085317 0.159283 0.114011 0.112947 0.109760 0.114546
0.095293 0.105078 0.125728 0.148719 0.123251 0.096465 0.110235 0.084283 0.110949
0.116053 0.110726 0.104606 0.111069 0.106686 0.114615 0.118227 0.106756 0.111262
0.149630 0.153342 0.098848 0.107696 0.100314 0.084895 0.086073 0.084653 0.134550
0.109694 0.123309 0.122381 0.128182 0.107301 0.103315 0.101675 0.102677 0.101467
0.118083 0.130924 0.107188 0.095474 0.108382 0.110956 0.108796 0.109236 0.110961
0.117618 0.111721 0.171099 0.092267 0.109161 0.090976 0.100976 0.102707 0.103476
0.118088 0.110091 0.095519 0.093295 0.149090 0.110860 0.106540 0.105659 0.110860
0.093714 0.084368 0.132739 0.136418 0.098093 0.104999 0.104804 0.142766 0.102099
0.089180 0.075716 0.112598 0.105595 0.116543 0.129511 0.127324 0.131347 0.112185
0.104619 0.103097 0.134070 0.129472 0.109572 0.111629 0.109489 0.105649 0.092404
0.099848 0.098755 0.131880 0.131255 0.115776 0.099984 0.100180 0.086122 0.136198
0.110342 0.106066 0.092671 0.128442 0.116430 0.106877 0.106877 0.102405 0.129890
0.138132 0.142128 0.115196 0.138648 0.132751 0.084687 0.085370 0.085370 0.077718
0.105677 0.116537 0.103210 0.122149 0.100031 0.110687 0.119020 0.115374 0.107315
0.140990 0.125852 0.087945 0.088013 0.142124 0.097975 0.109554 0.109356 0.098191
0.158722 0.168728 0.088755 0.115444 0.088644 0.087208 0.091942 0.114962 0.085595
0.130099 0.139533 0.121093 0.117782 0.093602 0.094198 0.102532 0.102351 0.098810
0.125227 0.109082 0.123785 0.112457 0.099622 0.111205 0.105494 0.105693 0.107434
0.142153 0.138644 0.136184 0.115486 0.114136 0.095139 0.083964 0.081060 0.093235
0.119169 0.135349 0.147690 0.136344 0.143493 0.082298 0.085440 0.065620 0.084598
0.123884 0.129588 0.132629 0.133961 0.096951 0.096483 0.096692 0.088943 0.100868
0.086540 0.091057 0.134936 0.121740 0.137383 0.089249 0.090363 0.132698 0.116035
0.082974 0.092105 0.131210 0.150184 0.101070 0.111502 0.112693 0.110493 0.107770
0.125394 0.111097 0.096064 0.100573 0.094062 0.119762 0.127638 0.116276 0.109133
0.090519 0.092946 0.121230 0.138885 0.107650 0.096934 0.102323 0.126281 0.123232
0.131160 0.136551 0.083904 0.086621 0.154187 0.121150 0.088999 0.078238 0.119190
0.103549 0.104809 0.121924 0.106792 0.110350 0.117475 0.120787 0.106915 0.107399
0.106414 0.092519 0.128086 0.116165 0.134615 0.118540 0.105263 0.105609 0.092788
0.119896 0.112518 0.109070 0.092922 0.165035 0.107902 0.101835 0.094651 0.096171
0.132274 0.116374 0.106053 0.112159 0.121916 0.105560 0.105351 0.098157 0.102155
0.103309 0.092956 0.135186 0.133080 0.112479 0.099619 0.103652 0.116510 0.103209
0.115506 0.117745 0.131737 0.155870 0.155561 0.084158 0.085694 0.079808 0.073921
0.179816 0.168738 0.108265 0.123670 0.104111 0.078785 0.080711 0.068781 0.087122
0.122832 0.148436 0.121181 0.118392 0.079885 0.088942 0.088942 0.115673 0.115716
0.122692 0.122299 0.119544 0.103980 0.135077 0.115606 0.090614 0.080036 0.110153
0.152163 0.135657 0.103053 0.091309 0.097996 0.112025 0.112025 0.098985 0.096786
0.113323 0.108405 0.126726 0.100369 0.114986 0.110038 0.135033 0.099566 0.091554
0.102367 0.100109 0.115198 0.111730 0.108685 0.111672 0.113974 0.093830 0.142434
0.126172 0.122424 0.087902 0.092972 0.115677 0.119044 0.119044 0.111043 0.105723
0.088018 0.096544 0.091491 0.085466 0.081971 0.133535 0.130886 0.182786 0.109301
0.075539 0.080174 0.112961 0.105438 0.117600 0.116240 0.109097 0.159403 0.123549
0.127575 0.115941 0.103349 0.123244 0.109300 0.100322 0.102971 0.096419 0.120880
0.104814 0.128915 0.115389 0.114928 0.076114 0.107979 0.115122 0.129064 0.107674
0.110156 0.121491 0.134244 0.127892 0.102995 0.108206 0.108206 0.093622 0.093190
0.104717 0.117082 0.138308 0.146037 0.101592 0.097784 0.097784 0.083757 0.112937
0.117065 0.130784 0.130425 0.116802 0.081827 0.108208 0.108208 0.105613 0.101067
0.107546 0.117341 0.124848 0.104945 0.106537 0.110921 0.111589 0.102716 0.113558
0.129518 0.124706 0.131149 0.131866 0.121583 0.079984 0.087127 0.098301 0.095767
0.106682 0.113186 0.139462 0.154717 0.120265 0.093794 0.092856 0.090824 0.088214
0.106244 0.120336 0.129859 0.132846 0.127514 0.091495 0.092572 0.108229 0.090906
0.109808 0.097782 0.101409 0.122439 0.135508 0.110078 0.108887 0.103050 0.111040
0.099574 0.098880 0.158855 0.154615 0.097710 0.102907 0.102270 0.093154 0.092035
0.104154 0.099130 0.112270 0.105620 0.107091 0.111109 0.109291 0.123556 0.127780
0.102993 0.103476 0.087947 0.110276 0.123906 0.119360 0.112267 0.113068 0.126707
0.097897 0.099419 0.112854 0.111556 0.101259 0.117338 0.108270 0.096898 0.154509
0.100268 0.102263 0.126192 0.140737 0.100492 0.113739 0.117874 0.096215 0.102222
0.152340 0.135240 0.084301 0.096294 0.116409 0.101996 0.102274 0.108086 0.103062
0.099167 0.098572 0.123100 0.133323 0.127946 0.115020 0.106156 0.094627 0.102090
0.134712 0.135466 0.122986 0.114296 0.098246 0.100735 0.102894 0.100258 0.090408
0.104363 0.111088 0.126364 0.134080 0.111329 0.107539 0.099197 0.103602 0.102439
0.130172 0.124772 0.106245 0.112511 0.127472 0.101363 0.095302 0.103922 0.098241
0.141702 0.114407 0.112646 0.103659 0.087556 0.125988 0.100595 0.110701 0.102746
0.155704 0.155651 0.116291 0.121924 0.104101 0.089640 0.083921 0.085429 0.087338
0.132483 0.125091 0.125186 0.117871 0.090757 0.101584 0.098684 0.091096 0.117248
0.108361 0.114026 0.141296 0.122057 0.113012 0.098209 0.117927 0.084254 0.100858
0.115116 0.111856 0.090921 0.110965 0.084740 0.105793 0.165136 0.112535 0.102939
0.099869 0.097861 0.103033 0.127055 0.111637 0.106880 0.107561 0.147151 0.098953
0.097416 0.135059 0.105136 0.111597 0.095556 0.105823 0.110168 0.109614 0.129632
0.103263 0.103844 0.071227 0.097087 0.094395 0.128561 0.144144 0.134988 0.122491
0.098121 0.138782 0.111859 0.115381 0.118118 0.106501 0.114161 0.099766 0.097312
0.087786 0.095127 0.095933 0.096279 0.094377 0.136308 0.143451 0.125981 0.124756
0.097751 0.095603 0.107729 0.088664 0.160089 0.116095 0.108500 0.128357 0.097213
0.091399 0.093608 0.127471 0.117566 0.123784 0.114318 0.104581 0.102818 0.124456
0.121557 0.127177 0.114791 0.107793 0.120954 0.096588 0.107294 0.099007 0.104838
0.111362 0.106874 0.113481 0.127491 0.101636 0.114252 0.113079 0.112412 0.099412
0.135795 0.115694 0.118438 0.120362 0.170962 0.086856 0.090646 0.082313 0.078934
0.150081 0.149829 0.132503 0.126154 0.130697 0.054711 0.067822 0.064424 0.123778
0.105550 0.112318 0.096201 0.106204 0.105204 0.109437 0.107035 0.106837 0.151214
0.140498 0.125426 0.122858 0.128461 0.136224 0.082081 0.082081 0.105176 0.077196
0.126319 0.111998 0.121085 0.098778 0.107104 0.106765 0.110440 0.111143 0.106368
0.151094 0.138715 0.111467 0.105352 0.094986 0.099170 0.099363 0.099563 0.100290
0.104394 0.098409 0.153764 0.121665 0.102732 0.121678 0.098689 0.095093 0.103576
0.128138 0.144660 0.113793 0.084597 0.133194 0.093527 0.109863 0.102147 0.090080
0.103407 0.122482 0.110413 0.106197 0.098277 0.111874 0.120848 0.120082 0.106421
0.120580 0.112161 0.081652 0.114117 0.123615 0.116996 0.102978 0.118503 0.109397
0.124615 0.123428 0.103249 0.125090 0.108425 0.094183 0.104156 0.099196 0.117658
0.102533 0.098120 0.096206 0.124681 0.101742 0.099085 0.110484 0.109731 0.157419
0.116128 0.084069 0.113200 0.142073 0.094424 0.138345 0.111159 0.098173 0.102428
0.124820 0.118565 0.112359 0.110244 0.088235 0.119248 0.117764 0.104684 0.104081
0.088000 0.100664 0.095302 0.104877 0.146366 0.107058 0.119368 0.121229 0.117137
0.139060 0.119075 0.122980 0.094030 0.094178 0.109344 0.111750 0.108372 0.101210
0.129639 0.119905 0.112114 0.090182 0.094373 0.113134 0.122953 0.119096 0.098603
0.110688 0.102297 0.083579 0.099008 0.149291 0.109332 0.113983 0.111909 0.119913
0.124154 0.142018 0.093609 0.129658 0.147917 0.089265 0.088579 0.082474 0.102326
0.135097 0.146145 0.118333 0.113923 0.107633 0.099381 0.099062 0.096522 0.083904
0.100502 0.113070 0.125050 0.137570 0.134122 0.090159 0.100735 0.100934 0.097859
0.120037 0.112802 0.123249 0.136234 0.111027 0.095886 0.100538 0.100545 0.099681
0.106152 0.102078 0.125472 0.138848 0.145426 0.098703 0.095485 0.095492 0.092343
0.094091 0.106166 0.119664 0.115124 0.132275 0.103899 0.103891 0.120558 0.104332
0.116972 0.116325 0.124566 0.090883 0.122814 0.101075 0.105125 0.125005 0.097234
0.086427 0.078678 0.136927 0.116905 0.106126 0.111473 0.098863 0.111103 0.153497
0.100955 0.103620 0.090730 0.094252 0.160874 0.106390 0.116720 0.105093 0.121366
0.107102 0.114972 0.114317 0.133578 0.126539 0.093293 0.102564 0.093734 0.113901
0.106883 0.137037 0.104153 0.127894 0.094615 0.107585 0.108550 0.106906 0.106376
0.103175 0.126297 0.126939 0.156444 0.095747 0.094551 0.105086 0.097158 0.094603
0.129909 0.109734 0.106043 0.116295 0.151233 0.089511 0.095165 0.096430 0.105681
0.135837 0.134618 0.103361 0.110832 0.097931 0.109327 0.106782 0.103263 0.098049
0.112785 0.116164 0.104006 0.103634 0.090590 0.156532 0.107805 0.105543 0.102941
0.103155 0.087680 0.101430 0.094970 0.147478 0.111730 0.117765 0.117763 0.118028
0.116421 0.098079 0.114191 0.121212 0.138039 0.103545 0.101735 0.096303 0.110476
0.121960 0.111042 0.117656 0.108423 0.100177 0.108691 0.118202 0.108087 0.105763
0.144809 0.127482 0.138836 0.133812 0.127164 0.069902 0.085652 0.087018 0.085327
0.107822 0.111124 0.114241 0.112507 0.108181 0.117567 0.113930 0.108935 0.105693
0.107493 0.115575 0.170598 0.156308 0.107971 0.089103 0.089103 0.080996 0.082853
0.116745 0.103939 0.109670 0.094390 0.111944 0.105736 0.110380 0.089687 0.157509
0.119228 0.120151 0.133805 0.130762 0.089789 0.098149 0.098559 0.115015 0.094543
0.081622 0.082964 0.123279 0.119926 0.157921 0.127330 0.105177 0.102795 0.098987
0.098731 0.120269 0.104257 0.113009 0.106022 0.116358 0.119641 0.114395 0.107318
0.115529 0.137340 0.082768 0.111029 0.103479 0.111013 0.110597 0.117286 0.110960
0.128519 0.109992 0.120974 0.115798 0.111648 0.137844 0.091926 0.081666 0.101635
0.118288 0.115655 0.138146 0.118960 0.096982 0.092094 0.100016 0.122073 0.097787
0.135156 0.125355 0.099800 0.107973 0.113198 0.107923 0.107923 0.110016 0.092655
0.086682 0.113999 0.141661 0.133574 0.094621 0.139408 0.102018 0.100242 0.087796
0.094008 0.109486 0.126047 0.109720 0.094108 0.098378 0.093078 0.082096 0.193078
0.151445 0.149382 0.101985 0.101323 0.102749 0.097109 0.097109 0.106837 0.092062
0.108667 0.112838 0.133068 0.124181 0.125339 0.095961 0.100246 0.102973 0.096727
0.098959 0.089808 0.112993 0.109108 0.098274 0.117753 0.124227 0.124903 0.123974
0.115820 0.109797 0.104574 0.112753 0.134145 0.108372 0.101229 0.104938 0.108372
0.130778 0.100236 0.125954 0.125449 0.122409 0.094178 0.095116 0.101994 0.103886
0.117047 0.116578 0.113315 0.130347 0.097181 0.106357 0.104603 0.108558 0.106014
0.118080 0.113342 0.109836 0.128107 0.106818 0.108276 0.101810 0.108953 0.104778
0.103858 0.113588 0.108391 0.109823 0.113153 0.110919 0.120811 0.116455 0.103003
0.103055 0.117748 0.114540 0.111144 0.098697 0.105862 0.104941 0.096608 0.147405
0.135573 0.097076 0.112735 0.100004 0.114280 0.103209 0.102070 0.105026 0.130026
0.127369 0.116373 0.120457 0.106974 0.097631 0.103874 0.111999 0.112207 0.103117
0.099878 0.107597 0.102779 0.101871 0.104454 0.127601 0.124369 0.126090 0.105360
0.090083 0.102003 0.107435 0.116632 0.118982 0.111364 0.104221 0.111364 0.137917
0.124895 0.094412 0.135476 0.136753 0.108708 0.090372 0.103720 0.103514 0.102149
0.099217 0.103431 0.103996 0.120520 0.088850 0.105398 0.115607 0.115607 0.147374
0.092252 0.107896 0.119825 0.132680 0.115234 0.116511 0.105801 0.105793 0.104008
0.101321 0.099540 0.106264 0.109368 0.156168 0.112369 0.122589 0.105922 0.086458
0.135429 0.114468 0.134771 0.120100 0.096447 0.091972 0.120689 0.087714 0.098410
0.111182 0.100626 0.123883 0.112769 0.113658 0.097243 0.098667 0.121365 0.120606
0.101162 0.149706 0.117631 0.138981 0.120886 0.094000 0.093992 0.091790 0.091851
0.097697 0.097121 0.119558 0.117121 0.141252 0.110184 0.110211 0.110785 0.096071
0.111492 0.104278 0.117792 0.079590 0.146586 0.116919 0.085126 0.101234 0.136983
0.143010 0.114793 0.131562 0.127660 0.125538 0.088877 0.089445 0.079651 0.099463
0.097370 0.099482 0.114042 0.136010 0.111991 0.100499 0.098682 0.098533 0.143391
0.100299 0.130118 0.097323 0.087786 0.130828 0.116864 0.098828 0.113693 0.124260
0.096047 0.094377 0.123257 0.128160 0.120252 0.107410 0.117254 0.104353 0.108890
0.133039 0.110967 0.107414 0.102673 0.095845 0.109281 0.109944 0.106301 0.124537
0.116282 0.105837 0.142608 0.122384 0.098437 0.091301 0.095301 0.114695 0.113154
0.101517 0.116215 0.101573 0.121673 0.107212 0.113004 0.111856 0.104599 0.122350
0.150943 0.146996 0.114342 0.112560 0.123292 0.091020 0.090992 0.086264 0.083590
0.104929 0.095593 0.131909 0.103260 0.113600 0.106298 0.105108 0.116388 0.122916
0.129116 0.129441 0.127633 0.127639 0.121637 0.089480 0.101090 0.092093 0.081871
0.123421 0.110297 0.137009 0.135024 0.094454 0.094919 0.104121 0.112185 0.088570
0.118922 0.112906 0.123421 0.120688 0.113291 0.116905 0.086536 0.095711 0.111620
0.075933 0.096091 0.121046 0.121245 0.108296 0.115845 0.134672 0.105576 0.121296
0.136669 0.112455 0.119674 0.133543 0.094107 0.099736 0.119344 0.095566 0.088904
0.135781 0.106789 0.118297 0.122171 0.109083 0.101319 0.095890 0.124185 0.086486
0.128986 0.142153 0.102845 0.115643 0.100275 0.107947 0.098636 0.107677 0.095838
0.100211 0.111304 0.115186 0.125903 0.142212 0.104510 0.117617 0.091047 0.092010
0.127891 0.120092 0.108174 0.109668 0.117437 0.111262 0.098220 0.103757 0.103499
0.101441 0.098737 0.106067 0.108919 0.137234 0.110608 0.108243 0.122412 0.106339
0.138883 0.162062 0.074600 0.080736 0.099260 0.129911 0.104007 0.111435 0.099107
0.133704 0.153994 0.102140 0.102756 0.116296 0.103125 0.088898 0.097748 0.101340
0.125441 0.135761 0.125957 0.115043 0.110842 0.086717 0.100030 0.083511 0.116697
0.131787 0.131501 0.108224 0.108498 0.097934 0.106227 0.108522 0.100598 0.106709
0.122161 0.103262 0.094642 0.086496 0.116425 0.098811 0.116610 0.161119 0.100474
0.103391 0.092272 0.128375 0.116032 0.108471 0.105525 0.118025 0.121489 0.106419
0.104076 0.109424 0.130121 0.116490 0.100330 0.111185 0.113685 0.099337 0.115352
0.119589 0.126880 0.106089 0.093601 0.119978 0.112410 0.114369 0.105150 0.101933
0.099796 0.094279 0.124094 0.146054 0.117468 0.095809 0.103282 0.098752 0.120466
0.097525 0.092467 0.127372 0.120928 0.161872 0.101020 0.104879 0.107677 0.086260
0.119969 0.093199 0.128533 0.114168 0.117862 0.116493 0.108159 0.113328 0.088289
0.110160 0.101832 0.123378 0.121524 0.099829 0.102321 0.105915 0.105712 0.129330
0.108610 0.136406 0.126265 0.117030 0.159506 0.082526 0.082878 0.081070 0.105708
0.115719 0.102763 0.107571 0.090028 0.168605 0.107464 0.106420 0.105572 0.095858
0.129265 0.117940 0.109091 0.108411 0.135243 0.105624 0.095624 0.105826 0.092978
0.126085 0.125035 0.119249 0.131224 0.107087 0.103029 0.093029 0.093029 0.102232
0.150894 0.142016 0.096810 0.096535 0.216761 0.075030 0.075030 0.075037 0.071888
0.109868 0.120432 0.109452 0.108506 0.095499 0.106738 0.115066 0.115066 0.119373
0.097435 0.118345 0.099753 0.118850 0.098413 0.107833 0.116167 0.140286 0.102918
0.129716 0.133617 0.099311 0.134878 0.098496 0.113441 0.096775 0.090462 0.103304
0.104903 0.105059 0.090937 0.102875 0.148554 0.106716 0.108533 0.109040 0.123383
0.120761 0.126524 0.102936 0.087321 0.134675 0.098887 0.112523 0.101337 0.115035
0.107024 0.108446 0.126754 0.120880 0.129204 0.099193 0.111449 0.097851 0.099198
0.092436 0.105638 0.124083 0.119159 0.119729 0.109696 0.109696 0.109863 0.109700
0.108943 0.113262 0.118681 0.107524 0.111439 0.112937 0.117965 0.111715 0.097533
0.113669 0.103558 0.113632 0.094378 0.114595 0.117469 0.121737 0.119692 0.101269
0.101953 0.086509 0.125585 0.127818 0.109902 0.107709 0.108614 0.107534 0.124376
0.107686 0.105469 0.098337 0.096377 0.084693 0.130959 0.131996 0.117315 0.127167
0.109930 0.084012 0.118611 0.175160 0.096540 0.114239 0.110096 0.099142 0.092271
0.135385 0.115822 0.115922 0.119290 0.097733 0.108651 0.107656 0.105505 0.094036
0.153167 0.145610 0.109208 0.087803 0.099145 0.089373 0.094391 0.078755 0.142548
0.116578 0.111506 0.132672 0.110074 0.137557 0.091742 0.106270 0.101565 0.092036
0.131847 0.149427 0.105908 0.109522 0.098667 0.112286 0.096300 0.098404 0.097640
0.105645 0.110678 0.126310 0.111671 0.139997 0.094975 0.097045 0.110066 0.103613
0.151564 0.134832 0.092935 0.112416 0.139386 0.088077 0.098018 0.096569 0.086205
0.085975 0.087043 0.115849 0.111959 0.112534 0.106496 0.107290 0.153917 0.118936
0.134094 0.135020 0.104334 0.102127 0.131320 0.096045 0.106474 0.093739 0.096847
0.095881 0.096035 0.126306 0.125496 0.176211 0.094489 0.100225 0.091217 0.094140
0.107905 0.105933 0.122366 0.107677 0.118400 0.111273 0.110601 0.106841 0.109005
0.102840 0.111532 0.123946 0.114776 0.156235 0.097071 0.095669 0.090718 0.107215
0.098437 0.148247 0.121522 0.103646 0.129103 0.089534 0.111033 0.103518 0.094960
0.111250 0.120744 0.122750 0.139415 0.100095 0.100243 0.097263 0.109570 0.098670
0.096574 0.123063 0.109057 0.109537 0.102019 0.121264 0.099373 0.121214 0.117900
0.110458 0.125817 0.094301 0.087180 0.108195 0.121627 0.127824 0.119681 0.104916
0.111519 0.107864 0.112272 0.102103 0.105174 0.118067 0.116399 0.105446 0.121155
0.101921 0.107167 0.118599 0.100413 0.137729 0.122052 0.097971 0.088221 0.125927
0.118846 0.127269 0.117997 0.114089 0.111658 0.102853 0.111855 0.099747 0.095686
0.104133 0.117312 0.103580 0.112923 0.122401 0.117127 0.115610 0.114170 0.092745
0.099978 0.099956 0.109916 0.101933 0.140725 0.105455 0.103784 0.108171 0.130082
0.101683 0.110409 0.095060 0.117543 0.165371 0.093814 0.105868 0.091483 0.118770
0.090502 0.104012 0.106725 0.105100 0.126501 0.112151 0.111949 0.155063 0.087998
0.138482 0.088243 0.081769 0.105945 0.158702 0.103088 0.103096 0.098122 0.122553
0.092307 0.092759 0.109059 0.143864 0.115909 0.118090 0.118083 0.110950 0.098978
0.134621 0.121265 0.090748 0.093475 0.123528 0.107153 0.132153 0.102946 0.094109
0.115415 0.103188 0.092489 0.098254 0.109452 0.119163 0.104799 0.105998 0.151243
0.127514 0.102440 0.104124 0.100919 0.084795 0.124392 0.121956 0.135682 0.098178
0.134642 0.150611 0.129259 0.116326 0.100044 0.095404 0.092754 0.087117 0.093843
0.099298 0.090140 0.126975 0.154083 0.092588 0.102674 0.100300 0.111673 0.122269
0.132289 0.142787 0.103594 0.146834 0.088322 0.080204 0.097661 0.075902 0.132408
0.167510 0.123096 0.105000 0.112747 0.127220 0.097905 0.095436 0.082919 0.088167
0.153597 0.127591 0.100664 0.099928 0.145608 0.085386 0.088952 0.087325 0.110950
0.102197 0.116015 0.106119 0.112669 0.155801 0.098209 0.105437 0.105645 0.097907
0.135778 0.129003 0.101549 0.107902 0.120771 0.108135 0.104054 0.100431 0.092377
0.091160 0.110593 0.147020 0.132373 0.105737 0.089805 0.089805 0.106137 0.127371
0.110035 0.102697 0.097718 0.108009 0.150509 0.112766 0.106055 0.118807 0.093403
0.088062 0.125423 0.119999 0.100376 0.149147 0.096655 0.084546 0.122046 0.113748
0.104138 0.098354 0.145602 0.097974 0.132272 0.094740 0.108703 0.108600 0.109617
0.137912 0.134564 0.116147 0.120658 0.089631 0.094871 0.103986 0.097612 0.104618
0.102854 0.106152 0.106022 0.112383 0.117931 0.121029 0.115449 0.116495 0.101685
0.096078 0.102699 0.095917 0.105664 0.124800 0.150045 0.102725 0.094343 0.127730
0.117400 0.116601 0.100237 0.111128 0.113070 0.108090 0.116411 0.116411 0.100653
0.105356 0.091036 0.087305 0.100545 0.083665 0.140634 0.135529 0.138368 0.117563
0.085763 0.098699 0.118458 0.098361 0.123023 0.140035 0.109822 0.102840 0.123000
0.136667 0.124999 0.105230 0.105155 0.108420 0.111972 0.106322 0.106674 0.094561
0.113428 0.129370 0.104269 0.098140 0.107254 0.114865 0.108600 0.103532 0.120542
