0.156417 0.166255 0.161886 0.176947 0.188900 0.149596
0.154943 0.142357 0.173908 0.149762 0.232263 0.146766
0.164044 0.161551 0.165501 0.154329 0.223217 0.131357
0.132399 0.147413 0.125663 0.161430 0.247253 0.185842
0.182066 0.176425 0.159829 0.144241 0.167603 0.169835
0.166060 0.167544 0.138296 0.139578 0.229489 0.159032
0.147944 0.179632 0.186766 0.170308 0.146399 0.168950
0.169559 0.173677 0.174469 0.146085 0.128737 0.207473
0.150794 0.159911 0.149924 0.166301 0.198694 0.174377
0.173032 0.174727 0.191164 0.134576 0.178983 0.147518
0.189896 0.170434 0.180063 0.142269 0.134550 0.182789
0.179764 0.164881 0.172161 0.170266 0.149250 0.163677
0.156704 0.131028 0.147316 0.176307 0.237531 0.151115
0.158438 0.169051 0.122510 0.140286 0.257330 0.152384
0.180113 0.145886 0.145200 0.131884 0.233464 0.163453
0.150486 0.154065 0.154721 0.163217 0.240610 0.136901
0.164783 0.163495 0.138856 0.156641 0.232787 0.143438
0.139337 0.156432 0.170223 0.155377 0.221755 0.156876
0.140572 0.173197 0.168563 0.235580 0.138359 0.143728
0.181873 0.155806 0.176129 0.140258 0.174527 0.171406
0.161237 0.172362 0.168364 0.139566 0.201872 0.156599
0.157874 0.163871 0.147660 0.197315 0.177688 0.155593
0.139829 0.205730 0.132194 0.121050 0.244388 0.156808
0.146835 0.174638 0.162122 0.157620 0.187479 0.171305
0.164038 0.146562 0.146026 0.158786 0.209407 0.175182
0.140608 0.155997 0.147109 0.191076 0.210350 0.154860
0.163214 0.161734 0.160155 0.174521 0.186690 0.153686
0.162960 0.146851 0.156625 0.161087 0.182104 0.190373
0.162408 0.152978 0.164134 0.165613 0.183536 0.171332
0.219861 0.167203 0.170176 0.148367 0.154516 0.139878
0.181746 0.156011 0.157524 0.195398 0.133763 0.175558
0.192804 0.159195 0.136890 0.194108 0.164035 0.152968
0.173223 0.184569 0.166220 0.171287 0.141988 0.162714
0.172663 0.125129 0.107222 0.196535 0.211779 0.186671
0.131114 0.147950 0.133883 0.162785 0.278454 0.145814
0.167112 0.166757 0.162640 0.133745 0.195071 0.174675
0.153904 0.155979 0.170979 0.163851 0.176909 0.178378
0.146851 0.166617 0.168190 0.136779 0.237546 0.144015
0.162580 0.187013 0.164746 0.176546 0.147537 0.161578
0.181359 0.136309 0.181004 0.152230 0.188161 0.160937
0.149197 0.165731 0.150280 0.199574 0.151224 0.183994
0.161274 0.167843 0.194485 0.176110 0.142743 0.157545
0.176903 0.164625 0.131427 0.154007 0.168968 0.204070
0.145440 0.154802 0.148286 0.152888 0.232696 0.165887
0.160762 0.152228 0.140916 0.147160 0.251378 0.147557
0.175212 0.183175 0.157457 0.130401 0.158810 0.194946
0.146936 0.131381 0.152753 0.137550 0.287987 0.143393
0.171079 0.164630 0.214327 0.157635 0.153004 0.139325
0.159990 0.147477 0.157017 0.135952 0.205876 0.193688
0.141781 0.166881 0.128440 0.188681 0.215208 0.159010
0.163657 0.198306 0.151999 0.157539 0.193612 0.134887
0.142396 0.176829 0.150291 0.139661 0.222092 0.168731
0.159416 0.162360 0.172938 0.176751 0.147491 0.181044
0.172316 0.178907 0.177840 0.159176 0.154095 0.157666
0.227487 0.143479 0.184676 0.125123 0.119645 0.199590
0.139719 0.226408 0.160146 0.159058 0.167752 0.146916
0.155559 0.177147 0.154348 0.157268 0.237781 0.117897
0.165024 0.187631 0.145898 0.163349 0.137260 0.200837
0.155009 0.179247 0.152371 0.171461 0.167785 0.174128
0.170527 0.156648 0.161978 0.186894 0.160535 0.163418
0.153306 0.224246 0.151355 0.130013 0.161133 0.179946
0.138833 0.137925 0.145978 0.167659 0.224911 0.184694
0.163656 0.176470 0.167004 0.152953 0.184165 0.155751
0.188573 0.161805 0.162440 0.130951 0.170469 0.185763
0.159090 0.161227 0.157765 0.152052 0.203122 0.166743
0.157768 0.157455 0.137075 0.130428 0.273148 0.144126
0.166947 0.171566 0.151621 0.160559 0.183978 0.165329
0.154356 0.193965 0.143105 0.132982 0.201789 0.173802
0.165786 0.168331 0.116418 0.147325 0.271837 0.130303
0.165253 0.154125 0.187420 0.150611 0.220865 0.121727
0.164725 0.139794 0.148660 0.156664 0.210659 0.179499
0.163393 0.182847 0.166240 0.160083 0.164893 0.162544
0.152091 0.162408 0.148659 0.201924 0.200005 0.134913
0.151266 0.156094 0.199175 0.150313 0.169166 0.173986
0.195347 0.167536 0.145251 0.134080 0.208579 0.149207
0.169559 0.184531 0.148126 0.152704 0.169142 0.175937
0.151507 0.144671 0.117382 0.147151 0.265133 0.174156
0.184914 0.182817 0.142190 0.156471 0.175460 0.158149
0.161101 0.176254 0.167324 0.196899 0.124620 0.173802
0.183077 0.164780 0.148065 0.171192 0.171525 0.161360
0.171204 0.167493 0.165870 0.135988 0.184231 0.175214
0.144041 0.204737 0.197651 0.137417 0.162437 0.153717
0.173450 0.170601 0.193844 0.146700 0.138440 0.176964
0.162255 0.161405 0.136456 0.128348 0.257675 0.153861
0.177749 0.171718 0.167527 0.170814 0.149873 0.162318
0.166575 0.174060 0.178567 0.172389 0.142893 0.165516
0.143005 0.198447 0.137371 0.147042 0.180795 0.193340
0.133522 0.155087 0.235199 0.166553 0.150952 0.158688
0.172317 0.175787 0.168230 0.164782 0.162488 0.156396
0.153530 0.165355 0.151119 0.145466 0.176520 0.208011
0.142512 0.165573 0.191832 0.175082 0.164662 0.160339
0.187733 0.165582 0.146825 0.159776 0.160200 0.179884
0.202271 0.154963 0.163368 0.173028 0.140319 0.166050
0.169735 0.180806 0.158623 0.154950 0.173371 0.162516
0.138969 0.182806 0.172487 0.153043 0.127429 0.225265
0.161637 0.164424 0.155469 0.129115 0.174602 0.214754
0.151359 0.178779 0.162502 0.143710 0.194847 0.168803
0.151905 0.168048 0.130770 0.157904 0.240836 0.150537
0.157803 0.157018 0.128768 0.124662 0.248747 0.183002
0.151564 0.154225 0.204545 0.137968 0.190016 0.161681
0.165628 0.158394 0.182261 0.148964 0.132990 0.211762
0.166248 0.145845 0.178227 0.161345 0.159025 0.189311
0.165290 0.166085 0.154136 0.163661 0.211876 0.138953
0.144275 0.150655 0.129754 0.158585 0.235868 0.180863
0.146054 0.200547 0.153221 0.123593 0.202903 0.173682
0.193921 0.177758 0.149977 0.163608 0.137947 0.176790
0.163130 0.183265 0.151588 0.188726 0.158167 0.155123
0.179955 0.175859 0.145631 0.175871 0.177038 0.145646
0.152910 0.138081 0.167016 0.127829 0.263211 0.150953
0.151054 0.181488 0.193566 0.159264 0.141731 0.172897
0.145341 0.144360 0.193319 0.148799 0.198873 0.169309
0.161300 0.150678 0.157010 0.163215 0.198098 0.169699
0.156640 0.163191 0.184091 0.165242 0.162091 0.168745
0.170215 0.165300 0.167507 0.138002 0.198284 0.160691
0.162053 0.173286 0.128169 0.132581 0.212087 0.191824
0.160357 0.187608 0.162117 0.170609 0.157414 0.161896
0.171753 0.173125 0.135184 0.164256 0.210635 0.145047
0.179834 0.177857 0.175408 0.129939 0.147009 0.189953
0.154647 0.160919 0.170950 0.164135 0.185458 0.163891
0.126898 0.159732 0.222847 0.150508 0.145086 0.194928
0.163274 0.181211 0.163358 0.141458 0.197431 0.153268
0.143214 0.165373 0.147650 0.171821 0.215004 0.156938
0.159882 0.160849 0.192593 0.137823 0.185365 0.163487
0.155502 0.176471 0.112720 0.138867 0.229511 0.186930
0.148938 0.177146 0.177343 0.157033 0.165226 0.174314
0.162783 0.180824 0.140603 0.185403 0.191035 0.139352
0.158724 0.169559 0.148635 0.203576 0.156456 0.163050
0.172418 0.178382 0.162701 0.134246 0.189552 0.162701
0.176913 0.169539 0.170772 0.156424 0.172793 0.153558
0.196814 0.137418 0.166312 0.192667 0.143913 0.162875
0.168054 0.165588 0.180661 0.152854 0.160909 0.171934
0.163320 0.155808 0.191327 0.162341 0.157227 0.169978
0.157232 0.164654 0.143076 0.159885 0.168978 0.206174
0.145783 0.145227 0.184565 0.133883 0.208466 0.182075
0.183321 0.179764 0.165535 0.176745 0.143810 0.150827
0.182516 0.162532 0.143249 0.163610 0.190062 0.158031
0.159352 0.167165 0.176202 0.160659 0.142067 0.194555
0.145892 0.170198 0.161386 0.131832 0.238388 0.152304
0.133492 0.183121 0.143866 0.186667 0.206033 0.146821
0.145815 0.214004 0.156495 0.167505 0.151342 0.164839
0.166914 0.166453 0.174525 0.148379 0.185440 0.158289
0.154046 0.157713 0.145635 0.211420 0.184405 0.146781
0.167950 0.159707 0.171251 0.152865 0.161014 0.187214
0.192740 0.166062 0.173652 0.151364 0.148921 0.167262
0.126983 0.135872 0.153569 0.204511 0.211929 0.167135
0.184043 0.159576 0.142010 0.157617 0.203245 0.153509
0.170353 0.185678 0.163997 0.141829 0.146500 0.191644
0.178483 0.207027 0.152406 0.171501 0.146868 0.143714
0.180629 0.160365 0.172223 0.169784 0.155980 0.161020
0.155859 0.175957 0.158266 0.189986 0.135947 0.183985
0.143934 0.176766 0.147563 0.136107 0.236520 0.159110
0.154314 0.144796 0.173692 0.192973 0.146249 0.187975
0.184900 0.178480 0.168233 0.172229 0.132977 0.163181
0.161344 0.175577 0.225522 0.133854 0.142433 0.161270
0.136232 0.149675 0.186883 0.145512 0.229487 0.152212
0.175468 0.193449 0.133820 0.146977 0.162243 0.188044
0.148420 0.198917 0.143469 0.146156 0.205421 0.157617
0.168327 0.159666 0.192510 0.152000 0.150106 0.177392
0.131436 0.149830 0.199303 0.164860 0.165751 0.188820
0.133397 0.156990 0.216353 0.145768 0.186075 0.161416
0.173342 0.136180 0.137005 0.148055 0.231379 0.174039
0.169384 0.195689 0.149693 0.140578 0.162032 0.182624
0.168032 0.173685 0.162243 0.148236 0.183107 0.164697
0.159639 0.151374 0.154067 0.155058 0.224572 0.155290
0.149024 0.199276 0.151338 0.151532 0.158445 0.190385
0.158790 0.228206 0.151226 0.167200 0.140125 0.154453
0.192093 0.212141 0.173101 0.138498 0.135414 0.148753
0.136895 0.195138 0.155790 0.198850 0.159590 0.153737
0.160222 0.207548 0.168381 0.143785 0.157685 0.162380
0.180476 0.136188 0.139872 0.190178 0.165809 0.187477
0.180667 0.136199 0.157119 0.158711 0.197782 0.169522
0.164806 0.173897 0.182065 0.158724 0.164626 0.155882
0.177342 0.163073 0.132012 0.158740 0.183790 0.185043
0.152672 0.188835 0.154593 0.172523 0.158132 0.173244
0.177275 0.208231 0.142829 0.153017 0.165693 0.152954
0.178745 0.173884 0.166944 0.168510 0.154739 0.157178
0.132202 0.176982 0.234165 0.140961 0.118323 0.197366
0.146644 0.152626 0.169164 0.139668 0.258370 0.133528
0.149102 0.141249 0.144070 0.160670 0.221693 0.183215
0.148617 0.178068 0.163126 0.135014 0.188309 0.186866
0.153480 0.164723 0.146956 0.147132 0.236051 0.151658
0.133880 0.137882 0.131403 0.180387 0.234921 0.181527
0.154717 0.174495 0.172494 0.142716 0.179038 0.176540
0.173248 0.185629 0.196851 0.176218 0.107938 0.160117
0.142733 0.146565 0.129491 0.147889 0.294846 0.138476
0.172652 0.185223 0.162462 0.146047 0.151516 0.182100
0.183162 0.176668 0.159678 0.157877 0.162112 0.160502
0.155312 0.157639 0.143632 0.165988 0.217994 0.159435
0.180496 0.156684 0.148769 0.147384 0.189683 0.176984
0.169170 0.175280 0.145181 0.159447 0.212070 0.138853
0.163427 0.177505 0.182184 0.151177 0.151930 0.173776
0.140478 0.189791 0.139516 0.110182 0.264078 0.155956
0.188004 0.189940 0.138601 0.148391 0.180018 0.155045
0.136734 0.152831 0.160375 0.179891 0.223893 0.146275
0.157985 0.198844 0.156825 0.112834 0.229386 0.144127
0.168660 0.185133 0.163940 0.154871 0.150632 0.176764
0.170209 0.161370 0.138777 0.180621 0.201613 0.147410
0.154951 0.171926 0.131253 0.138511 0.166082 0.237277
0.211620 0.159727 0.174019 0.162789 0.133123 0.158722
0.151378 0.150727 0.147833 0.229117 0.148896 0.172048
0.135568 0.180283 0.165884 0.155564 0.174260 0.188442
0.159731 0.185988 0.178770 0.151373 0.165019 0.159119
0.155862 0.175205 0.153994 0.223124 0.122473 0.169342
0.168029 0.161743 0.151780 0.143100 0.208692 0.166656
0.134658 0.189507 0.154407 0.138056 0.181362 0.202009
0.169424 0.138930 0.162461 0.168365 0.228034 0.132786
0.150912 0.161481 0.140986 0.169048 0.217990 0.159584
0.161751 0.197937 0.165693 0.147560 0.179597 0.147463
0.155511 0.155822 0.148968 0.149590 0.230161 0.159949
0.169913 0.172494 0.124888 0.148654 0.175037 0.209015
0.166064 0.183374 0.163083 0.155119 0.140194 0.192166
0.167794 0.177132 0.162577 0.175251 0.152362 0.164883
0.173341 0.192994 0.156148 0.143874 0.193853 0.139790
0.161433 0.169135 0.153674 0.164159 0.149963 0.201636
0.145174 0.173351 0.166979 0.178921 0.189807 0.145769
0.133283 0.168786 0.150886 0.149775 0.247299 0.149972
0.150608 0.225396 0.152602 0.150608 0.180769 0.140017
0.184274 0.142379 0.138014 0.184407 0.204155 0.146772
0.151622 0.154946 0.165315 0.134434 0.176361 0.217323
0.146346 0.203881 0.161220 0.136519 0.159662 0.192372
0.147800 0.211396 0.144805 0.161681 0.188135 0.146183
0.163197 0.224629 0.171190 0.160164 0.139117 0.141702
0.152286 0.215829 0.160931 0.140635 0.149956 0.180364
0.165268 0.173686 0.146708 0.185194 0.156007 0.173137
0.152904 0.181267 0.205617 0.152569 0.165582 0.142062
0.167847 0.214121 0.174498 0.154115 0.137562 0.151856
0.168116 0.170779 0.164857 0.178678 0.152721 0.164849
0.159473 0.171853 0.171689 0.139034 0.203311 0.154640
0.146385 0.165160 0.139394 0.155582 0.192974 0.200504
0.169342 0.175894 0.161112 0.182400 0.146870 0.164382
0.165039 0.185517 0.167504 0.156438 0.182425 0.143076
0.137533 0.166410 0.157240 0.137497 0.191387 0.209933
0.158817 0.180909 0.163481 0.167356 0.138074 0.191362
0.139372 0.160513 0.155552 0.163135 0.225342 0.156086
0.145240 0.215116 0.142201 0.144878 0.192074 0.160490
0.181637 0.179811 0.169683 0.165700 0.145142 0.158028
0.172433 0.160235 0.167531 0.167941 0.187665 0.144196
0.153952 0.149106 0.156099 0.124938 0.216431 0.199475
0.165136 0.149843 0.148963 0.181779 0.189041 0.165238
0.200157 0.174945 0.184925 0.154622 0.131706 0.153644
0.147883 0.178059 0.190894 0.129332 0.198878 0.154954
0.145783 0.163662 0.148094 0.175003 0.148186 0.219272
0.145475 0.150348 0.154413 0.194360 0.187792 0.167611
0.183345 0.171714 0.159775 0.190854 0.133177 0.161135
0.165860 0.163394 0.166354 0.153395 0.178453 0.172544
0.166698 0.162543 0.185207 0.186427 0.123448 0.175677
0.166297 0.164679 0.164181 0.167798 0.145455 0.191590
0.125993 0.150387 0.117983 0.148686 0.269180 0.187772
0.155579 0.190624 0.153856 0.155394 0.173655 0.170893
0.164135 0.173450 0.157205 0.139765 0.207081 0.158364
0.156531 0.121727 0.144644 0.166654 0.184970 0.225474
0.145038 0.155016 0.158037 0.152078 0.226913 0.162918
0.160367 0.172029 0.175993 0.149329 0.198056 0.144227
0.157166 0.134652 0.165259 0.175045 0.198088 0.169791
0.135469 0.173605 0.160132 0.181363 0.198863 0.150569
0.184726 0.174091 0.166983 0.152775 0.165159 0.156267
0.182311 0.177505 0.153960 0.163253 0.139303 0.183668
0.158352 0.199543 0.146825 0.158327 0.130265 0.206688
0.167135 0.179853 0.185703 0.137455 0.174092 0.155762
0.178044 0.131199 0.152067 0.165690 0.183239 0.189761
0.144446 0.150446 0.154117 0.167016 0.176101 0.207873
0.144193 0.184039 0.179676 0.140737 0.198844 0.152512
0.190781 0.165519 0.168002 0.196251 0.121363 0.158083
0.162747 0.170399 0.171030 0.170370 0.153541 0.171913
0.170063 0.170433 0.145159 0.172291 0.176844 0.165210
0.153246 0.144966 0.165058 0.156529 0.243342 0.136859
0.126314 0.134152 0.192218 0.112566 0.252182 0.182568
0.207197 0.153415 0.160806 0.152520 0.160530 0.165532
0.175164 0.142327 0.161797 0.154187 0.199810 0.166716
0.151338 0.142533 0.205250 0.134304 0.159586 0.206990
0.144326 0.177910 0.178422 0.162363 0.172467 0.164512
0.177175 0.165147 0.168107 0.188032 0.143253 0.158286
0.139816 0.174348 0.187683 0.160658 0.182974 0.154521
0.172211 0.152072 0.138482 0.172111 0.190598 0.174527
0.155070 0.203903 0.152044 0.159724 0.194800 0.134459
0.154191 0.182727 0.159675 0.180921 0.166506 0.155980
0.166991 0.174033 0.189334 0.193538 0.113140 0.162964
0.171493 0.161551 0.155392 0.193320 0.175336 0.142908
0.148069 0.167307 0.174697 0.182783 0.148112 0.179032
0.162546 0.160517 0.168888 0.153212 0.199348 0.155489
0.145077 0.172594 0.167160 0.161375 0.189863 0.163931
0.164682 0.173076 0.146250 0.151828 0.206150 0.158014
0.170362 0.134901 0.151068 0.155985 0.208371 0.179314
0.129139 0.196525 0.176477 0.163960 0.210849 0.123051
0.178104 0.141186 0.175789 0.156179 0.206381 0.142362
0.195618 0.172039 0.146780 0.182757 0.134861 0.167946
0.146270 0.152575 0.152576 0.133100 0.248339 0.167140
0.149648 0.136022 0.138699 0.153967 0.262711 0.158952
0.155909 0.166040 0.152128 0.170254 0.196277 0.159392
0.157205 0.164905 0.155327 0.174103 0.194057 0.154403
0.152347 0.169239 0.187255 0.169119 0.154342 0.167698
0.152195 0.155194 0.161308 0.136518 0.246399 0.148386
0.155149 0.160726 0.208622 0.170137 0.134364 0.171002
0.141481 0.158746 0.181520 0.147064 0.181710 0.189479
0.185647 0.159871 0.178215 0.175784 0.166651 0.133833
0.148123 0.173624 0.156846 0.129680 0.167717 0.224010
0.141187 0.161704 0.208157 0.134821 0.188924 0.165206
0.194540 0.169287 0.170733 0.163532 0.154600 0.147308
0.137679 0.178062 0.150466 0.138829 0.196528 0.198436
0.163229 0.181260 0.163045 0.143982 0.172350 0.176133
0.161872 0.152099 0.191724 0.163216 0.185183 0.145907
0.133914 0.197628 0.164743 0.147191 0.195468 0.161056
0.155514 0.174930 0.140852 0.138848 0.182612 0.207244
0.163496 0.158329 0.135250 0.217562 0.190552 0.134811
0.140307 0.192576 0.131254 0.154221 0.142393 0.239249
0.143880 0.195431 0.163638 0.137830 0.170090 0.189130
0.156875 0.166233 0.153173 0.172149 0.183953 0.167617
0.158657 0.150790 0.164978 0.153648 0.178175 0.193752
0.170320 0.179904 0.168279 0.147592 0.141417 0.192488
0.165439 0.165073 0.148273 0.168349 0.205129 0.147737
0.152371 0.142650 0.161480 0.142850 0.257695 0.142953
0.162043 0.192774 0.170520 0.150700 0.144358 0.179605
0.151576 0.164563 0.125453 0.164061 0.215157 0.179190
0.128220 0.165005 0.166863 0.128288 0.194289 0.217335
0.148590 0.197955 0.194824 0.152473 0.155049 0.151108
0.144977 0.177703 0.130223 0.156610 0.199144 0.191344
0.167730 0.153533 0.170664 0.150600 0.201897 0.155576
0.179476 0.175251 0.154953 0.165442 0.155219 0.169659
0.194317 0.167318 0.114405 0.165016 0.184066 0.174878
0.170943 0.195598 0.167751 0.151396 0.174808 0.139504
0.170041 0.177996 0.163956 0.165545 0.153647 0.168814
0.182224 0.183008 0.131403 0.175171 0.125432 0.202761
0.153768 0.176184 0.175663 0.161505 0.172887 0.159992
0.146930 0.170457 0.187367 0.144188 0.183794 0.167264
0.134912 0.167044 0.128886 0.209278 0.160199 0.199682
0.151815 0.157633 0.176705 0.158241 0.186082 0.169525
0.135675 0.143475 0.151217 0.197932 0.233195 0.138506
0.164223 0.175206 0.146648 0.219376 0.112834 0.181713
0.163193 0.179698 0.181004 0.170010 0.134904 0.171192
0.187983 0.146516 0.152019 0.128516 0.235865 0.149101
0.179797 0.153062 0.132975 0.136389 0.219432 0.178346
0.180977 0.196106 0.165790 0.152859 0.140853 0.163416
0.191008 0.149411 0.153165 0.165166 0.191834 0.149417
0.168661 0.169591 0.156172 0.178095 0.156642 0.170838
0.167215 0.185224 0.165471 0.155637 0.147892 0.178560
0.154620 0.147119 0.145408 0.207494 0.193049 0.152310
0.147147 0.157198 0.175800 0.157628 0.175073 0.187155
0.150150 0.195537 0.169767 0.171391 0.154917 0.158237
0.145710 0.169334 0.162237 0.142552 0.222227 0.157939
0.171321 0.164252 0.180166 0.140593 0.174087 0.169580
0.172574 0.172775 0.142235 0.167222 0.158644 0.186549
0.141625 0.222134 0.171518 0.140079 0.142013 0.182630
0.177090 0.162874 0.153605 0.140335 0.156234 0.209862
0.163025 0.167623 0.163672 0.160998 0.163654 0.181028
0.127962 0.164017 0.179176 0.200975 0.155110 0.172759
0.147550 0.134928 0.174303 0.135198 0.190571 0.217450
0.169991 0.175698 0.158977 0.175570 0.135994 0.183770
0.173660 0.215469 0.133842 0.143785 0.148036 0.185209
0.152512 0.150303 0.158234 0.181510 0.181471 0.175971
0.169292 0.179027 0.149957 0.157976 0.189130 0.154619
0.193249 0.168546 0.151800 0.184125 0.131307 0.170972
0.154988 0.138542 0.193939 0.161957 0.161240 0.189334
0.175881 0.155660 0.182043 0.147337 0.131434 0.207645
0.165945 0.178789 0.164146 0.167323 0.157855 0.165942
0.135889 0.148084 0.197524 0.167760 0.141375 0.209367
0.198689 0.166819 0.133405 0.146011 0.188060 0.167016
0.148889 0.165699 0.155885 0.164869 0.202369 0.162289
0.150850 0.183279 0.177753 0.155743 0.181589 0.150785
0.191872 0.165315 0.173120 0.130487 0.165520 0.173684
0.151186 0.159434 0.149700 0.206129 0.159211 0.174339
0.158586 0.154799 0.147635 0.143480 0.206365 0.189135
0.170934 0.149447 0.172007 0.160917 0.148318 0.198376
0.160863 0.194303 0.156064 0.161309 0.143342 0.184120
0.164397 0.177634 0.165051 0.138649 0.159349 0.194920
0.196424 0.137290 0.141484 0.213045 0.136237 0.175520
0.156750 0.200552 0.152835 0.160786 0.133558 0.195519
0.155701 0.146463 0.175571 0.185478 0.191170 0.145618
0.159986 0.183967 0.158723 0.144197 0.188917 0.164210
0.133890 0.172039 0.181626 0.131008 0.199988 0.181450
0.171197 0.154204 0.165480 0.166692 0.197527 0.144899
0.160649 0.162093 0.186002 0.164828 0.160411 0.166018
0.146976 0.173230 0.187363 0.152010 0.172388 0.168033
0.136937 0.159032 0.172279 0.177318 0.216642 0.137792
0.264777 0.145289 0.099635 0.135405 0.212711 0.142183
0.139186 0.204713 0.149751 0.173535 0.163483 0.169332
0.179033 0.160104 0.164263 0.164815 0.173637 0.158148
0.150498 0.159152 0.210426 0.130800 0.157529 0.191595
0.137479 0.181814 0.186230 0.151601 0.161366 0.181510
0.191471 0.163204 0.164940 0.178219 0.156551 0.145614
0.191019 0.167173 0.133962 0.184974 0.157494 0.165378
0.165627 0.186807 0.158937 0.172713 0.144523 0.171393
0.170165 0.168233 0.181157 0.154415 0.161853 0.164177
0.189012 0.139152 0.158274 0.176979 0.172620 0.163963
0.154110 0.202302 0.158920 0.160120 0.166864 0.157684
0.173346 0.146750 0.194413 0.132908 0.193954 0.158629
0.149019 0.151875 0.198827 0.188039 0.142546 0.169694
0.152265 0.186590 0.169405 0.144945 0.177776 0.169018
0.196314 0.155834 0.159167 0.163652 0.143012 0.182020
0.155145 0.162917 0.148000 0.165254 0.149312 0.219373
0.154431 0.215610 0.131104 0.159433 0.208328 0.131094
0.140767 0.157421 0.157481 0.139659 0.262934 0.141738
0.215605 0.164241 0.160578 0.175299 0.130215 0.154062
0.152389 0.188446 0.130463 0.160945 0.243374 0.124383
0.139936 0.183280 0.163084 0.143534 0.208100 0.162066
0.124493 0.148260 0.179018 0.152893 0.238198 0.157137
0.151961 0.163382 0.171944 0.155495 0.162393 0.194825
0.188919 0.149633 0.175131 0.152141 0.175152 0.159024
0.133376 0.142080 0.134694 0.172726 0.219557 0.197566
0.171849 0.174609 0.152732 0.157984 0.175487 0.167339
0.149853 0.175167 0.168863 0.141441 0.204599 0.160077
0.175813 0.179675 0.163259 0.160798 0.138906 0.181549
0.168006 0.167383 0.147745 0.142804 0.206700 0.167361
0.173694 0.179535 0.163254 0.175220 0.166083 0.142214
0.125616 0.157275 0.159046 0.163250 0.212971 0.181841
0.164293 0.159131 0.140582 0.156938 0.229974 0.149082
0.170508 0.161744 0.152959 0.169025 0.193264 0.152500
0.133763 0.173395 0.132142 0.195883 0.153108 0.211709
0.202704 0.207824 0.155819 0.147356 0.140064 0.146233
0.134620 0.182534 0.177014 0.138858 0.195836 0.171138
0.171755 0.174302 0.159754 0.146874 0.161701 0.185615
0.177129 0.185573 0.148063 0.142574 0.178406 0.168254
0.191427 0.179475 0.200937 0.122073 0.128798 0.177290
0.164295 0.184305 0.162606 0.163199 0.158402 0.167193
0.164727 0.167025 0.184006 0.157587 0.168623 0.158033
0.136514 0.173465 0.165543 0.139094 0.187869 0.197516
0.153445 0.151661 0.133051 0.196094 0.172936 0.192813
0.150785 0.164577 0.170874 0.164850 0.200240 0.148673
0.138886 0.179157 0.188774 0.170824 0.164512 0.157848
0.178647 0.176287 0.151873 0.191479 0.144755 0.156958
0.162521 0.228949 0.160246 0.142792 0.136364 0.169128
0.168956 0.157221 0.143567 0.148670 0.214092 0.167495
0.155507 0.184494 0.200181 0.162082 0.123893 0.173844
0.153154 0.167221 0.147962 0.169442 0.205804 0.156418
0.136986 0.146130 0.137137 0.137631 0.281758 0.160358
0.184651 0.166326 0.155436 0.159711 0.142543 0.191333
0.200285 0.163354 0.123467 0.170755 0.185350 0.156789
0.144206 0.165519 0.156084 0.151752 0.217450 0.164988
0.155866 0.176630 0.163908 0.160946 0.174235 0.168414
0.155193 0.188339 0.172517 0.174823 0.145789 0.163339
0.146504 0.144417 0.165046 0.137750 0.231446 0.174836
0.164911 0.181625 0.148250 0.176056 0.171970 0.157187
0.170937 0.192259 0.160419 0.174422 0.149377 0.152586
0.118868 0.173143 0.131054 0.162137 0.260561 0.154237
0.168428 0.177492 0.164912 0.174608 0.127452 0.187108
0.172097 0.175461 0.147097 0.165597 0.178183 0.161566
0.165770 0.170158 0.162058 0.160059 0.177439 0.164517
0.180064 0.166182 0.159637 0.180922 0.154355 0.158841
0.183359 0.205822 0.170871 0.131156 0.175706 0.133087
0.121277 0.148784 0.130157 0.174107 0.267408 0.158266
0.162676 0.155277 0.237677 0.138908 0.161426 0.144036
0.143990 0.171742 0.142578 0.166793 0.211155 0.163741
0.143445 0.158754 0.143131 0.189583 0.173520 0.191568
0.193568 0.173936 0.185834 0.148986 0.134966 0.162711
0.184781 0.163357 0.135631 0.192647 0.152356 0.171228
0.128468 0.179667 0.157091 0.145020 0.216522 0.173232
0.182383 0.176089 0.161312 0.165797 0.140541 0.173878
0.159691 0.176603 0.156955 0.160645 0.190713 0.155392
0.144783 0.164734 0.161365 0.159944 0.198615 0.170559
0.159413 0.142636 0.176939 0.118103 0.192728 0.210180
0.140387 0.148901 0.127819 0.196620 0.237309 0.148964
0.124792 0.181326 0.146903 0.175891 0.212444 0.158643
0.191888 0.167188 0.162449 0.143869 0.148804 0.185802
0.151348 0.144877 0.110506 0.165346 0.239849 0.188073
0.182544 0.167451 0.168492 0.122796 0.205184 0.153533
0.176351 0.175230 0.168673 0.153867 0.156283 0.169596
0.185991 0.175342 0.144435 0.130738 0.198859 0.164634
0.165284 0.187280 0.159744 0.157632 0.189252 0.140809
0.148131 0.202050 0.161667 0.135954 0.196889 0.155309
0.197227 0.164833 0.155400 0.165492 0.170415 0.146633
0.164555 0.187619 0.141424 0.164120 0.196737 0.145545
0.189603 0.162402 0.182427 0.167929 0.151635 0.146004
0.189402 0.159956 0.140880 0.176007 0.130702 0.203053
0.187267 0.156600 0.160492 0.153460 0.147917 0.194264
0.161177 0.202621 0.157417 0.155775 0.144185 0.178824
0.166067 0.167609 0.167731 0.156929 0.167725 0.173939
0.141779 0.176800 0.154635 0.143693 0.206331 0.176763
0.154462 0.149805 0.175306 0.164403 0.186189 0.169836
0.157498 0.165526 0.153052 0.167419 0.211500 0.145004
0.158023 0.168506 0.171102 0.180036 0.155905 0.166428
0.165600 0.152875 0.167494 0.160573 0.173330 0.180126
0.167290 0.162915 0.133850 0.140061 0.222425 0.173459
0.203455 0.156913 0.136228 0.148963 0.197467 0.156974
0.156129 0.174643 0.162493 0.154223 0.172355 0.180157
0.161341 0.186038 0.143418 0.160467 0.210539 0.138197
0.184610 0.191652 0.143048 0.157076 0.139325 0.184288
0.146511 0.229814 0.164875 0.150268 0.152203 0.156330
0.168703 0.172571 0.177441 0.137636 0.186993 0.156657
0.194204 0.167288 0.160201 0.165530 0.171240 0.141537
0.143819 0.162504 0.168115 0.148999 0.207664 0.168900
0.168443 0.186183 0.176591 0.167428 0.153081 0.148275
0.176462 0.169281 0.176555 0.138642 0.180364 0.158696
0.165063 0.186294 0.180790 0.139395 0.151148 0.177310
0.152527 0.151383 0.159410 0.181006 0.182540 0.173133
0.155068 0.148992 0.137141 0.185204 0.201157 0.172438
0.169335 0.161086 0.218971 0.139179 0.166848 0.144580
0.146419 0.168049 0.161205 0.157415 0.208748 0.158164
0.173868 0.188042 0.143327 0.152003 0.172055 0.170705
0.149398 0.170228 0.162692 0.119943 0.250575 0.147165
0.162429 0.166912 0.151404 0.169919 0.202336 0.147000
0.142437 0.175611 0.142171 0.192722 0.160720 0.186338
0.171242 0.174697 0.170479 0.168336 0.171233 0.144012
0.145739 0.151489 0.160532 0.158058 0.175832 0.208349
0.160922 0.165601 0.163412 0.197990 0.151043 0.161033
0.166636 0.172081 0.169089 0.167870 0.162582 0.161743
0.179872 0.174895 0.153622 0.154433 0.155825 0.181353
0.161509 0.193926 0.131504 0.164410 0.180360 0.168291
0.165338 0.166497 0.168924 0.192669 0.151814 0.154759
0.148384 0.174995 0.202772 0.179602 0.137448 0.156799
0.145967 0.165547 0.181593 0.171945 0.131878 0.203070
0.175833 0.170575 0.176936 0.143951 0.191235 0.141471
0.155098 0.167612 0.174651 0.125575 0.194557 0.182508
0.185336 0.167048 0.147003 0.165494 0.174299 0.160819
0.170273 0.171426 0.184026 0.177361 0.118339 0.178576
0.161398 0.156287 0.162428 0.140068 0.232451 0.147368
0.162964 0.179276 0.135373 0.194035 0.136179 0.192172
0.163618 0.187775 0.143707 0.146169 0.213843 0.144888
0.175486 0.168813 0.171200 0.158921 0.162063 0.163516
0.162825 0.177201 0.178107 0.155883 0.136257 0.189727
0.188779 0.163040 0.147009 0.176491 0.190938 0.133744
0.167410 0.131625 0.170487 0.164248 0.181442 0.184787
0.162515 0.182385 0.153562 0.209197 0.135978 0.156363
0.175584 0.149208 0.186470 0.142858 0.163756 0.182123
0.134400 0.186811 0.156729 0.181761 0.182255 0.158044
0.159242 0.159864 0.144678 0.181435 0.175556 0.179224
0.172522 0.181479 0.150836 0.166297 0.165800 0.163066
0.181428 0.152250 0.150594 0.164701 0.154062 0.196966
0.154578 0.199500 0.159223 0.128472 0.189920 0.168307
0.185009 0.174491 0.150092 0.163282 0.184438 0.142688
0.125027 0.182166 0.189050 0.155966 0.201121 0.146670
0.154721 0.170364 0.153214 0.158729 0.207897 0.155075
0.174833 0.183574 0.154860 0.152058 0.199979 0.134697
0.158616 0.163682 0.174645 0.160980 0.163735 0.178342
0.168711 0.161598 0.195155 0.158437 0.139678 0.176421
0.176567 0.169829 0.126478 0.149020 0.193129 0.184977
0.166837 0.159806 0.160737 0.175234 0.152127 0.185260
0.167867 0.181497 0.147607 0.123658 0.186943 0.192429
0.195439 0.171686 0.174790 0.164147 0.134616 0.159321
0.167902 0.158783 0.181223 0.153725 0.197205 0.141162
0.154651 0.175733 0.146625 0.192407 0.148432 0.182151
0.149574 0.176991 0.154981 0.162169 0.197592 0.158694
0.157087 0.204710 0.152441 0.136552 0.196253 0.152958
0.138676 0.136289 0.150909 0.170543 0.213849 0.189734
0.160500 0.170801 0.176271 0.170576 0.158141 0.163711
0.153615 0.142518 0.167431 0.179086 0.200147 0.157203
0.140960 0.153830 0.148880 0.134594 0.206775 0.214961
0.173323 0.200977 0.171900 0.151614 0.147419 0.154768
0.147987 0.190257 0.187584 0.136597 0.197380 0.140195
0.170096 0.170955 0.162220 0.167245 0.124060 0.205425
0.151634 0.176850 0.159313 0.164682 0.209410 0.138110
0.182753 0.160240 0.183805 0.140787 0.189735 0.142680
0.136704 0.168364 0.184904 0.163869 0.176517 0.169643
0.188827 0.177964 0.145639 0.147283 0.189076 0.151211
0.153429 0.150883 0.183793 0.134172 0.211330 0.166393
0.151329 0.156330 0.147060 0.135871 0.249698 0.159712
0.166603 0.166365 0.163982 0.142631 0.188677 0.171743
0.164383 0.200240 0.157006 0.116019 0.184469 0.177882
0.160780 0.182498 0.158479 0.191680 0.124085 0.182478
0.153976 0.167557 0.147202 0.135115 0.217580 0.178571
0.152519 0.170861 0.171989 0.180856 0.173989 0.149786
0.186621 0.138430 0.162294 0.203001 0.156602 0.153053
0.180852 0.165578 0.173682 0.137211 0.160978 0.181700
0.180903 0.172242 0.182050 0.175962 0.146359 0.142485
0.173425 0.174790 0.171286 0.142638 0.176430 0.161432
0.158029 0.162719 0.159753 0.127831 0.209237 0.182430
0.118144 0.154650 0.148513 0.152233 0.258421 0.168038
0.162616 0.158501 0.145005 0.196358 0.179946 0.157572
0.158837 0.189704 0.135224 0.148240 0.195260 0.172736
0.154641 0.181591 0.158393 0.164016 0.208250 0.133109
0.166899 0.162169 0.158852 0.128072 0.240745 0.143264
0.151311 0.154733 0.207957 0.156070 0.149577 0.180352
0.192460 0.184974 0.165432 0.162151 0.126791 0.168193
0.164296 0.139966 0.170066 0.156529 0.220707 0.148436
0.175520 0.162781 0.170123 0.181732 0.162350 0.147494
0.170497 0.171851 0.147207 0.185765 0.122234 0.202446
0.165380 0.150114 0.157972 0.181122 0.182008 0.163404
0.157078 0.229820 0.158874 0.152251 0.140337 0.161639
0.157666 0.187530 0.136286 0.172266 0.206114 0.140137
0.188230 0.141496 0.145120 0.135994 0.230198 0.158963
0.159553 0.178457 0.156046 0.162278 0.183367 0.160298
0.159769 0.186507 0.173322 0.162420 0.154296 0.163686
0.143345 0.177669 0.192899 0.128183 0.214521 0.143383
0.172413 0.148422 0.132043 0.133478 0.262511 0.151133
0.170089 0.173293 0.168666 0.153502 0.157106 0.177344
0.182742 0.148593 0.161571 0.186501 0.143891 0.176702
0.169305 0.161862 0.152987 0.170952 0.180476 0.164417
0.144363 0.172206 0.177101 0.160210 0.192015 0.154105
0.170739 0.160785 0.157911 0.122279 0.231029 0.157257
0.159297 0.156015 0.168108 0.188811 0.160788 0.166981
0.148104 0.189886 0.185725 0.149203 0.170471 0.156611
0.158032 0.181840 0.182705 0.146834 0.173749 0.156841
0.203542 0.143569 0.162965 0.169551 0.166749 0.153624
0.150876 0.178846 0.132768 0.148320 0.251907 0.137282
0.162913 0.144081 0.171549 0.202047 0.131919 0.187492
0.146118 0.205144 0.145240 0.186885 0.154326 0.162286
0.132400 0.183813 0.143976 0.154591 0.205089 0.180132
0.190246 0.190085 0.170522 0.143156 0.165669 0.140322
0.175805 0.175079 0.173461 0.147178 0.170000 0.158477
0.149083 0.180956 0.219657 0.138669 0.148514 0.163121
0.172327 0.197580 0.170059 0.166394 0.141897 0.151743
0.200713 0.144963 0.169337 0.136284 0.172286 0.176417
0.143679 0.148096 0.143756 0.187499 0.237200 0.139771
0.226249 0.151409 0.153361 0.144871 0.171669 0.152440
0.157519 0.188754 0.165357 0.178519 0.157614 0.152237
0.141401 0.157906 0.143960 0.137740 0.259355 0.159637
0.149839 0.186117 0.154732 0.144334 0.211500 0.153479
0.164839 0.163764 0.173689 0.148039 0.190420 0.159248
0.148853 0.175913 0.186453 0.159148 0.165222 0.164412
0.125233 0.150261 0.135189 0.145590 0.311138 0.132590
0.243058 0.137530 0.165583 0.124579 0.175633 0.153618
0.158823 0.167154 0.154921 0.149420 0.227685 0.141997
0.181685 0.145936 0.131365 0.176113 0.223907 0.140994
0.148294 0.148436 0.153638 0.170729 0.242881 0.136022
0.153917 0.207242 0.161486 0.134253 0.176029 0.167074
0.195867 0.187910 0.150806 0.160848 0.147121 0.157448
0.168925 0.151063 0.173001 0.155840 0.189468 0.161703
0.127034 0.175702 0.222252 0.147313 0.186605 0.141095
0.145860 0.172268 0.143078 0.168177 0.220141 0.150476
0.192448 0.155705 0.163475 0.142056 0.190174 0.156143
0.152666 0.180238 0.166646 0.172988 0.179751 0.147711
0.205258 0.149182 0.140503 0.146232 0.184274 0.174550
0.160017 0.171027 0.170390 0.168641 0.165406 0.164519
0.142805 0.170003 0.163540 0.159547 0.191565 0.172540
0.163819 0.181278 0.138457 0.130772 0.226664 0.159009
0.189692 0.185251 0.149334 0.140950 0.169968 0.164804
0.163369 0.169851 0.172942 0.155340 0.176774 0.161723
0.167889 0.153065 0.152518 0.142061 0.222993 0.161473
0.183887 0.174736 0.157307 0.152442 0.151263 0.180365
0.160495 0.163596 0.225746 0.142957 0.146549 0.160657
0.159332 0.226498 0.150676 0.121924 0.170686 0.170884
0.184948 0.189014 0.146745 0.153271 0.173625 0.152398
0.132177 0.209199 0.141176 0.154717 0.191685 0.171046
0.176708 0.172544 0.156977 0.137814 0.198630 0.157327
0.169551 0.163254 0.160030 0.156706 0.167635 0.182822
0.144026 0.183667 0.204404 0.185762 0.131860 0.150282
0.154091 0.160913 0.213984 0.172961 0.158461 0.139590
0.188216 0.175265 0.172623 0.138425 0.181792 0.143678
0.163467 0.174211 0.207050 0.177968 0.136695 0.140609
0.139423 0.137056 0.157157 0.183286 0.182191 0.200887
0.168657 0.167577 0.138755 0.175746 0.177297 0.171969
0.127671 0.191520 0.160887 0.197475 0.138218 0.184228
0.156884 0.158231 0.126734 0.181999 0.216405 0.159748
0.171037 0.156781 0.171663 0.181052 0.116327 0.203140
0.170576 0.153175 0.170111 0.162217 0.181216 0.162704
0.167079 0.187340 0.155735 0.121047 0.187507 0.181291
0.197578 0.158744 0.155333 0.157104 0.166353 0.164889
0.156596 0.211276 0.157715 0.147562 0.187872 0.138978
0.152013 0.173311 0.174156 0.154356 0.172174 0.173990
0.166486 0.183864 0.198011 0.147957 0.147644 0.156037
0.161002 0.152749 0.169398 0.150322 0.190026 0.176503
0.163652 0.172901 0.215881 0.132852 0.179405 0.135309
0.155752 0.165810 0.180872 0.161262 0.132834 0.203469
0.151503 0.172833 0.172275 0.169340 0.160143 0.173906
0.140409 0.192636 0.202641 0.162391 0.158199 0.143724
0.183794 0.177178 0.150073 0.165355 0.170906 0.152693
0.149790 0.186687 0.151301 0.138816 0.142717 0.230690
0.152157 0.155289 0.175224 0.161070 0.175288 0.180973
0.180445 0.152251 0.180607 0.185809 0.124208 0.176680
0.156734 0.161616 0.148932 0.156897 0.175012 0.200809
0.146465 0.158487 0.163284 0.141002 0.240233 0.150529
0.189134 0.176068 0.151310 0.152098 0.129900 0.201489
0.135839 0.166032 0.103389 0.163734 0.278637 0.152369
0.141384 0.196661 0.176827 0.170485 0.144599 0.170044
0.154146 0.163324 0.129663 0.158528 0.249177 0.145163
0.136495 0.227976 0.140255 0.141019 0.160397 0.193858
0.150166 0.166007 0.175677 0.154088 0.184272 0.169789
0.177797 0.178246 0.212103 0.159545 0.125145 0.147165
0.178981 0.155227 0.167379 0.137496 0.193150 0.167768
0.146085 0.155458 0.168902 0.183609 0.169426 0.176520
0.177638 0.171968 0.176962 0.180648 0.144678 0.148106
0.153858 0.146800 0.149726 0.191482 0.190127 0.168007
0.140759 0.215640 0.203128 0.147638 0.143498 0.149338
0.188148 0.142881 0.184544 0.153691 0.191906 0.138831
0.123832 0.192330 0.153988 0.151062 0.210878 0.167909
0.192319 0.192428 0.168528 0.140171 0.126828 0.179727
0.164391 0.144413 0.164122 0.168000 0.194337 0.164737
0.171527 0.162880 0.137371 0.166900 0.197339 0.163983
0.141827 0.162363 0.183678 0.150987 0.180700 0.180445
0.233601 0.161737 0.129752 0.152994 0.147106 0.174809
0.209604 0.183652 0.135864 0.156686 0.169652 0.144542
0.155883 0.180298 0.177690 0.143081 0.196419 0.146628
0.157710 0.152782 0.149367 0.178096 0.174121 0.187923
0.147031 0.166617 0.141753 0.197456 0.182783 0.164360
0.143059 0.154847 0.157391 0.170374 0.189487 0.184842
0.159796 0.178966 0.187792 0.155728 0.169477 0.148242
0.171274 0.180162 0.158292 0.153204 0.196624 0.140444
0.147219 0.162502 0.194538 0.146214 0.166761 0.182766
0.156996 0.144328 0.128242 0.152541 0.209628 0.208266
0.147622 0.172846 0.151760 0.169680 0.191348 0.166744
0.164514 0.190182 0.190398 0.154459 0.154529 0.145918
0.214193 0.140372 0.147029 0.183501 0.142204 0.172701
0.158115 0.181668 0.142171 0.129402 0.208299 0.180346
0.177747 0.178382 0.157083 0.151607 0.206370 0.128812
0.172417 0.177203 0.184939 0.160526 0.145963 0.158952
0.175750 0.183256 0.150014 0.151828 0.184141 0.155011
0.153202 0.170727 0.170186 0.150378 0.186178 0.169329
0.128359 0.184711 0.147996 0.145455 0.200703 0.192776
0.202554 0.168000 0.154083 0.148675 0.163329 0.163359
0.152872 0.194294 0.188431 0.169107 0.159204 0.136092
0.150276 0.149751 0.153784 0.187533 0.198034 0.160623
0.152979 0.217441 0.159827 0.136269 0.152402 0.181082
0.148060 0.164273 0.199236 0.148530 0.178539 0.161363
0.151988 0.152557 0.175042 0.203574 0.138889 0.177950
0.169183 0.171948 0.145883 0.181544 0.192983 0.138459
0.175393 0.158781 0.129501 0.149882 0.227123 0.159320
0.162020 0.143333 0.190475 0.193373 0.135974 0.174825
0.164955 0.159636 0.169514 0.140835 0.227989 0.137071
0.176899 0.168351 0.151940 0.181357 0.150577 0.170877
0.165877 0.154814 0.168614 0.166037 0.178243 0.166414
0.145988 0.199918 0.143741 0.157592 0.188228 0.164534
0.174524 0.166298 0.164271 0.128436 0.184007 0.182464
0.140231 0.188559 0.193920 0.142907 0.165896 0.168487
0.167931 0.183782 0.171651 0.158197 0.166262 0.152177
0.187504 0.215437 0.137803 0.132641 0.157675 0.168940
0.133597 0.198193 0.165387 0.169648 0.178491 0.154685
0.167234 0.177102 0.170204 0.157296 0.160613 0.167550
0.132183 0.155024 0.155460 0.193831 0.186632 0.176869
0.178160 0.189214 0.178960 0.154279 0.125421 0.173967
0.172078 0.174630 0.147340 0.146216 0.231906 0.127830
0.161713 0.156393 0.164856 0.157644 0.209348 0.150046
0.156765 0.169364 0.159071 0.151731 0.195039 0.168031
0.134933 0.164502 0.162570 0.147456 0.249601 0.140938
0.162061 0.172912 0.191540 0.154396 0.173418 0.145674
0.182554 0.156958 0.164768 0.170649 0.172085 0.152986
0.175385 0.161766 0.148282 0.175392 0.177302 0.161872
0.152471 0.164020 0.185406 0.176951 0.128477 0.192674
0.202382 0.197652 0.161452 0.132409 0.128620 0.177484
0.168969 0.183368 0.159415 0.171141 0.164543 0.152563
0.175771 0.181579 0.170570 0.148481 0.148755 0.174844
0.150256 0.154985 0.141450 0.178131 0.165014 0.210164
0.157266 0.179203 0.175033 0.151375 0.152674 0.184448
0.133744 0.201688 0.174445 0.169446 0.167155 0.153522
0.168755 0.172922 0.178615 0.161909 0.143441 0.174358
0.168029 0.158255 0.155117 0.143431 0.210896 0.164272
0.144997 0.153503 0.140679 0.157113 0.222309 0.181398
0.180926 0.185974 0.171257 0.140330 0.142733 0.178780
0.183371 0.180746 0.153767 0.169744 0.149566 0.162807
0.167184 0.158533 0.152299 0.169481 0.199408 0.153096
0.168886 0.151597 0.181131 0.156835 0.190977 0.150574
0.141649 0.159671 0.175187 0.206425 0.164617 0.152452
0.161944 0.174378 0.163727 0.163390 0.202125 0.134436
0.184346 0.155641 0.185118 0.149172 0.152286 0.173437
0.182327 0.172466 0.167651 0.174761 0.144673 0.158120
0.178007 0.189954 0.124931 0.126684 0.167420 0.213004
0.185989 0.178514 0.140112 0.158473 0.185831 0.151081
0.163436 0.163114 0.164258 0.195579 0.146677 0.166936
0.166121 0.167294 0.165352 0.133340 0.204019 0.163874
0.162063 0.160149 0.168549 0.170536 0.159505 0.179196
0.150487 0.184699 0.196869 0.155803 0.147517 0.164625
0.145897 0.183098 0.168831 0.203182 0.154321 0.144670
0.211905 0.174309 0.172341 0.118746 0.168123 0.154576
