0.206223 0.180562 0.156691 0.245788 0.210736
0.209162 0.209773 0.204937 0.191614 0.184513
0.183081 0.207711 0.211719 0.200043 0.197445
0.218830 0.181689 0.172834 0.164612 0.262036
0.209102 0.207179 0.213307 0.183756 0.186657
0.216260 0.182169 0.227711 0.194947 0.178914
0.244849 0.185712 0.180416 0.189746 0.199277
0.175173 0.224179 0.233635 0.157598 0.209415
0.211125 0.162737 0.204249 0.211383 0.210506
0.195871 0.227367 0.169649 0.184957 0.222157
0.184140 0.191070 0.186161 0.224083 0.214546
0.182023 0.222435 0.203112 0.209976 0.182454
0.201657 0.213265 0.197994 0.188649 0.198435
0.192326 0.189446 0.252884 0.174405 0.190939
0.176170 0.232654 0.250136 0.192755 0.148286
0.234653 0.172337 0.169878 0.198119 0.225013
0.202545 0.224611 0.216200 0.181695 0.174949
0.209769 0.198835 0.200101 0.198862 0.192432
0.183156 0.239754 0.200864 0.177447 0.198779
0.168406 0.208605 0.217952 0.195304 0.209733
0.178653 0.189185 0.178862 0.265274 0.188027
0.207526 0.214623 0.219320 0.171812 0.186718
0.207800 0.168731 0.185398 0.199196 0.238875
0.166263 0.253042 0.240974 0.161667 0.178054
0.193132 0.196158 0.211362 0.179813 0.219534
0.203345 0.213773 0.209001 0.175112 0.198769
0.193669 0.224052 0.257133 0.171167 0.153979
0.197891 0.194663 0.171013 0.190013 0.246419
0.193898 0.216934 0.180404 0.169279 0.239485
0.200648 0.220007 0.190150 0.227747 0.161447
0.167029 0.213435 0.182518 0.256653 0.180365
0.216202 0.163096 0.211678 0.208860 0.200164
0.181999 0.228976 0.211636 0.206299 0.171090
0.177059 0.173423 0.181017 0.233656 0.234845
0.253349 0.209171 0.190584 0.169816 0.177080
0.197544 0.203327 0.180914 0.190072 0.228143
0.198713 0.202641 0.182174 0.187475 0.228997
0.199039 0.219855 0.227938 0.179520 0.173648
0.215335 0.180588 0.171576 0.186518 0.245983
0.188857 0.206204 0.220501 0.200570 0.183868
0.205632 0.176525 0.181566 0.233958 0.202319
0.162035 0.207871 0.246102 0.151528 0.232465
0.180779 0.182097 0.200012 0.196565 0.240546
0.226769 0.222677 0.176645 0.188742 0.185167
0.183623 0.215556 0.173639 0.182530 0.244652
0.207412 0.211594 0.179198 0.201045 0.200752
0.201866 0.204354 0.218196 0.185310 0.190274
0.195638 0.192417 0.184833 0.154772 0.272339
0.183228 0.239540 0.242976 0.169593 0.164663
0.229056 0.232387 0.225115 0.151148 0.162294
0.180313 0.230071 0.242504 0.159466 0.187646
0.175368 0.238741 0.224870 0.183091 0.177931
0.188312 0.205703 0.176830 0.214051 0.215104
0.198833 0.186490 0.178252 0.244624 0.191800
0.198001 0.174310 0.173935 0.239322 0.214432
0.183597 0.192305 0.183360 0.245040 0.195699
0.231965 0.176831 0.180628 0.174045 0.236531
0.197095 0.182669 0.176186 0.222993 0.221058
0.220280 0.207973 0.183378 0.186115 0.202254
0.206538 0.218841 0.221384 0.157123 0.196114
0.188043 0.217414 0.186598 0.182256 0.225689
0.199529 0.218079 0.231438 0.147958 0.202997
0.232663 0.219112 0.163864 0.196702 0.187659
0.147372 0.228888 0.208714 0.197185 0.217841
0.200682 0.193849 0.196774 0.237553 0.171142
0.218363 0.212759 0.191926 0.182443 0.194509
0.169850 0.194950 0.199582 0.214715 0.220903
0.179869 0.238521 0.192603 0.143219 0.245788
0.201483 0.233601 0.214884 0.168288 0.181743
0.212557 0.208270 0.184106 0.192996 0.202071
0.176214 0.218056 0.189591 0.196014 0.220126
0.216908 0.197104 0.194228 0.197779 0.193980
0.160256 0.195000 0.198719 0.234726 0.211300
0.200661 0.156172 0.137508 0.257196 0.248463
0.211001 0.229325 0.218087 0.176585 0.165002
0.213318 0.170361 0.194727 0.215727 0.205867
0.188769 0.187194 0.171170 0.149606 0.303261
0.199706 0.219171 0.187178 0.151805 0.242140
0.188484 0.244171 0.223621 0.169459 0.174265
0.186743 0.207229 0.216789 0.194325 0.194914
0.221780 0.206678 0.201547 0.182044 0.187951
0.173431 0.201152 0.223559 0.205893 0.195965
0.205454 0.172601 0.215781 0.165355 0.240808
0.203628 0.248610 0.210647 0.161237 0.175878
0.198329 0.245277 0.199775 0.175259 0.181360
0.177070 0.210050 0.193883 0.164364 0.254633
0.213018 0.212430 0.167607 0.174277 0.232668
0.203930 0.245060 0.199671 0.179693 0.171646
0.180601 0.183748 0.235852 0.219337 0.180462
0.212766 0.226143 0.177202 0.190266 0.193624
0.182890 0.186282 0.220989 0.181350 0.228489
0.213270 0.174306 0.191586 0.230497 0.190340
0.181687 0.213725 0.205749 0.175418 0.223422
0.208628 0.206618 0.198415 0.200976 0.185363
0.195862 0.203251 0.198127 0.187014 0.215747
0.193947 0.200236 0.193916 0.219968 0.191932
0.175759 0.255888 0.200205 0.202737 0.165412
0.227089 0.197262 0.213413 0.192405 0.169831
0.181603 0.240437 0.210957 0.139378 0.227624
0.178914 0.229030 0.221549 0.161212 0.209295
0.200983 0.173067 0.208450 0.202195 0.215304
0.181350 0.211275 0.216033 0.166757 0.224585
0.198485 0.214121 0.175148 0.219634 0.192613
0.188487 0.203794 0.212989 0.164985 0.229745
0.267810 0.194258 0.164418 0.193033 0.180481
0.229776 0.231720 0.159769 0.201448 0.177287
0.214584 0.156852 0.202748 0.235184 0.190632
0.230024 0.169117 0.147572 0.206363 0.246925
0.173840 0.212057 0.201901 0.203514 0.208687
0.167605 0.219788 0.199837 0.210788 0.201982
0.217853 0.199504 0.190765 0.189636 0.202243
0.171224 0.232671 0.236177 0.167647 0.192280
0.181334 0.194385 0.192797 0.183895 0.247590
0.212462 0.202379 0.196397 0.192715 0.196047
0.182736 0.245707 0.184309 0.204805 0.182443
0.147107 0.201908 0.238071 0.205692 0.207222
0.217862 0.216456 0.216893 0.161772 0.187018
0.214587 0.214200 0.189562 0.200677 0.180974
0.177994 0.226179 0.206027 0.196283 0.193517
0.207734 0.218720 0.192611 0.188982 0.191953
0.179464 0.225442 0.183466 0.170756 0.240872
0.185770 0.206515 0.214950 0.174661 0.218105
0.191376 0.254421 0.222192 0.164531 0.167479
0.218384 0.213529 0.156428 0.193868 0.217791
0.176732 0.188711 0.198253 0.202279 0.234025
0.201099 0.200200 0.206659 0.180118 0.211924
0.215517 0.197508 0.156293 0.183986 0.246697
0.173959 0.197989 0.162635 0.269326 0.196090
0.202216 0.204507 0.199525 0.201857 0.191895
0.192164 0.208084 0.160400 0.195141 0.244211
0.178830 0.192609 0.179650 0.200325 0.248587
0.182122 0.221677 0.237977 0.172033 0.186191
0.202149 0.214960 0.215019 0.184463 0.183409
0.154244 0.243184 0.202230 0.196355 0.203987
0.215118 0.213377 0.232511 0.153523 0.185472
0.204370 0.217539 0.205266 0.166155 0.206670
0.215290 0.236732 0.182528 0.163202 0.202248
0.217777 0.193318 0.242332 0.185866 0.160707
0.164932 0.208814 0.191255 0.217811 0.217188
0.208123 0.229008 0.167533 0.161004 0.234331
0.152853 0.192320 0.246665 0.215537 0.192625
0.186401 0.202160 0.213269 0.189280 0.208889
0.159976 0.244347 0.188639 0.217769 0.189270
0.176887 0.213253 0.216851 0.205083 0.187926
0.184256 0.225979 0.182329 0.179678 0.227757
0.202247 0.225202 0.190696 0.174705 0.207151
0.211012 0.186522 0.185947 0.198740 0.217779
0.182376 0.209656 0.197815 0.214257 0.195895
0.201415 0.174534 0.181549 0.195745 0.246757
0.241626 0.179946 0.202421 0.183133 0.192874
0.186653 0.189413 0.226921 0.208469 0.188544
0.200941 0.220501 0.198988 0.171493 0.208077
0.226021 0.214173 0.160665 0.195290 0.203850
0.156587 0.232551 0.215147 0.176780 0.218935
0.247195 0.205329 0.191259 0.161223 0.194994
0.230330 0.187724 0.185005 0.205407 0.191535
0.171975 0.187737 0.217431 0.218282 0.204575
0.187857 0.233761 0.192677 0.165449 0.220255
0.192477 0.227262 0.230872 0.188965 0.160424
0.168765 0.215143 0.192280 0.194733 0.229079
0.197320 0.203877 0.189457 0.227967 0.181379
0.183090 0.213635 0.176871 0.187096 0.239309
0.152322 0.217272 0.187470 0.188729 0.254206
0.205245 0.233488 0.201617 0.175459 0.184192
0.214704 0.195769 0.201006 0.188406 0.200115
0.191201 0.179517 0.172850 0.197810 0.258623
0.212671 0.190696 0.191014 0.206830 0.198790
0.231500 0.214762 0.205657 0.183134 0.164947
0.177336 0.193290 0.149072 0.227272 0.253029
0.180833 0.226609 0.252294 0.161503 0.178761
0.198417 0.245797 0.209646 0.172640 0.173500
0.173983 0.203290 0.247119 0.163952 0.211656
0.171869 0.213329 0.220380 0.200296 0.194126
0.192756 0.190023 0.198742 0.210775 0.207704
0.189245 0.177318 0.173596 0.217802 0.242039
0.186506 0.186850 0.190397 0.201536 0.234710
0.156540 0.219205 0.259744 0.142955 0.221555
0.189628 0.204854 0.184036 0.215094 0.206388
0.187539 0.185232 0.204401 0.178364 0.244463
0.191611 0.238203 0.208321 0.185610 0.176255
0.238180 0.230098 0.161790 0.157507 0.212425
0.207945 0.231664 0.204392 0.183696 0.172304
0.208345 0.202774 0.199190 0.169639 0.220052
0.188570 0.216803 0.180347 0.170492 0.243788
0.172249 0.202532 0.231317 0.187328 0.206573
0.171093 0.232528 0.198974 0.162957 0.234448
0.199655 0.229996 0.208981 0.194769 0.166600
0.197011 0.208840 0.175194 0.175960 0.242995
0.191350 0.194591 0.225765 0.206340 0.181955
0.189983 0.233663 0.184757 0.175419 0.216178
0.201208 0.222415 0.211929 0.211350 0.153099
0.194182 0.196516 0.195178 0.173510 0.240615
0.220218 0.195935 0.189539 0.218375 0.175934
0.169203 0.210720 0.200286 0.196178 0.223613
0.196569 0.188312 0.237591 0.185920 0.191608
0.186761 0.203929 0.213564 0.182463 0.213283
0.195974 0.200796 0.179636 0.162076 0.261518
0.184152 0.193620 0.224930 0.201087 0.196211
0.168967 0.244124 0.199023 0.183635 0.204251
0.209410 0.211757 0.186089 0.202294 0.190451
0.159523 0.213496 0.241230 0.172920 0.212831
0.213708 0.206774 0.168719 0.219665 0.191134
0.191209 0.228135 0.171958 0.208908 0.199790
0.157719 0.225681 0.187916 0.223724 0.204960
0.209100 0.188458 0.183388 0.182094 0.236960
0.282004 0.189660 0.169361 0.169455 0.189520
0.200378 0.197255 0.213285 0.197700 0.191381
0.226328 0.196399 0.225483 0.170882 0.180908
0.208899 0.212008 0.162007 0.215560 0.201526
0.176343 0.219653 0.228362 0.202030 0.173612
0.206353 0.198423 0.194769 0.165512 0.234943
0.182552 0.257264 0.182717 0.182733 0.194734
0.165430 0.242852 0.229364 0.181451 0.180903
0.206496 0.186918 0.233148 0.176648 0.196790
0.202472 0.206248 0.186429 0.198852 0.206000
0.187619 0.207879 0.232866 0.167291 0.204344
0.217112 0.191340 0.211613 0.187718 0.192216
0.191736 0.220049 0.187568 0.161979 0.238668
0.200760 0.209106 0.208739 0.188308 0.193086
0.203022 0.172027 0.176636 0.174492 0.273823
0.193776 0.197678 0.185823 0.214204 0.208519
0.193314 0.203947 0.207926 0.207980 0.186833
0.197103 0.211141 0.194475 0.216650 0.180631
0.247989 0.200039 0.183377 0.185455 0.183140
0.188718 0.192051 0.163706 0.267593 0.187933
0.180037 0.211081 0.244405 0.147193 0.217284
0.216616 0.185949 0.194226 0.182757 0.220452
0.211024 0.194057 0.194057 0.211198 0.189664
0.190376 0.200368 0.189772 0.166369 0.253115
0.190306 0.191482 0.178604 0.228989 0.210619
0.194395 0.236111 0.214415 0.172692 0.182387
0.168789 0.193013 0.243013 0.206753 0.188434
0.216891 0.193373 0.190157 0.202599 0.196980
0.175058 0.177157 0.169229 0.187430 0.291127
0.188717 0.202159 0.204335 0.178736 0.226052
0.204275 0.204442 0.187938 0.188600 0.214746
0.202168 0.168572 0.205055 0.193909 0.230296
0.203974 0.221665 0.207404 0.180199 0.186758
0.190457 0.206131 0.190996 0.201912 0.210504
0.246541 0.179699 0.192115 0.184842 0.196803
0.224316 0.175250 0.158655 0.228777 0.213002
0.182925 0.198646 0.197228 0.214844 0.206357
0.187503 0.183454 0.172296 0.235609 0.221137
0.149530 0.196360 0.263496 0.206313 0.184303
0.197309 0.195982 0.175080 0.211686 0.219943
0.204523 0.206233 0.202450 0.188990 0.197803
0.192966 0.217345 0.196864 0.174581 0.218243
0.207368 0.225611 0.216247 0.177738 0.173036
0.188041 0.252785 0.170976 0.184425 0.203773
0.230390 0.197325 0.193939 0.177046 0.201299
0.183633 0.179968 0.201155 0.222921 0.212324
0.171135 0.202049 0.204163 0.177424 0.245229
0.215971 0.190285 0.213339 0.188019 0.192385
0.221554 0.172085 0.157272 0.208030 0.241059
0.214179 0.213308 0.185444 0.181704 0.205366
0.180822 0.203342 0.181071 0.202720 0.232046
0.190853 0.204142 0.203991 0.201455 0.199559
0.164662 0.223362 0.193134 0.211471 0.207371
0.203967 0.206679 0.194400 0.175605 0.219349
0.164753 0.175908 0.269941 0.184566 0.204832
0.226800 0.217606 0.188900 0.202175 0.164519
0.168915 0.181473 0.267275 0.181330 0.201008
0.215388 0.179586 0.206897 0.198502 0.199627
0.196206 0.195489 0.202204 0.192627 0.213474
0.178934 0.249759 0.169568 0.191108 0.210631
0.189509 0.201279 0.252202 0.157946 0.199064
0.165211 0.240839 0.178951 0.192488 0.222510
0.253194 0.177770 0.147041 0.208131 0.213864
0.196473 0.181514 0.217928 0.162251 0.241834
0.209345 0.211470 0.171959 0.207985 0.199242
0.152951 0.195577 0.206607 0.224364 0.220501
0.185470 0.217229 0.216669 0.171297 0.209335
0.210372 0.201411 0.203623 0.191174 0.193420
0.186126 0.210934 0.242436 0.159228 0.201275
0.195610 0.203946 0.204534 0.175950 0.219960
0.258808 0.206957 0.166978 0.174612 0.192645
0.215639 0.179226 0.219172 0.202406 0.183557
0.177994 0.220476 0.220030 0.204574 0.176926
0.199857 0.230580 0.175117 0.196492 0.197953
0.171869 0.189037 0.227014 0.218883 0.193197
0.167364 0.199182 0.210099 0.210061 0.213294
0.201951 0.202327 0.213018 0.186982 0.195722
0.173920 0.195543 0.179527 0.232690 0.218321
0.190980 0.197402 0.168826 0.200044 0.242748
0.218410 0.236810 0.183748 0.164026 0.197005
0.241174 0.192189 0.158955 0.223691 0.183991
0.176138 0.218064 0.195388 0.180368 0.230042
0.195103 0.229341 0.204550 0.178372 0.192633
0.194750 0.203378 0.205447 0.205933 0.190493
0.150883 0.229021 0.193830 0.178843 0.247423
0.196159 0.201517 0.209306 0.223546 0.169472
0.191916 0.222944 0.202656 0.151930 0.230554
0.198001 0.214772 0.192264 0.173192 0.221772
0.206102 0.218611 0.206307 0.179331 0.189648
0.273453 0.170050 0.199992 0.174067 0.182437
0.181618 0.176705 0.210680 0.223269 0.207727
0.206169 0.210941 0.230713 0.162173 0.190004
0.208160 0.176484 0.210166 0.219654 0.185536
0.151026 0.255617 0.196417 0.174200 0.222740
0.193112 0.224248 0.223871 0.177310 0.181459
0.168783 0.226251 0.177426 0.235788 0.191752
0.192143 0.215420 0.187185 0.196803 0.208448
0.176178 0.242295 0.246658 0.135057 0.199812
0.204445 0.206782 0.162660 0.244174 0.181940
0.217128 0.194777 0.204487 0.176143 0.207465
0.228589 0.206001 0.194501 0.180099 0.190810
0.179353 0.198451 0.207342 0.218115 0.196740
0.202566 0.210570 0.197351 0.187503 0.202010
0.174498 0.202027 0.214184 0.171998 0.237292
0.174464 0.219564 0.196684 0.197461 0.211827
0.219254 0.200194 0.188275 0.192006 0.200272
0.159456 0.210147 0.201186 0.173768 0.255443
0.168370 0.200284 0.209843 0.188595 0.232907
0.214509 0.197739 0.200173 0.196307 0.191272
0.234381 0.220968 0.214678 0.164408 0.165566
0.206483 0.201295 0.211354 0.206158 0.174709
0.206017 0.231281 0.174242 0.174247 0.214212
0.167470 0.196486 0.203776 0.163064 0.269204
0.172475 0.192529 0.182557 0.220334 0.232106
0.179119 0.217924 0.219582 0.216148 0.167227
0.194427 0.225867 0.246828 0.172277 0.160601
0.183474 0.191272 0.169710 0.203821 0.251723
0.221145 0.223231 0.185826 0.178951 0.190846
0.234557 0.190681 0.152278 0.206234 0.216251
0.206341 0.188060 0.184507 0.202779 0.218312
0.197685 0.228573 0.195683 0.186533 0.191527
0.167310 0.214556 0.194262 0.182749 0.241123
0.177635 0.215294 0.192681 0.177309 0.237082
0.188476 0.219607 0.223954 0.180147 0.187816
0.198780 0.219146 0.203518 0.206061 0.172495
0.186018 0.210311 0.207316 0.214155 0.182200
0.202999 0.212663 0.190802 0.163774 0.229763
0.144624 0.209497 0.221473 0.194005 0.230401
0.217196 0.177358 0.240928 0.189434 0.175084
0.224427 0.202969 0.195564 0.196896 0.180144
0.177360 0.206814 0.165911 0.212087 0.237828
0.185219 0.243525 0.171100 0.172114 0.228042
0.210884 0.207476 0.192350 0.180888 0.208402
0.215093 0.210486 0.216189 0.171070 0.187163
0.198741 0.204920 0.212450 0.196339 0.187550
0.206304 0.178475 0.151434 0.213914 0.249875
0.178290 0.240339 0.165869 0.188455 0.227047
0.205080 0.246106 0.216988 0.166698 0.165129
0.192134 0.210757 0.225480 0.184844 0.186785
0.169485 0.261248 0.240617 0.154438 0.174213
0.200816 0.216412 0.187120 0.208236 0.187415
0.216383 0.213398 0.197910 0.194407 0.177902
0.185411 0.196248 0.198554 0.204471 0.215316
0.236571 0.193822 0.199110 0.192156 0.178341
0.163671 0.221041 0.205032 0.223899 0.186358
0.216835 0.228967 0.150447 0.172717 0.231035
0.187130 0.200532 0.214486 0.209671 0.188180
0.221264 0.193191 0.193773 0.181027 0.210746
0.194329 0.237297 0.223594 0.171358 0.173422
0.164040 0.225881 0.187756 0.181063 0.241261
0.225213 0.217393 0.209344 0.188238 0.159811
0.196138 0.222794 0.201320 0.168003 0.211745
0.189358 0.192982 0.234540 0.161637 0.221484
0.186881 0.237023 0.191138 0.196509 0.188449
0.177337 0.248775 0.184625 0.188136 0.201128
0.193325 0.201841 0.247706 0.174573 0.182556
0.202229 0.208898 0.172109 0.216528 0.200237
0.188466 0.233279 0.230050 0.178314 0.169891
0.190824 0.192276 0.203624 0.179727 0.233550
0.198523 0.205794 0.188044 0.169849 0.237791
0.188342 0.222206 0.215981 0.165346 0.208125
0.230611 0.198257 0.172959 0.152103 0.246070
0.165737 0.209026 0.216748 0.201587 0.206902
0.211581 0.243913 0.220602 0.179874 0.144031
0.180781 0.202768 0.224006 0.206195 0.186250
0.191555 0.218841 0.197668 0.190304 0.201632
0.203209 0.215071 0.207151 0.195281 0.179288
0.183709 0.252617 0.193763 0.179210 0.190701
0.209113 0.183255 0.177655 0.191810 0.238168
0.199459 0.202637 0.215603 0.210720 0.171580
0.219415 0.216319 0.180434 0.176285 0.207548
0.223527 0.191331 0.162046 0.181936 0.241160
0.153007 0.256875 0.200740 0.215030 0.174347
0.167764 0.200064 0.263756 0.162104 0.206313
0.186910 0.244156 0.191724 0.177773 0.199438
0.160282 0.237204 0.247314 0.176940 0.178260
0.209757 0.220740 0.183756 0.188394 0.197354
0.195978 0.193615 0.171576 0.215698 0.223133
0.213081 0.193973 0.184085 0.207719 0.201142
0.194414 0.258379 0.209424 0.159593 0.178190
0.166843 0.268549 0.201174 0.175458 0.187977
0.189313 0.223452 0.181496 0.210672 0.195067
0.151065 0.249838 0.266670 0.149354 0.183072
0.191433 0.215477 0.208790 0.200665 0.183635
0.166572 0.242591 0.188980 0.171555 0.230302
0.181299 0.236535 0.196001 0.199406 0.186759
0.190437 0.219713 0.194660 0.182680 0.212511
0.205758 0.184978 0.211613 0.226819 0.170832
0.181946 0.204347 0.195024 0.221723 0.196961
0.224077 0.213124 0.178799 0.210573 0.173427
0.197367 0.209721 0.202196 0.215523 0.175194
0.234581 0.199883 0.172058 0.176216 0.217262
0.231835 0.241515 0.148527 0.175861 0.202262
0.212397 0.192979 0.182259 0.167078 0.245288
0.239588 0.191879 0.182296 0.196115 0.190122
0.209991 0.192678 0.210987 0.177657 0.208687
0.163157 0.237685 0.213675 0.183180 0.202302
0.232677 0.178960 0.181170 0.208656 0.198537
0.169679 0.268922 0.196382 0.174870 0.190148
0.175442 0.231389 0.194834 0.210770 0.187565
0.197616 0.213689 0.212321 0.176065 0.200310
0.179034 0.237820 0.187951 0.177094 0.218102
0.148271 0.280730 0.181472 0.199175 0.190351
0.205985 0.190613 0.239758 0.173666 0.189977
0.197108 0.206760 0.206342 0.194176 0.195613
0.185997 0.212445 0.171640 0.217068 0.212850
0.201774 0.244279 0.173415 0.179016 0.201516
0.189220 0.203609 0.201437 0.203353 0.202381
0.204380 0.191545 0.194348 0.227356 0.182371
0.192668 0.207551 0.212741 0.180482 0.206558
0.249227 0.172455 0.189988 0.169396 0.218934
0.167012 0.252610 0.196590 0.190666 0.193123
0.255389 0.223055 0.166063 0.158641 0.196851
0.241369 0.196848 0.242210 0.162152 0.157421
0.185291 0.233449 0.202131 0.195612 0.183517
0.240525 0.213583 0.184157 0.187939 0.173795
0.188364 0.193712 0.211264 0.173928 0.232732
0.168738 0.235800 0.208106 0.213175 0.174181
0.197847 0.193559 0.192074 0.195692 0.220829
0.182164 0.162430 0.229546 0.178758 0.247102
0.147795 0.259512 0.167855 0.213711 0.211126
0.254048 0.206806 0.171307 0.162595 0.205244
0.199505 0.202972 0.221128 0.183133 0.193263
0.179652 0.251020 0.183666 0.185309 0.200353
0.194739 0.253664 0.193652 0.178438 0.179508
0.187375 0.185453 0.221460 0.181367 0.224345
0.187525 0.230954 0.194376 0.197376 0.189769
0.224018 0.185674 0.204255 0.215521 0.170532
0.181923 0.212074 0.264955 0.151427 0.189621
0.173095 0.201900 0.203817 0.198451 0.222736
0.168313 0.221765 0.191079 0.211653 0.207190
0.192953 0.209690 0.212830 0.174251 0.210276
0.191405 0.229323 0.173581 0.197813 0.207878
0.224361 0.212835 0.176514 0.204772 0.181518
0.178617 0.204703 0.196659 0.215366 0.204654
0.210531 0.248676 0.176393 0.189115 0.175286
0.204297 0.181262 0.179035 0.239551 0.195855
0.186504 0.223202 0.225253 0.195146 0.169894
0.193771 0.201088 0.197410 0.213537 0.194195
0.231951 0.236840 0.163936 0.156042 0.211232
0.186429 0.212728 0.221032 0.154552 0.225259
0.196106 0.224882 0.190683 0.181638 0.206690
0.194404 0.214242 0.204749 0.205083 0.181522
0.155893 0.173634 0.206127 0.213460 0.250886
0.210678 0.207469 0.230028 0.155256 0.196570
0.229785 0.182608 0.196300 0.194866 0.196440
0.191246 0.211361 0.239019 0.179751 0.178623
0.195791 0.207504 0.208417 0.202903 0.185386
0.166571 0.252348 0.226981 0.176508 0.177592
0.182602 0.195003 0.224440 0.198667 0.199288
0.226175 0.183990 0.154956 0.223012 0.211867
0.203203 0.213307 0.200515 0.223838 0.159137
0.169229 0.261011 0.191193 0.215288 0.163279
0.217751 0.209745 0.170258 0.196388 0.205857
0.245757 0.177239 0.178494 0.215703 0.182806
0.209739 0.210550 0.187238 0.191640 0.200834
0.206191 0.183795 0.184955 0.179945 0.245114
0.198128 0.192346 0.213089 0.211310 0.185127
0.179471 0.185518 0.208827 0.176334 0.249850
0.187578 0.222700 0.204522 0.160898 0.224302
0.214411 0.199737 0.184922 0.218433 0.182497
0.161832 0.203093 0.219308 0.211407 0.204359
0.196413 0.227573 0.173809 0.168990 0.233215
0.197427 0.220111 0.225552 0.184286 0.172625
0.208529 0.217324 0.213775 0.174949 0.185422
0.196044 0.254448 0.181999 0.171193 0.196317
0.197557 0.240541 0.190066 0.179824 0.192011
0.179863 0.170231 0.219604 0.200408 0.229894
0.245792 0.240019 0.172347 0.179686 0.162156
0.209845 0.227180 0.209878 0.152165 0.200931
0.182443 0.226810 0.208040 0.207131 0.175577
0.174051 0.257061 0.186853 0.164828 0.217208
0.202211 0.173711 0.179280 0.245352 0.199447
0.208913 0.217190 0.190269 0.207456 0.176172
0.206811 0.194676 0.165852 0.186437 0.246224
0.194095 0.211362 0.200394 0.210499 0.183649
0.194314 0.192330 0.225881 0.177459 0.210016
0.206322 0.217581 0.197219 0.175811 0.203068
0.200180 0.235109 0.215129 0.167877 0.181705
0.208462 0.189285 0.182762 0.184604 0.234886
0.208673 0.211822 0.189906 0.210369 0.179230
0.205937 0.195493 0.213846 0.203360 0.181364
0.171170 0.210115 0.209109 0.196806 0.212800
0.187838 0.215312 0.211812 0.177240 0.207798
0.188244 0.227964 0.198476 0.190981 0.194335
0.211459 0.176871 0.197244 0.197379 0.217047
0.228237 0.237431 0.153765 0.185101 0.195466
0.187613 0.252047 0.224271 0.152010 0.184060
0.188730 0.212187 0.224170 0.165890 0.209022
0.194884 0.250833 0.184752 0.184210 0.185321
0.199105 0.209895 0.220966 0.185701 0.184333
0.167593 0.190169 0.197092 0.206059 0.239085
0.185307 0.255484 0.179137 0.198269 0.181803
0.179329 0.191991 0.189292 0.249240 0.190147
0.195650 0.187802 0.203959 0.201889 0.210699
0.239189 0.210168 0.164304 0.180703 0.205637
0.245473 0.204335 0.209101 0.161444 0.179648
0.190407 0.191318 0.203318 0.195438 0.219520
0.216538 0.249230 0.195750 0.170963 0.167519
0.201597 0.210395 0.206945 0.195933 0.185130
0.149751 0.196460 0.257895 0.160184 0.235710
0.201447 0.233404 0.180639 0.208955 0.175555
0.198660 0.249513 0.165192 0.210063 0.176572
0.162125 0.195725 0.241163 0.174716 0.226271
0.196274 0.210238 0.212744 0.181247 0.199498
0.188505 0.235529 0.200744 0.186677 0.188544
0.212279 0.175532 0.176073 0.200424 0.235692
0.174385 0.247797 0.204511 0.201033 0.172275
0.239147 0.177343 0.188734 0.206337 0.188440
0.216202 0.210780 0.187987 0.170353 0.214677
0.155125 0.268246 0.220553 0.170685 0.185391
0.206903 0.209876 0.184171 0.191371 0.207679
0.215616 0.211057 0.200624 0.158331 0.214371
0.199553 0.239757 0.205247 0.171289 0.184153
0.209029 0.219774 0.208430 0.186757 0.176010
0.230248 0.190386 0.169970 0.176047 0.233348
0.256099 0.218000 0.183175 0.172246 0.170480
0.208072 0.200062 0.191598 0.218389 0.181878
0.176822 0.223321 0.223690 0.152954 0.223213
0.193119 0.166377 0.183052 0.223919 0.233532
0.211139 0.179838 0.204838 0.232463 0.171721
0.177625 0.210341 0.214633 0.164241 0.233160
0.173382 0.239418 0.198031 0.192018 0.197150
0.185817 0.255261 0.193637 0.170175 0.195110
0.192672 0.226122 0.207203 0.134741 0.239263
0.189527 0.247317 0.176505 0.202456 0.184195
0.179263 0.219862 0.175524 0.169275 0.256077
0.205330 0.191616 0.170400 0.206356 0.226298
0.190343 0.200971 0.193287 0.221482 0.193918
0.173513 0.195569 0.188264 0.200189 0.242466
0.255750 0.195163 0.166172 0.156558 0.226357
0.188071 0.203257 0.233082 0.180012 0.195578
0.198761 0.221923 0.204200 0.165488 0.209628
0.220220 0.205567 0.201348 0.180113 0.192752
0.227437 0.194278 0.212982 0.152447 0.212857
0.181019 0.198184 0.185235 0.222475 0.213087
0.194752 0.233049 0.228484 0.171728 0.171988
0.204706 0.181776 0.174855 0.223562 0.215101
0.148766 0.241687 0.208644 0.197616 0.203286
0.206446 0.209322 0.212267 0.183809 0.188156
0.188135 0.223557 0.190817 0.212700 0.184791
0.163931 0.211530 0.143508 0.243506 0.237525
0.203467 0.228166 0.194484 0.185936 0.187947
0.196192 0.237469 0.193991 0.191877 0.180471
0.215895 0.198698 0.173497 0.192425 0.219484
0.191651 0.224238 0.182177 0.192715 0.209218
0.198519 0.204109 0.164004 0.198826 0.234542
0.195634 0.200073 0.195074 0.197523 0.211696
0.216744 0.224203 0.210878 0.173020 0.175154
0.211713 0.213046 0.197110 0.177697 0.200434
0.207822 0.212918 0.175923 0.195095 0.208242
0.189219 0.215230 0.233847 0.183865 0.177839
0.196109 0.216268 0.206956 0.187313 0.193353
0.222016 0.183265 0.217136 0.201769 0.175815
0.196084 0.217417 0.213972 0.152449 0.220079
0.217738 0.191132 0.165893 0.163545 0.261691
0.188884 0.252373 0.193940 0.184464 0.180339
0.191280 0.210961 0.212623 0.190230 0.194906
0.209219 0.200613 0.187790 0.192445 0.209932
0.191388 0.208110 0.160635 0.169281 0.270586
0.183609 0.217047 0.257866 0.175224 0.166254
0.202097 0.247571 0.181573 0.181355 0.187403
0.201788 0.226788 0.183113 0.179247 0.209064
0.194724 0.224166 0.233076 0.173053 0.174982
0.192009 0.208891 0.168992 0.182929 0.247180
0.197438 0.240925 0.168381 0.190013 0.203243
0.191003 0.212964 0.218310 0.221403 0.156319
0.219336 0.205902 0.163583 0.204377 0.206802
0.219307 0.234317 0.166871 0.141330 0.238175
0.175271 0.196287 0.209110 0.236985 0.182347
0.211612 0.200954 0.206067 0.187675 0.193693
0.186707 0.215225 0.187135 0.208899 0.202034
0.187636 0.194931 0.199707 0.240520 0.177206
0.173568 0.207596 0.191133 0.220199 0.207503
0.205513 0.239616 0.211829 0.150307 0.192735
0.155109 0.226055 0.243990 0.192116 0.182730
0.224211 0.193881 0.164357 0.237132 0.180420
0.222837 0.208169 0.188996 0.165970 0.214027
0.205460 0.184036 0.251083 0.184081 0.175340
0.217290 0.195618 0.151019 0.212909 0.223163
0.188213 0.201332 0.195995 0.170102 0.244357
0.196682 0.226093 0.236774 0.176505 0.163945
0.187061 0.199386 0.191805 0.199378 0.222369
0.187827 0.210922 0.246783 0.147603 0.206865
0.155394 0.248689 0.249993 0.169299 0.176625
0.212382 0.210055 0.194707 0.193217 0.189639
0.214827 0.206159 0.192504 0.162879 0.223631
0.171217 0.227408 0.231183 0.166490 0.203702
0.199057 0.208405 0.195017 0.174912 0.222609
0.212314 0.185559 0.213592 0.195456 0.193079
0.185478 0.198797 0.172117 0.226085 0.217523
0.171782 0.200926 0.203452 0.232926 0.190914
0.199231 0.228047 0.238382 0.161808 0.172532
0.196357 0.185507 0.169503 0.221922 0.226711
0.181281 0.238135 0.171097 0.239032 0.170455
0.204499 0.183350 0.190262 0.181773 0.240116
0.190444 0.203422 0.169479 0.217981 0.218674
0.212957 0.212097 0.198716 0.206180 0.170050
0.200139 0.181141 0.205270 0.203297 0.210153
0.195407 0.203186 0.192974 0.186941 0.221491
0.213520 0.186983 0.211983 0.171615 0.215899
0.146437 0.198324 0.233212 0.198143 0.223884
0.163891 0.233895 0.233601 0.204233 0.164379
0.215832 0.183701 0.220068 0.187652 0.192748
0.179499 0.232328 0.235588 0.161824 0.190761
0.208692 0.209283 0.177558 0.197385 0.207083
0.178905 0.261525 0.198221 0.184725 0.176623
0.190993 0.195583 0.165350 0.244994 0.203080
0.177153 0.239784 0.228696 0.175745 0.178623
0.221476 0.240325 0.169447 0.187999 0.180753
0.192699 0.222517 0.161311 0.177404 0.246069
0.174850 0.259119 0.211281 0.165170 0.189580
0.162115 0.211710 0.228433 0.199255 0.198486
0.164315 0.243606 0.213585 0.198004 0.180490
0.188894 0.202586 0.212527 0.187339 0.208654
0.153934 0.244659 0.193675 0.222162 0.185570
0.200380 0.223044 0.215505 0.180759 0.180312
0.189677 0.201235 0.204630 0.194044 0.210414
0.172589 0.200128 0.210917 0.187458 0.228908
0.225018 0.220947 0.201371 0.173030 0.179634
0.246513 0.209630 0.187807 0.185975 0.170075
0.190537 0.204322 0.194252 0.200803 0.210087
0.187400 0.243316 0.207521 0.179158 0.182605
0.180393 0.211132 0.218147 0.201161 0.189167
0.186365 0.198645 0.202176 0.208022 0.204792
0.147078 0.226547 0.161611 0.274072 0.190693
0.209893 0.178668 0.226066 0.184642 0.200731
0.168757 0.180369 0.267669 0.176250 0.206955
0.198193 0.169369 0.194237 0.234452 0.203749
0.181669 0.217979 0.235011 0.187827 0.177514
0.194418 0.207999 0.172031 0.221379 0.204173
0.184212 0.240459 0.145293 0.167628 0.262408
0.191545 0.289912 0.197720 0.154195 0.166628
0.202445 0.204991 0.167784 0.196885 0.227895
0.163666 0.203516 0.193061 0.171272 0.268486
0.201965 0.233231 0.193023 0.189213 0.182569
0.171008 0.221964 0.186224 0.224684 0.196120
0.177119 0.253487 0.167107 0.198121 0.204166
0.190251 0.233669 0.239741 0.169617 0.166722
0.200154 0.203287 0.181836 0.205196 0.209526
0.191982 0.186313 0.147410 0.196177 0.278118
0.190613 0.206654 0.204919 0.177082 0.220733
0.187582 0.210336 0.221306 0.196159 0.184617
0.234028 0.172678 0.146226 0.203801 0.243266
0.195819 0.267048 0.210366 0.157726 0.169040
0.198583 0.216237 0.189426 0.193251 0.202503
0.212965 0.202340 0.192118 0.199300 0.193277
0.180163 0.203533 0.181811 0.191679 0.242813
0.181040 0.212723 0.214959 0.184866 0.206412
0.197073 0.183227 0.200432 0.191644 0.227624
0.166076 0.200125 0.243025 0.143348 0.247425
0.182966 0.200509 0.231040 0.189448 0.196037
0.178482 0.215464 0.217133 0.193802 0.195119
0.196573 0.206735 0.194422 0.198596 0.203673
0.162575 0.301196 0.154811 0.177117 0.204300
0.193932 0.188096 0.192364 0.246604 0.179004
0.202369 0.192670 0.172152 0.160145 0.272665
0.193702 0.268888 0.218186 0.166126 0.153098
0.210711 0.208248 0.173225 0.209979 0.197837
0.186516 0.193872 0.207261 0.172963 0.239388
0.184388 0.228643 0.217075 0.179774 0.190121
0.185899 0.223518 0.225397 0.177732 0.187453
0.187946 0.212105 0.148963 0.243389 0.207597
0.188428 0.239623 0.214259 0.172145 0.185545
0.224665 0.163216 0.149111 0.221678 0.241330
0.201713 0.172336 0.204872 0.163914 0.257165
0.254047 0.204052 0.188936 0.174827 0.178138
0.193179 0.206811 0.201500 0.213622 0.184888
0.163358 0.197752 0.183526 0.187432 0.267932
0.203085 0.236134 0.183555 0.187354 0.189872
0.168276 0.205364 0.225371 0.225898 0.175091
0.174350 0.198333 0.191399 0.187126 0.248792
0.193801 0.265235 0.199210 0.185517 0.156237
0.197927 0.206410 0.171306 0.170203 0.254155
0.145710 0.208553 0.226254 0.202822 0.216662
0.228049 0.223792 0.194687 0.172646 0.180825
0.254476 0.235774 0.176536 0.158967 0.174248
0.167509 0.217394 0.192223 0.167981 0.254893
0.210621 0.207757 0.201676 0.182146 0.197800
0.186399 0.201615 0.211621 0.179908 0.220457
0.168412 0.189501 0.266334 0.174667 0.201086
0.190318 0.215509 0.197659 0.215721 0.180794
0.199414 0.156341 0.192139 0.207117 0.244988
0.169539 0.204018 0.211733 0.183883 0.230827
0.232245 0.196086 0.173465 0.195246 0.202958
0.193976 0.210698 0.171539 0.234188 0.189598
0.245839 0.197278 0.183873 0.168143 0.204868
0.200119 0.229880 0.193649 0.203853 0.172500
0.261758 0.154369 0.162494 0.198333 0.223047
0.199925 0.210667 0.207545 0.202000 0.179863
0.161233 0.199508 0.209373 0.215359 0.214528
0.190360 0.212636 0.211516 0.177519 0.207969
0.197533 0.205807 0.199582 0.174778 0.222299
0.224259 0.216334 0.166944 0.182780 0.209683
0.181500 0.187787 0.185769 0.193533 0.251410
0.210826 0.205927 0.208812 0.180266 0.194169
0.182419 0.211586 0.220038 0.200650 0.185307
0.187158 0.162150 0.194228 0.208489 0.247976
0.201600 0.226608 0.197126 0.183308 0.191358
0.203133 0.236458 0.171430 0.173925 0.215054
0.198566 0.245467 0.187727 0.183839 0.184402
0.199564 0.224015 0.205367 0.176989 0.194065
0.198119 0.227394 0.190240 0.192665 0.191582
0.189410 0.213333 0.173120 0.203370 0.220767
0.226528 0.239313 0.202187 0.156571 0.175401
0.157607 0.207594 0.244006 0.218746 0.172048
0.182466 0.227036 0.165185 0.210373 0.214940
0.199117 0.204040 0.204546 0.197348 0.194950
0.189669 0.241602 0.192939 0.172519 0.203270
0.215593 0.198065 0.189235 0.193268 0.203839
0.220950 0.220842 0.205638 0.173929 0.178640
0.196093 0.225475 0.192416 0.185672 0.200344
0.184984 0.211144 0.204877 0.159393 0.239603
0.216151 0.218663 0.183867 0.188323 0.192996
0.200658 0.227945 0.191917 0.203487 0.175993
0.215433 0.205227 0.188815 0.201044 0.189480
0.214912 0.237248 0.168466 0.207767 0.171607
0.187345 0.218498 0.207425 0.201941 0.184791
0.193578 0.236513 0.170904 0.161393 0.237613
0.212186 0.210038 0.177882 0.199422 0.200473
0.186276 0.201320 0.166304 0.200064 0.246035
0.180765 0.208527 0.208253 0.178921 0.223533
0.186828 0.263516 0.185604 0.187820 0.176230
0.185670 0.226230 0.232946 0.196108 0.159046
0.192408 0.234373 0.198240 0.152758 0.222221
0.179854 0.203675 0.197107 0.225980 0.193383
0.213115 0.233361 0.158836 0.223054 0.171633
0.173108 0.216401 0.248944 0.138664 0.222883
0.200044 0.218728 0.194983 0.194727 0.191518
0.188192 0.230918 0.196285 0.169748 0.214856
0.185727 0.209373 0.203635 0.185197 0.216068
0.161066 0.222923 0.192034 0.216534 0.207442
0.199444 0.226242 0.192868 0.200222 0.181224
0.206425 0.212318 0.174222 0.173440 0.233594
0.174444 0.240013 0.180250 0.206040 0.199252
0.206270 0.194790 0.166134 0.239832 0.192975
0.187521 0.188915 0.202303 0.211061 0.210200
0.220416 0.200308 0.174609 0.204563 0.200104
0.202506 0.230849 0.198297 0.162103 0.206245
0.191521 0.205041 0.190714 0.185617 0.227107
0.178832 0.222518 0.222533 0.179551 0.196567
0.199272 0.248902 0.230564 0.162493 0.158769
0.217673 0.241623 0.221920 0.158406 0.160378
0.213568 0.194120 0.208471 0.205072 0.178769
0.151899 0.248833 0.182664 0.212888 0.203717
0.216525 0.188093 0.173148 0.217583 0.204651
0.208810 0.189118 0.174227 0.237946 0.189899
0.154679 0.226027 0.161837 0.206158 0.251299
0.176556 0.212270 0.187934 0.177774 0.245466
0.177044 0.202563 0.226751 0.197033 0.196608
0.191444 0.205922 0.206438 0.182558 0.213638
0.197368 0.205275 0.198282 0.179928 0.219147
0.212402 0.210187 0.195664 0.200489 0.181258
0.215084 0.247129 0.180957 0.164290 0.192540
0.172597 0.214099 0.202923 0.209753 0.200629
0.199240 0.218455 0.195553 0.208295 0.178457
0.196848 0.208456 0.192885 0.189594 0.212217
0.193856 0.219824 0.166669 0.170967 0.248684
0.197470 0.239254 0.205470 0.188826 0.168979
0.250559 0.239627 0.168760 0.169678 0.171376
0.198986 0.230004 0.175207 0.154298 0.241506
0.218286 0.195622 0.199062 0.193851 0.193179
0.206660 0.204296 0.211424 0.191426 0.186193
0.177028 0.217816 0.196186 0.184260 0.224711
0.209648 0.204643 0.198290 0.209632 0.177787
0.189746 0.245524 0.171693 0.170011 0.223026
0.180963 0.201210 0.173395 0.179548 0.264884
0.189699 0.195290 0.191632 0.220940 0.202439
0.181642 0.209126 0.225783 0.206721 0.176728
0.175043 0.209072 0.247098 0.171852 0.196935
0.203304 0.238062 0.168953 0.202335 0.187346
0.175814 0.243929 0.228081 0.194769 0.157408
0.229905 0.207339 0.187595 0.185113 0.190047
0.185971 0.215149 0.189154 0.212926 0.196800
0.223526 0.184169 0.186508 0.183139 0.222658
0.184555 0.206311 0.241391 0.166778 0.200965
0.155832 0.225114 0.235535 0.179166 0.204353
0.218588 0.223531 0.202847 0.179874 0.175160
0.188104 0.224864 0.195210 0.180585 0.211237
0.156625 0.224344 0.177958 0.219316 0.221757
0.223038 0.194881 0.196955 0.185215 0.199910
0.202899 0.193025 0.167389 0.249246 0.187440
0.158897 0.189068 0.195804 0.254853 0.201377
0.255133 0.213247 0.184283 0.162670 0.184667
0.182656 0.236364 0.216594 0.163908 0.200478
0.159286 0.220457 0.206698 0.180271 0.233287
0.215838 0.211800 0.206200 0.179370 0.186792
0.193340 0.204942 0.210367 0.205648 0.185703
0.207350 0.207907 0.184344 0.190936 0.209463
0.194516 0.218779 0.183610 0.153031 0.250064
0.184270 0.214032 0.223804 0.204030 0.173865
0.181593 0.201880 0.196521 0.214394 0.205612
0.184674 0.236090 0.175679 0.196514 0.207043
0.206472 0.190818 0.228967 0.188795 0.184949
0.163262 0.265216 0.170205 0.191028 0.210289
0.206484 0.202408 0.199633 0.188106 0.203369
0.232046 0.203787 0.211577 0.193595 0.158994
0.205607 0.191988 0.171474 0.216077 0.214855
0.190186 0.202176 0.167328 0.145074 0.295236
0.251043 0.224597 0.203168 0.156563 0.164628
0.192863 0.225500 0.196694 0.186343 0.198600
0.212469 0.241478 0.179811 0.163067 0.203176
0.169069 0.277193 0.200428 0.185767 0.167543
0.194422 0.199687 0.213024 0.204333 0.188534
0.189786 0.202437 0.198121 0.177365 0.232290
0.200026 0.199629 0.229120 0.181956 0.189268
0.194500 0.176328 0.203667 0.218708 0.206797
0.185133 0.213117 0.182755 0.161746 0.257249
0.197549 0.218438 0.190015 0.192856 0.201141
0.209769 0.190615 0.148086 0.241802 0.209729
0.190685 0.214265 0.183241 0.214677 0.197131
0.204168 0.193221 0.227545 0.177559 0.197508
0.197355 0.231528 0.169878 0.225164 0.176076
0.166243 0.191243 0.208461 0.202157 0.231895
0.220576 0.209778 0.192214 0.175640 0.201792
0.197385 0.184930 0.196794 0.224501 0.196390
0.211963 0.201744 0.201365 0.202405 0.182522
0.199902 0.222173 0.201384 0.164107 0.212433
0.215676 0.184768 0.172042 0.224592 0.202923
0.196296 0.200845 0.216057 0.199062 0.187740
0.192207 0.210243 0.194158 0.199918 0.203474
0.178044 0.202910 0.207013 0.209431 0.202602
0.199308 0.195282 0.215080 0.185480 0.204850
0.222363 0.203189 0.163978 0.199849 0.210622
0.169534 0.192978 0.192609 0.213644 0.231235
0.208972 0.205159 0.215204 0.176874 0.193791
0.204119 0.224361 0.191450 0.203451 0.176620
0.204185 0.231463 0.196130 0.171088 0.197134
0.212484 0.217116 0.202774 0.190818 0.176808
0.170657 0.183800 0.147726 0.267162 0.230655
0.196773 0.218471 0.194515 0.200365 0.189876
0.207197 0.199679 0.242181 0.178385 0.172558
0.194185 0.237259 0.201338 0.192803 0.174414
0.179766 0.190665 0.227813 0.184988 0.216767
0.243748 0.187456 0.180937 0.206809 0.181050
0.218126 0.188476 0.169566 0.208891 0.214942
0.182181 0.193364 0.170868 0.263256 0.190331
0.232449 0.207137 0.194663 0.191461 0.174290
0.196632 0.188805 0.165460 0.194317 0.254787
0.214335 0.195541 0.199364 0.173804 0.216957
0.198570 0.193781 0.208279 0.163522 0.235848
0.188650 0.183351 0.179989 0.262472 0.185538
0.182182 0.206477 0.171955 0.247976 0.191410
0.189574 0.231189 0.231319 0.172530 0.175388
0.205288 0.187055 0.204214 0.174515 0.228928
0.223888 0.212854 0.169233 0.193754 0.200271
0.197234 0.202625 0.214014 0.210699 0.175428
0.222772 0.187799 0.177346 0.188390 0.223693
0.216754 0.226484 0.200899 0.198239 0.157623
0.233171 0.192853 0.221213 0.147836 0.204926
0.178733 0.195818 0.208334 0.227574 0.189541
0.194525 0.216148 0.200458 0.204106 0.184763
0.199764 0.220178 0.186481 0.174847 0.218730
0.184152 0.189147 0.143194 0.204818 0.278688
0.192759 0.209409 0.197032 0.189836 0.210964
0.216173 0.189552 0.199252 0.199391 0.195632
0.171189 0.201273 0.185643 0.162993 0.278903
0.196555 0.200395 0.199677 0.188848 0.214525
0.194602 0.190452 0.192761 0.169749 0.252437
0.200213 0.195871 0.205862 0.216266 0.181788
0.220099 0.193024 0.225977 0.183488 0.177413
0.162055 0.236694 0.204611 0.185437 0.211203
0.188704 0.220338 0.152742 0.227730 0.210485
0.215986 0.221910 0.216265 0.158239 0.187600
0.212835 0.203024 0.187984 0.213980 0.182176
0.176316 0.183006 0.210098 0.187073 0.243507
0.204231 0.207193 0.174721 0.186558 0.227296
0.231611 0.179677 0.196843 0.184379 0.207490
0.173534 0.267972 0.172081 0.232289 0.154124
0.210480 0.173460 0.247646 0.184278 0.184135
0.191873 0.222049 0.175740 0.193120 0.217217
0.210772 0.195065 0.203063 0.173420 0.217679
0.182325 0.227369 0.208661 0.173812 0.207833
0.193462 0.221194 0.197293 0.197052 0.190999
0.188548 0.237255 0.210204 0.177815 0.186178
0.236325 0.184409 0.184720 0.193322 0.201225
0.184948 0.232063 0.188937 0.168186 0.225865
0.165467 0.218026 0.183834 0.252740 0.179933
0.206781 0.173621 0.178919 0.257025 0.183655
0.201360 0.245616 0.185593 0.174133 0.193299
0.186338 0.208187 0.200947 0.192646 0.211881
0.187520 0.204879 0.186305 0.195742 0.225555
0.207993 0.239266 0.161836 0.203768 0.187136
