0.146254 0.208239 0.161377 0.161377 0.161377 0.161377
0.158928 0.171042 0.167507 0.167507 0.167507 0.167507
0.160563 0.201345 0.159523 0.159523 0.159523 0.159523
0.160108 0.159459 0.170108 0.170108 0.170108 0.170108
0.167940 0.156382 0.168920 0.168920 0.168920 0.168920
0.168719 0.165159 0.169031 0.169031 0.169031 0.159031
0.200078 0.134731 0.156923 0.156923 0.156923 0.194423
0.153116 0.174894 0.174894 0.174894 0.149894 0.172309
0.170589 0.170783 0.160318 0.160318 0.172818 0.165174
0.165588 0.154006 0.172519 0.172519 0.169460 0.165908
0.147094 0.210027 0.163749 0.163749 0.156774 0.158607
0.167796 0.168745 0.166088 0.166088 0.167796 0.163488
0.213221 0.148495 0.163888 0.163209 0.163209 0.147980
0.161699 0.157087 0.153972 0.163972 0.158164 0.205105
0.210908 0.148234 0.162861 0.161440 0.160908 0.155649
0.159589 0.154940 0.159655 0.162240 0.159247 0.204329
0.143634 0.187643 0.152955 0.162955 0.162955 0.189858
0.160327 0.170240 0.163593 0.160278 0.172778 0.172785
0.158079 0.169250 0.169243 0.169243 0.169243 0.164943
0.156821 0.169714 0.165091 0.169399 0.170085 0.168890
0.163238 0.169922 0.169610 0.169922 0.159922 0.167385
0.169614 0.166310 0.163761 0.166298 0.167719 0.166298
0.155820 0.160127 0.160127 0.160127 0.157542 0.206256
0.159164 0.209588 0.164092 0.163784 0.153784 0.149588
0.166201 0.159406 0.173414 0.173414 0.171687 0.155878
0.147770 0.160308 0.185999 0.185308 0.160308 0.160308
0.171025 0.165424 0.159974 0.169295 0.164988 0.169295
0.159585 0.151861 0.203282 0.161861 0.161549 0.161861
0.158258 0.168246 0.170616 0.168246 0.166387 0.168246
0.173849 0.170521 0.157936 0.170521 0.160521 0.166650
0.211471 0.161471 0.150915 0.161471 0.163200 0.151471
0.209234 0.160007 0.153323 0.160007 0.157422 0.160007
0.171622 0.169078 0.164092 0.168399 0.158411 0.168399
0.163210 0.159619 0.164999 0.169619 0.172935 0.169619
0.149245 0.163858 0.159587 0.162437 0.212437 0.152437
0.151686 0.168793 0.168170 0.170708 0.169935 0.170708
0.161576 0.150834 0.172964 0.172655 0.172343 0.169628
0.169396 0.164606 0.170217 0.169909 0.163500 0.162373
0.148933 0.170354 0.171671 0.171659 0.161659 0.175725
0.205043 0.143413 0.162818 0.162806 0.163114 0.162806
0.164351 0.153089 0.211685 0.160292 0.160292 0.150292
0.147525 0.162610 0.205367 0.161832 0.161844 0.160822
0.163380 0.164248 0.175487 0.168961 0.168961 0.158961
0.149637 0.158855 0.154043 0.162489 0.212489 0.162489
0.166403 0.160398 0.149512 0.173384 0.176918 0.173384
0.158956 0.157855 0.156309 0.158960 0.158960 0.208960
0.165830 0.165783 0.168061 0.168061 0.164190 0.168075
0.162578 0.203554 0.155691 0.162566 0.152566 0.163046
0.159226 0.155768 0.158289 0.158906 0.158906 0.208906
0.208801 0.160234 0.154560 0.158801 0.158801 0.158801
0.179749 0.165439 0.151203 0.151203 0.151203 0.201203
0.165482 0.195170 0.162806 0.162181 0.162181 0.152181
0.197722 0.155906 0.201593 0.151593 0.151593 0.141593
0.162644 0.156610 0.173329 0.173306 0.173306 0.160806
0.151312 0.168442 0.163812 0.163812 0.163812 0.188812
0.157735 0.148568 0.211606 0.161606 0.161606 0.158880
0.159260 0.161281 0.177132 0.169260 0.169260 0.163806
0.166056 0.167889 0.166056 0.166056 0.166056 0.167889
0.159228 0.209536 0.152874 0.159228 0.159907 0.159228
0.170869 0.170369 0.160869 0.170869 0.160869 0.166156
0.168268 0.157759 0.168268 0.168268 0.169689 0.167747
0.168397 0.163273 0.168397 0.168397 0.165812 0.165724
0.162098 0.199512 0.162098 0.162098 0.152098 0.162098
0.158858 0.177393 0.158858 0.158858 0.162174 0.183858
0.166001 0.169317 0.166680 0.166001 0.166001 0.166001
0.169581 0.166396 0.159581 0.169581 0.165274 0.169588
0.170533 0.146226 0.171954 0.170533 0.170221 0.170533
0.167112 0.168891 0.164527 0.167112 0.165245 0.167112
0.173354 0.155731 0.163354 0.173354 0.160854 0.173354
0.167156 0.158537 0.170471 0.167156 0.169525 0.167156
0.170037 0.166739 0.170037 0.170037 0.157311 0.165840
0.175479 0.150479 0.171172 0.175479 0.164412 0.162979
0.166716 0.166209 0.166404 0.166716 0.167240 0.166716
0.162028 0.152395 0.159491 0.162028 0.202028 0.162028
0.160616 0.194785 0.160616 0.160616 0.162752 0.160616
0.166325 0.168381 0.166633 0.166325 0.166011 0.166325
0.170854 0.156583 0.170854 0.170854 0.160002 0.170854
0.171696 0.151820 0.171708 0.171696 0.161384 0.171696
0.169529 0.154585 0.169529 0.169529 0.167298 0.169529
0.159132 0.153661 0.209811 0.159132 0.159132 0.159132
0.162223 0.195030 0.155758 0.162223 0.162543 0.162223
0.167317 0.161996 0.168737 0.167317 0.167317 0.167317
0.160831 0.177288 0.154375 0.160831 0.185843 0.160831
0.171641 0.158493 0.151641 0.171641 0.174942 0.171641
0.165092 0.148938 0.155229 0.164413 0.214413 0.151913
0.153380 0.143761 0.188380 0.163380 0.162719 0.188380
0.175179 0.152048 0.166725 0.173758 0.161258 0.171032
0.157977 0.214866 0.154796 0.160562 0.156691 0.155108
0.153223 0.202758 0.162518 0.163223 0.153223 0.165056
0.169372 0.166404 0.166056 0.166056 0.166056 0.166056
0.169735 0.160441 0.165331 0.169735 0.169735 0.165022
0.159206 0.187783 0.162992 0.163513 0.163513 0.162992
0.161103 0.198574 0.158753 0.161415 0.161415 0.158741
0.164241 0.171363 0.166099 0.166099 0.166099 0.166099
0.144024 0.142594 0.228345 0.153345 0.153345 0.178346
0.163214 0.147313 0.175019 0.171485 0.171485 0.171485
0.158898 0.200840 0.160069 0.160062 0.160062 0.160069
0.148478 0.213906 0.156501 0.160372 0.160372 0.160372
0.154507 0.170727 0.161191 0.171191 0.171191 0.171191
0.212978 0.154058 0.158241 0.158241 0.158241 0.158241
0.167048 0.153339 0.170406 0.169736 0.169736 0.169736
0.149103 0.166901 0.159526 0.176222 0.176222 0.172026
0.162086 0.204418 0.153670 0.164109 0.164109 0.151609
0.154903 0.175122 0.158101 0.170166 0.171542 0.170166
0.159926 0.173172 0.152166 0.175745 0.163245 0.175745
0.162325 0.155347 0.171760 0.169219 0.172130 0.169219
0.163138 0.207559 0.141408 0.164243 0.159409 0.164243
0.164168 0.174989 0.158978 0.171455 0.158955 0.171455
0.200131 0.155151 0.159415 0.159458 0.166387 0.159458
0.207008 0.158648 0.145851 0.162831 0.162831 0.162831
0.166148 0.165309 0.159226 0.177847 0.170290 0.161180
0.166814 0.160604 0.174724 0.160604 0.159984 0.177271
0.188612 0.165987 0.155723 0.165679 0.161203 0.162796
0.158875 0.170672 0.164559 0.170672 0.170672 0.164550
0.167817 0.166061 0.165585 0.166049 0.166670 0.167817
0.168440 0.151310 0.176322 0.151310 0.201310 0.151310
0.149281 0.211496 0.159914 0.161496 0.161520 0.156292
0.155263 0.162529 0.207789 0.158315 0.158315 0.157789
0.155086 0.152786 0.170831 0.162107 0.199908 0.159282
0.201044 0.150115 0.153747 0.162565 0.169963 0.162565
0.163785 0.144919 0.206379 0.156083 0.156083 0.172750
0.172659 0.158681 0.161775 0.171266 0.164353 0.171266
0.167354 0.167260 0.158056 0.173274 0.160774 0.173282
0.183313 0.159129 0.152620 0.168313 0.168313 0.168313
0.176657 0.165706 0.151741 0.168632 0.168632 0.168632
0.165382 0.160763 0.169529 0.168108 0.168108 0.168108
0.152758 0.159172 0.166544 0.173842 0.173842 0.173842
0.161440 0.164467 0.159000 0.173225 0.173225 0.168644
0.159764 0.168333 0.151259 0.179104 0.179104 0.162437
0.165110 0.164215 0.161205 0.169823 0.169823 0.169823
0.169716 0.156695 0.164418 0.169724 0.169724 0.169724
0.168979 0.159807 0.156256 0.171653 0.171653 0.171653
0.159725 0.212823 0.150297 0.159052 0.159052 0.159052
0.149781 0.199008 0.152790 0.166141 0.166141 0.166141
0.184875 0.158384 0.181149 0.158531 0.158531 0.158531
0.170991 0.160967 0.156358 0.170561 0.170561 0.170561
0.161236 0.145371 0.159684 0.177903 0.177903 0.177903
0.186135 0.170640 0.156013 0.162404 0.162404 0.162404
0.154094 0.167643 0.190421 0.162614 0.162614 0.162614
0.154854 0.162960 0.172013 0.170058 0.170058 0.170058
0.168225 0.146816 0.171012 0.171316 0.171316 0.171316
0.146782 0.204774 0.154370 0.164691 0.164691 0.164691
0.155727 0.179177 0.167915 0.165727 0.165727 0.165727
0.162495 0.149555 0.211325 0.158875 0.158875 0.158875
0.167131 0.163537 0.167939 0.167131 0.167131 0.167131
0.170463 0.146207 0.158383 0.174759 0.175429 0.174759
0.174953 0.149747 0.162004 0.175265 0.162765 0.175265
0.175757 0.169672 0.168306 0.161628 0.163009 0.161628
0.170768 0.162891 0.166054 0.167671 0.164945 0.167671
0.164844 0.139827 0.214222 0.164536 0.152036 0.164536
0.166687 0.148853 0.167548 0.171268 0.174377 0.171268
0.149651 0.201791 0.149639 0.166306 0.166306 0.166306
0.170287 0.156842 0.166723 0.170287 0.165574 0.170287
0.211937 0.150631 0.151937 0.161937 0.161623 0.161937
0.163977 0.206914 0.160455 0.160443 0.157769 0.150443
0.160552 0.147241 0.160552 0.160552 0.160552 0.210552
0.156206 0.180764 0.185077 0.160077 0.160384 0.157492
0.159008 0.165897 0.172309 0.169687 0.169008 0.164091
0.169989 0.158142 0.169989 0.159989 0.170001 0.171891
0.169442 0.155566 0.165246 0.170863 0.169442 0.169442
0.163361 0.177590 0.150861 0.160775 0.188361 0.159053
0.159414 0.210142 0.159414 0.149414 0.162716 0.158899
0.167613 0.161159 0.167613 0.170928 0.167613 0.165075
0.159626 0.208076 0.159626 0.158956 0.154760 0.158956
0.146607 0.196271 0.146607 0.154800 0.146607 0.209107
0.169322 0.157847 0.169322 0.167628 0.167940 0.167940
0.167635 0.156178 0.167635 0.167823 0.170361 0.170368
0.160831 0.158343 0.160831 0.173331 0.173331 0.173331
0.170673 0.155657 0.170673 0.167872 0.167563 0.167563
0.169949 0.150257 0.169949 0.169949 0.169949 0.169949
0.162733 0.172183 0.162733 0.167458 0.167446 0.167446
0.167531 0.165272 0.167531 0.167845 0.167845 0.163974
0.161168 0.148855 0.160489 0.213162 0.163162 0.153162
0.149241 0.212245 0.159241 0.162114 0.158580 0.158580
0.159556 0.158825 0.158135 0.174495 0.174495 0.174495
0.167114 0.164712 0.169020 0.163804 0.167675 0.167675
0.150879 0.166992 0.170879 0.163750 0.173750 0.173750
0.164370 0.147096 0.159634 0.176300 0.176300 0.176300
0.183087 0.160684 0.185003 0.157075 0.157075 0.157075
0.148560 0.159875 0.175367 0.172066 0.172066 0.172066
0.159156 0.206152 0.154770 0.159974 0.159974 0.159974
0.159188 0.169468 0.164452 0.168964 0.168964 0.168964
0.144998 0.161806 0.161806 0.177130 0.177130 0.177130
0.160936 0.207068 0.158508 0.157829 0.157829 0.157829
0.167449 0.163521 0.159986 0.169681 0.169681 0.169681
0.163184 0.163172 0.169986 0.167886 0.167886 0.167886
0.169910 0.165730 0.156660 0.169233 0.169233 0.169233
0.201314 0.141314 0.157908 0.166488 0.166488 0.166488
0.178755 0.175208 0.174557 0.157160 0.157160 0.157160
0.168156 0.168156 0.160575 0.167478 0.168157 0.167478
0.198606 0.152477 0.163986 0.164977 0.154977 0.164977
0.161450 0.167237 0.163803 0.168696 0.170117 0.168696
0.151572 0.161572 0.154727 0.178238 0.175653 0.178238
0.179868 0.182318 0.161719 0.162032 0.152032 0.162032
0.157989 0.170575 0.165358 0.167587 0.170903 0.167587
0.156551 0.166551 0.169224 0.169224 0.169224 0.169224
0.167297 0.163981 0.168498 0.168177 0.163870 0.168177
0.158477 0.159156 0.170670 0.170670 0.170358 0.170670
0.156718 0.151705 0.211038 0.161026 0.158488 0.161026
0.167142 0.159554 0.170977 0.167442 0.167442 0.167442
0.158028 0.149401 0.210566 0.160566 0.160874 0.160566
0.185250 0.174086 0.159913 0.160250 0.160250 0.160250
0.172334 0.162756 0.158724 0.168724 0.168736 0.168724
0.168992 0.161629 0.164441 0.168313 0.168313 0.168313
0.149044 0.158041 0.153229 0.163229 0.213229 0.163229
0.159585 0.154224 0.170664 0.170664 0.174199 0.170664
0.208925 0.145033 0.161511 0.161511 0.161511 0.161511
0.163829 0.158865 0.170294 0.170294 0.166423 0.170294
0.171549 0.165519 0.168233 0.168233 0.158233 0.168233
0.167040 0.148635 0.171590 0.170911 0.170911 0.170911
0.157234 0.166599 0.161542 0.171542 0.171542 0.171542
0.166046 0.167101 0.167779 0.166358 0.166358 0.166358
0.159032 0.197274 0.158985 0.161570 0.161570 0.161570
0.160194 0.211746 0.149515 0.159515 0.159515 0.159515
0.149477 0.209854 0.163163 0.159169 0.159169 0.159169
0.170714 0.162112 0.159293 0.169293 0.169293 0.169293
0.167316 0.156014 0.167003 0.169889 0.169889 0.169889
0.161386 0.155286 0.169168 0.171386 0.171386 0.171386
0.216517 0.153214 0.140664 0.163202 0.163202 0.163202
0.168656 0.165442 0.169858 0.165122 0.165801 0.165122
0.156790 0.211097 0.158821 0.161097 0.151097 0.161097
0.156404 0.214134 0.146280 0.160587 0.162008 0.160587
0.157111 0.173862 0.172665 0.169649 0.167064 0.159649
0.154288 0.191096 0.151751 0.154288 0.144288 0.204288
0.162339 0.143115 0.207723 0.162031 0.165346 0.159446
0.168758 0.157594 0.172290 0.168758 0.168758 0.163841
0.170243 0.153775 0.167694 0.170231 0.165924 0.172134
0.170143 0.153458 0.166283 0.170143 0.169831 0.170143
0.210537 0.163853 0.150845 0.160537 0.157999 0.156229
0.161969 0.154807 0.208435 0.158435 0.158435 0.157919
0.168771 0.154151 0.172996 0.168771 0.169079 0.166233
0.165345 0.167788 0.159217 0.169217 0.169217 0.169217
0.142814 0.147691 0.201042 0.152814 0.152826 0.202814
0.171457 0.161766 0.152406 0.171457 0.171457 0.171457
0.159158 0.162782 0.150579 0.159158 0.209158 0.159165
0.166599 0.166611 0.163458 0.166599 0.170134 0.166599
0.170716 0.166420 0.150716 0.170716 0.170716 0.170716
0.159642 0.209330 0.157981 0.158973 0.155101 0.158973
0.151553 0.202550 0.163740 0.164053 0.154053 0.164053
0.170898 0.174433 0.162002 0.168846 0.168846 0.154975
0.150495 0.146932 0.165409 0.165721 0.165721 0.205721
0.162369 0.148497 0.171258 0.173487 0.173487 0.170902
0.169293 0.159984 0.168910 0.168910 0.168910 0.163992
0.159516 0.149516 0.172337 0.172695 0.172016 0.173919
0.158581 0.210681 0.160185 0.150185 0.160185 0.160185
0.159998 0.150948 0.211003 0.161733 0.160312 0.156005
0.164767 0.156187 0.165688 0.169568 0.172153 0.171637
0.160387 0.157925 0.212122 0.150701 0.160701 0.158164
0.170023 0.140023 0.169468 0.175706 0.172390 0.172390
0.161595 0.162024 0.141595 0.161595 0.161595 0.211595
0.168172 0.165275 0.167298 0.163546 0.167854 0.167854
0.171192 0.154347 0.161192 0.170880 0.171192 0.171199
0.183981 0.186985 0.154662 0.156432 0.158970 0.158970
0.173344 0.171116 0.157910 0.170043 0.170043 0.157543
0.177756 0.173449 0.165219 0.153065 0.152756 0.177756
0.166740 0.166749 0.166330 0.167635 0.167635 0.164909
0.161597 0.159059 0.166367 0.174109 0.174097 0.164772
0.158143 0.208155 0.154172 0.162339 0.163018 0.154172
0.150472 0.154315 0.166299 0.212972 0.152972 0.162972
0.158965 0.208965 0.154931 0.162500 0.160386 0.154252
0.161377 0.161052 0.196548 0.161377 0.158792 0.160856
0.170649 0.161328 0.172619 0.166778 0.160649 0.167976
0.162500 0.199308 0.157377 0.152500 0.165816 0.162500
0.163153 0.148108 0.174281 0.163153 0.163153 0.188153
0.168641 0.167477 0.162266 0.168641 0.164334 0.168641
0.170025 0.152890 0.169353 0.169346 0.169034 0.169353
0.162253 0.155569 0.167957 0.172253 0.169715 0.172253
0.167350 0.169245 0.165617 0.165929 0.165929 0.165929
0.157268 0.155546 0.207316 0.159854 0.160162 0.159854
0.158514 0.163895 0.172049 0.168514 0.168514 0.168514
0.171250 0.165085 0.164047 0.167934 0.167946 0.163738
0.171901 0.169364 0.155530 0.171901 0.171901 0.159402
0.156134 0.161420 0.151123 0.160441 0.210441 0.160441
0.169933 0.158053 0.157745 0.170245 0.173779 0.170245
0.155756 0.159687 0.209675 0.158294 0.158294 0.158294
0.169073 0.167029 0.170551 0.169073 0.165202 0.159073
0.160704 0.185395 0.134725 0.159725 0.149725 0.209725
0.148877 0.206903 0.162676 0.161377 0.161377 0.158792
0.171957 0.172754 0.148516 0.170563 0.170563 0.165646
0.172345 0.151260 0.149279 0.175071 0.175071 0.176974
0.201574 0.140498 0.165705 0.164074 0.164074 0.164074
0.177058 0.160851 0.155156 0.170414 0.170414 0.166107
0.169438 0.164724 0.158040 0.169438 0.169438 0.168922
0.159948 0.164482 0.171841 0.168532 0.169202 0.165995
0.163569 0.159057 0.167564 0.173883 0.162044 0.173883
0.165190 0.149917 0.146589 0.167863 0.152578 0.217863
0.167276 0.166201 0.166077 0.167276 0.165894 0.167276
0.164455 0.174071 0.184406 0.164148 0.148765 0.164155
0.174251 0.164677 0.151206 0.174251 0.161364 0.174251
0.168866 0.159963 0.174181 0.168854 0.159282 0.168854
0.165438 0.170410 0.171169 0.165438 0.162106 0.165438
0.191106 0.175724 0.143097 0.166106 0.157862 0.166106
0.168305 0.140768 0.215277 0.165003 0.149514 0.161132
0.166782 0.141792 0.200796 0.166782 0.167067 0.156782
0.167107 0.156859 0.161140 0.171982 0.171610 0.171303
0.164100 0.147786 0.172722 0.166600 0.172192 0.176600
0.173617 0.151917 0.152495 0.175038 0.173315 0.173617
0.168965 0.170726 0.158662 0.166379 0.166303 0.168965
0.161765 0.177199 0.160070 0.151765 0.187435 0.161765
0.163628 0.168613 0.167125 0.166274 0.171402 0.162958
0.156143 0.172512 0.173439 0.168643 0.160621 0.168643
0.171032 0.162929 0.166924 0.165343 0.164122 0.169650
0.167854 0.149513 0.203511 0.170268 0.138274 0.170580
0.158575 0.180074 0.161722 0.168537 0.170018 0.161075
0.155447 0.165613 0.165517 0.152338 0.158748 0.202338
0.169253 0.174627 0.155351 0.169562 0.164540 0.166668
0.161468 0.199568 0.154562 0.166181 0.156958 0.161264
0.171274 0.197347 0.141196 0.171600 0.156780 0.161803
0.171188 0.165432 0.154471 0.173861 0.161188 0.173861
0.161169 0.147297 0.163740 0.211169 0.162896 0.153729
0.165820 0.200245 0.145056 0.169048 0.163235 0.156596
0.169470 0.162690 0.168034 0.169470 0.159481 0.170855
0.168859 0.161867 0.163277 0.164976 0.172175 0.168847
0.158620 0.154437 0.158583 0.148620 0.183620 0.196120
0.184643 0.147412 0.166041 0.159643 0.183637 0.158623
0.171007 0.167706 0.165646 0.167706 0.170695 0.157239
0.169038 0.169358 0.161225 0.169038 0.162304 0.169038
0.169639 0.173836 0.151035 0.173836 0.157818 0.173836
0.143353 0.181544 0.179736 0.155853 0.133661 0.205853
0.159656 0.152278 0.209700 0.158977 0.160398 0.158991
0.151745 0.213165 0.155823 0.161745 0.159171 0.158351
0.163539 0.158871 0.161237 0.162118 0.152118 0.202118
0.161990 0.142075 0.148895 0.164575 0.217891 0.164575
0.153442 0.163565 0.158688 0.163442 0.166976 0.193888
0.167239 0.143923 0.211985 0.163923 0.159616 0.153314
0.172251 0.168685 0.160441 0.171572 0.167388 0.159663
0.158983 0.170393 0.163290 0.173290 0.160753 0.173290
0.169608 0.156641 0.168253 0.168499 0.168499 0.168499
0.165014 0.164131 0.160137 0.170137 0.170445 0.170137
0.160428 0.162157 0.166132 0.170428 0.170428 0.170428
0.170649 0.161553 0.166712 0.167025 0.167036 0.167025
0.160904 0.148019 0.208366 0.160904 0.160904 0.160904
0.155702 0.150775 0.163532 0.159997 0.209997 0.159997
0.156880 0.210508 0.157501 0.157192 0.160727 0.157192
0.206941 0.159015 0.155608 0.159479 0.159479 0.159479
0.173139 0.164985 0.158946 0.168934 0.165063 0.168934
0.161262 0.154245 0.174133 0.173454 0.163454 0.173454
0.159671 0.151005 0.202840 0.162161 0.162161 0.162161
0.149548 0.209165 0.156538 0.161583 0.161583 0.161583
0.149554 0.163397 0.170889 0.172054 0.172054 0.172054
0.214218 0.163488 0.143231 0.159688 0.159688 0.159688
0.172549 0.157740 0.154915 0.171599 0.171599 0.171599
0.147735 0.199156 0.165764 0.162448 0.162448 0.162448
0.158108 0.210292 0.154670 0.158977 0.158977 0.158977
0.159952 0.154166 0.168006 0.172625 0.172625 0.172625
0.165640 0.160134 0.166419 0.169269 0.169269 0.169269
0.161093 0.156370 0.168561 0.171099 0.171778 0.171099
0.171833 0.146058 0.173259 0.172950 0.162950 0.172950
0.165398 0.160987 0.168280 0.167971 0.169392 0.167971
0.158890 0.169359 0.168593 0.168581 0.165996 0.168581
0.188479 0.180856 0.160175 0.160163 0.150163 0.160163
0.160597 0.156953 0.207284 0.157284 0.160599 0.157284
0.156296 0.147754 0.214138 0.160604 0.160604 0.160604
0.197142 0.158850 0.168364 0.164151 0.159843 0.151651
0.179140 0.150188 0.151093 0.164964 0.164652 0.189964
0.152296 0.205331 0.152571 0.165022 0.162484 0.162296
0.162087 0.177223 0.157097 0.169682 0.169682 0.164228
0.160681 0.161445 0.161433 0.171433 0.171742 0.173266
0.150470 0.203701 0.164453 0.160459 0.160459 0.160459
0.161179 0.203214 0.152577 0.162577 0.162589 0.157864
0.211129 0.151253 0.157370 0.160256 0.160256 0.159735
0.148149 0.161040 0.158698 0.161595 0.211595 0.158922
0.172547 0.156305 0.158009 0.169868 0.173403 0.169868
0.177679 0.149355 0.156978 0.163662 0.163662 0.188662
0.150407 0.170107 0.172137 0.170407 0.166536 0.170407
0.176178 0.166655 0.161621 0.168513 0.158513 0.168520
0.161604 0.201604 0.151982 0.161604 0.161604 0.161604
0.161607 0.173734 0.159248 0.168470 0.168470 0.168470
0.158014 0.156045 0.210051 0.158630 0.158630 0.158630
0.207617 0.147999 0.158809 0.161858 0.161858 0.161858
0.169534 0.164191 0.159884 0.170196 0.170196 0.166000
0.152478 0.204353 0.161272 0.165023 0.165023 0.151853
0.210833 0.165352 0.154704 0.152204 0.152204 0.164704
0.150709 0.157788 0.206686 0.162066 0.162066 0.160685
0.169550 0.153811 0.172772 0.167494 0.166824 0.169550
0.218202 0.149017 0.165676 0.143202 0.155702 0.168202
0.172323 0.166142 0.160580 0.168943 0.167561 0.164451
0.161575 0.154542 0.201884 0.158849 0.161575 0.161575
0.166571 0.160124 0.176459 0.155711 0.168211 0.172924
0.157822 0.168394 0.167834 0.170618 0.167508 0.167822
0.161536 0.211536 0.157665 0.158863 0.158863 0.151536
0.152597 0.151727 0.192597 0.147884 0.152597 0.202597
0.166511 0.166197 0.170045 0.166504 0.166818 0.163926
0.169586 0.162375 0.168907 0.166234 0.168907 0.163990
0.160101 0.160771 0.166230 0.170783 0.170113 0.172004
0.165249 0.201634 0.153828 0.151634 0.163828 0.163828
0.155847 0.163349 0.158432 0.184814 0.183432 0.154125
0.158110 0.166075 0.168110 0.168698 0.171412 0.167595
0.176218 0.147210 0.172902 0.160402 0.172902 0.170365
0.161679 0.171888 0.161679 0.185592 0.157483 0.161679
0.160117 0.156562 0.163755 0.154556 0.151255 0.213755
0.161505 0.145940 0.174317 0.169604 0.174317 0.174317
0.168407 0.157844 0.169563 0.165053 0.169563 0.169570
0.172464 0.141277 0.175860 0.160017 0.175191 0.175191
0.162572 0.150872 0.162264 0.174764 0.174764 0.174764
0.171044 0.155528 0.169316 0.168242 0.167935 0.167935
0.170095 0.152300 0.167357 0.170083 0.170083 0.170083
0.170352 0.145745 0.162566 0.175077 0.175066 0.171194
0.212109 0.154410 0.166212 0.162423 0.162423 0.142423
0.153375 0.171572 0.142513 0.177513 0.152513 0.202513
0.168997 0.157593 0.165704 0.172298 0.168997 0.166412
0.157253 0.169793 0.170419 0.173318 0.173318 0.155900
0.170243 0.198073 0.143249 0.151047 0.155243 0.182146
0.162871 0.199416 0.158222 0.152406 0.164906 0.162180
0.146206 0.215189 0.163387 0.161660 0.161660 0.151899
0.187400 0.181592 0.152253 0.159146 0.159146 0.160463
0.171163 0.159888 0.160146 0.170447 0.170447 0.167909
0.148873 0.200036 0.165044 0.163587 0.163587 0.158873
0.152809 0.168549 0.168541 0.153541 0.153541 0.203020
0.139212 0.195198 0.167608 0.166885 0.166885 0.164212
0.172869 0.160173 0.172898 0.175795 0.159128 0.159136
0.169742 0.197525 0.131058 0.147780 0.164447 0.189447
0.161330 0.148148 0.167184 0.176368 0.173485 0.173485
0.165087 0.148958 0.212279 0.161971 0.155849 0.155856
0.170867 0.155956 0.169786 0.170559 0.173006 0.159827
0.159220 0.174220 0.163633 0.163933 0.153933 0.185062
0.172476 0.164534 0.166369 0.172778 0.168995 0.154848
0.160730 0.154749 0.203403 0.163403 0.160292 0.157423
0.207250 0.161134 0.165289 0.161446 0.148622 0.156259
0.162597 0.161563 0.171256 0.171256 0.174572 0.158756
0.160311 0.173685 0.156451 0.160311 0.176978 0.172264
0.166214 0.166979 0.160744 0.170074 0.166436 0.169553
0.157219 0.154553 0.204050 0.166550 0.153745 0.163883
0.173821 0.177136 0.166237 0.161321 0.160165 0.161321
0.162251 0.187930 0.154842 0.157568 0.154842 0.182568
0.171994 0.157687 0.158349 0.174720 0.162529 0.174720
0.155979 0.157095 0.165785 0.172675 0.175785 0.172682
0.163435 0.154411 0.172826 0.172826 0.168257 0.168245
0.179681 0.143684 0.174968 0.179681 0.158971 0.163015
0.158622 0.151167 0.163021 0.163335 0.200521 0.163335
0.166730 0.165526 0.164370 0.167044 0.169287 0.167044
0.169461 0.148244 0.172135 0.172135 0.170088 0.167938
0.176709 0.154713 0.177016 0.176709 0.150644 0.164209
0.159354 0.209926 0.159047 0.159047 0.153578 0.159047
0.167222 0.166450 0.167234 0.167222 0.164649 0.167222
0.170360 0.165643 0.169678 0.169678 0.154964 0.169678
0.150507 0.143784 0.188686 0.163007 0.191009 0.163007
0.187376 0.174715 0.154296 0.160995 0.161623 0.160995
0.167367 0.167675 0.168891 0.166791 0.162484 0.166791
0.153893 0.204199 0.148941 0.165723 0.161521 0.165723
0.162924 0.166471 0.155432 0.176511 0.162152 0.176511
0.160795 0.160807 0.172644 0.171914 0.161926 0.171914
0.155284 0.202092 0.152724 0.162724 0.164453 0.162724
0.153018 0.161552 0.164840 0.165832 0.188926 0.165832
0.168891 0.173613 0.168821 0.168454 0.151767 0.168454
0.170207 0.163081 0.153362 0.169537 0.174274 0.169537
0.151927 0.140910 0.157443 0.168834 0.212053 0.168834
0.175257 0.154691 0.170757 0.174189 0.150917 0.174189
0.164570 0.168038 0.156553 0.169279 0.172282 0.169279
0.151498 0.167784 0.165134 0.173998 0.167589 0.173998
0.192565 0.167722 0.165837 0.162728 0.148420 0.162728
0.158617 0.164080 0.203605 0.157901 0.157897 0.157901
0.157182 0.159311 0.170393 0.171884 0.169346 0.171884
0.160494 0.144914 0.209516 0.161688 0.161700 0.161688
0.174706 0.177798 0.151870 0.164880 0.165867 0.164880
0.162077 0.153859 0.154813 0.163084 0.203084 0.163084
0.167025 0.166038 0.160880 0.167030 0.171997 0.167030
0.159297 0.211161 0.146043 0.165361 0.162776 0.155361
0.135539 0.144717 0.152034 0.160527 0.196656 0.210527
0.162184 0.160194 0.201875 0.160494 0.157344 0.157909
0.183244 0.154870 0.183892 0.160970 0.160970 0.156053
0.155293 0.205159 0.152384 0.164480 0.156301 0.166383
0.174104 0.164850 0.157695 0.171674 0.160683 0.170995
0.209221 0.164838 0.152536 0.153417 0.160879 0.159109
0.150562 0.208475 0.147336 0.165662 0.164241 0.163725
0.172275 0.146803 0.167968 0.170004 0.172898 0.170052
0.155806 0.207087 0.160056 0.152350 0.162350 0.162350
0.151672 0.160850 0.149134 0.164988 0.161684 0.211672
0.164337 0.127137 0.216436 0.164030 0.164030 0.164030
0.161968 0.152522 0.153226 0.157661 0.212647 0.161975
0.171089 0.159949 0.162510 0.170765 0.164611 0.171077
0.171425 0.147118 0.168297 0.168888 0.172846 0.171425
0.187559 0.163663 0.167559 0.162559 0.156102 0.162559
0.166330 0.148264 0.216009 0.163338 0.143029 0.163029
0.172844 0.145611 0.163567 0.172844 0.176160 0.168973
0.168921 0.163832 0.162064 0.171735 0.171724 0.161724
0.145792 0.204758 0.148882 0.168292 0.163984 0.168292
0.167088 0.151566 0.139368 0.214097 0.163785 0.164097
0.163317 0.161010 0.171001 0.171426 0.165354 0.167892
0.151180 0.203780 0.161500 0.161180 0.161180 0.161180
0.167750 0.198922 0.155688 0.156530 0.160710 0.160401
0.160490 0.157853 0.210188 0.150490 0.160490 0.160490
0.155268 0.195287 0.163004 0.162143 0.162155 0.162143
0.163842 0.140825 0.214458 0.164458 0.164458 0.151958
0.148964 0.165257 0.152505 0.152535 0.203205 0.177535
0.154132 0.201034 0.156632 0.166632 0.157666 0.163906
0.172759 0.152161 0.166893 0.170753 0.172134 0.165299
0.199645 0.205637 0.142371 0.152371 0.145773 0.154204
0.152778 0.183704 0.190254 0.165254 0.142754 0.165254
0.165816 0.180982 0.166687 0.162706 0.165816 0.157993
0.209863 0.161205 0.149863 0.159863 0.159863 0.159342
0.174235 0.151622 0.168301 0.171076 0.166363 0.168403
0.176146 0.145421 0.160706 0.176460 0.175477 0.165791
0.137310 0.176840 0.149515 0.146336 0.156163 0.233836
0.161107 0.167879 0.163041 0.171107 0.169725 0.167140
0.167906 0.156025 0.171746 0.167599 0.171311 0.165415
0.152262 0.216179 0.157870 0.152262 0.154762 0.166665
0.170381 0.165671 0.156948 0.170369 0.169371 0.167260
0.171583 0.160916 0.171682 0.170904 0.158319 0.166597
0.173191 0.163328 0.163575 0.158191 0.179326 0.162389
0.169709 0.188604 0.148802 0.164986 0.169332 0.158567
0.168282 0.161661 0.174610 0.170867 0.163540 0.161040
0.148636 0.160473 0.157581 0.162832 0.157645 0.212832
0.159921 0.189890 0.156299 0.169105 0.155987 0.168799
0.159113 0.157857 0.212531 0.159113 0.152268 0.159120
0.165041 0.157060 0.172201 0.168678 0.168354 0.168666
0.162089 0.145237 0.170200 0.174901 0.172672 0.174901
0.192766 0.144065 0.164737 0.193922 0.152255 0.152255
0.156221 0.156913 0.192973 0.158947 0.172633 0.162313
0.143474 0.189290 0.159879 0.155665 0.152782 0.198911
0.163793 0.165396 0.155186 0.160683 0.208770 0.146173
0.159126 0.167216 0.169163 0.159114 0.176917 0.168465
0.159108 0.145606 0.151248 0.163822 0.214491 0.165724
0.218417 0.139905 0.158731 0.168731 0.150690 0.163527
0.161449 0.181184 0.188903 0.160588 0.152122 0.155754
0.171898 0.159970 0.175199 0.171898 0.152477 0.168558
0.170047 0.164734 0.169304 0.172959 0.152533 0.170422
0.134176 0.209768 0.139668 0.169176 0.161368 0.185843
0.165609 0.152337 0.149890 0.163618 0.154928 0.213618
0.150613 0.194916 0.162434 0.165494 0.161043 0.165501
0.168119 0.174931 0.152046 0.176737 0.151423 0.176744
0.172432 0.158338 0.170436 0.167670 0.163455 0.167670
0.156823 0.155845 0.171920 0.171908 0.171596 0.171908
0.157547 0.157854 0.169313 0.174442 0.166403 0.174442
0.156380 0.148495 0.205564 0.165882 0.162377 0.161302
0.172856 0.155523 0.181846 0.179884 0.150545 0.159346
0.147687 0.212673 0.159723 0.162308 0.165300 0.152308
0.161726 0.179152 0.149419 0.162988 0.183728 0.162988
0.163841 0.173686 0.162280 0.168964 0.162265 0.168964
0.150060 0.153603 0.159753 0.159741 0.217102 0.159741
0.174548 0.146727 0.166616 0.170923 0.170262 0.170923
0.175653 0.166469 0.175329 0.163141 0.156266 0.163141
0.165117 0.170091 0.166875 0.166496 0.164925 0.166496
0.187718 0.173723 0.163709 0.163030 0.148789 0.163030
0.208056 0.162381 0.147601 0.162335 0.157292 0.162335
0.163458 0.144801 0.161345 0.184924 0.160548 0.184924
0.157652 0.148764 0.158966 0.161539 0.211539 0.161539
0.156484 0.162073 0.162855 0.172855 0.172879 0.172855
0.152791 0.142779 0.216095 0.162779 0.162779 0.162779
0.158237 0.157999 0.161092 0.157558 0.207558 0.157558
0.199776 0.157557 0.155468 0.159776 0.167648 0.159776
0.167521 0.185721 0.159061 0.162566 0.162566 0.162566
0.167778 0.178992 0.148495 0.170363 0.164010 0.170363
0.161506 0.158063 0.164298 0.175377 0.165377 0.175377
0.163822 0.154379 0.170281 0.170506 0.170506 0.170506
0.174408 0.152506 0.149861 0.174408 0.174408 0.174408
0.168205 0.159536 0.154722 0.172513 0.172513 0.172513
0.159978 0.196378 0.162773 0.160290 0.160290 0.160290
0.162375 0.157365 0.185521 0.164913 0.164913 0.164913
0.161180 0.203775 0.153541 0.160501 0.160501 0.160501
0.160604 0.159656 0.168853 0.170295 0.170295 0.170295
0.175241 0.160737 0.142562 0.173820 0.173820 0.173820
0.160149 0.198537 0.153146 0.162722 0.162722 0.162722
0.161379 0.159673 0.166115 0.171379 0.170727 0.170727
0.206052 0.149839 0.135903 0.152736 0.177736 0.177736
0.163730 0.194784 0.163518 0.160196 0.158886 0.158886
0.156287 0.147445 0.208365 0.160594 0.163654 0.163654
0.146350 0.177275 0.174773 0.150534 0.175534 0.175534
0.157720 0.163474 0.173567 0.170257 0.167492 0.167492
0.164452 0.159151 0.183043 0.164452 0.164452 0.164452
0.159804 0.160800 0.199292 0.159496 0.165304 0.155304
0.155404 0.190998 0.136748 0.155404 0.155723 0.205723
0.162349 0.137677 0.209562 0.162337 0.165330 0.162745
0.171287 0.163212 0.156556 0.171287 0.171287 0.166370
0.214614 0.155632 0.134614 0.164614 0.164311 0.166214
0.165073 0.137910 0.212403 0.161538 0.161538 0.161538
0.161565 0.205556 0.152515 0.161565 0.161553 0.157246
0.166952 0.163241 0.157185 0.170823 0.171493 0.170307
0.167921 0.173131 0.165223 0.177921 0.152921 0.162883
0.176178 0.147218 0.152522 0.176178 0.174643 0.173262
0.154370 0.186529 0.148718 0.154370 0.151644 0.204370
0.169365 0.173501 0.153465 0.168695 0.161237 0.173737
0.154218 0.137720 0.154790 0.166718 0.194828 0.191725
0.159631 0.204250 0.161371 0.158249 0.158249 0.158249
0.169586 0.160283 0.167907 0.172312 0.167599 0.162312
0.143542 0.136961 0.201685 0.156042 0.155728 0.206042
0.166002 0.199626 0.150952 0.162893 0.160220 0.160308
0.169588 0.162140 0.168297 0.169588 0.169588 0.160799
0.159657 0.156943 0.208080 0.164370 0.164677 0.146273
0.163796 0.148422 0.145451 0.164110 0.164110 0.214110
0.159880 0.192989 0.165674 0.162553 0.163244 0.155660
0.160721 0.215688 0.156861 0.160721 0.150721 0.155288
0.163153 0.159389 0.173133 0.162846 0.189267 0.152212
0.143860 0.154675 0.196178 0.143190 0.168906 0.193190
0.158540 0.148612 0.159156 0.171028 0.148528 0.214136
0.169986 0.159986 0.167468 0.168605 0.170784 0.163171
0.185363 0.177845 0.153675 0.163089 0.157565 0.162462
0.167707 0.144895 0.162698 0.176905 0.170890 0.176905
0.161358 0.160254 0.158261 0.158249 0.157937 0.203942
0.162534 0.160609 0.172538 0.166730 0.171376 0.166214
0.152884 0.155693 0.195630 0.170097 0.158130 0.167567
0.164853 0.171415 0.170068 0.163774 0.169987 0.159903
0.151161 0.158338 0.163834 0.163834 0.159000 0.203834
0.179607 0.155613 0.159920 0.176616 0.151628 0.176616
0.157312 0.201931 0.149080 0.161580 0.168510 0.161587
0.150368 0.162044 0.160361 0.160368 0.210361 0.156497
0.177629 0.155321 0.170268 0.170268 0.166245 0.160268
0.167066 0.164609 0.167066 0.167745 0.166446 0.167066
0.183220 0.174746 0.165095 0.155095 0.156748 0.165095
0.171981 0.162609 0.169975 0.170716 0.159296 0.165424
0.164509 0.172371 0.163793 0.166165 0.174413 0.158750
0.140186 0.190186 0.171482 0.134382 0.219382 0.144382
0.160522 0.159136 0.159812 0.175713 0.172421 0.172397
0.209815 0.159503 0.151236 0.159815 0.159815 0.159815
0.160017 0.165783 0.160724 0.155686 0.197795 0.159994
0.168204 0.161216 0.158883 0.167892 0.175602 0.168204
0.210424 0.160732 0.149432 0.157886 0.161103 0.160424
0.176595 0.164317 0.169832 0.168723 0.151810 0.168723
0.172115 0.159627 0.162685 0.172423 0.161036 0.172115
0.163522 0.169875 0.159563 0.169875 0.167290 0.169875
0.151370 0.212049 0.162457 0.161382 0.151370 0.161370
0.167757 0.160613 0.167078 0.167078 0.170394 0.167078
0.150315 0.162414 0.156328 0.210315 0.160315 0.160315
0.170661 0.152784 0.169607 0.172775 0.164933 0.169240
0.161415 0.145421 0.201475 0.164000 0.163688 0.164000
0.158454 0.169184 0.173409 0.164583 0.165916 0.168454
0.164809 0.151493 0.209217 0.151493 0.161493 0.161493
0.168503 0.167512 0.158167 0.168503 0.168812 0.168503
0.164241 0.168237 0.161876 0.168549 0.168549 0.168549
0.168191 0.161658 0.164631 0.168503 0.168515 0.168503
0.158542 0.160768 0.197451 0.161080 0.161080 0.161080
0.159721 0.158171 0.152944 0.159721 0.209721 0.159721
0.168518 0.157548 0.167093 0.168209 0.171083 0.167548
0.159119 0.177527 0.152663 0.159119 0.175786 0.175786
0.171707 0.167765 0.152003 0.171695 0.166479 0.170350
0.159557 0.202452 0.163552 0.159557 0.152441 0.162441
0.200523 0.174040 0.140535 0.150523 0.167190 0.167190
0.163110 0.206648 0.157368 0.159576 0.156648 0.156648
0.161257 0.156613 0.198360 0.161257 0.161257 0.161257
0.172041 0.154817 0.168330 0.175912 0.164450 0.164450
0.152342 0.163595 0.163073 0.162342 0.179325 0.179325
0.172053 0.153415 0.158490 0.172053 0.171994 0.171994
0.171589 0.164612 0.161276 0.171589 0.165467 0.165467
0.169749 0.158627 0.159449 0.169749 0.171213 0.171213
0.173415 0.166064 0.154812 0.172736 0.172736 0.160236
0.144205 0.152305 0.226308 0.154205 0.148989 0.173989
0.163303 0.207048 0.149792 0.161212 0.160686 0.157960
0.167258 0.149946 0.180204 0.182343 0.162852 0.157398
0.163491 0.156866 0.169713 0.171430 0.168334 0.170167
0.154162 0.172525 0.149265 0.163572 0.180239 0.180239
0.152448 0.144010 0.208513 0.163527 0.168108 0.163394
0.157949 0.161823 0.162207 0.161731 0.178405 0.177884
0.149840 0.164900 0.207478 0.160152 0.160152 0.157478
0.164383 0.161702 0.168960 0.168318 0.168318 0.168318
0.157895 0.181767 0.160709 0.158209 0.158209 0.183209
0.154544 0.205784 0.158060 0.160537 0.160537 0.160537
0.162980 0.168403 0.159903 0.172622 0.168042 0.168049
0.163578 0.124752 0.214376 0.176876 0.160209 0.160209
0.167674 0.149494 0.175521 0.168877 0.169556 0.168877
0.201538 0.152008 0.164623 0.163944 0.153944 0.163944
0.167463 0.156581 0.155198 0.173113 0.174533 0.173113
0.193614 0.176789 0.139903 0.165492 0.162907 0.161296
0.160465 0.217040 0.148966 0.165343 0.155343 0.152843
0.198452 0.157047 0.150752 0.163478 0.166793 0.163478
0.168003 0.154812 0.162638 0.171516 0.171516 0.171516
0.148380 0.198606 0.166663 0.163553 0.159246 0.163553
0.167208 0.154317 0.166475 0.170771 0.170459 0.170771
0.160232 0.167630 0.164900 0.169925 0.167388 0.169925
0.161614 0.169831 0.183750 0.161602 0.161602 0.161602
0.160954 0.193672 0.162240 0.160942 0.161250 0.160942
0.211738 0.153503 0.149546 0.161738 0.161738 0.161738
0.192946 0.164404 0.161904 0.164412 0.164423 0.151912
0.166418 0.171329 0.147903 0.163117 0.163117 0.188117
0.161897 0.140242 0.153281 0.165769 0.215769 0.163043
0.148536 0.149346 0.215841 0.162732 0.166266 0.157278
0.148852 0.175373 0.189886 0.161352 0.161352 0.163185
0.168041 0.165079 0.166629 0.168041 0.164170 0.168041
0.172208 0.157859 0.168023 0.172208 0.162208 0.167495
0.172173 0.156524 0.155304 0.172173 0.172173 0.171652
0.171918 0.155581 0.159418 0.171918 0.171918 0.169245
0.160773 0.198507 0.160410 0.160103 0.160103 0.160103
0.150733 0.172584 0.163939 0.162582 0.162582 0.187582
0.150251 0.203579 0.149561 0.165536 0.165536 0.165536
0.167901 0.163264 0.162159 0.168672 0.169324 0.168679
0.142604 0.153663 0.179406 0.183109 0.158109 0.183109
0.162847 0.150106 0.160453 0.175095 0.176404 0.175095
0.171318 0.150872 0.165841 0.171676 0.168616 0.171676
0.160233 0.143360 0.151566 0.189947 0.164947 0.189947
0.173925 0.136334 0.160236 0.176978 0.179744 0.172782
0.171445 0.150968 0.166779 0.174436 0.174436 0.161936
0.168111 0.156353 0.152817 0.176176 0.170367 0.176176
0.151756 0.190559 0.165201 0.164268 0.163950 0.164268
0.159537 0.212447 0.148470 0.160846 0.157853 0.160846
0.159246 0.145897 0.208976 0.161960 0.161960 0.161960
0.162190 0.142580 0.171802 0.174375 0.174678 0.174375
0.190355 0.173322 0.149585 0.162246 0.162246 0.162246
0.175371 0.141226 0.196637 0.162251 0.162263 0.162251
0.160862 0.143417 0.207519 0.162734 0.162734 0.162734
0.167206 0.169639 0.172326 0.159896 0.171717 0.159217
0.152240 0.185218 0.161638 0.159329 0.172245 0.169329
0.154624 0.194367 0.135715 0.172712 0.171291 0.171291
0.157691 0.186485 0.176172 0.159841 0.157384 0.162427
0.153968 0.196553 0.147577 0.168968 0.153968 0.178968
0.168956 0.153903 0.166322 0.172260 0.169614 0.168944
0.174691 0.158630 0.155107 0.174691 0.162191 0.174691
0.192625 0.163592 0.143833 0.163318 0.169007 0.167625
0.166485 0.145727 0.213774 0.162872 0.160458 0.150684
0.154216 0.227617 0.145557 0.151678 0.141716 0.179216
0.158868 0.189689 0.161867 0.163064 0.166174 0.160338
0.159301 0.162810 0.167630 0.172110 0.171801 0.166348
0.164126 0.199502 0.146875 0.164126 0.159412 0.165959
0.162872 0.163970 0.186879 0.162205 0.161879 0.162193
0.161127 0.160134 0.172064 0.171127 0.169133 0.166414
0.164093 0.145742 0.162672 0.212672 0.152672 0.162151
0.167704 0.152428 0.166412 0.173824 0.172017 0.167616
0.162931 0.160428 0.160431 0.172931 0.170346 0.172931
0.156212 0.171051 0.202908 0.149025 0.142908 0.177896
0.167018 0.167388 0.171223 0.157018 0.170334 0.167018
0.159280 0.148865 0.176087 0.163587 0.188587 0.163594
0.157762 0.209456 0.159565 0.158074 0.157068 0.158074
0.168204 0.171870 0.148015 0.170741 0.170429 0.170741
0.172305 0.160484 0.157030 0.172305 0.165571 0.172305
0.165497 0.203724 0.151838 0.163814 0.151314 0.163814
0.162188 0.152947 0.164688 0.174688 0.174997 0.170492
0.166049 0.195345 0.161728 0.163126 0.163126 0.150626
0.166490 0.147838 0.171689 0.171324 0.171336 0.171324
0.204153 0.146216 0.149672 0.166653 0.166653 0.166653
0.167356 0.153970 0.158000 0.156891 0.206891 0.156891
0.172434 0.138433 0.168297 0.172434 0.175968 0.172434
0.160452 0.171347 0.152559 0.171881 0.171881 0.171881
0.160190 0.165383 0.165867 0.170810 0.166939 0.170810
0.159086 0.147160 0.179734 0.180229 0.170229 0.163562
0.172982 0.189473 0.151934 0.156315 0.156315 0.172982
0.167952 0.159102 0.167222 0.169536 0.169536 0.166652
0.181531 0.135930 0.195704 0.147652 0.197652 0.141531
0.179045 0.158327 0.158363 0.175832 0.163332 0.165100
0.153671 0.185007 0.142555 0.156256 0.183273 0.179239
0.188551 0.169131 0.158553 0.165274 0.161215 0.157275
0.172050 0.171365 0.154624 0.171863 0.164411 0.165686
0.160313 0.197815 0.161711 0.161717 0.167856 0.150588
0.144417 0.135056 0.205858 0.158223 0.148223 0.208223
0.161126 0.162216 0.170818 0.167272 0.162091 0.176477
0.161327 0.207726 0.160188 0.159870 0.156461 0.154428
0.155181 0.152811 0.211303 0.165174 0.151188 0.164344
0.159868 0.142816 0.206662 0.162446 0.165762 0.162446
0.160491 0.149228 0.154423 0.163388 0.188846 0.183624
0.142648 0.168970 0.177684 0.155174 0.200866 0.154658
0.166020 0.199281 0.149408 0.162705 0.162412 0.160174
0.215520 0.146750 0.147971 0.169792 0.167255 0.152712
0.135026 0.157865 0.141379 0.152465 0.202465 0.210799
