0.138852 0.157357 0.166496 0.168359 0.170730 0.198206
0.159480 0.123916 0.156011 0.225005 0.164525 0.171063
0.144501 0.148617 0.150027 0.183846 0.187692 0.185317
0.144542 0.190759 0.162828 0.166721 0.166720 0.168430
0.184298 0.133180 0.189160 0.161413 0.168998 0.162951
0.158458 0.233579 0.159326 0.146546 0.159873 0.142218
0.147445 0.134687 0.167930 0.165679 0.172581 0.211678
0.162293 0.155046 0.162286 0.207898 0.172289 0.140188
0.244543 0.110562 0.191301 0.136362 0.129751 0.187481
0.151928 0.147906 0.152114 0.179080 0.179080 0.189892
0.153895 0.193250 0.159910 0.178103 0.159371 0.155472
0.192210 0.150689 0.171651 0.162311 0.158085 0.165054
0.161996 0.171980 0.172787 0.156378 0.169710 0.167149
0.144916 0.156667 0.145429 0.186401 0.186409 0.180179
0.231900 0.153960 0.185802 0.134391 0.142978 0.150968
0.133505 0.193268 0.141823 0.170171 0.181057 0.180177
0.163336 0.207680 0.163336 0.154219 0.164209 0.147222
0.172115 0.234070 0.176132 0.143036 0.135666 0.138981
0.164164 0.148600 0.160551 0.174053 0.169294 0.183338
0.148702 0.207104 0.155743 0.160333 0.169837 0.158282
0.184176 0.161644 0.152573 0.160643 0.154944 0.186020
0.182569 0.157534 0.192099 0.162506 0.143449 0.161843
0.116727 0.154445 0.121899 0.204932 0.203120 0.198876
0.208455 0.138687 0.208867 0.147515 0.146117 0.150358
0.150243 0.132363 0.147283 0.196082 0.182452 0.191577
0.177319 0.156273 0.170819 0.148687 0.193921 0.152980
0.152875 0.122628 0.155796 0.218496 0.172611 0.177594
0.141191 0.194795 0.143864 0.173703 0.169289 0.177159
0.145119 0.170463 0.139854 0.188340 0.161357 0.194868
0.134918 0.184169 0.109617 0.179364 0.176729 0.215203
0.170285 0.205055 0.167396 0.159033 0.144867 0.153363
0.142142 0.200203 0.137333 0.180743 0.157655 0.181924
0.166129 0.218573 0.166430 0.131152 0.159301 0.158415
0.159937 0.179008 0.159937 0.161994 0.178506 0.160619
0.159110 0.198190 0.159120 0.143618 0.151641 0.188322
0.162750 0.167814 0.162750 0.150193 0.197315 0.159177
0.140923 0.148803 0.170120 0.177861 0.194666 0.167628
0.154969 0.156437 0.171328 0.188427 0.176500 0.152338
0.205728 0.138383 0.205728 0.154985 0.136614 0.158563
0.161695 0.153313 0.156821 0.191877 0.175111 0.161183
0.173311 0.176679 0.160238 0.172415 0.143612 0.173745
0.167730 0.148335 0.167730 0.204264 0.146171 0.165772
0.153261 0.158786 0.153261 0.171046 0.192292 0.171352
0.161271 0.167899 0.161271 0.161103 0.161035 0.187420
0.158862 0.145707 0.158862 0.176749 0.176762 0.183058
0.164715 0.156259 0.164748 0.160574 0.162974 0.190731
0.124755 0.184097 0.132126 0.205102 0.175758 0.178163
0.176920 0.125312 0.175115 0.175896 0.173231 0.173526
0.152816 0.186952 0.156062 0.163710 0.163989 0.176472
0.129502 0.234814 0.146168 0.167222 0.150568 0.171726
0.192190 0.175434 0.184872 0.145857 0.147210 0.154436
0.131477 0.206804 0.134361 0.170723 0.192839 0.163796
0.151282 0.228280 0.174233 0.144760 0.156394 0.145052
0.154713 0.186350 0.145351 0.167865 0.174501 0.171220
0.197591 0.143290 0.203135 0.152347 0.148131 0.155506
0.169639 0.140930 0.172126 0.183837 0.149926 0.183544
0.166283 0.169158 0.166305 0.173525 0.151204 0.173525
0.178349 0.141824 0.187146 0.165629 0.161431 0.165620
0.112712 0.136576 0.129378 0.220304 0.191925 0.209106
0.190297 0.138738 0.183250 0.146365 0.150421 0.190929
0.155865 0.194388 0.141873 0.176685 0.176085 0.155105
0.161391 0.127009 0.139681 0.174626 0.173234 0.224059
0.174385 0.159053 0.168650 0.151287 0.168277 0.178347
0.185079 0.164325 0.172804 0.153597 0.161437 0.162758
0.130534 0.229680 0.127753 0.171068 0.170484 0.170481
0.154899 0.204689 0.156973 0.153710 0.160246 0.169484
0.169665 0.192109 0.174669 0.153828 0.157364 0.152365
0.180268 0.161404 0.206197 0.165052 0.135441 0.151638
0.158316 0.189120 0.175961 0.136338 0.172172 0.168093
0.185731 0.150449 0.147995 0.148775 0.204359 0.162692
0.180838 0.118208 0.180907 0.149180 0.199723 0.171143
0.152869 0.194877 0.142914 0.167992 0.176602 0.164746
0.176684 0.155203 0.156834 0.174724 0.162252 0.174304
0.146665 0.149392 0.149257 0.226483 0.157076 0.171127
0.161056 0.161921 0.163044 0.172843 0.166562 0.174574
0.148918 0.187323 0.156735 0.177959 0.164291 0.164774
0.144948 0.209570 0.152470 0.179084 0.165188 0.148740
0.164914 0.159309 0.162090 0.157979 0.182411 0.173295
0.153671 0.159799 0.119762 0.187906 0.180162 0.198700
0.193925 0.201099 0.170282 0.135570 0.141072 0.158053
0.145117 0.137294 0.164936 0.205732 0.172121 0.174801
0.177815 0.165352 0.160544 0.164703 0.159539 0.172046
0.168082 0.134849 0.164741 0.177211 0.177712 0.177405
0.154131 0.170486 0.165483 0.162923 0.173472 0.173505
0.148444 0.213838 0.146292 0.160387 0.159910 0.171129
0.143592 0.151112 0.141117 0.193155 0.188992 0.182032
0.162991 0.142461 0.199707 0.165267 0.184159 0.145415
0.161510 0.177697 0.145190 0.167832 0.187191 0.160580
0.136916 0.225986 0.139453 0.193393 0.141509 0.162743
0.144283 0.195577 0.159897 0.172572 0.163525 0.164146
0.187820 0.203037 0.175011 0.145873 0.136988 0.151272
0.136315 0.184653 0.136321 0.173756 0.190153 0.178803
0.153776 0.205538 0.153765 0.150877 0.154918 0.181126
0.185808 0.164918 0.185792 0.151845 0.159894 0.151742
0.201321 0.141301 0.134654 0.159052 0.184582 0.179091
0.187179 0.141202 0.184989 0.198226 0.150315 0.138088
0.170009 0.133101 0.161071 0.162267 0.161780 0.211772
0.222695 0.197656 0.182499 0.135232 0.130744 0.131175
0.128609 0.116465 0.140600 0.170442 0.249452 0.194432
0.172259 0.125321 0.172259 0.203152 0.167686 0.159323
0.144407 0.200296 0.139203 0.176045 0.170009 0.170041
0.153687 0.152035 0.153391 0.182440 0.166924 0.191522
0.172540 0.187070 0.182814 0.187122 0.124710 0.145743
0.155325 0.131106 0.136999 0.186941 0.190140 0.199489
0.182367 0.186892 0.175253 0.152996 0.150282 0.152210
0.131105 0.274376 0.144014 0.142196 0.139114 0.169195
0.200958 0.188291 0.195775 0.132572 0.138671 0.143735
0.137829 0.222237 0.128670 0.168036 0.173641 0.169588
0.162932 0.196285 0.187386 0.155969 0.124583 0.172844
0.144730 0.177905 0.148128 0.173400 0.152023 0.203814
0.143603 0.281300 0.141708 0.151530 0.137660 0.144199
0.179767 0.188252 0.169309 0.156629 0.147898 0.158144
0.177219 0.219016 0.159215 0.144550 0.141752 0.158248
0.171248 0.221421 0.164053 0.156258 0.145891 0.141130
0.164440 0.208012 0.142475 0.172420 0.151303 0.161349
0.167694 0.133049 0.188521 0.175819 0.192692 0.142226
0.159995 0.216223 0.115378 0.151269 0.191932 0.165204
0.151197 0.202071 0.134243 0.155174 0.181173 0.176141
0.125150 0.138996 0.183372 0.184515 0.165723 0.202244
0.136140 0.230967 0.141266 0.159599 0.171226 0.160803
0.141291 0.202165 0.144717 0.184746 0.160077 0.167005
0.164633 0.209640 0.165397 0.159082 0.130704 0.170545
0.186766 0.164621 0.149040 0.188876 0.150493 0.160203
0.157144 0.237949 0.167677 0.140243 0.152611 0.144376
0.168594 0.112567 0.165835 0.177530 0.215284 0.160189
0.139647 0.196386 0.166005 0.151631 0.161043 0.185287
0.175179 0.139072 0.197208 0.159910 0.153801 0.174829
0.183412 0.194894 0.166739 0.167200 0.126134 0.161621
0.186085 0.119580 0.203719 0.154023 0.184790 0.151803
0.153972 0.211747 0.153058 0.156226 0.151776 0.173220
0.196490 0.165454 0.192299 0.159960 0.128974 0.156823
0.158183 0.110898 0.153310 0.178646 0.229293 0.169671
0.155796 0.179503 0.165008 0.154515 0.201147 0.144032
0.153524 0.141466 0.170717 0.168061 0.186698 0.179534
0.128963 0.199604 0.131794 0.162446 0.165670 0.211522
0.165377 0.168944 0.165377 0.159024 0.181788 0.159490
0.150672 0.168114 0.134006 0.179736 0.175880 0.191591
0.187541 0.156427 0.187541 0.149752 0.148198 0.170540
0.154664 0.184993 0.154657 0.167582 0.171200 0.166904
0.200530 0.166046 0.170507 0.164847 0.143210 0.154861
0.168516 0.163188 0.169114 0.183305 0.148712 0.167164
0.173295 0.166976 0.168596 0.165311 0.163362 0.162459
0.165247 0.188672 0.161232 0.165774 0.161958 0.157117
0.175094 0.152841 0.192058 0.167636 0.141954 0.170417
0.148522 0.121986 0.162789 0.183928 0.227692 0.155083
0.136791 0.217609 0.130983 0.163022 0.155035 0.196560
0.198124 0.139174 0.202858 0.160516 0.150553 0.148775
0.169452 0.182118 0.166760 0.166508 0.160687 0.154475
0.151203 0.147290 0.154092 0.170046 0.155397 0.221973
0.138479 0.215897 0.155781 0.171059 0.157067 0.161717
0.172879 0.133343 0.172578 0.183963 0.181006 0.156231
0.182134 0.143829 0.182141 0.176563 0.173634 0.141700
0.145123 0.233619 0.145113 0.174508 0.161187 0.140451
0.145813 0.145586 0.145813 0.204299 0.164166 0.194324
0.195018 0.209262 0.170018 0.125661 0.156001 0.144040
0.164123 0.160389 0.160280 0.153909 0.190144 0.171155
0.188279 0.158942 0.193256 0.145883 0.154051 0.159588
0.180753 0.139949 0.172288 0.152100 0.187149 0.167761
0.170855 0.132765 0.172373 0.176228 0.171551 0.176228
0.152331 0.179454 0.166673 0.174349 0.152840 0.174354
0.155096 0.139853 0.161420 0.186093 0.171443 0.186093
0.165685 0.157437 0.150785 0.181384 0.169619 0.175091
0.156414 0.178903 0.162815 0.179661 0.153701 0.168506
0.148350 0.191413 0.171675 0.157680 0.155455 0.175427
0.152929 0.227692 0.149467 0.163582 0.149543 0.156787
0.160868 0.155340 0.176590 0.178757 0.157263 0.171182
0.148962 0.242002 0.165204 0.136455 0.145237 0.162141
0.167834 0.140778 0.145391 0.171793 0.207445 0.166759
0.126774 0.224916 0.146622 0.162725 0.155156 0.183807
0.162020 0.207021 0.163078 0.146761 0.162220 0.158900
0.197356 0.158089 0.150818 0.165772 0.162510 0.165456
0.183324 0.174500 0.178284 0.146400 0.153570 0.163922
0.146802 0.205642 0.170964 0.153458 0.160609 0.162526
0.139632 0.216152 0.140188 0.170275 0.163499 0.170254
0.166415 0.145689 0.187174 0.168484 0.154645 0.177594
0.162177 0.134616 0.192627 0.164642 0.178939 0.166998
0.122672 0.182691 0.110605 0.181346 0.218565 0.184121
0.152977 0.208189 0.130183 0.174455 0.184161 0.150034
0.139513 0.118839 0.170418 0.156897 0.225095 0.189238
0.146564 0.161796 0.161593 0.172271 0.191228 0.166548
0.168977 0.156925 0.165879 0.203006 0.148469 0.156743
0.141373 0.182220 0.193252 0.153394 0.156000 0.173762
0.162480 0.161263 0.164873 0.183203 0.165410 0.162771
0.190630 0.138912 0.192328 0.161287 0.158092 0.158750
0.141790 0.163537 0.159455 0.158343 0.188687 0.188187
0.159616 0.207993 0.141338 0.160730 0.157656 0.172667
0.115627 0.283254 0.136297 0.146318 0.150402 0.168102
0.144118 0.208781 0.178774 0.135023 0.165817 0.167488
0.144792 0.142054 0.177662 0.174658 0.180416 0.180416
0.120018 0.262130 0.099568 0.177748 0.165802 0.174734
0.209240 0.164572 0.173642 0.144902 0.157483 0.150161
0.149059 0.161717 0.149025 0.174696 0.185175 0.180327
0.156915 0.173034 0.144138 0.205228 0.162278 0.158406
0.160206 0.162535 0.176166 0.155634 0.188669 0.156790
0.169976 0.184464 0.162144 0.159003 0.167779 0.156633
0.192897 0.161495 0.119791 0.174307 0.184281 0.167229
0.191204 0.163245 0.202297 0.139311 0.153469 0.150475
0.138295 0.169101 0.136840 0.188411 0.178949 0.188403
0.166434 0.201861 0.126016 0.189396 0.151896 0.164396
0.144433 0.201511 0.144002 0.205926 0.152062 0.152066
0.164258 0.114925 0.163706 0.189107 0.183998 0.184005
0.185281 0.180898 0.179131 0.139589 0.157541 0.157560
0.120809 0.198032 0.126665 0.177209 0.183437 0.193848
0.196489 0.138058 0.229940 0.139194 0.143392 0.152927
0.123414 0.185709 0.129491 0.168533 0.200010 0.192844
0.173757 0.180243 0.171051 0.158675 0.161606 0.154668
0.114692 0.167566 0.187399 0.160772 0.194610 0.174962
0.136075 0.182628 0.133405 0.175974 0.182226 0.189691
0.147697 0.210486 0.140614 0.166910 0.166146 0.168147
0.138099 0.197861 0.131071 0.173730 0.174778 0.184461
0.177475 0.178177 0.174054 0.156191 0.151610 0.162493
0.136714 0.216026 0.178704 0.161208 0.146139 0.161209
0.161620 0.166284 0.169968 0.161084 0.171023 0.170020
0.156450 0.136750 0.217865 0.162629 0.158607 0.167698
0.146379 0.236431 0.143437 0.158680 0.153470 0.161603
0.140197 0.182989 0.152381 0.193516 0.160339 0.170578
0.154863 0.157570 0.154272 0.163859 0.209737 0.159699
0.155445 0.169330 0.145082 0.161586 0.206971 0.161586
0.176132 0.164464 0.159323 0.185191 0.162932 0.151959
0.202498 0.140012 0.153195 0.155169 0.159744 0.189382
0.169115 0.177948 0.173881 0.203988 0.135270 0.139797
0.126842 0.146998 0.133494 0.172442 0.204500 0.215724
0.133432 0.211600 0.155454 0.156329 0.175691 0.167495
0.179236 0.174309 0.183514 0.156997 0.146583 0.159361
0.149370 0.157115 0.157431 0.174619 0.178714 0.182750
0.152765 0.147825 0.156107 0.169306 0.205190 0.168806
0.178691 0.115285 0.179060 0.179828 0.176244 0.170892
0.149976 0.229780 0.146237 0.160663 0.153141 0.160204
0.161579 0.166906 0.149682 0.171169 0.166572 0.184092
0.136686 0.245720 0.137280 0.150083 0.180148 0.150083
0.127458 0.173499 0.147930 0.193090 0.171015 0.187007
0.149607 0.190036 0.137321 0.163442 0.179486 0.180108
0.168624 0.209217 0.171891 0.154912 0.143587 0.151770
0.144353 0.220357 0.163852 0.161087 0.154805 0.155545
0.167173 0.156094 0.160870 0.179467 0.155540 0.180856
0.162575 0.169606 0.192414 0.165354 0.149539 0.160513
0.205939 0.183883 0.163935 0.151798 0.147122 0.147323
0.149145 0.202486 0.126376 0.174708 0.181994 0.165292
0.147099 0.167196 0.169353 0.180242 0.166535 0.169575
0.155734 0.237719 0.158184 0.144304 0.150457 0.153603
0.147928 0.139733 0.141340 0.189313 0.183670 0.198016
0.149596 0.146576 0.164879 0.167452 0.204044 0.167452
0.188973 0.155990 0.184889 0.156726 0.149811 0.163611
0.141812 0.173454 0.150402 0.182968 0.168098 0.183267
0.151924 0.146725 0.163149 0.177663 0.166298 0.194241
0.184507 0.197177 0.186551 0.146532 0.123707 0.161527
0.161498 0.207750 0.158547 0.159558 0.153038 0.159610
0.175332 0.125674 0.168297 0.181359 0.173040 0.176296
0.144536 0.173370 0.214937 0.143645 0.154445 0.169066
0.155515 0.212128 0.134334 0.177768 0.170074 0.150181
0.136882 0.190597 0.149567 0.161374 0.204200 0.157380
0.177479 0.139232 0.173026 0.161128 0.179838 0.169298
0.145423 0.185412 0.131722 0.185919 0.182092 0.169433
0.162139 0.179360 0.175089 0.140688 0.127596 0.215128
0.147577 0.185614 0.147878 0.167850 0.166818 0.184262
0.229729 0.151462 0.173844 0.162685 0.141131 0.141149
0.199304 0.120214 0.176456 0.138796 0.180669 0.184561
0.161950 0.192649 0.161573 0.137466 0.179396 0.166966
0.168086 0.180223 0.216433 0.167646 0.139860 0.127753
0.155799 0.147485 0.157563 0.186565 0.176273 0.176315
0.179652 0.137645 0.180844 0.169692 0.161504 0.170663
0.132545 0.232624 0.148421 0.155886 0.164894 0.165630
0.168333 0.165395 0.145228 0.195767 0.142345 0.182932
0.127639 0.188950 0.117974 0.182082 0.188122 0.195234
0.174777 0.181609 0.180902 0.155649 0.153528 0.153534
0.112070 0.269428 0.112580 0.163342 0.162443 0.180139
0.166209 0.184769 0.171484 0.139767 0.168747 0.169024
0.152751 0.214723 0.127379 0.183036 0.175540 0.146571
0.164236 0.164079 0.153505 0.161370 0.187485 0.169325
0.177066 0.182944 0.169439 0.152750 0.161267 0.156535
0.194396 0.142051 0.178026 0.152922 0.167885 0.164720
0.164756 0.197217 0.172073 0.186870 0.141223 0.137860
0.168579 0.139057 0.165706 0.162021 0.177123 0.187514
0.179156 0.196551 0.150739 0.140426 0.193725 0.139403
0.181776 0.134848 0.208695 0.160385 0.163931 0.150365
0.176527 0.155003 0.184830 0.177983 0.150841 0.154815
0.133906 0.206329 0.152360 0.177082 0.157003 0.173319
0.156465 0.174575 0.152003 0.181673 0.159189 0.176095
0.171501 0.147711 0.164287 0.166044 0.171095 0.179361
0.135650 0.162885 0.118984 0.194893 0.192605 0.194982
0.147282 0.264804 0.141677 0.188109 0.122295 0.135832
0.163282 0.128866 0.164758 0.179910 0.165170 0.198014
0.195247 0.151506 0.198360 0.149833 0.149728 0.155326
0.184841 0.111391 0.188190 0.161329 0.172922 0.181327
0.144860 0.231861 0.125832 0.181080 0.140790 0.175576
0.169396 0.150242 0.163062 0.174498 0.171400 0.171402
0.130847 0.167006 0.120592 0.213448 0.179635 0.188472
0.209420 0.144879 0.185673 0.139201 0.166591 0.154236
0.168171 0.157096 0.153928 0.163127 0.185302 0.172377
0.154736 0.191548 0.158962 0.167836 0.169348 0.157570
0.214087 0.154649 0.219472 0.137096 0.114932 0.159763
0.157134 0.181916 0.138661 0.180613 0.180577 0.161098
0.153631 0.183404 0.136797 0.147980 0.213508 0.164679
0.143144 0.163755 0.137703 0.187813 0.162182 0.205403
0.175498 0.169906 0.165372 0.162642 0.153413 0.173169
0.123227 0.205219 0.157402 0.166961 0.174252 0.172939
0.176181 0.154330 0.181097 0.161778 0.149071 0.177544
0.146115 0.196065 0.139002 0.168701 0.163171 0.186946
0.128934 0.196072 0.154602 0.176978 0.172276 0.171138
0.185438 0.165989 0.179096 0.163552 0.148508 0.157417
0.147689 0.155614 0.161357 0.169385 0.155217 0.210737
0.158821 0.148559 0.153628 0.181882 0.186564 0.170546
0.172937 0.145624 0.201773 0.171215 0.154070 0.154381
0.182039 0.134102 0.203493 0.150557 0.142755 0.187054
0.174486 0.130518 0.134551 0.170760 0.204824 0.184861
0.181029 0.182649 0.170522 0.146370 0.158407 0.161023
0.165359 0.178356 0.156789 0.168150 0.159532 0.171814
0.140410 0.176106 0.140507 0.185710 0.188789 0.168478
0.174055 0.145993 0.181562 0.171886 0.169134 0.157371
0.216897 0.160460 0.163639 0.166266 0.141754 0.150984
0.159603 0.221936 0.140785 0.151499 0.161084 0.165093
0.160439 0.174639 0.162378 0.157863 0.174354 0.170327
0.135591 0.215002 0.152373 0.150920 0.176583 0.169531
0.174848 0.154634 0.159875 0.165147 0.150063 0.195434
0.156512 0.188068 0.185328 0.129417 0.187154 0.153522
0.140651 0.131101 0.175830 0.181968 0.181079 0.189371
0.175784 0.146534 0.171013 0.178108 0.157862 0.170698
0.177805 0.154224 0.175566 0.163478 0.161917 0.167009
0.161753 0.124312 0.134136 0.232939 0.171903 0.174958
0.152231 0.161429 0.131502 0.221772 0.176077 0.156989
0.141963 0.216919 0.119589 0.186453 0.160830 0.174246
0.173399 0.152163 0.171454 0.157356 0.174277 0.171352
0.148122 0.239617 0.134353 0.172002 0.148086 0.157820
0.141432 0.220572 0.178343 0.128673 0.158385 0.172595
0.179975 0.177399 0.188965 0.145357 0.154295 0.154009
0.184154 0.206017 0.160458 0.142122 0.148274 0.158975
0.172413 0.218770 0.171847 0.127252 0.164111 0.145607
0.153114 0.171467 0.147347 0.176261 0.167703 0.184109
0.229466 0.179512 0.165827 0.130150 0.153131 0.141914
0.141401 0.169469 0.195701 0.169963 0.169813 0.153654
0.164400 0.213914 0.165529 0.141554 0.137290 0.177313
0.167813 0.158910 0.162691 0.204321 0.149819 0.156446
0.120582 0.156110 0.223851 0.153453 0.158964 0.187040
0.197091 0.138670 0.167479 0.156076 0.181612 0.159072
0.156122 0.200270 0.137051 0.153516 0.161819 0.191221
0.198347 0.133654 0.183871 0.162757 0.152250 0.169121
0.151587 0.168157 0.126542 0.190727 0.185949 0.177039
0.177868 0.151782 0.180638 0.140199 0.163942 0.185571
0.172055 0.153604 0.160137 0.160417 0.162884 0.190904
0.160262 0.190345 0.182890 0.147891 0.162207 0.156404
0.188648 0.146700 0.176980 0.162860 0.164475 0.160338
0.168383 0.186762 0.178687 0.149633 0.141547 0.174988
0.170365 0.201803 0.158209 0.152486 0.159522 0.157615
0.173623 0.197872 0.165704 0.133435 0.167724 0.161642
0.161314 0.149780 0.168576 0.183954 0.158019 0.178356
0.158759 0.195449 0.177398 0.147808 0.165289 0.155298
0.139784 0.216885 0.127294 0.170418 0.176512 0.169106
0.174356 0.174272 0.155292 0.152370 0.135364 0.208347
0.187759 0.164061 0.199661 0.163101 0.151912 0.133506
0.172055 0.182676 0.178439 0.141446 0.151699 0.173686
0.155389 0.184307 0.167139 0.154034 0.161142 0.177989
0.207256 0.135572 0.202369 0.148526 0.169769 0.136508
0.164676 0.297308 0.127003 0.127798 0.141238 0.141977
0.117468 0.264770 0.128661 0.150314 0.143501 0.195287
0.153833 0.233021 0.159596 0.167184 0.159230 0.127136
0.137263 0.224723 0.151598 0.154655 0.199029 0.132733
0.161172 0.173090 0.162695 0.168371 0.166556 0.168116
0.142032 0.182808 0.157529 0.152219 0.192110 0.173303
0.174631 0.196062 0.163239 0.127004 0.160174 0.178891
0.159234 0.185701 0.175396 0.205870 0.142428 0.131371
0.126499 0.144294 0.144014 0.188009 0.174620 0.222564
0.174408 0.194912 0.164649 0.124746 0.179878 0.161407
0.147128 0.215626 0.132122 0.159457 0.135116 0.210552
0.172621 0.144641 0.193397 0.161596 0.170204 0.157540
0.173772 0.166521 0.161166 0.168425 0.172857 0.157259
0.189071 0.176817 0.175307 0.156612 0.156890 0.145303
0.178524 0.197783 0.152740 0.157634 0.163425 0.149893
0.190813 0.289486 0.106336 0.138172 0.145191 0.130001
0.212600 0.179455 0.175587 0.144761 0.146826 0.140772
0.167036 0.225137 0.158770 0.153772 0.147454 0.147831
0.188474 0.166573 0.182609 0.155882 0.157058 0.149404
0.157729 0.212584 0.145307 0.147312 0.167101 0.169966
0.162442 0.151297 0.144441 0.190396 0.148365 0.203059
0.136305 0.209454 0.167824 0.172791 0.151150 0.162476
0.149343 0.177089 0.131902 0.173003 0.167663 0.201000
0.167357 0.140168 0.157493 0.170821 0.190513 0.173648
0.124591 0.231768 0.121980 0.170449 0.176826 0.174386
0.135994 0.191263 0.116006 0.183301 0.183555 0.189881
0.157010 0.205229 0.188340 0.159197 0.141247 0.148976
0.149403 0.241975 0.179110 0.157008 0.138642 0.133863
0.183785 0.255737 0.156645 0.136288 0.134597 0.132949
0.149263 0.285035 0.153196 0.123775 0.128696 0.160036
0.181388 0.146939 0.221424 0.170338 0.131051 0.148861
0.159658 0.184575 0.142840 0.154097 0.157912 0.200918
0.157063 0.188525 0.149705 0.148098 0.206028 0.150581
0.132478 0.169230 0.130315 0.187781 0.200953 0.179243
0.166727 0.197094 0.133042 0.167754 0.162110 0.173272
0.172239 0.162227 0.159894 0.144824 0.165952 0.194864
0.132171 0.175532 0.195274 0.177390 0.145670 0.173963
0.158825 0.127923 0.187779 0.198720 0.172759 0.153995
0.181554 0.157964 0.170642 0.164876 0.180446 0.144518
0.184961 0.130345 0.180572 0.181421 0.160930 0.161771
0.135399 0.195830 0.124940 0.146315 0.202205 0.195311
0.201888 0.162484 0.170212 0.129792 0.184681 0.150944
0.157602 0.209962 0.164477 0.150392 0.151405 0.166162
0.167490 0.164314 0.176648 0.194115 0.140031 0.157402
0.190114 0.154319 0.199211 0.145245 0.148387 0.162724
0.151486 0.185500 0.214411 0.138457 0.142721 0.167424
0.172905 0.194199 0.165725 0.155272 0.161524 0.150375
0.138898 0.161505 0.138615 0.194430 0.162598 0.203954
0.128746 0.226774 0.137404 0.166372 0.158381 0.182323
0.157478 0.191441 0.145465 0.158925 0.161382 0.185309
0.138612 0.155161 0.141573 0.165692 0.220957 0.178004
0.157954 0.230406 0.119168 0.163552 0.150864 0.178055
0.155302 0.210740 0.148720 0.174626 0.154444 0.156169
0.127985 0.185404 0.127985 0.186842 0.182455 0.189330
0.135537 0.162733 0.145244 0.193132 0.172964 0.190390
0.140345 0.170978 0.151009 0.222921 0.159745 0.155002
0.138269 0.206581 0.128045 0.163489 0.197752 0.165864
0.159994 0.196598 0.177296 0.163376 0.129097 0.173639
0.173500 0.184853 0.171621 0.153468 0.153128 0.163430
0.179797 0.193720 0.158984 0.162555 0.156030 0.148914
0.169253 0.208369 0.183192 0.148280 0.106039 0.184866
0.144227 0.212414 0.156438 0.171413 0.153021 0.162487
0.205885 0.140680 0.168990 0.154864 0.180411 0.149170
0.159061 0.140908 0.154377 0.174615 0.178080 0.192959
0.167218 0.181361 0.175212 0.170790 0.147880 0.157538
0.180014 0.167830 0.162049 0.152649 0.178130 0.159328
0.123037 0.190996 0.140639 0.162931 0.193408 0.188990
0.178963 0.138894 0.178921 0.165783 0.165004 0.172434
0.117377 0.178891 0.105184 0.184668 0.229173 0.184706
0.147092 0.160577 0.168215 0.167171 0.161107 0.195839
0.145201 0.167356 0.150003 0.183813 0.153707 0.199921
0.145151 0.197142 0.165143 0.160871 0.176683 0.155010
0.176976 0.156733 0.179963 0.166119 0.162096 0.158113
0.182568 0.154047 0.175011 0.148483 0.145188 0.194704
0.147803 0.221103 0.118034 0.169213 0.190301 0.153545
0.186425 0.177025 0.149232 0.155446 0.184118 0.147755
0.162682 0.202311 0.153948 0.148365 0.145339 0.187356
0.177704 0.127522 0.164624 0.165777 0.189467 0.174907
0.123411 0.276326 0.117906 0.161601 0.168601 0.152155
0.184784 0.165202 0.224552 0.146086 0.120045 0.159332
0.147609 0.202182 0.131468 0.212100 0.163931 0.142710
0.142069 0.176308 0.159955 0.206892 0.146908 0.167867
0.180336 0.137773 0.174082 0.157233 0.140043 0.210532
0.161165 0.176378 0.145318 0.178319 0.180876 0.157944
0.143727 0.171422 0.138941 0.187706 0.153499 0.204705
0.153417 0.180501 0.152311 0.151728 0.167782 0.194262
0.163143 0.164915 0.162792 0.166158 0.178354 0.164638
0.154588 0.181850 0.143570 0.156387 0.185916 0.177689
0.185239 0.139820 0.175235 0.149575 0.174975 0.175155
0.131211 0.200074 0.144742 0.171887 0.173896 0.178190
0.165812 0.197953 0.176624 0.138530 0.151868 0.169214
0.124217 0.218201 0.124902 0.170662 0.188085 0.173934
0.187301 0.163444 0.216741 0.138539 0.125042 0.168934
0.124583 0.226127 0.145147 0.186535 0.169738 0.147870
0.161606 0.176160 0.148162 0.174815 0.179581 0.159675
0.214013 0.151136 0.165551 0.139613 0.131563 0.198123
0.153079 0.176227 0.127795 0.201797 0.167325 0.173776
0.191127 0.176445 0.173611 0.155746 0.156472 0.146600
0.159699 0.188597 0.220325 0.150119 0.130782 0.150478
0.155721 0.153660 0.181319 0.159169 0.184722 0.165408
0.218371 0.162712 0.149630 0.158520 0.147263 0.163504
0.191717 0.163857 0.165489 0.190802 0.144674 0.143461
0.120379 0.203598 0.148371 0.204675 0.152108 0.170869
0.166637 0.142568 0.154577 0.194807 0.180773 0.160638
0.140558 0.137330 0.137774 0.171290 0.206613 0.206435
0.114956 0.178103 0.155090 0.169178 0.184142 0.198531
0.168512 0.205931 0.150047 0.138523 0.189160 0.147826
0.138480 0.201619 0.154584 0.154046 0.167442 0.183829
0.167711 0.185086 0.187885 0.139161 0.153607 0.166549
0.162916 0.180325 0.164919 0.171291 0.151050 0.169499
0.149101 0.168883 0.175825 0.197692 0.146371 0.162129
0.157914 0.162781 0.198990 0.176112 0.143400 0.160803
0.178548 0.172694 0.175880 0.156194 0.164393 0.152292
0.161529 0.170191 0.155364 0.166762 0.161455 0.184698
0.146414 0.155885 0.163456 0.147720 0.192399 0.194127
0.178275 0.168372 0.171273 0.166639 0.160850 0.154592
0.205005 0.153983 0.184592 0.170993 0.138694 0.146733
0.168029 0.128604 0.184966 0.181540 0.176401 0.160460
0.139254 0.151201 0.139919 0.175225 0.163555 0.230845
0.215140 0.111955 0.169060 0.166758 0.169671 0.167415
0.112642 0.196169 0.134705 0.179172 0.189437 0.187875
0.183856 0.149025 0.178020 0.167639 0.158590 0.162871
0.157962 0.215454 0.152012 0.165417 0.155675 0.153480
0.172941 0.162717 0.184182 0.157115 0.156447 0.166598
0.192423 0.172625 0.185639 0.130242 0.183283 0.135787
0.147770 0.198814 0.156651 0.180837 0.178940 0.136988
0.174467 0.151724 0.161205 0.198083 0.140817 0.173704
0.127319 0.231663 0.146324 0.145256 0.182765 0.166673
0.153858 0.184901 0.161737 0.158683 0.168139 0.172683
0.138329 0.214189 0.141685 0.147794 0.183527 0.174475
0.195976 0.215142 0.179009 0.133703 0.126623 0.149546
0.145826 0.197558 0.152436 0.170660 0.169654 0.163867
0.157704 0.161294 0.155311 0.171606 0.135153 0.218932
0.176469 0.133604 0.162708 0.187980 0.157492 0.181746
0.151208 0.239421 0.140699 0.172238 0.153258 0.143177
0.153719 0.142663 0.132311 0.236153 0.159024 0.176129
0.160260 0.212726 0.147403 0.147449 0.162296 0.169866
0.132689 0.157880 0.151436 0.173176 0.206384 0.178435
0.160562 0.202719 0.165942 0.149551 0.158425 0.162801
0.185961 0.119398 0.160154 0.188741 0.166305 0.179440
0.172524 0.178058 0.193161 0.133553 0.159398 0.163306
0.159719 0.169583 0.158413 0.165700 0.181209 0.165376
0.164689 0.110128 0.183541 0.218893 0.161264 0.161486
0.158072 0.151628 0.192919 0.156158 0.177765 0.163459
0.182089 0.134095 0.196278 0.164653 0.163250 0.159634
0.142778 0.282594 0.152708 0.144250 0.133673 0.143997
0.162409 0.171391 0.165549 0.141860 0.153640 0.205151
0.130812 0.254595 0.116533 0.162347 0.132711 0.203002
0.179936 0.218774 0.147855 0.144590 0.175235 0.133610
0.159468 0.202230 0.158685 0.162782 0.164389 0.152446
0.143968 0.192884 0.186557 0.149369 0.149438 0.177785
0.177734 0.138143 0.193078 0.164896 0.167113 0.159036
0.153759 0.192387 0.165948 0.162151 0.167064 0.158692
0.182681 0.135034 0.173933 0.174194 0.168139 0.166019
0.172236 0.240586 0.136567 0.158322 0.150915 0.141375
0.160741 0.153332 0.166844 0.147793 0.201936 0.169355
0.210722 0.130030 0.174321 0.150938 0.180661 0.153329
0.152860 0.196377 0.139162 0.159036 0.158369 0.194196
0.134847 0.159809 0.162024 0.177319 0.181285 0.184716
0.154780 0.206182 0.171128 0.155903 0.134663 0.177345
0.160576 0.159606 0.167829 0.161976 0.157427 0.192586
0.179577 0.165105 0.227664 0.136356 0.138154 0.153144
0.125847 0.187460 0.163741 0.185873 0.171640 0.165439
0.190510 0.166577 0.167512 0.141603 0.160475 0.173323
0.137236 0.147729 0.137198 0.232531 0.180837 0.164469
0.149136 0.179996 0.148476 0.175176 0.174772 0.172445
0.150793 0.207608 0.148676 0.179737 0.172934 0.140251
0.149474 0.198964 0.173133 0.173563 0.160021 0.144846
0.119498 0.149542 0.144266 0.227893 0.180231 0.178571
0.227241 0.148655 0.187775 0.143022 0.128946 0.164361
0.153546 0.174554 0.158381 0.168632 0.176750 0.168137
0.172994 0.164038 0.193770 0.154375 0.173819 0.141004
0.163005 0.179285 0.153195 0.163727 0.146976 0.193812
0.145210 0.215839 0.146862 0.165907 0.183313 0.142869
0.206248 0.147463 0.153543 0.151258 0.154730 0.186757
0.162473 0.186065 0.194731 0.155946 0.144767 0.156018
0.176404 0.137680 0.188073 0.146754 0.151524 0.199565
0.116506 0.231758 0.137064 0.184495 0.158982 0.171195
0.168864 0.268359 0.174640 0.122215 0.117319 0.148603
0.152298 0.181469 0.147940 0.168767 0.191489 0.158037
0.161607 0.164165 0.190320 0.167529 0.155034 0.161346
0.139487 0.237653 0.151869 0.153276 0.146038 0.171678
0.172021 0.165009 0.169731 0.166435 0.173514 0.153289
0.130768 0.182579 0.135465 0.163173 0.187201 0.200813
0.190953 0.122201 0.189695 0.169317 0.154339 0.173495
0.167481 0.157177 0.201712 0.179804 0.149135 0.144690
0.157558 0.124451 0.183471 0.170037 0.182243 0.182240
0.140144 0.262288 0.132649 0.165977 0.138859 0.160082
0.181145 0.165229 0.182900 0.150595 0.142087 0.178043
0.180477 0.136774 0.170066 0.158418 0.179587 0.174678
0.161887 0.234335 0.148480 0.160977 0.150103 0.144218
0.196436 0.184648 0.170022 0.162318 0.148127 0.138448
0.159106 0.221080 0.124511 0.164859 0.162881 0.167564
0.181550 0.139489 0.158812 0.183287 0.166113 0.170750
0.134568 0.275182 0.124909 0.162940 0.144646 0.157754
0.149815 0.205132 0.147628 0.135707 0.191029 0.170689
0.122824 0.263206 0.133934 0.149954 0.156446 0.173637
0.172586 0.159152 0.150005 0.161833 0.169271 0.187152
0.145380 0.149341 0.165259 0.149001 0.214432 0.176586
0.171046 0.187262 0.155593 0.158098 0.149661 0.178339
0.157579 0.169553 0.173308 0.173083 0.175994 0.150483
0.179121 0.173878 0.158851 0.179023 0.145413 0.163714
0.196215 0.157365 0.169435 0.167882 0.140274 0.168830
0.167019 0.147061 0.204710 0.173552 0.144043 0.163615
0.160702 0.171097 0.199376 0.147470 0.164325 0.157030
0.170887 0.198267 0.164687 0.160022 0.151505 0.154632
0.178632 0.178351 0.185313 0.166503 0.140332 0.150870
0.151877 0.186762 0.137591 0.156462 0.210858 0.156450
0.137970 0.214531 0.125407 0.162369 0.180700 0.179023
0.158851 0.189867 0.178332 0.173584 0.142449 0.156918
0.122303 0.204423 0.120677 0.226132 0.153422 0.173042
0.142045 0.210586 0.130967 0.182253 0.155430 0.178719
0.137624 0.214951 0.119466 0.181422 0.160536 0.186002
0.143166 0.164638 0.135658 0.171824 0.192351 0.192362
0.186676 0.136659 0.184165 0.158375 0.165731 0.168395
0.153106 0.175341 0.157719 0.170049 0.167938 0.175847
0.141068 0.173986 0.194870 0.161609 0.185220 0.143247
0.156378 0.143187 0.164116 0.160889 0.222960 0.152470
0.185092 0.143078 0.196254 0.120121 0.163675 0.191780
0.168328 0.187210 0.169216 0.163737 0.154985 0.156523
0.178717 0.206951 0.156643 0.140367 0.164368 0.152954
0.150457 0.180148 0.137957 0.161115 0.180507 0.189815
0.152578 0.218578 0.160959 0.160423 0.148337 0.159125
0.173885 0.168689 0.173885 0.153071 0.167211 0.163259
0.207938 0.171505 0.156963 0.150480 0.149006 0.164108
0.183134 0.141564 0.179151 0.175248 0.152633 0.168269
0.169931 0.156016 0.166944 0.165436 0.167579 0.174094
0.160840 0.133419 0.139683 0.163528 0.195421 0.207110
0.133385 0.148643 0.145695 0.195717 0.179367 0.197192
0.179805 0.128525 0.176421 0.209579 0.150028 0.155641
0.161461 0.178154 0.136283 0.151913 0.186489 0.185700
0.192610 0.155196 0.189568 0.163948 0.140365 0.158313
0.167551 0.172521 0.202614 0.159816 0.146572 0.150926
0.174219 0.184432 0.177733 0.148203 0.154804 0.160608
0.115559 0.254408 0.130956 0.188569 0.150022 0.160486
0.157413 0.144498 0.166994 0.197417 0.172807 0.160871
0.128386 0.215836 0.109093 0.161394 0.217791 0.167500
0.165683 0.159920 0.166003 0.160017 0.182695 0.165681
0.124928 0.244375 0.143230 0.150078 0.153666 0.183723
0.160320 0.149415 0.159007 0.149716 0.220942 0.160601
0.150445 0.188259 0.156230 0.136583 0.192846 0.175637
0.126601 0.132906 0.179481 0.193738 0.182503 0.184771
0.168822 0.128808 0.169977 0.172550 0.181199 0.178643
0.139967 0.210184 0.139951 0.171449 0.168043 0.170406
0.174136 0.119818 0.164516 0.164324 0.155646 0.221560
0.154176 0.157717 0.142826 0.153521 0.226629 0.165132
0.185254 0.135201 0.168892 0.187934 0.158737 0.163983
0.134984 0.202931 0.126688 0.195759 0.161153 0.178485
0.201053 0.137429 0.202916 0.149178 0.150974 0.158450
0.128154 0.160023 0.145234 0.225604 0.164338 0.176646
0.171372 0.185025 0.158721 0.133376 0.165371 0.186135
0.163564 0.182708 0.165997 0.167766 0.157812 0.162153
0.175700 0.155745 0.171363 0.149411 0.177931 0.169850
0.197287 0.155755 0.180612 0.136069 0.157986 0.172290
0.149927 0.148863 0.153382 0.219679 0.158179 0.169970
0.181795 0.170400 0.205854 0.144505 0.149796 0.147650
0.121075 0.139406 0.144891 0.234690 0.177890 0.182048
0.155461 0.213645 0.156753 0.158287 0.163960 0.151894
0.154436 0.156229 0.213048 0.148282 0.160907 0.167098
0.190825 0.138467 0.182163 0.139874 0.160415 0.188256
0.136301 0.180742 0.137274 0.157190 0.215307 0.173186
0.145495 0.206325 0.129182 0.165810 0.173893 0.179294
0.164138 0.172634 0.160140 0.163103 0.170935 0.169049
0.170344 0.112730 0.167478 0.183833 0.178094 0.187521
0.149294 0.244275 0.130130 0.174135 0.138273 0.163893
0.151893 0.123693 0.168488 0.166779 0.220718 0.168428
0.168527 0.193532 0.152520 0.164898 0.178711 0.141813
0.163034 0.154079 0.149399 0.178188 0.170249 0.185052
0.193599 0.151419 0.215891 0.126842 0.155401 0.156849
0.157082 0.136242 0.149161 0.190292 0.177106 0.190118
0.175355 0.256175 0.152143 0.134777 0.128655 0.152895
0.159325 0.209159 0.161663 0.189257 0.140447 0.140149
0.179499 0.167293 0.173955 0.167274 0.163740 0.148239
0.165742 0.175319 0.173418 0.188058 0.132871 0.164593
0.130685 0.241915 0.126287 0.154448 0.167857 0.178809
0.182931 0.164861 0.185846 0.165477 0.171328 0.129558
0.104977 0.229552 0.118775 0.155946 0.178219 0.212531
0.191437 0.124897 0.192800 0.135629 0.178497 0.176740
0.129090 0.199369 0.142104 0.177654 0.178623 0.173159
0.160286 0.166217 0.190810 0.149173 0.160393 0.173121
0.168333 0.173709 0.142247 0.175555 0.178359 0.161798
0.150322 0.183476 0.171245 0.162864 0.163212 0.168881
0.176509 0.161524 0.169831 0.130444 0.149732 0.211960
0.167025 0.139742 0.158295 0.173539 0.176494 0.184903
0.179655 0.206678 0.184766 0.149813 0.143537 0.135551
0.175863 0.220037 0.170686 0.143127 0.137482 0.152806
0.178476 0.188481 0.172442 0.152821 0.151205 0.156575
0.189734 0.161096 0.174672 0.166553 0.159520 0.148425
0.148411 0.199864 0.171961 0.148662 0.143494 0.187608
0.149125 0.247099 0.160466 0.151407 0.143376 0.148527
0.168532 0.189939 0.157280 0.179960 0.152438 0.151851
0.130841 0.226906 0.146459 0.174555 0.153273 0.167965
0.179179 0.176570 0.151118 0.145288 0.169643 0.178202
0.132527 0.173191 0.144588 0.190294 0.190786 0.168614
0.137872 0.235920 0.159890 0.141063 0.163008 0.162247
0.144771 0.168730 0.147888 0.183372 0.182043 0.173196
0.135408 0.198546 0.141161 0.184874 0.152103 0.187909
0.144780 0.203255 0.173173 0.157693 0.175295 0.145804
0.160130 0.141642 0.134031 0.167358 0.205794 0.191046
0.181636 0.135771 0.172366 0.161629 0.185588 0.163010
0.169978 0.219055 0.136559 0.173298 0.141214 0.159896
0.188137 0.150941 0.154255 0.165325 0.167140 0.174202
0.159804 0.144710 0.169028 0.180945 0.152678 0.192834
0.142111 0.183462 0.159775 0.158953 0.212334 0.143365
0.134732 0.231050 0.132175 0.142047 0.161901 0.198094
0.162250 0.170240 0.180327 0.149492 0.160653 0.177038
0.167595 0.218717 0.170567 0.156073 0.135956 0.151093
0.173714 0.200824 0.161183 0.149243 0.146294 0.168743
0.148906 0.162426 0.169024 0.198943 0.156095 0.164607
0.121396 0.233586 0.165578 0.168085 0.159242 0.152113
0.181307 0.186528 0.169831 0.159584 0.144953 0.157797
0.151659 0.144574 0.176113 0.159542 0.180758 0.187354
0.169032 0.146798 0.217219 0.131765 0.181050 0.154137
0.151211 0.175051 0.154718 0.206543 0.150923 0.161554
0.141347 0.110266 0.171202 0.151830 0.250665 0.174689
0.135279 0.204987 0.143313 0.178204 0.179505 0.158711
0.175431 0.149011 0.158621 0.148111 0.177190 0.191637
0.117366 0.155936 0.112369 0.175710 0.197866 0.240753
0.154107 0.143794 0.222774 0.153097 0.163391 0.162836
0.141516 0.183214 0.141923 0.179826 0.176449 0.177071
0.201044 0.133188 0.150475 0.177616 0.165298 0.172379
0.188626 0.173458 0.185792 0.132769 0.176164 0.143191
0.142018 0.158606 0.161445 0.179150 0.173284 0.185497
0.183114 0.158846 0.198450 0.149375 0.158826 0.151389
0.151020 0.172355 0.169945 0.153819 0.205574 0.147287
0.185334 0.207989 0.165591 0.147924 0.142020 0.151141
0.203744 0.149061 0.194657 0.141810 0.149527 0.161201
0.147704 0.109681 0.165166 0.172267 0.216255 0.188927
0.178314 0.248796 0.181722 0.126715 0.131241 0.133212
0.121512 0.190586 0.143155 0.171648 0.193575 0.179524
0.161815 0.176044 0.168434 0.165356 0.136030 0.192322
0.129870 0.208483 0.157749 0.156764 0.165730 0.181405
0.153590 0.177325 0.165415 0.174299 0.164728 0.164643
0.165014 0.142125 0.127726 0.218743 0.172968 0.173423
0.177938 0.141919 0.170970 0.179007 0.175297 0.154870
0.166514 0.185589 0.151262 0.159345 0.145151 0.192140
0.140591 0.183139 0.116278 0.189662 0.136491 0.233840
0.231269 0.141640 0.209238 0.157397 0.130731 0.129725
0.205240 0.154356 0.186161 0.169164 0.138000 0.147079
0.205158 0.161672 0.175359 0.152846 0.149202 0.155763
0.163971 0.151873 0.152705 0.170777 0.150592 0.210081
0.183140 0.149615 0.202763 0.137956 0.168668 0.157858
0.143118 0.204792 0.138246 0.179947 0.165018 0.168878
0.173861 0.140655 0.178586 0.174434 0.164096 0.168368
0.185576 0.189341 0.181030 0.147526 0.135690 0.160837
0.161225 0.123674 0.156766 0.203352 0.158519 0.196463
0.191503 0.167252 0.172006 0.140502 0.176275 0.152463
0.163748 0.135995 0.189578 0.172692 0.192625 0.145362
0.167527 0.166725 0.168922 0.178054 0.163918 0.154854
0.167242 0.176881 0.197138 0.142025 0.161804 0.154910
0.187011 0.166440 0.184080 0.155919 0.141002 0.165548
0.115589 0.210786 0.158163 0.174152 0.178159 0.163152
0.177902 0.121631 0.203887 0.155332 0.214278 0.126970
0.146289 0.174749 0.145786 0.173831 0.160150 0.199195
0.146728 0.131275 0.135537 0.195281 0.159922 0.231256
0.194292 0.181013 0.160025 0.135909 0.125430 0.203332
0.171197 0.126990 0.167990 0.187459 0.171272 0.175092
0.188203 0.197113 0.145880 0.170513 0.161435 0.136855
0.208300 0.133237 0.180395 0.157271 0.159940 0.160857
0.155277 0.161099 0.168480 0.185001 0.154206 0.175938
0.167566 0.190872 0.183349 0.165388 0.152076 0.140748
0.150547 0.170251 0.156478 0.155719 0.162993 0.204013
0.179673 0.162797 0.208176 0.149162 0.148001 0.152191
0.180674 0.143415 0.196084 0.141239 0.141250 0.197338
0.167919 0.226179 0.152047 0.132631 0.163407 0.157816
0.201943 0.142552 0.184030 0.155640 0.166254 0.149581
0.176982 0.162592 0.160535 0.158584 0.172480 0.168827
0.158325 0.174949 0.169390 0.151923 0.167775 0.177638
0.143872 0.217806 0.167324 0.176854 0.138232 0.155911
0.157805 0.168249 0.187267 0.154114 0.141213 0.191351
0.175162 0.165397 0.161632 0.152207 0.168867 0.176736
0.161146 0.212585 0.147114 0.174199 0.151485 0.153470
0.127447 0.248895 0.132495 0.157006 0.159611 0.174546
0.218678 0.169725 0.129192 0.153883 0.156812 0.171710
0.169151 0.180735 0.176575 0.155499 0.163468 0.154572
0.200727 0.148144 0.184494 0.166453 0.169024 0.131157
0.162827 0.142799 0.166751 0.159828 0.193368 0.174427
0.181796 0.146407 0.193948 0.149230 0.157605 0.171014
0.147501 0.237733 0.151624 0.165016 0.164074 0.134053
0.199481 0.156853 0.182883 0.135220 0.185220 0.140342
0.150090 0.171078 0.130101 0.188217 0.184216 0.176298
0.167365 0.237461 0.132586 0.133213 0.145991 0.183384
0.155369 0.219414 0.142081 0.162502 0.158046 0.162587
0.139797 0.180008 0.131492 0.169434 0.163048 0.216221
0.170524 0.235199 0.154622 0.139620 0.151829 0.148206
0.183265 0.146908 0.188088 0.160189 0.158116 0.163435
0.165158 0.127260 0.156496 0.173881 0.173874 0.203331
0.154758 0.207155 0.162602 0.158352 0.167614 0.149518
