0.108271 0.106378 0.092874 0.116356 0.131717 0.080251 0.112267 0.112267 0.139621
0.100072 0.098009 0.103935 0.106641 0.105949 0.114672 0.124700 0.122460 0.123561
0.098038 0.122256 0.106850 0.109287 0.130022 0.100457 0.100319 0.108984 0.123787
0.090093 0.109224 0.109747 0.116799 0.090658 0.120526 0.122545 0.119597 0.120811
0.100433 0.096981 0.134460 0.128610 0.076575 0.121581 0.121234 0.114932 0.105194
0.101352 0.088496 0.107607 0.089622 0.099623 0.121599 0.135849 0.143281 0.112571
0.093192 0.110495 0.129122 0.141237 0.113680 0.085493 0.111258 0.105484 0.110040
0.152266 0.130277 0.117611 0.111887 0.100119 0.107811 0.107818 0.091159 0.081051
0.093311 0.076262 0.161325 0.150861 0.108884 0.101531 0.099726 0.102128 0.105974
0.142510 0.134380 0.115019 0.108877 0.128012 0.083481 0.093275 0.102165 0.092280
0.121790 0.116659 0.136884 0.124357 0.145151 0.088476 0.086293 0.092113 0.088277
0.136389 0.137257 0.122471 0.127648 0.109391 0.095555 0.090892 0.090853 0.089545
0.117581 0.111275 0.100696 0.126947 0.105195 0.110815 0.118898 0.110242 0.098351
0.097353 0.096364 0.109280 0.100087 0.100089 0.134649 0.122149 0.117157 0.122871
0.143518 0.137851 0.113328 0.086824 0.113244 0.104042 0.097097 0.096392 0.107705
0.077322 0.100120 0.103745 0.122713 0.135614 0.100249 0.122063 0.108050 0.130125
0.107960 0.104654 0.110337 0.118412 0.090388 0.117882 0.132514 0.116564 0.101290
0.090426 0.091274 0.137951 0.134479 0.091882 0.111594 0.119860 0.113115 0.109418
0.102915 0.108388 0.111938 0.150956 0.084107 0.091159 0.122845 0.111633 0.116058
0.136254 0.123623 0.098094 0.099310 0.098589 0.116352 0.110460 0.115976 0.101341
0.090228 0.082017 0.120927 0.125059 0.138294 0.109943 0.106009 0.114860 0.112662
0.130883 0.122839 0.121371 0.126385 0.111042 0.083423 0.103084 0.099737 0.101236
0.085699 0.113061 0.102097 0.093063 0.118627 0.125158 0.121767 0.121557 0.118970
0.121723 0.150517 0.111069 0.111149 0.129881 0.079584 0.096134 0.119286 0.080657
0.115312 0.127094 0.119606 0.109351 0.114837 0.097847 0.106643 0.099804 0.109505
0.127601 0.107321 0.126041 0.121800 0.095908 0.103222 0.101846 0.091370 0.124891
0.125517 0.139335 0.115504 0.131321 0.087254 0.101384 0.107421 0.097100 0.095163
0.128366 0.120068 0.105141 0.112142 0.108208 0.102447 0.113680 0.104802 0.105146
0.088233 0.087763 0.087855 0.135286 0.076582 0.124350 0.124334 0.112580 0.163018
0.106405 0.081897 0.108342 0.116829 0.116423 0.132094 0.111616 0.135528 0.090865
0.121894 0.097684 0.126901 0.138336 0.113962 0.102021 0.100681 0.115619 0.082902
0.096930 0.111297 0.094928 0.111018 0.106323 0.118679 0.132903 0.116361 0.111559
0.122408 0.121663 0.131622 0.122698 0.134562 0.104233 0.088412 0.075299 0.099103
0.107769 0.114472 0.129991 0.128129 0.112884 0.108066 0.102402 0.087390 0.108899
0.155655 0.118118 0.102736 0.099914 0.091383 0.107707 0.109124 0.095219 0.120145
0.106012 0.083325 0.140316 0.141410 0.138639 0.117516 0.103642 0.086522 0.082618
0.108574 0.111617 0.109043 0.130141 0.124008 0.095658 0.104523 0.103928 0.112509
0.088152 0.105368 0.093909 0.096018 0.077950 0.134952 0.117954 0.120555 0.165141
0.091934 0.085286 0.127656 0.136418 0.158692 0.101915 0.105753 0.104680 0.087665
0.106370 0.098762 0.134266 0.125766 0.100270 0.093710 0.105284 0.114410 0.121161
0.089922 0.096941 0.124570 0.110245 0.154832 0.095048 0.105115 0.122164 0.101162
0.116171 0.117245 0.117907 0.124815 0.113569 0.102936 0.115436 0.095097 0.096825
0.095410 0.112793 0.124955 0.104673 0.128251 0.118326 0.121473 0.102997 0.091122
0.104487 0.092401 0.120056 0.123551 0.115107 0.111763 0.112111 0.108965 0.111559
0.098666 0.100718 0.102024 0.128927 0.173666 0.102816 0.104598 0.085504 0.103080
0.115529 0.122745 0.107848 0.105096 0.126152 0.108694 0.108694 0.105351 0.099892
0.071473 0.135403 0.090487 0.101761 0.081650 0.136901 0.120235 0.126121 0.135969
0.121185 0.125555 0.090845 0.107818 0.110383 0.117103 0.112549 0.124303 0.090259
0.130980 0.113510 0.124973 0.085884 0.085326 0.117892 0.100584 0.131241 0.109611
0.104340 0.116259 0.090834 0.090192 0.085368 0.139011 0.140234 0.133975 0.099788
0.110199 0.115649 0.109798 0.120421 0.115490 0.115275 0.113396 0.094845 0.104926
0.124388 0.118674 0.098225 0.096144 0.103213 0.119262 0.113656 0.112857 0.113583
0.118453 0.100165 0.097904 0.115493 0.115089 0.111479 0.114848 0.120330 0.106238
0.070358 0.078433 0.131523 0.151177 0.124706 0.095533 0.108331 0.094978 0.144961
0.118527 0.110101 0.127132 0.118843 0.138361 0.096273 0.100514 0.103560 0.086690
0.084810 0.114687 0.109933 0.158489 0.124135 0.093469 0.095158 0.093507 0.125812
0.084409 0.093445 0.104886 0.112925 0.104694 0.125273 0.133439 0.135281 0.105648
0.115501 0.098720 0.154688 0.128195 0.104075 0.098615 0.094737 0.109227 0.096242
0.098383 0.092133 0.116749 0.125583 0.109422 0.105928 0.106128 0.118428 0.127247
0.127694 0.127654 0.129619 0.126829 0.111139 0.090271 0.093623 0.092586 0.100584
0.116812 0.120831 0.129459 0.105878 0.105297 0.114252 0.114469 0.101963 0.091038
0.093611 0.101412 0.137456 0.127009 0.085887 0.118908 0.120756 0.117792 0.097169
0.080810 0.123220 0.112373 0.124603 0.124990 0.086177 0.146177 0.086177 0.115474
0.149248 0.123891 0.100344 0.103673 0.096138 0.105356 0.108213 0.105152 0.107984
0.117604 0.125168 0.126075 0.128933 0.111754 0.097559 0.097559 0.094596 0.100753
0.090262 0.123841 0.100039 0.113326 0.106925 0.120160 0.129633 0.110152 0.105662
0.130318 0.144481 0.107349 0.117520 0.130395 0.091444 0.097408 0.091444 0.089641
0.127665 0.104589 0.132467 0.117145 0.085988 0.122235 0.098957 0.108271 0.102684
0.105100 0.103677 0.093287 0.111406 0.094322 0.141183 0.117034 0.131741 0.102252
0.170036 0.112655 0.081593 0.099741 0.113153 0.110508 0.105000 0.112739 0.094575
0.107618 0.109871 0.109275 0.092063 0.104020 0.114455 0.126915 0.114183 0.121599
0.091307 0.114855 0.109338 0.117860 0.130305 0.104714 0.105893 0.108011 0.117717
0.126078 0.106800 0.093309 0.125230 0.114237 0.107406 0.109668 0.112510 0.104762
0.085728 0.117210 0.132870 0.114045 0.172609 0.089420 0.091189 0.089420 0.107509
0.131607 0.124944 0.100527 0.097589 0.126828 0.109350 0.107996 0.104361 0.096798
0.105887 0.101824 0.126592 0.107964 0.136497 0.114556 0.110411 0.114156 0.082113
0.084451 0.079835 0.125224 0.120056 0.079589 0.127726 0.115545 0.124023 0.143551
0.125385 0.114936 0.113231 0.120836 0.111522 0.106598 0.101324 0.090885 0.115283
0.134310 0.132285 0.106134 0.125170 0.096028 0.112281 0.112478 0.096914 0.084399
0.079988 0.077403 0.123649 0.136186 0.081543 0.121148 0.129222 0.152521 0.098340
0.120139 0.126966 0.117795 0.100863 0.099892 0.118119 0.118126 0.097299 0.100801
0.117540 0.137547 0.109821 0.108871 0.102757 0.118002 0.118006 0.101114 0.086343
0.085408 0.098472 0.135786 0.112274 0.097978 0.103904 0.116447 0.145045 0.104687
0.114055 0.114396 0.090316 0.075387 0.117765 0.116385 0.122607 0.118376 0.130713
0.124657 0.133995 0.100988 0.118481 0.122776 0.089211 0.110744 0.092683 0.106464
0.104941 0.093853 0.094455 0.138907 0.094327 0.115963 0.122038 0.105621 0.129896
0.143646 0.103105 0.088231 0.092993 0.100050 0.128925 0.118825 0.110562 0.113663
0.146673 0.115890 0.121900 0.137997 0.130835 0.087453 0.086919 0.090121 0.082212
0.106016 0.131670 0.102092 0.122452 0.127002 0.097211 0.105939 0.094895 0.112724
0.118397 0.123538 0.113097 0.094404 0.100386 0.108893 0.116058 0.115239 0.109989
0.115695 0.103783 0.098664 0.123508 0.105642 0.106470 0.125358 0.108923 0.111957
0.091023 0.091343 0.157470 0.142551 0.119619 0.095894 0.100401 0.106109 0.095588
0.112948 0.101359 0.121171 0.125472 0.124011 0.098100 0.110465 0.102826 0.103647
0.112273 0.100260 0.095034 0.123370 0.109815 0.097523 0.122410 0.104044 0.135270
0.101196 0.093866 0.125240 0.134568 0.147784 0.106794 0.114835 0.085107 0.090610
0.112260 0.099670 0.159982 0.099835 0.102442 0.113440 0.116379 0.094307 0.101686
0.096985 0.097650 0.158076 0.126142 0.100209 0.095557 0.099630 0.108854 0.116898
0.108225 0.111083 0.100844 0.127665 0.112057 0.117777 0.119764 0.096050 0.106536
0.090471 0.140215 0.133539 0.111417 0.085250 0.115205 0.108867 0.091544 0.123493
0.109970 0.111714 0.091828 0.095851 0.087865 0.136908 0.138670 0.117549 0.109646
0.098704 0.099402 0.119200 0.094083 0.142967 0.126443 0.124133 0.105610 0.089459
0.101981 0.113941 0.118166 0.109442 0.107526 0.107492 0.110281 0.093916 0.137254
0.118497 0.117488 0.100342 0.119258 0.132182 0.090715 0.102004 0.100067 0.119448
0.108545 0.116525 0.120005 0.102480 0.110802 0.117919 0.111253 0.114059 0.098412
0.105925 0.103899 0.105521 0.081746 0.143465 0.126699 0.116164 0.119045 0.097536
0.091482 0.106824 0.110945 0.131260 0.107465 0.110118 0.108173 0.132353 0.101380
0.118841 0.120147 0.093037 0.121990 0.126313 0.107015 0.109812 0.111103 0.091742
0.094574 0.134064 0.116495 0.126426 0.103267 0.087591 0.099286 0.082602 0.155694
0.112389 0.113099 0.102028 0.096418 0.115294 0.102782 0.136115 0.096076 0.125798
0.090848 0.109940 0.129481 0.118316 0.111206 0.101177 0.117843 0.089792 0.131397
0.065901 0.072371 0.127861 0.122387 0.084043 0.137060 0.128726 0.135212 0.126439
0.131840 0.116320 0.107132 0.114867 0.106972 0.100032 0.102071 0.100327 0.120440
0.112369 0.104724 0.112775 0.110460 0.114744 0.100024 0.104675 0.147145 0.093085
0.108386 0.115508 0.128165 0.098984 0.115633 0.116819 0.115738 0.108248 0.092519
0.098468 0.092438 0.161223 0.092059 0.110026 0.114634 0.115323 0.115331 0.100498
0.135313 0.106313 0.104932 0.115692 0.095858 0.088905 0.101111 0.147239 0.104638
0.114113 0.119704 0.107311 0.114670 0.072730 0.100236 0.099670 0.162620 0.108946
0.122477 0.119896 0.099026 0.082400 0.164735 0.079013 0.082826 0.146036 0.103590
0.118792 0.113432 0.105600 0.093785 0.112010 0.101648 0.109981 0.104543 0.140209
0.119488 0.126555 0.122442 0.107206 0.119114 0.112887 0.102592 0.097540 0.092175
0.146302 0.119339 0.106614 0.114159 0.120751 0.088205 0.088985 0.089419 0.126227
0.112494 0.112643 0.099908 0.115975 0.142542 0.103993 0.115726 0.095144 0.101574
0.088413 0.122381 0.105493 0.116859 0.134372 0.121081 0.120262 0.098791 0.092348
0.100958 0.104688 0.105638 0.096049 0.099963 0.119565 0.122576 0.125254 0.125310
0.120718 0.096842 0.102115 0.110864 0.122037 0.097309 0.105739 0.114651 0.129725
0.083351 0.127019 0.085780 0.131103 0.099125 0.113585 0.130471 0.127860 0.101705
0.103205 0.162794 0.090003 0.104736 0.182236 0.085956 0.096579 0.095192 0.079298
0.078448 0.113818 0.113727 0.084710 0.146993 0.119930 0.120951 0.100145 0.121278
0.100757 0.105369 0.092862 0.110681 0.126861 0.113818 0.126203 0.121589 0.101860
0.127133 0.116365 0.092847 0.132754 0.116761 0.114673 0.101842 0.094130 0.103494
0.090337 0.085151 0.137675 0.098846 0.144550 0.111579 0.108538 0.096047 0.127278
0.129403 0.112727 0.125158 0.123851 0.098581 0.108628 0.111359 0.101739 0.088554
0.120522 0.129064 0.143583 0.100164 0.088194 0.081423 0.096001 0.108063 0.132988
0.115496 0.107633 0.122457 0.082246 0.117252 0.101149 0.113274 0.128262 0.112230
0.105629 0.126841 0.111700 0.134373 0.153896 0.092006 0.089892 0.092999 0.092664
0.097157 0.106896 0.126206 0.112963 0.106991 0.110099 0.095114 0.123010 0.121565
0.136064 0.118350 0.119627 0.098815 0.119447 0.111344 0.100338 0.092066 0.103949
0.099955 0.096323 0.100883 0.085962 0.106494 0.134835 0.133697 0.123900 0.117950
0.121174 0.098859 0.094811 0.115262 0.110642 0.108673 0.128418 0.109572 0.112588
0.125836 0.114713 0.125944 0.099461 0.089770 0.108210 0.115681 0.100055 0.120330
0.129913 0.130528 0.089303 0.082103 0.110789 0.120849 0.128309 0.105848 0.102356
0.105114 0.133999 0.087202 0.121769 0.091972 0.121918 0.100136 0.113154 0.124736
0.121765 0.124948 0.115462 0.100850 0.099914 0.101746 0.111517 0.121037 0.102761
0.097223 0.110625 0.106449 0.095152 0.165374 0.094787 0.122733 0.104531 0.103124
0.088022 0.104452 0.131554 0.121298 0.097914 0.110549 0.115252 0.103745 0.127216
0.106531 0.113744 0.107615 0.113390 0.109131 0.124291 0.103242 0.114433 0.107624
0.115814 0.102008 0.089896 0.086284 0.168353 0.117067 0.115347 0.114095 0.091135
0.085657 0.076787 0.088743 0.093204 0.123921 0.134734 0.147834 0.134029 0.115091
0.112399 0.104477 0.109879 0.125779 0.150229 0.091907 0.107013 0.110422 0.087897
0.137527 0.125145 0.121709 0.129278 0.107640 0.095932 0.105104 0.093685 0.083978
0.103014 0.114770 0.104603 0.096741 0.115098 0.137603 0.112863 0.099240 0.116067
0.109854 0.133185 0.136787 0.139928 0.102120 0.085465 0.100091 0.112031 0.080539
0.126485 0.137976 0.105743 0.102054 0.157404 0.100791 0.102299 0.095979 0.071269
0.113625 0.106051 0.098293 0.088730 0.168228 0.109020 0.097468 0.109808 0.108777
0.116903 0.104934 0.092815 0.114529 0.102361 0.118341 0.107947 0.113963 0.128206
0.131145 0.123266 0.126719 0.114729 0.120235 0.099045 0.119649 0.082203 0.083010
0.099081 0.089576 0.097625 0.086930 0.116040 0.129629 0.140230 0.128183 0.112705
0.143884 0.131652 0.114975 0.084384 0.087012 0.111088 0.116112 0.097337 0.113556
0.148828 0.164779 0.114743 0.097430 0.116965 0.094705 0.101911 0.075757 0.084882
0.107321 0.104436 0.120188 0.108727 0.116284 0.119734 0.103327 0.121688 0.098296
0.118982 0.106257 0.119745 0.109845 0.105246 0.106100 0.109386 0.113198 0.111240
0.110672 0.124776 0.114178 0.090205 0.103129 0.102123 0.115844 0.094186 0.144887
0.084105 0.111462 0.111503 0.100683 0.114979 0.110679 0.127346 0.120086 0.119157
0.087602 0.111875 0.085158 0.105277 0.101249 0.129310 0.126536 0.115038 0.137955
0.092024 0.112522 0.135288 0.114094 0.105869 0.114721 0.114755 0.103569 0.107157
0.115005 0.115612 0.091984 0.098445 0.123031 0.128639 0.127500 0.106444 0.093339
0.111101 0.123181 0.086923 0.101434 0.102812 0.126518 0.132323 0.107289 0.108417
0.111423 0.142501 0.098841 0.135490 0.100468 0.089562 0.108765 0.113877 0.099073
0.148608 0.095044 0.097499 0.089751 0.133576 0.116423 0.114122 0.100476 0.104499
0.133514 0.111931 0.122479 0.157321 0.095725 0.093292 0.093292 0.095588 0.096858
0.122271 0.121407 0.094211 0.097634 0.102383 0.122062 0.126003 0.098192 0.115836
0.107063 0.123744 0.118892 0.107891 0.099810 0.111761 0.111960 0.105538 0.113341
0.097763 0.110041 0.096918 0.104989 0.100529 0.126975 0.129036 0.109058 0.124691
0.094141 0.096278 0.118453 0.118736 0.110355 0.127022 0.129281 0.099377 0.106357
0.114489 0.106142 0.098575 0.103211 0.113890 0.123980 0.123781 0.116646 0.099286
0.111260 0.091718 0.112084 0.119993 0.109420 0.113308 0.113308 0.122827 0.106082
0.128070 0.137137 0.098707 0.093738 0.079351 0.126280 0.126273 0.118362 0.092081
0.103799 0.092552 0.096546 0.098989 0.115852 0.121113 0.121113 0.130169 0.119867
0.110449 0.109917 0.137426 0.120503 0.106856 0.108878 0.096378 0.084522 0.125071
0.141560 0.149971 0.098034 0.083132 0.109615 0.105900 0.115814 0.098330 0.097644
0.113618 0.120859 0.100984 0.105128 0.104475 0.110996 0.119870 0.116481 0.107589
0.107369 0.111598 0.096641 0.103287 0.118451 0.128283 0.115303 0.093779 0.125289
0.091220 0.107598 0.117798 0.088479 0.101018 0.115535 0.128321 0.114071 0.135961
0.131961 0.143834 0.127233 0.126309 0.107930 0.094404 0.097638 0.094696 0.075995
0.116602 0.090912 0.096912 0.087053 0.086908 0.137937 0.136479 0.120326 0.126872
0.087789 0.099766 0.150944 0.127314 0.116639 0.106811 0.107510 0.123287 0.079942
0.138589 0.127031 0.099620 0.113561 0.118241 0.086581 0.110234 0.100981 0.105163
0.091087 0.091454 0.131016 0.128429 0.083455 0.108849 0.118274 0.121687 0.125748
0.111589 0.112142 0.129254 0.111021 0.122927 0.116551 0.107916 0.084740 0.103860
0.113575 0.093421 0.117060 0.121454 0.101875 0.110450 0.122336 0.103524 0.116303
0.126325 0.121175 0.108085 0.105102 0.109009 0.113884 0.106988 0.097085 0.112346
0.095543 0.095574 0.115456 0.067401 0.089318 0.135341 0.144210 0.118766 0.138390
0.119929 0.112852 0.112798 0.114087 0.118743 0.111283 0.113728 0.114550 0.082029
0.104547 0.111553 0.093546 0.118135 0.102496 0.118675 0.124124 0.108533 0.118392
0.103246 0.118210 0.092584 0.073151 0.116355 0.118902 0.131100 0.138569 0.107882
0.131327 0.105299 0.134409 0.139992 0.104540 0.092714 0.102675 0.087071 0.101974
0.115736 0.103777 0.103628 0.129946 0.092326 0.117155 0.116952 0.099015 0.121466
0.096378 0.127668 0.125235 0.102918 0.110809 0.118982 0.113269 0.104178 0.100564
0.112958 0.105693 0.096259 0.125797 0.115532 0.107787 0.116840 0.115217 0.103918
0.122330 0.098528 0.128372 0.127932 0.112444 0.105178 0.107021 0.100729 0.097466
0.095194 0.132373 0.131189 0.097322 0.114189 0.112167 0.109667 0.109524 0.098375
0.085743 0.110922 0.102327 0.108184 0.124207 0.127594 0.125283 0.126360 0.089380
0.131926 0.108136 0.101009 0.128395 0.119207 0.094491 0.094491 0.105038 0.117307
0.102204 0.106165 0.116972 0.075860 0.120771 0.101394 0.116850 0.113495 0.146290
0.126632 0.090093 0.108527 0.105714 0.104915 0.092496 0.117959 0.159778 0.093886
0.139680 0.110929 0.069968 0.120448 0.088264 0.129764 0.117264 0.117366 0.106317
0.086783 0.094988 0.126750 0.128395 0.098622 0.124026 0.123878 0.110284 0.106274
0.118868 0.122539 0.091975 0.082268 0.119438 0.110632 0.114887 0.110967 0.128425
0.109999 0.092859 0.105617 0.099084 0.114948 0.119264 0.121121 0.103634 0.133474
0.100739 0.110444 0.129561 0.107617 0.120308 0.105042 0.115042 0.093463 0.117784
0.113023 0.098006 0.144694 0.126662 0.092124 0.109814 0.114098 0.109548 0.092031
0.131117 0.122226 0.119377 0.128470 0.094949 0.103129 0.112728 0.081675 0.106330
0.112825 0.126348 0.095262 0.100705 0.096172 0.112831 0.124617 0.117507 0.113733
0.087347 0.107766 0.124563 0.118695 0.099649 0.120669 0.121347 0.121417 0.098546
0.117726 0.122020 0.098216 0.121000 0.121804 0.099368 0.099819 0.098344 0.121703
0.103880 0.098985 0.095011 0.098344 0.090378 0.130609 0.137097 0.125019 0.120678
0.097176 0.116871 0.114748 0.126435 0.101493 0.122404 0.120098 0.105605 0.095170
0.139518 0.131060 0.102311 0.125651 0.091812 0.103602 0.106744 0.100271 0.099032
0.095638 0.080973 0.126408 0.102188 0.116378 0.124316 0.128466 0.104002 0.121631
0.110737 0.129174 0.125240 0.100760 0.128167 0.104777 0.106758 0.100925 0.093463
0.097454 0.117724 0.094135 0.122321 0.116392 0.108371 0.118765 0.111546 0.113293
0.120123 0.108937 0.085636 0.096215 0.102882 0.125796 0.131001 0.131213 0.098196
0.113265 0.099591 0.122339 0.075595 0.099535 0.115426 0.127728 0.140801 0.105720
0.146448 0.121116 0.111504 0.103138 0.123582 0.095260 0.095951 0.110308 0.092692
0.121412 0.083522 0.090864 0.093592 0.179965 0.101581 0.111575 0.111764 0.105727
0.124245 0.102901 0.098602 0.100292 0.095932 0.136124 0.118553 0.132422 0.090928
0.128306 0.134896 0.102087 0.112930 0.111436 0.115643 0.092828 0.103732 0.098142
0.102925 0.103683 0.110615 0.101046 0.131571 0.112984 0.110398 0.110398 0.116380
0.095428 0.124237 0.138122 0.117336 0.098702 0.097371 0.110781 0.094789 0.123235
0.088612 0.129088 0.118021 0.139785 0.114406 0.102211 0.112346 0.085899 0.109632
0.131862 0.135900 0.093839 0.100971 0.115320 0.102965 0.113151 0.107976 0.098015
0.082246 0.091611 0.160082 0.107850 0.099523 0.106948 0.108289 0.117772 0.125678
0.115605 0.122604 0.137880 0.120412 0.103650 0.114320 0.099502 0.087616 0.098413
0.109953 0.065934 0.101318 0.109806 0.157388 0.115723 0.105703 0.103872 0.130304
0.124205 0.104169 0.092394 0.088492 0.127524 0.120879 0.128659 0.117640 0.096039
0.109114 0.137891 0.098141 0.107314 0.107531 0.112970 0.108393 0.107578 0.111069
0.099827 0.086089 0.098961 0.114905 0.133746 0.122869 0.109877 0.113948 0.119778
0.122549 0.097267 0.102524 0.085652 0.095397 0.126836 0.141339 0.115720 0.112713
0.097412 0.109818 0.117744 0.113351 0.114977 0.130968 0.116651 0.107524 0.091555
0.105501 0.101110 0.112920 0.118079 0.106672 0.112811 0.099201 0.105847 0.137860
0.101548 0.090583 0.086161 0.081267 0.114324 0.123651 0.135257 0.135796 0.131414
0.126600 0.137671 0.130502 0.119778 0.126754 0.093227 0.093290 0.095185 0.076993
0.118691 0.121101 0.088024 0.095874 0.126097 0.108698 0.117442 0.108089 0.115984
0.142917 0.127118 0.110113 0.124928 0.097175 0.089866 0.107990 0.104846 0.095048
0.107790 0.124991 0.126524 0.126785 0.122745 0.095689 0.089056 0.105700 0.100720
0.103470 0.119509 0.114108 0.135786 0.106929 0.118653 0.100325 0.102350 0.098870
0.127251 0.124037 0.110442 0.109429 0.095582 0.108798 0.122355 0.092433 0.109673
0.117121 0.110597 0.129626 0.109825 0.098792 0.102121 0.113030 0.111376 0.107512
0.121166 0.131226 0.116479 0.114153 0.101268 0.108357 0.107713 0.095745 0.103893
0.126595 0.107866 0.093770 0.089208 0.102579 0.117828 0.128809 0.120968 0.112375
0.104974 0.120868 0.142665 0.102095 0.117281 0.099887 0.118795 0.102882 0.090552
0.084573 0.103457 0.120303 0.133314 0.090184 0.117441 0.111135 0.120224 0.119369
0.098289 0.101279 0.098963 0.102690 0.117831 0.113471 0.107409 0.118423 0.141643
0.088363 0.107619 0.098478 0.110747 0.110767 0.120584 0.130361 0.129418 0.103663
0.108115 0.106716 0.097011 0.117594 0.097402 0.144331 0.108573 0.101484 0.118775
0.115202 0.097608 0.093875 0.134691 0.129199 0.104881 0.094149 0.106654 0.123741
0.108759 0.109525 0.106980 0.107134 0.124289 0.108513 0.115815 0.122037 0.096948
0.107221 0.136875 0.110098 0.101273 0.118198 0.116645 0.115952 0.101697 0.092041
0.143530 0.117219 0.119768 0.100761 0.107730 0.097266 0.103468 0.097483 0.112776
0.111835 0.117984 0.132701 0.136602 0.114703 0.088606 0.091532 0.095910 0.110125
0.105087 0.114498 0.113279 0.140382 0.106532 0.104111 0.102532 0.096742 0.116838
0.110657 0.116907 0.089211 0.085909 0.108367 0.120522 0.109804 0.103713 0.154910
0.116034 0.107334 0.099016 0.125975 0.127489 0.118538 0.106241 0.096916 0.102457
0.112419 0.105317 0.112188 0.111956 0.110840 0.127770 0.108995 0.107807 0.102708
0.105183 0.105616 0.105034 0.123775 0.108535 0.119702 0.122674 0.116813 0.092669
0.118244 0.110001 0.090844 0.107340 0.081326 0.118706 0.131664 0.128172 0.113703
0.117459 0.130849 0.096820 0.076826 0.103941 0.110916 0.130034 0.118863 0.114292
0.100156 0.079243 0.126688 0.111047 0.114983 0.116064 0.110551 0.114282 0.126986
0.110409 0.097698 0.105004 0.109423 0.105831 0.117104 0.118298 0.121271 0.114962
0.121874 0.113266 0.117659 0.105070 0.123126 0.112407 0.107305 0.104278 0.095013
0.101508 0.101797 0.111725 0.118441 0.127121 0.124074 0.108057 0.106043 0.101234
0.097583 0.132041 0.096343 0.116978 0.101528 0.105390 0.124591 0.123081 0.102465
0.092207 0.095173 0.119515 0.127772 0.110870 0.112307 0.121537 0.117220 0.103399
0.090838 0.127422 0.135766 0.113807 0.085589 0.113373 0.102175 0.116650 0.114382
0.109715 0.130066 0.089865 0.106906 0.086414 0.116735 0.117898 0.117199 0.125202
0.110374 0.150913 0.086629 0.104685 0.117623 0.101965 0.118229 0.105775 0.103806
0.111865 0.136165 0.138724 0.156213 0.125307 0.089668 0.092778 0.066411 0.082870
0.131970 0.117094 0.105497 0.115458 0.136188 0.097790 0.097538 0.095063 0.103401
0.108657 0.126671 0.128587 0.133172 0.123619 0.085923 0.101566 0.097471 0.094334
0.122190 0.117706 0.102622 0.104810 0.109649 0.115863 0.118051 0.104728 0.104381
0.106010 0.124944 0.098310 0.105223 0.106988 0.113277 0.115257 0.115887 0.114105
0.117701 0.100280 0.113285 0.104813 0.112660 0.090584 0.121158 0.121158 0.118361
0.098072 0.109472 0.139710 0.117457 0.106710 0.120603 0.109193 0.096800 0.101983
0.099840 0.111782 0.094052 0.115286 0.109162 0.131365 0.133085 0.110096 0.095332
0.086930 0.099280 0.102870 0.128191 0.109533 0.121224 0.130506 0.110731 0.110735
0.106765 0.105652 0.113638 0.131748 0.109437 0.118789 0.111060 0.101908 0.101004
0.109068 0.103726 0.123657 0.101254 0.105873 0.111297 0.111297 0.120138 0.113690
0.101015 0.091801 0.111713 0.106905 0.112450 0.139328 0.123342 0.105889 0.107556
0.111489 0.107769 0.096214 0.103670 0.104513 0.119343 0.124949 0.108637 0.123416
0.093567 0.109629 0.100197 0.107238 0.096509 0.139203 0.131080 0.113252 0.109326
0.109166 0.105002 0.108740 0.109661 0.120431 0.096670 0.108232 0.121190 0.120907
0.102585 0.099677 0.109105 0.116248 0.080778 0.102064 0.135915 0.126591 0.127037
0.126375 0.124685 0.124702 0.126680 0.117567 0.091923 0.106210 0.089096 0.092762
0.094768 0.112319 0.130214 0.115138 0.104429 0.107681 0.110181 0.105040 0.120231
0.104385 0.125368 0.110904 0.123801 0.113322 0.113474 0.118695 0.096282 0.093769
0.111337 0.109553 0.136389 0.102989 0.135749 0.104249 0.108424 0.102796 0.088514
0.117621 0.081867 0.107680 0.113636 0.096802 0.119310 0.119866 0.130458 0.112759
0.118433 0.102022 0.092597 0.112313 0.157270 0.097611 0.105944 0.101205 0.112604
0.100911 0.136738 0.134900 0.091342 0.109294 0.101887 0.118089 0.110873 0.095966
0.106027 0.122611 0.117407 0.101417 0.112267 0.098740 0.111582 0.096145 0.133803
0.107819 0.103326 0.101665 0.123036 0.122802 0.117545 0.109565 0.104379 0.109863
0.094071 0.127002 0.111729 0.092710 0.153572 0.117963 0.119923 0.096940 0.086090
0.101513 0.124327 0.117563 0.097521 0.086634 0.138116 0.117502 0.111320 0.105504
0.124502 0.092935 0.074709 0.130176 0.162612 0.114762 0.111455 0.085798 0.103052
0.118424 0.135291 0.117703 0.130948 0.104060 0.096475 0.096471 0.114080 0.086549
0.107993 0.111222 0.109865 0.115372 0.099623 0.103150 0.117875 0.130822 0.104078
0.101326 0.108946 0.116848 0.132316 0.128767 0.091796 0.108814 0.101672 0.109515
0.104829 0.117992 0.134070 0.103777 0.171921 0.095247 0.080499 0.079748 0.111918
0.107835 0.104846 0.130345 0.114689 0.148746 0.096517 0.098335 0.090001 0.108686
0.102065 0.094633 0.112751 0.129450 0.126451 0.113874 0.111027 0.104554 0.105196
0.093825 0.101010 0.111941 0.109224 0.130059 0.107316 0.118533 0.105951 0.122139
0.108074 0.108562 0.113878 0.103241 0.111343 0.119196 0.109191 0.117470 0.109045
0.120742 0.095182 0.086433 0.100894 0.114428 0.121918 0.125965 0.114954 0.119485
0.081123 0.112049 0.109431 0.113944 0.092911 0.127339 0.125800 0.117891 0.119512
0.094913 0.108570 0.113415 0.120375 0.119385 0.119847 0.111629 0.121629 0.090237
0.120357 0.109496 0.109803 0.100377 0.106693 0.115033 0.116920 0.114144 0.107177
0.101398 0.090646 0.104646 0.099860 0.095754 0.138002 0.124486 0.114746 0.130462
0.099115 0.109822 0.145666 0.115846 0.100868 0.100447 0.109594 0.132564 0.086077
0.093159 0.087773 0.110020 0.101083 0.122743 0.126704 0.126489 0.128193 0.103835
0.094812 0.120915 0.091845 0.091722 0.138366 0.113943 0.112095 0.104837 0.131466
0.117751 0.137403 0.117794 0.119628 0.110602 0.104965 0.094965 0.099121 0.097771
0.130579 0.121053 0.123400 0.132355 0.119749 0.097852 0.098056 0.093380 0.083576
0.122067 0.143289 0.095266 0.105595 0.104660 0.101919 0.111919 0.108266 0.107020
0.094894 0.115636 0.132598 0.113476 0.126234 0.087522 0.100328 0.096934 0.132378
0.117678 0.112944 0.121010 0.125102 0.133348 0.096257 0.108757 0.089914 0.094990
0.079030 0.077874 0.130797 0.143843 0.109213 0.092610 0.140329 0.090499 0.135805
0.109815 0.121332 0.103199 0.124418 0.125750 0.101186 0.115549 0.102637 0.096114
0.106810 0.105073 0.149953 0.140393 0.095808 0.112721 0.105297 0.094649 0.089295
0.101758 0.116976 0.125985 0.107137 0.116957 0.115587 0.119314 0.091270 0.105017
0.135650 0.127001 0.108676 0.094708 0.110991 0.104393 0.101315 0.109568 0.107697
0.115830 0.113894 0.099176 0.094785 0.093454 0.123580 0.122848 0.141535 0.094898
0.108672 0.082156 0.105529 0.107251 0.072532 0.123170 0.128891 0.161785 0.110014
0.068247 0.086307 0.100713 0.135619 0.094683 0.134855 0.139082 0.122739 0.117756
0.092965 0.082891 0.104075 0.105488 0.150139 0.124739 0.114590 0.117076 0.108037
0.106066 0.095678 0.126671 0.099295 0.153352 0.098290 0.100285 0.080873 0.139489
0.120088 0.118435 0.109659 0.115578 0.117778 0.113916 0.105578 0.097155 0.101815
0.104493 0.119074 0.131845 0.114271 0.105272 0.123266 0.104932 0.115010 0.081837
0.105487 0.102422 0.104706 0.115756 0.163305 0.109881 0.099876 0.108058 0.090511
0.106126 0.114803 0.087696 0.089494 0.151581 0.105859 0.118355 0.114471 0.111615
0.121906 0.131023 0.099047 0.096652 0.113083 0.112786 0.110900 0.120643 0.093960
0.118795 0.111472 0.120331 0.102594 0.100323 0.108728 0.107770 0.109777 0.120210
0.139909 0.117422 0.118106 0.086962 0.099757 0.101396 0.112527 0.136400 0.087522
0.109096 0.095888 0.119502 0.112579 0.119287 0.108439 0.111801 0.120741 0.102667
0.104248 0.098167 0.130010 0.135371 0.108508 0.099733 0.116408 0.099733 0.107823
0.124169 0.120431 0.110756 0.130915 0.092611 0.098596 0.115705 0.096743 0.110075
0.096092 0.115269 0.106373 0.093302 0.127717 0.109584 0.118115 0.109736 0.123812
0.122928 0.099674 0.112407 0.118078 0.095106 0.120294 0.119286 0.107185 0.105041
0.115154 0.100438 0.114033 0.088680 0.101907 0.123957 0.138452 0.112190 0.105190
0.103734 0.119925 0.121631 0.106934 0.128492 0.099759 0.109637 0.100585 0.109305
0.109310 0.113445 0.098246 0.100002 0.112263 0.114704 0.129302 0.110402 0.112328
0.110598 0.127164 0.096454 0.105526 0.166723 0.108563 0.107691 0.094246 0.083035
0.081635 0.096525 0.103551 0.116713 0.127362 0.119394 0.125057 0.114684 0.115080
0.105469 0.079881 0.101742 0.117706 0.139501 0.106947 0.123818 0.109113 0.115823
0.131193 0.135740 0.102085 0.122053 0.088649 0.098944 0.099138 0.100204 0.121993
0.102373 0.134207 0.108596 0.112851 0.137952 0.100977 0.102410 0.093897 0.106736
0.099362 0.104003 0.115818 0.110530 0.105428 0.114827 0.120999 0.120695 0.108337
0.115572 0.122464 0.109184 0.111337 0.091211 0.118062 0.117385 0.106431 0.108355
0.088564 0.101811 0.110200 0.103902 0.131863 0.111369 0.115317 0.109155 0.127817
0.109705 0.103464 0.118245 0.087405 0.101540 0.110392 0.139559 0.110805 0.118885
0.131765 0.122181 0.093676 0.109501 0.106519 0.119671 0.105150 0.111243 0.100294
0.103333 0.107486 0.099900 0.094583 0.098322 0.133919 0.132296 0.111719 0.118441
0.104034 0.110002 0.093291 0.100767 0.165520 0.101149 0.114735 0.111152 0.099350
0.122692 0.095682 0.088807 0.104459 0.111867 0.114524 0.117116 0.128110 0.116743
0.105028 0.120423 0.102558 0.103521 0.108426 0.114424 0.120259 0.105448 0.119914
0.109257 0.129560 0.105210 0.121244 0.118981 0.091286 0.111153 0.109741 0.103568
0.132107 0.124351 0.119069 0.103256 0.108195 0.112543 0.102119 0.098260 0.100100
0.102705 0.108757 0.107875 0.128082 0.099932 0.107440 0.111723 0.106745 0.126740
0.150927 0.107983 0.135173 0.100820 0.094818 0.099253 0.117447 0.091457 0.102122
0.111440 0.081801 0.164256 0.100904 0.084325 0.103897 0.105774 0.118490 0.129112
0.085240 0.086446 0.094204 0.127753 0.097142 0.129358 0.133168 0.118022 0.128667
0.096486 0.132559 0.093837 0.112380 0.121621 0.119831 0.115308 0.108305 0.099674
0.105967 0.101512 0.088935 0.117470 0.111706 0.132440 0.130980 0.108533 0.102454
0.107585 0.129271 0.092761 0.112142 0.087686 0.115231 0.147093 0.092884 0.115345
0.088104 0.152445 0.074418 0.079748 0.152251 0.094330 0.138909 0.112239 0.107555
0.097016 0.104702 0.092738 0.108832 0.120915 0.127561 0.122084 0.125148 0.101005
0.109376 0.096538 0.104791 0.101645 0.097841 0.143808 0.125389 0.104556 0.116056
0.087349 0.112896 0.135229 0.093685 0.156129 0.097448 0.111577 0.089740 0.115947
0.117441 0.101810 0.134860 0.119152 0.097242 0.105827 0.109380 0.098535 0.115753
0.107914 0.116434 0.107741 0.130584 0.103211 0.113327 0.117191 0.098360 0.105238
0.070554 0.126576 0.135842 0.141592 0.102045 0.088156 0.123748 0.100235 0.111254
0.149045 0.136528 0.109174 0.095861 0.153985 0.077264 0.090763 0.104362 0.083018
0.114064 0.112083 0.122581 0.118483 0.124545 0.107107 0.097030 0.096150 0.107959
0.109938 0.130225 0.103902 0.113722 0.110199 0.107750 0.112340 0.105377 0.106545
0.116531 0.110315 0.113846 0.115213 0.118157 0.116248 0.104891 0.099177 0.105623
0.146848 0.116229 0.101635 0.095739 0.101039 0.107081 0.095430 0.120225 0.115774
0.122012 0.126976 0.129575 0.131215 0.100370 0.098532 0.101379 0.092405 0.097535
0.116536 0.101452 0.105532 0.101279 0.143318 0.108430 0.122875 0.100069 0.100509
0.120398 0.119806 0.116065 0.116362 0.102326 0.102975 0.112404 0.108355 0.101309
0.095371 0.103995 0.127749 0.115020 0.120303 0.109716 0.113375 0.106232 0.108241
0.117206 0.083717 0.090019 0.103491 0.119226 0.121224 0.129557 0.135696 0.099864
0.104019 0.078285 0.086902 0.083258 0.124177 0.148667 0.121143 0.150522 0.103027
0.099120 0.160729 0.101867 0.129754 0.092031 0.094035 0.119271 0.109102 0.094091
0.110710 0.118542 0.070761 0.100000 0.123758 0.112948 0.126085 0.128286 0.108909
0.084665 0.097959 0.095018 0.091774 0.102049 0.116141 0.119784 0.182284 0.110325
0.107556 0.103157 0.111293 0.112355 0.095043 0.094930 0.106242 0.153445 0.115978
0.100583 0.093446 0.088575 0.099194 0.152813 0.096352 0.111129 0.153499 0.104408
0.095392 0.113931 0.086760 0.096655 0.121710 0.130661 0.119518 0.124639 0.110735
0.088142 0.100553 0.121087 0.119635 0.097364 0.124098 0.129719 0.108116 0.111286
0.114068 0.118973 0.123493 0.114075 0.161266 0.084958 0.100207 0.092998 0.089961
0.097157 0.093935 0.107355 0.099739 0.112056 0.128016 0.115975 0.124993 0.120774
0.122341 0.134900 0.139511 0.137723 0.080776 0.104423 0.102143 0.085407 0.092776
0.146914 0.127658 0.112026 0.105694 0.108095 0.087034 0.112789 0.094677 0.105113
0.124595 0.129776 0.099092 0.116140 0.111468 0.109145 0.108501 0.103741 0.097541
0.118801 0.114793 0.117028 0.113632 0.090466 0.117709 0.113976 0.100834 0.112762
0.114975 0.096480 0.078089 0.107484 0.118740 0.103418 0.123261 0.133337 0.124218
0.105499 0.127945 0.098463 0.096908 0.120899 0.114065 0.107009 0.100565 0.128646
0.092374 0.110398 0.105993 0.105925 0.107100 0.129335 0.128433 0.113349 0.107093
0.118702 0.120253 0.102760 0.095281 0.109877 0.124310 0.127896 0.117270 0.083652
0.113173 0.089524 0.120959 0.096770 0.113847 0.120111 0.122782 0.110477 0.112356
0.130207 0.099909 0.113113 0.112163 0.114329 0.129953 0.097736 0.096210 0.106381
0.128538 0.091485 0.106054 0.086556 0.121028 0.114900 0.128605 0.115763 0.107071
0.106671 0.114023 0.091262 0.097020 0.104248 0.133813 0.123617 0.128567 0.100779
0.103004 0.133245 0.104372 0.138470 0.144047 0.092558 0.078827 0.105724 0.099753
0.079515 0.102950 0.113123 0.112583 0.137914 0.093111 0.100418 0.127871 0.132515
0.099383 0.127412 0.130681 0.103933 0.102813 0.115336 0.117831 0.079868 0.122742
0.103608 0.110875 0.117591 0.120065 0.109937 0.118326 0.113963 0.104072 0.101562
0.120800 0.124357 0.093857 0.103912 0.103742 0.116135 0.097073 0.133315 0.106809
0.097910 0.115174 0.094996 0.114750 0.129840 0.099059 0.115459 0.110735 0.122076
0.122959 0.100874 0.102713 0.131933 0.098559 0.101515 0.122312 0.114834 0.104302
0.146306 0.108445 0.106974 0.105757 0.119819 0.087212 0.111814 0.131875 0.081799
0.121499 0.130192 0.088076 0.104954 0.097221 0.115930 0.119889 0.119616 0.102622
0.112530 0.119306 0.122461 0.129888 0.140096 0.101901 0.097579 0.094635 0.081604
0.125433 0.099178 0.121126 0.111702 0.150574 0.098583 0.089928 0.097552 0.105924
0.098252 0.095086 0.086415 0.078086 0.132554 0.121258 0.157930 0.100061 0.130357
0.099628 0.121956 0.117741 0.087982 0.167153 0.109304 0.108083 0.105115 0.083037
0.104138 0.100687 0.117966 0.129528 0.103499 0.108478 0.100217 0.130426 0.105061
0.101675 0.111150 0.108747 0.100789 0.090951 0.110262 0.124062 0.094350 0.158014
0.112809 0.101130 0.105469 0.114838 0.090096 0.125780 0.126326 0.118498 0.105055
0.132368 0.116932 0.103545 0.106182 0.144602 0.091032 0.097683 0.112803 0.094852
0.110036 0.099549 0.109538 0.087834 0.100527 0.137504 0.120080 0.109576 0.125356
0.101976 0.103482 0.098777 0.107996 0.099759 0.124482 0.130979 0.134513 0.098036
0.109443 0.121777 0.108077 0.126944 0.128691 0.096582 0.101983 0.108732 0.097770
0.102570 0.110757 0.106006 0.105622 0.134543 0.094168 0.134191 0.079596 0.132547
0.120360 0.126438 0.129899 0.126911 0.097213 0.101528 0.115766 0.100425 0.081458
0.106964 0.114670 0.110817 0.127117 0.129683 0.095511 0.089930 0.108016 0.117293
0.091293 0.118401 0.083508 0.082899 0.104807 0.093115 0.110123 0.133465 0.182390
0.119270 0.141866 0.097056 0.108474 0.107029 0.106761 0.113162 0.113372 0.093011
0.132635 0.106847 0.073139 0.087778 0.120983 0.122974 0.127921 0.132865 0.094858
0.109890 0.084269 0.116933 0.121099 0.113243 0.113296 0.120697 0.103652 0.116920
0.102522 0.129533 0.106064 0.101180 0.114093 0.116736 0.112600 0.123685 0.093587
0.122569 0.109970 0.100998 0.103033 0.108454 0.105031 0.111505 0.123675 0.114765
0.094881 0.094632 0.122229 0.120299 0.116174 0.114831 0.142387 0.079559 0.115008
0.110761 0.119916 0.124317 0.127402 0.096891 0.120550 0.121144 0.099539 0.079479
0.099381 0.111417 0.117967 0.119934 0.120864 0.102732 0.112732 0.109618 0.105356
0.103586 0.107299 0.101275 0.085770 0.086379 0.162731 0.114708 0.106276 0.131977
0.106472 0.102524 0.128173 0.141294 0.090272 0.107462 0.108367 0.114592 0.100844
0.108090 0.102184 0.110475 0.118786 0.093122 0.114127 0.121142 0.127967 0.104108
0.130024 0.121829 0.113309 0.111066 0.101586 0.104593 0.105375 0.098723 0.113496
0.106090 0.105804 0.128013 0.104953 0.121088 0.108624 0.109078 0.105747 0.110603
0.118660 0.110703 0.112119 0.121187 0.096635 0.095326 0.117021 0.113505 0.114844
0.138176 0.118848 0.094086 0.099955 0.107207 0.116898 0.132435 0.085481 0.106915
0.126520 0.137670 0.120821 0.105033 0.113823 0.113095 0.114912 0.092311 0.075816
0.123540 0.087251 0.126742 0.115937 0.115259 0.104071 0.112396 0.118547 0.096256
0.134885 0.110600 0.090919 0.095330 0.110055 0.117070 0.115109 0.111295 0.114736
0.105754 0.108955 0.113597 0.129523 0.111757 0.116347 0.103847 0.107534 0.102685
0.112374 0.100091 0.099891 0.086963 0.098740 0.124538 0.128934 0.143525 0.104944
0.134867 0.087886 0.092324 0.101919 0.099547 0.122131 0.139007 0.124546 0.097774
0.101249 0.113166 0.088465 0.093552 0.103085 0.131892 0.136637 0.132773 0.099182
0.110414 0.115859 0.094554 0.096582 0.102274 0.112767 0.131100 0.127948 0.108502
0.092661 0.129875 0.088435 0.104988 0.091312 0.126517 0.126313 0.128670 0.111229
0.117487 0.113757 0.106460 0.135040 0.118208 0.108936 0.108936 0.097436 0.093738
0.101434 0.089904 0.122185 0.131841 0.116229 0.112634 0.112626 0.118162 0.094984
0.105434 0.101677 0.117324 0.111696 0.110434 0.108902 0.125569 0.114438 0.104528
0.091106 0.104888 0.139751 0.131585 0.130171 0.113941 0.113941 0.088946 0.085670
0.114700 0.110671 0.137824 0.137583 0.113967 0.104638 0.106604 0.077438 0.096575
0.124876 0.106108 0.130164 0.104915 0.126848 0.095331 0.102728 0.105704 0.103325
0.110496 0.122352 0.121612 0.112460 0.125260 0.102689 0.092994 0.108097 0.104040
0.108369 0.096875 0.103194 0.117445 0.095831 0.101575 0.135787 0.104176 0.136748
0.109584 0.109817 0.117388 0.118822 0.107291 0.113977 0.116478 0.099197 0.107448
0.115895 0.104275 0.120074 0.103395 0.091973 0.127813 0.127880 0.103208 0.105488
0.092381 0.092952 0.099432 0.115608 0.102958 0.120495 0.130368 0.135311 0.110495
0.116897 0.097160 0.096540 0.104412 0.093065 0.130538 0.135206 0.129297 0.096886
0.101060 0.086234 0.109393 0.101764 0.112153 0.125721 0.124934 0.121288 0.117452
0.086155 0.094028 0.085758 0.097059 0.080596 0.129953 0.131527 0.131059 0.163866
0.116352 0.127911 0.115496 0.092756 0.099649 0.117998 0.114316 0.123661 0.091859
0.099306 0.109551 0.111116 0.099080 0.131578 0.124525 0.114520 0.108426 0.101898
0.123148 0.129948 0.103067 0.095291 0.091296 0.108441 0.136584 0.112124 0.100100
0.114676 0.113144 0.105320 0.125837 0.131798 0.107368 0.107573 0.103699 0.090584
0.119863 0.106096 0.105314 0.101734 0.103259 0.115564 0.117351 0.104846 0.125975
0.102644 0.098031 0.092663 0.118417 0.101801 0.111939 0.120272 0.132091 0.122143
0.122102 0.124528 0.103851 0.099073 0.112567 0.110071 0.113229 0.112520 0.102060
0.116157 0.115316 0.130220 0.106809 0.129627 0.095234 0.111900 0.092449 0.102286
0.102602 0.093695 0.115070 0.125026 0.101196 0.112002 0.115144 0.095139 0.140126
0.131002 0.117252 0.122261 0.121782 0.101604 0.105756 0.115607 0.095328 0.089408
0.105992 0.107445 0.083975 0.097680 0.144529 0.139117 0.115307 0.098673 0.107281
0.085974 0.102605 0.099107 0.113049 0.091422 0.122996 0.130796 0.130938 0.123114
0.116966 0.126655 0.125970 0.119778 0.129082 0.086717 0.096717 0.087261 0.110853
0.129499 0.090983 0.104644 0.083367 0.095864 0.134992 0.126008 0.101873 0.132770
0.144229 0.117923 0.104807 0.108279 0.089215 0.096456 0.123342 0.107369 0.108379
0.106104 0.109012 0.114172 0.123186 0.087082 0.117172 0.120220 0.124101 0.098952
0.103574 0.080959 0.083100 0.085692 0.144493 0.128196 0.129105 0.106391 0.138490
0.103187 0.084580 0.094117 0.092832 0.106097 0.125415 0.142081 0.124961 0.126729
0.101205 0.154011 0.097214 0.098529 0.071236 0.133208 0.134806 0.093921 0.115868
