0.121889 0.109097 0.108394 0.100973 0.098787 0.137439 0.192954 0.130467
0.118663 0.123372 0.112113 0.173804 0.127448 0.121515 0.102437 0.120647
0.103396 0.111581 0.095611 0.119879 0.116255 0.123656 0.226370 0.103253
0.108431 0.113399 0.129776 0.165389 0.136449 0.142906 0.093648 0.110002
0.125863 0.125635 0.121632 0.114250 0.111623 0.108662 0.116472 0.175863
0.120713 0.118551 0.139729 0.126767 0.114841 0.159185 0.104968 0.115244
0.133872 0.129294 0.128230 0.099416 0.111460 0.099057 0.180690 0.117981
0.173159 0.123386 0.107158 0.112446 0.124442 0.112739 0.125366 0.121304
0.119304 0.116243 0.089080 0.137100 0.154127 0.123201 0.155065 0.105880
0.125948 0.125956 0.112581 0.103355 0.119985 0.168228 0.121402 0.122546
0.113198 0.116343 0.108095 0.127674 0.132051 0.146896 0.139775 0.115968
0.090795 0.127288 0.117677 0.114136 0.126072 0.132143 0.195752 0.096138
0.097108 0.108603 0.113001 0.125557 0.119107 0.165582 0.173934 0.097108
0.133135 0.100992 0.108143 0.116352 0.105826 0.099153 0.196079 0.140319
0.127789 0.127515 0.147440 0.137683 0.105018 0.111413 0.141190 0.101952
0.102609 0.093757 0.123341 0.129644 0.111791 0.203660 0.116756 0.118443
0.125273 0.116212 0.174008 0.095754 0.100484 0.132199 0.108204 0.147866
0.110701 0.113424 0.108266 0.154924 0.167167 0.127979 0.112481 0.105058
0.138502 0.129975 0.122162 0.111431 0.132515 0.126887 0.113532 0.124995
0.123017 0.109842 0.112848 0.133691 0.144244 0.136831 0.124662 0.114866
0.095497 0.114123 0.088257 0.154168 0.142508 0.141150 0.159636 0.104660
0.125925 0.121840 0.118043 0.134959 0.135885 0.103009 0.148660 0.111679
0.110896 0.087904 0.144316 0.149421 0.155852 0.095180 0.152148 0.104281
0.121121 0.122982 0.126584 0.120036 0.124060 0.097537 0.167266 0.120414
0.091545 0.091540 0.076864 0.140921 0.143215 0.166082 0.188835 0.100998
0.125181 0.121252 0.116047 0.100778 0.105794 0.163888 0.143506 0.123554
0.124060 0.123680 0.115388 0.138941 0.145818 0.111048 0.124524 0.116541
0.098600 0.146445 0.078463 0.105885 0.114500 0.178111 0.131546 0.146449
0.129088 0.131666 0.122633 0.114025 0.112158 0.104025 0.159232 0.127174
0.103438 0.109041 0.095725 0.116399 0.122852 0.173259 0.167243 0.112044
0.125466 0.132634 0.109649 0.126416 0.136740 0.138653 0.113429 0.117013
0.139864 0.130520 0.105700 0.112457 0.114919 0.149829 0.136420 0.110291
0.125614 0.116455 0.158375 0.087627 0.099901 0.182485 0.104713 0.124831
0.107449 0.110173 0.129493 0.120710 0.124005 0.115827 0.178669 0.113674
0.118058 0.118058 0.108614 0.120689 0.110933 0.213165 0.119991 0.090491
0.128756 0.124939 0.117738 0.113039 0.115350 0.107109 0.123494 0.169575
0.081611 0.086380 0.127451 0.126406 0.130636 0.137265 0.123329 0.186923
0.120508 0.106797 0.113402 0.134683 0.145292 0.135907 0.144007 0.099405
0.100259 0.097793 0.118285 0.132164 0.114442 0.219487 0.121423 0.096148
0.120615 0.128583 0.125960 0.144753 0.136966 0.107885 0.106972 0.128267
0.113499 0.110617 0.100770 0.125755 0.131206 0.136976 0.176058 0.105119
0.095803 0.095810 0.133182 0.127303 0.110732 0.168396 0.161219 0.107556
0.116336 0.119987 0.173474 0.103295 0.109262 0.129350 0.121090 0.127207
0.105765 0.122659 0.125725 0.135859 0.123690 0.182730 0.102654 0.100918
0.104520 0.109312 0.105960 0.132402 0.133032 0.113147 0.152181 0.149447
0.105237 0.109431 0.097702 0.120659 0.131837 0.189969 0.124076 0.121089
0.130052 0.126227 0.118900 0.131061 0.135993 0.119767 0.108172 0.129830
0.112377 0.102014 0.101874 0.104275 0.114415 0.196343 0.156321 0.112381
0.133043 0.133035 0.120805 0.120987 0.120987 0.115447 0.126018 0.129679
0.139452 0.139452 0.127934 0.111931 0.111931 0.127452 0.115294 0.126552
0.143407 0.118407 0.107024 0.126147 0.125936 0.139414 0.130391 0.109274
0.125329 0.122445 0.115217 0.149341 0.141175 0.110775 0.116121 0.119596
0.124961 0.124961 0.128221 0.130146 0.126707 0.117553 0.133606 0.113845
0.113642 0.116998 0.116998 0.160069 0.156768 0.120936 0.105314 0.109275
0.111386 0.119802 0.115997 0.111926 0.116486 0.141112 0.163320 0.119970
0.116606 0.108857 0.116245 0.111516 0.121717 0.182340 0.126113 0.116606
0.116003 0.117698 0.106274 0.140443 0.140705 0.161122 0.101752 0.116003
0.113966 0.111669 0.112585 0.126061 0.131572 0.152954 0.137226 0.113966
0.116612 0.110643 0.114683 0.105742 0.104327 0.152115 0.179264 0.116612
0.118678 0.122734 0.112222 0.104977 0.107437 0.181823 0.133451 0.118678
0.124086 0.124086 0.118587 0.138817 0.138817 0.113080 0.118441 0.124086
0.115217 0.111207 0.109264 0.138723 0.129361 0.140605 0.140407 0.115217
0.130129 0.129774 0.150280 0.113594 0.113735 0.111204 0.121156 0.130129
0.139281 0.126261 0.122319 0.106170 0.121827 0.116293 0.128568 0.139281
0.120695 0.120020 0.116390 0.125531 0.124187 0.163739 0.108743 0.120695
0.123189 0.121055 0.109128 0.150265 0.155649 0.112192 0.105333 0.123189
0.108604 0.112655 0.101108 0.121990 0.152195 0.145085 0.149759 0.108604
0.101207 0.114653 0.109033 0.117637 0.123685 0.214384 0.118195 0.101207
0.124632 0.107965 0.097220 0.146159 0.131483 0.141262 0.126647 0.124632
0.112203 0.160092 0.107784 0.127334 0.142188 0.129223 0.108973 0.112203
0.107783 0.115666 0.149385 0.129469 0.130729 0.144062 0.115125 0.107783
0.134168 0.130246 0.123089 0.135904 0.133879 0.112865 0.095682 0.134168
0.110797 0.103751 0.106804 0.119083 0.127244 0.144207 0.177317 0.110797
0.146651 0.134755 0.134910 0.128758 0.126795 0.103808 0.090171 0.134151
0.124739 0.126170 0.128988 0.111756 0.129434 0.117081 0.145967 0.115866
0.112194 0.112486 0.163556 0.107042 0.130178 0.118407 0.118823 0.137314
0.107688 0.107949 0.117190 0.129965 0.117652 0.110824 0.194700 0.114032
0.126344 0.132194 0.119933 0.137067 0.113038 0.126671 0.123027 0.121726
0.115688 0.120897 0.100018 0.157198 0.155889 0.124589 0.106003 0.119718
0.112672 0.117032 0.130741 0.144985 0.139525 0.125267 0.109365 0.120413
0.121294 0.114093 0.112925 0.123133 0.111393 0.116769 0.185955 0.114439
0.105007 0.092406 0.091184 0.125057 0.135677 0.148065 0.197857 0.104747
0.116757 0.122074 0.127064 0.128271 0.124395 0.131740 0.121486 0.128214
0.121125 0.120695 0.101821 0.146701 0.149486 0.129791 0.109917 0.120464
0.099861 0.115133 0.137315 0.115713 0.125572 0.136254 0.146690 0.123461
0.086006 0.109152 0.134941 0.132234 0.113404 0.206094 0.119389 0.098780
0.129898 0.129368 0.123919 0.176306 0.123650 0.100150 0.087337 0.129372
0.119766 0.151081 0.125651 0.126580 0.123045 0.111972 0.124156 0.117748
0.146786 0.149303 0.135053 0.105236 0.108600 0.111277 0.105167 0.138578
0.121010 0.112075 0.140115 0.118262 0.130356 0.132201 0.109735 0.136246
0.160870 0.140082 0.137333 0.098017 0.130536 0.110225 0.091938 0.130998
0.116309 0.102384 0.133765 0.116193 0.119077 0.116353 0.154930 0.140990
0.113571 0.099041 0.085451 0.146007 0.146007 0.161160 0.142785 0.105979
0.106444 0.115345 0.104611 0.147443 0.144086 0.141693 0.131562 0.108816
0.101546 0.098380 0.100063 0.149564 0.140980 0.168699 0.132565 0.108203
0.118008 0.107925 0.107934 0.136799 0.136799 0.133803 0.153614 0.105119
0.134061 0.120113 0.116463 0.108483 0.108483 0.130874 0.180118 0.101406
0.116963 0.099659 0.107615 0.144666 0.144666 0.147619 0.124660 0.114150
0.156553 0.101098 0.092422 0.123983 0.123983 0.130522 0.153327 0.118111
0.113649 0.109061 0.133941 0.109855 0.109975 0.131282 0.157831 0.134406
0.124194 0.119582 0.121707 0.108106 0.125034 0.111602 0.148539 0.141235
0.110596 0.114253 0.103737 0.137363 0.144503 0.135952 0.151057 0.102538
0.114875 0.122758 0.114005 0.124250 0.101363 0.109228 0.167692 0.145830
0.115607 0.144501 0.138141 0.116031 0.125762 0.123161 0.116025 0.120773
0.140099 0.142317 0.138470 0.095399 0.096516 0.104923 0.153990 0.128286
0.120065 0.136714 0.120641 0.093810 0.100905 0.116034 0.191489 0.120342
0.124975 0.135030 0.140809 0.108727 0.111184 0.115781 0.130500 0.132995
0.117785 0.109701 0.112102 0.147403 0.153119 0.133988 0.109025 0.116876
0.105466 0.107490 0.094853 0.144271 0.154572 0.151885 0.129616 0.111847
0.123684 0.104361 0.112378 0.119953 0.130361 0.142456 0.150408 0.116399
0.100538 0.094880 0.096974 0.146026 0.144934 0.200807 0.113684 0.102157
0.090320 0.123735 0.113530 0.137199 0.123010 0.131296 0.110927 0.169983
0.119131 0.118019 0.121185 0.152942 0.158961 0.097659 0.125960 0.106144
0.120706 0.120127 0.122774 0.122766 0.124331 0.145990 0.132802 0.110505
0.117829 0.107679 0.139181 0.131650 0.102249 0.142254 0.095801 0.163356
0.120995 0.106675 0.113636 0.164494 0.159082 0.122568 0.095474 0.117075
0.122557 0.110277 0.135294 0.123290 0.121411 0.153683 0.135246 0.098242
0.168945 0.103478 0.122553 0.120698 0.122651 0.120368 0.128679 0.112629
0.120333 0.136131 0.105963 0.089541 0.111170 0.164287 0.144456 0.128119
0.106131 0.103925 0.120645 0.158778 0.144729 0.117937 0.155950 0.091905
0.113439 0.159369 0.114035 0.109612 0.109163 0.111796 0.154268 0.128317
0.133433 0.145172 0.116072 0.117017 0.115279 0.108569 0.148858 0.115601
0.154238 0.109506 0.100954 0.103741 0.107453 0.127231 0.189160 0.107716
0.126829 0.111212 0.113382 0.137281 0.097355 0.122735 0.157291 0.133915
0.100397 0.103723 0.113351 0.145677 0.145105 0.140589 0.136203 0.114955
0.110074 0.116820 0.124359 0.120811 0.111442 0.169572 0.120843 0.126078
0.103594 0.102841 0.110396 0.134929 0.139957 0.134703 0.171745 0.101834
0.104690 0.125860 0.112431 0.113689 0.119287 0.161946 0.159303 0.102793
0.115796 0.139290 0.116219 0.109675 0.138990 0.141272 0.114960 0.123797
0.120347 0.116759 0.096764 0.072603 0.090170 0.285748 0.099020 0.118588
0.129678 0.138202 0.177215 0.121244 0.124670 0.103377 0.088934 0.116679
0.112834 0.105826 0.143078 0.121595 0.121061 0.100642 0.163256 0.131707
0.138889 0.130436 0.131176 0.105102 0.099918 0.137937 0.125101 0.131442
0.122521 0.124192 0.123057 0.127618 0.131376 0.148633 0.127499 0.095104
0.120827 0.109042 0.115494 0.139739 0.129752 0.095487 0.158616 0.131043
0.108846 0.098670 0.105684 0.131838 0.128146 0.146390 0.161277 0.119148
0.154252 0.104473 0.099652 0.145688 0.142108 0.140735 0.121525 0.091567
0.129923 0.097854 0.124628 0.116191 0.117767 0.108067 0.180798 0.124771
0.141245 0.104808 0.096766 0.130474 0.099260 0.185026 0.130848 0.111573
0.103296 0.117992 0.083789 0.166216 0.152382 0.133237 0.146236 0.096853
0.097727 0.150505 0.121173 0.127328 0.148554 0.144485 0.096324 0.113902
0.102681 0.105860 0.120640 0.117306 0.124109 0.154777 0.159763 0.114863
0.129654 0.140371 0.121964 0.117016 0.121395 0.142362 0.105477 0.121761
0.102278 0.099139 0.140934 0.136488 0.152442 0.111000 0.151784 0.105934
0.125888 0.113787 0.155043 0.107721 0.116316 0.136755 0.111580 0.132908
0.118524 0.168166 0.102791 0.136318 0.110292 0.160747 0.095020 0.108141
0.147410 0.149142 0.126912 0.109795 0.112849 0.111441 0.093917 0.148535
0.137797 0.137797 0.142264 0.105674 0.107057 0.120107 0.116619 0.132685
0.117580 0.121558 0.104202 0.111992 0.110309 0.125885 0.180870 0.127603
0.126219 0.118327 0.125988 0.110397 0.127064 0.122694 0.134304 0.135007
0.114587 0.103361 0.122484 0.140128 0.143566 0.125365 0.141019 0.109489
0.136005 0.137452 0.133141 0.126753 0.118970 0.114252 0.122420 0.111007
0.101046 0.089523 0.078801 0.153441 0.152068 0.149887 0.139357 0.135879
0.123595 0.108541 0.136047 0.119133 0.115832 0.096510 0.169835 0.130507
0.104904 0.107338 0.096969 0.151145 0.139556 0.162273 0.122203 0.115612
0.119474 0.105269 0.109210 0.129903 0.140244 0.156700 0.112748 0.126451
0.117699 0.086480 0.116713 0.146285 0.153854 0.107717 0.151271 0.119981
0.114855 0.118866 0.093329 0.121351 0.110112 0.196755 0.137468 0.107264
0.124182 0.115402 0.095188 0.130830 0.143187 0.116664 0.160713 0.113834
0.117337 0.102820 0.098850 0.140310 0.147730 0.174608 0.103234 0.115110
0.130729 0.131590 0.124439 0.128011 0.127023 0.107787 0.123048 0.127373
0.114005 0.109017 0.080851 0.119295 0.132771 0.188825 0.141514 0.113722
0.135194 0.116535 0.115717 0.096328 0.129652 0.129531 0.166906 0.110137
0.121642 0.122813 0.138081 0.111732 0.119662 0.139447 0.144788 0.101835
0.108346 0.120690 0.103824 0.156327 0.139446 0.141980 0.109957 0.119430
0.126277 0.125489 0.125024 0.098307 0.112921 0.143264 0.147695 0.121022
0.113265 0.139517 0.133497 0.127812 0.130583 0.110377 0.136805 0.108144
0.129865 0.155739 0.105218 0.103207 0.116801 0.113638 0.141452 0.134079
0.092864 0.086612 0.123606 0.138701 0.141163 0.200918 0.121275 0.094860
0.149634 0.141572 0.133382 0.106593 0.118818 0.128821 0.097300 0.123881
0.107035 0.109340 0.099980 0.171328 0.155926 0.114315 0.144003 0.098074
0.105541 0.099485 0.123745 0.143077 0.139950 0.143182 0.112663 0.132358
0.111250 0.111690 0.122160 0.122144 0.110498 0.180741 0.132167 0.109351
0.097742 0.095889 0.119693 0.143089 0.131656 0.113761 0.189909 0.108261
0.126408 0.134348 0.135931 0.106641 0.119734 0.126121 0.120707 0.130110
0.113464 0.122413 0.143972 0.098961 0.109591 0.146154 0.152198 0.113247
0.141528 0.133195 0.117645 0.133488 0.121087 0.102336 0.122844 0.127878
0.116070 0.121197 0.108101 0.127655 0.127302 0.147291 0.145292 0.107091
0.129632 0.132988 0.126834 0.106952 0.112753 0.133236 0.104918 0.152686
0.155679 0.108448 0.099315 0.122042 0.125417 0.119497 0.157440 0.112162
0.108549 0.109477 0.125632 0.127097 0.143487 0.104892 0.168959 0.111907
0.116779 0.132421 0.132421 0.123935 0.122440 0.137268 0.123011 0.111725
0.108705 0.095775 0.145780 0.134423 0.129464 0.126284 0.151647 0.107924
0.115366 0.124950 0.128011 0.149825 0.135056 0.110705 0.127279 0.108808
0.100017 0.103253 0.103084 0.137817 0.139830 0.156977 0.109381 0.149640
0.125568 0.117537 0.105081 0.139779 0.145536 0.130314 0.111330 0.124856
0.099150 0.099378 0.084678 0.128384 0.122417 0.189088 0.180565 0.096339
0.127354 0.133774 0.120519 0.105517 0.111651 0.142691 0.113952 0.144543
0.108595 0.113144 0.096914 0.138774 0.134169 0.145932 0.174935 0.087538
0.138514 0.140623 0.134897 0.084640 0.089371 0.139234 0.146413 0.126308
0.108657 0.108657 0.104569 0.126808 0.135694 0.118467 0.138843 0.158304
0.127674 0.118213 0.109660 0.142044 0.142044 0.113673 0.123717 0.122974
0.111061 0.115377 0.105077 0.156957 0.156957 0.132306 0.114093 0.108172
0.136112 0.120242 0.100408 0.133959 0.133959 0.093864 0.168378 0.113077
0.115122 0.112238 0.088611 0.147782 0.157782 0.143452 0.146509 0.088503
0.116678 0.116678 0.124926 0.134037 0.142632 0.166753 0.086528 0.111768
0.105438 0.108674 0.106949 0.161263 0.136263 0.117610 0.132557 0.131245
0.094729 0.094718 0.087623 0.138972 0.141085 0.210683 0.137292 0.094897
0.121744 0.127254 0.108594 0.115183 0.118821 0.192062 0.113274 0.103068
0.097919 0.104940 0.116949 0.138055 0.136372 0.154732 0.152935 0.098098
0.101010 0.093149 0.129004 0.117429 0.117429 0.149424 0.182788 0.109766
0.125024 0.120571 0.149661 0.105737 0.109387 0.146252 0.132450 0.110918
0.124117 0.125340 0.109750 0.110420 0.110917 0.128749 0.172800 0.117908
0.124523 0.118846 0.111513 0.098780 0.108180 0.136208 0.177647 0.124304
0.110452 0.103690 0.107514 0.123121 0.121898 0.132285 0.178213 0.122827
0.124015 0.136342 0.152919 0.115394 0.101272 0.103190 0.119686 0.147182
0.101170 0.103722 0.161942 0.100024 0.106728 0.144545 0.178892 0.102977
0.124996 0.123300 0.116346 0.131863 0.128800 0.134774 0.123671 0.116249
0.101966 0.111571 0.097996 0.146116 0.146116 0.113529 0.170908 0.111798
0.122466 0.125333 0.127638 0.137814 0.141321 0.129209 0.079281 0.136938
0.122706 0.116255 0.102705 0.140078 0.148638 0.107242 0.142252 0.120124
0.116278 0.146281 0.131213 0.127508 0.128466 0.109198 0.123597 0.117459
0.107273 0.113749 0.104615 0.124166 0.133439 0.208542 0.111070 0.097146
0.128577 0.131390 0.123135 0.121672 0.138482 0.100311 0.133635 0.122798
0.097177 0.098349 0.088849 0.119556 0.137534 0.193697 0.163134 0.101705
0.123381 0.161744 0.124123 0.116581 0.125407 0.119519 0.108917 0.120328
0.103723 0.175425 0.145214 0.109011 0.098049 0.122416 0.127881 0.118280
0.095499 0.117062 0.085753 0.192061 0.153529 0.136476 0.127795 0.091825
0.136192 0.113608 0.135836 0.118173 0.118594 0.157977 0.090367 0.129253
0.128837 0.108965 0.115554 0.114485 0.121362 0.180913 0.116256 0.113627
0.136523 0.115594 0.101153 0.126197 0.133260 0.125775 0.149622 0.111877
0.099286 0.091183 0.119927 0.085790 0.102722 0.222976 0.184781 0.093334
0.120219 0.118372 0.116400 0.134441 0.127337 0.113139 0.143385 0.126706
0.092962 0.116033 0.099049 0.110368 0.120493 0.192970 0.158421 0.109704
0.098575 0.104912 0.103552 0.127817 0.112949 0.190538 0.154975 0.106682
0.114545 0.116581 0.152559 0.123882 0.099497 0.151670 0.110056 0.131211
0.116749 0.120584 0.119582 0.155366 0.156679 0.107259 0.107041 0.116741
0.132627 0.114927 0.120643 0.124470 0.143343 0.138617 0.102740 0.122632
0.140505 0.114429 0.124896 0.130604 0.124928 0.120199 0.145862 0.098577
0.131766 0.129948 0.149548 0.140219 0.138936 0.073904 0.090811 0.144869
0.111708 0.102014 0.101001 0.104332 0.111328 0.208544 0.126478 0.134595
0.138649 0.132822 0.136212 0.116384 0.119661 0.102814 0.117256 0.136201
0.133341 0.140499 0.116245 0.098479 0.111435 0.106241 0.171490 0.122270
0.131293 0.115451 0.164261 0.096044 0.113800 0.117343 0.147457 0.114351
0.107990 0.110185 0.126687 0.131781 0.141821 0.127482 0.124715 0.129340
0.127380 0.127430 0.113289 0.128661 0.126619 0.163344 0.105540 0.107737
0.142496 0.127923 0.092908 0.127356 0.151368 0.137545 0.118944 0.101460
0.109231 0.104962 0.101600 0.126643 0.130069 0.111010 0.214424 0.102060
0.101434 0.105517 0.132860 0.135925 0.147699 0.119553 0.135349 0.121664
0.099302 0.131503 0.084297 0.124419 0.105695 0.161237 0.178936 0.114611
0.122193 0.113124 0.116588 0.124343 0.129851 0.144048 0.132048 0.117805
0.112448 0.135658 0.112017 0.147018 0.124438 0.112909 0.147186 0.108326
0.108365 0.105164 0.102370 0.151412 0.154597 0.170826 0.101210 0.106056
0.121695 0.107690 0.121799 0.102489 0.123430 0.174320 0.122584 0.125993
0.117009 0.107097 0.139724 0.118352 0.121801 0.128976 0.156481 0.110559
0.124477 0.103063 0.121558 0.152995 0.101354 0.127273 0.150987 0.118294
0.109190 0.120149 0.112699 0.138474 0.140545 0.098012 0.174590 0.106341
0.122740 0.118238 0.116955 0.106363 0.124898 0.169053 0.130197 0.111556
0.127989 0.131365 0.145575 0.105287 0.109002 0.152712 0.097871 0.130199
0.107755 0.108009 0.108437 0.193659 0.148796 0.099850 0.109069 0.124425
0.137614 0.128459 0.124138 0.106027 0.125995 0.116389 0.142648 0.118730
0.133738 0.132842 0.111473 0.147270 0.154003 0.118721 0.102927 0.099026
0.123727 0.123491 0.104764 0.139146 0.116165 0.088732 0.164172 0.139804
0.106839 0.097271 0.115970 0.120637 0.137559 0.197738 0.106328 0.117658
0.141487 0.116172 0.123966 0.128456 0.107981 0.136355 0.128432 0.117150
0.119786 0.103089 0.102533 0.150507 0.156789 0.162640 0.102040 0.102616
0.115560 0.100618 0.112610 0.129206 0.134401 0.155331 0.147482 0.104793
0.114234 0.114469 0.104460 0.141147 0.143920 0.097544 0.183964 0.100261
0.120921 0.120921 0.106984 0.144859 0.138559 0.125510 0.118962 0.123284
0.112005 0.128679 0.128299 0.123200 0.137156 0.119191 0.135371 0.116099
0.118845 0.121281 0.114618 0.103364 0.105794 0.187859 0.141153 0.107087
0.109248 0.125914 0.121709 0.107287 0.086238 0.110354 0.172281 0.166968
0.114687 0.114199 0.131076 0.122677 0.117815 0.155180 0.118169 0.126196
0.132690 0.112690 0.132690 0.116121 0.108817 0.182416 0.095087 0.119489
0.142429 0.117736 0.135215 0.113174 0.117694 0.130682 0.123357 0.119712
0.133442 0.139206 0.112687 0.112879 0.136237 0.138699 0.090888 0.135962
0.111771 0.134658 0.099739 0.121780 0.141496 0.128221 0.153389 0.108946
0.137132 0.106244 0.153799 0.140958 0.113764 0.106022 0.119535 0.122547
0.105376 0.094146 0.119970 0.168999 0.170567 0.134130 0.103947 0.102864
0.103536 0.130453 0.083233 0.149918 0.152191 0.135366 0.144003 0.101300
0.108627 0.102389 0.089347 0.164431 0.161716 0.128140 0.146583 0.098768
0.107180 0.099763 0.123846 0.147231 0.143528 0.158085 0.103937 0.116430
0.116004 0.116231 0.110178 0.116134 0.131911 0.202721 0.096413 0.110409
0.109242 0.107050 0.104787 0.145276 0.144825 0.131781 0.154306 0.102734
0.125795 0.137220 0.117960 0.102314 0.099064 0.131699 0.149131 0.136817
0.089318 0.108041 0.094527 0.093262 0.100610 0.238572 0.170843 0.104826
0.118405 0.114943 0.109034 0.149504 0.123475 0.107045 0.159923 0.117672
0.100586 0.112504 0.097082 0.104538 0.103563 0.186219 0.186896 0.108613
0.124639 0.138583 0.123586 0.102648 0.108363 0.126998 0.146269 0.128914
0.115328 0.114678 0.098915 0.115066 0.112778 0.150633 0.177925 0.114678
0.113728 0.123732 0.124900 0.098782 0.097631 0.167544 0.137744 0.135938
0.127098 0.124448 0.110365 0.129485 0.141014 0.125299 0.117843 0.124448
0.127084 0.114958 0.118703 0.145788 0.144119 0.137774 0.096610 0.114963
0.116069 0.112718 0.105701 0.119189 0.114196 0.189632 0.132991 0.109504
0.118707 0.125980 0.092783 0.121826 0.146919 0.174516 0.103183 0.116085
0.107104 0.108035 0.114383 0.161762 0.190479 0.142703 0.071667 0.103868
0.092801 0.104915 0.092535 0.135600 0.144242 0.167378 0.169043 0.093486
0.141520 0.124671 0.101124 0.128505 0.130137 0.113783 0.120530 0.139730
0.110853 0.095226 0.152338 0.154960 0.144980 0.100348 0.150306 0.090990
0.166303 0.150005 0.096759 0.105063 0.120508 0.114616 0.115746 0.131000
0.123808 0.126650 0.125204 0.097469 0.125881 0.116997 0.168212 0.115778
0.141869 0.115223 0.137266 0.121246 0.108755 0.090733 0.166309 0.118599
0.121991 0.127607 0.146037 0.108397 0.129029 0.106173 0.161904 0.098862
0.113683 0.123191 0.176192 0.083831 0.111294 0.150909 0.116561 0.124339
0.128425 0.105647 0.108036 0.129117 0.133793 0.147395 0.124053 0.123535
0.114277 0.113175 0.094223 0.142172 0.140766 0.154379 0.146648 0.094359
0.133344 0.136264 0.110731 0.130838 0.111890 0.140500 0.123995 0.112437
0.107253 0.104728 0.157196 0.114911 0.116199 0.173366 0.117278 0.109069
0.101081 0.121819 0.102626 0.143519 0.146820 0.154828 0.100701 0.128605
0.129801 0.156370 0.118700 0.106688 0.125641 0.102098 0.149210 0.111493
0.101697 0.104263 0.110313 0.152701 0.122738 0.160277 0.113178 0.134833
0.136805 0.115864 0.121876 0.108253 0.119019 0.186066 0.098258 0.113861
0.116929 0.110799 0.106259 0.129834 0.154359 0.151860 0.118613 0.111347
0.128773 0.121786 0.155777 0.105200 0.102816 0.113450 0.143390 0.128808
0.102491 0.116347 0.103614 0.101408 0.111161 0.211456 0.099905 0.153619
0.120359 0.130370 0.123670 0.116292 0.117867 0.131389 0.130437 0.129618
0.129870 0.122610 0.129812 0.117744 0.118521 0.113587 0.137797 0.130060
0.116348 0.114543 0.098042 0.119646 0.132710 0.138353 0.158402 0.121956
0.123671 0.123671 0.115679 0.107686 0.124493 0.187882 0.106933 0.109986
0.119148 0.120798 0.098688 0.157035 0.150284 0.130038 0.112211 0.111799
0.130790 0.132704 0.111109 0.106570 0.118543 0.131956 0.108142 0.160186
0.105029 0.109009 0.125422 0.147846 0.161477 0.117584 0.112863 0.120770
0.131580 0.124747 0.118275 0.115022 0.118783 0.160966 0.111028 0.119599
0.131399 0.116447 0.105962 0.121036 0.144965 0.117405 0.100031 0.162754
0.114294 0.110314 0.097793 0.174969 0.131299 0.135464 0.133727 0.102140
0.119356 0.119822 0.119846 0.154197 0.154285 0.128608 0.096825 0.107060
0.107421 0.109301 0.131156 0.133892 0.125057 0.136416 0.154563 0.102194
0.115048 0.122200 0.111285 0.113447 0.140659 0.140683 0.155444 0.101235
0.101690 0.101458 0.114286 0.115502 0.128243 0.117964 0.231351 0.089506
0.104586 0.154481 0.119109 0.102665 0.095097 0.114893 0.164064 0.145104
0.103466 0.097822 0.130477 0.124903 0.139189 0.122522 0.158084 0.123536
0.124441 0.125492 0.113706 0.163681 0.113439 0.106610 0.149534 0.103098
0.177793 0.122954 0.119636 0.110093 0.111429 0.123498 0.122879 0.111718
0.137889 0.094714 0.121062 0.106796 0.114904 0.121399 0.150581 0.152654
0.132612 0.121439 0.115901 0.125024 0.131561 0.101922 0.108459 0.163083
0.111113 0.126461 0.158032 0.100908 0.111293 0.126991 0.144493 0.120710
0.123254 0.124548 0.129243 0.117530 0.120633 0.118459 0.144797 0.121536
0.121522 0.117459 0.112893 0.157937 0.107715 0.138553 0.134580 0.109341
0.120919 0.129726 0.125165 0.186309 0.116582 0.099530 0.085438 0.136331
0.120446 0.119065 0.112637 0.149731 0.146670 0.147853 0.080244 0.123354
0.124396 0.121103 0.109462 0.114716 0.117572 0.120255 0.186582 0.105914
0.123682 0.132649 0.120605 0.131884 0.131829 0.138286 0.099389 0.121675
0.082998 0.094151 0.112732 0.136570 0.139830 0.137799 0.160997 0.134923
0.103330 0.089175 0.086061 0.194968 0.190363 0.103017 0.120122 0.112964
0.098910 0.139236 0.121430 0.117978 0.122709 0.142764 0.147323 0.109649
0.097773 0.109466 0.150655 0.117835 0.129935 0.116983 0.169535 0.107818
0.118474 0.108864 0.104802 0.124404 0.134229 0.145249 0.155956 0.108023
0.106790 0.123749 0.119784 0.132754 0.127747 0.122278 0.159329 0.107571
0.101978 0.114278 0.107011 0.124010 0.125394 0.166066 0.147892 0.113372
0.126454 0.097514 0.104434 0.105201 0.111289 0.189913 0.144447 0.120748
0.113249 0.117329 0.119198 0.117012 0.115961 0.169430 0.153545 0.094277
0.109204 0.110212 0.120401 0.132819 0.139974 0.138256 0.145787 0.103348
0.145408 0.099984 0.102223 0.102584 0.110917 0.139633 0.176105 0.123147
0.145684 0.117609 0.099111 0.146461 0.139752 0.101490 0.147079 0.102814
0.115448 0.116853 0.104361 0.142216 0.142216 0.166447 0.116284 0.096175
0.119605 0.123755 0.132879 0.114293 0.115203 0.115902 0.141026 0.137337
0.143576 0.115972 0.155242 0.121466 0.120401 0.117579 0.114147 0.111617
0.112942 0.125747 0.131398 0.145917 0.148234 0.158769 0.075986 0.101009
0.136426 0.143523 0.116702 0.096114 0.113321 0.153043 0.082030 0.158842
0.112361 0.123862 0.112912 0.124553 0.123150 0.158023 0.133539 0.111598
0.109802 0.107659 0.100657 0.114015 0.121845 0.188091 0.148323 0.109608
0.120714 0.107759 0.112373 0.094386 0.117355 0.164371 0.141420 0.141622
0.109702 0.119740 0.114362 0.134479 0.136212 0.132165 0.138978 0.114362
0.114218 0.106107 0.135466 0.131953 0.117522 0.144574 0.144048 0.106113
0.128001 0.123672 0.126395 0.125207 0.121208 0.105385 0.146654 0.123479
0.129746 0.135324 0.128590 0.120252 0.111189 0.139778 0.112524 0.122598
0.099871 0.106744 0.123587 0.129082 0.151262 0.143274 0.133589 0.112592
0.107979 0.116966 0.100797 0.122652 0.142665 0.207886 0.094072 0.106982
0.106763 0.109091 0.103500 0.153944 0.145467 0.138537 0.123614 0.119083
0.110147 0.109930 0.098308 0.147134 0.154994 0.123177 0.156357 0.099953
0.114612 0.114619 0.118743 0.132728 0.134156 0.131307 0.143145 0.110689
0.112751 0.112745 0.103037 0.120721 0.122524 0.140696 0.180946 0.106579
0.116686 0.141686 0.093286 0.154691 0.119637 0.131036 0.139147 0.103831
0.138906 0.117207 0.114067 0.141149 0.140602 0.126577 0.113859 0.107633
0.141761 0.116919 0.135918 0.127974 0.118844 0.148456 0.093590 0.116539
0.117396 0.095316 0.119817 0.165817 0.121123 0.106519 0.167621 0.106391
0.090308 0.110668 0.094618 0.116666 0.121260 0.215656 0.131200 0.119624
0.115978 0.112704 0.123116 0.137185 0.127586 0.114183 0.134336 0.134913
0.108525 0.106319 0.094056 0.141099 0.155485 0.178741 0.110485 0.105290
0.131895 0.132051 0.133350 0.103556 0.108623 0.131346 0.133385 0.125795
0.122094 0.099594 0.170068 0.116375 0.138639 0.127018 0.123951 0.102260
0.123718 0.109315 0.120084 0.122738 0.142815 0.119407 0.105064 0.156859
0.121147 0.123291 0.119889 0.143218 0.120248 0.136503 0.118755 0.116949
0.111338 0.111291 0.149059 0.118272 0.135045 0.137485 0.151791 0.085720
0.105420 0.138691 0.097285 0.131545 0.171685 0.120180 0.111222 0.123973
0.130011 0.124235 0.104784 0.110692 0.117499 0.172151 0.128891 0.111737
0.131140 0.119810 0.118188 0.114312 0.135961 0.139406 0.126252 0.114930
0.102936 0.105207 0.115054 0.185487 0.140606 0.109859 0.115384 0.125466
0.121172 0.119200 0.111257 0.106137 0.130332 0.148600 0.146319 0.116983
0.116124 0.110469 0.104057 0.113992 0.129866 0.123917 0.205868 0.095707
0.098534 0.109574 0.126887 0.122804 0.122467 0.096881 0.172501 0.150352
0.103689 0.130100 0.108248 0.150980 0.137491 0.122152 0.133613 0.113725
0.114290 0.116575 0.155103 0.121642 0.113455 0.138967 0.146276 0.093693
0.095812 0.109975 0.105336 0.109281 0.107647 0.117722 0.200123 0.154105
0.128380 0.112632 0.119263 0.127885 0.125684 0.110341 0.157390 0.118426
0.123644 0.096982 0.100355 0.137059 0.159821 0.122141 0.110116 0.149883
0.118933 0.108993 0.112996 0.131393 0.132826 0.094500 0.180209 0.120150
0.100479 0.113212 0.116106 0.125392 0.134698 0.121153 0.179607 0.109353
0.132461 0.128597 0.131811 0.100256 0.121207 0.117648 0.158826 0.109194
0.120328 0.110609 0.160420 0.112082 0.119494 0.112359 0.152163 0.112545
0.110175 0.099830 0.114072 0.145351 0.118676 0.176675 0.125545 0.109676
0.118556 0.104899 0.118560 0.118413 0.118008 0.137526 0.196520 0.087518
0.115415 0.113619 0.095611 0.117367 0.139145 0.137370 0.157002 0.124470
0.135045 0.151329 0.119259 0.111320 0.115604 0.128529 0.086770 0.152144
0.169130 0.117243 0.098469 0.113131 0.112070 0.135622 0.102902 0.151433
0.126643 0.107806 0.116961 0.101657 0.112373 0.152821 0.159720 0.122019
0.111631 0.120863 0.129518 0.116479 0.141980 0.144883 0.102328 0.132319
0.118081 0.131032 0.101520 0.115845 0.134635 0.136124 0.145350 0.117413
0.131619 0.119536 0.120019 0.129115 0.137835 0.104019 0.124141 0.133717
0.112583 0.099781 0.115833 0.165547 0.134953 0.127242 0.118202 0.125858
0.126678 0.138678 0.112913 0.104908 0.115638 0.163932 0.107327 0.129927
0.113479 0.115771 0.100584 0.114118 0.142644 0.095475 0.182180 0.135750
0.131908 0.129868 0.129764 0.087427 0.113275 0.135336 0.142855 0.129568
0.124963 0.129491 0.110161 0.135495 0.143494 0.124756 0.111827 0.119815
0.105070 0.110937 0.079155 0.136224 0.142331 0.139969 0.135626 0.150688
0.122650 0.113619 0.122523 0.107307 0.120530 0.123615 0.170203 0.119554
0.117973 0.133505 0.105379 0.143457 0.158172 0.130259 0.087034 0.124221
0.116445 0.115455 0.116620 0.121408 0.118245 0.130362 0.159768 0.121697
0.123598 0.107179 0.143037 0.125516 0.127678 0.135458 0.118569 0.118966
0.116269 0.116915 0.113676 0.124751 0.114736 0.174902 0.134827 0.103924
0.123049 0.118908 0.136789 0.123738 0.128942 0.135303 0.109423 0.123848
0.134299 0.116426 0.123875 0.101732 0.100360 0.140518 0.167066 0.115724
0.112958 0.098855 0.105092 0.163793 0.144579 0.172872 0.091216 0.110636
0.122403 0.127577 0.109152 0.166846 0.139410 0.114277 0.086253 0.134082
0.112496 0.119988 0.161893 0.137336 0.137880 0.118566 0.104028 0.107813
0.129570 0.118882 0.121360 0.099961 0.115676 0.138986 0.131156 0.144410
0.124635 0.133801 0.107586 0.150754 0.139110 0.102021 0.136109 0.105985
0.130050 0.125199 0.127116 0.097088 0.114871 0.111317 0.138243 0.156116
0.105488 0.106604 0.095201 0.137808 0.146786 0.103867 0.154075 0.150172
0.114467 0.117730 0.110746 0.154197 0.141306 0.114183 0.102577 0.144796
0.116275 0.107196 0.166046 0.132642 0.142692 0.113401 0.116261 0.105489
0.125525 0.123377 0.101438 0.137988 0.143403 0.112013 0.165323 0.090934
0.124091 0.119513 0.115654 0.119306 0.125827 0.108031 0.170783 0.116795
0.119214 0.136107 0.120462 0.123424 0.118342 0.138118 0.141397 0.102938
0.107933 0.111029 0.097640 0.122538 0.115103 0.133601 0.191616 0.120539
0.105673 0.105560 0.131360 0.124935 0.147416 0.101063 0.154871 0.129123
0.126634 0.112170 0.109965 0.096442 0.106664 0.126933 0.175100 0.146092
0.118179 0.125258 0.121335 0.109441 0.105015 0.150781 0.131883 0.138107
0.123155 0.123677 0.125305 0.126784 0.124820 0.140424 0.099120 0.136714
0.120365 0.111086 0.111206 0.121125 0.124515 0.117455 0.173879 0.120370
0.129825 0.121618 0.125015 0.128250 0.124544 0.132699 0.112157 0.125892
0.137621 0.128481 0.126773 0.114789 0.116432 0.094239 0.147446 0.134221
0.135684 0.129720 0.121138 0.125991 0.133957 0.109657 0.118658 0.125196
0.112120 0.105308 0.104467 0.138039 0.121525 0.130098 0.179349 0.109095
0.137304 0.130136 0.138487 0.136936 0.153983 0.089854 0.082333 0.130967
0.113879 0.097319 0.086979 0.146442 0.151128 0.134217 0.179135 0.090901
0.117064 0.132668 0.130915 0.112956 0.134685 0.126050 0.118665 0.126998
0.107199 0.112358 0.155584 0.147677 0.144203 0.125249 0.105027 0.102703
0.098470 0.090144 0.130397 0.137839 0.132521 0.117839 0.173508 0.119282
0.104643 0.109657 0.107392 0.124529 0.128179 0.118743 0.182975 0.123882
0.121577 0.135678 0.130168 0.109198 0.116290 0.134802 0.135102 0.117185
0.128429 0.139595 0.131401 0.115870 0.124566 0.122393 0.111730 0.126015
0.138898 0.112834 0.108106 0.117007 0.112904 0.135238 0.150403 0.124611
0.133725 0.117007 0.111803 0.136945 0.140911 0.092411 0.152302 0.114895
0.109003 0.152335 0.095006 0.113116 0.112889 0.151100 0.156023 0.110528
0.103030 0.113236 0.116032 0.141983 0.141975 0.126979 0.141958 0.114807
0.104014 0.104621 0.144579 0.138437 0.138429 0.145194 0.107498 0.117228
0.091740 0.094993 0.135127 0.179558 0.154699 0.119159 0.118308 0.106416
0.117734 0.097600 0.090486 0.177921 0.160824 0.117336 0.131121 0.106979
0.142702 0.127243 0.127526 0.131728 0.127500 0.104869 0.102893 0.135539
0.169740 0.119973 0.083276 0.139987 0.145579 0.114151 0.118066 0.109228
0.144028 0.118417 0.098152 0.103055 0.113065 0.117620 0.168780 0.136884
0.132251 0.135086 0.124228 0.148419 0.155109 0.108989 0.089264 0.106654
0.164355 0.101391 0.108737 0.092833 0.090628 0.160787 0.158204 0.123064
0.109377 0.110894 0.116868 0.143696 0.138958 0.096230 0.119780 0.164198
0.146015 0.134617 0.125156 0.115368 0.128315 0.122106 0.104737 0.123687
0.114925 0.158738 0.117122 0.117145 0.118513 0.105693 0.160560 0.107305
0.110443 0.129863 0.118376 0.111647 0.119894 0.143767 0.130144 0.135866
0.137589 0.125350 0.114120 0.125751 0.134331 0.114773 0.116646 0.131438
0.115383 0.113331 0.109023 0.145487 0.149934 0.143582 0.116928 0.106332
0.116866 0.106135 0.112630 0.123428 0.125033 0.107865 0.196069 0.111976
0.119701 0.119927 0.115867 0.118631 0.130264 0.101721 0.187322 0.106567
0.109873 0.089037 0.115828 0.142021 0.131677 0.136677 0.173268 0.101619
0.114139 0.119001 0.107144 0.123137 0.133171 0.115313 0.170572 0.117523
0.119036 0.115734 0.109467 0.123680 0.149599 0.123259 0.143487 0.115739
0.111027 0.133768 0.106572 0.096580 0.130473 0.146584 0.157891 0.117105
0.092416 0.124041 0.109377 0.094057 0.124332 0.139093 0.195370 0.121314
0.141636 0.139054 0.119051 0.111396 0.123786 0.108837 0.117185 0.139054
0.133466 0.129873 0.166144 0.094917 0.112924 0.133309 0.095757 0.133611
0.124101 0.117009 0.145922 0.121404 0.095958 0.122346 0.138210 0.135050
0.137029 0.128930 0.118583 0.091467 0.107757 0.166445 0.128445 0.121344
0.121568 0.124572 0.118112 0.166300 0.129459 0.110575 0.111474 0.117940
0.105931 0.112274 0.100905 0.126344 0.137023 0.164137 0.130673 0.122713
0.116141 0.103701 0.093915 0.171382 0.144434 0.135398 0.126055 0.108974
0.117505 0.106805 0.099844 0.163434 0.168837 0.137184 0.101958 0.104432
0.117364 0.107355 0.103202 0.111852 0.128703 0.181211 0.141142 0.109171
0.115409 0.114219 0.097773 0.138745 0.153629 0.149345 0.125628 0.105252
0.135361 0.106486 0.118673 0.142067 0.118358 0.132891 0.116842 0.129321
0.111565 0.097051 0.132992 0.146104 0.143294 0.140526 0.118700 0.109767
0.129481 0.126666 0.143422 0.126103 0.123462 0.115777 0.109754 0.125335
0.114170 0.110087 0.113804 0.137598 0.138260 0.137327 0.129935 0.118819
0.108615 0.112541 0.166054 0.095879 0.123701 0.174702 0.101462 0.117046
0.118701 0.126218 0.105014 0.137469 0.124681 0.110614 0.160874 0.116430
0.140878 0.129771 0.126364 0.110124 0.122860 0.122769 0.132764 0.114469
0.139760 0.159891 0.124151 0.099654 0.100695 0.093976 0.120291 0.161582
0.113583 0.109942 0.105540 0.124182 0.125151 0.157584 0.159091 0.104926
0.124107 0.157462 0.129914 0.113088 0.112474 0.123717 0.115962 0.123276
0.107592 0.121029 0.086160 0.104513 0.146845 0.131816 0.178033 0.124012
0.123790 0.114737 0.116140 0.125466 0.148331 0.135253 0.121605 0.114679
0.089982 0.112301 0.106657 0.152799 0.128241 0.124263 0.185925 0.099832
0.127262 0.137125 0.121119 0.098685 0.115335 0.129313 0.142446 0.128716
0.103307 0.122478 0.124050 0.143507 0.146476 0.139881 0.103700 0.116602
0.123217 0.111805 0.117137 0.162493 0.118837 0.114945 0.132905 0.118660
0.122046 0.114085 0.107778 0.088606 0.117409 0.107990 0.204931 0.137154
0.111492 0.165968 0.093144 0.125942 0.151462 0.136186 0.122473 0.093334
0.125391 0.124699 0.106180 0.177311 0.147182 0.097554 0.075419 0.146264
0.113866 0.106828 0.107159 0.126528 0.149255 0.124333 0.169348 0.102683
0.113996 0.112773 0.116614 0.132628 0.130442 0.126344 0.155164 0.112040
0.114120 0.107013 0.132334 0.146954 0.125805 0.129452 0.116278 0.128045
0.121265 0.126815 0.114131 0.127396 0.116551 0.154241 0.112787 0.126815
0.128389 0.140493 0.109047 0.130234 0.144430 0.109521 0.120451 0.117435
0.122334 0.122113 0.088439 0.169010 0.133784 0.169968 0.091750 0.102603
0.135684 0.135789 0.131588 0.119347 0.118358 0.096295 0.112437 0.150503
0.109093 0.113335 0.118789 0.126473 0.137176 0.125609 0.158546 0.110979
0.118934 0.107130 0.111053 0.174932 0.148978 0.120485 0.098368 0.120120
0.142342 0.119332 0.138676 0.117192 0.126446 0.146979 0.099786 0.109248
0.108104 0.100078 0.128975 0.121113 0.127708 0.169580 0.129722 0.114720
0.127581 0.114620 0.164000 0.117107 0.125776 0.124350 0.118252 0.108314
0.114161 0.135144 0.114069 0.128270 0.142110 0.129012 0.116338 0.120896
0.124515 0.134819 0.122698 0.117538 0.118447 0.118065 0.138487 0.125431
0.111045 0.107357 0.075107 0.169009 0.112922 0.185731 0.123138 0.115690
0.127832 0.131413 0.120125 0.128230 0.119717 0.122169 0.131079 0.119435
0.103013 0.111346 0.159356 0.128500 0.142179 0.162520 0.089933 0.103153
0.136280 0.132111 0.179119 0.117346 0.111265 0.111985 0.090689 0.121205
0.112471 0.112091 0.112063 0.078944 0.102476 0.134966 0.214157 0.132833
0.130797 0.128634 0.109706 0.119760 0.131037 0.122753 0.107743 0.149570
0.119480 0.119480 0.099694 0.108613 0.107494 0.161153 0.168863 0.115224
0.146552 0.133758 0.109250 0.102120 0.118341 0.143448 0.117608 0.128923
0.124511 0.121950 0.102077 0.128302 0.137338 0.121758 0.146581 0.117483
0.125050 0.125055 0.099315 0.113207 0.116632 0.137300 0.158620 0.124822
0.117739 0.120759 0.115361 0.103566 0.119677 0.128512 0.174016 0.120370
0.109638 0.117971 0.104598 0.146298 0.152933 0.115365 0.137365 0.115834
0.130697 0.130697 0.125501 0.142502 0.122973 0.133475 0.095074 0.119081
0.109295 0.109295 0.089356 0.094834 0.140316 0.111571 0.202699 0.142633
0.123732 0.120134 0.135437 0.124970 0.154967 0.119321 0.111751 0.109688
0.120672 0.110449 0.122270 0.140138 0.129674 0.125611 0.119368 0.131817
0.114043 0.121439 0.123396 0.099925 0.116548 0.133270 0.173463 0.117916
0.129134 0.118840 0.125882 0.113769 0.114976 0.109445 0.172704 0.115250
0.123892 0.127427 0.094199 0.160560 0.103991 0.124448 0.155464 0.110019
0.131922 0.135846 0.151696 0.123363 0.124420 0.116259 0.100302 0.116192
0.123680 0.104092 0.154048 0.101269 0.124382 0.133710 0.122088 0.136731
0.113931 0.118572 0.107525 0.138686 0.126313 0.131872 0.160006 0.103096
0.108865 0.110295 0.095361 0.173915 0.152116 0.107159 0.139185 0.113103
0.123540 0.112559 0.104220 0.107737 0.115904 0.152924 0.174817 0.108300
0.111195 0.116334 0.167147 0.115806 0.097714 0.095875 0.160607 0.135323
0.106105 0.106566 0.130522 0.118769 0.123351 0.174533 0.099620 0.140535
0.116523 0.109522 0.112499 0.134824 0.145907 0.154273 0.104145 0.122307
0.118854 0.118857 0.137637 0.144438 0.118361 0.130938 0.118431 0.112483
0.124478 0.122279 0.104581 0.125754 0.138870 0.122389 0.140222 0.121426
0.109872 0.107077 0.114719 0.170810 0.119565 0.118507 0.138993 0.120458
0.176596 0.126820 0.112254 0.108582 0.112112 0.132420 0.116759 0.114458
0.122084 0.143549 0.086488 0.096838 0.135544 0.128455 0.177829 0.109212
0.127679 0.130882 0.178953 0.092337 0.102026 0.113595 0.137457 0.117071
0.122513 0.113524 0.123319 0.123946 0.124299 0.129619 0.122207 0.140572
0.111042 0.140794 0.108144 0.130752 0.123044 0.116578 0.101085 0.168561
0.107956 0.100244 0.096173 0.160749 0.138580 0.152683 0.123154 0.120461
0.172615 0.110115 0.094796 0.127152 0.122571 0.135677 0.117810 0.119264
0.143793 0.127734 0.104580 0.127342 0.144086 0.135928 0.095806 0.120731
0.122240 0.117017 0.115363 0.105369 0.116601 0.164640 0.124030 0.134740
0.135890 0.143205 0.114947 0.085461 0.113309 0.133044 0.140917 0.133226
0.114329 0.120625 0.097132 0.123345 0.143581 0.177726 0.115863 0.107398
0.160150 0.140350 0.116148 0.117379 0.119822 0.117614 0.091689 0.136848
0.135145 0.103067 0.121214 0.155260 0.142123 0.153692 0.102432 0.087067
0.133101 0.121412 0.143771 0.125006 0.134902 0.121606 0.103504 0.116698
0.113555 0.124473 0.125984 0.142010 0.130564 0.141482 0.094234 0.127698
