0.319372 0.319804 0.360824
0.342024 0.322461 0.335515
0.312377 0.340602 0.347021
0.315262 0.285108 0.399631
0.337827 0.343814 0.318360
0.337507 0.346934 0.315559
0.373010 0.308723 0.318268
0.279769 0.360116 0.360116
0.309430 0.337260 0.353310
0.337023 0.346337 0.316640
0.341266 0.322438 0.336296
0.347550 0.344838 0.307612
0.325846 0.283777 0.390377
0.338764 0.278989 0.382247
0.332115 0.375730 0.292155
0.347983 0.338557 0.313460
0.304489 0.327826 0.367685
0.306974 0.325999 0.367028
0.331509 0.350055 0.318436
0.354346 0.279960 0.365694
0.315071 0.324567 0.360361
0.313670 0.322193 0.364137
0.309461 0.281077 0.409461
0.316899 0.364140 0.318961
0.327043 0.370263 0.302694
0.367108 0.312585 0.320308
0.305710 0.333128 0.361162
0.325528 0.305670 0.368803
0.378329 0.283174 0.338497
0.353965 0.357986 0.288049
0.313757 0.323170 0.363073
0.317469 0.306504 0.376028
0.372659 0.328063 0.299278
0.267746 0.386760 0.345494
0.319217 0.316323 0.364460
0.307287 0.333872 0.358841
0.284222 0.354214 0.361564
0.343703 0.312513 0.343784
0.382528 0.320911 0.296561
0.305165 0.306924 0.387911
0.304642 0.300405 0.394953
0.313158 0.351897 0.334945
0.328023 0.339053 0.332924
0.356694 0.311532 0.331774
0.331291 0.352949 0.315759
0.360427 0.334795 0.304778
0.346266 0.324674 0.329061
0.368430 0.334061 0.297510
0.325406 0.306694 0.367900
0.315344 0.275114 0.409541
0.356013 0.335554 0.308433
0.312337 0.325925 0.361738
0.318484 0.293484 0.388032
0.345237 0.350909 0.303853
0.327407 0.302422 0.370171
0.372276 0.315636 0.312089
0.357671 0.344988 0.297341
0.337386 0.357040 0.305574
0.333933 0.330131 0.335936
0.336817 0.351224 0.311959
0.347954 0.255135 0.396912
0.327132 0.305413 0.367455
0.323897 0.338099 0.338004
0.325618 0.322855 0.351527
0.316892 0.335764 0.347344
0.304572 0.329572 0.365855
0.331788 0.308910 0.359303
0.333079 0.332451 0.334471
0.354829 0.356146 0.289024
0.280221 0.292904 0.426875
0.325977 0.350818 0.323205
0.375027 0.320357 0.304616
0.312705 0.290524 0.396771
0.297754 0.354946 0.347300
0.308131 0.327715 0.364154
0.313598 0.306246 0.380156
0.379372 0.323992 0.296636
0.306534 0.324779 0.368687
0.329615 0.281800 0.388585
0.334624 0.336807 0.328568
0.305809 0.333924 0.360266
0.379175 0.310790 0.310035
0.347976 0.341921 0.310103
0.310133 0.359083 0.330785
0.312005 0.329394 0.358601
0.361236 0.306627 0.332137
0.300079 0.364780 0.335141
0.314485 0.301633 0.383882
0.352097 0.300280 0.347623
0.383358 0.330625 0.286017
0.299519 0.352761 0.347720
0.350015 0.353842 0.296143
0.276199 0.381037 0.342764
0.352753 0.326116 0.321132
0.376254 0.292200 0.331546
0.296703 0.292332 0.410966
0.301785 0.346498 0.351717
0.302647 0.286656 0.410697
0.369079 0.304507 0.326414
0.294634 0.333803 0.371564
0.308208 0.283742 0.408051
0.303456 0.365163 0.331381
0.315622 0.369920 0.314458
0.397481 0.262732 0.339787
0.328445 0.353934 0.317621
0.333886 0.348018 0.318097
0.308971 0.317198 0.373831
0.309610 0.370364 0.320026
0.311502 0.384504 0.303993
0.285517 0.305416 0.409067
0.305581 0.345342 0.349077
0.317638 0.306075 0.376287
0.320117 0.301497 0.378386
0.287073 0.332213 0.380715
0.320865 0.376212 0.302923
0.307862 0.328138 0.364000
0.321804 0.296167 0.382030
0.332390 0.331776 0.335834
0.324898 0.274874 0.400228
0.321540 0.373878 0.304582
0.356881 0.295674 0.347446
0.405334 0.291006 0.303660
0.300990 0.330650 0.368360
0.349343 0.323875 0.326783
0.327614 0.342211 0.330175
0.288906 0.330605 0.380489
0.334576 0.301214 0.364210
0.332933 0.332750 0.334317
0.333170 0.346743 0.320087
0.360739 0.277629 0.361633
0.334792 0.323183 0.342024
0.286241 0.336840 0.376919
0.330706 0.312336 0.356958
0.324222 0.379070 0.296709
0.293458 0.347538 0.359004
0.274477 0.306622 0.418901
0.323004 0.359603 0.317393
0.301654 0.373159 0.325187
0.347688 0.289334 0.362977
0.316430 0.361157 0.322413
0.319292 0.364880 0.315828
0.305651 0.298746 0.395603
0.374880 0.345036 0.280084
0.371059 0.325417 0.303525
0.318598 0.259171 0.422231
0.366057 0.339947 0.293997
0.332626 0.311671 0.355703
0.349973 0.308723 0.341304
0.330508 0.346846 0.322646
0.340228 0.315228 0.344544
0.316891 0.267261 0.415849
0.310334 0.382950 0.306716
0.347623 0.347808 0.304568
0.331951 0.301738 0.366311
0.334623 0.327345 0.338031
0.330935 0.297543 0.371523
0.376139 0.309235 0.314627
0.290809 0.358171 0.351020
0.353744 0.332236 0.314020
0.316988 0.323857 0.359156
0.295792 0.338401 0.365807
0.373374 0.308757 0.317869
0.343994 0.307007 0.348999
0.344153 0.280472 0.375375
0.342711 0.311289 0.346000
0.345752 0.337522 0.316725
0.277868 0.318547 0.403585
0.341151 0.343268 0.315581
0.413204 0.301159 0.285637
0.323525 0.330706 0.345770
0.338119 0.325801 0.336080
0.340624 0.316502 0.342874
0.315911 0.316297 0.367791
0.311613 0.366069 0.322317
0.346454 0.334223 0.319323
0.304243 0.295342 0.400415
0.337598 0.325363 0.337040
0.305711 0.363564 0.330725
0.404733 0.280131 0.315136
0.361456 0.342084 0.296461
0.325228 0.346222 0.328550
0.347030 0.316990 0.335980
0.331262 0.351065 0.317673
0.297728 0.351136 0.351136
0.341103 0.335476 0.323421
0.360103 0.337322 0.302576
0.339628 0.274161 0.386211
0.357055 0.324947 0.317998
0.346405 0.296405 0.357190
0.304426 0.325587 0.369987
0.339037 0.343685 0.317278
0.354652 0.338059 0.307289
0.277740 0.333945 0.388315
0.350832 0.343592 0.305576
0.335790 0.287412 0.376798
0.307339 0.302797 0.389864
0.380828 0.309944 0.309229
0.381521 0.269904 0.348575
0.348819 0.303451 0.347731
0.336743 0.330757 0.332500
0.368609 0.355850 0.275540
0.322168 0.327137 0.350695
0.312832 0.334772 0.352396
0.342996 0.304695 0.352309
0.337555 0.303193 0.359253
0.358478 0.310784 0.330738
0.366564 0.282285 0.351151
0.329100 0.302269 0.368631
0.325269 0.340936 0.333795
0.374699 0.304813 0.320488
0.304072 0.325235 0.370693
0.334765 0.308232 0.357002
0.351494 0.291545 0.356961
0.310489 0.354007 0.335504
0.356684 0.301228 0.342088
0.363923 0.307239 0.328838
0.363864 0.312846 0.323290
0.345855 0.341055 0.313091
0.311623 0.354800 0.333577
0.305882 0.393688 0.300430
0.323703 0.362994 0.313303
0.328103 0.315137 0.356760
0.357021 0.288745 0.354234
0.361499 0.280976 0.357525
0.376039 0.298964 0.324997
0.336933 0.294288 0.368780
0.341782 0.321888 0.336330
0.314681 0.313728 0.371592
0.309290 0.377134 0.313576
0.307732 0.329174 0.363093
0.337163 0.340554 0.322284
0.333721 0.295121 0.371158
0.371640 0.288861 0.339499
0.329522 0.301889 0.368590
0.323406 0.322802 0.353792
0.383900 0.319150 0.296950
0.333311 0.351081 0.315608
0.315643 0.368634 0.315723
0.305462 0.320457 0.374081
0.321815 0.335175 0.343010
0.334274 0.281333 0.384393
0.318535 0.371322 0.310143
0.295415 0.340361 0.364225
0.342736 0.343858 0.313406
0.293836 0.338796 0.367369
0.350169 0.336985 0.312846
0.328513 0.318084 0.353403
0.315081 0.339453 0.345467
0.356438 0.355891 0.287671
0.331148 0.307212 0.361640
0.334980 0.350983 0.314036
0.308142 0.308770 0.383089
0.379015 0.310506 0.310479
0.270806 0.314204 0.414991
0.307215 0.353825 0.338960
0.311055 0.331501 0.357444
0.300579 0.350555 0.348866
0.319723 0.355127 0.325150
0.405728 0.255728 0.338545
0.349775 0.342682 0.307543
0.295252 0.353712 0.351036
0.346305 0.339328 0.314367
0.294977 0.328982 0.376041
0.377606 0.317017 0.305377
0.330691 0.350221 0.319088
0.346685 0.308847 0.344468
0.361651 0.333985 0.304364
0.382382 0.298723 0.318895
0.334554 0.322605 0.342841
0.282731 0.278426 0.438843
0.324986 0.359063 0.315952
0.310910 0.342747 0.346343
0.315639 0.317723 0.366638
0.300361 0.349345 0.350294
0.303917 0.332798 0.363286
0.320665 0.364369 0.314965
0.370488 0.314378 0.315134
0.369091 0.295777 0.335132
0.310616 0.297794 0.391590
0.288304 0.368651 0.343045
0.309886 0.321364 0.368750
0.375544 0.324302 0.300154
0.357012 0.343250 0.299738
0.340837 0.289692 0.369471
0.382073 0.306565 0.311362
0.388404 0.309564 0.302032
0.344505 0.335238 0.320257
0.331712 0.308531 0.359758
0.278065 0.318783 0.403152
0.280308 0.345878 0.373814
0.353882 0.336240 0.309879
0.334624 0.296629 0.368748
0.293407 0.293637 0.412955
0.364514 0.327963 0.307523
0.330697 0.296884 0.372419
0.340565 0.349977 0.309458
0.335184 0.331610 0.333206
0.317556 0.321805 0.360639
0.315354 0.363204 0.321442
0.299768 0.363972 0.336260
0.292113 0.318287 0.389600
0.319040 0.279420 0.401540
0.316572 0.339384 0.344045
0.318092 0.259121 0.422787
0.330246 0.314845 0.354908
0.309375 0.355700 0.334925
0.307168 0.335214 0.357618
0.311749 0.292255 0.395997
0.322710 0.343394 0.333895
0.317268 0.328909 0.353823
0.289617 0.310111 0.400272
0.382605 0.317580 0.299814
0.281757 0.371052 0.347191
0.328951 0.358268 0.312781
0.352972 0.316599 0.330430
0.316424 0.341999 0.341578
0.331958 0.278608 0.389434
0.332902 0.274089 0.393009
0.300681 0.323779 0.375540
0.305986 0.320816 0.373198
0.357573 0.304000 0.338427
0.306270 0.362460 0.331270
0.335965 0.337303 0.326732
0.321138 0.352272 0.326590
0.330366 0.354206 0.315428
0.317906 0.325874 0.356221
0.355204 0.314593 0.330204
0.329311 0.332925 0.337764
0.307077 0.354765 0.338158
0.319515 0.346084 0.334401
0.270803 0.314599 0.414599
0.326079 0.356525 0.317395
0.343320 0.308721 0.347959
0.315906 0.313927 0.370167
0.344557 0.311059 0.344384
0.369604 0.295218 0.335178
0.332551 0.331539 0.335910
0.343229 0.343253 0.313519
0.312234 0.311176 0.376590
0.268693 0.343065 0.388241
0.370086 0.321342 0.308572
0.328178 0.346575 0.325247
0.344268 0.311489 0.344244
0.336427 0.327060 0.336514
0.304022 0.367998 0.327980
0.340038 0.333866 0.326096
0.316203 0.370534 0.313263
0.307232 0.325451 0.367317
0.327113 0.325858 0.347030
0.302988 0.319009 0.378003
0.356082 0.286624 0.357294
0.345846 0.312015 0.342140
0.296113 0.348770 0.355117
0.344276 0.320416 0.335309
0.325855 0.311270 0.362875
0.320968 0.355131 0.323901
0.362667 0.296519 0.340813
0.339109 0.312778 0.348113
0.326949 0.311676 0.361376
0.352792 0.310430 0.336778
0.376918 0.291845 0.331237
0.312788 0.371401 0.315811
0.321341 0.312929 0.365730
0.347068 0.300934 0.351998
0.345269 0.354395 0.300336
0.332943 0.283632 0.383425
0.373034 0.336486 0.290479
0.309771 0.315706 0.374523
0.354739 0.252130 0.393131
0.332581 0.331079 0.336340
0.270711 0.390993 0.338297
0.301853 0.348195 0.349953
0.329559 0.361161 0.309281
0.332375 0.327464 0.340161
0.316564 0.290426 0.393010
0.345791 0.319486 0.334723
0.300546 0.328202 0.371253
0.360064 0.287163 0.352773
0.382949 0.310809 0.306243
0.402572 0.307539 0.289889
0.317636 0.337770 0.344594
0.360868 0.323762 0.315370
0.352976 0.314603 0.332422
0.327679 0.330459 0.341862
0.337849 0.340895 0.321256
0.337707 0.326104 0.336189
0.308838 0.308388 0.382774
0.330061 0.325196 0.344744
0.305445 0.330469 0.364085
0.333874 0.356111 0.310016
0.297172 0.392539 0.310289
0.343571 0.349066 0.307363
0.359222 0.309137 0.331641
0.332572 0.347014 0.320414
0.335432 0.324950 0.339618
0.313975 0.286195 0.399830
0.298439 0.361521 0.340040
0.337177 0.299859 0.362964
0.315823 0.318953 0.365224
0.312439 0.330627 0.356934
0.352934 0.294156 0.352910
0.345202 0.297965 0.356833
0.350331 0.357095 0.292574
0.396894 0.290220 0.312886
0.313353 0.331687 0.354961
0.343115 0.362103 0.294782
0.309861 0.327622 0.362517
0.344200 0.338668 0.317132
0.312787 0.385333 0.301880
0.342302 0.348357 0.309342
0.345263 0.316372 0.338366
0.340676 0.334061 0.325263
0.340427 0.310104 0.349470
0.340087 0.300172 0.359741
0.291467 0.417066 0.291467
0.301869 0.302367 0.395764
0.344444 0.330516 0.325040
0.337490 0.332506 0.330004
0.324155 0.348033 0.327812
0.344223 0.323172 0.332606
0.334654 0.351268 0.314078
0.408032 0.290964 0.301003
0.348437 0.316864 0.334699
0.327012 0.302096 0.370892
0.332747 0.327763 0.339491
0.306314 0.294858 0.398829
0.346485 0.311430 0.342086
0.375931 0.314544 0.309525
0.312748 0.306337 0.380914
0.363196 0.317276 0.319528
0.337620 0.313569 0.348811
0.358925 0.332011 0.309064
0.330198 0.305222 0.364580
0.314467 0.353477 0.332056
0.253210 0.359869 0.386921
0.333613 0.335374 0.331013
0.322026 0.341990 0.335984
0.316734 0.374982 0.308284
0.313465 0.312026 0.374510
0.339013 0.307823 0.353164
0.353310 0.350331 0.296359
0.318929 0.305542 0.375529
0.279606 0.320648 0.399746
0.302836 0.306048 0.391116
0.333200 0.333914 0.332886
0.315355 0.313620 0.371026
0.350619 0.318788 0.330593
0.325735 0.328475 0.345790
0.313046 0.318118 0.368836
0.369243 0.319871 0.310887
0.414884 0.317069 0.268046
0.288680 0.398736 0.312585
0.295485 0.362718 0.341798
0.341187 0.357152 0.301661
0.278568 0.322131 0.399301
0.313709 0.343607 0.342684
0.387987 0.293644 0.318369
0.291900 0.309412 0.398689
0.300034 0.349110 0.350856
0.339679 0.321747 0.338574
0.270089 0.355518 0.374393
0.330736 0.323383 0.345881
0.354019 0.316933 0.329048
0.354805 0.273427 0.371768
0.347404 0.311183 0.341413
0.338007 0.293598 0.368395
0.330799 0.285461 0.383740
0.345148 0.318382 0.336471
0.378260 0.325731 0.296009
0.347003 0.318969 0.334029
0.313736 0.327401 0.358863
0.362803 0.351223 0.285974
0.334017 0.343046 0.322938
0.356495 0.313699 0.329806
0.291649 0.341044 0.367307
0.290484 0.335621 0.373896
0.334225 0.351876 0.313899
0.333231 0.335462 0.331307
0.328171 0.293657 0.378171
0.343120 0.274256 0.382624
0.324784 0.326483 0.348734
0.327110 0.362908 0.309982
0.380295 0.317350 0.302355
0.289599 0.370803 0.339599
0.344720 0.322883 0.332397
0.365231 0.291867 0.342902
0.335196 0.350166 0.314638
0.327798 0.367628 0.304574
0.346221 0.263829 0.389950
0.322270 0.334143 0.343587
0.336845 0.336875 0.326280
0.389795 0.270410 0.339795
0.319105 0.317332 0.363562
0.323618 0.357736 0.318646
0.362093 0.278134 0.359773
0.347217 0.310744 0.342040
0.338570 0.310754 0.350676
0.318896 0.265432 0.415672
0.338479 0.304110 0.357411
0.312563 0.364799 0.322638
0.349586 0.291998 0.358416
0.315467 0.340596 0.343937
0.337409 0.311955 0.350636
0.278826 0.329369 0.391804
0.330139 0.348611 0.321250
0.313057 0.373923 0.313021
0.275297 0.337186 0.387518
0.321104 0.338466 0.340430
0.315755 0.338950 0.345296
0.334438 0.340846 0.324717
0.363323 0.305582 0.331095
0.334640 0.296082 0.369278
0.250664 0.389616 0.359720
0.418407 0.295974 0.285619
0.340615 0.364011 0.295374
0.309211 0.295243 0.395546
0.333526 0.303386 0.363088
0.334642 0.313585 0.351773
0.323073 0.313173 0.363754
0.340433 0.361084 0.298483
0.296261 0.309576 0.394163
0.309303 0.318875 0.371822
0.333420 0.357792 0.308788
0.345022 0.339676 0.315302
0.317429 0.298534 0.384037
0.350095 0.364674 0.285231
0.318420 0.325097 0.356484
0.321837 0.371860 0.306303
0.377561 0.339178 0.283261
0.289873 0.376023 0.334104
0.331954 0.378339 0.289707
0.367018 0.303067 0.329915
0.351943 0.323080 0.324978
0.313751 0.313751 0.372497
0.324291 0.361018 0.314690
0.304656 0.310165 0.385179
0.309351 0.356720 0.333929
0.323036 0.333472 0.343492
0.299774 0.351818 0.348408
0.292450 0.330758 0.376792
0.270173 0.376228 0.353600
0.339970 0.329686 0.330343
0.300388 0.322548 0.377064
0.330489 0.352564 0.316947
0.323795 0.320281 0.355924
0.309614 0.298891 0.391495
0.344387 0.312701 0.342912
0.347878 0.325040 0.327083
0.299073 0.311243 0.389684
0.366386 0.319568 0.314047
0.338621 0.315516 0.345863
0.327771 0.347287 0.324942
0.280146 0.337264 0.382590
0.304734 0.348675 0.346591
0.280016 0.336653 0.383331
0.306245 0.305126 0.388629
0.259995 0.355220 0.384786
0.281755 0.353020 0.365225
0.297831 0.375690 0.326479
0.324433 0.328827 0.346740
0.318879 0.304051 0.377070
0.323863 0.288692 0.387445
0.376804 0.278746 0.344450
0.270154 0.295998 0.433848
0.388060 0.309490 0.302450
0.274483 0.317498 0.408020
0.304689 0.330414 0.364896
0.310873 0.369515 0.319612
0.363794 0.297046 0.339159
0.328228 0.303444 0.368328
0.392960 0.275690 0.331350
0.335806 0.321676 0.342518
0.336085 0.273351 0.390563
0.334841 0.373537 0.291622
0.315082 0.351214 0.333704
0.313995 0.339695 0.346310
0.312202 0.338815 0.348983
0.333805 0.305107 0.361088
0.295187 0.344653 0.360160
0.312007 0.356417 0.331576
0.296534 0.328051 0.375415
0.305954 0.319270 0.374776
0.347221 0.295489 0.357290
0.327291 0.358265 0.314444
0.293787 0.342352 0.363861
0.323657 0.349108 0.327235
0.305221 0.301080 0.393699
0.360682 0.300573 0.338745
0.388461 0.317322 0.294217
0.347197 0.316745 0.336058
0.391747 0.307367 0.300887
0.315966 0.319899 0.364135
0.322295 0.330687 0.347018
0.289127 0.359651 0.351222
0.308921 0.302841 0.388237
0.282231 0.328637 0.389132
0.312788 0.357450 0.329762
0.322512 0.303420 0.374068
0.300355 0.338095 0.361549
0.324309 0.350848 0.324843
0.312070 0.277705 0.410226
0.309407 0.383191 0.307401
0.333595 0.347418 0.318987
0.338012 0.241774 0.420214
0.306027 0.349659 0.344315
0.332300 0.312520 0.355180
0.312938 0.323406 0.363656
0.272778 0.399941 0.327282
0.352840 0.322240 0.324920
0.305834 0.296064 0.398102
0.349140 0.327644 0.323216
0.289330 0.383415 0.327255
0.303031 0.304134 0.392835
0.248852 0.406371 0.344777
0.288397 0.347150 0.364453
0.349800 0.301721 0.348479
0.340406 0.345074 0.314520
0.271578 0.356904 0.371518
0.350685 0.285717 0.363598
0.363259 0.351284 0.285457
0.314948 0.343968 0.341084
0.341013 0.311425 0.347562
0.286799 0.382370 0.330831
0.286145 0.334687 0.379168
0.286763 0.312872 0.400365
0.360021 0.356359 0.283621
0.342297 0.305325 0.352378
0.333912 0.283888 0.382199
0.365822 0.324828 0.309350
0.347663 0.316046 0.336291
0.351942 0.355449 0.292609
0.328768 0.338282 0.332950
0.249365 0.382757 0.367878
0.310502 0.333222 0.356277
0.344529 0.346115 0.309355
0.308854 0.378870 0.312276
0.325995 0.295912 0.378093
0.317495 0.332000 0.350505
0.320165 0.350764 0.329072
0.340327 0.337658 0.322015
0.310298 0.347218 0.342483
0.265612 0.359408 0.374981
0.353356 0.343775 0.302869
0.299008 0.362780 0.338212
0.337360 0.322391 0.340250
0.300828 0.359481 0.339691
0.345526 0.309372 0.345103
0.317429 0.322351 0.360220
0.330985 0.342191 0.326824
0.343173 0.341219 0.315608
0.275511 0.339362 0.385127
0.358405 0.327456 0.314138
0.324796 0.344364 0.330841
0.371178 0.314335 0.314487
0.307129 0.364928 0.327943
0.362074 0.293831 0.344095
0.298754 0.333826 0.367420
0.294767 0.334227 0.371006
0.306609 0.375793 0.317598
0.281419 0.400128 0.318453
0.324478 0.351553 0.323969
0.308732 0.342990 0.348279
0.324424 0.328795 0.346781
0.332567 0.330476 0.336957
0.378150 0.277614 0.344236
0.306929 0.392903 0.300168
0.356524 0.309763 0.333713
0.270232 0.390140 0.339628
0.326266 0.343525 0.330209
0.310970 0.335420 0.353610
0.291927 0.371236 0.336837
0.355330 0.349732 0.294938
0.313396 0.362236 0.324368
0.322066 0.309720 0.368214
0.340104 0.324003 0.335893
0.312058 0.345808 0.342135
0.339651 0.313080 0.347268
0.322913 0.366296 0.310791
0.321610 0.312255 0.366136
0.288079 0.303205 0.408716
0.321902 0.355652 0.322447
0.311319 0.307283 0.381398
0.315173 0.322062 0.362765
0.366840 0.337920 0.295241
0.389685 0.301424 0.308892
0.286876 0.416826 0.296298
0.409216 0.290291 0.300494
0.345293 0.327603 0.327105
0.301046 0.358441 0.340513
0.349237 0.299298 0.351465
0.293765 0.315051 0.391183
0.333627 0.319879 0.346494
0.323440 0.284092 0.392468
0.310180 0.353429 0.336391
0.314670 0.350488 0.334842
0.309480 0.380414 0.310106
0.318597 0.343995 0.337407
0.309953 0.353979 0.336068
0.343225 0.345404 0.311371
0.334885 0.317222 0.347893
0.313759 0.376327 0.309914
0.375508 0.313044 0.311448
0.322359 0.346820 0.330821
0.299044 0.369943 0.331013
0.342244 0.326016 0.331740
0.290868 0.349060 0.360072
0.320003 0.259365 0.420631
0.365218 0.290083 0.344699
0.309169 0.351990 0.338841
0.367997 0.324063 0.307940
0.330638 0.332636 0.336726
0.288785 0.332014 0.379202
0.347444 0.290822 0.361734
0.395139 0.309596 0.295265
0.333950 0.350867 0.315183
0.337305 0.336402 0.326293
0.307620 0.383702 0.308678
0.300442 0.337272 0.362286
0.345260 0.374708 0.280032
0.287468 0.382564 0.329968
0.338171 0.339269 0.322560
0.294714 0.331960 0.373325
0.364643 0.318662 0.316696
0.341637 0.315499 0.342865
0.299890 0.358751 0.341359
0.303152 0.364194 0.332654
0.283064 0.286674 0.430263
0.352801 0.332079 0.315121
0.355055 0.302919 0.342026
0.365926 0.296900 0.337174
0.273268 0.363041 0.363691
0.321888 0.340769 0.337343
0.362825 0.293535 0.343640
0.319192 0.322576 0.358232
0.354630 0.348995 0.296376
0.334478 0.283909 0.381613
0.360738 0.314899 0.324362
0.324538 0.383437 0.292025
0.371384 0.315396 0.313221
0.306695 0.352784 0.340522
0.291209 0.315675 0.393116
0.274829 0.314221 0.410950
0.281290 0.370262 0.348449
0.345428 0.310201 0.344372
0.280846 0.328239 0.390915
0.296765 0.366078 0.337157
0.334597 0.317024 0.348379
0.358473 0.338328 0.303199
0.327515 0.347123 0.325362
0.397192 0.259739 0.343069
0.335705 0.309558 0.354737
0.361135 0.292754 0.346111
0.375273 0.316963 0.307765
0.328801 0.348378 0.322820
0.282442 0.321272 0.396286
0.299698 0.384280 0.316022
0.338218 0.330950 0.330832
0.347961 0.330260 0.321779
0.310165 0.309037 0.380798
0.285739 0.338819 0.375443
0.304536 0.357120 0.338344
0.282034 0.321968 0.395998
0.303721 0.394709 0.301569
0.274710 0.324517 0.400773
0.299113 0.299004 0.401883
0.314521 0.362899 0.322580
0.328254 0.331417 0.340329
0.348391 0.272749 0.378861
0.278484 0.368174 0.353341
0.319092 0.316886 0.364022
0.308200 0.341284 0.350516
0.317141 0.331068 0.351791
0.326325 0.320717 0.352958
0.325618 0.350561 0.323821
0.374711 0.307935 0.317355
0.339586 0.342263 0.318151
0.315988 0.324915 0.359098
0.298889 0.301077 0.400035
0.333452 0.339642 0.326906
0.311848 0.332481 0.355671
0.280733 0.348042 0.371225
0.295499 0.321333 0.383168
0.311460 0.308803 0.379737
0.317839 0.335526 0.346635
0.319036 0.381872 0.299093
0.342074 0.295932 0.361994
0.275869 0.344287 0.379844
0.352420 0.357023 0.290556
0.341964 0.331909 0.326127
0.298670 0.347314 0.354016
0.280261 0.371645 0.348094
0.351316 0.304475 0.344208
0.324527 0.305608 0.369866
0.338126 0.358324 0.303551
0.361121 0.282679 0.356200
0.347983 0.271859 0.380159
0.330606 0.363384 0.306010
0.342120 0.329392 0.328488
0.325949 0.310997 0.363054
0.280111 0.354551 0.365338
0.369547 0.299138 0.331315
0.329705 0.304615 0.365680
0.316019 0.348309 0.335672
0.337937 0.272995 0.389069
0.304193 0.286161 0.409645
0.309635 0.370168 0.320197
0.310482 0.316868 0.372650
0.330268 0.342332 0.327399
0.308259 0.390666 0.301075
0.303470 0.358936 0.337594
0.285359 0.367862 0.346778
0.321678 0.372052 0.306271
0.334854 0.382535 0.282611
0.349155 0.287872 0.362973
0.313727 0.363076 0.323197
0.308294 0.330646 0.361060
0.337391 0.345170 0.317439
0.328101 0.321920 0.349980
0.333285 0.316130 0.350584
0.269887 0.322553 0.407560
0.339906 0.333735 0.326359
0.370726 0.320084 0.309190
0.285441 0.340456 0.374104
0.325044 0.375510 0.299446
0.300246 0.370077 0.329678
0.336487 0.327033 0.336479
0.364342 0.347234 0.288424
0.317539 0.333429 0.349032
0.274786 0.313061 0.412153
0.327677 0.340430 0.331894
0.313024 0.358815 0.328161
0.301325 0.325137 0.373538
0.341427 0.327253 0.331320
0.353251 0.319540 0.327209
0.314797 0.376966 0.308237
0.330732 0.346291 0.322976
0.334299 0.332596 0.333105
0.307408 0.316158 0.376434
0.333119 0.329007 0.337874
0.315686 0.335235 0.349079
0.310438 0.354761 0.334801
0.319221 0.361559 0.319221
0.309539 0.405946 0.284515
0.327141 0.359944 0.312916
0.385431 0.304139 0.310431
0.372464 0.301590 0.325946
0.345814 0.283372 0.370814
0.328788 0.315152 0.356061
0.343056 0.308960 0.347985
0.348997 0.337549 0.313454
0.306257 0.334078 0.359665
0.364321 0.288427 0.347252
0.312033 0.399523 0.288444
0.305612 0.392169 0.302218
0.329034 0.347920 0.323047
0.296633 0.391161 0.312206
0.316657 0.342729 0.340614
0.337893 0.329545 0.332561
0.371925 0.306136 0.321939
0.287693 0.349615 0.362693
0.347043 0.335886 0.317071
0.307440 0.297935 0.394625
0.311203 0.367342 0.321455
0.379469 0.307577 0.312954
0.334953 0.307602 0.357446
0.286472 0.411403 0.302125
0.366210 0.292138 0.341652
0.320717 0.347991 0.331292
0.305902 0.364684 0.329414
0.347586 0.298213 0.354201
0.275502 0.334209 0.390289
0.331031 0.337916 0.331053
0.319417 0.306419 0.374164
0.324625 0.356225 0.319150
0.320508 0.320529 0.358963
0.374190 0.338500 0.287310
0.387724 0.316317 0.295960
0.329491 0.366755 0.303754
0.361294 0.307321 0.331385
0.321190 0.319814 0.358996
0.334804 0.300314 0.364881
0.317609 0.273352 0.409038
0.283417 0.414749 0.301834
0.306745 0.342482 0.350773
0.341482 0.304298 0.354220
0.294857 0.358514 0.346629
0.332808 0.306161 0.361031
0.352481 0.292335 0.355184
0.280817 0.391912 0.327271
0.330763 0.350798 0.318439
0.361648 0.305276 0.333076
0.307553 0.397059 0.295388
0.344297 0.336436 0.319267
0.381834 0.297807 0.320359
0.328661 0.362275 0.309064
0.269615 0.382285 0.348100
0.301780 0.355937 0.342284
0.331484 0.320555 0.347961
0.331087 0.308320 0.360593
0.362033 0.306002 0.331965
0.344718 0.355399 0.299883
0.297039 0.351473 0.351488
0.316343 0.361446 0.322211
0.259249 0.367848 0.372903
0.285681 0.325379 0.388940
0.369199 0.344216 0.286585
0.325340 0.334446 0.340214
0.278447 0.355990 0.365563
0.323878 0.349212 0.326910
0.333516 0.331690 0.334794
0.289141 0.308635 0.402224
0.340721 0.340409 0.318870
0.315163 0.317366 0.367471
0.325496 0.301671 0.372833
0.342883 0.354542 0.302574
0.312595 0.337642 0.349762
0.256814 0.299509 0.443677
0.302610 0.366977 0.330414
0.311219 0.319802 0.368979
0.282855 0.332870 0.384276
0.344702 0.362828 0.292471
0.308826 0.370479 0.320696
0.300747 0.309986 0.389267
0.358587 0.348502 0.292910
0.397523 0.274782 0.327696
0.310506 0.284413 0.405081
0.331179 0.337446 0.331375
0.285087 0.322458 0.392455
0.345788 0.323476 0.330736
0.287849 0.386844 0.325307
0.271474 0.315912 0.412614
0.306043 0.307507 0.386450
0.303104 0.331306 0.365591
0.298437 0.349123 0.352440
0.335868 0.304519 0.359613
0.367331 0.335847 0.296822
0.327727 0.342134 0.330139
0.356039 0.332066 0.311894
0.356219 0.351608 0.292173
0.353529 0.358538 0.287933
0.326650 0.340497 0.332853
0.344161 0.312482 0.343357
0.313028 0.276790 0.410182
0.299064 0.342068 0.358867
0.351479 0.314488 0.334033
0.313233 0.332107 0.354660
0.312065 0.371588 0.316347
0.286407 0.359806 0.353787
0.333513 0.348473 0.318013
0.300161 0.376041 0.323798
0.388172 0.308866 0.302961
0.358298 0.294297 0.347405
0.368344 0.291221 0.340435
0.418746 0.286499 0.294756
0.352808 0.331894 0.315298
0.285412 0.349288 0.365300
0.307781 0.357130 0.335089
0.402687 0.310185 0.287127
0.289126 0.333107 0.377767
0.354456 0.345374 0.300170
0.357838 0.260944 0.381219
0.284855 0.374507 0.340639
0.344587 0.320203 0.335210
0.337330 0.312059 0.350611
0.306019 0.384143 0.309838
0.327167 0.317215 0.355618
0.334567 0.361304 0.304129
0.276522 0.436801 0.286678
0.385177 0.307644 0.307178
0.358193 0.305719 0.336088
0.390543 0.303910 0.305547
0.407784 0.279973 0.312243
0.406320 0.287025 0.306655
0.296794 0.382711 0.320495
0.316888 0.354588 0.328524
0.411877 0.303428 0.284696
0.348988 0.315577 0.335435
0.380243 0.351180 0.268577
0.283619 0.358202 0.358180
0.322229 0.367285 0.310486
0.308218 0.323035 0.368746
0.310913 0.345227 0.343860
0.333772 0.333569 0.332659
0.350263 0.316423 0.333314
0.349113 0.305520 0.345368
0.316594 0.332256 0.351150
0.355255 0.339135 0.305611
0.274309 0.335816 0.389875
0.376016 0.307012 0.316973
0.339273 0.316312 0.344415
0.348907 0.326923 0.324171
0.317850 0.361611 0.320539
0.343775 0.374841 0.281384
0.333885 0.321079 0.345036
0.339451 0.323186 0.337363
0.369775 0.338701 0.291524
0.245714 0.355768 0.398518
0.309562 0.369375 0.321063
0.291241 0.352040 0.356719
0.295478 0.366470 0.338053
0.354956 0.303294 0.341750
0.323465 0.392867 0.283668
0.325715 0.290209 0.384076
0.352494 0.312453 0.335053
0.343920 0.330430 0.325651
0.309168 0.330640 0.360192
0.310002 0.349265 0.340733
0.304713 0.340700 0.354587
0.368725 0.300986 0.330290
0.358436 0.307358 0.334206
0.375534 0.342250 0.282216
0.335817 0.309758 0.354425
0.310120 0.339374 0.350506
0.288830 0.326258 0.384912
0.305452 0.383668 0.310880
0.289011 0.416896 0.294093
0.337020 0.339417 0.323563
0.323236 0.368861 0.307902
0.347292 0.329647 0.323061
0.357899 0.310041 0.332060
0.389613 0.304047 0.306340
0.296742 0.329711 0.373546
0.308736 0.294170 0.397094
0.295999 0.365954 0.338046
0.324727 0.328807 0.346466
0.359824 0.297060 0.343116
0.367103 0.326301 0.306595
0.342543 0.358775 0.298682
0.366804 0.316214 0.316982
0.349184 0.366413 0.284403
0.296793 0.336785 0.366423
0.314495 0.326463 0.359043
0.360038 0.314671 0.325291
0.285436 0.332058 0.382505
0.373062 0.311933 0.315006
0.347153 0.336517 0.316330
0.325814 0.301876 0.372310
0.386676 0.290977 0.322347
0.352164 0.355155 0.292682
0.360760 0.267961 0.371279
0.347181 0.336840 0.315979
0.311350 0.372599 0.316051
0.331764 0.267075 0.401161
0.330072 0.324149 0.345779
0.272735 0.398758 0.328508
0.303900 0.389384 0.306716
0.311053 0.337232 0.351716
0.327800 0.372149 0.300050
0.314259 0.282876 0.402865
0.320354 0.332227 0.347419
0.303477 0.358799 0.337724
0.324891 0.304035 0.371075
0.348957 0.326372 0.324671
0.349962 0.345226 0.304813
0.328275 0.361396 0.310330
0.420879 0.277457 0.301664
0.331070 0.379905 0.289025
0.360980 0.273755 0.365265
0.372251 0.300980 0.326769
0.308297 0.343302 0.348401
0.324622 0.319018 0.356359
0.331006 0.315462 0.353532
0.329809 0.345857 0.324333
0.270510 0.389391 0.340100
0.398080 0.278009 0.323910
0.349057 0.338031 0.312912
0.312509 0.329854 0.357637
0.320119 0.313487 0.366394
0.311483 0.322680 0.365837
0.340588 0.321276 0.338136
0.287180 0.308900 0.403920
0.325142 0.332999 0.341860
0.315890 0.374105 0.310005
0.304201 0.304967 0.390832
0.340165 0.308975 0.350861
0.301760 0.349644 0.348596
0.299044 0.307842 0.393114
0.357681 0.295771 0.346548
0.340094 0.329131 0.330775
0.329235 0.357653 0.313112
0.380758 0.264623 0.354619
0.309143 0.405924 0.284933
0.319896 0.325519 0.354586
0.339696 0.337429 0.322875
0.350617 0.339904 0.309479
0.289917 0.303789 0.406294
0.308758 0.340884 0.350358
0.355632 0.301328 0.343040
0.305333 0.354714 0.339953
0.354661 0.291490 0.353849
0.357960 0.318610 0.323430
0.357505 0.324806 0.317689
0.303488 0.377728 0.318784
0.277568 0.363266 0.359166
0.337603 0.336190 0.326207
0.351326 0.317580 0.331094
0.332808 0.305543 0.361649
0.321019 0.373682 0.305299
0.322167 0.282132 0.395701
0.242007 0.419123 0.338870
0.361359 0.307304 0.331337
0.341298 0.276002 0.382700
0.342959 0.315415 0.341625
0.321641 0.321524 0.356835
0.331644 0.307504 0.360852
0.357771 0.328877 0.313352
0.337573 0.349482 0.312945
0.365002 0.327518 0.307480
0.310411 0.355789 0.333800
0.395901 0.258286 0.345813
0.336014 0.363649 0.300337
0.316197 0.357826 0.325977
0.320902 0.345519 0.333579
0.332768 0.304118 0.363114
0.296582 0.366249 0.337169
0.334354 0.349138 0.316508
0.380316 0.333666 0.286018
0.300541 0.345533 0.353926
0.312940 0.329572 0.357488
0.401437 0.279735 0.318827
0.354263 0.352715 0.293022
0.322514 0.335959 0.341527
0.341597 0.320460 0.337944
0.307770 0.328262 0.363968
0.306392 0.316441 0.377167
0.332932 0.325796 0.341272
0.360428 0.300308 0.339264
0.273758 0.335414 0.390827
0.344600 0.323971 0.331429
0.312753 0.307543 0.379704
0.312156 0.306154 0.381690
0.355455 0.290616 0.353929
0.337489 0.332460 0.330052
0.303264 0.326955 0.369782
0.315872 0.334295 0.349833
0.318615 0.337538 0.343847
0.279080 0.404684 0.316237
0.276094 0.338019 0.385888
0.328010 0.309626 0.362364
0.346772 0.281164 0.372064
0.339036 0.299041 0.361923
0.327306 0.310674 0.362020
0.297877 0.331270 0.370853
0.375378 0.290293 0.334329
0.345861 0.315381 0.338758
0.290760 0.309640 0.399600
0.345631 0.337309 0.317060
0.309215 0.343075 0.347709
0.310709 0.335709 0.353582
0.347076 0.329255 0.323670
0.335025 0.333961 0.331014
0.338776 0.342216 0.319008
0.308253 0.308882 0.382865
0.287874 0.318220 0.393907
0.327392 0.352392 0.320217
0.324410 0.323811 0.351779
0.327376 0.327376 0.345249
0.309592 0.359568 0.330841
0.368932 0.293932 0.337135
0.333418 0.364538 0.302044
0.357140 0.323285 0.319575
0.370249 0.307888 0.321863
0.305549 0.306301 0.388150
0.300953 0.336925 0.362123
0.324842 0.358837 0.316321
0.385665 0.302204 0.312132
0.291190 0.323592 0.385218
0.328288 0.367107 0.304605
0.373018 0.296231 0.330751
0.313650 0.321414 0.364936
0.348957 0.338074 0.312969
0.350298 0.301257 0.348445
0.285102 0.314715 0.400184
0.328763 0.331631 0.339606
0.343467 0.326916 0.329617
0.275209 0.375498 0.349293
0.307367 0.321942 0.370692
0.324634 0.374419 0.300947
0.320700 0.347017 0.332284
0.326361 0.308461 0.365178
0.327232 0.333834 0.338934
0.268963 0.303191 0.427846
0.312806 0.377131 0.310063
0.323622 0.332435 0.343943
0.321057 0.306747 0.372196
0.271077 0.354036 0.374887
0.380998 0.314951 0.304051
0.363420 0.306574 0.330006
0.334707 0.328750 0.336543
0.337108 0.359782 0.303110
0.274942 0.328234 0.396823
0.339399 0.339239 0.321362
0.318962 0.325169 0.355869
0.349318 0.330982 0.319700
0.250729 0.349628 0.399643
0.301355 0.381194 0.317451
0.337783 0.318059 0.344158
0.342613 0.340955 0.316432
0.289066 0.352970 0.357964
0.320928 0.284242 0.394831
0.367781 0.342510 0.289709
0.285335 0.366339 0.348326
0.423024 0.301109 0.275867
0.317621 0.290809 0.391570
0.315173 0.304966 0.379860
0.345489 0.322401 0.332110
0.346843 0.291172 0.361985
0.293807 0.338889 0.367305
0.347356 0.334206 0.318439
0.339106 0.297513 0.363381
0.234940 0.343883 0.421177
0.327312 0.388547 0.284141
0.356412 0.307085 0.336503
0.292885 0.339586 0.367529
0.365629 0.289149 0.345223
0.352141 0.297699 0.350160
0.303825 0.323813 0.372362
0.329367 0.336601 0.334032
0.379578 0.307433 0.312989
0.267501 0.303431 0.429068
0.330402 0.366022 0.303575
0.353499 0.336072 0.310429
0.317672 0.331233 0.351095
0.300654 0.320470 0.378876
0.338190 0.351624 0.310186
0.279407 0.294180 0.426412
0.333765 0.341588 0.324647
0.319541 0.299767 0.380692
0.252161 0.306900 0.440939
0.319221 0.390820 0.289959
0.385992 0.317058 0.296950
0.375427 0.322559 0.302014
0.329338 0.324387 0.346275
0.381377 0.305135 0.313488
0.289360 0.345486 0.365154
0.285902 0.358158 0.355940
0.312513 0.309495 0.377993
0.348051 0.332964 0.318986
0.334571 0.336333 0.329097
0.342564 0.306086 0.351351
0.337656 0.354028 0.308316
0.290607 0.394001 0.315393
0.364989 0.288268 0.346743
0.340549 0.303464 0.355987
0.321256 0.336883 0.341861
0.301697 0.295243 0.403061
0.341540 0.351625 0.306835
0.297220 0.347233 0.355547
0.359663 0.281761 0.358576
0.354386 0.326067 0.319548
0.333748 0.300381 0.365870
0.306419 0.301073 0.392508
0.352981 0.336919 0.310100
0.325492 0.369777 0.304731
0.313345 0.328228 0.358427
0.354942 0.301490 0.343569
0.377114 0.304555 0.318331
0.270667 0.400622 0.328711
0.314359 0.338964 0.346677
0.323310 0.357442 0.319248
0.303855 0.329456 0.366689
0.307275 0.373819 0.318906
0.344452 0.353668 0.301880
0.304890 0.324274 0.370837
0.291706 0.365147 0.343147
0.388759 0.283995 0.327245
0.317281 0.330024 0.352695
0.331901 0.352370 0.315729
0.410475 0.275008 0.314517
0.324541 0.356797 0.318663
0.292084 0.371559 0.336357
0.322168 0.361651 0.316181
0.288759 0.288078 0.423163
0.290329 0.339745 0.369927
0.351426 0.332583 0.315992
0.299920 0.368187 0.331894
0.292782 0.369211 0.338007
0.320986 0.333102 0.345912
0.377926 0.321661 0.300413
0.290550 0.348213 0.361238
0.345627 0.329781 0.324592
0.332065 0.290803 0.377132
0.355790 0.314525 0.329685
0.364418 0.302244 0.333338
0.358603 0.317835 0.323563
0.332651 0.336737 0.330612
0.307766 0.358265 0.333969
0.329785 0.332037 0.338178
0.366596 0.289623 0.343781
0.328278 0.269593 0.402128
0.338534 0.338170 0.323296
0.334163 0.333647 0.332191
0.294306 0.308503 0.397191
0.337796 0.340572 0.321632
0.338013 0.317807 0.344179
0.292848 0.333819 0.373333
0.370486 0.344502 0.285012
0.333439 0.342228 0.324333
0.305533 0.273446 0.421020
0.368883 0.310487 0.320630
0.309803 0.398349 0.291848
0.334005 0.316926 0.349069
0.335713 0.306949 0.357338
0.323127 0.300235 0.376637
0.309375 0.323421 0.367204
0.327229 0.342131 0.330640
0.313437 0.368796 0.317767
0.308889 0.302799 0.388311
0.430844 0.264199 0.304957
0.404718 0.271939 0.323343
0.318410 0.339641 0.341949
0.355575 0.311195 0.333231
0.343231 0.276724 0.380045
0.285360 0.394803 0.319837
0.385637 0.315748 0.298615
0.358572 0.319215 0.322214
0.326023 0.375533 0.298444
0.340700 0.286418 0.372881
0.343116 0.340272 0.316612
0.385538 0.329635 0.284827
0.336096 0.355123 0.308781
0.299803 0.306514 0.393683
0.363518 0.325673 0.310809
0.290980 0.376569 0.332452
0.346150 0.318256 0.335593
0.338583 0.353035 0.308382
0.362711 0.281662 0.355628
0.336202 0.315829 0.347969
0.292820 0.395154 0.312026
0.341063 0.335956 0.322981
0.353949 0.304710 0.341340
0.303351 0.384280 0.312369
0.301718 0.355977 0.342305
0.346367 0.351740 0.301892
0.334379 0.337617 0.328004
0.336594 0.287635 0.375772
0.335181 0.331083 0.333736
0.355593 0.304457 0.339950
0.371662 0.290059 0.338279
0.376455 0.326374 0.297171
0.327181 0.344058 0.328761
0.342521 0.330230 0.327249
0.321445 0.329235 0.349320
0.265485 0.355510 0.379006
0.341386 0.325698 0.332916
0.349333 0.328160 0.322507
0.287322 0.341980 0.370699
0.351291 0.266602 0.382108
0.322470 0.331193 0.346337
0.285728 0.384824 0.329449
0.331466 0.311328 0.357206
0.318336 0.343483 0.338181
0.299218 0.361766 0.339016
0.309019 0.322440 0.368541
0.417854 0.306655 0.275491
0.290244 0.382761 0.326995
0.317889 0.314759 0.367352
0.350587 0.357732 0.291681
0.317426 0.356686 0.325888
0.299941 0.362710 0.337349
0.344359 0.324250 0.331391
0.281614 0.339317 0.379069
0.384244 0.283237 0.332519
0.340687 0.327113 0.332200
0.313182 0.313047 0.373771
0.334559 0.327770 0.337671
0.327719 0.329037 0.343244
0.281443 0.369636 0.348921
0.339169 0.297191 0.363640
0.408750 0.307587 0.283663
0.337421 0.358277 0.304302
0.333192 0.309055 0.357753
0.350829 0.324330 0.324841
0.282232 0.337689 0.380079
0.302619 0.377166 0.320215
0.292610 0.366905 0.340485
0.358106 0.344936 0.296959
0.354860 0.301506 0.343633
0.324510 0.327918 0.347572
0.329573 0.345595 0.324831
0.359139 0.289813 0.351048
0.347939 0.326366 0.325695
0.287754 0.337326 0.374920
0.286133 0.324510 0.389357
0.308615 0.317948 0.373436
0.301328 0.384064 0.314609
