0.140872 0.136749 0.124411 0.097403 0.119562 0.122266 0.129452 0.129285
0.129931 0.110098 0.088467 0.134227 0.124005 0.111304 0.172748 0.129221
0.118365 0.109965 0.120988 0.113243 0.127411 0.109010 0.177797 0.123222
0.131888 0.130147 0.126264 0.098114 0.107487 0.131928 0.165107 0.109066
0.112634 0.114892 0.100872 0.152740 0.113747 0.160568 0.138028 0.106520
0.139088 0.151588 0.118887 0.132125 0.119253 0.087821 0.148505 0.102734
0.121865 0.134456 0.104355 0.100645 0.106048 0.184735 0.127416 0.120480
0.104622 0.117082 0.140694 0.157408 0.143915 0.122775 0.075421 0.138084
0.126102 0.141437 0.114587 0.100617 0.097576 0.207245 0.112560 0.099877
0.121689 0.119485 0.137190 0.130896 0.143388 0.108598 0.115577 0.123177
0.106738 0.106537 0.135228 0.139526 0.112209 0.138340 0.094623 0.166799
0.106922 0.097522 0.120742 0.159003 0.133102 0.144181 0.130827 0.107702
0.109271 0.105214 0.122993 0.148949 0.118523 0.137203 0.155396 0.102452
0.122097 0.113602 0.114780 0.125184 0.110248 0.133667 0.167879 0.112542
0.120747 0.108374 0.098007 0.154141 0.171220 0.102441 0.134035 0.111036
0.127950 0.124820 0.118530 0.080372 0.099170 0.150627 0.157873 0.140657
0.096387 0.112949 0.080078 0.124466 0.111015 0.170531 0.190190 0.114384
0.118855 0.104168 0.092610 0.101593 0.116778 0.162101 0.153054 0.150841
0.125408 0.114616 0.117892 0.124812 0.145968 0.160982 0.109439 0.100882
0.114997 0.113388 0.112998 0.158030 0.154964 0.135778 0.105517 0.104328
0.124347 0.111432 0.101450 0.084478 0.100417 0.165927 0.174391 0.137557
0.141532 0.114110 0.100227 0.135061 0.131895 0.150482 0.125059 0.101633
0.134444 0.110096 0.140721 0.096156 0.115327 0.120454 0.154199 0.128605
0.132935 0.106503 0.114876 0.142429 0.180852 0.121023 0.098819 0.102564
0.106599 0.123457 0.130447 0.123103 0.118385 0.121262 0.161453 0.115293
0.100080 0.143614 0.123530 0.130458 0.122579 0.154959 0.112068 0.112712
0.094536 0.101637 0.081136 0.164014 0.134647 0.155181 0.157643 0.111205
0.125746 0.128135 0.132605 0.124464 0.124906 0.127222 0.111764 0.125158
0.118277 0.136614 0.117478 0.111386 0.133997 0.122509 0.157523 0.102216
0.138456 0.125733 0.087088 0.111423 0.130615 0.167122 0.116784 0.122781
0.100143 0.126999 0.108755 0.145148 0.131336 0.178183 0.091309 0.118126
0.094074 0.119481 0.117647 0.146528 0.104376 0.173488 0.125114 0.119292
0.131129 0.105326 0.151512 0.126007 0.133268 0.118433 0.115357 0.118968
0.118769 0.121136 0.128863 0.113865 0.119281 0.125980 0.161640 0.110467
0.115656 0.149682 0.109556 0.150789 0.127866 0.116229 0.117262 0.112960
0.112090 0.114659 0.100270 0.130805 0.117979 0.191782 0.098376 0.134038
0.120953 0.131270 0.119992 0.132094 0.133608 0.135225 0.103289 0.123569
0.124204 0.124422 0.103479 0.116389 0.136456 0.120594 0.172472 0.101983
0.149835 0.143414 0.136647 0.097864 0.115282 0.152330 0.096167 0.108460
0.095245 0.107448 0.099787 0.125254 0.104919 0.179151 0.176918 0.111277
0.108310 0.123346 0.161941 0.085440 0.112861 0.146018 0.116105 0.145980
0.138689 0.105762 0.141644 0.095346 0.142648 0.130351 0.144762 0.100798
0.185300 0.107750 0.124429 0.110462 0.112705 0.103644 0.131734 0.123977
0.127061 0.130714 0.094655 0.114304 0.131056 0.130477 0.161438 0.110294
0.136671 0.123516 0.134444 0.101169 0.123702 0.122760 0.129265 0.128473
0.132927 0.141663 0.131334 0.139862 0.133111 0.097787 0.086712 0.136604
0.103951 0.114786 0.144307 0.104844 0.111921 0.109288 0.206785 0.104118
0.144831 0.143324 0.127580 0.116948 0.139407 0.108752 0.099711 0.119447
0.110200 0.106914 0.139774 0.161691 0.143302 0.106710 0.125220 0.106189
0.107733 0.135713 0.102276 0.138963 0.152463 0.137809 0.134657 0.090386
0.140668 0.107306 0.106644 0.095165 0.126286 0.126536 0.184286 0.113109
0.113515 0.091650 0.097542 0.152170 0.116728 0.123771 0.185751 0.118872
0.126138 0.137522 0.106976 0.135750 0.137304 0.127704 0.110960 0.117646
0.121661 0.124677 0.122806 0.100755 0.118718 0.164436 0.122713 0.124235
0.132089 0.124526 0.156266 0.140734 0.114789 0.091067 0.093356 0.147174
0.138660 0.134574 0.113071 0.084201 0.130971 0.126112 0.150680 0.121731
0.137219 0.135240 0.120149 0.095604 0.125796 0.112288 0.173401 0.100302
0.121433 0.125749 0.131936 0.117631 0.105813 0.197953 0.085656 0.113829
0.118261 0.131220 0.119331 0.113123 0.133647 0.134287 0.132165 0.117965
0.108475 0.102650 0.125562 0.121918 0.141210 0.153433 0.130639 0.116113
0.122980 0.095942 0.163376 0.112293 0.115064 0.106011 0.140347 0.143987
0.105162 0.118393 0.079495 0.127925 0.113283 0.184020 0.179215 0.092507
0.133818 0.169112 0.117996 0.095087 0.122032 0.117725 0.113260 0.130970
0.108329 0.107466 0.110411 0.176155 0.160981 0.099525 0.114396 0.122737
0.132430 0.134284 0.103985 0.123269 0.130703 0.119221 0.145140 0.110968
0.118209 0.115064 0.121011 0.100352 0.121920 0.122579 0.195371 0.105493
0.121177 0.097413 0.143167 0.115428 0.125489 0.133988 0.138045 0.125292
0.121696 0.110937 0.116899 0.132891 0.145667 0.156077 0.126150 0.089683
0.101587 0.141099 0.087945 0.126382 0.128187 0.143504 0.162553 0.108742
0.128946 0.140496 0.109946 0.112976 0.112918 0.101583 0.155223 0.137912
0.123901 0.119684 0.104676 0.099257 0.120083 0.126758 0.195658 0.109984
0.130809 0.135136 0.119491 0.102195 0.123439 0.124159 0.142473 0.122299
0.108569 0.112542 0.108964 0.130219 0.124546 0.133311 0.167719 0.114129
0.139233 0.133259 0.131714 0.088359 0.111216 0.136299 0.140459 0.119462
0.119247 0.118868 0.096936 0.143358 0.165855 0.083254 0.163793 0.108688
0.123983 0.126553 0.118656 0.102834 0.103233 0.151921 0.118426 0.154394
0.116046 0.116417 0.120242 0.105930 0.104322 0.137772 0.210271 0.089001
0.140574 0.151585 0.112563 0.133180 0.125514 0.116529 0.117913 0.102142
0.135784 0.108754 0.088760 0.144388 0.163591 0.149678 0.088195 0.120851
0.133397 0.108661 0.097750 0.088180 0.121715 0.186223 0.158629 0.105445
0.125387 0.135387 0.127700 0.128249 0.123730 0.098885 0.158228 0.102435
0.117676 0.115411 0.137249 0.140464 0.129536 0.130030 0.116948 0.112687
0.130208 0.124184 0.118058 0.132816 0.119863 0.136395 0.116456 0.122021
0.108544 0.101037 0.090990 0.133526 0.163923 0.092093 0.185823 0.124064
0.112589 0.119304 0.106633 0.108830 0.168519 0.137092 0.122926 0.124107
0.132967 0.123581 0.123388 0.123662 0.144209 0.127665 0.116011 0.108517
0.135969 0.130959 0.130669 0.123432 0.132414 0.106161 0.133099 0.107298
0.090367 0.114954 0.099565 0.123327 0.169233 0.179672 0.103698 0.119184
0.111752 0.117148 0.120009 0.113269 0.166270 0.123613 0.122743 0.125195
0.116970 0.120413 0.124404 0.108159 0.177347 0.122778 0.128215 0.101714
0.108264 0.111404 0.142425 0.125413 0.116757 0.148782 0.127091 0.119862
0.134358 0.119275 0.111400 0.120722 0.107492 0.163527 0.121183 0.122043
0.133675 0.119196 0.127008 0.117870 0.151556 0.120095 0.111680 0.118920
0.117091 0.129274 0.098437 0.115296 0.123635 0.126948 0.164567 0.124751
0.135160 0.132669 0.107534 0.129126 0.137686 0.119257 0.111428 0.127140
0.130127 0.124850 0.120489 0.117688 0.174389 0.112471 0.110320 0.109666
0.117679 0.115525 0.108219 0.108164 0.169897 0.130399 0.133267 0.116850
0.114845 0.131503 0.097540 0.120395 0.127026 0.137727 0.163510 0.107455
0.134225 0.120525 0.092392 0.103992 0.152153 0.156543 0.158609 0.081561
0.160129 0.119670 0.116617 0.150892 0.135240 0.099954 0.110016 0.107483
0.147302 0.141623 0.148689 0.116648 0.110240 0.108645 0.082186 0.144667
0.131407 0.127697 0.132439 0.113028 0.139818 0.118116 0.117681 0.119815
0.093052 0.100119 0.113263 0.128052 0.141043 0.131129 0.170073 0.123268
0.121967 0.131308 0.154542 0.113244 0.125793 0.111854 0.139666 0.101627
0.158338 0.160456 0.112282 0.097491 0.127607 0.089560 0.146870 0.107395
0.129941 0.116541 0.120392 0.111566 0.132591 0.163782 0.110400 0.114785
0.130131 0.126138 0.133537 0.131955 0.103352 0.127311 0.107795 0.139781
0.124267 0.125648 0.137449 0.106928 0.090624 0.162085 0.140977 0.112022
0.111024 0.095060 0.118271 0.117547 0.118576 0.114622 0.215484 0.109415
0.100802 0.089649 0.125855 0.105005 0.127966 0.186420 0.134705 0.129597
0.135917 0.121805 0.112231 0.085619 0.117277 0.158217 0.154426 0.114507
0.092194 0.102194 0.107237 0.150661 0.143938 0.134587 0.156876 0.112313
0.116515 0.111742 0.131023 0.114794 0.136715 0.112931 0.156913 0.119367
0.132113 0.134972 0.114865 0.112725 0.130309 0.119023 0.134137 0.121855
0.082259 0.105774 0.088982 0.101742 0.162396 0.119856 0.196991 0.142000
0.115949 0.106063 0.111660 0.154515 0.151591 0.119380 0.116722 0.124119
0.103543 0.132629 0.110055 0.133765 0.140326 0.148812 0.131818 0.099052
0.120468 0.141005 0.114113 0.122043 0.144395 0.112836 0.108827 0.136312
0.121381 0.109126 0.108275 0.131831 0.134859 0.114999 0.163846 0.115684
0.136286 0.137657 0.123866 0.113368 0.143928 0.109483 0.112503 0.122909
0.102733 0.119467 0.101470 0.135213 0.150718 0.124836 0.148974 0.116590
0.123786 0.122507 0.112518 0.133869 0.131972 0.118057 0.141046 0.116243
0.133550 0.113026 0.105319 0.095478 0.161558 0.124533 0.158780 0.107757
0.138761 0.120486 0.125297 0.098827 0.118787 0.120677 0.147837 0.129328
0.129670 0.117552 0.123708 0.126896 0.114990 0.124976 0.125258 0.136949
0.139467 0.101875 0.129124 0.107699 0.130008 0.156763 0.122755 0.112309
0.137137 0.130774 0.143076 0.119307 0.119692 0.118910 0.102028 0.129077
0.130181 0.107209 0.126966 0.091294 0.136272 0.091547 0.151189 0.165342
0.140856 0.124108 0.122067 0.113217 0.125679 0.121590 0.125703 0.126779
0.117244 0.138254 0.128581 0.114809 0.115799 0.122841 0.095229 0.167243
0.133510 0.120898 0.134146 0.108969 0.125087 0.119466 0.127437 0.130486
0.109453 0.143814 0.112488 0.135611 0.133581 0.159385 0.097747 0.107922
0.123653 0.138846 0.108360 0.127705 0.143058 0.137626 0.095697 0.125055
0.114506 0.092072 0.121130 0.149346 0.126697 0.108676 0.170237 0.117336
0.108023 0.139056 0.111136 0.134999 0.138350 0.153259 0.099447 0.115730
0.129269 0.114846 0.118949 0.120590 0.142967 0.122881 0.140934 0.109564
0.117922 0.131519 0.103833 0.161939 0.135033 0.098007 0.133363 0.118384
0.101224 0.117258 0.092475 0.115821 0.115352 0.093676 0.205683 0.158511
0.098790 0.104252 0.139570 0.113239 0.122398 0.118608 0.154369 0.148773
0.114510 0.132046 0.125426 0.147972 0.126949 0.133659 0.120340 0.099098
0.104179 0.098762 0.145404 0.134079 0.141420 0.094315 0.140378 0.141463
0.115737 0.110424 0.127582 0.105117 0.117058 0.139280 0.178411 0.106391
0.129894 0.110217 0.111998 0.133801 0.146235 0.116533 0.134826 0.116496
0.116351 0.100023 0.141641 0.105965 0.132798 0.104551 0.129580 0.169091
0.143018 0.106236 0.129892 0.098808 0.142104 0.120259 0.161606 0.098078
0.155805 0.117939 0.112452 0.098325 0.118458 0.131576 0.161838 0.103606
0.123669 0.130599 0.134577 0.115903 0.117029 0.124449 0.117174 0.136600
0.119066 0.111712 0.106710 0.107121 0.125971 0.145922 0.144343 0.139155
0.154682 0.139077 0.123766 0.101523 0.105668 0.136452 0.120414 0.118419
0.124611 0.137016 0.128202 0.134275 0.123791 0.141347 0.084680 0.126077
0.135847 0.131939 0.110609 0.120200 0.132353 0.095401 0.158458 0.115194
0.121318 0.117360 0.110156 0.126724 0.128536 0.179953 0.121323 0.094630
0.134036 0.123083 0.134374 0.119291 0.129421 0.134570 0.093840 0.131385
0.144992 0.098155 0.148147 0.128741 0.162297 0.089801 0.108874 0.118992
0.123326 0.135613 0.101733 0.115725 0.115469 0.121344 0.181810 0.104980
0.122718 0.137033 0.102609 0.177937 0.091077 0.135070 0.104324 0.129232
0.110322 0.101144 0.123008 0.124642 0.112089 0.122908 0.178645 0.127242
0.105688 0.136138 0.102322 0.142429 0.170872 0.117080 0.123389 0.102082
0.105256 0.119138 0.125515 0.143946 0.194666 0.099286 0.099550 0.112642
0.112073 0.104684 0.147728 0.109657 0.133457 0.142134 0.136453 0.113814
0.117248 0.134904 0.105509 0.123269 0.134118 0.110048 0.164417 0.110486
0.124537 0.117591 0.134102 0.117015 0.129996 0.121389 0.140072 0.115297
0.128841 0.104277 0.147097 0.094299 0.126082 0.136058 0.140669 0.122677
0.135041 0.136057 0.087675 0.091750 0.133013 0.140694 0.168436 0.107334
0.118917 0.133406 0.141961 0.101996 0.115175 0.155236 0.117357 0.115953
0.114064 0.115745 0.142294 0.131295 0.138880 0.114212 0.111312 0.132198
0.150210 0.140028 0.113257 0.121529 0.127917 0.116381 0.103845 0.126833
0.138911 0.136010 0.109057 0.119517 0.141574 0.138730 0.110696 0.105505
0.144186 0.104524 0.117842 0.139423 0.130631 0.109670 0.128343 0.125380
0.131642 0.122331 0.104040 0.135715 0.135799 0.168728 0.104374 0.097371
0.128950 0.116407 0.096447 0.131373 0.132299 0.123728 0.168370 0.102424
0.147195 0.100907 0.123754 0.136342 0.130989 0.133388 0.114838 0.112588
0.139833 0.106650 0.134819 0.112943 0.138808 0.108097 0.134786 0.124065
0.132019 0.101036 0.123381 0.115197 0.117266 0.175311 0.107080 0.128710
0.099930 0.124174 0.132159 0.131849 0.105411 0.117868 0.151075 0.137534
0.138651 0.125723 0.123129 0.117199 0.129360 0.106398 0.130753 0.128787
0.115402 0.125073 0.116691 0.184305 0.168497 0.105529 0.084110 0.100393
0.103138 0.120727 0.119827 0.121585 0.131912 0.108892 0.168791 0.125129
0.137745 0.126023 0.113697 0.125280 0.129892 0.127108 0.117873 0.122382
0.106996 0.108480 0.122665 0.138708 0.163201 0.085773 0.110216 0.163961
0.108717 0.123897 0.106814 0.126316 0.148675 0.124598 0.152922 0.108062
0.132178 0.130336 0.100846 0.111744 0.134696 0.103204 0.164151 0.122847
0.123066 0.112767 0.125866 0.105401 0.131207 0.119178 0.154855 0.127660
0.109589 0.117072 0.113868 0.140740 0.134565 0.184954 0.080254 0.118958
0.139834 0.106014 0.109071 0.114995 0.129922 0.087332 0.207176 0.105657
0.148345 0.120079 0.100746 0.102571 0.146902 0.159359 0.106850 0.115150
0.115151 0.152285 0.101207 0.142128 0.149961 0.121635 0.096842 0.120789
0.118995 0.124324 0.086921 0.102335 0.116932 0.174946 0.179062 0.096486
0.120178 0.108815 0.116746 0.099000 0.104625 0.133881 0.185406 0.131349
0.125165 0.098539 0.144421 0.108361 0.110542 0.153304 0.156116 0.103552
0.125378 0.111792 0.093869 0.135945 0.140567 0.116728 0.107980 0.167742
0.129002 0.122172 0.137622 0.099228 0.126797 0.081957 0.199675 0.103547
0.133659 0.133188 0.113009 0.133104 0.144954 0.121658 0.102069 0.118359
0.127354 0.110119 0.119891 0.116091 0.123674 0.135184 0.156936 0.110752
0.122958 0.144258 0.119175 0.127125 0.138194 0.091803 0.120847 0.135640
0.104088 0.126338 0.114140 0.120314 0.136967 0.164434 0.112379 0.121340
0.123622 0.143369 0.141815 0.109398 0.114729 0.139440 0.119222 0.108405
0.094505 0.115496 0.130054 0.112966 0.152635 0.132827 0.123894 0.137624
0.104628 0.089713 0.150061 0.112942 0.179214 0.138095 0.096375 0.128973
0.139945 0.105024 0.101597 0.115538 0.124281 0.158999 0.100121 0.154495
0.123503 0.101422 0.133930 0.124697 0.139675 0.126675 0.128079 0.122018
0.123520 0.142019 0.127458 0.100371 0.130748 0.127919 0.101863 0.146102
0.128942 0.122654 0.112545 0.120737 0.131235 0.135964 0.115642 0.132279
0.145002 0.121057 0.108563 0.119582 0.136618 0.109990 0.129293 0.129895
0.127104 0.138772 0.158540 0.126941 0.124345 0.117541 0.089449 0.117309
0.142641 0.140472 0.102030 0.161248 0.114373 0.128189 0.104061 0.106986
0.125185 0.128201 0.099861 0.100075 0.130498 0.166747 0.138398 0.111036
0.131613 0.139460 0.115356 0.129548 0.165357 0.088300 0.114005 0.116361
0.125148 0.111092 0.113787 0.114544 0.137566 0.109913 0.176984 0.110966
0.123138 0.109423 0.115602 0.112520 0.134323 0.126363 0.111373 0.167259
0.124106 0.133217 0.117955 0.131345 0.124193 0.168454 0.100249 0.100481
0.123630 0.095860 0.116663 0.146010 0.186262 0.109615 0.105319 0.116641
0.126786 0.104050 0.089664 0.110912 0.185925 0.128785 0.142974 0.110903
0.123785 0.115435 0.095260 0.093814 0.178173 0.156888 0.106284 0.130360
0.126512 0.130457 0.132423 0.124678 0.134637 0.118699 0.115035 0.117559
0.131205 0.108502 0.115623 0.129511 0.119294 0.115799 0.182764 0.097302
0.126206 0.120208 0.129636 0.096925 0.123083 0.161901 0.118307 0.123734
0.116338 0.139146 0.140579 0.134801 0.133987 0.121571 0.110788 0.102789
0.122337 0.107845 0.089254 0.098567 0.121130 0.130782 0.168337 0.161748
0.137573 0.142942 0.118322 0.110758 0.122764 0.106908 0.130612 0.130122
0.105399 0.116015 0.122742 0.118056 0.101908 0.121221 0.186727 0.127933
0.129452 0.137656 0.127170 0.132285 0.148710 0.108119 0.093065 0.123543
0.119444 0.145740 0.114648 0.139102 0.164575 0.109429 0.099140 0.107921
0.137711 0.132829 0.129051 0.155495 0.117288 0.114160 0.101035 0.112431
0.131449 0.122205 0.119673 0.118135 0.119024 0.104153 0.145462 0.139898
0.126086 0.123398 0.109209 0.166308 0.139164 0.116860 0.114509 0.104467
0.133581 0.133733 0.120236 0.137431 0.142874 0.116181 0.102049 0.113916
0.122720 0.120423 0.103861 0.101227 0.133824 0.116136 0.133540 0.168268
0.132987 0.131251 0.140234 0.103510 0.136780 0.118213 0.135155 0.101871
0.119754 0.120737 0.118750 0.118153 0.122930 0.154287 0.127656 0.117733
0.127032 0.097841 0.111255 0.148989 0.140755 0.136551 0.135561 0.102015
0.142595 0.100488 0.119935 0.095791 0.104141 0.159194 0.164801 0.113055
0.134205 0.119824 0.146812 0.116974 0.111358 0.130625 0.121625 0.118577
0.132780 0.111575 0.139458 0.119474 0.105330 0.112444 0.164140 0.114798
0.125997 0.130766 0.111252 0.139282 0.142985 0.100194 0.125953 0.123570
0.133639 0.123388 0.123962 0.117929 0.113591 0.116556 0.158949 0.111987
0.124479 0.120452 0.112552 0.110769 0.104973 0.136284 0.173343 0.117148
0.123284 0.116931 0.106117 0.135033 0.162065 0.081004 0.144937 0.130628
0.123711 0.103150 0.132639 0.143897 0.114042 0.134175 0.116870 0.131516
0.126157 0.161108 0.103141 0.116476 0.113850 0.157644 0.099164 0.122460
0.118695 0.137727 0.137289 0.099989 0.119848 0.092023 0.171196 0.123233
0.114874 0.109815 0.122286 0.121712 0.132440 0.156650 0.115579 0.126645
0.166131 0.124526 0.104025 0.117446 0.125383 0.105649 0.121154 0.135687
0.127073 0.104820 0.101563 0.163724 0.132654 0.161683 0.104512 0.103973
0.126716 0.130691 0.134589 0.120510 0.121620 0.116080 0.122573 0.127222
0.140984 0.121903 0.126642 0.109662 0.146638 0.128818 0.102830 0.122524
0.134286 0.113588 0.134748 0.108941 0.150304 0.130480 0.113690 0.113964
0.110956 0.122750 0.116398 0.119136 0.135626 0.116478 0.177309 0.101347
0.111078 0.106247 0.124853 0.115302 0.145885 0.122317 0.163653 0.110666
0.136030 0.144122 0.103162 0.131097 0.115187 0.112492 0.132755 0.125155
0.118482 0.129918 0.132483 0.128314 0.118146 0.130816 0.101905 0.139937
0.124774 0.105969 0.127173 0.104907 0.113242 0.166503 0.148839 0.108592
0.120768 0.140813 0.110108 0.120767 0.134459 0.109208 0.131357 0.132521
0.107302 0.146646 0.148023 0.107378 0.120706 0.127363 0.111612 0.130971
0.116292 0.144936 0.133229 0.111413 0.127653 0.145628 0.119037 0.101812
0.121781 0.128638 0.122913 0.096266 0.142768 0.131922 0.129894 0.125819
0.109851 0.119155 0.138937 0.137862 0.131118 0.115108 0.108978 0.138991
0.131596 0.113135 0.121181 0.127832 0.141295 0.120616 0.098583 0.145762
0.120658 0.135450 0.103209 0.144083 0.132577 0.120431 0.118311 0.125281
0.121580 0.114243 0.108610 0.146443 0.128028 0.127241 0.129604 0.124251
0.124265 0.122503 0.092039 0.116129 0.141789 0.136422 0.144400 0.122453
0.132043 0.113622 0.115414 0.150818 0.124367 0.099222 0.142862 0.121653
0.142217 0.122871 0.132374 0.124676 0.119408 0.122646 0.112896 0.122913
0.146370 0.120796 0.139000 0.109771 0.120926 0.125232 0.120796 0.117108
0.138164 0.111764 0.115501 0.097796 0.144496 0.132187 0.146063 0.114030
0.112780 0.098479 0.089948 0.124692 0.139390 0.106504 0.239829 0.088378
0.101263 0.105008 0.123380 0.154169 0.134410 0.084519 0.178026 0.119226
0.131900 0.146337 0.104607 0.108659 0.112853 0.143285 0.129809 0.122550
0.127505 0.139544 0.122918 0.121759 0.125901 0.097666 0.155875 0.108833
0.124273 0.113778 0.105867 0.112905 0.125623 0.099775 0.159235 0.158545
0.130687 0.096962 0.122988 0.102214 0.128900 0.134471 0.152345 0.131434
0.113948 0.105141 0.143859 0.118794 0.131450 0.145967 0.137143 0.103698
0.095895 0.141115 0.095926 0.096834 0.121905 0.172914 0.171405 0.104005
0.099837 0.150856 0.134979 0.107496 0.140339 0.134007 0.128596 0.103889
0.120716 0.124268 0.125230 0.125337 0.121214 0.117674 0.163873 0.101689
0.126584 0.168924 0.085184 0.117066 0.127075 0.140883 0.109794 0.124489
0.123008 0.133478 0.112304 0.116737 0.107752 0.192012 0.088757 0.125952
0.129015 0.115848 0.107148 0.144241 0.144607 0.099808 0.127537 0.131795
0.094232 0.117410 0.108732 0.128131 0.134795 0.149666 0.156176 0.110858
0.113227 0.117989 0.118619 0.133234 0.122380 0.112911 0.165142 0.116498
0.134854 0.114902 0.124980 0.129765 0.120192 0.126729 0.111910 0.136669
0.118245 0.129907 0.135608 0.139824 0.120549 0.111193 0.123159 0.121515
0.136363 0.108085 0.110006 0.099415 0.132879 0.159474 0.145433 0.108345
0.143724 0.095797 0.123863 0.103335 0.131773 0.121947 0.177513 0.102047
0.117212 0.144085 0.078088 0.109429 0.143412 0.125065 0.179068 0.103641
0.127317 0.135455 0.122921 0.120281 0.123079 0.140066 0.105403 0.125478
0.124500 0.102764 0.146111 0.120395 0.118928 0.100967 0.180088 0.106247
0.119857 0.114357 0.096642 0.089442 0.119900 0.107111 0.202560 0.150131
0.120835 0.104541 0.163440 0.098783 0.120613 0.120608 0.159028 0.112152
0.142828 0.104774 0.144241 0.104340 0.135252 0.127322 0.127241 0.114002
0.132230 0.125370 0.113665 0.123275 0.133599 0.124776 0.109167 0.137919
0.100610 0.109319 0.111072 0.089534 0.138885 0.131627 0.227612 0.091340
0.139917 0.116152 0.152433 0.144392 0.117770 0.119615 0.098873 0.110847
0.141852 0.135753 0.105986 0.127033 0.120349 0.125651 0.130471 0.112905
0.131437 0.171219 0.104638 0.110780 0.102823 0.132282 0.130032 0.116789
0.108125 0.112168 0.141282 0.115360 0.124916 0.082578 0.160132 0.155441
0.102673 0.129626 0.110136 0.123025 0.123723 0.103442 0.190581 0.116793
0.126653 0.132803 0.123546 0.133619 0.119178 0.125056 0.109748 0.129398
0.124291 0.113228 0.120342 0.119746 0.162014 0.112901 0.110938 0.136539
0.130053 0.135612 0.114606 0.126534 0.144070 0.125144 0.103616 0.120367
0.124885 0.102458 0.101204 0.119304 0.118137 0.140440 0.162701 0.130872
0.125383 0.141290 0.118347 0.128537 0.147191 0.096793 0.125255 0.117204
0.128400 0.125346 0.106148 0.128092 0.177652 0.118884 0.126435 0.089043
0.150121 0.123395 0.116297 0.113406 0.132809 0.121885 0.116422 0.125666
0.129801 0.148997 0.142616 0.108427 0.146107 0.111158 0.104273 0.108621
0.109790 0.119182 0.111365 0.128470 0.132723 0.116991 0.157763 0.123717
0.102000 0.098726 0.103671 0.124228 0.115132 0.146020 0.173854 0.136369
0.142988 0.126193 0.139069 0.100303 0.146491 0.096032 0.129976 0.118948
0.139075 0.103331 0.126353 0.129553 0.141252 0.127774 0.121383 0.111278
0.138325 0.131251 0.107892 0.116276 0.101046 0.105877 0.184088 0.115246
0.114408 0.142239 0.107191 0.094950 0.110163 0.088617 0.219506 0.122926
0.112861 0.102260 0.144544 0.113050 0.144804 0.131410 0.137809 0.113262
0.121029 0.110622 0.112831 0.134544 0.135291 0.106658 0.163537 0.115488
0.101506 0.107656 0.092524 0.099925 0.162350 0.136146 0.186354 0.113539
0.107652 0.128561 0.079287 0.120264 0.134061 0.140282 0.157101 0.132792
0.108725 0.109881 0.115417 0.154299 0.121814 0.138115 0.118002 0.133748
0.130339 0.127654 0.119632 0.103254 0.119709 0.121291 0.164808 0.113314
0.124913 0.144300 0.137520 0.104617 0.128294 0.134186 0.122776 0.103394
0.125890 0.128508 0.111717 0.106316 0.107101 0.124855 0.166643 0.128969
0.110444 0.135252 0.092707 0.104725 0.147640 0.103897 0.156645 0.148691
0.141060 0.127150 0.092953 0.134177 0.147609 0.116870 0.141320 0.098859
0.162065 0.099063 0.125744 0.121107 0.099237 0.161001 0.119025 0.112758
0.119821 0.115375 0.114689 0.128174 0.159529 0.110062 0.137487 0.114863
0.131119 0.135463 0.111340 0.098975 0.126706 0.123452 0.138582 0.134362
0.141931 0.138889 0.120910 0.116348 0.131994 0.121732 0.103405 0.124792
0.113953 0.120706 0.107045 0.105960 0.125984 0.173014 0.141612 0.111725
0.124096 0.114165 0.119087 0.119818 0.143365 0.111108 0.157688 0.110675
0.131863 0.114972 0.115379 0.115977 0.125316 0.180408 0.108484 0.107601
0.123413 0.125276 0.099379 0.120957 0.133617 0.121479 0.143619 0.132258
0.120905 0.118659 0.109607 0.118060 0.149361 0.105254 0.154443 0.123712
0.124630 0.114820 0.117538 0.141938 0.138373 0.097337 0.144086 0.121280
0.125973 0.120528 0.167181 0.104605 0.139385 0.153238 0.097725 0.091365
0.117115 0.104610 0.121574 0.107650 0.142183 0.163878 0.128771 0.114220
0.136577 0.161582 0.088798 0.106653 0.123014 0.126014 0.129324 0.128037
0.150077 0.150237 0.116775 0.106985 0.135573 0.116429 0.107732 0.116193
0.136444 0.106853 0.126024 0.125266 0.139691 0.121242 0.124140 0.120340
0.131128 0.120951 0.125477 0.094204 0.151698 0.121002 0.108413 0.147126
0.125793 0.142170 0.130222 0.118387 0.139685 0.116550 0.114504 0.112689
0.139176 0.131390 0.111165 0.117061 0.125858 0.106298 0.165294 0.103757
0.158108 0.126949 0.123691 0.115278 0.128914 0.110202 0.107896 0.128963
0.130244 0.122179 0.142812 0.116015 0.112699 0.122703 0.130032 0.123317
0.122538 0.125162 0.140708 0.164256 0.140128 0.098942 0.098675 0.109592
0.103272 0.141282 0.093591 0.144336 0.140296 0.125661 0.135903 0.115658
0.126374 0.128044 0.111856 0.115994 0.138545 0.152202 0.116177 0.110808
0.100329 0.095058 0.097012 0.153149 0.139503 0.170932 0.155238 0.088779
0.112422 0.123354 0.108469 0.117680 0.130320 0.124765 0.151369 0.131620
0.106989 0.136279 0.124454 0.138314 0.143744 0.128842 0.109424 0.111954
0.124946 0.120769 0.137634 0.137355 0.117963 0.102088 0.134795 0.124450
0.128530 0.119874 0.105908 0.117541 0.128665 0.139412 0.132058 0.128013
0.107043 0.132665 0.117734 0.124792 0.168252 0.112711 0.126786 0.110018
0.137765 0.148935 0.137916 0.102848 0.137467 0.117712 0.095415 0.121941
0.125275 0.117835 0.106669 0.095028 0.115547 0.157201 0.151306 0.131140
0.146057 0.139642 0.125194 0.112856 0.137986 0.105755 0.111044 0.121467
0.121650 0.115461 0.110436 0.131072 0.151394 0.139454 0.129307 0.101225
0.147729 0.107589 0.124618 0.103280 0.142671 0.127513 0.121634 0.124967
0.100521 0.147374 0.089157 0.102433 0.127782 0.137900 0.172931 0.121903
0.126218 0.128902 0.090291 0.116848 0.140736 0.131146 0.161921 0.103938
0.175092 0.138495 0.103948 0.115885 0.130132 0.102094 0.119762 0.114592
0.125343 0.113301 0.113192 0.142282 0.157163 0.103901 0.121142 0.123676
0.144238 0.098267 0.105787 0.130648 0.116850 0.128932 0.170898 0.104382
0.126722 0.116693 0.118374 0.111542 0.122025 0.115137 0.187212 0.102296
0.130208 0.123806 0.122475 0.122132 0.148008 0.134469 0.101468 0.117433
0.122734 0.120492 0.092622 0.139951 0.126310 0.147193 0.138660 0.112039
0.135112 0.145734 0.129084 0.108515 0.128657 0.096770 0.118495 0.137634
0.131014 0.154535 0.118579 0.111791 0.125845 0.118342 0.102247 0.137647
0.117215 0.140483 0.112505 0.148554 0.141141 0.118465 0.126447 0.095190
0.128414 0.127982 0.096805 0.116309 0.120579 0.153051 0.156316 0.100544
0.099796 0.097945 0.137456 0.170974 0.124275 0.105977 0.156039 0.107538
0.114335 0.109294 0.081649 0.153485 0.154053 0.128616 0.167949 0.090619
0.119915 0.112256 0.138541 0.111977 0.117873 0.146623 0.121895 0.130919
0.100811 0.127823 0.151498 0.106796 0.132886 0.120121 0.132754 0.127311
0.114062 0.124500 0.095048 0.119375 0.140555 0.130522 0.156028 0.119909
0.114473 0.115750 0.118606 0.100289 0.148042 0.133685 0.167933 0.101222
0.135219 0.144143 0.129000 0.101529 0.127479 0.104260 0.126111 0.132258
0.140723 0.121124 0.101488 0.121479 0.114304 0.141563 0.119047 0.140271
0.138821 0.135907 0.099934 0.114213 0.143685 0.123925 0.138097 0.105418
0.149294 0.145832 0.134717 0.101691 0.118540 0.102434 0.115520 0.131972
0.131386 0.078853 0.128279 0.142241 0.128432 0.164965 0.102066 0.123779
0.130429 0.097693 0.116864 0.123103 0.148106 0.155505 0.123832 0.104467
0.112675 0.113671 0.144290 0.086427 0.140682 0.169628 0.124710 0.107918
0.149127 0.109727 0.108696 0.149863 0.167599 0.112632 0.093600 0.108757
0.123675 0.132611 0.100561 0.105001 0.114592 0.148226 0.158575 0.116759
0.142002 0.114622 0.128436 0.127242 0.110344 0.132865 0.111118 0.133371
0.152669 0.128776 0.115954 0.126017 0.106962 0.125338 0.106275 0.138009
0.149113 0.102570 0.101026 0.141510 0.168158 0.115043 0.123574 0.099006
0.126773 0.100988 0.104449 0.132796 0.133829 0.182854 0.111492 0.106820
0.121336 0.114475 0.116727 0.146323 0.119633 0.123356 0.139033 0.119116
0.121285 0.104083 0.108054 0.139284 0.160312 0.131260 0.128034 0.107688
0.120748 0.131845 0.107456 0.101570 0.153928 0.125597 0.134074 0.124782
0.139125 0.104021 0.128322 0.113021 0.138758 0.104861 0.162801 0.109090
0.093446 0.112862 0.107619 0.112041 0.126507 0.114044 0.204007 0.129474
0.118465 0.130810 0.119900 0.123395 0.149186 0.148834 0.107526 0.101883
0.153570 0.124572 0.115801 0.115522 0.120164 0.119047 0.115327 0.135996
0.102155 0.111165 0.115389 0.104637 0.131057 0.131078 0.163379 0.141140
0.126729 0.126109 0.108024 0.108538 0.131962 0.114642 0.168017 0.115979
0.131086 0.123284 0.111366 0.130005 0.124345 0.117953 0.132600 0.129361
0.138429 0.180559 0.116140 0.099419 0.116088 0.111577 0.113880 0.123907
0.124249 0.113624 0.108375 0.092688 0.124279 0.150453 0.190090 0.096242
0.139648 0.133600 0.122180 0.132251 0.131974 0.126601 0.099923 0.113822
0.137866 0.161018 0.099764 0.100735 0.095900 0.116410 0.162152 0.126156
0.129147 0.123774 0.142174 0.141996 0.126036 0.131226 0.093409 0.112238
0.141966 0.103396 0.107058 0.141496 0.130224 0.122652 0.149295 0.103913
0.143564 0.111802 0.139454 0.130695 0.113606 0.129500 0.115317 0.116062
0.129898 0.095948 0.116174 0.128527 0.146173 0.122893 0.154520 0.105867
0.114435 0.110894 0.108936 0.117960 0.118358 0.132183 0.178966 0.118267
0.119370 0.132443 0.119754 0.132980 0.125798 0.125063 0.125758 0.118835
0.124361 0.122473 0.117956 0.124108 0.134077 0.125159 0.129002 0.122865
0.141493 0.099258 0.117714 0.142691 0.169368 0.105518 0.094305 0.129653
0.119579 0.146836 0.104716 0.117023 0.120792 0.103629 0.160373 0.127052
0.121124 0.110907 0.134466 0.124793 0.133884 0.117648 0.124354 0.132824
0.110270 0.100356 0.144321 0.141088 0.171351 0.093111 0.095914 0.143589
0.106644 0.119570 0.121844 0.129664 0.140788 0.133341 0.137448 0.110701
0.119038 0.121188 0.128307 0.115521 0.129230 0.125866 0.126716 0.134134
0.123721 0.141168 0.106897 0.098056 0.115272 0.130585 0.136286 0.148015
0.141705 0.138346 0.098216 0.122670 0.130218 0.138011 0.116196 0.114638
0.143461 0.136695 0.105357 0.104712 0.107717 0.150176 0.145778 0.106105
0.142284 0.100067 0.104356 0.130899 0.167890 0.119695 0.120115 0.114694
0.157326 0.135036 0.112861 0.113824 0.141803 0.111467 0.110656 0.117027
0.114665 0.127578 0.096293 0.134735 0.119559 0.158599 0.136343 0.112228
0.149419 0.103375 0.103930 0.157770 0.142453 0.137363 0.088040 0.117650
0.130876 0.136838 0.115829 0.140151 0.136564 0.117409 0.113566 0.108767
0.119989 0.126727 0.136996 0.128458 0.126970 0.166399 0.091250 0.103212
0.134606 0.107816 0.112542 0.131541 0.131210 0.136740 0.113909 0.131636
0.114531 0.134339 0.115913 0.107452 0.121847 0.099303 0.176421 0.130194
0.185070 0.133936 0.128178 0.110802 0.118312 0.098407 0.089137 0.136157
0.131101 0.093465 0.092589 0.134438 0.153638 0.159566 0.116694 0.118510
0.136230 0.141143 0.114244 0.123870 0.135927 0.111211 0.131803 0.105572
0.095965 0.108977 0.138567 0.137330 0.122330 0.130593 0.161553 0.104685
0.099499 0.092914 0.131599 0.176628 0.132298 0.131731 0.118225 0.117105
0.122387 0.125940 0.109582 0.145082 0.143640 0.113494 0.124157 0.115719
0.172494 0.128701 0.134003 0.109652 0.108731 0.115319 0.113294 0.117807
0.151772 0.121460 0.108858 0.118688 0.131115 0.120842 0.111818 0.135447
0.132888 0.144829 0.098395 0.131668 0.113011 0.110759 0.141204 0.127246
0.140810 0.121336 0.102483 0.138305 0.130708 0.157552 0.104560 0.104246
0.114529 0.109959 0.138529 0.122026 0.129338 0.138129 0.114746 0.132744
0.135342 0.121144 0.106265 0.114541 0.145998 0.114644 0.135011 0.127055
0.106521 0.112470 0.131141 0.133778 0.147289 0.139990 0.101387 0.127424
0.120959 0.123311 0.152378 0.139862 0.131738 0.093819 0.103671 0.134262
0.130124 0.122525 0.111556 0.108897 0.108949 0.151858 0.144875 0.121214
0.123145 0.133000 0.146958 0.105283 0.131689 0.104695 0.125071 0.130158
0.128829 0.125817 0.104447 0.123608 0.147675 0.098736 0.159513 0.111376
0.135474 0.136463 0.120539 0.109874 0.116664 0.157370 0.112315 0.111301
0.132180 0.113883 0.101642 0.139268 0.136418 0.157336 0.081932 0.137341
0.125202 0.115549 0.113572 0.111627 0.124967 0.146238 0.126472 0.136374
0.116979 0.140791 0.096133 0.124810 0.156349 0.098724 0.160043 0.106171
0.125723 0.103443 0.113293 0.132238 0.149364 0.172250 0.104993 0.098697
0.136523 0.114826 0.127051 0.129256 0.132886 0.140533 0.109410 0.109514
0.124457 0.125918 0.115163 0.135149 0.137723 0.123223 0.105414 0.132954
0.153523 0.091915 0.144352 0.109841 0.103921 0.112620 0.152054 0.131774
0.136970 0.142847 0.119693 0.114701 0.133084 0.148798 0.105372 0.098536
0.116612 0.164833 0.105449 0.145640 0.125175 0.103190 0.110512 0.128590
0.131971 0.110412 0.099469 0.181464 0.141902 0.102720 0.102090 0.129972
0.110096 0.114397 0.093635 0.152795 0.159324 0.121977 0.116159 0.131617
0.123504 0.109040 0.100504 0.152808 0.151477 0.100914 0.144409 0.117344
0.116125 0.146924 0.124745 0.120820 0.118003 0.152011 0.100158 0.121215
0.123190 0.158991 0.100011 0.115471 0.121492 0.123257 0.141944 0.115644
0.146872 0.141229 0.102471 0.139754 0.145220 0.110794 0.105567 0.108094
0.141542 0.127145 0.102160 0.118146 0.169310 0.105063 0.116482 0.120153
0.118501 0.129789 0.134625 0.114748 0.121499 0.129564 0.134213 0.117061
0.131272 0.142446 0.110551 0.091505 0.099493 0.131032 0.155037 0.138665
0.137892 0.133410 0.124226 0.133267 0.133381 0.114859 0.111367 0.111599
0.126077 0.126046 0.179622 0.121555 0.109401 0.129049 0.096876 0.111374
0.138930 0.127746 0.156187 0.094388 0.100301 0.105005 0.091329 0.186114
0.113344 0.119690 0.165545 0.104649 0.135710 0.141229 0.106577 0.113256
0.137169 0.124660 0.102477 0.127985 0.153368 0.141233 0.108070 0.105039
0.141778 0.123866 0.104640 0.116369 0.116859 0.103769 0.161538 0.131181
0.128642 0.104012 0.121699 0.112853 0.128579 0.113971 0.166850 0.123395
0.143548 0.107817 0.100365 0.113067 0.146972 0.122563 0.167911 0.097756
0.129144 0.107803 0.116430 0.116270 0.140725 0.127851 0.146142 0.115634
0.137753 0.125000 0.103082 0.128781 0.141901 0.112114 0.145902 0.105467
0.102551 0.129777 0.110268 0.093720 0.173843 0.121328 0.159655 0.108858
0.115101 0.119934 0.117507 0.122012 0.125288 0.105456 0.163545 0.131155
0.127497 0.118885 0.101894 0.121115 0.122619 0.122357 0.154455 0.131177
0.100540 0.160131 0.104660 0.100335 0.143585 0.126608 0.164205 0.099934
0.124338 0.145472 0.173928 0.126409 0.129557 0.098268 0.099639 0.102389
0.147452 0.126351 0.124847 0.102087 0.148698 0.101910 0.115648 0.133007
0.131723 0.105683 0.111366 0.137955 0.158712 0.103520 0.153447 0.097594
0.129654 0.118929 0.130134 0.115037 0.098396 0.126537 0.136939 0.144374
0.107100 0.123104 0.107192 0.127748 0.130370 0.116651 0.166701 0.121134
0.125548 0.133951 0.127278 0.116863 0.127581 0.133339 0.109988 0.125453
0.101433 0.126985 0.143608 0.122492 0.136785 0.105380 0.130186 0.133131
0.118544 0.125190 0.167758 0.123246 0.130998 0.093661 0.119848 0.120755
0.122360 0.118929 0.117742 0.111168 0.131833 0.137609 0.155030 0.105329
0.107330 0.110804 0.090473 0.133067 0.154015 0.139417 0.148260 0.116634
0.150003 0.135180 0.120741 0.122394 0.126380 0.114871 0.104409 0.126021
0.137772 0.118058 0.090112 0.106627 0.129467 0.136800 0.175935 0.105229
0.150558 0.124997 0.105084 0.111495 0.135210 0.114155 0.141312 0.117189
0.123293 0.089800 0.118806 0.140613 0.119224 0.094108 0.215832 0.098324
0.141127 0.115775 0.105397 0.153536 0.149406 0.126427 0.109972 0.098361
0.119549 0.107781 0.118248 0.124409 0.113986 0.162218 0.143015 0.110795
0.110871 0.134095 0.139526 0.122968 0.120662 0.104466 0.129799 0.137613
0.113387 0.132187 0.110035 0.112674 0.139205 0.100011 0.181375 0.111127
0.092671 0.131515 0.154257 0.121812 0.167802 0.137468 0.106718 0.087756
0.102487 0.135909 0.142244 0.129017 0.126720 0.126997 0.105825 0.130801
0.133051 0.116384 0.109913 0.105431 0.135595 0.166214 0.116264 0.117147
0.139007 0.129317 0.117608 0.131150 0.129638 0.133964 0.097659 0.121658
0.112674 0.117458 0.120371 0.127542 0.134932 0.122541 0.140531 0.123951
0.109776 0.117876 0.165573 0.113403 0.143592 0.124039 0.115500 0.110241
0.127258 0.126802 0.137977 0.100222 0.120389 0.133322 0.113225 0.140806
0.121057 0.140134 0.136233 0.107050 0.131663 0.106395 0.115957 0.141511
0.141563 0.146370 0.115168 0.112186 0.133816 0.117878 0.129341 0.103677
0.135887 0.136138 0.110404 0.115822 0.123895 0.137364 0.128399 0.112092
0.130843 0.119361 0.128595 0.151964 0.132649 0.116373 0.082863 0.137351
0.126964 0.109883 0.083147 0.119297 0.134574 0.168905 0.162731 0.094499
0.124130 0.123900 0.116119 0.108236 0.142181 0.161153 0.099595 0.124686
0.139331 0.097197 0.120780 0.134705 0.138035 0.129316 0.133969 0.106667
0.111590 0.120012 0.111461 0.126159 0.134715 0.163675 0.132450 0.099937
0.139923 0.135728 0.100604 0.108881 0.117423 0.127854 0.133991 0.135595
0.131493 0.102294 0.105510 0.125097 0.112858 0.147067 0.163785 0.111896
0.122620 0.117714 0.130700 0.144633 0.132978 0.123467 0.119587 0.108300
0.124377 0.119762 0.116323 0.144129 0.130591 0.146200 0.113213 0.105404
0.107253 0.144116 0.161156 0.109932 0.149528 0.097773 0.105219 0.125024
0.091870 0.099764 0.098340 0.134113 0.166579 0.140328 0.144236 0.124770
0.133884 0.143841 0.116160 0.120327 0.117156 0.123322 0.118038 0.127273
0.134901 0.128700 0.119780 0.119051 0.133117 0.119000 0.131419 0.114031
0.105637 0.108137 0.131110 0.116327 0.143463 0.125031 0.138825 0.131469
0.117809 0.152350 0.115961 0.121512 0.108627 0.094218 0.171434 0.118089
0.113364 0.142568 0.120471 0.155884 0.154376 0.106558 0.106854 0.099924
0.137547 0.127057 0.128941 0.111245 0.150087 0.116893 0.127839 0.100390
0.125872 0.127561 0.105025 0.119138 0.134287 0.112841 0.162149 0.113128
0.110852 0.139831 0.117967 0.128406 0.116460 0.115162 0.165218 0.106104
0.131290 0.110755 0.101489 0.121573 0.110498 0.164966 0.131825 0.127604
0.132987 0.125829 0.109271 0.097961 0.156544 0.139873 0.097674 0.139861
0.131031 0.098569 0.100135 0.118971 0.134420 0.176773 0.150855 0.089245
0.098938 0.112094 0.146407 0.112027 0.103315 0.184230 0.104995 0.137993
0.117685 0.142438 0.111801 0.113137 0.119135 0.110720 0.153036 0.132048
0.135059 0.115352 0.121881 0.154782 0.162431 0.105404 0.100671 0.104421
0.113399 0.086843 0.120744 0.124138 0.132733 0.122679 0.141618 0.157846
0.122880 0.116096 0.119520 0.135407 0.140512 0.152774 0.105385 0.107425
0.126062 0.119399 0.109914 0.140638 0.140283 0.108665 0.157975 0.097064
0.119122 0.099578 0.094006 0.084302 0.152410 0.146077 0.170040 0.134466
0.111347 0.110576 0.126816 0.101880 0.134220 0.119607 0.189501 0.106052
0.126994 0.123547 0.112492 0.124689 0.125219 0.125358 0.110136 0.151566
0.125651 0.107251 0.112938 0.133151 0.122323 0.116902 0.150498 0.131286
0.113551 0.131749 0.123478 0.125219 0.145372 0.104726 0.160379 0.095526
0.115774 0.176670 0.115857 0.114665 0.111493 0.113966 0.142503 0.109071
0.145450 0.124911 0.138060 0.116963 0.132897 0.087794 0.136126 0.117800
0.131877 0.142400 0.123513 0.118584 0.133739 0.127245 0.091980 0.130663
0.118928 0.126523 0.098099 0.115413 0.125551 0.110030 0.198917 0.106539
0.127335 0.110664 0.142890 0.102082 0.108612 0.110172 0.182115 0.116130
0.102052 0.140123 0.106536 0.130852 0.155860 0.109145 0.145067 0.110366
0.122080 0.130892 0.085617 0.120988 0.176705 0.097498 0.160559 0.105662
0.134387 0.102459 0.117862 0.113146 0.112713 0.122723 0.161412 0.135299
0.113514 0.107282 0.104057 0.136145 0.139327 0.123272 0.168773 0.107630
0.103469 0.134469 0.113890 0.131081 0.115281 0.129392 0.168204 0.104215
0.139864 0.107318 0.122512 0.127194 0.139649 0.112382 0.151152 0.099928
0.111574 0.108925 0.141510 0.103009 0.158349 0.157874 0.101452 0.117308
0.133699 0.121033 0.146826 0.111606 0.144986 0.095234 0.144909 0.101707
0.138445 0.121959 0.118182 0.116201 0.139356 0.117591 0.128503 0.119763
0.118394 0.136806 0.129187 0.113911 0.113034 0.129410 0.136306 0.122952
0.135111 0.132450 0.101788 0.133586 0.137943 0.113929 0.138250 0.106943
0.152119 0.133020 0.111647 0.134000 0.131286 0.117106 0.104366 0.116458
0.138789 0.125839 0.153160 0.095091 0.126392 0.096371 0.140981 0.123377
0.114840 0.157842 0.112555 0.093578 0.145749 0.103666 0.160626 0.111143
0.134619 0.120385 0.102035 0.114713 0.117092 0.124770 0.202411 0.083976
