0.111832 0.126321 0.107143 0.200686 0.290190 0.163828
0.156039 0.152449 0.151756 0.166612 0.174881 0.198264
0.144264 0.147222 0.144526 0.161104 0.262599 0.140286
0.173653 0.181227 0.172839 0.157873 0.135924 0.178485
0.149661 0.149665 0.162916 0.216512 0.174186 0.147060
0.178059 0.180791 0.187064 0.160330 0.133238 0.160518
0.158274 0.162651 0.192412 0.140931 0.209377 0.136354
0.168363 0.168061 0.146642 0.190358 0.172357 0.154219
0.202844 0.152844 0.140411 0.157842 0.200330 0.145730
0.151536 0.146405 0.177308 0.176369 0.196680 0.151702
0.162623 0.162623 0.168030 0.148284 0.170818 0.187623
0.185019 0.140226 0.143052 0.150058 0.241414 0.140231
0.148392 0.154964 0.142093 0.181929 0.217651 0.154971
0.150770 0.150770 0.132179 0.179322 0.236190 0.150770
0.154970 0.159411 0.156720 0.178714 0.190775 0.159411
0.161980 0.172343 0.157189 0.163635 0.172510 0.172343
0.160994 0.160994 0.138431 0.210780 0.173014 0.155787
0.170973 0.170973 0.168798 0.190924 0.142309 0.156023
0.159003 0.159003 0.183341 0.211602 0.140548 0.146503
0.171911 0.171911 0.169580 0.184726 0.143059 0.158813
0.159894 0.159894 0.185978 0.151822 0.167897 0.174515
0.139487 0.139487 0.153422 0.229797 0.151281 0.186526
0.166863 0.166863 0.158525 0.149126 0.199544 0.159079
0.162918 0.162918 0.158422 0.163103 0.202904 0.149735
0.154448 0.154448 0.130256 0.169197 0.195346 0.196306
0.135065 0.135065 0.117879 0.234004 0.201229 0.176758
0.173969 0.173969 0.171540 0.154425 0.164398 0.161699
0.153513 0.153513 0.149146 0.195241 0.210288 0.138298
0.129500 0.129500 0.119433 0.243286 0.199276 0.179005
0.141258 0.141258 0.142977 0.205151 0.229866 0.139491
0.131243 0.131243 0.167670 0.240566 0.134342 0.194936
0.155002 0.155002 0.152126 0.197138 0.189856 0.150876
0.154523 0.154523 0.205359 0.176818 0.161898 0.146880
0.139210 0.139210 0.130503 0.170380 0.268227 0.152470
0.160583 0.160583 0.150113 0.147964 0.196839 0.183918
0.160826 0.160826 0.156085 0.186542 0.181735 0.153986
0.161722 0.161722 0.143297 0.203831 0.173090 0.156338
0.177394 0.177394 0.154988 0.130746 0.169881 0.189596
0.156706 0.156706 0.160737 0.153238 0.209603 0.163010
0.151756 0.151756 0.136842 0.191834 0.169194 0.198617
0.160123 0.160123 0.153998 0.188472 0.187911 0.149374
0.165753 0.165753 0.155011 0.148956 0.211908 0.152619
0.150637 0.150637 0.194809 0.204454 0.159189 0.140274
0.172618 0.172618 0.174809 0.144385 0.168837 0.166733
0.163012 0.163012 0.195700 0.133145 0.186495 0.158636
0.153506 0.153506 0.147425 0.237729 0.167395 0.140439
0.165044 0.165044 0.149117 0.228505 0.131118 0.161172
0.158953 0.158953 0.140720 0.178050 0.202166 0.161159
0.142197 0.142197 0.130481 0.264454 0.178474 0.142197
0.161392 0.161392 0.161720 0.188348 0.165749 0.161398
0.163718 0.163718 0.148637 0.169100 0.191109 0.163718
0.165110 0.165110 0.166525 0.177046 0.161101 0.165110
0.156851 0.156851 0.190596 0.158195 0.180655 0.156851
0.177377 0.177377 0.211354 0.141711 0.114804 0.177377
0.156925 0.156925 0.156851 0.156678 0.221098 0.151525
0.170092 0.170092 0.140071 0.169933 0.197420 0.152392
0.171826 0.171826 0.157291 0.175676 0.151556 0.171826
0.163536 0.163536 0.139117 0.169794 0.214238 0.149780
0.136205 0.136205 0.178144 0.192365 0.195878 0.161205
0.154743 0.154743 0.150130 0.199717 0.189163 0.151504
0.176213 0.176213 0.168979 0.162354 0.144624 0.171616
0.150998 0.150998 0.136181 0.179590 0.228668 0.153565
0.154950 0.154950 0.144453 0.215852 0.174845 0.154950
0.165139 0.165139 0.156379 0.184973 0.179574 0.148795
0.140767 0.140767 0.181135 0.166121 0.180923 0.190286
0.165715 0.165715 0.170632 0.173913 0.164248 0.159777
0.152337 0.152337 0.202337 0.165608 0.192081 0.135300
0.147444 0.147444 0.155286 0.146712 0.229605 0.173509
0.147117 0.147117 0.136454 0.217841 0.182082 0.169391
0.177254 0.177254 0.169337 0.164881 0.147193 0.164081
0.173482 0.173482 0.148342 0.151024 0.183834 0.169834
0.168353 0.168353 0.170077 0.218014 0.117819 0.157384
0.140291 0.140291 0.137706 0.155468 0.251044 0.175199
0.125026 0.125026 0.115036 0.267657 0.176960 0.190295
0.170940 0.170940 0.168450 0.160446 0.174601 0.154623
0.153198 0.153179 0.189479 0.192454 0.177394 0.134296
0.130948 0.141327 0.141221 0.157479 0.260460 0.168564
0.157481 0.155786 0.142376 0.193636 0.183552 0.167170
0.169342 0.172137 0.166822 0.169081 0.155734 0.166884
0.176177 0.185352 0.151225 0.148549 0.156581 0.182116
0.168111 0.154233 0.155429 0.148869 0.216298 0.157060
0.149252 0.150673 0.149810 0.131276 0.256249 0.162740
0.133759 0.135938 0.130086 0.236388 0.201456 0.162374
0.166152 0.156452 0.165844 0.200316 0.148975 0.162261
0.150286 0.156339 0.202716 0.171514 0.183496 0.135650
0.167196 0.171582 0.166898 0.182592 0.153223 0.158509
0.172701 0.168091 0.167321 0.189931 0.129558 0.172398
0.150385 0.150073 0.133494 0.199431 0.216230 0.150385
0.157348 0.154801 0.129558 0.220284 0.185111 0.152898
0.174469 0.164469 0.173325 0.177022 0.151051 0.159665
0.200295 0.150604 0.138252 0.228616 0.142301 0.139932
0.162256 0.158073 0.170294 0.163769 0.187535 0.158073
0.161287 0.161299 0.168080 0.138805 0.209241 0.161287
0.156324 0.160765 0.206001 0.169871 0.146274 0.160765
0.162082 0.222445 0.167207 0.146122 0.129700 0.172445
0.171048 0.174582 0.144548 0.139294 0.199480 0.171048
0.144780 0.162527 0.151805 0.124667 0.271442 0.144780
0.171607 0.151069 0.125028 0.180162 0.200526 0.171607
0.161805 0.154951 0.156097 0.179994 0.185348 0.161805
0.150357 0.155899 0.159787 0.194516 0.189084 0.150357
0.157644 0.155591 0.142505 0.215809 0.183906 0.144546
0.152321 0.152321 0.222557 0.132626 0.175354 0.164821
0.114687 0.120573 0.138162 0.262637 0.227215 0.136727
0.169744 0.170250 0.165626 0.181670 0.150680 0.162029
0.149548 0.152614 0.145928 0.225812 0.179863 0.146235
0.140050 0.140050 0.112925 0.226804 0.250783 0.129387
0.152387 0.140181 0.133249 0.198516 0.203545 0.172121
0.167042 0.167042 0.165265 0.178711 0.162839 0.159102
0.168975 0.168969 0.147662 0.164137 0.190146 0.160111
0.151083 0.151083 0.194615 0.156409 0.206563 0.140246
0.157907 0.157907 0.178765 0.133869 0.147498 0.224055
0.147917 0.147917 0.134045 0.237577 0.177712 0.154831
0.165803 0.165803 0.160437 0.155007 0.142582 0.210370
0.168415 0.173796 0.147349 0.154054 0.191792 0.164595
0.148737 0.176816 0.171173 0.197052 0.151316 0.154905
0.169100 0.167405 0.168765 0.162647 0.141281 0.190803
0.154136 0.156931 0.145009 0.182507 0.205002 0.156415
0.164643 0.173802 0.152275 0.162101 0.186109 0.161069
0.162179 0.158300 0.124925 0.176772 0.237270 0.140555
0.157511 0.157511 0.154803 0.135639 0.202483 0.192053
0.134157 0.138922 0.161358 0.224298 0.215441 0.125824
0.149722 0.150022 0.163289 0.175257 0.171020 0.190690
0.150856 0.153587 0.194922 0.137012 0.217191 0.146431
0.138536 0.142923 0.118048 0.274768 0.213384 0.112341
0.158077 0.157775 0.139962 0.172823 0.196447 0.174916
0.138443 0.138443 0.131143 0.248482 0.158005 0.185483
0.167028 0.167018 0.133313 0.174884 0.207450 0.150307
0.150002 0.150002 0.171700 0.195777 0.195793 0.136726
0.211935 0.161935 0.160411 0.183687 0.126286 0.155745
0.156023 0.151841 0.192692 0.215915 0.147707 0.135822
0.168868 0.168868 0.188213 0.179919 0.113923 0.180208
0.156456 0.160897 0.172843 0.167528 0.184785 0.157492
0.138142 0.148505 0.157802 0.206780 0.202797 0.145974
0.167258 0.167258 0.145483 0.165204 0.171391 0.183406
0.146866 0.146866 0.137829 0.224023 0.147551 0.196866
0.161239 0.161239 0.116485 0.181809 0.217982 0.161245
0.186915 0.186915 0.163052 0.139854 0.136341 0.186922
0.165184 0.165184 0.160448 0.201647 0.160325 0.147212
0.155889 0.155873 0.128887 0.212207 0.179342 0.167801
0.163993 0.176509 0.174883 0.144194 0.166889 0.173533
0.178327 0.151945 0.198897 0.178379 0.125369 0.167082
0.156759 0.160794 0.153002 0.168802 0.215962 0.144682
0.152197 0.161638 0.144974 0.237978 0.148516 0.154697
0.189360 0.161244 0.154377 0.160127 0.153914 0.180978
0.161394 0.146418 0.149425 0.253943 0.145673 0.143147
0.157011 0.178391 0.162055 0.181068 0.145972 0.175502
0.156017 0.147376 0.183856 0.221060 0.138506 0.153185
0.127739 0.124552 0.152297 0.307632 0.146762 0.141018
0.142173 0.153733 0.151893 0.181998 0.213478 0.156726
0.163695 0.138388 0.167280 0.199918 0.167325 0.163394
0.165845 0.160263 0.158320 0.199050 0.156563 0.159960
0.159554 0.159037 0.142875 0.235232 0.144265 0.159037
0.172019 0.168964 0.162386 0.160953 0.166726 0.168952
0.170596 0.145596 0.134933 0.197553 0.205726 0.145596
0.148967 0.170372 0.145342 0.216952 0.165368 0.152998
0.169976 0.172892 0.157647 0.202719 0.139862 0.156904
0.165781 0.169983 0.167697 0.129426 0.207508 0.159604
0.132867 0.153422 0.143422 0.176866 0.198057 0.195367
0.189678 0.139678 0.143012 0.188960 0.161789 0.176883
0.168030 0.170990 0.170990 0.154710 0.121785 0.213494
0.152350 0.157339 0.169698 0.202588 0.166023 0.152002
0.161124 0.153583 0.161768 0.179959 0.192759 0.150807
0.163797 0.146096 0.148161 0.162405 0.249399 0.130141
0.143001 0.148267 0.140939 0.178130 0.239905 0.149759
0.156799 0.157300 0.154648 0.214400 0.153386 0.163467
0.133457 0.136347 0.128230 0.234933 0.242226 0.124806
0.148561 0.148561 0.132074 0.170630 0.233701 0.166473
0.159779 0.143631 0.147343 0.217669 0.180532 0.151045
0.147290 0.147290 0.178685 0.125906 0.158800 0.242030
0.160851 0.160845 0.148476 0.265968 0.125535 0.138326
0.171835 0.171835 0.169245 0.121585 0.176262 0.189238
0.154681 0.167778 0.151681 0.196310 0.178191 0.151359
0.156938 0.131938 0.136699 0.168355 0.248761 0.157309
0.138181 0.141141 0.153062 0.159310 0.215548 0.192758
0.149141 0.159003 0.138856 0.272262 0.145473 0.135266
0.146683 0.157614 0.153894 0.195122 0.216302 0.130384
0.155547 0.155547 0.150391 0.190036 0.200726 0.147753
0.143837 0.149103 0.132240 0.199647 0.218565 0.156608
0.155046 0.155546 0.148202 0.262759 0.128730 0.149717
0.156864 0.159753 0.144505 0.206083 0.165128 0.167667
0.163022 0.163022 0.152398 0.154225 0.225741 0.141592
0.172451 0.156303 0.133075 0.196959 0.186454 0.154757
0.146289 0.146289 0.182733 0.180113 0.182625 0.161950
0.167372 0.167366 0.148860 0.174442 0.174587 0.167372
0.171295 0.171295 0.147479 0.211327 0.132511 0.166094
0.155617 0.155617 0.147869 0.237810 0.158225 0.144863
0.162872 0.162872 0.141124 0.135645 0.239490 0.157998
0.160806 0.160806 0.145894 0.227901 0.156860 0.147733
0.153520 0.158393 0.161732 0.199766 0.173070 0.153520
0.123846 0.136919 0.139413 0.268802 0.212380 0.118640
0.160503 0.160503 0.153249 0.185657 0.190339 0.149749
0.145601 0.145601 0.131958 0.263543 0.167696 0.145601
0.173494 0.173494 0.212150 0.143996 0.123371 0.173494
0.144903 0.144903 0.170638 0.201911 0.192742 0.144903
0.152585 0.152585 0.201424 0.152929 0.187892 0.152585
0.190315 0.190315 0.189930 0.137914 0.114309 0.177217
0.149932 0.149932 0.132279 0.222233 0.170694 0.174932
0.174641 0.174641 0.142169 0.181494 0.155374 0.171681
0.150500 0.150500 0.191744 0.213554 0.148192 0.145511
0.153771 0.153771 0.155177 0.191044 0.190324 0.155912
0.151981 0.151981 0.129753 0.175264 0.239041 0.151981
0.154900 0.154900 0.145598 0.213557 0.181412 0.149634
0.123388 0.123388 0.161760 0.220708 0.247866 0.122888
0.144211 0.144211 0.116542 0.218536 0.248277 0.128224
0.147888 0.147888 0.156650 0.168701 0.205984 0.172888
0.139746 0.139746 0.135187 0.275958 0.156429 0.152934
0.144710 0.144726 0.116911 0.192895 0.261038 0.139721
0.174069 0.161569 0.162288 0.165729 0.160129 0.176216
0.157914 0.159296 0.158603 0.182898 0.183375 0.157914
0.156104 0.153378 0.143309 0.290790 0.105580 0.150838
0.179750 0.167250 0.170400 0.151299 0.162050 0.169250
0.155456 0.158571 0.202569 0.123391 0.157447 0.202566
0.161024 0.161024 0.162484 0.161531 0.200372 0.153565
0.158407 0.153694 0.170179 0.175325 0.185831 0.156565
0.160312 0.159998 0.168674 0.139476 0.221822 0.149718
0.145164 0.142491 0.213666 0.194490 0.146519 0.157670
0.154015 0.141515 0.155481 0.208847 0.168160 0.171982
0.175650 0.175957 0.165322 0.135995 0.180122 0.166954
0.145188 0.145188 0.179529 0.268011 0.123052 0.139032
0.170919 0.170931 0.154360 0.166978 0.164055 0.172756
0.151320 0.151320 0.143428 0.163620 0.198580 0.191733
0.146271 0.171256 0.111686 0.217767 0.238827 0.114193
0.148410 0.164211 0.151230 0.171830 0.181595 0.182723
0.167095 0.165714 0.155254 0.155288 0.196847 0.159802
0.156031 0.154561 0.164718 0.151221 0.194308 0.179160
0.147017 0.147017 0.143733 0.224318 0.161210 0.176705
0.162287 0.159171 0.146534 0.165034 0.157796 0.209178
0.182346 0.182346 0.165551 0.182575 0.127839 0.159343
0.158146 0.162859 0.156878 0.137477 0.186799 0.197842
0.164989 0.165303 0.157450 0.224113 0.126544 0.161601
0.149902 0.152575 0.131822 0.217663 0.200000 0.148039
0.154144 0.166644 0.160290 0.192640 0.164435 0.161846
0.155126 0.154820 0.124511 0.184956 0.192959 0.187628
0.141931 0.141931 0.174935 0.262813 0.159035 0.119355
0.160312 0.160300 0.167911 0.155048 0.201541 0.154888
0.167120 0.167120 0.167151 0.146181 0.172661 0.179767
0.172599 0.147599 0.150357 0.156359 0.175485 0.197599
0.144485 0.141184 0.160448 0.159278 0.236667 0.157938
0.175790 0.175790 0.192646 0.132570 0.158279 0.164926
0.167006 0.171202 0.133452 0.149649 0.221483 0.157207
0.159334 0.171834 0.159044 0.162717 0.187737 0.159334
0.150727 0.150727 0.133377 0.159840 0.184365 0.220963
0.170973 0.170973 0.141858 0.232371 0.120514 0.163311
0.166616 0.166616 0.168416 0.190233 0.160045 0.148074
0.157944 0.157928 0.176997 0.140883 0.210925 0.155323
0.142278 0.154778 0.144822 0.201173 0.188686 0.168265
0.156432 0.155051 0.160009 0.160894 0.217277 0.150337
0.160990 0.163716 0.159520 0.180527 0.182426 0.152822
0.150211 0.162711 0.144892 0.208123 0.144563 0.189500
0.164623 0.161508 0.161220 0.178949 0.168320 0.165380
0.132575 0.132575 0.154617 0.222923 0.207156 0.150155
0.173625 0.178339 0.179389 0.172962 0.134329 0.161356
0.133481 0.133795 0.134092 0.232416 0.210083 0.156133
0.177370 0.180043 0.162072 0.194000 0.137658 0.148858
0.146704 0.159204 0.171140 0.171481 0.177954 0.173516
0.186863 0.186556 0.183596 0.127602 0.143693 0.171691
0.143823 0.143823 0.188834 0.138557 0.198953 0.186010
0.147357 0.147346 0.154623 0.133432 0.256408 0.160834
0.158188 0.158188 0.145688 0.208224 0.172068 0.157644
0.168454 0.143454 0.134363 0.216072 0.199646 0.138011
0.145683 0.142382 0.128402 0.195259 0.246386 0.141889
0.144101 0.144101 0.128711 0.214485 0.216573 0.152030
0.142097 0.146293 0.149408 0.232101 0.184285 0.145816
0.142858 0.155358 0.171525 0.215400 0.146306 0.168554
0.160351 0.160351 0.142540 0.191641 0.189208 0.155910
0.158842 0.158842 0.160174 0.216810 0.145765 0.159565
0.169999 0.169999 0.164366 0.167405 0.187399 0.140832
0.155298 0.155298 0.131585 0.205826 0.171690 0.180303
0.176654 0.176654 0.180559 0.139189 0.157890 0.169054
0.176062 0.176062 0.176081 0.140418 0.184628 0.146748
0.156445 0.156426 0.133200 0.162269 0.188273 0.203388
0.171747 0.182126 0.170392 0.166890 0.142833 0.166012
0.171982 0.170287 0.175681 0.200923 0.138726 0.142401
0.152517 0.155312 0.167591 0.181624 0.171213 0.171743
0.140534 0.149693 0.150354 0.233292 0.182346 0.143781
0.155396 0.151518 0.142725 0.169782 0.238987 0.141592
0.136063 0.136063 0.120874 0.203214 0.240634 0.163153
0.131723 0.136487 0.136185 0.208523 0.253553 0.133529
0.141297 0.141596 0.157742 0.205170 0.218557 0.135638
0.127969 0.130701 0.129271 0.216446 0.249733 0.145880
0.155678 0.160064 0.157221 0.183793 0.186322 0.156921
0.162638 0.162336 0.144388 0.220534 0.160861 0.149243
0.157300 0.157300 0.170394 0.178503 0.142278 0.194225
0.161984 0.161974 0.150736 0.174636 0.195853 0.154817
0.168918 0.168918 0.170937 0.227038 0.129423 0.134767
0.209882 0.159882 0.158806 0.165172 0.127567 0.178690
0.176412 0.172229 0.148498 0.125249 0.231219 0.146393
0.163533 0.163548 0.154711 0.191464 0.168686 0.158058
0.175558 0.167499 0.148917 0.134779 0.195122 0.178124
0.153126 0.164871 0.144514 0.179194 0.209049 0.149246
0.184643 0.181917 0.130375 0.148689 0.211585 0.142792
0.138926 0.126426 0.160671 0.154342 0.252589 0.167047
0.147731 0.150846 0.131558 0.177060 0.256843 0.135961
0.171485 0.171508 0.156875 0.173831 0.178958 0.147343
0.160952 0.145451 0.163472 0.172128 0.165067 0.192930
0.164008 0.165796 0.161593 0.154686 0.205292 0.148625
0.145023 0.139309 0.197042 0.179180 0.169140 0.170306
0.167800 0.146851 0.222703 0.139782 0.156551 0.166313
0.181431 0.186396 0.177753 0.148782 0.137522 0.168116
0.171961 0.171961 0.178692 0.146477 0.187888 0.143021
0.167650 0.162333 0.168257 0.168101 0.139035 0.194624
0.157063 0.156774 0.192119 0.175392 0.126435 0.192218
0.177892 0.199934 0.161219 0.179600 0.139062 0.142293
0.139394 0.139886 0.121494 0.199097 0.205222 0.194907
0.176713 0.177009 0.154571 0.166864 0.166719 0.158124
0.156708 0.152512 0.146345 0.188723 0.183246 0.172466
0.156020 0.143529 0.156020 0.192035 0.198966 0.153429
0.160870 0.160870 0.143343 0.178088 0.216684 0.140146
0.163974 0.213974 0.153974 0.155577 0.155827 0.156673
0.172940 0.178061 0.171635 0.141446 0.141200 0.194719
0.139070 0.139070 0.131049 0.238445 0.176062 0.176303
0.175618 0.170411 0.157075 0.159958 0.176144 0.160794
0.161503 0.150749 0.166521 0.159626 0.180437 0.181164
0.178510 0.178510 0.171002 0.189144 0.131917 0.150917
0.152152 0.152152 0.138164 0.168617 0.197659 0.191257
0.178189 0.178189 0.179106 0.122779 0.119016 0.222721
0.174171 0.174171 0.160845 0.140065 0.188104 0.162644
0.153151 0.153151 0.165488 0.189138 0.189972 0.149101
0.159543 0.159543 0.156529 0.114309 0.220797 0.189279
0.142554 0.142554 0.118283 0.235329 0.205717 0.155562
0.162842 0.162842 0.164784 0.158106 0.211469 0.139957
0.157174 0.157174 0.144156 0.175903 0.214864 0.150730
0.142228 0.142228 0.164283 0.218086 0.191843 0.141333
0.135957 0.135957 0.141658 0.200811 0.230573 0.155044
0.152577 0.152596 0.133322 0.242120 0.152362 0.167023
0.163250 0.150152 0.168370 0.167685 0.203040 0.147503
0.157440 0.159080 0.156857 0.196751 0.175099 0.154773
0.148105 0.145144 0.137491 0.188019 0.209286 0.171955
0.150318 0.139105 0.124299 0.263306 0.147653 0.175318
0.173599 0.177198 0.164103 0.181087 0.130408 0.173605
0.140847 0.140847 0.183571 0.149566 0.248756 0.136413
0.170570 0.165304 0.165948 0.203966 0.138446 0.155766
0.159314 0.159012 0.148953 0.182150 0.201620 0.148951
0.174593 0.171703 0.182823 0.140877 0.155412 0.174593
0.173189 0.168381 0.160397 0.139414 0.189871 0.168748
0.164180 0.164481 0.202527 0.137046 0.182145 0.149621
0.153069 0.153050 0.172097 0.166115 0.215119 0.140550
0.143860 0.156968 0.138535 0.197500 0.206180 0.156958
0.160316 0.158676 0.151111 0.171900 0.199321 0.158676
0.147156 0.175117 0.151879 0.157771 0.227960 0.140117
0.137506 0.152579 0.114489 0.149549 0.247159 0.198719
0.175610 0.172011 0.153927 0.142035 0.186992 0.169426
0.147822 0.142948 0.137191 0.202910 0.226223 0.142905
0.166217 0.158410 0.131327 0.146477 0.224179 0.173389
0.177029 0.177330 0.167150 0.135183 0.165977 0.177330
0.150624 0.153514 0.137428 0.234828 0.174400 0.149206
0.155073 0.159881 0.192934 0.187998 0.144748 0.159365
0.169549 0.169248 0.219936 0.148872 0.125685 0.166710
0.166118 0.166118 0.155813 0.206987 0.149224 0.155739
0.145764 0.145754 0.133959 0.136864 0.191906 0.245754
0.167755 0.167755 0.136292 0.184632 0.189394 0.154172
0.162900 0.137900 0.131520 0.202634 0.194774 0.170273
0.150377 0.146517 0.172275 0.165445 0.194674 0.170713
0.149598 0.149598 0.144056 0.210160 0.214540 0.132048
0.137137 0.142011 0.177340 0.195062 0.163486 0.184964
0.143028 0.156101 0.167285 0.197970 0.180663 0.154952
0.165497 0.165497 0.158215 0.153179 0.208583 0.149029
0.171483 0.171483 0.212716 0.140365 0.162642 0.141311
0.145921 0.145921 0.132413 0.217472 0.186079 0.172193
0.150579 0.150560 0.146845 0.150040 0.211953 0.190023
0.145046 0.155425 0.157972 0.153299 0.226825 0.161433
0.155024 0.153328 0.148722 0.157737 0.220882 0.164306
0.144363 0.147158 0.138941 0.240490 0.179180 0.149869
0.146982 0.156118 0.127666 0.215835 0.191128 0.162271
0.157697 0.164606 0.176875 0.172111 0.144962 0.183750
0.159681 0.157580 0.153790 0.175958 0.205872 0.147118
0.167083 0.174888 0.169737 0.156982 0.175197 0.156114
0.142799 0.151548 0.149096 0.203817 0.197898 0.154844
0.155581 0.153654 0.138100 0.179076 0.169902 0.203687
0.147990 0.152376 0.133748 0.252849 0.181024 0.132012
0.157000 0.162027 0.198711 0.159741 0.170368 0.152153
0.170012 0.170301 0.162959 0.187391 0.166834 0.142504
0.156177 0.159125 0.163003 0.177703 0.168201 0.175791
0.152959 0.155768 0.176339 0.133417 0.207940 0.173577
0.222648 0.172351 0.139477 0.165437 0.156700 0.143386
0.161489 0.157307 0.223681 0.159003 0.147179 0.151341
0.177856 0.177847 0.175528 0.140610 0.164212 0.163947
0.161892 0.166333 0.145617 0.148856 0.171716 0.205587
0.187117 0.147481 0.148067 0.201203 0.177504 0.138628
0.165701 0.160580 0.129807 0.137959 0.215937 0.190016
0.147556 0.147556 0.135721 0.226413 0.191407 0.151346
0.161787 0.166994 0.146560 0.205239 0.156448 0.162972
0.147858 0.158611 0.186015 0.158443 0.196833 0.152240
0.151993 0.165749 0.155516 0.151323 0.221366 0.154053
0.173302 0.148302 0.138922 0.186916 0.175685 0.176873
0.189700 0.176272 0.173720 0.162594 0.141061 0.156653
0.151000 0.172264 0.125393 0.156704 0.230203 0.164436
0.162731 0.157281 0.141458 0.161266 0.220484 0.156781
0.157131 0.151009 0.149183 0.154364 0.218033 0.170280
0.160211 0.167948 0.154145 0.173850 0.202991 0.140855
0.155965 0.156446 0.148364 0.184301 0.182303 0.172622
0.146280 0.144219 0.189210 0.139679 0.197814 0.182798
0.173019 0.172493 0.152813 0.186592 0.167689 0.147394
0.168623 0.153873 0.143906 0.226428 0.148842 0.158329
0.149702 0.149702 0.191939 0.123778 0.160175 0.224702
0.155303 0.171964 0.180771 0.146215 0.188773 0.156974
0.168795 0.168795 0.194272 0.191356 0.129729 0.147052
0.169350 0.169357 0.148912 0.180753 0.186887 0.144741
0.151692 0.151692 0.149762 0.193519 0.186322 0.167012
0.166194 0.166194 0.144893 0.168489 0.138123 0.216106
0.144868 0.150680 0.177228 0.176360 0.139557 0.211308
0.159881 0.173582 0.167501 0.169402 0.178526 0.151107
0.162627 0.158046 0.141564 0.172536 0.221109 0.144119
0.167799 0.151132 0.152945 0.141716 0.163164 0.223244
0.173284 0.173284 0.141613 0.152359 0.193800 0.165661
0.163147 0.163147 0.149374 0.166211 0.217406 0.140716
0.176303 0.176303 0.170534 0.199869 0.108846 0.168145
0.146816 0.146816 0.130813 0.192405 0.230676 0.152476
0.157221 0.157221 0.149363 0.170393 0.157736 0.208065
0.135093 0.135093 0.185381 0.138913 0.195914 0.209605
0.158920 0.158920 0.145717 0.204866 0.179576 0.152000
0.145731 0.145731 0.141479 0.207187 0.226634 0.133238
0.171966 0.171966 0.162247 0.146465 0.151538 0.195817
0.176409 0.176409 0.128072 0.189012 0.153689 0.176409
0.158582 0.158598 0.210892 0.164059 0.153477 0.154392
0.162472 0.152472 0.164175 0.221830 0.152951 0.146101
0.172828 0.174267 0.141673 0.171051 0.181549 0.158632
0.158798 0.143115 0.147070 0.197024 0.207694 0.146298
0.160117 0.151757 0.194121 0.148491 0.198495 0.147019
0.160757 0.161119 0.185838 0.185821 0.137649 0.168816
0.171601 0.160387 0.169563 0.162015 0.153157 0.183277
0.171736 0.171027 0.156446 0.132522 0.204249 0.164020
0.163501 0.163189 0.137714 0.154925 0.220483 0.160188
0.171117 0.163295 0.132188 0.186002 0.191129 0.156268
0.138151 0.140948 0.186235 0.176874 0.195142 0.162650
0.154915 0.150695 0.153572 0.196779 0.198860 0.145179
0.159541 0.157693 0.140972 0.187977 0.200849 0.152969
0.132995 0.144521 0.187877 0.231844 0.159458 0.143306
0.164996 0.161397 0.134568 0.207137 0.154357 0.177545
0.145574 0.195584 0.113727 0.160002 0.219743 0.165370
0.149890 0.158691 0.175469 0.218366 0.142948 0.154636
0.151180 0.176481 0.126990 0.241390 0.155295 0.148664
0.177692 0.180570 0.167728 0.161271 0.132157 0.180582
0.155216 0.150024 0.175125 0.146988 0.206337 0.166311
0.150971 0.145796 0.180171 0.222055 0.110716 0.190291
0.159501 0.146429 0.191565 0.107462 0.193203 0.201840
0.168528 0.168518 0.172606 0.176711 0.169718 0.143918
0.182252 0.182252 0.158696 0.171296 0.138052 0.167452
0.181573 0.156573 0.124908 0.183405 0.194730 0.158810
0.157939 0.154079 0.147241 0.145422 0.246003 0.149315
0.144257 0.144257 0.177188 0.200507 0.199375 0.134417
0.164493 0.169367 0.153008 0.212942 0.150718 0.149473
0.134202 0.147274 0.169247 0.190270 0.214464 0.144543
0.143682 0.143682 0.152172 0.171614 0.221317 0.167533
0.152061 0.152061 0.133485 0.157229 0.229253 0.175911
0.170601 0.170601 0.168420 0.155594 0.164175 0.170607
0.172264 0.172264 0.137003 0.191210 0.154989 0.172270
0.169585 0.169585 0.148745 0.162164 0.180335 0.169585
0.178061 0.178061 0.176471 0.138031 0.161695 0.167682
0.144783 0.144783 0.148124 0.226244 0.141282 0.194783
0.154742 0.179723 0.158003 0.168812 0.191232 0.147487
0.135820 0.133699 0.145915 0.248472 0.209233 0.126859
0.182133 0.183497 0.151414 0.190771 0.119873 0.172311
0.132801 0.142572 0.119182 0.203669 0.266180 0.135596
0.155316 0.162764 0.184163 0.183558 0.154488 0.159711
0.163174 0.159296 0.141563 0.255396 0.131771 0.148800
0.147105 0.152913 0.137252 0.169105 0.199253 0.194373
0.147864 0.153161 0.150072 0.216482 0.192377 0.140044
0.116539 0.132930 0.159283 0.227397 0.178079 0.185772
0.185047 0.162778 0.155431 0.161044 0.158602 0.177099
0.133059 0.127905 0.191180 0.146312 0.219011 0.182533
0.163191 0.167878 0.150953 0.144727 0.225727 0.147524
0.155854 0.153706 0.138389 0.132689 0.218940 0.200421
0.155184 0.155174 0.150432 0.180563 0.221206 0.137441
0.165210 0.170476 0.157235 0.138276 0.169023 0.199779
0.187081 0.137582 0.132774 0.137272 0.192344 0.212948
0.138513 0.137220 0.154203 0.182283 0.247043 0.140739
0.139584 0.144626 0.132681 0.246375 0.159800 0.176933
0.161721 0.175014 0.151445 0.223142 0.138727 0.149950
0.121386 0.131749 0.124583 0.204765 0.215963 0.201554
0.151720 0.151714 0.150047 0.200498 0.212308 0.133714
0.158527 0.158527 0.165709 0.151204 0.146848 0.219185
0.167981 0.167981 0.168000 0.165787 0.170143 0.160108
0.160200 0.160219 0.137921 0.155442 0.193604 0.192615
0.180108 0.167011 0.168363 0.138639 0.148597 0.197281
0.163853 0.170366 0.146562 0.143011 0.214537 0.161672
0.163080 0.173192 0.171606 0.151130 0.184592 0.156401
0.155497 0.144283 0.156521 0.200573 0.176021 0.167105
0.161923 0.165523 0.155802 0.171308 0.184726 0.160718
0.157960 0.157960 0.154496 0.196347 0.139323 0.193914
0.168098 0.162832 0.157417 0.137148 0.161231 0.213275
0.173582 0.173280 0.203444 0.169369 0.144681 0.135645
0.149395 0.146506 0.157316 0.200705 0.189237 0.156840
0.174296 0.169488 0.144089 0.180542 0.176374 0.155212
0.161127 0.161427 0.155155 0.203955 0.179622 0.138713
0.134447 0.134447 0.128307 0.161550 0.252261 0.188989
0.149017 0.149027 0.130701 0.195553 0.169713 0.205990
0.161105 0.161105 0.169682 0.148802 0.228249 0.131056
0.151948 0.176948 0.155150 0.144575 0.201482 0.169897
0.159625 0.163485 0.147784 0.151389 0.205623 0.172095
0.156777 0.156777 0.142463 0.208734 0.201744 0.133505
0.168759 0.163885 0.146160 0.160342 0.138372 0.222481
0.180326 0.167254 0.148965 0.162591 0.169108 0.171757
0.160747 0.160747 0.132240 0.170459 0.248256 0.127550
0.171701 0.171701 0.200097 0.117839 0.176425 0.162236
0.148263 0.148263 0.145931 0.251936 0.098513 0.207094
0.170122 0.170122 0.167764 0.128301 0.227140 0.136551
0.144433 0.144433 0.182121 0.146714 0.203329 0.178971
0.177000 0.177000 0.152275 0.168802 0.145214 0.179708
0.156853 0.156853 0.129582 0.234164 0.184842 0.137705
0.162585 0.162585 0.133382 0.192689 0.165684 0.183075
0.185912 0.185912 0.166161 0.146507 0.147660 0.167847
0.152374 0.152374 0.123734 0.220206 0.195705 0.155608
0.169011 0.169011 0.187897 0.153780 0.164772 0.155529
0.167352 0.167352 0.163943 0.199907 0.129963 0.171483
0.183717 0.183717 0.154172 0.169164 0.141843 0.167386
0.163781 0.163781 0.156241 0.160268 0.184840 0.171088
0.151330 0.151330 0.190520 0.208267 0.156931 0.141623
0.187855 0.187855 0.170243 0.154399 0.135748 0.163901
0.148686 0.148671 0.185891 0.171708 0.174263 0.170781
0.163530 0.173530 0.170157 0.136430 0.185783 0.170570
0.147872 0.173963 0.174072 0.165249 0.185814 0.153029
0.187058 0.177143 0.154974 0.166057 0.156317 0.158451
0.149084 0.162442 0.142074 0.213410 0.161429 0.171561
0.163344 0.166255 0.132862 0.149289 0.259256 0.128994
0.163573 0.161601 0.120814 0.195611 0.151449 0.206951
0.154664 0.158972 0.192915 0.143587 0.194803 0.155059
0.159116 0.166099 0.148230 0.205308 0.183021 0.138225
0.154336 0.157384 0.174497 0.168430 0.173884 0.171469
0.150857 0.164124 0.150359 0.146771 0.193515 0.194374
0.151493 0.151184 0.156193 0.209910 0.196534 0.134685
0.168637 0.158807 0.156180 0.173012 0.178007 0.165358
0.163406 0.176492 0.177875 0.150060 0.139505 0.192664
0.154120 0.152474 0.138053 0.191925 0.226530 0.136898
0.208537 0.161497 0.112652 0.148045 0.155872 0.213398
0.165217 0.172896 0.173564 0.161618 0.160629 0.166075
0.156717 0.153118 0.162162 0.162127 0.210976 0.154900
0.141541 0.145412 0.165164 0.142477 0.249938 0.155468
0.142524 0.163843 0.146544 0.153726 0.215405 0.177958
0.151119 0.178822 0.184550 0.191140 0.150449 0.143920
0.169704 0.172593 0.131037 0.195347 0.194184 0.137135
0.162324 0.167132 0.158409 0.157319 0.185884 0.168932
0.153729 0.153428 0.135932 0.182387 0.187764 0.186760
0.151737 0.151737 0.121017 0.150183 0.260443 0.164884
0.150951 0.150941 0.161748 0.171033 0.204369 0.160958
0.152946 0.177946 0.227850 0.130942 0.150765 0.159551
0.205300 0.167777 0.136645 0.186705 0.138917 0.164655
0.169182 0.182138 0.165241 0.151477 0.158708 0.173255
0.186080 0.191039 0.178425 0.135489 0.140768 0.168198
0.151515 0.157917 0.130253 0.151892 0.226754 0.181670
0.131568 0.154808 0.164361 0.186540 0.208933 0.153789
0.156667 0.158215 0.138433 0.151531 0.214152 0.181002
0.149638 0.150154 0.164170 0.171978 0.219377 0.144683
0.147419 0.173044 0.165911 0.194675 0.169197 0.149755
0.164274 0.163220 0.156486 0.200603 0.171914 0.143503
0.162972 0.156499 0.134269 0.166974 0.159035 0.220250
0.158796 0.178439 0.134642 0.192004 0.180798 0.155320
0.151994 0.148760 0.170504 0.210963 0.158816 0.158963
0.153292 0.153292 0.135075 0.219589 0.182058 0.156694
0.154922 0.160118 0.146809 0.207097 0.189503 0.141551
0.163484 0.163800 0.191646 0.131211 0.155908 0.193952
0.153547 0.131371 0.170025 0.242216 0.148612 0.154228
0.163698 0.180762 0.144227 0.156437 0.140257 0.214619
0.151921 0.176616 0.167210 0.206494 0.155342 0.142417
0.167949 0.173761 0.153595 0.172023 0.149285 0.183386
0.162597 0.176286 0.128184 0.210131 0.166554 0.156249
0.150233 0.150233 0.230777 0.177516 0.125892 0.165349
0.176883 0.160216 0.177392 0.194426 0.153098 0.137985
0.179849 0.176752 0.148606 0.142040 0.162555 0.190198
0.179172 0.179172 0.168135 0.147449 0.158513 0.167559
0.143923 0.148504 0.144461 0.156968 0.248471 0.157674
0.157033 0.173700 0.132915 0.167439 0.145275 0.223638
0.159110 0.159110 0.140651 0.206462 0.193673 0.140994
0.166011 0.166011 0.138810 0.174004 0.219955 0.135208
0.154677 0.154677 0.137904 0.184757 0.218470 0.149516
0.158630 0.158630 0.179558 0.187827 0.131194 0.184161
0.148459 0.148459 0.134800 0.260866 0.192883 0.114534
0.144418 0.144418 0.149069 0.193663 0.206345 0.162088
0.152430 0.152430 0.142531 0.140988 0.252790 0.158831
0.142392 0.142392 0.127457 0.258854 0.144073 0.184832
0.158818 0.158818 0.138876 0.175613 0.204326 0.163548
0.160652 0.160652 0.141115 0.240694 0.142572 0.154315
0.176977 0.176977 0.132844 0.183330 0.164826 0.165046
0.147898 0.147898 0.134133 0.276444 0.167101 0.126525
0.153491 0.153491 0.158418 0.172798 0.154956 0.206846
0.147229 0.164976 0.174859 0.210416 0.176485 0.126034
0.162963 0.146296 0.184558 0.160179 0.208251 0.137753
0.153953 0.157100 0.128828 0.194063 0.181113 0.184943
0.159336 0.164878 0.117499 0.192530 0.212336 0.153421
0.173639 0.171586 0.151275 0.146912 0.153950 0.202640
0.157162 0.157162 0.131369 0.151170 0.203234 0.199902
0.187391 0.193277 0.152465 0.165598 0.152763 0.148507
0.154592 0.155097 0.125168 0.136882 0.260095 0.168166
0.153717 0.156768 0.189994 0.176629 0.151139 0.171752
0.140479 0.157127 0.173189 0.186955 0.205592 0.136659
0.168982 0.165811 0.227422 0.149962 0.139665 0.148159
0.161514 0.162702 0.178243 0.144497 0.183263 0.169781
0.143218 0.162673 0.132168 0.259013 0.145743 0.157185
0.148573 0.154800 0.137725 0.201560 0.184404 0.172938
0.178343 0.174465 0.141248 0.170938 0.170897 0.164110
0.147200 0.152404 0.127710 0.255932 0.172134 0.144619
0.149425 0.154505 0.167709 0.148291 0.175229 0.204843
0.140927 0.149451 0.149468 0.283545 0.134317 0.142292
0.135934 0.173033 0.134597 0.199620 0.143073 0.213742
0.145513 0.149594 0.151697 0.166721 0.250187 0.136288
0.168557 0.168254 0.151990 0.198088 0.160094 0.153017
0.182183 0.182171 0.161502 0.198351 0.129663 0.146131
0.159460 0.159450 0.169729 0.182072 0.167520 0.161770
0.171463 0.154797 0.156596 0.175935 0.200298 0.140910
0.206803 0.153706 0.149087 0.209549 0.149258 0.131596
0.163071 0.158888 0.172581 0.132228 0.207789 0.165443
0.150983 0.155548 0.157870 0.202609 0.172063 0.160927
0.131412 0.165020 0.136603 0.188536 0.176555 0.201874
0.170643 0.179624 0.170747 0.160993 0.141743 0.176250
0.145938 0.148664 0.123647 0.220092 0.213672 0.147988
0.160389 0.172889 0.173921 0.195540 0.129638 0.167623
0.149079 0.145948 0.138423 0.182227 0.232876 0.151448
0.157739 0.170220 0.120267 0.260616 0.146610 0.144549
0.147440 0.163870 0.147475 0.160155 0.236739 0.144321
0.122996 0.124397 0.161989 0.312717 0.154326 0.123575
0.135578 0.153712 0.167051 0.209940 0.161956 0.171762
0.140840 0.161438 0.186629 0.191778 0.152498 0.166817
0.153316 0.149411 0.119761 0.243286 0.176091 0.158134
0.155373 0.160086 0.135890 0.180209 0.218668 0.149774
0.168750 0.174318 0.154653 0.172617 0.185990 0.143671
0.146784 0.149759 0.171820 0.132028 0.203344 0.196265
0.183846 0.174236 0.158937 0.188531 0.143818 0.150632
0.162069 0.163269 0.131879 0.163367 0.197605 0.181811
0.162724 0.162423 0.179041 0.197407 0.153360 0.145046
0.148481 0.152666 0.162191 0.192660 0.182549 0.161453
0.149582 0.162072 0.203350 0.148615 0.160232 0.176150
0.162512 0.137512 0.147260 0.200007 0.199040 0.153669
0.184048 0.155747 0.149709 0.181232 0.180813 0.148451
0.166575 0.162716 0.134921 0.172559 0.201002 0.162227
0.160915 0.165111 0.151162 0.135730 0.185082 0.202000
0.141902 0.159276 0.128062 0.144963 0.229619 0.196178
0.132600 0.145672 0.177269 0.151553 0.222711 0.170195
0.169136 0.169136 0.154287 0.161062 0.186020 0.160359
0.158064 0.158064 0.126330 0.231486 0.191273 0.134782
0.157860 0.157860 0.139801 0.171663 0.235605 0.137212
0.166238 0.166238 0.127544 0.158390 0.218346 0.163245
0.171384 0.171384 0.191876 0.203043 0.117230 0.145084
0.150599 0.150599 0.195814 0.145299 0.208860 0.148830
0.178478 0.178478 0.143932 0.158531 0.185343 0.155238
0.154011 0.154011 0.211153 0.126923 0.180727 0.173174
0.139719 0.139719 0.131942 0.228030 0.165678 0.194912
0.146864 0.146864 0.139042 0.166724 0.195218 0.205288
0.150245 0.150245 0.182428 0.172220 0.205099 0.139762
0.172532 0.172532 0.157904 0.157144 0.170556 0.169332
0.167876 0.167876 0.130882 0.221926 0.161695 0.149745
0.158947 0.158963 0.177140 0.195364 0.130923 0.178662
0.154337 0.141837 0.176218 0.187632 0.183615 0.156361
0.159619 0.161001 0.203466 0.180969 0.159264 0.135681
0.155345 0.152618 0.168069 0.212443 0.162625 0.148899
0.149250 0.136750 0.144387 0.255062 0.146215 0.168336
0.153991 0.157106 0.135437 0.151659 0.192982 0.208824
0.154106 0.154106 0.180487 0.185064 0.168694 0.157543
0.181958 0.177244 0.203886 0.136344 0.101850 0.198718
0.180361 0.180047 0.156154 0.120837 0.193094 0.169507
0.172370 0.169696 0.154606 0.231016 0.116694 0.155618
0.164053 0.151553 0.155820 0.209678 0.158497 0.160398
0.165151 0.165458 0.161677 0.184868 0.160616 0.162231
0.151074 0.151074 0.138600 0.226135 0.213804 0.119315
0.133577 0.133588 0.126433 0.262317 0.211217 0.132868
0.162108 0.189620 0.149842 0.161146 0.160081 0.177203
0.143071 0.155571 0.141466 0.221005 0.176015 0.162873
0.151710 0.158369 0.141755 0.305331 0.101075 0.141761
0.154549 0.160782 0.150120 0.150469 0.239082 0.144998
0.154537 0.148368 0.136185 0.225151 0.136773 0.198986
0.160149 0.147649 0.169186 0.183210 0.171908 0.167899
0.155622 0.162293 0.174859 0.158647 0.175595 0.172983
0.179590 0.180100 0.150731 0.148372 0.193987 0.147221
0.145504 0.148771 0.160089 0.191585 0.214346 0.139705
0.186810 0.173712 0.178537 0.157124 0.155652 0.148165
0.159050 0.174239 0.132318 0.173114 0.199743 0.161536
0.160419 0.157459 0.186877 0.133760 0.204986 0.156499
0.156191 0.151196 0.169464 0.166583 0.206375 0.150191
0.160626 0.162767 0.122075 0.172253 0.196727 0.185551
0.175155 0.175155 0.140902 0.150422 0.199192 0.159175
0.171622 0.166356 0.157069 0.187060 0.159345 0.158549
0.171228 0.170728 0.168376 0.143223 0.173576 0.172869
0.157105 0.160270 0.144007 0.144272 0.223463 0.170883
0.157656 0.185056 0.162228 0.133149 0.234522 0.127390
0.138938 0.155086 0.147206 0.216600 0.179658 0.162512
0.172573 0.172573 0.119778 0.223555 0.182672 0.128850
0.161195 0.161201 0.157473 0.141821 0.217781 0.160529
0.149854 0.149854 0.134739 0.269474 0.131250 0.164830
0.182475 0.182475 0.151695 0.169188 0.154479 0.159687
0.178851 0.178851 0.157736 0.163210 0.134447 0.186906
0.188448 0.188448 0.171494 0.149783 0.133461 0.168366
0.183522 0.178649 0.157431 0.172864 0.143204 0.164330
0.175841 0.162784 0.172557 0.155127 0.182178 0.151513
0.143409 0.130909 0.153977 0.200836 0.192786 0.178084
0.150212 0.151593 0.140813 0.230761 0.189212 0.137408
0.164243 0.161517 0.169290 0.163425 0.179662 0.161863
0.146044 0.151291 0.172017 0.188521 0.197073 0.145056
0.168001 0.154450 0.136384 0.228184 0.157472 0.155508
0.146712 0.149859 0.149593 0.179375 0.190795 0.183666
0.160182 0.161010 0.142459 0.169372 0.210043 0.156934
0.167606 0.165239 0.169417 0.155253 0.188042 0.154443
0.168828 0.166155 0.141715 0.147019 0.241406 0.134877
0.144720 0.138106 0.125076 0.164964 0.211996 0.215139
0.183804 0.184616 0.155921 0.156865 0.171912 0.146882
0.144006 0.147073 0.159573 0.231700 0.153366 0.164282
0.167048 0.167060 0.184004 0.153089 0.169026 0.159774
0.187376 0.175170 0.173288 0.173592 0.141985 0.148589
0.144504 0.169504 0.168383 0.147550 0.199881 0.170178
0.139811 0.143107 0.135424 0.214083 0.216503 0.151073
0.178834 0.178834 0.136345 0.150031 0.172830 0.183126
0.154203 0.150007 0.161986 0.204585 0.182016 0.147204
0.138016 0.125516 0.119791 0.230158 0.241276 0.145243
0.170005 0.170005 0.163030 0.172067 0.164830 0.160063
0.147888 0.153303 0.213332 0.132252 0.200528 0.152697
0.148599 0.156280 0.188068 0.210041 0.144071 0.152941
0.168503 0.180303 0.170197 0.173010 0.153458 0.154529
0.159390 0.155109 0.145834 0.246661 0.128030 0.164976
0.154045 0.146839 0.144864 0.186360 0.187274 0.180618
0.150469 0.162950 0.159628 0.162364 0.199408 0.165181
0.160873 0.156995 0.164291 0.192863 0.146433 0.178544
0.153749 0.149442 0.149027 0.209473 0.205334 0.132975
0.139434 0.143886 0.128900 0.233063 0.205823 0.148892
0.177233 0.174995 0.164450 0.146957 0.159652 0.176713
0.158289 0.151020 0.166827 0.158960 0.196787 0.168117
0.181238 0.185971 0.184046 0.137660 0.149448 0.161637
0.144071 0.130670 0.129836 0.196833 0.272257 0.126334
0.191901 0.195348 0.161291 0.181604 0.118183 0.151673
0.163225 0.157947 0.158015 0.122626 0.243806 0.154381
0.160731 0.199499 0.139465 0.166447 0.162771 0.171087
0.197554 0.172108 0.151155 0.156110 0.168541 0.154531
0.159168 0.153346 0.144392 0.190321 0.198582 0.154191
0.170775 0.161369 0.127995 0.170007 0.187786 0.182068
0.172628 0.177687 0.176174 0.178488 0.127164 0.167859
0.149000 0.150913 0.152765 0.176744 0.208294 0.162284
0.141283 0.136475 0.111544 0.228133 0.219995 0.162569
0.164386 0.170261 0.174623 0.173342 0.160789 0.156599
0.134902 0.210204 0.171274 0.193122 0.160032 0.130467
0.164511 0.154920 0.161089 0.157678 0.197960 0.163842
0.156635 0.164503 0.169508 0.195585 0.172777 0.140991
0.155966 0.200355 0.132600 0.177668 0.195479 0.137931
0.158004 0.164816 0.145432 0.175040 0.151899 0.204810
0.165710 0.165700 0.154062 0.216387 0.137840 0.160301
0.153291 0.151005 0.170164 0.167307 0.197889 0.160344
0.178345 0.140804 0.136720 0.141619 0.201912 0.200601
0.179007 0.178141 0.148486 0.148788 0.189817 0.155762
0.170858 0.170858 0.209802 0.132756 0.171695 0.144031
0.185883 0.178257 0.148964 0.122974 0.180183 0.183739
0.163254 0.176327 0.176454 0.158636 0.146255 0.179074
0.157551 0.157544 0.178373 0.140723 0.247752 0.118058
0.162952 0.162952 0.173924 0.166984 0.146825 0.186363
0.164799 0.164799 0.162218 0.187567 0.159769 0.160847
