0.230452 0.194229 0.136825 0.138828 0.114291 0.185376
0.251371 0.162637 0.132272 0.146059 0.156517 0.151143
0.213177 0.148832 0.145791 0.168458 0.166783 0.156960
0.146716 0.131849 0.160053 0.159603 0.226777 0.175003
0.174697 0.162287 0.173749 0.139977 0.191609 0.157681
0.218783 0.159376 0.125336 0.163892 0.193943 0.138668
0.174015 0.158296 0.140980 0.202807 0.150638 0.173264
0.144649 0.187513 0.139208 0.151545 0.197959 0.179127
0.181308 0.142657 0.151139 0.127947 0.251967 0.144982
0.183515 0.148053 0.150180 0.162342 0.147769 0.208141
0.159431 0.158223 0.150405 0.144364 0.205947 0.181631
0.187809 0.196934 0.126617 0.180145 0.153837 0.154658
0.239143 0.140490 0.134633 0.205081 0.144093 0.136560
0.204420 0.128030 0.145389 0.133755 0.239971 0.148435
0.184108 0.149046 0.163322 0.165503 0.174472 0.163549
0.160217 0.146253 0.181454 0.160796 0.176215 0.175065
0.154056 0.197390 0.153835 0.139793 0.174152 0.180775
0.201515 0.168751 0.152332 0.166583 0.178999 0.131820
0.185753 0.157810 0.166018 0.162179 0.164722 0.163518
0.206889 0.158621 0.160894 0.140475 0.172644 0.160477
0.153988 0.131757 0.193799 0.156929 0.202256 0.161271
0.165737 0.173558 0.138297 0.192801 0.168058 0.161549
0.152972 0.143162 0.154946 0.181142 0.222987 0.144790
0.205695 0.145345 0.126894 0.170585 0.173840 0.177641
0.175066 0.160024 0.163585 0.178026 0.181210 0.142089
0.149830 0.152782 0.175277 0.158065 0.209461 0.154584
0.174629 0.150069 0.144194 0.153732 0.190534 0.186842
0.144791 0.149504 0.225120 0.129703 0.188919 0.161964
0.156241 0.194965 0.162172 0.150584 0.170594 0.165444
0.171100 0.140904 0.179592 0.154625 0.200180 0.153598
0.276878 0.178032 0.134548 0.149091 0.132678 0.128773
0.221024 0.110939 0.177654 0.129256 0.235812 0.125315
0.179665 0.139085 0.174048 0.133363 0.187772 0.186067
0.227830 0.188012 0.120230 0.134001 0.152656 0.177271
0.266817 0.142717 0.141762 0.159143 0.150621 0.138940
0.269969 0.157985 0.135692 0.125974 0.172109 0.138271
0.199420 0.183957 0.145262 0.170979 0.156758 0.143624
0.163266 0.139397 0.175734 0.165237 0.198876 0.157490
0.171419 0.132505 0.186156 0.160342 0.167857 0.181722
0.179785 0.165232 0.119472 0.173197 0.210648 0.151667
0.141705 0.168389 0.188034 0.148021 0.191998 0.161852
0.185671 0.166373 0.149421 0.171329 0.181088 0.146119
0.189646 0.176951 0.156664 0.155467 0.182000 0.139272
0.175966 0.166830 0.152341 0.174775 0.194357 0.135732
0.156450 0.149653 0.193904 0.159444 0.186927 0.153622
0.156172 0.135968 0.197720 0.166184 0.194667 0.149290
0.174899 0.138916 0.166486 0.201933 0.163455 0.154312
0.153202 0.145915 0.203626 0.159498 0.158385 0.179375
0.227811 0.191076 0.155156 0.147444 0.137750 0.140763
0.227058 0.135276 0.277769 0.117529 0.111344 0.131025
0.176706 0.188482 0.132324 0.170309 0.152612 0.179567
0.156773 0.148648 0.192109 0.141014 0.211258 0.150197
0.167106 0.134520 0.191970 0.153401 0.191643 0.161360
0.241099 0.142001 0.187835 0.137491 0.137948 0.153626
0.204262 0.142935 0.173384 0.145928 0.220263 0.113227
0.178467 0.160478 0.153746 0.185478 0.177430 0.144402
0.153647 0.169019 0.169472 0.149850 0.187737 0.170275
0.180894 0.134098 0.168161 0.164203 0.202768 0.149877
0.178322 0.155501 0.197849 0.162056 0.133483 0.172788
0.171016 0.166601 0.154677 0.182076 0.146658 0.178972
0.156736 0.142644 0.210452 0.162664 0.186088 0.141416
0.176933 0.169604 0.177348 0.173739 0.154704 0.147672
0.176786 0.123758 0.219684 0.163230 0.178818 0.137723
0.163435 0.140290 0.168763 0.176293 0.197077 0.154143
0.161451 0.153843 0.150106 0.152734 0.213073 0.168793
0.154435 0.134641 0.224390 0.143755 0.179083 0.163697
0.171984 0.132819 0.201174 0.146189 0.181335 0.166499
0.203679 0.128055 0.207534 0.144088 0.160489 0.156154
0.147843 0.129975 0.188167 0.145244 0.238256 0.150516
0.151445 0.121015 0.241767 0.138643 0.189150 0.157980
0.182537 0.163803 0.141642 0.151478 0.203791 0.156749
0.185790 0.194822 0.190550 0.150061 0.151740 0.127038
0.216296 0.106739 0.191405 0.170387 0.191433 0.123741
0.179008 0.165852 0.199316 0.170812 0.151304 0.133707
0.184642 0.161110 0.175167 0.124984 0.233658 0.120440
0.195421 0.122657 0.163468 0.143597 0.199622 0.175234
0.160424 0.175365 0.155426 0.198237 0.146004 0.164542
0.190278 0.154799 0.140715 0.189465 0.168782 0.155961
0.175816 0.161962 0.144132 0.205820 0.160748 0.151522
0.176584 0.216552 0.110758 0.175160 0.138614 0.182333
0.171831 0.163306 0.123124 0.196258 0.166251 0.179230
0.182333 0.156348 0.166792 0.185758 0.157749 0.151019
0.182516 0.141426 0.174854 0.171971 0.170537 0.158696
0.150716 0.118421 0.203614 0.167687 0.174333 0.185230
0.181952 0.107788 0.187008 0.129549 0.218515 0.175188
0.176938 0.147094 0.163811 0.164438 0.204820 0.142899
0.158438 0.158068 0.171250 0.176747 0.179642 0.155855
0.169043 0.150499 0.178753 0.167368 0.140493 0.193845
0.172659 0.175402 0.138498 0.175028 0.157219 0.181194
0.201583 0.146641 0.120179 0.176679 0.186732 0.168186
0.217072 0.127899 0.128377 0.220804 0.159690 0.146157
0.191922 0.134232 0.163677 0.195554 0.181908 0.132706
0.197245 0.144841 0.135458 0.164000 0.181221 0.177236
0.160459 0.146987 0.183667 0.134869 0.226254 0.147764
0.191913 0.193213 0.140972 0.159126 0.166829 0.147947
0.181395 0.191738 0.162691 0.159402 0.149016 0.155758
0.221626 0.134623 0.155118 0.169815 0.135746 0.183072
0.210385 0.150149 0.137086 0.173226 0.160615 0.168540
0.162618 0.182250 0.184990 0.161137 0.127826 0.181178
0.206559 0.164434 0.120084 0.169584 0.142284 0.197055
0.180734 0.165868 0.165701 0.160061 0.175555 0.152080
0.226519 0.139050 0.143633 0.170355 0.177465 0.142979
0.207079 0.127360 0.223932 0.103962 0.181990 0.155678
0.203529 0.166460 0.143284 0.149058 0.194078 0.143591
0.181340 0.148262 0.144245 0.155159 0.237067 0.133928
0.175732 0.160117 0.165568 0.171085 0.132339 0.195159
0.167599 0.174473 0.149041 0.167147 0.163266 0.178474
0.199138 0.186428 0.135869 0.132120 0.179062 0.167385
0.218433 0.123286 0.132355 0.181538 0.203284 0.141103
0.197740 0.179666 0.134879 0.215458 0.120414 0.151842
0.168712 0.157466 0.176132 0.174712 0.191318 0.131660
0.167717 0.141592 0.172183 0.149173 0.208019 0.161316
0.159615 0.163954 0.179731 0.166215 0.161903 0.168581
0.176983 0.197852 0.169849 0.164407 0.152667 0.138241
0.202529 0.138783 0.184536 0.155134 0.145854 0.173165
0.248535 0.141394 0.182314 0.147170 0.139549 0.141038
0.183144 0.164030 0.150502 0.148977 0.169174 0.184172
0.194453 0.155660 0.140438 0.171032 0.153360 0.185057
0.181245 0.182409 0.150188 0.168979 0.136643 0.180537
0.176780 0.140556 0.198855 0.147618 0.191805 0.144386
0.261262 0.121229 0.147214 0.151465 0.174750 0.144081
0.185360 0.142943 0.173516 0.190412 0.145023 0.162746
0.160009 0.130113 0.170035 0.191753 0.206503 0.141588
0.189502 0.141189 0.153387 0.172741 0.141237 0.201944
0.225925 0.154869 0.148715 0.163503 0.137648 0.169340
0.212947 0.190061 0.141690 0.135779 0.150177 0.169346
0.196086 0.189250 0.136090 0.154954 0.177781 0.145839
0.212940 0.162215 0.139114 0.183517 0.149624 0.152590
0.157973 0.157634 0.171517 0.185053 0.173016 0.154808
0.177018 0.179811 0.157371 0.160247 0.165843 0.159709
0.166912 0.185807 0.146764 0.177002 0.151107 0.172407
0.153334 0.144100 0.161357 0.208430 0.187039 0.145740
0.206757 0.149116 0.148700 0.178110 0.166700 0.150618
0.253651 0.131928 0.157702 0.133318 0.177699 0.145702
0.148533 0.121063 0.241580 0.146253 0.174570 0.168001
0.168388 0.159263 0.170947 0.174108 0.156580 0.170715
0.190693 0.147510 0.163065 0.183423 0.155137 0.160172
0.211226 0.136842 0.170549 0.182494 0.143303 0.155587
0.205712 0.171124 0.180627 0.142474 0.155828 0.144235
0.194231 0.144017 0.182902 0.178060 0.131184 0.169606
0.166910 0.126883 0.172059 0.206795 0.168218 0.159135
0.187276 0.162765 0.145282 0.180751 0.153091 0.170834
0.178249 0.161387 0.160571 0.188887 0.144293 0.166613
0.188214 0.123826 0.165230 0.168311 0.178311 0.176108
0.145180 0.201844 0.161910 0.138127 0.185300 0.167640
0.180287 0.169507 0.195580 0.145004 0.160232 0.149391
0.168521 0.145578 0.145529 0.183078 0.181445 0.175848
0.156487 0.167267 0.153950 0.142474 0.195175 0.184648
0.192789 0.127787 0.179663 0.161509 0.139114 0.199139
0.163948 0.111303 0.168274 0.230743 0.149665 0.176068
0.193513 0.139031 0.142300 0.235816 0.156545 0.132794
0.239747 0.130842 0.202377 0.127046 0.159182 0.140805
0.137154 0.141702 0.174886 0.167535 0.177916 0.200808
0.162859 0.173244 0.149479 0.155868 0.188718 0.169832
0.182098 0.136300 0.187986 0.178166 0.150125 0.165325
0.197750 0.144707 0.145507 0.223264 0.124739 0.164032
0.170204 0.198533 0.166860 0.150942 0.161913 0.151548
0.155209 0.176319 0.183995 0.170064 0.116949 0.197464
0.184659 0.145407 0.149353 0.179263 0.172310 0.169008
0.168115 0.202246 0.143588 0.171955 0.169376 0.144719
0.176736 0.161178 0.169775 0.170073 0.160879 0.161359
0.256064 0.122413 0.129548 0.185088 0.150454 0.156433
0.211512 0.157358 0.143668 0.127738 0.202931 0.156794
0.183953 0.152810 0.150811 0.159129 0.189346 0.163950
0.201812 0.120471 0.152059 0.194686 0.165483 0.165490
0.190742 0.178863 0.151646 0.140752 0.184737 0.153258
0.210756 0.136444 0.174287 0.157371 0.166831 0.154311
0.212485 0.127681 0.133638 0.194044 0.150934 0.181219
0.202208 0.143879 0.178721 0.189713 0.160955 0.124523
0.218175 0.113436 0.176591 0.184328 0.164809 0.142661
0.201911 0.155520 0.134190 0.178257 0.170882 0.159242
0.156192 0.149506 0.229289 0.142002 0.184997 0.138014
0.190121 0.149345 0.139175 0.189056 0.177131 0.155172
0.182304 0.139475 0.155063 0.196469 0.177341 0.149348
0.183378 0.201843 0.143843 0.143480 0.153331 0.174124
0.180616 0.194414 0.178581 0.135127 0.184222 0.127040
0.169025 0.154493 0.150443 0.195798 0.146893 0.183349
0.199929 0.192021 0.133452 0.171670 0.145591 0.157336
0.163891 0.168379 0.168673 0.190785 0.157981 0.150291
0.154984 0.161192 0.164927 0.175811 0.155812 0.187274
0.211490 0.171962 0.168469 0.118954 0.188423 0.140702
0.202834 0.195629 0.161233 0.149322 0.158032 0.132949
0.166745 0.130593 0.162524 0.184645 0.200209 0.155284
0.178124 0.170755 0.166796 0.161463 0.133256 0.189606
0.179251 0.175944 0.130330 0.161196 0.198217 0.155062
0.167205 0.153531 0.150764 0.149916 0.232404 0.146179
0.179458 0.126046 0.138700 0.135216 0.283151 0.137430
0.157269 0.149685 0.134022 0.165650 0.254175 0.139199
0.179722 0.131362 0.193319 0.155973 0.170068 0.169556
0.182905 0.137060 0.155361 0.149297 0.193988 0.181389
0.205992 0.160844 0.164203 0.159012 0.153817 0.156132
0.259830 0.122732 0.151617 0.148907 0.166745 0.150169
0.215053 0.154441 0.148269 0.146471 0.164180 0.171586
0.220274 0.146176 0.130690 0.164361 0.151972 0.186528
0.167615 0.159241 0.177752 0.152538 0.186911 0.155942
0.166365 0.154212 0.178584 0.163627 0.169216 0.167997
0.179779 0.203051 0.145265 0.157196 0.146008 0.168701
0.183218 0.187363 0.137494 0.201232 0.139040 0.151653
0.242363 0.149402 0.148546 0.143766 0.160712 0.155210
0.210577 0.135846 0.152792 0.157825 0.193572 0.149388
0.174080 0.156728 0.187598 0.162600 0.155323 0.163670
0.164597 0.188169 0.157852 0.145935 0.158021 0.185425
0.167050 0.169324 0.145797 0.181496 0.159101 0.177231
0.177855 0.195184 0.143437 0.192171 0.134802 0.156551
0.209607 0.178105 0.139299 0.142779 0.192858 0.137352
0.197638 0.131582 0.150943 0.139075 0.219739 0.161023
0.188721 0.179157 0.123638 0.173949 0.139094 0.195442
0.183717 0.169250 0.119841 0.168892 0.205493 0.152806
0.173360 0.125806 0.160562 0.184364 0.180897 0.175010
0.216309 0.147954 0.192578 0.158652 0.133328 0.151179
0.247272 0.171390 0.155308 0.118638 0.139228 0.168164
0.199432 0.122913 0.176470 0.160012 0.183772 0.157402
0.159963 0.160101 0.182983 0.161981 0.152997 0.181974
0.202185 0.196160 0.146563 0.153468 0.136223 0.165402
0.165138 0.149255 0.154977 0.169749 0.184103 0.176778
0.212991 0.170313 0.138239 0.162459 0.149672 0.166326
0.209640 0.204012 0.134439 0.148697 0.164177 0.139034
0.171714 0.146758 0.134507 0.175029 0.214155 0.157836
0.192053 0.172835 0.157620 0.151320 0.158120 0.168053
0.202040 0.172772 0.135460 0.135474 0.154966 0.199288
0.175108 0.127764 0.160282 0.203338 0.174473 0.159035
0.185615 0.143669 0.137713 0.204968 0.145191 0.182844
0.245385 0.165446 0.143416 0.161270 0.131274 0.153209
0.227347 0.162858 0.181255 0.139646 0.146262 0.142631
0.184122 0.174017 0.161770 0.163704 0.162579 0.153810
0.160814 0.153703 0.159341 0.174438 0.182744 0.168959
0.165015 0.178299 0.162075 0.174272 0.158926 0.161414
0.198345 0.153125 0.183973 0.166848 0.138580 0.159129
0.208591 0.169426 0.156327 0.136995 0.130535 0.198126
0.262800 0.126603 0.158379 0.133596 0.160114 0.158508
0.184438 0.142491 0.158411 0.143802 0.203309 0.167549
0.190850 0.185355 0.142028 0.146777 0.147665 0.187325
0.172491 0.159047 0.137447 0.168542 0.188414 0.174059
0.151253 0.176396 0.168494 0.170674 0.197931 0.135252
0.201529 0.183717 0.136239 0.167872 0.144914 0.165729
0.185355 0.129119 0.184425 0.199362 0.141377 0.160362
0.196137 0.157091 0.154690 0.168047 0.159561 0.164473
0.197452 0.148525 0.152496 0.143948 0.148137 0.209442
0.186179 0.119814 0.187117 0.158215 0.172784 0.175891
0.151539 0.164520 0.176163 0.151842 0.224749 0.131187
0.160967 0.168782 0.153632 0.166853 0.207792 0.141974
0.151150 0.176835 0.169702 0.171120 0.182202 0.148991
0.145272 0.174162 0.154814 0.156469 0.239456 0.129827
0.174628 0.166139 0.149405 0.180603 0.154594 0.174631
0.162712 0.142013 0.157779 0.193688 0.159090 0.184719
0.169820 0.157553 0.160597 0.169350 0.170058 0.172621
0.185660 0.186742 0.119724 0.154141 0.171923 0.181810
0.195339 0.156947 0.162201 0.170094 0.150834 0.164585
0.166318 0.141918 0.214159 0.143962 0.177733 0.155910
0.157873 0.181992 0.160767 0.144732 0.180291 0.174345
0.147837 0.152779 0.176810 0.202175 0.156567 0.163832
0.133253 0.174446 0.201018 0.155067 0.207877 0.128339
0.182046 0.152898 0.171629 0.140379 0.169479 0.183568
0.184920 0.132184 0.183484 0.190491 0.150926 0.157994
0.178403 0.140923 0.186443 0.185372 0.176784 0.132076
0.186686 0.184443 0.132744 0.168755 0.165666 0.161706
0.153893 0.146635 0.155790 0.161039 0.169531 0.213112
0.145364 0.186210 0.174467 0.146652 0.171969 0.175338
0.129645 0.179492 0.172071 0.120242 0.198937 0.199613
0.163268 0.144111 0.148311 0.179663 0.166603 0.198044
0.168629 0.115801 0.199489 0.166686 0.197418 0.151977
0.153672 0.110686 0.203322 0.139434 0.207076 0.185810
0.198470 0.164168 0.113489 0.175174 0.139920 0.208779
0.182946 0.127737 0.174923 0.177308 0.176199 0.160887
0.172940 0.173392 0.198422 0.156171 0.134735 0.164340
0.170214 0.163450 0.209015 0.143800 0.162055 0.151466
0.149720 0.105132 0.224171 0.151211 0.227454 0.142313
0.168548 0.162874 0.165057 0.144260 0.147511 0.211750
0.175404 0.179838 0.160936 0.135089 0.193616 0.155117
0.205899 0.163910 0.113957 0.209375 0.145075 0.161783
0.208346 0.125997 0.213497 0.155855 0.138497 0.157808
0.153744 0.154219 0.204952 0.159606 0.160628 0.166851
0.180790 0.156081 0.163690 0.206898 0.135238 0.157303
0.161166 0.144568 0.177352 0.148858 0.219794 0.148262
0.171330 0.185735 0.169358 0.172422 0.155484 0.145671
0.163114 0.175299 0.131081 0.156968 0.209522 0.164016
0.159505 0.136079 0.139459 0.202587 0.161921 0.200449
0.163206 0.147430 0.142907 0.195969 0.173994 0.176494
0.164034 0.165023 0.152194 0.144836 0.225878 0.148035
0.176325 0.131217 0.180549 0.158961 0.168673 0.184275
0.140553 0.171652 0.200761 0.154256 0.187449 0.145329
0.183490 0.147526 0.160908 0.178142 0.169434 0.160500
0.189442 0.137781 0.136681 0.183527 0.192747 0.159821
0.186456 0.182615 0.166396 0.154189 0.169069 0.141275
0.156478 0.141050 0.152541 0.174914 0.179547 0.195471
0.175707 0.142101 0.151181 0.151269 0.194419 0.185324
0.162408 0.166068 0.180736 0.153722 0.158862 0.178204
0.207768 0.154465 0.121880 0.196414 0.152720 0.166754
0.265366 0.121316 0.128641 0.155164 0.165450 0.164063
0.187608 0.172299 0.142971 0.177708 0.165617 0.153797
0.161741 0.140959 0.164826 0.210730 0.142956 0.178789
0.203831 0.151863 0.140571 0.135200 0.168628 0.199908
0.200924 0.145199 0.179452 0.166674 0.157794 0.149957
0.183857 0.170361 0.197406 0.152102 0.148782 0.147492
0.191969 0.165598 0.133526 0.170502 0.167834 0.170570
0.177811 0.181301 0.150797 0.203815 0.156538 0.129738
0.153058 0.174536 0.172940 0.174662 0.170976 0.153829
0.196152 0.143578 0.136624 0.194738 0.150485 0.178423
0.182811 0.186448 0.153433 0.191963 0.128433 0.156912
0.160851 0.153451 0.176081 0.192231 0.142809 0.174577
0.186058 0.136162 0.142395 0.190883 0.174775 0.169727
0.170501 0.158527 0.155701 0.193461 0.180081 0.141728
0.171727 0.149298 0.142860 0.160922 0.189294 0.185900
0.177255 0.139067 0.155502 0.170499 0.180656 0.177020
0.163386 0.186067 0.143498 0.195504 0.150441 0.161104
0.182628 0.148700 0.148457 0.183030 0.163214 0.173970
0.237841 0.177349 0.146356 0.153872 0.147767 0.136815
0.166873 0.186188 0.137768 0.188725 0.170686 0.149761
0.147310 0.164700 0.219272 0.138111 0.168710 0.161898
0.185816 0.172672 0.142284 0.166549 0.155272 0.177407
0.168443 0.157352 0.165759 0.165173 0.165931 0.177343
0.239936 0.163300 0.136933 0.163422 0.131485 0.164924
0.234446 0.154469 0.163131 0.161116 0.138538 0.148301
0.197619 0.199519 0.145908 0.170450 0.151131 0.135372
0.200122 0.195698 0.136579 0.153065 0.148773 0.165763
0.178432 0.144704 0.182991 0.148885 0.157765 0.187223
0.202293 0.143278 0.141831 0.217304 0.136224 0.159069
0.166766 0.172660 0.142597 0.213511 0.146720 0.157746
0.217000 0.136411 0.143471 0.213149 0.140463 0.149505
0.215665 0.156535 0.127904 0.200624 0.143013 0.156259
0.164482 0.187711 0.141198 0.172395 0.175137 0.159077
0.179557 0.149498 0.161852 0.168110 0.166722 0.174261
0.174534 0.154026 0.159478 0.169558 0.185316 0.157088
0.148649 0.219098 0.159631 0.193053 0.145067 0.134500
0.216672 0.170495 0.180860 0.120933 0.153226 0.157814
0.219510 0.120017 0.142220 0.158902 0.218950 0.140402
0.188487 0.168058 0.142014 0.171080 0.180193 0.150168
0.169681 0.171475 0.155050 0.138770 0.196098 0.168926
0.189742 0.170347 0.147541 0.160085 0.157700 0.174585
0.177750 0.222978 0.134441 0.145760 0.166539 0.152532
0.221106 0.153038 0.165423 0.151921 0.130656 0.177856
0.239605 0.189461 0.129019 0.136040 0.131263 0.174613
0.213795 0.153292 0.136674 0.155453 0.201582 0.139204
0.167224 0.131184 0.156313 0.156839 0.182820 0.205620
0.165965 0.155055 0.138973 0.145495 0.216550 0.177962
0.180137 0.151635 0.132174 0.190658 0.196075 0.149321
0.144693 0.138871 0.139696 0.214696 0.213718 0.148326
0.204389 0.180345 0.138787 0.128805 0.205318 0.142356
0.149211 0.202471 0.125486 0.163539 0.203828 0.155464
0.178249 0.135109 0.176749 0.175986 0.134384 0.199522
0.184729 0.177932 0.138229 0.149817 0.152882 0.196411
0.155386 0.169144 0.133589 0.178409 0.195746 0.167725
0.149413 0.202340 0.143317 0.158000 0.177767 0.169163
0.232232 0.146831 0.136894 0.178231 0.156227 0.149586
0.161542 0.133898 0.173027 0.178200 0.212744 0.140589
0.179979 0.168532 0.157287 0.149223 0.182310 0.162669
0.176291 0.171669 0.162247 0.159013 0.166685 0.164095
0.170654 0.174096 0.138045 0.186892 0.178700 0.151614
0.154776 0.135009 0.174909 0.234344 0.131232 0.169730
0.154297 0.169560 0.140946 0.202103 0.159457 0.173636
0.202759 0.130277 0.175446 0.142538 0.189114 0.159865
0.171448 0.176444 0.136676 0.176121 0.159862 0.179448
0.168878 0.146636 0.144862 0.179909 0.168530 0.191186
0.177860 0.165427 0.154465 0.159800 0.164672 0.177777
0.145067 0.156983 0.185250 0.155738 0.204609 0.152353
0.237668 0.150743 0.132718 0.140684 0.186502 0.151684
0.187545 0.158814 0.199067 0.138149 0.181789 0.134636
0.159703 0.156877 0.167865 0.157453 0.193676 0.164427
0.175102 0.165197 0.185155 0.151340 0.146821 0.176386
0.180538 0.126617 0.194045 0.154933 0.174325 0.169542
0.184168 0.140028 0.168834 0.178110 0.148813 0.180047
0.166754 0.125530 0.165065 0.222908 0.165366 0.154377
0.190815 0.145293 0.179159 0.182169 0.153469 0.149095
0.175173 0.159278 0.137598 0.151649 0.173746 0.202556
0.161102 0.174921 0.154136 0.170871 0.171698 0.167272
0.203549 0.173143 0.142783 0.150133 0.156328 0.174064
0.201374 0.124294 0.141914 0.204559 0.186698 0.141162
0.188944 0.129099 0.220730 0.184403 0.136389 0.140435
0.192999 0.148295 0.181596 0.172494 0.143087 0.161529
0.193605 0.135713 0.157228 0.136857 0.194674 0.181923
0.213336 0.151878 0.157573 0.159984 0.161935 0.155293
0.197925 0.178306 0.218880 0.136893 0.125309 0.142686
0.225195 0.132216 0.145579 0.142984 0.168284 0.185743
0.249339 0.152219 0.148529 0.148216 0.142571 0.159126
0.289503 0.140254 0.166837 0.129897 0.146906 0.126603
0.227127 0.141735 0.135875 0.164115 0.155845 0.175304
0.170097 0.181024 0.156211 0.150501 0.161050 0.181117
0.142129 0.162225 0.219953 0.143727 0.137943 0.194023
0.233673 0.144871 0.126106 0.172178 0.125073 0.198100
0.159192 0.160257 0.152693 0.236616 0.154689 0.136552
0.156580 0.155384 0.155445 0.166278 0.183015 0.183297
0.228481 0.157367 0.115789 0.170993 0.137906 0.189463
0.183734 0.189519 0.154360 0.159686 0.132440 0.180261
0.150617 0.187886 0.157200 0.185327 0.172196 0.146775
0.171396 0.154212 0.162096 0.173023 0.180005 0.159268
0.237755 0.139997 0.154549 0.138248 0.157048 0.172403
0.169426 0.146672 0.186267 0.151499 0.155815 0.190321
0.179583 0.152047 0.138552 0.188192 0.165860 0.175766
0.190746 0.169515 0.144521 0.167581 0.154601 0.173035
0.180104 0.162958 0.160368 0.145759 0.165343 0.185467
0.238672 0.143661 0.154948 0.131634 0.186019 0.145067
0.184128 0.152709 0.187113 0.138919 0.144003 0.193127
0.190911 0.137049 0.177802 0.154130 0.191091 0.149017
0.168438 0.149196 0.157128 0.160242 0.182028 0.182969
0.193504 0.142073 0.146005 0.143139 0.168339 0.206940
0.168601 0.150000 0.136591 0.171202 0.154537 0.219070
0.168446 0.156980 0.166848 0.160495 0.177180 0.170051
0.186273 0.146155 0.146902 0.194716 0.173032 0.152921
0.184162 0.139908 0.131316 0.191191 0.154894 0.198529
0.153508 0.178466 0.177649 0.141294 0.213129 0.135954
0.186598 0.176218 0.142057 0.156802 0.182097 0.156229
0.170067 0.189035 0.183552 0.150712 0.159909 0.146724
0.195697 0.216255 0.119740 0.159888 0.164533 0.143886
0.212579 0.145979 0.181467 0.141669 0.169286 0.149020
0.178647 0.179529 0.134300 0.189717 0.142005 0.175802
0.143585 0.160707 0.188808 0.148659 0.184819 0.173422
0.176874 0.164047 0.157672 0.171978 0.193604 0.135825
0.219927 0.146372 0.154963 0.165753 0.165708 0.147278
0.288346 0.139875 0.115745 0.116649 0.181308 0.158076
0.220264 0.172706 0.141960 0.127843 0.187111 0.150117
0.173490 0.126186 0.216923 0.151968 0.180233 0.151200
0.168299 0.166736 0.165487 0.159162 0.170701 0.169614
0.171450 0.140479 0.178960 0.175249 0.187661 0.146201
0.177247 0.137862 0.184218 0.172250 0.177474 0.150949
0.181738 0.151594 0.181891 0.123516 0.146599 0.214662
0.165809 0.158792 0.173556 0.180709 0.155169 0.165965
0.189154 0.143304 0.165099 0.174468 0.182417 0.145559
0.186186 0.149637 0.124086 0.155994 0.176110 0.207988
0.157701 0.169384 0.161801 0.184355 0.156993 0.169766
0.138442 0.176100 0.198159 0.166578 0.157271 0.163450
0.184537 0.205385 0.153773 0.144283 0.149963 0.162059
0.225240 0.178815 0.141585 0.157041 0.146174 0.151145
0.142397 0.148998 0.196365 0.155796 0.197058 0.159387
0.199714 0.150809 0.116830 0.172547 0.150646 0.209454
0.183238 0.185751 0.141687 0.177772 0.139486 0.172066
0.170711 0.167640 0.165646 0.186647 0.179537 0.129819
0.248857 0.131481 0.129037 0.148233 0.193634 0.148759
0.205493 0.152700 0.209356 0.116663 0.163450 0.152339
0.200785 0.187128 0.137645 0.170116 0.152920 0.151405
0.217017 0.174715 0.134674 0.185289 0.140111 0.148195
0.192326 0.149059 0.154979 0.170793 0.168950 0.163893
0.155623 0.185336 0.185064 0.146870 0.182315 0.144791
0.169852 0.186593 0.163158 0.149718 0.154179 0.176499
0.182101 0.138881 0.180409 0.161754 0.170624 0.166232
0.163164 0.171093 0.186494 0.142035 0.184325 0.152889
0.160314 0.156224 0.151748 0.157174 0.204425 0.170115
0.192888 0.140026 0.172480 0.153749 0.174880 0.165977
0.192284 0.158685 0.137367 0.200736 0.150480 0.160448
0.153385 0.147775 0.161516 0.232661 0.149984 0.154680
0.160714 0.138503 0.261042 0.091950 0.201486 0.146305
0.173775 0.181931 0.160719 0.142498 0.163483 0.177593
0.150927 0.165063 0.200168 0.154469 0.160339 0.169035
0.196339 0.150511 0.153812 0.179856 0.144386 0.175097
0.177929 0.225233 0.163274 0.159562 0.140167 0.133835
0.180640 0.196603 0.138185 0.156135 0.174776 0.153660
0.231648 0.120535 0.203916 0.139784 0.153536 0.150581
0.175002 0.181528 0.135392 0.174526 0.155693 0.177859
0.168894 0.189187 0.136259 0.184159 0.154123 0.167378
0.186596 0.117260 0.161538 0.163909 0.227408 0.143291
0.185063 0.148471 0.136985 0.181299 0.197446 0.150736
0.152679 0.213252 0.133724 0.150394 0.193633 0.156319
0.204412 0.176945 0.147467 0.144658 0.177947 0.148571
0.176314 0.167354 0.147707 0.158636 0.184496 0.165494
0.155326 0.158254 0.156828 0.169946 0.170804 0.188842
0.166105 0.151508 0.222702 0.163245 0.145489 0.150952
0.226081 0.129000 0.154225 0.153540 0.180741 0.156413
0.183479 0.167516 0.140917 0.187014 0.174098 0.146975
0.182826 0.177192 0.192180 0.130158 0.156250 0.161394
0.192774 0.131393 0.155117 0.139947 0.209289 0.171479
0.197268 0.174972 0.133404 0.148725 0.170263 0.175368
0.178805 0.185416 0.154192 0.183301 0.136551 0.161735
0.203111 0.159573 0.159608 0.183824 0.138182 0.155702
0.163274 0.157188 0.146014 0.207402 0.150642 0.175479
0.216547 0.148305 0.117965 0.161085 0.172291 0.183807
0.180778 0.130948 0.172849 0.173352 0.166739 0.175334
0.175126 0.163680 0.138064 0.177087 0.165698 0.180346
0.194302 0.151863 0.138952 0.168124 0.161736 0.185023
0.167559 0.118877 0.173351 0.210828 0.190857 0.138528
0.154257 0.169333 0.162298 0.189600 0.159150 0.165362
0.165992 0.161150 0.228516 0.149776 0.163855 0.130711
0.179644 0.150829 0.178084 0.163129 0.196459 0.131855
0.166044 0.155944 0.150551 0.170862 0.157739 0.198861
0.176540 0.158150 0.133370 0.142458 0.178169 0.211314
0.181858 0.146452 0.182240 0.154013 0.184568 0.150870
0.204116 0.180470 0.167970 0.130944 0.145921 0.170580
0.202843 0.200060 0.139623 0.154702 0.153594 0.149177
0.148384 0.135578 0.229852 0.155975 0.184537 0.145674
0.193051 0.170597 0.140897 0.152491 0.165022 0.177942
0.161674 0.168487 0.156952 0.165625 0.200313 0.146949
0.167326 0.166336 0.164146 0.158827 0.198667 0.144699
0.150660 0.149249 0.224443 0.128684 0.170718 0.176245
0.164991 0.159273 0.187339 0.126038 0.156997 0.205360
0.179844 0.156598 0.178050 0.126725 0.180774 0.178009
0.184249 0.151930 0.156097 0.147758 0.150645 0.209321
0.165839 0.187175 0.126492 0.165917 0.168319 0.186258
0.170312 0.181781 0.144452 0.167040 0.172666 0.163750
0.164811 0.182008 0.153519 0.212320 0.147532 0.139811
0.200980 0.151294 0.132850 0.198000 0.155944 0.160933
0.163634 0.145318 0.208332 0.155757 0.184115 0.142844
0.164541 0.177424 0.155383 0.154947 0.176928 0.170778
0.159365 0.174153 0.165413 0.156847 0.172781 0.171441
0.163978 0.142220 0.175792 0.141174 0.180306 0.196530
0.226244 0.117127 0.201904 0.121518 0.161760 0.171447
0.209999 0.155103 0.187407 0.161308 0.153746 0.132437
0.140461 0.114600 0.198678 0.175714 0.175822 0.194725
0.202355 0.138392 0.144018 0.177397 0.157056 0.180783
0.183030 0.143224 0.152357 0.189797 0.179076 0.152516
0.173457 0.202680 0.155178 0.136292 0.180096 0.152297
0.221247 0.181482 0.149446 0.127939 0.134943 0.184943
0.233509 0.168241 0.150924 0.134539 0.148042 0.164745
0.193492 0.136707 0.168031 0.130234 0.177757 0.193780
0.198991 0.146534 0.139011 0.170572 0.148099 0.196793
0.182315 0.165026 0.148154 0.171670 0.160410 0.172426
0.167340 0.160139 0.184722 0.158168 0.164179 0.165452
0.218201 0.171853 0.139163 0.165221 0.147304 0.158258
0.235563 0.149767 0.147698 0.175740 0.155171 0.136061
0.160777 0.141274 0.188995 0.159358 0.208345 0.141251
0.190381 0.156465 0.135839 0.171228 0.156020 0.190067
0.184666 0.199720 0.139322 0.162463 0.157346 0.156483
0.191380 0.151776 0.153550 0.114912 0.160561 0.227822
0.222190 0.120568 0.138401 0.149319 0.183018 0.186504
0.210970 0.163078 0.156165 0.161551 0.151807 0.156428
0.157820 0.147980 0.166745 0.134555 0.244225 0.148675
0.203322 0.138166 0.137293 0.188966 0.137707 0.194545
0.170838 0.161374 0.154931 0.183051 0.155338 0.174467
0.166446 0.145604 0.169977 0.177786 0.201531 0.138658
0.209386 0.154687 0.149875 0.167582 0.189760 0.128710
0.188469 0.133258 0.166470 0.166460 0.207289 0.138053
0.178630 0.161564 0.180655 0.129047 0.147192 0.202912
0.170050 0.144538 0.174631 0.168918 0.171695 0.170167
0.151447 0.197268 0.126356 0.210214 0.153597 0.161117
0.170856 0.164000 0.140483 0.190320 0.181440 0.152901
0.224938 0.140482 0.143021 0.180931 0.144246 0.166382
0.217465 0.155369 0.142574 0.198707 0.140498 0.145386
0.157466 0.147671 0.175803 0.168758 0.187225 0.163078
0.175389 0.161496 0.167227 0.142887 0.177980 0.175020
0.166940 0.177026 0.144386 0.147875 0.220269 0.143504
0.192774 0.205309 0.136832 0.138267 0.181808 0.145009
0.298796 0.138414 0.148205 0.111939 0.149796 0.152850
0.221821 0.133200 0.147141 0.158745 0.196532 0.142560
0.187567 0.194041 0.145407 0.166264 0.170984 0.135737
0.186722 0.201008 0.163609 0.146225 0.141506 0.160929
0.155629 0.150473 0.169457 0.208912 0.159279 0.156251
0.181008 0.117112 0.142832 0.174029 0.209014 0.176005
0.207305 0.145920 0.152815 0.195760 0.150899 0.147301
0.168845 0.151648 0.143722 0.206527 0.183168 0.146090
0.204595 0.147806 0.145296 0.171585 0.167443 0.163276
0.198416 0.162893 0.161400 0.172076 0.122904 0.182312
0.157062 0.137835 0.175299 0.188358 0.178112 0.163333
0.178206 0.142586 0.134417 0.228736 0.161323 0.154732
0.170675 0.142707 0.173981 0.164110 0.191167 0.157361
0.164349 0.127484 0.163531 0.186192 0.228437 0.130008
0.190194 0.160006 0.125955 0.187548 0.151236 0.185062
0.169322 0.131386 0.179999 0.168317 0.177599 0.173376
0.171590 0.162330 0.153012 0.169090 0.182933 0.161045
0.190264 0.170569 0.125219 0.175683 0.172171 0.166095
0.213493 0.157094 0.139480 0.141226 0.173854 0.174854
0.241527 0.136057 0.167165 0.140438 0.175851 0.138962
0.179123 0.148969 0.160377 0.167414 0.182663 0.161455
0.214066 0.158476 0.176918 0.137151 0.143982 0.169406
0.185823 0.153929 0.201152 0.147321 0.187019 0.124756
0.175711 0.145280 0.147133 0.192371 0.180656 0.158850
0.199142 0.194904 0.144721 0.153916 0.159139 0.148177
0.169976 0.170472 0.215569 0.169671 0.127981 0.146332
0.166442 0.156832 0.154585 0.179035 0.147819 0.195285
0.154229 0.141637 0.193256 0.154645 0.191575 0.164659
0.197412 0.168646 0.151062 0.161453 0.160549 0.160877
0.178427 0.120843 0.160005 0.192277 0.156165 0.192284
0.170473 0.154750 0.137757 0.187103 0.168940 0.180978
0.161830 0.158029 0.193994 0.147915 0.205046 0.133186
0.207649 0.178521 0.117944 0.196455 0.135562 0.163869
0.186178 0.169383 0.146857 0.175691 0.172284 0.149607
0.170206 0.151018 0.147546 0.206991 0.168987 0.155253
0.198876 0.120878 0.130172 0.213256 0.161661 0.175156
0.141165 0.153298 0.162731 0.147521 0.210255 0.185028
0.211114 0.163300 0.162307 0.144581 0.172595 0.146102
0.165854 0.121861 0.192879 0.178755 0.169387 0.171264
0.176090 0.171504 0.144433 0.187281 0.158601 0.162091
0.179593 0.145748 0.189096 0.160151 0.173595 0.151818
0.210218 0.166166 0.136562 0.195602 0.134584 0.156867
0.178197 0.143143 0.152970 0.156500 0.181843 0.187346
0.192663 0.186196 0.157177 0.164478 0.156198 0.143288
0.157883 0.163914 0.150036 0.188231 0.175110 0.164826
0.141851 0.134820 0.190631 0.156023 0.145212 0.231463
0.194548 0.160116 0.144467 0.177609 0.174062 0.149199
0.193436 0.137132 0.142852 0.213794 0.159491 0.153295
0.236309 0.143872 0.169239 0.162665 0.146761 0.141154
0.199736 0.123956 0.204476 0.143582 0.170448 0.157802
0.200863 0.165245 0.138588 0.170810 0.142818 0.181677
0.181944 0.163535 0.168747 0.139917 0.175767 0.170090
0.163987 0.160685 0.161855 0.169444 0.179224 0.164805
0.192746 0.145004 0.148549 0.181164 0.154115 0.178422
0.209446 0.161018 0.140222 0.165140 0.124980 0.199194
0.197288 0.172934 0.135244 0.151767 0.146930 0.195838
0.175878 0.165754 0.177467 0.155942 0.170969 0.153990
0.166280 0.152803 0.149607 0.170177 0.169070 0.192063
0.137836 0.143339 0.175018 0.146216 0.191950 0.205640
0.231338 0.135468 0.152411 0.155007 0.167178 0.158598
0.221978 0.141679 0.159996 0.126575 0.181826 0.167946
0.187612 0.157065 0.168431 0.155027 0.177673 0.154191
0.160963 0.161883 0.177193 0.170775 0.174769 0.154417
0.168783 0.152285 0.154807 0.179963 0.155822 0.188339
0.182940 0.172124 0.116198 0.192577 0.127478 0.208683
0.224539 0.144588 0.157841 0.190190 0.152254 0.130588
0.200920 0.102647 0.164965 0.174989 0.176074 0.180406
0.209006 0.163730 0.167472 0.161327 0.151962 0.146503
0.186084 0.144885 0.183716 0.149606 0.178848 0.156860
0.187970 0.154561 0.162142 0.144017 0.174117 0.177193
0.174134 0.182896 0.132866 0.168138 0.178385 0.163582
0.155648 0.209814 0.164404 0.175308 0.130844 0.163982
0.180591 0.177430 0.175000 0.150584 0.163647 0.152747
0.197857 0.136237 0.156602 0.132733 0.192697 0.183874
0.184030 0.156203 0.206217 0.141954 0.153598 0.157998
0.160337 0.136764 0.190468 0.144268 0.208056 0.160108
0.158049 0.204518 0.127719 0.150749 0.182050 0.176914
0.235230 0.139731 0.171440 0.121159 0.167364 0.165077
0.246875 0.152298 0.165969 0.144659 0.154047 0.136152
0.175870 0.174396 0.159281 0.173414 0.151240 0.165799
0.151404 0.107028 0.218857 0.122446 0.186763 0.213502
0.175417 0.148447 0.158364 0.191518 0.146817 0.179438
0.172055 0.161547 0.137771 0.170673 0.208968 0.148986
0.221813 0.148115 0.171776 0.153742 0.142716 0.161839
0.240356 0.121264 0.145896 0.133771 0.210982 0.147730
0.136545 0.161827 0.184839 0.159687 0.206477 0.150625
0.181037 0.149606 0.152274 0.151620 0.157513 0.207950
0.199008 0.186497 0.133467 0.169957 0.139519 0.171554
0.165686 0.192391 0.135011 0.173885 0.178547 0.154480
0.135309 0.124686 0.204810 0.168868 0.138586 0.227741
0.208746 0.185418 0.155200 0.179907 0.129999 0.140731
0.266880 0.146685 0.146843 0.166786 0.139735 0.133071
0.184177 0.129643 0.188102 0.180501 0.148326 0.169251
0.164613 0.152067 0.156549 0.165506 0.182247 0.179018
0.189097 0.194649 0.128428 0.169576 0.158971 0.159280
0.185195 0.164420 0.115752 0.176502 0.164638 0.193493
0.191772 0.135477 0.125593 0.196979 0.199182 0.150996
0.185739 0.175660 0.147441 0.159442 0.173731 0.157987
0.171742 0.141580 0.186815 0.150752 0.158222 0.190889
0.150957 0.110939 0.220429 0.174035 0.178255 0.165384
0.175023 0.148658 0.141820 0.165469 0.226359 0.142671
0.171369 0.155402 0.149221 0.179691 0.216275 0.128042
0.232712 0.160444 0.138820 0.146095 0.131328 0.190600
0.169145 0.185651 0.185683 0.146295 0.164948 0.148279
0.168352 0.135409 0.180104 0.145890 0.151014 0.219232
0.192776 0.151325 0.138897 0.161332 0.156655 0.199015
0.178051 0.176683 0.166430 0.157584 0.165512 0.155741
0.169559 0.168797 0.167600 0.151652 0.176553 0.165840
0.243833 0.096683 0.135486 0.201479 0.168153 0.154365
0.269004 0.152160 0.127249 0.157589 0.142852 0.151147
0.188249 0.143952 0.190062 0.163922 0.141092 0.172724
0.183763 0.166125 0.145238 0.156861 0.149395 0.198618
0.189523 0.169402 0.142454 0.164320 0.164230 0.170070
0.239511 0.158845 0.178899 0.135398 0.125562 0.161786
0.184556 0.110224 0.172665 0.234390 0.146942 0.151222
0.173471 0.143552 0.155790 0.205659 0.164585 0.156942
0.171294 0.172453 0.199356 0.150058 0.174630 0.132209
0.171498 0.128445 0.162172 0.166065 0.185090 0.186730
0.171636 0.172488 0.161715 0.168813 0.176250 0.149097
0.230960 0.194019 0.125661 0.145416 0.156976 0.146968
0.217977 0.221399 0.122080 0.145508 0.118964 0.174072
0.213154 0.204754 0.120512 0.129603 0.190062 0.141916
0.235884 0.140317 0.153780 0.149174 0.164739 0.156106
0.159605 0.150535 0.183935 0.166204 0.170934 0.168787
0.148794 0.172630 0.166157 0.169481 0.155309 0.187629
0.207862 0.192903 0.172197 0.137467 0.164475 0.125097
0.223548 0.132573 0.161206 0.128949 0.204311 0.149413
0.250910 0.163916 0.132854 0.155595 0.140174 0.156550
0.186543 0.137818 0.220346 0.157278 0.120603 0.177413
0.192303 0.163680 0.148987 0.182106 0.131599 0.181324
0.220396 0.150990 0.132005 0.155569 0.188076 0.152964
0.208174 0.127334 0.132592 0.201213 0.176280 0.154406
0.175314 0.140192 0.208950 0.184116 0.155931 0.135497
0.206297 0.129254 0.143539 0.172513 0.191093 0.157304
0.213294 0.130947 0.205390 0.156076 0.170417 0.123876
0.162988 0.151373 0.156250 0.171698 0.198945 0.158745
0.166682 0.170599 0.161793 0.150441 0.182189 0.168296
0.219912 0.142600 0.192424 0.142751 0.137751 0.164561
0.261180 0.136875 0.172394 0.164261 0.139726 0.125563
0.175691 0.198224 0.152648 0.172543 0.151788 0.149105
0.184798 0.136081 0.180295 0.126753 0.162479 0.209596
0.166204 0.139805 0.193575 0.148079 0.204679 0.147657
0.189459 0.164885 0.142058 0.162388 0.183697 0.157513
0.187098 0.139001 0.126451 0.203918 0.172236 0.171295
0.270087 0.142907 0.130959 0.130415 0.171026 0.154607
0.234832 0.152724 0.168582 0.149330 0.139763 0.154769
0.163998 0.145501 0.173679 0.164380 0.158702 0.193739
0.163751 0.176015 0.153946 0.167116 0.178497 0.160676
0.183070 0.182231 0.153851 0.182231 0.145143 0.153475
0.245270 0.153903 0.122010 0.152215 0.136542 0.190060
0.196269 0.131193 0.162539 0.156720 0.209473 0.143806
0.217576 0.168026 0.134356 0.170844 0.152693 0.156505
0.232149 0.145778 0.137395 0.162859 0.194674 0.127145
0.185605 0.179039 0.168592 0.150980 0.167490 0.148294
0.170825 0.169514 0.155216 0.190598 0.173809 0.140038
0.199155 0.190918 0.144170 0.171304 0.142245 0.152209
0.281630 0.134370 0.162860 0.133686 0.138682 0.148771
0.242522 0.146230 0.141873 0.197353 0.130065 0.141957
0.184107 0.137178 0.145424 0.182552 0.164965 0.185773
0.186237 0.132062 0.179924 0.149391 0.194224 0.158164
0.169902 0.166218 0.151257 0.173779 0.173159 0.165686
0.208571 0.136172 0.159548 0.156136 0.198600 0.140973
0.214582 0.125931 0.166979 0.147763 0.219335 0.125410
0.197174 0.132554 0.149639 0.190454 0.187791 0.142388
0.165608 0.167107 0.175411 0.166990 0.157777 0.167107
0.148043 0.140931 0.151582 0.149795 0.243711 0.165938
0.172350 0.163196 0.159989 0.190760 0.155090 0.158615
0.232188 0.154384 0.142679 0.190306 0.142718 0.137724
0.237721 0.148806 0.191815 0.126430 0.151463 0.143764
0.164235 0.186096 0.147328 0.157336 0.196410 0.148596
0.174893 0.160150 0.159931 0.180607 0.181811 0.142608
0.182062 0.165207 0.178856 0.151644 0.157023 0.165207
0.159380 0.154970 0.171077 0.170814 0.195712 0.148047
0.193032 0.178779 0.145179 0.174911 0.163941 0.144158
0.207236 0.186198 0.136686 0.170063 0.153716 0.146101
0.193029 0.158373 0.154414 0.149735 0.193328 0.151121
0.200026 0.133630 0.163159 0.164579 0.182324 0.156282
0.176713 0.157403 0.162269 0.181118 0.158391 0.164105
0.181377 0.165945 0.127684 0.198968 0.148921 0.177105
0.212341 0.137057 0.146596 0.138589 0.192011 0.173406
0.263216 0.122542 0.165723 0.172134 0.118366 0.158019
0.175160 0.144362 0.144551 0.213085 0.166683 0.156159
0.172251 0.140325 0.169499 0.146548 0.188949 0.182428
0.206067 0.152125 0.139075 0.177055 0.148753 0.176924
0.185412 0.141734 0.124105 0.160331 0.193863 0.194554
0.195266 0.114374 0.138292 0.152455 0.208479 0.191135
0.252356 0.124604 0.149392 0.151047 0.154212 0.168389
0.196840 0.120977 0.150218 0.173300 0.196285 0.162379
0.158396 0.140732 0.150113 0.154743 0.231362 0.164655
0.168389 0.176169 0.178441 0.144874 0.183316 0.148810
0.157154 0.162397 0.180130 0.183102 0.151163 0.166055
0.164472 0.147427 0.130824 0.179830 0.189637 0.187809
0.203206 0.173429 0.157728 0.147535 0.144003 0.174099
0.169706 0.164422 0.207342 0.183088 0.129693 0.145748
0.177993 0.152223 0.166065 0.164046 0.163994 0.175678
0.217962 0.167634 0.112221 0.175374 0.134310 0.192499
0.172625 0.151793 0.175729 0.163209 0.163669 0.172974
0.169673 0.150902 0.142269 0.178260 0.178424 0.180473
0.224815 0.149683 0.138083 0.181335 0.159936 0.146147
0.185348 0.144883 0.197479 0.162120 0.159781 0.150389
0.172490 0.131012 0.163526 0.166657 0.169365 0.196951
0.187507 0.141781 0.176377 0.142228 0.146338 0.205770
0.197114 0.160674 0.161971 0.148465 0.160861 0.170916
0.218004 0.149874 0.146395 0.138820 0.172750 0.174157
0.267133 0.159486 0.126093 0.140650 0.143027 0.163612
0.207451 0.130282 0.177693 0.166612 0.159459 0.158502
0.179013 0.118866 0.133346 0.172519 0.220429 0.175827
0.195619 0.158233 0.143608 0.185197 0.165599 0.151743
0.180871 0.171911 0.169860 0.143013 0.163847 0.170499
0.217223 0.149006 0.141220 0.182673 0.139936 0.169941
0.228666 0.127100 0.140328 0.202790 0.123057 0.178059
0.224932 0.154178 0.167237 0.144640 0.146554 0.162459
