0.165321 0.189735 0.140183 0.171851 0.148918 0.183992
0.141250 0.134551 0.168319 0.175052 0.170334 0.210494
0.184344 0.181713 0.164128 0.168847 0.142847 0.158122
0.188139 0.183043 0.168501 0.152702 0.143939 0.163676
0.173148 0.161039 0.161189 0.157174 0.166320 0.181131
0.191706 0.177088 0.120658 0.171853 0.160867 0.177829
0.154124 0.155124 0.171668 0.180203 0.173321 0.165561
0.180935 0.170935 0.162128 0.168816 0.164149 0.153038
0.214601 0.209155 0.157872 0.138348 0.148821 0.131202
0.187105 0.187105 0.147712 0.134012 0.130694 0.213373
0.161988 0.193466 0.176489 0.157449 0.145895 0.164713
0.184849 0.171484 0.155368 0.148728 0.214661 0.124909
0.169799 0.240205 0.133469 0.160923 0.148088 0.147516
0.161116 0.158392 0.173733 0.172944 0.170871 0.162944
0.179125 0.160794 0.161237 0.170656 0.161839 0.166349
0.162302 0.152216 0.167409 0.176793 0.164780 0.176499
0.155966 0.147772 0.160313 0.171323 0.214803 0.149823
0.192675 0.183817 0.175727 0.145523 0.147696 0.154563
0.161709 0.146792 0.157024 0.165065 0.168337 0.201073
0.203896 0.201379 0.148785 0.150846 0.148845 0.146249
0.151536 0.144932 0.181104 0.182504 0.155633 0.184292
0.160431 0.178003 0.144156 0.164301 0.199448 0.153661
0.147618 0.147934 0.164476 0.169772 0.168894 0.201307
0.178078 0.201511 0.144727 0.156003 0.144068 0.175612
0.156332 0.139100 0.181607 0.182493 0.180476 0.159992
0.211470 0.204312 0.135884 0.163926 0.128172 0.156235
0.167974 0.181149 0.210176 0.143827 0.151006 0.145869
0.140357 0.131843 0.169262 0.175243 0.171895 0.211400
0.184302 0.167752 0.154060 0.154349 0.199369 0.140168
0.161708 0.159739 0.172187 0.167968 0.176991 0.161406
0.182532 0.179291 0.148484 0.167976 0.159586 0.162131
0.185856 0.186130 0.153331 0.159102 0.147147 0.168433
0.200338 0.215766 0.137082 0.151093 0.128473 0.167248
0.153271 0.187462 0.172497 0.184914 0.151217 0.150638
0.167432 0.192599 0.125964 0.142538 0.207932 0.163535
0.203139 0.198386 0.152947 0.153396 0.145961 0.146170
0.153626 0.227671 0.146159 0.147778 0.151629 0.173137
0.153192 0.198659 0.209592 0.145532 0.149090 0.143935
0.158246 0.192854 0.162119 0.186306 0.137993 0.162482
0.164187 0.184368 0.164803 0.162241 0.157272 0.167129
0.183549 0.162556 0.166604 0.158963 0.174113 0.154215
0.147798 0.132944 0.209651 0.184064 0.172216 0.153327
0.166277 0.155710 0.163554 0.160126 0.157829 0.196504
0.177703 0.149878 0.158514 0.169100 0.204434 0.140370
0.131828 0.130854 0.161312 0.168771 0.246258 0.160978
0.144655 0.161621 0.139290 0.146900 0.182356 0.225178
0.172397 0.169429 0.209299 0.153970 0.147479 0.147427
0.160030 0.159452 0.171040 0.179142 0.156348 0.173987
0.152019 0.184391 0.157715 0.154757 0.157501 0.193618
0.182583 0.180353 0.164839 0.165458 0.149355 0.157412
0.214823 0.203670 0.147992 0.144533 0.154570 0.134412
0.155633 0.150174 0.169112 0.194112 0.143892 0.187078
0.261465 0.244514 0.130014 0.126785 0.117275 0.119948
0.157950 0.148107 0.175840 0.171243 0.176988 0.169873
0.156367 0.175501 0.144931 0.190678 0.148671 0.183852
0.170672 0.166725 0.163944 0.155365 0.158325 0.184970
0.163261 0.144500 0.167498 0.161533 0.167209 0.195998
0.174325 0.176815 0.166314 0.160626 0.163347 0.158572
0.146249 0.133369 0.187457 0.173187 0.183605 0.176132
0.181899 0.173568 0.167754 0.178542 0.153839 0.144397
0.151156 0.140653 0.179222 0.189046 0.166663 0.173259
0.183633 0.174878 0.167544 0.170338 0.156646 0.146960
0.195733 0.164618 0.144650 0.165605 0.171411 0.157982
0.177230 0.155469 0.151310 0.147183 0.210883 0.157925
0.213975 0.201937 0.138720 0.141446 0.146815 0.157107
0.159852 0.128133 0.164026 0.181856 0.168986 0.197146
0.197208 0.206868 0.144285 0.142575 0.152505 0.156559
0.180944 0.173821 0.169034 0.166179 0.156495 0.153528
0.172929 0.140999 0.164261 0.158754 0.163565 0.199492
0.187945 0.198312 0.144973 0.144990 0.146517 0.177264
0.157031 0.201952 0.166843 0.169738 0.156737 0.147699
0.169080 0.146208 0.167744 0.161259 0.178504 0.177206
0.159302 0.210256 0.149606 0.165966 0.160442 0.154428
0.143350 0.133263 0.227640 0.173955 0.168863 0.152930
0.167053 0.191806 0.163275 0.166836 0.158663 0.152366
0.151487 0.135206 0.193018 0.169529 0.168246 0.182513
0.185285 0.223283 0.160713 0.144406 0.138862 0.147451
0.196379 0.200752 0.136298 0.129074 0.138107 0.199390
0.156727 0.173360 0.166484 0.165575 0.158279 0.179574
0.202050 0.204931 0.134341 0.149123 0.160728 0.148828
0.168764 0.141741 0.165121 0.169742 0.176740 0.177892
0.223274 0.176121 0.137641 0.152633 0.169536 0.140795
0.143573 0.133868 0.177014 0.196824 0.160884 0.187837
0.200740 0.180158 0.147078 0.140448 0.183603 0.147972
0.155756 0.131800 0.184206 0.171818 0.183345 0.173075
0.157324 0.188048 0.144817 0.159848 0.173226 0.176738
0.185560 0.157785 0.185471 0.148060 0.137059 0.186065
0.170030 0.170228 0.161338 0.180703 0.164098 0.153603
0.195957 0.172873 0.161722 0.164766 0.131709 0.172974
0.174739 0.180047 0.179534 0.160822 0.145880 0.158977
0.187773 0.173269 0.152491 0.178791 0.157664 0.150013
0.157606 0.159275 0.158232 0.188021 0.166673 0.170194
0.192755 0.192455 0.150186 0.169172 0.154266 0.141166
0.155453 0.157289 0.179249 0.176036 0.187344 0.144628
0.142769 0.131123 0.153890 0.162781 0.235294 0.174143
0.187127 0.177777 0.176311 0.140887 0.153443 0.164456
0.168671 0.158699 0.147436 0.164189 0.153361 0.207645
0.191447 0.145473 0.153138 0.183358 0.148578 0.178007
0.160319 0.157418 0.161209 0.162258 0.178955 0.179842
0.192907 0.152870 0.161557 0.161552 0.183686 0.147427
0.171510 0.181809 0.146735 0.141807 0.186300 0.171839
0.145008 0.137696 0.183271 0.183585 0.177785 0.172656
0.192142 0.192348 0.181173 0.163185 0.144755 0.126397
0.155841 0.147838 0.162167 0.171366 0.161660 0.201127
0.167646 0.167953 0.156313 0.186818 0.143329 0.177940
0.180935 0.222026 0.140169 0.155340 0.157004 0.144525
0.174523 0.165048 0.159627 0.166662 0.166786 0.167353
0.167169 0.164496 0.160608 0.168741 0.167938 0.171049
0.142914 0.164043 0.191884 0.174967 0.163614 0.162577
0.172982 0.191284 0.158510 0.152597 0.149419 0.175207
0.151967 0.151967 0.184920 0.181357 0.161460 0.168328
0.157913 0.153724 0.162510 0.155584 0.192015 0.178253
0.173542 0.161042 0.134212 0.149457 0.143482 0.238266
0.180153 0.180153 0.153131 0.178131 0.148546 0.159887
0.170633 0.170882 0.159131 0.153802 0.204877 0.140674
0.146013 0.136013 0.159730 0.159449 0.201151 0.197645
0.194308 0.191532 0.157963 0.155153 0.155680 0.145364
0.191706 0.176621 0.178480 0.158334 0.156125 0.138734
0.153421 0.143421 0.170704 0.187667 0.169602 0.175186
0.178963 0.181193 0.156491 0.153607 0.143607 0.186139
0.189926 0.177426 0.153660 0.143500 0.159464 0.176024
0.193613 0.214555 0.151544 0.127701 0.152701 0.159886
0.132220 0.119182 0.164492 0.239119 0.164124 0.180863
0.155587 0.149016 0.170704 0.178683 0.176288 0.169722
0.137276 0.125875 0.177135 0.169053 0.174507 0.216153
0.151947 0.142256 0.181154 0.177349 0.181372 0.165923
0.175137 0.172506 0.148797 0.146492 0.157394 0.199674
0.156100 0.155344 0.174718 0.184172 0.170573 0.159093
0.182061 0.191499 0.150077 0.132889 0.144710 0.198765
0.186431 0.244774 0.138558 0.142565 0.142513 0.145159
0.181390 0.208849 0.152641 0.150046 0.144592 0.162482
0.126965 0.136217 0.167027 0.178318 0.154502 0.236973
0.171044 0.175567 0.162966 0.168368 0.168516 0.153539
0.163236 0.151153 0.182086 0.182019 0.164576 0.156930
0.166072 0.171288 0.165977 0.142436 0.180671 0.173555
0.172973 0.177596 0.164916 0.172925 0.142525 0.169065
0.136541 0.189678 0.169464 0.163031 0.161186 0.180100
0.149625 0.168167 0.190950 0.133220 0.150246 0.207791
0.133689 0.130884 0.188846 0.192759 0.197414 0.156409
0.162054 0.157874 0.182061 0.158588 0.163143 0.176280
0.156208 0.146445 0.155640 0.166198 0.161475 0.214034
0.168914 0.158902 0.159556 0.174865 0.175275 0.162488
0.170139 0.154894 0.161871 0.182285 0.185428 0.145383
0.211191 0.155509 0.134400 0.140717 0.159751 0.198432
0.186028 0.172494 0.154711 0.173113 0.156701 0.156952
0.205982 0.212645 0.159627 0.144775 0.129138 0.147832
0.155867 0.176404 0.147232 0.164409 0.160664 0.195424
0.183859 0.189552 0.161903 0.159682 0.159977 0.145028
0.183541 0.183229 0.154850 0.143926 0.143926 0.190527
0.183771 0.181233 0.151222 0.162428 0.162436 0.158910
0.180156 0.170303 0.167877 0.165642 0.161593 0.154430
0.184162 0.159471 0.184306 0.171464 0.165024 0.135572
0.185854 0.198354 0.154460 0.139937 0.158282 0.163113
0.148438 0.145391 0.224270 0.172905 0.171227 0.137768
0.190694 0.183718 0.142628 0.155558 0.140044 0.187357
0.135258 0.186389 0.140643 0.191154 0.166084 0.180473
0.185025 0.188559 0.148132 0.164732 0.166731 0.146821
0.164656 0.158847 0.155249 0.171816 0.166008 0.183425
0.179923 0.175668 0.161084 0.166318 0.161073 0.155934
0.165585 0.140092 0.165840 0.169520 0.165840 0.193123
0.130960 0.155960 0.214223 0.156330 0.164223 0.178303
0.172209 0.181983 0.169981 0.154792 0.166446 0.154589
0.154435 0.149228 0.168614 0.183689 0.161791 0.182243
0.205567 0.190091 0.153487 0.126793 0.155154 0.168909
0.151408 0.152753 0.173591 0.181728 0.182247 0.158273
0.172420 0.164823 0.157742 0.158928 0.160253 0.185834
0.174628 0.157440 0.153302 0.133761 0.180757 0.200113
0.156171 0.155420 0.182013 0.170109 0.177989 0.158299
0.156154 0.151112 0.152742 0.169887 0.155784 0.214321
0.183787 0.178583 0.141323 0.171112 0.154976 0.170220
0.173254 0.172938 0.153756 0.154033 0.151326 0.194694
0.155682 0.152864 0.153836 0.203261 0.156660 0.177697
0.182909 0.166243 0.144755 0.145368 0.166751 0.193974
0.157596 0.157900 0.162128 0.156968 0.162111 0.203297
0.166845 0.166992 0.140900 0.199608 0.143858 0.181796
0.163976 0.138987 0.141925 0.176212 0.145392 0.233508
0.169344 0.177648 0.174172 0.148547 0.173875 0.156415
0.182621 0.183728 0.169745 0.181456 0.152856 0.129594
0.159982 0.156103 0.160415 0.158550 0.171065 0.193885
0.172262 0.173392 0.182893 0.134613 0.157893 0.178947
0.122684 0.118103 0.215489 0.196461 0.173680 0.173582
0.192126 0.169799 0.129629 0.134913 0.134984 0.238549
0.180847 0.168401 0.180596 0.149248 0.181139 0.139769
0.158459 0.173094 0.164031 0.168269 0.165824 0.170324
0.167064 0.166144 0.138462 0.162791 0.157520 0.208019
0.155913 0.159877 0.170920 0.176493 0.172045 0.164752
0.209561 0.198245 0.147281 0.149448 0.153466 0.141999
0.210127 0.240901 0.122032 0.146259 0.125004 0.155676
0.178913 0.171473 0.176765 0.150499 0.174679 0.147671
0.185904 0.173611 0.181009 0.157381 0.142263 0.159832
0.172304 0.170814 0.135738 0.199910 0.142410 0.178824
0.151148 0.147409 0.171331 0.187811 0.174329 0.167971
0.142006 0.156430 0.174729 0.181810 0.167832 0.177193
0.175125 0.149899 0.139055 0.184641 0.159044 0.192236
0.179776 0.177695 0.178981 0.148170 0.158397 0.156982
0.153995 0.146872 0.151772 0.154539 0.206014 0.186808
0.183553 0.200782 0.136338 0.157300 0.162132 0.159896
0.175651 0.188233 0.166736 0.148506 0.162220 0.158654
0.160502 0.163383 0.224573 0.149573 0.140887 0.161082
0.213214 0.211536 0.151078 0.151915 0.141613 0.130644
0.168223 0.134315 0.175343 0.175448 0.159151 0.187520
0.184536 0.182069 0.138538 0.160644 0.163564 0.170649
0.187753 0.180711 0.148464 0.163778 0.156335 0.162959
0.188540 0.161671 0.156461 0.166424 0.188414 0.138490
0.193129 0.203427 0.130951 0.164676 0.137229 0.170589
0.148921 0.136489 0.184071 0.185511 0.188262 0.156746
0.191085 0.180985 0.146918 0.179548 0.149008 0.152456
0.137799 0.128457 0.187359 0.181721 0.176301 0.188363
0.183184 0.182216 0.167927 0.169589 0.151347 0.145738
0.183684 0.190776 0.141756 0.151021 0.166756 0.166008
0.151944 0.213400 0.136051 0.151220 0.155292 0.192093
0.167003 0.189050 0.163523 0.177414 0.172999 0.130011
0.181708 0.149892 0.164386 0.173167 0.155164 0.175683
0.179493 0.186225 0.159476 0.146238 0.161577 0.166992
0.163996 0.159138 0.166165 0.184361 0.157159 0.169181
0.171737 0.168022 0.168597 0.140359 0.159667 0.191618
0.140180 0.130180 0.181692 0.155926 0.181294 0.210729
0.190422 0.190864 0.168764 0.157822 0.164556 0.127572
0.208071 0.191925 0.141778 0.172583 0.120919 0.164725
0.172722 0.175407 0.156361 0.161370 0.158174 0.175966
0.202560 0.198364 0.156615 0.150680 0.150621 0.141160
0.168000 0.180499 0.163462 0.168079 0.151534 0.168425
0.182707 0.186390 0.156911 0.175782 0.159953 0.138257
0.204386 0.191879 0.141601 0.153616 0.141601 0.166918
0.195922 0.217051 0.141654 0.144044 0.136333 0.164996
0.190118 0.177540 0.147643 0.169975 0.141690 0.173035
0.159299 0.137326 0.183111 0.179872 0.199786 0.140606
0.181124 0.186474 0.144709 0.165111 0.162869 0.159714
0.139199 0.165661 0.166301 0.167859 0.180381 0.180599
0.207624 0.194063 0.166240 0.166247 0.138617 0.127210
0.158311 0.178492 0.171755 0.159978 0.154262 0.177202
0.181121 0.176906 0.167821 0.153640 0.176294 0.144218
0.195765 0.185107 0.151555 0.148189 0.181931 0.137453
0.183697 0.204641 0.144043 0.157799 0.155365 0.154456
0.168294 0.164949 0.178184 0.160914 0.155724 0.171934
0.194579 0.187200 0.154886 0.145255 0.143444 0.174637
0.146626 0.162772 0.146260 0.164868 0.156348 0.223126
0.143394 0.165721 0.173198 0.159623 0.171351 0.186713
0.173572 0.173579 0.167933 0.172815 0.144009 0.168092
0.189659 0.214667 0.144015 0.143807 0.146189 0.161663
0.154087 0.150039 0.173321 0.186200 0.171554 0.164800
0.194547 0.169804 0.158789 0.154965 0.151933 0.169962
0.178345 0.193345 0.158543 0.146211 0.158860 0.164696
0.176060 0.170174 0.174495 0.159738 0.157617 0.161916
0.197096 0.168194 0.143129 0.156527 0.187041 0.148013
0.189725 0.168557 0.144855 0.151593 0.166058 0.179212
0.167033 0.148252 0.161666 0.145598 0.223041 0.154411
0.167204 0.166657 0.173357 0.165320 0.166483 0.160979
0.178563 0.170852 0.157539 0.176243 0.165276 0.151528
0.188940 0.179833 0.170684 0.148207 0.146154 0.166180
0.172487 0.171106 0.147791 0.174770 0.164918 0.168929
0.136990 0.151990 0.170611 0.212284 0.157662 0.170463
0.171372 0.166476 0.154892 0.164152 0.189845 0.153263
0.180620 0.180101 0.133875 0.152992 0.156651 0.195761
0.192536 0.189724 0.149504 0.166267 0.148968 0.153001
0.186177 0.186177 0.169634 0.142225 0.162612 0.153174
0.146839 0.213506 0.149239 0.135006 0.151466 0.203944
0.181977 0.185511 0.163901 0.158173 0.167701 0.142738
0.185665 0.181476 0.201684 0.153293 0.152772 0.125109
0.168684 0.152313 0.181794 0.166640 0.158006 0.172563
0.167994 0.157994 0.157734 0.156606 0.156896 0.202775
0.134128 0.134128 0.145479 0.164188 0.192326 0.229751
0.164232 0.164232 0.149260 0.162535 0.166647 0.193096
0.156902 0.152322 0.148864 0.175516 0.164440 0.201956
0.170195 0.153528 0.154342 0.184090 0.186561 0.151284
0.158167 0.158167 0.139049 0.159101 0.142295 0.243220
0.195887 0.195887 0.141483 0.163507 0.162886 0.140350
0.164763 0.164912 0.181060 0.180022 0.168229 0.141014
0.188581 0.176081 0.166504 0.168245 0.149237 0.151352
0.187180 0.212180 0.142951 0.153297 0.138070 0.166322
0.201127 0.198401 0.134712 0.136102 0.141847 0.187812
0.188902 0.183596 0.194708 0.150229 0.141250 0.141315
0.182593 0.167110 0.141518 0.157661 0.178892 0.172225
0.174908 0.191574 0.168557 0.155337 0.149251 0.160373
0.187913 0.180316 0.139743 0.154110 0.145773 0.192144
0.179157 0.172514 0.182384 0.163161 0.165023 0.137763
0.160148 0.158631 0.158108 0.164392 0.164392 0.194329
0.148153 0.148153 0.178778 0.165013 0.209057 0.150845
0.163997 0.183793 0.151942 0.164357 0.168997 0.166915
0.140324 0.139797 0.187014 0.170056 0.191912 0.170898
0.206201 0.203384 0.182586 0.120598 0.120036 0.167194
0.158400 0.158400 0.171824 0.170892 0.172285 0.168199
0.188043 0.204859 0.167714 0.156860 0.137292 0.145232
0.178250 0.165750 0.148078 0.159684 0.171211 0.177027
0.209202 0.234209 0.133932 0.143635 0.126862 0.152160
0.151182 0.144260 0.173535 0.170392 0.177039 0.183591
0.149678 0.131724 0.175880 0.171918 0.195238 0.175562
0.212996 0.214180 0.143192 0.157243 0.149407 0.122983
0.186217 0.186217 0.179226 0.154374 0.139409 0.154558
0.199403 0.190109 0.145977 0.141305 0.141182 0.182024
0.210375 0.193435 0.133882 0.180145 0.146284 0.135879
0.173530 0.158208 0.152415 0.173131 0.156911 0.185806
0.174905 0.188934 0.159870 0.158913 0.174197 0.143181
0.213751 0.186025 0.133911 0.166060 0.133636 0.166617
0.188733 0.191459 0.152344 0.134513 0.160199 0.172754
0.181725 0.186126 0.163631 0.151171 0.164733 0.152614
0.192694 0.184534 0.135634 0.151941 0.148730 0.186467
0.187528 0.183945 0.159075 0.154425 0.163688 0.151338
0.132501 0.136900 0.185238 0.162823 0.159906 0.222632
0.180638 0.172677 0.142260 0.185790 0.146496 0.172140
0.169403 0.154996 0.172358 0.176262 0.155495 0.171487
0.165165 0.137727 0.184128 0.185945 0.177729 0.149306
0.163969 0.153969 0.163097 0.167404 0.151036 0.200525
0.189023 0.200230 0.159514 0.152040 0.154591 0.144602
0.181302 0.173504 0.157924 0.166547 0.166252 0.154472
0.176240 0.179931 0.117819 0.156686 0.181693 0.187632
0.173393 0.180306 0.166546 0.160660 0.168296 0.150799
0.178700 0.154594 0.194316 0.159542 0.155130 0.157717
0.174699 0.169841 0.149996 0.162484 0.174955 0.168025
0.170753 0.158580 0.180931 0.178924 0.157587 0.153225
0.166011 0.164809 0.195505 0.150918 0.142813 0.179943
0.161377 0.147968 0.150783 0.163205 0.170174 0.206493
0.179289 0.166784 0.161635 0.163966 0.175815 0.152510
0.153087 0.170217 0.164395 0.167701 0.162497 0.182104
0.151637 0.135896 0.164675 0.181204 0.186858 0.179731
0.133727 0.125755 0.171699 0.186495 0.173200 0.209125
0.151968 0.203152 0.159957 0.159584 0.164679 0.160661
0.117695 0.137908 0.162728 0.167539 0.206414 0.207716
0.156089 0.147179 0.182647 0.180256 0.161283 0.172546
0.158808 0.166923 0.171518 0.146416 0.169566 0.186769
0.190870 0.181746 0.164302 0.165462 0.146199 0.151421
0.167488 0.154988 0.152456 0.162505 0.150639 0.211925
0.216544 0.238729 0.136338 0.139152 0.133731 0.135507
0.171095 0.155869 0.150844 0.171408 0.150267 0.200517
0.169388 0.152315 0.139687 0.152254 0.164887 0.221469
0.187919 0.173252 0.146516 0.186008 0.177904 0.128402
0.165816 0.166401 0.159844 0.156724 0.175075 0.176140
0.180387 0.168302 0.173821 0.156476 0.151546 0.169468
0.186205 0.187696 0.163337 0.166045 0.153853 0.142864
0.173025 0.162926 0.157891 0.135917 0.195323 0.174918
0.175786 0.150934 0.152070 0.178785 0.180710 0.161714
0.192210 0.185931 0.212761 0.140034 0.131579 0.137486
0.179655 0.179802 0.138548 0.157797 0.178922 0.165277
0.169802 0.148270 0.158757 0.181697 0.173903 0.167572
0.188404 0.192390 0.148092 0.156231 0.160958 0.153924
0.193932 0.206341 0.169448 0.145245 0.131044 0.153990
0.165273 0.162156 0.179010 0.178593 0.152647 0.162321
0.173129 0.157489 0.150939 0.143089 0.200739 0.174615
0.171485 0.145674 0.168396 0.176436 0.174341 0.163667
0.193499 0.185678 0.140900 0.157062 0.165517 0.157342
0.174664 0.168679 0.165215 0.162144 0.163989 0.165309
0.183852 0.214745 0.155986 0.160266 0.135080 0.150071
0.146857 0.168699 0.159795 0.147750 0.166477 0.210422
0.155906 0.182803 0.129495 0.187375 0.189505 0.154915
0.160042 0.145709 0.173157 0.184240 0.180637 0.156214
0.181308 0.165299 0.159948 0.165300 0.168981 0.159164
0.155820 0.145209 0.184397 0.161035 0.155113 0.198425
0.167961 0.168582 0.176720 0.170914 0.158629 0.157194
0.136015 0.151159 0.193384 0.144897 0.205655 0.168889
0.163922 0.159039 0.145781 0.196722 0.159151 0.175385
0.202714 0.147372 0.154984 0.201736 0.147985 0.145209
0.160538 0.173038 0.140726 0.187036 0.156497 0.182165
0.191788 0.192166 0.129141 0.169528 0.148961 0.168416
0.174954 0.151311 0.170051 0.176745 0.141633 0.185306
0.219779 0.208380 0.158979 0.133484 0.147253 0.132124
0.185456 0.162191 0.178544 0.153553 0.155938 0.164317
0.188952 0.160355 0.158788 0.214782 0.139329 0.137794
0.182207 0.187028 0.151949 0.147978 0.180407 0.150430
0.174265 0.183771 0.141022 0.179629 0.168012 0.153301
0.189531 0.184078 0.179047 0.148543 0.148551 0.150250
0.124221 0.146194 0.168996 0.158511 0.177037 0.225042
0.197523 0.193278 0.141620 0.158748 0.143423 0.165408
0.165324 0.167916 0.152161 0.169365 0.169372 0.175861
0.161627 0.188294 0.182932 0.148690 0.165357 0.153100
0.155724 0.153642 0.177402 0.180535 0.174723 0.157975
0.167997 0.168004 0.156589 0.161258 0.153377 0.192776
0.171281 0.175588 0.167113 0.159673 0.173373 0.152972
0.189261 0.184531 0.149192 0.164616 0.159574 0.152826
0.174045 0.151582 0.195507 0.173304 0.148304 0.157257
0.135341 0.145341 0.169889 0.173767 0.173767 0.201894
0.183253 0.178364 0.163245 0.166718 0.162137 0.146282
0.179441 0.162922 0.155497 0.182194 0.165527 0.154419
0.158281 0.146017 0.153116 0.169265 0.169513 0.203807
0.187414 0.199914 0.152807 0.150062 0.137562 0.172243
0.224447 0.173103 0.146832 0.152001 0.153531 0.150086
0.161846 0.150132 0.149825 0.177922 0.158529 0.201746
0.181072 0.169756 0.201657 0.152085 0.156103 0.139328
0.160436 0.166306 0.163496 0.156782 0.168398 0.184582
0.152054 0.157587 0.160288 0.194838 0.163717 0.171516
0.239053 0.217152 0.134031 0.117056 0.116225 0.176483
0.191213 0.189570 0.152013 0.157673 0.162813 0.146719
0.187898 0.182341 0.149288 0.166540 0.157479 0.156454
0.162896 0.158729 0.231377 0.140237 0.127583 0.179178
0.177106 0.179334 0.191493 0.139644 0.131052 0.181371
0.177016 0.177023 0.164399 0.163106 0.165977 0.152480
0.132333 0.127141 0.173290 0.164895 0.168705 0.233637
0.163469 0.163153 0.147839 0.162101 0.155407 0.208032
0.168026 0.190202 0.133703 0.175317 0.164556 0.168196
0.186146 0.172781 0.161773 0.158087 0.150990 0.170224
0.163130 0.159239 0.162253 0.163709 0.157083 0.194587
0.194596 0.177899 0.159753 0.159753 0.159569 0.148430
0.178130 0.165642 0.176623 0.169175 0.140616 0.169814
0.186750 0.186750 0.147615 0.164637 0.147910 0.166339
0.224685 0.241499 0.108916 0.154176 0.141100 0.129624
0.182923 0.169353 0.151487 0.180401 0.156861 0.158975
0.170395 0.187061 0.175357 0.147669 0.160865 0.158653
0.197634 0.190417 0.138062 0.167814 0.145801 0.160272
0.193868 0.154662 0.151837 0.135296 0.201516 0.162821
0.179971 0.172472 0.153722 0.158493 0.164515 0.170827
0.148460 0.146998 0.171094 0.166996 0.202978 0.163472
0.179685 0.155229 0.161983 0.167220 0.168629 0.167255
0.143720 0.135116 0.169576 0.168807 0.210693 0.172088
0.166862 0.166120 0.164380 0.176194 0.175793 0.150651
0.151299 0.146095 0.159241 0.165481 0.164160 0.213726
0.164375 0.176418 0.183828 0.145317 0.137271 0.192791
0.155898 0.152761 0.149994 0.178868 0.188755 0.173724
0.170484 0.151287 0.177478 0.151483 0.197672 0.151596
0.149153 0.139457 0.225295 0.146531 0.179559 0.160006
0.151931 0.152239 0.165102 0.177802 0.158194 0.194732
0.185216 0.185228 0.162553 0.163811 0.143855 0.159337
0.171545 0.171557 0.164036 0.167066 0.168303 0.157492
0.169034 0.181120 0.159231 0.156480 0.146408 0.187727
0.133481 0.169911 0.148989 0.181412 0.156856 0.209352
0.174268 0.177802 0.161589 0.136988 0.164334 0.185019
0.191135 0.186555 0.151781 0.155109 0.151032 0.164388
0.156143 0.135605 0.158116 0.207298 0.169165 0.173675
0.172390 0.162538 0.166837 0.171963 0.163590 0.162683
0.174379 0.161879 0.161464 0.180138 0.155027 0.167113
0.181046 0.206046 0.143108 0.151028 0.139926 0.178846
0.181810 0.179084 0.149894 0.200654 0.150191 0.138366
0.143715 0.138261 0.175910 0.167381 0.175697 0.199036
0.170727 0.171911 0.138395 0.171315 0.152160 0.195493
0.158138 0.158287 0.174794 0.134406 0.199794 0.174582
0.170420 0.153206 0.162510 0.153843 0.220869 0.139153
0.133708 0.158187 0.165082 0.171448 0.175173 0.196401
0.180742 0.175343 0.168664 0.160100 0.151111 0.164040
0.147220 0.141766 0.185433 0.189476 0.171574 0.164531
0.164272 0.190456 0.143909 0.145650 0.136079 0.219634
0.159510 0.159510 0.179414 0.175890 0.171446 0.154230
0.167603 0.162897 0.168957 0.138692 0.175219 0.186632
0.189781 0.189260 0.143359 0.134532 0.132571 0.210498
0.202236 0.199563 0.150217 0.154785 0.135212 0.157987
0.165777 0.165777 0.189848 0.163201 0.174388 0.141009
0.150434 0.175434 0.161552 0.140685 0.161384 0.210511
0.172213 0.168017 0.156459 0.182110 0.155016 0.166186
0.174931 0.162438 0.174346 0.169343 0.165951 0.152992
0.190264 0.190264 0.155659 0.163532 0.141346 0.158934
0.146162 0.146162 0.153786 0.189484 0.156482 0.207924
0.153833 0.153833 0.168259 0.171389 0.155612 0.197074
0.158197 0.158443 0.133657 0.158301 0.189247 0.202155
0.190957 0.170342 0.144499 0.151649 0.160330 0.182223
0.161890 0.138235 0.159012 0.221381 0.158575 0.160908
0.174953 0.173451 0.140963 0.173471 0.161494 0.175667
0.185884 0.166491 0.173325 0.141831 0.163282 0.169186
0.161116 0.150538 0.144013 0.171140 0.215935 0.157258
0.162958 0.164809 0.182776 0.152597 0.182303 0.154556
0.157531 0.168993 0.180656 0.170091 0.161173 0.161556
0.182192 0.160496 0.144744 0.167952 0.183893 0.160722
0.159500 0.159244 0.167720 0.177266 0.172951 0.163319
0.166142 0.152923 0.170666 0.159881 0.170814 0.179574
0.172301 0.158949 0.165310 0.171809 0.162914 0.168717
0.171455 0.171762 0.167090 0.153685 0.158178 0.177830
0.176292 0.181360 0.152605 0.146903 0.194496 0.148344
0.139073 0.164611 0.162008 0.141826 0.201589 0.190892
0.169267 0.176258 0.187601 0.164235 0.147183 0.155455
0.158565 0.189722 0.185253 0.156359 0.157569 0.152533
0.161706 0.155316 0.165465 0.163928 0.164772 0.188813
0.190794 0.185231 0.150923 0.151115 0.149106 0.172831
0.175015 0.137479 0.170429 0.156251 0.190798 0.170028
0.176781 0.186756 0.134620 0.181887 0.156685 0.163271
0.189152 0.186801 0.175638 0.144075 0.140702 0.163632
0.158811 0.155831 0.173715 0.201988 0.160785 0.148870
0.158341 0.146997 0.200562 0.157920 0.147335 0.188846
0.137626 0.154707 0.162111 0.212492 0.144867 0.188197
0.168186 0.176922 0.172678 0.165582 0.170644 0.145987
0.141490 0.135503 0.169956 0.222889 0.157717 0.172445
0.158993 0.157352 0.163643 0.178839 0.173724 0.167450
0.149313 0.149313 0.167358 0.157002 0.187403 0.189612
0.162627 0.174580 0.151121 0.188917 0.162697 0.160059
0.175410 0.175137 0.170773 0.158822 0.163533 0.156325
0.151930 0.141807 0.156742 0.157037 0.196413 0.196071
0.158324 0.184706 0.162298 0.159066 0.183764 0.151842
0.146967 0.169241 0.151595 0.152162 0.149350 0.230687
0.185377 0.172877 0.163401 0.161003 0.157797 0.159545
0.194562 0.196568 0.162677 0.165719 0.122661 0.157814
0.186633 0.182053 0.157170 0.161403 0.165827 0.146913
0.188662 0.167282 0.154377 0.129989 0.163276 0.196414
0.195874 0.195560 0.185980 0.151782 0.144673 0.126130
0.198512 0.196087 0.153904 0.151071 0.151741 0.148685
0.192825 0.166129 0.161089 0.152929 0.155512 0.171517
0.163526 0.152753 0.162879 0.173788 0.188511 0.158543
0.162117 0.159532 0.136579 0.151185 0.194077 0.196510
0.169841 0.160001 0.152661 0.136247 0.229252 0.151997
0.166487 0.156654 0.175022 0.176835 0.170823 0.154179
0.150664 0.193293 0.161421 0.155413 0.166348 0.172861
0.169652 0.167726 0.162485 0.150557 0.149821 0.199759
0.146464 0.137468 0.207272 0.160314 0.151722 0.196760
0.162656 0.157106 0.180261 0.175140 0.171843 0.152993
0.191275 0.174542 0.154689 0.149368 0.134225 0.195900
0.153973 0.149569 0.173715 0.178634 0.181273 0.162836
0.137854 0.131016 0.169988 0.228006 0.157610 0.175525
0.203581 0.201166 0.153885 0.141771 0.165482 0.134115
0.155312 0.134907 0.157541 0.182837 0.174360 0.195043
0.175054 0.250578 0.150269 0.141824 0.139073 0.143202
0.157644 0.158590 0.169149 0.154058 0.156138 0.204420
0.165434 0.148774 0.134597 0.136155 0.192642 0.222399
0.162788 0.160839 0.167532 0.220295 0.139873 0.148673
0.172578 0.163150 0.144454 0.142271 0.142750 0.234798
0.203497 0.200184 0.145169 0.142657 0.172353 0.136140
0.155056 0.185199 0.168807 0.162429 0.158018 0.170492
0.195487 0.192344 0.139330 0.141076 0.138007 0.193755
0.179042 0.137598 0.165034 0.173666 0.176435 0.168227
0.199661 0.188334 0.139024 0.141447 0.204675 0.126859
0.161947 0.161947 0.164602 0.175416 0.152997 0.183092
0.162449 0.158333 0.142279 0.151068 0.220938 0.164934
0.171506 0.163761 0.173868 0.172232 0.161688 0.156944
0.159744 0.159125 0.144354 0.219024 0.135493 0.182261
0.157365 0.161398 0.179389 0.158997 0.160111 0.182740
0.173782 0.197280 0.161016 0.159249 0.142290 0.166383
0.190914 0.183252 0.111163 0.180025 0.145103 0.189543
0.149443 0.121440 0.172623 0.197322 0.173297 0.185874
0.170146 0.165975 0.161110 0.216428 0.144334 0.142006
0.173133 0.151263 0.180081 0.175888 0.164216 0.155419
0.194578 0.202266 0.140902 0.155704 0.149374 0.157176
0.147700 0.140858 0.201039 0.175120 0.178639 0.156645
0.152495 0.139799 0.161249 0.164357 0.224951 0.157149
0.159726 0.152549 0.190296 0.161383 0.165390 0.170656
0.174786 0.175092 0.169728 0.179640 0.146745 0.154009
0.172208 0.167435 0.173920 0.141209 0.166863 0.178364
0.165845 0.179721 0.181987 0.157602 0.154101 0.160743
0.157501 0.160135 0.161723 0.159271 0.157920 0.203450
0.162807 0.194411 0.150061 0.173780 0.161001 0.157940
0.164485 0.177630 0.155229 0.188216 0.149445 0.164996
0.170352 0.152956 0.149700 0.166499 0.186138 0.174355
0.175430 0.154575 0.163470 0.138742 0.211673 0.156110
0.179069 0.166569 0.149387 0.167050 0.192257 0.145667
0.176392 0.176640 0.152232 0.159276 0.149087 0.186375
0.188254 0.175754 0.152042 0.145086 0.171975 0.166890
0.155899 0.157280 0.165833 0.168484 0.195996 0.156508
0.189893 0.182733 0.192973 0.137422 0.142186 0.154792
0.189564 0.135645 0.181906 0.140034 0.200501 0.152349
0.161196 0.163195 0.163304 0.180291 0.160770 0.171243
0.171144 0.169466 0.163283 0.162629 0.170004 0.163474
0.169957 0.155542 0.161845 0.144866 0.156546 0.211245
0.185572 0.173889 0.135477 0.159588 0.142655 0.202818
0.144771 0.144097 0.165455 0.210776 0.151198 0.183704
0.157802 0.139741 0.167894 0.160520 0.163951 0.210091
0.168203 0.150764 0.172159 0.177179 0.166325 0.165371
0.179554 0.177628 0.166582 0.161689 0.168686 0.145861
0.155446 0.150207 0.168966 0.160897 0.153101 0.211382
0.154831 0.129831 0.184574 0.201270 0.164874 0.164620
0.163350 0.215656 0.148788 0.180170 0.149597 0.142439
0.184973 0.185703 0.152018 0.141619 0.162064 0.173622
0.181693 0.154871 0.177023 0.177012 0.154404 0.154997
0.174168 0.187508 0.163982 0.159785 0.156402 0.158155
0.141891 0.148835 0.180199 0.142699 0.157751 0.228625
0.169095 0.149061 0.184778 0.181107 0.162671 0.153288
0.187171 0.183071 0.141741 0.155497 0.137314 0.195207
0.189300 0.157579 0.146281 0.148460 0.184993 0.173388
0.173834 0.143642 0.170312 0.186050 0.172171 0.153992
0.144850 0.194324 0.143662 0.153829 0.187673 0.175663
0.194389 0.213986 0.131335 0.128585 0.161422 0.170284
0.171999 0.144853 0.158433 0.183433 0.181285 0.159998
0.206208 0.236707 0.136967 0.130432 0.146677 0.143011
0.159366 0.135443 0.180848 0.184198 0.163509 0.176637
0.184325 0.176810 0.159567 0.169686 0.151833 0.157779
0.183193 0.180919 0.135074 0.137683 0.210562 0.152569
0.153281 0.140290 0.177389 0.177094 0.157540 0.194406
0.175970 0.158818 0.164741 0.170328 0.168924 0.161218
0.169402 0.194017 0.159039 0.178540 0.137558 0.161444
0.218286 0.188842 0.166259 0.152586 0.121407 0.152620
0.162048 0.161528 0.184705 0.163168 0.177436 0.151115
0.167072 0.173864 0.182178 0.170096 0.140035 0.166755
0.161851 0.155730 0.173182 0.171671 0.153311 0.184255
0.173249 0.191079 0.141518 0.147323 0.153680 0.193150
0.185049 0.185049 0.149467 0.169940 0.151272 0.159222
0.204090 0.194697 0.132141 0.132377 0.162438 0.174258
0.191283 0.178256 0.150909 0.164263 0.166108 0.149181
0.191618 0.188794 0.166989 0.165568 0.152147 0.134884
0.185742 0.180699 0.168673 0.166524 0.147959 0.150403
0.170859 0.162526 0.140660 0.192327 0.169586 0.164041
0.207345 0.202764 0.153286 0.134283 0.126119 0.176203
0.177704 0.161044 0.141897 0.154558 0.195233 0.169564
0.161040 0.161040 0.163875 0.186639 0.169284 0.158123
0.186314 0.186899 0.175633 0.152374 0.142264 0.156516
0.160879 0.153507 0.156679 0.172455 0.174775 0.181705
0.172758 0.174812 0.157383 0.181678 0.148068 0.165301
0.168029 0.150218 0.171383 0.188914 0.159521 0.161936
0.206184 0.191183 0.164225 0.171357 0.132324 0.134728
0.205729 0.183910 0.137772 0.144037 0.158212 0.170341
0.141523 0.132833 0.190891 0.177243 0.193929 0.163581
0.174396 0.167100 0.175140 0.138533 0.157839 0.186992
0.188453 0.163453 0.152143 0.138292 0.139958 0.217702
0.172132 0.165936 0.167527 0.156650 0.192448 0.145308
0.170340 0.169207 0.157516 0.169579 0.169613 0.163745
0.173035 0.164983 0.161356 0.159250 0.165622 0.175755
0.151262 0.140944 0.217980 0.172955 0.152502 0.164359
0.163096 0.160411 0.160589 0.182584 0.169499 0.163822
0.186121 0.161545 0.165783 0.150175 0.143087 0.193288
0.181059 0.195765 0.141263 0.161304 0.165667 0.154942
0.138461 0.143920 0.153582 0.152640 0.205204 0.206193
0.155131 0.211747 0.129416 0.135087 0.144753 0.223866
0.171821 0.168533 0.153611 0.172263 0.167809 0.165963
0.150631 0.150315 0.177990 0.182301 0.176806 0.161957
0.182887 0.181931 0.155769 0.172802 0.154366 0.152245
0.177084 0.167084 0.171456 0.163692 0.155347 0.165337
0.153593 0.148551 0.163193 0.201658 0.149282 0.183724
0.178323 0.153323 0.160524 0.171800 0.143265 0.192764
0.157273 0.157273 0.187338 0.138383 0.166118 0.193615
0.174160 0.174160 0.179088 0.152998 0.162472 0.157121
0.150959 0.151106 0.153379 0.153634 0.199957 0.190965
0.176267 0.151267 0.167196 0.151108 0.181229 0.172934
0.172857 0.185357 0.138004 0.169391 0.171378 0.163013
0.187936 0.184877 0.166524 0.161301 0.151161 0.148202
0.175682 0.168706 0.167852 0.166585 0.159688 0.161487
0.158338 0.159469 0.151848 0.164234 0.160287 0.205824
0.152327 0.152327 0.219593 0.176334 0.124121 0.175298
0.189684 0.184023 0.144007 0.168517 0.169269 0.144500
0.169652 0.152701 0.190559 0.155466 0.166868 0.164754
0.174570 0.175743 0.144478 0.177850 0.151184 0.176175
0.174384 0.172882 0.137502 0.156869 0.186835 0.171529
0.155535 0.159435 0.143109 0.186917 0.192791 0.162214
0.186504 0.162661 0.162114 0.155040 0.162330 0.171350
0.174702 0.178238 0.155092 0.175133 0.165283 0.151552
0.196422 0.171826 0.181771 0.153473 0.155708 0.140800
0.159794 0.158720 0.173584 0.146869 0.174624 0.186410
0.184782 0.180760 0.191327 0.155412 0.139061 0.148657
0.175449 0.166802 0.177608 0.165740 0.160611 0.153789
0.168120 0.147021 0.161636 0.173079 0.142173 0.207971
0.166119 0.157778 0.179818 0.168666 0.164432 0.163188
0.193620 0.182866 0.131679 0.139327 0.210609 0.141899
0.147415 0.128279 0.178662 0.157750 0.164948 0.222947
0.193032 0.191671 0.149031 0.167306 0.146874 0.152086
0.141415 0.166415 0.186712 0.174160 0.177965 0.153333
0.177568 0.192492 0.155953 0.151758 0.156836 0.165394
0.191371 0.169597 0.173274 0.172265 0.151436 0.142056
0.171656 0.189790 0.145668 0.173300 0.165705 0.153882
0.202160 0.173412 0.166769 0.156241 0.156336 0.145081
0.150937 0.178149 0.149328 0.149082 0.186888 0.185616
0.203157 0.197234 0.123632 0.184931 0.146195 0.144850
0.145693 0.127078 0.171113 0.153827 0.216980 0.185308
0.189948 0.181468 0.144071 0.165795 0.144365 0.174352
0.183994 0.142050 0.200039 0.161579 0.153543 0.158794
0.154374 0.148846 0.159027 0.158251 0.212822 0.166680
0.181150 0.179232 0.134026 0.157440 0.194486 0.153666
0.158792 0.145993 0.165410 0.160901 0.203630 0.165274
0.194746 0.170592 0.161659 0.184909 0.156397 0.131697
0.138751 0.154781 0.135107 0.150773 0.235801 0.184788
0.171847 0.153538 0.171585 0.181872 0.171998 0.149159
0.184680 0.181847 0.171443 0.152560 0.150007 0.159464
0.149243 0.145937 0.164860 0.147732 0.182382 0.209845
0.202963 0.195712 0.151703 0.155669 0.158640 0.135312
0.136447 0.134052 0.177926 0.192262 0.156393 0.202920
0.190932 0.171901 0.153923 0.211800 0.131773 0.139671
0.158491 0.141418 0.162845 0.235985 0.148140 0.153121
0.174802 0.158454 0.172028 0.152460 0.160397 0.181859
0.188030 0.188030 0.141882 0.153991 0.169291 0.158775
0.136818 0.186830 0.183322 0.150446 0.183085 0.159500
0.139417 0.142952 0.201795 0.147816 0.149672 0.218348
0.142449 0.162407 0.159749 0.166928 0.162377 0.206089
0.202733 0.177162 0.175879 0.151946 0.158490 0.133789
0.167453 0.157453 0.134468 0.149674 0.160761 0.230190
0.178209 0.174013 0.162288 0.177361 0.145137 0.162992
0.156664 0.144164 0.172164 0.183438 0.172725 0.170844
0.156451 0.156451 0.158970 0.164530 0.154601 0.208997
0.191024 0.191024 0.157597 0.165993 0.149612 0.144751
0.179161 0.179161 0.133882 0.160018 0.172104 0.175675
0.172286 0.172286 0.136204 0.157214 0.160221 0.201789
0.195914 0.196062 0.173159 0.147845 0.139479 0.147540
0.200552 0.183885 0.146048 0.154616 0.141102 0.173797
0.195516 0.212330 0.132648 0.137374 0.154970 0.167162
0.194970 0.167335 0.157482 0.183881 0.152481 0.143851
0.185693 0.179571 0.206141 0.146972 0.141295 0.140328
0.190478 0.189708 0.135656 0.164340 0.190319 0.129499
0.161761 0.164559 0.171584 0.168745 0.174841 0.158510
0.172753 0.154798 0.182583 0.192724 0.136470 0.160672
0.150173 0.154619 0.146690 0.160333 0.189624 0.198561
0.161243 0.152611 0.224442 0.142168 0.153119 0.166416
0.167580 0.161717 0.170455 0.169247 0.154942 0.176060
0.147998 0.158632 0.159434 0.165121 0.178793 0.190022
0.178656 0.168196 0.180735 0.149905 0.155911 0.166597
0.164072 0.166392 0.145117 0.175334 0.165752 0.183332
0.140494 0.143474 0.188979 0.180742 0.168104 0.178208
0.171202 0.178996 0.176551 0.140642 0.172704 0.159905
0.163484 0.163123 0.162912 0.178429 0.169426 0.162625
0.193293 0.178120 0.148248 0.169023 0.158520 0.152796
0.178775 0.188064 0.165662 0.145019 0.180306 0.142173
0.170496 0.154859 0.170339 0.178364 0.164552 0.161390
0.204182 0.144973 0.157348 0.180528 0.162853 0.150116
0.183676 0.169857 0.141114 0.173051 0.173808 0.158494
0.150837 0.135454 0.145308 0.187130 0.200516 0.180755
0.154678 0.173288 0.164580 0.195798 0.160879 0.150778
0.180047 0.186691 0.151965 0.137356 0.137219 0.206722
0.150572 0.149320 0.170856 0.187367 0.160162 0.181723
0.180772 0.156287 0.152119 0.178368 0.153877 0.178577
0.148084 0.125364 0.229560 0.157395 0.173288 0.166308
0.173700 0.172810 0.145788 0.127976 0.190525 0.189202
0.124466 0.141144 0.198190 0.192435 0.175326 0.168440
0.190928 0.186621 0.151388 0.150825 0.150651 0.169586
0.134571 0.162142 0.188579 0.171457 0.167873 0.175379
0.169867 0.176760 0.158489 0.182156 0.139439 0.173289
0.202764 0.191855 0.154006 0.147633 0.144631 0.159112
0.157893 0.141505 0.178303 0.172561 0.172101 0.177637
0.178776 0.172861 0.139998 0.190693 0.170634 0.147037
0.167139 0.164951 0.162108 0.151668 0.155052 0.199082
0.204070 0.189814 0.162458 0.134983 0.149879 0.158796
0.170423 0.205756 0.169814 0.139401 0.166001 0.148605
0.174030 0.160898 0.171309 0.145387 0.169168 0.179210
0.182785 0.178072 0.146861 0.185836 0.128326 0.178121
0.168912 0.164720 0.163019 0.164964 0.170998 0.167386
0.173680 0.161007 0.149828 0.190422 0.165215 0.159847
0.169697 0.157197 0.175340 0.176376 0.169205 0.152184
0.178964 0.179270 0.183048 0.153452 0.142815 0.162451
0.168677 0.168825 0.156399 0.146596 0.186205 0.173299
0.196216 0.184142 0.159494 0.130133 0.150832 0.179184
0.124485 0.157818 0.180561 0.183293 0.200436 0.153408
0.153061 0.175326 0.154556 0.146170 0.182236 0.188651
0.170868 0.155548 0.167037 0.178189 0.173160 0.155199
0.174262 0.200419 0.148121 0.149770 0.150856 0.176572
0.168476 0.161700 0.155371 0.208522 0.144969 0.160962
0.203237 0.130079 0.162280 0.212196 0.148754 0.143453
0.188448 0.199106 0.170079 0.161162 0.141818 0.139387
0.147425 0.141342 0.158151 0.150120 0.198151 0.204811
0.163196 0.150376 0.165492 0.151232 0.164701 0.205003
0.165228 0.182232 0.168826 0.157541 0.150234 0.175939
0.147262 0.161255 0.161186 0.150555 0.171309 0.208433
0.186608 0.178698 0.166573 0.180008 0.142166 0.145946
0.148608 0.175953 0.183470 0.156858 0.153983 0.181129
0.145812 0.159295 0.157525 0.155067 0.172125 0.210177
0.179415 0.177748 0.147776 0.192598 0.152771 0.149692
0.173625 0.171125 0.167525 0.157313 0.136559 0.193853
0.165471 0.167476 0.171879 0.149662 0.189863 0.155648
0.184420 0.165350 0.152926 0.174878 0.157373 0.165052
0.175381 0.165706 0.161480 0.154120 0.196649 0.146664
0.177655 0.192124 0.154695 0.148832 0.179627 0.147067
0.164224 0.151419 0.149874 0.173077 0.171922 0.189485
0.153304 0.148591 0.184663 0.138149 0.199375 0.175919
0.206461 0.200675 0.159012 0.143268 0.127656 0.162928
0.221505 0.156331 0.135857 0.184032 0.167409 0.134865
0.186148 0.181982 0.164981 0.163215 0.130755 0.172919
0.171964 0.166448 0.175313 0.156528 0.163416 0.166331
0.144539 0.139085 0.151096 0.200711 0.173388 0.191181
0.172464 0.178240 0.174941 0.142406 0.170368 0.161582
0.181376 0.198042 0.128256 0.161644 0.157710 0.172971
0.151430 0.171717 0.163778 0.163099 0.175109 0.174866
0.155990 0.158770 0.195683 0.157110 0.171193 0.161253
0.166990 0.164317 0.205774 0.140017 0.136923 0.185979
0.183957 0.179761 0.168981 0.169591 0.154029 0.143681
0.129746 0.142246 0.173917 0.161086 0.183656 0.209349
0.198260 0.198260 0.156762 0.152075 0.156626 0.138018
