0.238285 0.236154 0.208687 0.144515 0.172360
0.238785 0.204228 0.190231 0.187560 0.179196
0.156496 0.237634 0.234090 0.173481 0.198299
0.197577 0.215621 0.196329 0.180364 0.210109
0.258727 0.198218 0.200170 0.152893 0.189992
0.214202 0.178456 0.187484 0.217946 0.201912
0.229429 0.217835 0.229105 0.151462 0.172169
0.242450 0.172007 0.204750 0.181223 0.199570
0.323956 0.191169 0.188719 0.154145 0.142012
0.199933 0.232468 0.210902 0.181763 0.174933
0.230043 0.189295 0.188892 0.197663 0.194108
0.267994 0.215725 0.195721 0.141161 0.179399
0.210513 0.205235 0.190712 0.185853 0.207687
0.203868 0.212670 0.214648 0.173422 0.195391
0.247828 0.206887 0.186520 0.181293 0.177472
0.207720 0.203981 0.220337 0.194590 0.173372
0.244638 0.159390 0.182122 0.216356 0.197495
0.250374 0.149413 0.159996 0.193700 0.246517
0.213833 0.222439 0.204231 0.194182 0.165314
0.182998 0.173461 0.203312 0.203456 0.236773
0.239417 0.240954 0.223518 0.150985 0.145127
0.223497 0.236187 0.201522 0.180542 0.158252
0.133642 0.241199 0.264244 0.169560 0.191356
0.294485 0.184924 0.176120 0.170886 0.173584
0.188732 0.251709 0.250266 0.159540 0.149752
0.225883 0.182618 0.226669 0.189826 0.175004
0.239529 0.210109 0.207691 0.155403 0.187268
0.212354 0.211483 0.207899 0.183605 0.184659
0.193073 0.236774 0.247350 0.144824 0.177978
0.166808 0.225678 0.232255 0.160860 0.214399
0.183974 0.201439 0.192855 0.215223 0.206509
0.212168 0.203905 0.186034 0.227017 0.170876
0.205096 0.172030 0.153774 0.233496 0.235603
0.207572 0.201059 0.200258 0.215381 0.175732
0.159174 0.233033 0.193589 0.200996 0.213208
0.203044 0.191931 0.205931 0.188764 0.210330
0.174372 0.210101 0.230491 0.197318 0.187719
0.209849 0.180941 0.248410 0.175150 0.185651
0.274821 0.205058 0.212677 0.125392 0.182053
0.206204 0.192623 0.207097 0.199950 0.194126
0.236650 0.206308 0.178602 0.222198 0.156242
0.208072 0.210871 0.203196 0.189173 0.188687
0.216021 0.218571 0.213729 0.171608 0.180072
0.221744 0.248090 0.210322 0.150145 0.169701
0.229821 0.218309 0.209861 0.160428 0.181582
0.205033 0.250508 0.222998 0.173564 0.147897
0.144563 0.222682 0.242631 0.191385 0.198738
0.239678 0.202335 0.229718 0.146943 0.181326
0.170572 0.217880 0.230563 0.194611 0.186374
0.166882 0.202265 0.172220 0.263712 0.194922
0.269971 0.167806 0.175034 0.210363 0.176825
0.152591 0.171886 0.179240 0.269318 0.226965
0.218408 0.173524 0.164997 0.230244 0.212827
0.186546 0.190285 0.188863 0.178907 0.255399
0.255432 0.194194 0.188514 0.178317 0.183544
0.248183 0.193918 0.171012 0.197651 0.189237
0.248597 0.227588 0.188994 0.162890 0.171931
0.238398 0.241695 0.236939 0.143415 0.139553
0.150166 0.245263 0.250997 0.180840 0.172733
0.307434 0.194859 0.204117 0.138737 0.154852
0.206357 0.190786 0.207645 0.199680 0.195533
0.205677 0.226192 0.217578 0.206522 0.144031
0.209106 0.207730 0.190755 0.177634 0.214775
0.201051 0.201028 0.179132 0.194812 0.223977
0.162675 0.213653 0.207781 0.209880 0.206011
0.211086 0.202570 0.190430 0.199500 0.196414
0.212850 0.165657 0.171979 0.201209 0.248305
0.220491 0.206652 0.182667 0.211787 0.178403
0.215577 0.198368 0.227657 0.172716 0.185681
0.252372 0.153573 0.183766 0.219092 0.191198
0.223003 0.225130 0.258643 0.147748 0.145476
0.188259 0.178749 0.215136 0.150918 0.266937
0.223347 0.224572 0.188233 0.168890 0.194958
0.155840 0.273398 0.247032 0.165749 0.157980
0.225230 0.233092 0.200765 0.157445 0.183468
0.209180 0.224912 0.216223 0.164733 0.184953
0.176095 0.195477 0.212593 0.178104 0.237732
0.188221 0.185259 0.221343 0.195736 0.209441
0.170612 0.190590 0.200091 0.199153 0.239554
0.279916 0.201957 0.176580 0.161792 0.179755
0.230883 0.216264 0.212972 0.165179 0.174702
0.235043 0.213527 0.196852 0.170295 0.184283
0.252171 0.232723 0.216423 0.156285 0.142397
0.199379 0.225402 0.221204 0.187537 0.166478
0.215599 0.217174 0.208320 0.178253 0.180653
0.230003 0.203510 0.211422 0.162101 0.192964
0.220695 0.181552 0.233548 0.191443 0.172762
0.194183 0.193851 0.223245 0.170491 0.218230
0.157186 0.196603 0.203756 0.254494 0.187961
0.185170 0.214158 0.212778 0.196628 0.191266
0.182430 0.143615 0.119526 0.306181 0.248248
0.191846 0.239195 0.241607 0.163183 0.164169
0.201238 0.213800 0.209454 0.188993 0.186516
0.224132 0.178675 0.187746 0.214370 0.195077
0.219377 0.230150 0.237470 0.164141 0.148863
0.266975 0.167790 0.177727 0.172349 0.215159
0.254319 0.194428 0.193178 0.178636 0.179438
0.211343 0.162968 0.191603 0.194099 0.239987
0.162632 0.245956 0.263100 0.174899 0.153412
0.226791 0.204144 0.207737 0.165687 0.195642
0.234040 0.212439 0.218004 0.154836 0.180681
0.173383 0.270019 0.242858 0.161765 0.151974
0.232814 0.211687 0.181670 0.164223 0.209606
0.183375 0.256223 0.243269 0.157756 0.159377
0.193673 0.195794 0.201852 0.190311 0.218369
0.158851 0.212376 0.225237 0.175105 0.228431
0.246413 0.174926 0.183146 0.179063 0.216452
0.161644 0.219972 0.204673 0.170412 0.243298
0.194574 0.214681 0.218443 0.203388 0.168914
0.207783 0.216997 0.196159 0.208278 0.170783
0.196636 0.182325 0.184111 0.195070 0.241858
0.204168 0.215659 0.191797 0.207373 0.181003
0.176459 0.198160 0.187197 0.233270 0.204914
0.209641 0.180415 0.183122 0.213441 0.213380
0.153068 0.184696 0.186316 0.219440 0.256481
0.209251 0.197959 0.215025 0.158469 0.219296
0.181324 0.196925 0.208804 0.207935 0.205013
0.192736 0.217158 0.222171 0.172758 0.195177
0.176225 0.235808 0.242336 0.147182 0.198449
0.183620 0.199516 0.187456 0.197117 0.232290
0.196869 0.228584 0.198073 0.181475 0.194999
0.206629 0.230483 0.188476 0.195831 0.178582
0.258123 0.222683 0.212406 0.141718 0.165071
0.170723 0.203812 0.172324 0.233395 0.219746
0.239170 0.213836 0.234879 0.145818 0.166297
0.175562 0.167477 0.196194 0.231650 0.229117
0.215451 0.180100 0.218245 0.209189 0.177016
0.217239 0.212922 0.167181 0.200672 0.201985
0.268160 0.198942 0.207362 0.165417 0.160120
0.196491 0.223322 0.198118 0.194353 0.187714
0.232378 0.186037 0.190355 0.201780 0.189450
0.165192 0.212340 0.272661 0.186991 0.162816
0.191699 0.187896 0.241959 0.190208 0.188237
0.228683 0.186800 0.248989 0.136775 0.198753
0.157336 0.233380 0.242601 0.178779 0.187904
0.212475 0.197560 0.229154 0.172901 0.187909
0.192965 0.219466 0.229314 0.170875 0.187380
0.232839 0.208659 0.234397 0.156446 0.167659
0.177323 0.214117 0.199091 0.208265 0.201205
0.251217 0.204799 0.167932 0.158859 0.217193
0.206801 0.227861 0.210052 0.180781 0.174504
0.180720 0.210733 0.210345 0.222433 0.175769
0.206383 0.174828 0.219258 0.171625 0.227904
0.239563 0.224347 0.226596 0.159010 0.150484
0.215246 0.175761 0.227944 0.209247 0.171802
0.178998 0.202910 0.207351 0.204108 0.206633
0.218067 0.210901 0.214275 0.202282 0.154475
0.201945 0.198326 0.188482 0.189641 0.221605
0.181661 0.231199 0.186768 0.196826 0.203546
0.155480 0.191334 0.184220 0.242284 0.226682
0.272388 0.189278 0.235486 0.133491 0.169357
0.232871 0.175279 0.215206 0.176904 0.199740
0.207735 0.173762 0.200847 0.199233 0.218423
0.191888 0.253824 0.248763 0.145499 0.160026
0.252365 0.155725 0.164838 0.216457 0.210615
0.251146 0.191675 0.195073 0.172641 0.189464
0.269392 0.217450 0.207621 0.128375 0.177162
0.234025 0.222781 0.225934 0.148241 0.169019
0.212150 0.250626 0.222106 0.159999 0.155118
0.178326 0.242314 0.214877 0.153199 0.211285
0.229550 0.225325 0.214165 0.167160 0.163800
0.225407 0.222533 0.196199 0.189126 0.166735
0.184051 0.211411 0.207787 0.219235 0.177516
0.200597 0.220295 0.204958 0.195313 0.178837
0.184724 0.195459 0.191581 0.250667 0.177570
0.184107 0.217243 0.212254 0.184866 0.201530
0.189445 0.198904 0.203597 0.198553 0.209500
0.186794 0.213918 0.236619 0.193387 0.169282
0.136721 0.197943 0.185080 0.213484 0.266772
0.207100 0.179010 0.181956 0.204926 0.227008
0.192863 0.223687 0.220658 0.176394 0.186397
0.245662 0.181219 0.164006 0.199901 0.209211
0.218182 0.199635 0.205139 0.181505 0.195539
0.193208 0.203272 0.203598 0.203138 0.196783
0.188333 0.212651 0.198153 0.169607 0.231256
0.194846 0.199465 0.229487 0.189638 0.186565
0.159713 0.255337 0.251825 0.163622 0.169503
0.193494 0.200163 0.228533 0.186273 0.191537
0.198799 0.237113 0.269261 0.147254 0.147574
0.205651 0.220737 0.223812 0.167426 0.182373
0.237195 0.216660 0.198173 0.175256 0.172715
0.200534 0.225649 0.199210 0.191041 0.183565
0.184993 0.234823 0.226952 0.171212 0.182020
0.255769 0.160723 0.158871 0.243497 0.181139
0.196867 0.212215 0.216432 0.214604 0.159882
0.202362 0.222652 0.202455 0.171003 0.201529
0.144223 0.228984 0.210167 0.206378 0.210248
0.183255 0.208004 0.216504 0.183418 0.208818
0.171088 0.225611 0.248516 0.169416 0.185369
0.171122 0.201149 0.188312 0.214067 0.225350
0.242856 0.207609 0.210910 0.175547 0.163078
0.171866 0.244523 0.228782 0.185603 0.169226
0.189089 0.191586 0.189931 0.216333 0.213061
0.191894 0.195669 0.223486 0.217792 0.171159
0.218830 0.222199 0.235268 0.164831 0.158873
0.182190 0.201980 0.221452 0.204930 0.189449
0.248059 0.188019 0.192220 0.160000 0.211702
0.192765 0.227215 0.226860 0.170408 0.182752
0.188990 0.220663 0.203996 0.187142 0.199209
0.199616 0.176249 0.176249 0.246386 0.201501
0.228156 0.250236 0.249803 0.138459 0.133347
0.234776 0.164027 0.147018 0.231143 0.223036
0.162236 0.253658 0.238753 0.170150 0.175203
0.220941 0.229369 0.215840 0.162463 0.171388
0.148691 0.211982 0.218316 0.210506 0.210506
0.263467 0.193142 0.210871 0.163340 0.169181
0.169625 0.228754 0.259709 0.183456 0.158456
0.193761 0.227641 0.228021 0.175286 0.175291
0.212778 0.225038 0.220605 0.170789 0.170789
0.208941 0.227067 0.215815 0.174089 0.174089
0.214368 0.201692 0.197257 0.193341 0.193341
0.171057 0.215454 0.210517 0.201486 0.201486
0.185415 0.213546 0.215308 0.197308 0.188423
0.251931 0.190624 0.179726 0.196055 0.181664
0.184436 0.202989 0.202586 0.211342 0.198647
0.194004 0.199981 0.187419 0.175022 0.243574
0.190430 0.207014 0.223185 0.185176 0.194195
0.233903 0.203394 0.214921 0.176785 0.170997
0.246869 0.186612 0.192661 0.176090 0.197769
0.222996 0.245517 0.244671 0.141038 0.145778
0.228899 0.203738 0.193883 0.193980 0.179501
0.160632 0.250969 0.243264 0.169482 0.175653
0.197133 0.216592 0.220341 0.180417 0.185517
0.271574 0.202747 0.178230 0.171757 0.175693
0.198197 0.205111 0.207635 0.178020 0.211037
0.218841 0.227098 0.224254 0.164078 0.165729
0.233873 0.236891 0.247083 0.141245 0.140907
0.181360 0.210492 0.212502 0.197828 0.197817
0.242091 0.223971 0.222096 0.155925 0.155917
0.180320 0.192644 0.191207 0.230415 0.205415
0.140181 0.223634 0.227319 0.231756 0.177111
0.176323 0.204161 0.206560 0.213920 0.199037
0.272033 0.206460 0.189585 0.169349 0.162573
0.169399 0.219564 0.211207 0.186623 0.213208
0.212507 0.226988 0.204137 0.170988 0.185379
0.219261 0.209256 0.184921 0.205781 0.180781
0.187937 0.197765 0.218392 0.189620 0.206286
0.209447 0.212884 0.193646 0.202137 0.181886
0.208652 0.178416 0.207400 0.194231 0.211302
0.157175 0.188593 0.194858 0.230265 0.229108
0.186508 0.238509 0.233992 0.173917 0.167074
0.207077 0.206866 0.193457 0.198285 0.194314
0.203243 0.235974 0.216145 0.163763 0.180874
0.183062 0.240061 0.236942 0.175668 0.164266
0.231616 0.218967 0.203266 0.171537 0.174613
0.207274 0.211522 0.186405 0.183478 0.211322
0.169717 0.208082 0.214667 0.206047 0.201487
0.253854 0.212500 0.217139 0.145750 0.170758
0.185720 0.224043 0.211194 0.186140 0.192903
0.161587 0.233848 0.237181 0.183508 0.183876
0.190223 0.191034 0.220638 0.197248 0.200857
0.264636 0.191858 0.199619 0.175983 0.167905
0.132305 0.211586 0.224150 0.194067 0.237892
0.196775 0.225542 0.177579 0.214276 0.185828
0.190016 0.235900 0.211295 0.186734 0.176054
0.233987 0.199738 0.188464 0.195782 0.182029
0.284549 0.176150 0.199907 0.182197 0.157197
0.226454 0.204260 0.221984 0.178952 0.168350
0.255583 0.186189 0.196871 0.180974 0.180383
0.220850 0.216293 0.201689 0.179118 0.182050
0.238236 0.225749 0.219695 0.149309 0.167010
0.141944 0.228577 0.235397 0.185116 0.208966
0.227561 0.219251 0.210394 0.171397 0.171397
0.126508 0.257531 0.255314 0.180320 0.180327
0.204963 0.203418 0.187571 0.202024 0.202024
0.169721 0.239445 0.225298 0.182768 0.182768
0.208719 0.222389 0.201788 0.183552 0.183552
0.209698 0.181767 0.196482 0.206026 0.206026
0.194478 0.207551 0.223659 0.189753 0.184559
0.192396 0.208918 0.205745 0.196458 0.196484
0.252366 0.214358 0.215430 0.166224 0.151622
0.215939 0.187536 0.175003 0.184037 0.237486
0.208158 0.225274 0.231313 0.169677 0.165577
0.203685 0.172285 0.191740 0.188330 0.243960
0.281375 0.194805 0.202531 0.161834 0.159456
0.239659 0.205362 0.202814 0.174442 0.177723
0.186990 0.222989 0.198517 0.195913 0.195591
0.167126 0.229166 0.206623 0.182762 0.214322
0.258501 0.204501 0.211755 0.145291 0.179953
0.149508 0.252131 0.248703 0.177541 0.172116
0.187355 0.176120 0.166580 0.209815 0.260130
0.230391 0.247375 0.215370 0.134862 0.172003
0.224453 0.193849 0.183381 0.172974 0.225344
0.271660 0.201554 0.191814 0.194649 0.140324
0.189243 0.212067 0.171091 0.215347 0.212251
0.213995 0.213462 0.227155 0.163746 0.181641
0.194536 0.223943 0.211808 0.175898 0.193816
0.287319 0.172507 0.173951 0.172300 0.193922
0.211073 0.209631 0.225125 0.178868 0.175303
0.206006 0.217533 0.230486 0.172700 0.173275
0.307170 0.191135 0.139123 0.170747 0.191825
0.213203 0.203692 0.193194 0.195649 0.194262
0.230558 0.209022 0.226289 0.174952 0.159180
0.188864 0.200802 0.189830 0.215435 0.205069
0.214505 0.181713 0.190211 0.214497 0.199074
0.138455 0.229989 0.248552 0.185785 0.197219
0.221247 0.230261 0.199582 0.166154 0.182756
0.203112 0.211417 0.206029 0.188372 0.191070
0.152263 0.241429 0.219183 0.190624 0.196501
0.267414 0.184115 0.197350 0.167281 0.183840
0.174667 0.245470 0.201493 0.181925 0.196445
0.174108 0.205173 0.229408 0.204703 0.186608
0.225033 0.177339 0.174268 0.250639 0.172721
0.286761 0.204554 0.193074 0.156877 0.158734
0.238204 0.199507 0.226603 0.151669 0.184018
0.226332 0.216957 0.205854 0.168083 0.182774
0.208739 0.239780 0.226731 0.165467 0.159283
0.207556 0.193408 0.206561 0.173050 0.219426
0.239358 0.196570 0.200584 0.185283 0.178206
0.219272 0.207153 0.196916 0.188806 0.187854
0.163640 0.210428 0.207228 0.192322 0.226381
0.186538 0.220268 0.216346 0.170866 0.205983
0.168188 0.189466 0.186361 0.241760 0.214225
0.205347 0.202736 0.207345 0.197859 0.186713
0.189992 0.194541 0.182104 0.199044 0.234318
0.211163 0.242244 0.227594 0.168159 0.150840
0.201788 0.245730 0.213676 0.183172 0.155634
0.227415 0.217050 0.196660 0.176514 0.182360
0.192341 0.228066 0.219111 0.171753 0.188728
0.183501 0.226629 0.250784 0.139000 0.200086
0.168924 0.224370 0.234528 0.176252 0.195927
0.239231 0.217675 0.221690 0.160248 0.161156
0.222059 0.188337 0.198929 0.173853 0.216822
0.208305 0.214547 0.184988 0.182763 0.209397
0.244798 0.200536 0.200579 0.182469 0.171618
0.246776 0.206958 0.196630 0.153396 0.196240
0.191180 0.180424 0.190898 0.230076 0.207423
0.156490 0.236541 0.214053 0.211953 0.180964
0.295913 0.182417 0.184887 0.150352 0.186430
0.171825 0.183736 0.214739 0.221676 0.208023
0.244184 0.187050 0.198663 0.187255 0.182848
0.235279 0.194434 0.186294 0.178821 0.205172
0.153834 0.210869 0.167152 0.236575 0.231571
0.253214 0.209899 0.209020 0.178774 0.149091
0.186097 0.236499 0.190111 0.174242 0.213052
0.251978 0.187804 0.190585 0.192465 0.177168
0.186539 0.240280 0.247619 0.168611 0.156951
0.289170 0.193267 0.220386 0.132150 0.165027
0.214617 0.212648 0.208646 0.192104 0.171985
0.257526 0.161916 0.195638 0.186556 0.198364
0.239260 0.181390 0.175478 0.176254 0.227619
0.208530 0.180823 0.161627 0.197112 0.251908
0.206292 0.185201 0.205015 0.219748 0.183744
0.226841 0.218986 0.182216 0.167845 0.204112
0.214990 0.217120 0.212315 0.175209 0.180367
0.169039 0.208825 0.219484 0.212807 0.189846
0.170127 0.207606 0.219672 0.199384 0.203211
0.250448 0.192869 0.193692 0.180405 0.182586
0.283311 0.154330 0.171793 0.184707 0.205860
0.197579 0.206286 0.202943 0.172865 0.220327
0.198934 0.247384 0.191237 0.162991 0.199454
0.269244 0.190040 0.218405 0.182168 0.140143
0.214666 0.208726 0.192815 0.183559 0.200234
0.197320 0.200212 0.202560 0.210087 0.189822
0.211335 0.144020 0.182278 0.222378 0.239989
0.120170 0.165821 0.209728 0.258527 0.245753
0.179219 0.200263 0.205060 0.223285 0.192172
0.207683 0.189290 0.195822 0.212324 0.194882
0.181294 0.220382 0.231850 0.180819 0.185656
0.216261 0.198635 0.199294 0.192068 0.193742
0.156805 0.259286 0.256820 0.163858 0.163230
0.211130 0.201101 0.198699 0.183860 0.205210
0.152821 0.243963 0.200085 0.200991 0.202140
0.273671 0.214955 0.219275 0.124296 0.167803
0.208565 0.206496 0.203211 0.191136 0.190592
0.213406 0.220289 0.223300 0.162373 0.180631
0.230287 0.204282 0.198940 0.172938 0.193553
0.201857 0.146108 0.182842 0.225829 0.243365
0.222877 0.198695 0.211032 0.180401 0.186995
0.182519 0.163144 0.194706 0.247044 0.212587
0.224392 0.180349 0.215046 0.186122 0.194090
0.186169 0.228425 0.220511 0.187057 0.177838
0.214814 0.247810 0.245653 0.137273 0.154449
0.167872 0.218566 0.221533 0.181392 0.210637
0.148328 0.250544 0.262484 0.165879 0.172766
0.176370 0.261260 0.252759 0.151837 0.157774
0.141819 0.233344 0.246071 0.177059 0.201706
0.159943 0.231356 0.232974 0.213051 0.162676
0.194031 0.196026 0.196175 0.211534 0.202234
0.179800 0.175923 0.179657 0.269817 0.194802
0.203905 0.137319 0.155301 0.274141 0.229334
0.176213 0.176892 0.162214 0.223571 0.261110
0.256560 0.188320 0.195540 0.184029 0.175551
0.173367 0.196726 0.211309 0.200420 0.218179
0.202662 0.189156 0.212920 0.185857 0.209405
0.170501 0.229670 0.243995 0.162295 0.193540
0.177593 0.240495 0.206330 0.178635 0.196948
0.192085 0.242265 0.188726 0.189900 0.187024
0.192314 0.237494 0.216377 0.170516 0.183300
0.244644 0.203784 0.236840 0.140946 0.173786
0.209522 0.190546 0.230024 0.187547 0.182362
0.247035 0.226990 0.235054 0.138660 0.152261
0.168305 0.223341 0.218914 0.179792 0.209649
0.226803 0.179797 0.197543 0.201303 0.194554
0.179417 0.210443 0.202411 0.197947 0.209781
0.207743 0.199732 0.191158 0.196532 0.204834
0.225881 0.229306 0.195743 0.173319 0.175752
0.182814 0.233622 0.208819 0.216915 0.157830
0.221524 0.196052 0.201955 0.184387 0.196081
0.213511 0.194038 0.202706 0.218534 0.171211
0.137918 0.229890 0.204038 0.219684 0.208470
0.160149 0.243188 0.219512 0.176898 0.200253
0.198757 0.232734 0.234920 0.154128 0.179462
0.159509 0.214239 0.209131 0.202126 0.214995
0.179450 0.187662 0.191083 0.195001 0.246803
0.162309 0.234440 0.224479 0.184778 0.193993
0.179574 0.203154 0.185574 0.216250 0.215448
0.226511 0.195735 0.201400 0.171054 0.205299
0.191945 0.192913 0.237935 0.199196 0.178011
0.230686 0.207771 0.200374 0.188566 0.172603
0.192968 0.181256 0.179946 0.234662 0.211167
0.194012 0.188750 0.182631 0.216339 0.218269
0.255155 0.228136 0.149050 0.188872 0.178788
0.200828 0.199175 0.212424 0.166001 0.221572
0.228261 0.209897 0.217551 0.171334 0.172957
0.204700 0.218395 0.206377 0.197019 0.173509
0.248486 0.176225 0.183565 0.225659 0.166065
0.217923 0.188328 0.227399 0.178827 0.187523
0.143034 0.225736 0.212672 0.199931 0.218628
0.219987 0.223328 0.222541 0.163647 0.170497
0.158860 0.216567 0.226670 0.196157 0.201745
0.201353 0.249707 0.232531 0.153658 0.162751
0.157630 0.243707 0.233494 0.158074 0.207095
0.165565 0.194005 0.234561 0.206754 0.199116
0.208797 0.209202 0.205820 0.192644 0.183538
0.255233 0.183757 0.167533 0.195220 0.198257
0.207157 0.190628 0.215359 0.179641 0.207215
0.218249 0.206338 0.231823 0.136907 0.206683
0.220118 0.194050 0.199461 0.181867 0.204504
0.243819 0.198178 0.219061 0.159737 0.179204
0.155189 0.192328 0.174760 0.246132 0.231591
0.320113 0.198808 0.158756 0.156968 0.165355
0.177098 0.194908 0.216955 0.203809 0.207230
0.168980 0.218140 0.206589 0.187631 0.218660
0.250985 0.223952 0.198347 0.168496 0.158220
0.193536 0.214845 0.224972 0.188584 0.178064
0.204589 0.216216 0.207505 0.208143 0.163547
0.199508 0.221733 0.214642 0.176686 0.187431
0.210883 0.211191 0.198120 0.205148 0.174659
0.185859 0.211827 0.210471 0.195550 0.196294
0.243978 0.201343 0.199161 0.195232 0.160286
0.156099 0.239824 0.229128 0.187248 0.187701
0.195766 0.211381 0.187083 0.180352 0.225418
0.146496 0.225192 0.247813 0.193501 0.186997
0.204262 0.219458 0.203767 0.174381 0.198131
0.145770 0.173331 0.241422 0.218794 0.220683
0.204671 0.178851 0.226952 0.169288 0.220237
0.257506 0.190632 0.163547 0.182997 0.205318
0.178784 0.193077 0.189477 0.244938 0.193723
0.255266 0.187372 0.189797 0.176815 0.190750
0.195981 0.186423 0.180780 0.237590 0.199226
0.181992 0.222110 0.243014 0.176315 0.176568
0.225371 0.223646 0.218031 0.136441 0.196511
0.227275 0.194352 0.227636 0.178608 0.172129
0.165587 0.236031 0.242352 0.179426 0.176604
0.207726 0.201275 0.235028 0.168566 0.187405
0.177050 0.184169 0.254587 0.195456 0.188738
0.135488 0.236744 0.231340 0.201663 0.194765
0.221874 0.169323 0.180999 0.224543 0.203260
0.162489 0.169258 0.175002 0.274813 0.218437
0.183926 0.232864 0.192939 0.173208 0.217062
0.186556 0.206527 0.208729 0.185995 0.212192
0.213775 0.198734 0.186299 0.176011 0.225182
0.213216 0.222686 0.197379 0.165502 0.201217
0.241568 0.181477 0.194296 0.178387 0.204272
0.213086 0.218063 0.188921 0.172794 0.207136
0.188347 0.247007 0.243178 0.147944 0.173525
0.224090 0.192221 0.183183 0.176761 0.223745
0.259885 0.209870 0.189454 0.177372 0.163419
0.197857 0.228925 0.242843 0.173137 0.157239
0.169842 0.288042 0.215267 0.157153 0.169695
0.276280 0.207106 0.202649 0.143711 0.170254
0.158878 0.204304 0.199274 0.245338 0.192206
0.236232 0.212416 0.201118 0.165956 0.184278
0.172327 0.203973 0.199820 0.223316 0.200564
0.238459 0.198441 0.184861 0.190598 0.187641
0.255606 0.170564 0.220068 0.156110 0.197653
0.177111 0.160884 0.200407 0.268006 0.193593
0.207509 0.175948 0.172235 0.249844 0.194464
0.152173 0.176114 0.192802 0.255541 0.223370
0.221351 0.226534 0.209333 0.159380 0.183403
0.196422 0.193476 0.164869 0.212406 0.232827
0.277242 0.200009 0.184990 0.166104 0.171654
0.154177 0.224716 0.241738 0.173473 0.205896
0.203303 0.210755 0.193624 0.211609 0.180709
0.198072 0.191328 0.196741 0.204406 0.209453
0.154331 0.193522 0.203206 0.211376 0.237565
0.209629 0.211802 0.204841 0.203384 0.170344
0.199953 0.176590 0.170020 0.231265 0.222172
0.166516 0.233074 0.236087 0.177745 0.186579
0.225109 0.204367 0.199818 0.180855 0.189850
0.284804 0.213343 0.206853 0.145060 0.149940
0.181630 0.209899 0.225706 0.185228 0.197536
0.207669 0.218844 0.201171 0.190238 0.182078
0.289726 0.200752 0.205746 0.149775 0.154002
0.213762 0.186428 0.214494 0.180573 0.204743
0.280338 0.218652 0.201426 0.128410 0.171174
0.183089 0.206721 0.187592 0.211755 0.210844
0.216961 0.206407 0.214582 0.168883 0.193168
0.158046 0.222085 0.195408 0.197094 0.227367
0.218666 0.193097 0.205532 0.213447 0.169258
0.206869 0.205755 0.212030 0.174987 0.200359
0.182291 0.221426 0.201944 0.202361 0.191979
0.221315 0.198680 0.212010 0.205545 0.162450
0.170473 0.176890 0.181131 0.238073 0.233433
0.235295 0.212663 0.211406 0.165074 0.175562
0.186295 0.151016 0.162256 0.254469 0.245964
0.215869 0.187743 0.251231 0.173165 0.171992
0.270170 0.199113 0.235339 0.115756 0.179622
0.208271 0.177954 0.193190 0.216136 0.204449
0.191970 0.234794 0.230052 0.196679 0.146506
0.178970 0.220235 0.178098 0.194099 0.228599
0.201217 0.233996 0.187603 0.188425 0.188759
0.240718 0.185861 0.164329 0.225864 0.183229
0.174616 0.216637 0.231410 0.182278 0.195059
0.227561 0.186431 0.190174 0.193047 0.202787
0.185999 0.178022 0.198392 0.192228 0.245360
0.236673 0.200220 0.196358 0.153549 0.213200
0.193347 0.161284 0.185862 0.247485 0.212023
0.216602 0.185828 0.203556 0.218437 0.175576
0.190311 0.202740 0.219434 0.180711 0.206804
0.253792 0.194903 0.200832 0.172014 0.178459
0.189761 0.230017 0.215987 0.201493 0.162743
0.237818 0.201728 0.217540 0.177500 0.165414
0.187008 0.219324 0.216965 0.196871 0.179832
0.169054 0.155539 0.188388 0.229075 0.257943
0.237864 0.175325 0.192432 0.183738 0.210641
0.242338 0.194582 0.184717 0.176433 0.201930
0.225842 0.220734 0.205844 0.175981 0.171599
0.166126 0.251075 0.219343 0.187201 0.176256
0.239793 0.180318 0.179695 0.176293 0.223900
0.182502 0.184666 0.219197 0.219639 0.193997
0.225910 0.182298 0.174552 0.204396 0.212843
0.183545 0.183058 0.170192 0.212813 0.250392
0.200341 0.192910 0.219996 0.205052 0.181701
0.174065 0.203291 0.209290 0.219934 0.193419
0.287023 0.205271 0.184146 0.166958 0.156601
0.203198 0.197634 0.205701 0.227554 0.165914
0.235730 0.253662 0.246765 0.126983 0.136861
0.174765 0.230788 0.178227 0.190271 0.225948
0.246281 0.173741 0.183639 0.212549 0.183790
0.233483 0.227260 0.194928 0.176419 0.167911
0.234127 0.178777 0.179881 0.191783 0.215433
0.271923 0.179137 0.201382 0.156644 0.190914
0.204673 0.202992 0.216230 0.174871 0.201234
0.233320 0.199889 0.203368 0.164349 0.199073
0.195773 0.184524 0.174537 0.228691 0.216474
0.222898 0.198633 0.215989 0.180693 0.181787
0.134945 0.218254 0.187367 0.201722 0.257713
0.202140 0.201494 0.215955 0.201738 0.178673
0.173423 0.185511 0.225989 0.214562 0.200515
0.197415 0.243860 0.203113 0.165678 0.189934
0.186663 0.182115 0.203840 0.248239 0.179144
0.189070 0.195959 0.176942 0.224421 0.213608
0.249261 0.200724 0.167783 0.189342 0.192890
0.224439 0.207257 0.196746 0.189103 0.182455
0.213972 0.186661 0.217298 0.173926 0.208143
0.207883 0.204733 0.216292 0.147139 0.223953
0.253449 0.216867 0.218219 0.154349 0.157117
0.206369 0.191379 0.239489 0.155384 0.207378
0.183114 0.225910 0.209594 0.184037 0.197345
0.191256 0.207895 0.202116 0.179865 0.218868
0.145538 0.200006 0.190301 0.257497 0.206658
0.174115 0.206462 0.180718 0.224429 0.214276
0.168327 0.193612 0.170457 0.246048 0.221557
0.170541 0.213002 0.212452 0.204669 0.199336
0.254555 0.208844 0.194372 0.165679 0.176549
0.198882 0.226819 0.228140 0.183019 0.163140
0.177827 0.214102 0.275206 0.167971 0.164895
0.203103 0.215042 0.250967 0.165292 0.165597
0.241071 0.178909 0.207114 0.155199 0.217707
0.209904 0.180610 0.182637 0.239272 0.187577
0.233608 0.192753 0.171855 0.207961 0.193824
0.163315 0.220133 0.195993 0.178828 0.241731
0.200495 0.185406 0.167659 0.215792 0.230648
0.228515 0.192902 0.197130 0.190819 0.190634
0.216273 0.211551 0.190711 0.193128 0.188337
0.236239 0.211253 0.192326 0.175035 0.185147
0.191377 0.211703 0.210029 0.203415 0.183476
0.190793 0.253644 0.251818 0.145918 0.157827
0.165916 0.256160 0.245567 0.164665 0.167691
0.259648 0.203741 0.209952 0.162950 0.163709
0.206615 0.234398 0.239144 0.139650 0.180193
0.254224 0.224793 0.188503 0.164781 0.167699
0.217952 0.191776 0.180568 0.236637 0.173067
0.232341 0.214310 0.200320 0.160498 0.192530
0.129573 0.203813 0.206315 0.234136 0.226163
0.250960 0.192009 0.213990 0.166034 0.177007
0.147503 0.183942 0.209297 0.239357 0.219901
0.190204 0.186172 0.200482 0.198121 0.225022
0.165054 0.228701 0.194171 0.197446 0.214627
0.212415 0.188022 0.215711 0.202593 0.181259
0.203282 0.203838 0.184995 0.186377 0.221508
0.209094 0.223566 0.236034 0.163383 0.167923
0.206462 0.230653 0.243185 0.153018 0.166682
0.179272 0.199548 0.198124 0.202670 0.220386
0.232021 0.248315 0.223960 0.167322 0.128382
0.223433 0.193319 0.220870 0.187946 0.174432
0.270254 0.192559 0.199892 0.148226 0.189068
0.170601 0.228842 0.208603 0.178520 0.213433
0.282197 0.203327 0.193769 0.155733 0.164974
0.162774 0.195221 0.196337 0.226479 0.219188
0.184670 0.221767 0.229466 0.190766 0.173331
0.224832 0.184350 0.174677 0.195950 0.220191
0.199785 0.203278 0.228895 0.165293 0.202748
0.225348 0.203442 0.202821 0.160540 0.207849
0.206805 0.221601 0.206175 0.178123 0.187296
0.235422 0.189838 0.208953 0.188874 0.176914
0.176322 0.242242 0.234680 0.164293 0.182463
0.198642 0.164349 0.154680 0.247652 0.234677
0.169496 0.220320 0.232790 0.199445 0.177949
0.254276 0.202678 0.199459 0.168967 0.174620
0.197971 0.199326 0.200890 0.184408 0.217405
0.172571 0.211681 0.226628 0.153848 0.235272
0.203692 0.226204 0.235107 0.169310 0.165687
0.231026 0.219538 0.191513 0.160299 0.197625
0.172768 0.202943 0.183617 0.218335 0.222337
0.251604 0.202524 0.234376 0.169282 0.142215
0.204581 0.159515 0.205384 0.207485 0.223034
0.200371 0.216960 0.223545 0.174871 0.184253
0.264484 0.187196 0.189786 0.208621 0.149913
0.231024 0.227946 0.208037 0.160826 0.172166
0.220671 0.171027 0.147468 0.210028 0.250806
0.223309 0.183517 0.184279 0.213801 0.195095
0.216604 0.182437 0.207318 0.194849 0.198792
0.218944 0.160991 0.169423 0.225368 0.225274
0.186749 0.222048 0.228147 0.186072 0.176985
0.271721 0.161879 0.204410 0.138075 0.223916
0.128486 0.235585 0.217773 0.202551 0.215605
0.282446 0.199015 0.201653 0.157522 0.159365
0.186434 0.218119 0.218465 0.189815 0.187166
0.241068 0.220123 0.208164 0.163934 0.166711
0.242672 0.195220 0.207502 0.179239 0.175368
0.191691 0.225533 0.248457 0.167468 0.166851
0.252672 0.215637 0.217276 0.158931 0.155484
0.217238 0.213060 0.216884 0.173431 0.179388
0.234170 0.159473 0.172772 0.216620 0.216965
0.228049 0.175702 0.166887 0.215559 0.213804
0.211338 0.221112 0.199407 0.194286 0.173857
0.220106 0.181240 0.190045 0.204011 0.204598
0.209394 0.205557 0.208322 0.181827 0.194900
0.246320 0.193156 0.177038 0.188601 0.194886
0.222439 0.189323 0.205619 0.189337 0.193282
0.132096 0.190502 0.189168 0.246476 0.241758
0.181078 0.196400 0.199238 0.221966 0.201318
0.191428 0.192912 0.226409 0.189880 0.199371
0.171317 0.215598 0.201722 0.203046 0.208317
0.174824 0.254176 0.241106 0.156255 0.173639
0.157499 0.242677 0.241445 0.177974 0.180405
0.187894 0.183349 0.207669 0.215087 0.206001
0.226101 0.202104 0.236072 0.169719 0.166003
0.230308 0.215604 0.240928 0.152527 0.160634
0.169605 0.239822 0.215130 0.179728 0.195715
0.224691 0.229512 0.198449 0.171600 0.175748
0.207309 0.247991 0.227514 0.157585 0.159600
0.178100 0.197743 0.231598 0.196452 0.196107
0.164963 0.221866 0.237067 0.188052 0.188052
0.200397 0.224429 0.244037 0.173746 0.157391
0.204572 0.204356 0.196290 0.176558 0.218225
0.195544 0.196315 0.178674 0.245658 0.183809
0.197761 0.205935 0.194243 0.214275 0.187786
0.149965 0.208655 0.204416 0.217339 0.219626
0.179624 0.220944 0.187194 0.191097 0.221141
0.180047 0.262548 0.240842 0.155697 0.160866
0.253566 0.197102 0.202108 0.174409 0.172815
0.181038 0.214617 0.226794 0.189082 0.188469
0.201232 0.218929 0.272479 0.158291 0.149069
0.162301 0.205916 0.210875 0.167560 0.253349
0.192013 0.233458 0.235847 0.171405 0.167276
0.150481 0.282993 0.269114 0.153350 0.144061
0.192673 0.213734 0.206324 0.192443 0.194825
0.182332 0.232768 0.216460 0.171720 0.196720
0.207115 0.235494 0.218669 0.184491 0.154231
0.236805 0.147365 0.183930 0.227059 0.204841
0.178510 0.234681 0.216411 0.176842 0.193556
0.216212 0.202915 0.211603 0.192215 0.177055
0.207369 0.171286 0.196873 0.181966 0.242506
0.210851 0.201717 0.204587 0.190046 0.192799
0.264633 0.197592 0.202265 0.170356 0.165154
0.191702 0.214408 0.206302 0.218008 0.169579
0.253069 0.173356 0.181793 0.201613 0.190170
0.121579 0.274919 0.282331 0.164723 0.156449
0.218072 0.225839 0.162479 0.190269 0.203341
0.138784 0.248334 0.209242 0.200153 0.203486
0.181036 0.226070 0.215332 0.187756 0.189806
0.230960 0.221861 0.221955 0.157237 0.167986
0.210590 0.215751 0.238277 0.170887 0.164495
0.206992 0.207578 0.199806 0.189350 0.196274
0.200791 0.223392 0.196481 0.194192 0.185145
0.314906 0.138301 0.182642 0.164767 0.199385
0.243626 0.225948 0.197701 0.152826 0.179900
0.244076 0.213984 0.200535 0.172785 0.168619
0.259061 0.204436 0.204360 0.161080 0.171064
0.250738 0.212345 0.207408 0.153374 0.176134
0.177739 0.196405 0.183124 0.218270 0.224462
0.217784 0.229098 0.218100 0.159673 0.175345
0.209337 0.209500 0.194315 0.195255 0.191594
0.215361 0.219803 0.222705 0.172823 0.169308
0.208995 0.154330 0.204460 0.223413 0.208802
0.224990 0.192287 0.242479 0.184865 0.155379
0.167023 0.211451 0.224406 0.189216 0.207905
0.207406 0.201149 0.193304 0.205543 0.192599
0.249509 0.247470 0.177751 0.145930 0.179340
0.151196 0.239360 0.224032 0.171204 0.214208
0.252523 0.164514 0.243634 0.179255 0.160073
0.185657 0.209697 0.220693 0.185452 0.198501
0.162168 0.243560 0.243146 0.170850 0.180276
0.251691 0.198464 0.181074 0.181222 0.187549
0.259569 0.201665 0.197359 0.163286 0.178122
0.163433 0.182091 0.215997 0.211260 0.227219
0.293992 0.190464 0.183490 0.180250 0.151804
0.229411 0.243511 0.192570 0.153477 0.181030
0.229926 0.172841 0.225083 0.167249 0.204902
0.205287 0.193638 0.213397 0.213127 0.174551
0.284917 0.180715 0.204694 0.163034 0.166640
0.223778 0.175310 0.212462 0.174786 0.213664
0.218402 0.180142 0.169937 0.211922 0.219597
0.308241 0.199789 0.193217 0.143980 0.154773
0.246720 0.198218 0.191833 0.175279 0.187949
0.182007 0.247080 0.209918 0.200133 0.160862
0.148832 0.246329 0.194578 0.203917 0.206344
0.217871 0.256067 0.222161 0.149440 0.154460
0.181565 0.200704 0.231090 0.187407 0.199232
0.178253 0.193243 0.210299 0.200063 0.218141
0.187492 0.223312 0.228531 0.178700 0.181966
0.201642 0.199121 0.189327 0.201064 0.208845
0.210726 0.184881 0.170812 0.236670 0.196911
0.272314 0.167882 0.211951 0.178693 0.169159
0.207608 0.212727 0.240217 0.169731 0.169717
0.255547 0.161538 0.184105 0.197076 0.201734
0.181925 0.195259 0.246319 0.190226 0.186271
0.228247 0.182663 0.240481 0.167901 0.180708
0.178839 0.180760 0.208466 0.226602 0.205333
0.186570 0.238682 0.207159 0.162440 0.205150
0.183335 0.247871 0.224348 0.163650 0.180795
0.204844 0.221824 0.197184 0.195631 0.180516
0.222224 0.195022 0.163701 0.175262 0.243792
0.280945 0.187058 0.203095 0.159765 0.169137
0.208643 0.197741 0.220659 0.193053 0.179904
0.192986 0.189649 0.215244 0.203782 0.198340
0.165111 0.217654 0.235292 0.167596 0.214348
0.242936 0.228619 0.216907 0.158428 0.153111
0.203901 0.204130 0.167026 0.213968 0.210976
0.193727 0.200572 0.199185 0.205712 0.200803
0.205047 0.240752 0.257314 0.154989 0.141898
0.198660 0.159843 0.174241 0.183660 0.283597
0.187752 0.218129 0.220220 0.180650 0.193249
0.215323 0.211974 0.201290 0.214970 0.156444
0.175750 0.198269 0.186924 0.228497 0.210561
0.225263 0.179865 0.195962 0.165104 0.233806
0.209772 0.218414 0.236211 0.178943 0.156660
0.263920 0.168274 0.188908 0.195245 0.183653
0.204634 0.188419 0.186727 0.200509 0.219711
0.236296 0.231822 0.228941 0.167726 0.135215
0.286543 0.154644 0.180901 0.170892 0.207021
0.151438 0.210951 0.214066 0.212615 0.210930
0.188217 0.242606 0.216948 0.183531 0.168698
0.195845 0.214051 0.177043 0.222909 0.190152
0.165345 0.232789 0.233438 0.159528 0.208900
0.200147 0.211682 0.223153 0.188759 0.176259
0.200591 0.212511 0.248442 0.172960 0.165497
0.171318 0.206322 0.192293 0.205825 0.224242
0.202504 0.231946 0.218227 0.180198 0.167125
0.232325 0.194901 0.176003 0.188821 0.207951
0.154234 0.204137 0.199778 0.221240 0.220612
0.255043 0.201897 0.205792 0.172874 0.164395
0.182536 0.206670 0.190508 0.218476 0.201810
0.147839 0.218954 0.231172 0.188517 0.213517
0.216155 0.204024 0.203659 0.190686 0.185476
0.190745 0.231344 0.241827 0.176371 0.159713
0.151039 0.202228 0.232268 0.216088 0.198377
0.188819 0.213171 0.227036 0.168820 0.202154
0.202001 0.187904 0.194790 0.209220 0.206085
0.233793 0.206125 0.234834 0.174508 0.150741
0.205035 0.213362 0.173668 0.192874 0.215061
0.190817 0.227840 0.230320 0.193830 0.157193
0.208079 0.208519 0.213487 0.171601 0.198313
0.220561 0.197497 0.192675 0.196290 0.192976
0.195081 0.218454 0.208738 0.191940 0.185787
0.164789 0.242920 0.215986 0.178534 0.197772
0.165385 0.222834 0.200679 0.184206 0.226896
0.239908 0.216235 0.208779 0.170715 0.164363
0.230285 0.219956 0.232146 0.149888 0.167725
0.221651 0.194235 0.171935 0.201556 0.210622
0.204936 0.207500 0.216455 0.183710 0.187399
0.223063 0.243556 0.219145 0.127204 0.187032
0.171475 0.202104 0.201481 0.213257 0.211683
0.172442 0.223169 0.235657 0.183188 0.185544
0.151664 0.240588 0.221182 0.167033 0.219533
0.173497 0.191856 0.183565 0.228479 0.222603
0.176324 0.214761 0.224833 0.218189 0.165892
0.196458 0.211256 0.203047 0.192540 0.196699
0.196695 0.203671 0.193959 0.207342 0.198334
0.174983 0.209490 0.183646 0.244724 0.187158
0.193714 0.194310 0.203221 0.183522 0.225233
0.206719 0.196690 0.223257 0.193217 0.180118
0.222139 0.201981 0.181188 0.168041 0.226650
0.234692 0.212673 0.221212 0.158403 0.173021
0.198148 0.243151 0.219843 0.172336 0.166522
0.205144 0.220959 0.241582 0.173035 0.159281
0.229197 0.221836 0.211505 0.170528 0.166933
0.172437 0.261285 0.181004 0.195615 0.189658
0.113785 0.255017 0.230556 0.206041 0.194600
0.150400 0.232255 0.197019 0.207721 0.212605
0.200957 0.195796 0.215501 0.168873 0.218873
0.225019 0.195532 0.211568 0.169779 0.198103
0.221401 0.178755 0.207599 0.176559 0.215687
0.203353 0.192800 0.240751 0.181355 0.181742
0.203681 0.199353 0.227039 0.183112 0.186815
0.202740 0.211315 0.198873 0.188938 0.198134
0.171948 0.222243 0.202596 0.204196 0.199017
0.234688 0.203220 0.200737 0.182216 0.179139
0.143350 0.233524 0.236790 0.192583 0.193753
0.167773 0.213668 0.226832 0.177220 0.214508
0.153368 0.236983 0.252888 0.176576 0.180185
0.240037 0.230968 0.228444 0.147761 0.152789
0.219418 0.228822 0.195204 0.187331 0.169225
0.191790 0.211758 0.239633 0.165909 0.190909
0.205193 0.213889 0.202533 0.191050 0.187335
0.173049 0.226024 0.208108 0.199473 0.193346
0.180203 0.204071 0.197409 0.222480 0.195837
0.192475 0.212291 0.233656 0.176861 0.184716
0.218177 0.196141 0.185551 0.217996 0.182134
0.228417 0.172650 0.210357 0.195069 0.193507
0.152291 0.231301 0.262814 0.150918 0.202676
0.271641 0.204942 0.196608 0.170680 0.156130
0.194853 0.229311 0.229849 0.167106 0.178880
0.211689 0.240942 0.211387 0.163356 0.172626
0.208944 0.228693 0.234312 0.167742 0.160309
0.213012 0.183875 0.189164 0.209433 0.204516
0.167421 0.198889 0.232293 0.202946 0.198451
0.194737 0.240549 0.243113 0.161143 0.160458
0.304580 0.166894 0.189122 0.140391 0.199013
0.187970 0.221761 0.229054 0.183348 0.177866
0.234710 0.212295 0.199200 0.187379 0.166415
0.212177 0.191795 0.164374 0.231033 0.200620
0.219261 0.181968 0.188204 0.210405 0.200162
0.189124 0.191860 0.158882 0.235035 0.225098
0.197472 0.205949 0.212837 0.183726 0.200016
0.220222 0.165446 0.211697 0.198596 0.204040
0.215212 0.235965 0.222743 0.182671 0.143410
0.266258 0.201510 0.204486 0.154944 0.172803
0.192186 0.231546 0.248527 0.169183 0.158558
0.284935 0.212319 0.201033 0.159170 0.142543
0.207073 0.197835 0.178163 0.209228 0.207701
0.198457 0.241325 0.229006 0.146412 0.184801
0.193151 0.225433 0.192843 0.189712 0.198861
0.287885 0.179007 0.205097 0.153051 0.174960
0.154853 0.217679 0.236173 0.204245 0.187050
0.199261 0.204998 0.203001 0.204623 0.188117
0.215015 0.197512 0.193880 0.177747 0.215845
0.155636 0.218980 0.219345 0.201131 0.204907
0.223871 0.185423 0.198579 0.196751 0.195376
0.192793 0.205554 0.185124 0.212260 0.204269
0.174042 0.191430 0.194015 0.238410 0.202103
0.204432 0.190942 0.222991 0.193184 0.188452
0.213567 0.221611 0.195049 0.152211 0.217562
0.156473 0.231268 0.250936 0.195483 0.165841
0.153154 0.198145 0.222269 0.194495 0.231937
0.290852 0.179832 0.192012 0.181866 0.155439
0.206931 0.225819 0.212182 0.182312 0.172756
0.211621 0.200155 0.186293 0.185806 0.216124
0.229522 0.220649 0.213402 0.136008 0.200419
0.193564 0.217573 0.206988 0.199739 0.182137
0.224672 0.215652 0.190240 0.193267 0.176169
0.265384 0.163708 0.198064 0.139053 0.233791
0.279949 0.187184 0.204663 0.175660 0.152544
0.244317 0.173874 0.182043 0.190265 0.209501
0.220815 0.201762 0.205891 0.180800 0.190730
0.243635 0.195825 0.191864 0.169864 0.198812
0.251455 0.167978 0.184383 0.214098 0.182086
0.254583 0.188629 0.219377 0.175450 0.161962
0.215429 0.204919 0.179860 0.203480 0.196312
0.246278 0.220956 0.178643 0.160117 0.194005
0.205935 0.218420 0.217329 0.150205 0.208111
0.189024 0.188509 0.195189 0.224157 0.203121
0.194399 0.202112 0.173886 0.206657 0.222947
0.187976 0.199975 0.189913 0.225096 0.197040
0.186641 0.165770 0.188604 0.210492 0.248493
0.176395 0.202383 0.187730 0.247739 0.185752
0.198727 0.237688 0.231635 0.162241 0.169709
0.181354 0.184153 0.193549 0.199415 0.241528
0.246444 0.212102 0.199249 0.175783 0.166423
0.218705 0.187805 0.221521 0.183519 0.188450
0.190724 0.172684 0.210833 0.212271 0.213488
0.246546 0.230304 0.196134 0.146292 0.180724
0.164314 0.248364 0.211410 0.192327 0.183584
0.186861 0.171227 0.192419 0.214065 0.235428
