0.184114 0.184114 0.166604 0.263500 0.201668
0.209181 0.202418 0.191273 0.212410 0.184718
0.180922 0.180324 0.167849 0.290574 0.180331
0.209948 0.206339 0.203992 0.173381 0.206339
0.179178 0.179178 0.178624 0.283843 0.179178
0.191183 0.207331 0.175317 0.218837 0.207331
0.172497 0.197300 0.169634 0.288073 0.172497
0.210413 0.177087 0.207640 0.200032 0.204828
0.180640 0.185864 0.168140 0.297787 0.167568
0.195684 0.200268 0.200198 0.208166 0.195684
0.212717 0.193460 0.212717 0.168390 0.212717
0.178070 0.169102 0.222614 0.252144 0.178070
0.202033 0.204498 0.194279 0.203454 0.195736
0.170705 0.144315 0.169325 0.362650 0.153005
0.200265 0.192182 0.179038 0.241347 0.187168
0.190500 0.192607 0.165297 0.211096 0.240500
0.204975 0.171642 0.209279 0.212576 0.201527
0.207090 0.201500 0.190437 0.199342 0.201631
0.213056 0.212690 0.209190 0.148817 0.216247
0.198023 0.194672 0.231010 0.178272 0.198023
0.203285 0.198727 0.177326 0.223334 0.197328
0.196792 0.222153 0.186669 0.198184 0.196201
0.198431 0.202290 0.179734 0.224481 0.195065
0.185811 0.191639 0.160319 0.276419 0.185811
0.164420 0.184209 0.168558 0.294543 0.188270
0.198699 0.232032 0.189268 0.181302 0.198699
0.183811 0.188931 0.199027 0.244413 0.183818
0.195637 0.195637 0.198141 0.214947 0.195637
0.196093 0.190500 0.185323 0.231992 0.196093
0.212271 0.199198 0.182682 0.193578 0.212271
0.191883 0.192129 0.171403 0.252455 0.192129
0.171569 0.184667 0.211780 0.252910 0.179074
0.213924 0.211823 0.206989 0.181612 0.185652
0.160081 0.163530 0.201941 0.260918 0.213530
0.190389 0.201603 0.253823 0.156030 0.198155
0.199494 0.194109 0.169124 0.248622 0.188651
0.202798 0.202798 0.191619 0.196795 0.205990
0.170361 0.176318 0.158169 0.331335 0.163818
0.205576 0.205934 0.190082 0.148432 0.249977
0.176513 0.179879 0.175321 0.305232 0.163056
0.154929 0.159487 0.209848 0.275634 0.200101
0.191359 0.190997 0.195180 0.232329 0.190135
0.171878 0.172125 0.172136 0.293344 0.190517
0.186302 0.199388 0.194473 0.222518 0.197320
0.187553 0.185452 0.210452 0.231704 0.184839
0.238281 0.191729 0.198545 0.188748 0.182696
0.186627 0.192720 0.189586 0.238938 0.192129
0.207439 0.202054 0.183961 0.157859 0.248688
0.172525 0.178118 0.169547 0.314192 0.165618
0.149563 0.168593 0.168593 0.289491 0.223761
0.187697 0.188301 0.183041 0.218867 0.222094
0.165513 0.181977 0.181602 0.298390 0.172517
0.177976 0.180433 0.177356 0.286675 0.177561
0.203298 0.206631 0.194131 0.186116 0.209823
0.164422 0.188733 0.189103 0.278987 0.178755
0.216028 0.208530 0.208530 0.190558 0.176355
0.183972 0.187420 0.187435 0.213013 0.228160
0.232939 0.200109 0.200109 0.186620 0.180222
0.178056 0.167907 0.217907 0.223681 0.212449
0.178375 0.181741 0.185924 0.245176 0.208784
0.178044 0.194152 0.194152 0.251991 0.181661
0.180624 0.193693 0.188974 0.198965 0.237743
0.203522 0.206888 0.194388 0.192038 0.203163
0.181989 0.186536 0.186536 0.267790 0.177150
0.191040 0.190875 0.190875 0.233749 0.193461
0.221789 0.184289 0.184289 0.206213 0.203421
0.207515 0.200687 0.200441 0.226521 0.164835
0.191745 0.194880 0.181782 0.200399 0.231194
0.234824 0.202917 0.205018 0.173035 0.184206
0.193853 0.197303 0.193855 0.173705 0.241284
0.190501 0.190501 0.179287 0.199759 0.239952
0.197904 0.208757 0.214142 0.176459 0.202737
0.175704 0.189152 0.189152 0.265098 0.180894
0.199540 0.202813 0.196856 0.211669 0.189121
0.180655 0.205901 0.205544 0.210335 0.197565
0.185592 0.196625 0.193259 0.228520 0.196005
0.184743 0.185579 0.163273 0.251452 0.214953
0.186078 0.185345 0.210510 0.195773 0.222293
0.191700 0.200052 0.183848 0.192184 0.232217
0.251929 0.175453 0.188780 0.211169 0.172670
0.183368 0.192778 0.167644 0.243756 0.212454
0.178955 0.185713 0.226719 0.227031 0.181583
0.203086 0.205309 0.201598 0.191460 0.198546
0.171126 0.213282 0.194712 0.207037 0.213843
0.182773 0.184746 0.168988 0.306780 0.156713
0.204029 0.180304 0.174442 0.195695 0.245530
0.180149 0.181177 0.181041 0.260916 0.196717
0.214882 0.203958 0.202737 0.190409 0.188014
0.228536 0.149369 0.173653 0.217314 0.231129
0.235286 0.208969 0.180743 0.188418 0.186583
0.200736 0.192612 0.192553 0.191923 0.222177
0.178710 0.180238 0.195928 0.209288 0.235836
0.168136 0.212980 0.240458 0.200013 0.178413
0.179505 0.185485 0.190463 0.216856 0.227690
0.208102 0.169752 0.185008 0.213937 0.223201
0.196023 0.184474 0.157971 0.255865 0.205667
0.174568 0.152097 0.213708 0.298654 0.160974
0.227911 0.168869 0.211002 0.211703 0.180514
0.184680 0.177384 0.192767 0.245516 0.199653
0.178862 0.189283 0.161472 0.271987 0.198396
0.189637 0.199548 0.172914 0.234285 0.203617
0.196702 0.213730 0.173710 0.204829 0.211029
0.162339 0.201172 0.152585 0.287138 0.196766
0.204371 0.191738 0.213038 0.176380 0.214472
0.187461 0.200761 0.151890 0.238583 0.221305
0.179996 0.219079 0.178271 0.257635 0.165019
0.185767 0.182093 0.202076 0.229871 0.200193
0.194924 0.211590 0.197712 0.190831 0.204943
0.207438 0.197727 0.202502 0.202097 0.190236
0.179909 0.166836 0.207679 0.264501 0.181075
0.208349 0.264226 0.179007 0.146314 0.202104
0.194950 0.200448 0.187148 0.224059 0.193395
0.193002 0.196280 0.185469 0.246716 0.178533
0.187244 0.198318 0.224864 0.161030 0.228544
0.206367 0.192927 0.181305 0.223401 0.195999
0.211277 0.211277 0.219922 0.183186 0.174337
0.188609 0.188595 0.180550 0.200652 0.241595
0.217110 0.217110 0.161489 0.215628 0.188662
0.221128 0.196128 0.207046 0.195649 0.180048
0.200555 0.196695 0.163257 0.240205 0.199288
0.188655 0.188655 0.180108 0.252327 0.190256
0.160924 0.166134 0.177595 0.318502 0.176844
0.157354 0.173823 0.197662 0.281583 0.189578
0.202924 0.186257 0.181710 0.229552 0.199557
0.176730 0.178370 0.206098 0.262065 0.176737
0.175418 0.172073 0.236260 0.216981 0.199268
0.195985 0.179121 0.198287 0.230623 0.195985
0.200310 0.191940 0.195100 0.212332 0.200317
0.186553 0.188248 0.221917 0.216729 0.186553
0.224116 0.215104 0.197972 0.144989 0.217819
0.199688 0.187057 0.187819 0.243202 0.182234
0.169958 0.184280 0.174329 0.288377 0.183056
0.229306 0.210537 0.171481 0.184812 0.203864
0.200058 0.198614 0.216342 0.169552 0.215434
0.166046 0.176884 0.175189 0.308325 0.173556
0.198702 0.190008 0.178339 0.245761 0.187190
0.213316 0.183069 0.181331 0.205968 0.216316
0.166564 0.199908 0.163091 0.297916 0.172521
0.212523 0.213037 0.191610 0.189810 0.193020
0.169863 0.158592 0.156739 0.292175 0.222632
0.189317 0.181027 0.209651 0.233186 0.186818
0.176309 0.210976 0.177185 0.265040 0.170489
0.216667 0.194285 0.209139 0.160569 0.219339
0.169201 0.181329 0.200839 0.254442 0.194189
0.212928 0.205758 0.214989 0.175788 0.190536
0.241183 0.166824 0.166559 0.191684 0.233749
0.213436 0.205874 0.165677 0.227720 0.187293
0.183519 0.183390 0.223572 0.206212 0.203307
0.163671 0.173419 0.171675 0.291053 0.200182
0.194204 0.192047 0.191478 0.230865 0.191407
0.182348 0.208135 0.189987 0.257957 0.161574
0.171158 0.204763 0.211027 0.213526 0.199527
0.196868 0.214480 0.184871 0.198560 0.205222
0.172956 0.170363 0.162829 0.317820 0.176032
0.167734 0.220455 0.130936 0.272147 0.208728
0.209960 0.209638 0.199886 0.180652 0.199863
0.183919 0.187285 0.209151 0.220426 0.199219
0.187848 0.194450 0.229918 0.201713 0.186071
0.181598 0.169096 0.190671 0.227031 0.231605
0.201063 0.199462 0.238563 0.164899 0.196014
0.191946 0.180529 0.188145 0.264309 0.175071
0.202998 0.215738 0.199514 0.168413 0.213336
0.247193 0.177345 0.173922 0.237268 0.164272
0.192735 0.216051 0.164781 0.221548 0.204884
0.207819 0.215329 0.177489 0.226292 0.173071
0.207759 0.176839 0.206276 0.218986 0.190140
0.169280 0.180707 0.180510 0.292379 0.177124
0.181190 0.187147 0.172448 0.256144 0.203070
0.198226 0.198118 0.214116 0.189079 0.200462
0.190684 0.211153 0.206089 0.180915 0.211160
0.185248 0.186197 0.179451 0.269569 0.179536
0.206069 0.205708 0.170100 0.213051 0.205072
0.198772 0.214723 0.189894 0.185198 0.211412
0.190229 0.173550 0.233402 0.212602 0.190217
0.196344 0.197990 0.195464 0.219444 0.190758
0.228965 0.175819 0.184355 0.232868 0.177993
0.192918 0.196131 0.179721 0.171768 0.259462
0.196121 0.198663 0.173118 0.247857 0.184242
0.197964 0.207141 0.203561 0.187192 0.204142
0.168468 0.194366 0.228175 0.205555 0.203435
0.202572 0.180926 0.185399 0.273425 0.157679
0.180740 0.195209 0.200285 0.212679 0.211086
0.204782 0.192759 0.220486 0.218217 0.163756
0.173326 0.177778 0.159259 0.271719 0.217918
0.177026 0.194989 0.180025 0.240920 0.207041
0.164896 0.185049 0.209303 0.200422 0.240329
0.187733 0.187369 0.173019 0.233708 0.218172
0.173047 0.204810 0.172449 0.229942 0.219751
0.198651 0.202857 0.189450 0.225618 0.183425
0.198734 0.202343 0.185662 0.214336 0.198925
0.184957 0.168096 0.201105 0.262426 0.183415
0.208299 0.187690 0.190552 0.238636 0.174823
0.181660 0.181414 0.206667 0.230928 0.199331
0.195315 0.188022 0.191612 0.244694 0.180357
0.174826 0.201928 0.168699 0.213916 0.240630
0.203472 0.175023 0.206471 0.209712 0.205322
0.185303 0.169444 0.185303 0.229283 0.230666
0.210002 0.215388 0.196943 0.180718 0.196950
0.209627 0.215924 0.174661 0.218821 0.180967
0.180275 0.192019 0.201469 0.212464 0.213774
0.188359 0.188002 0.172515 0.279181 0.171942
0.186153 0.183033 0.197399 0.255529 0.177887
0.170501 0.179040 0.182923 0.249572 0.217964
0.201056 0.216865 0.204208 0.200150 0.177722
0.221820 0.183602 0.198893 0.194252 0.201433
0.185189 0.201560 0.181533 0.250500 0.181219
0.174920 0.155651 0.175458 0.302715 0.191257
0.191745 0.223719 0.186061 0.216390 0.182085
0.170205 0.182068 0.169219 0.290360 0.188147
0.216603 0.207056 0.181957 0.195489 0.198894
0.189303 0.185926 0.194327 0.237766 0.192678
0.181300 0.176017 0.171491 0.268245 0.202947
0.203892 0.194375 0.202455 0.196346 0.202933
0.191354 0.158162 0.171219 0.291512 0.187752
0.186652 0.183729 0.227405 0.215573 0.186640
0.196696 0.180022 0.194785 0.233363 0.195134
0.235951 0.186332 0.166285 0.205245 0.206186
0.186980 0.181859 0.172589 0.229841 0.228731
0.196604 0.221618 0.184234 0.216000 0.181544
0.207746 0.217002 0.200241 0.177616 0.197394
0.170437 0.202307 0.216920 0.223635 0.186701
0.185072 0.203117 0.203184 0.228815 0.179813
0.175617 0.155816 0.207909 0.297916 0.162742
0.209821 0.192111 0.184720 0.224895 0.188453
0.192529 0.180364 0.165058 0.272885 0.189163
0.180656 0.180656 0.167667 0.240366 0.230656
0.192565 0.187305 0.145507 0.275954 0.198669
0.188827 0.188452 0.189364 0.219522 0.213835
0.182796 0.197466 0.198884 0.241756 0.179099
0.206126 0.186373 0.184399 0.223103 0.199999
0.203057 0.182130 0.167913 0.240843 0.206057
0.174507 0.184337 0.186283 0.292866 0.162007
0.185131 0.188272 0.165919 0.237029 0.223650
0.190199 0.187199 0.218514 0.235716 0.168373
0.168797 0.225559 0.177083 0.295563 0.132998
0.176671 0.188214 0.180679 0.225179 0.229257
0.195413 0.199620 0.187884 0.226718 0.190366
0.149868 0.166505 0.233512 0.285965 0.164150
0.209180 0.155532 0.218518 0.208715 0.208055
0.201007 0.171896 0.186630 0.265330 0.175137
0.193129 0.224249 0.197530 0.169919 0.215172
0.177747 0.171396 0.207521 0.219525 0.223812
0.200184 0.193143 0.185845 0.237616 0.183212
0.193605 0.186160 0.176609 0.254448 0.189178
0.202309 0.204546 0.165144 0.223152 0.204850
0.196187 0.196871 0.191371 0.225262 0.190309
0.147039 0.153743 0.167384 0.381767 0.150066
0.194813 0.197217 0.170052 0.214130 0.223788
0.191311 0.191311 0.208320 0.200594 0.208465
0.192762 0.211878 0.184870 0.214951 0.195539
0.199495 0.199117 0.184597 0.220836 0.195954
0.200351 0.197081 0.187198 0.217604 0.197766
0.190517 0.173850 0.175275 0.288173 0.172185
0.210096 0.210660 0.185100 0.197532 0.196613
0.167406 0.186203 0.163015 0.324845 0.158531
0.191857 0.207876 0.203892 0.209822 0.186552
0.192582 0.190506 0.192409 0.197094 0.227409
0.154130 0.174964 0.181984 0.272811 0.216112
0.202737 0.202095 0.241820 0.158552 0.194796
0.200299 0.200299 0.189638 0.214917 0.194848
0.213256 0.213551 0.184652 0.183255 0.205286
0.173339 0.170145 0.179864 0.264840 0.211812
0.190243 0.191218 0.218662 0.217961 0.181917
0.196832 0.212780 0.209302 0.180458 0.200628
0.195008 0.205851 0.183298 0.229695 0.186147
0.213677 0.208095 0.178276 0.209360 0.190591
0.182223 0.165542 0.152144 0.299910 0.200181
0.204424 0.212021 0.169937 0.203865 0.209753
0.237872 0.184886 0.188250 0.204033 0.184959
0.192413 0.174930 0.188522 0.252538 0.191597
0.185617 0.194058 0.197772 0.207378 0.215175
0.195469 0.182080 0.237119 0.185506 0.199826
0.176770 0.185409 0.243050 0.205492 0.189279
0.191511 0.187418 0.231463 0.203700 0.185907
0.204565 0.186832 0.189445 0.227664 0.191493
0.245811 0.184006 0.167016 0.207356 0.195811
0.194864 0.190110 0.168799 0.256484 0.189743
0.212604 0.205842 0.184785 0.189375 0.207394
0.190931 0.196178 0.216997 0.216036 0.179857
0.188064 0.197527 0.207162 0.206111 0.201136
0.190035 0.210020 0.185267 0.224396 0.190282
0.184427 0.188645 0.241680 0.183074 0.202174
0.207415 0.207415 0.197071 0.182701 0.205398
0.192326 0.214836 0.193162 0.203450 0.196226
0.204516 0.183683 0.213379 0.166950 0.231472
0.195880 0.223185 0.201620 0.202492 0.176823
0.181615 0.196377 0.189394 0.197865 0.234749
0.188366 0.198036 0.207643 0.214558 0.191397
0.188128 0.177329 0.177689 0.228887 0.227967
0.188459 0.178579 0.224367 0.217389 0.191206
0.186344 0.192208 0.200801 0.229486 0.191161
0.171450 0.175714 0.171466 0.311972 0.169398
0.176204 0.179280 0.174561 0.291296 0.178660
0.193877 0.177505 0.193865 0.254087 0.180666
0.188174 0.212804 0.187804 0.199006 0.212213
0.205763 0.202411 0.180763 0.187011 0.224052
0.187379 0.180521 0.182719 0.273505 0.175876
0.202900 0.205359 0.185153 0.195116 0.211472
0.226354 0.176354 0.207651 0.181990 0.207651
0.180037 0.169977 0.189851 0.276155 0.183980
0.215530 0.221861 0.209403 0.161098 0.192108
0.187991 0.203734 0.195463 0.195381 0.217431
0.180453 0.195251 0.179855 0.259354 0.185087
0.167292 0.205510 0.162631 0.281714 0.182853
0.212056 0.199203 0.208010 0.174047 0.206684
0.183928 0.192667 0.169106 0.283700 0.170599
0.168344 0.185010 0.173729 0.306284 0.166633
0.166982 0.156698 0.183130 0.264818 0.228372
0.190185 0.177328 0.183982 0.264733 0.183772
0.196770 0.200977 0.183125 0.222493 0.196635
0.193047 0.180521 0.179282 0.231350 0.215800
0.189910 0.164383 0.183353 0.285833 0.176521
0.190195 0.211610 0.163110 0.233227 0.201858
0.194965 0.212356 0.190199 0.190508 0.211972
0.188363 0.181087 0.200878 0.234952 0.194720
0.198988 0.252549 0.162347 0.202911 0.183206
0.151001 0.180599 0.217571 0.218570 0.232258
0.212111 0.167647 0.225648 0.205201 0.189393
0.205300 0.199666 0.177795 0.233869 0.183369
0.196460 0.201364 0.174613 0.229793 0.197770
0.186696 0.187143 0.168870 0.263401 0.193891
0.143007 0.181030 0.139643 0.341608 0.194712
0.182537 0.241492 0.186553 0.204744 0.184674
0.169751 0.177636 0.219458 0.264875 0.168281
0.174172 0.191993 0.216896 0.235460 0.181478
0.195903 0.190672 0.200087 0.236725 0.176613
0.193109 0.163582 0.223644 0.184217 0.235448
0.224148 0.207550 0.182564 0.187189 0.198548
0.229161 0.221520 0.193012 0.165410 0.190898
0.211307 0.198249 0.226069 0.125913 0.238462
0.202816 0.168258 0.151165 0.296966 0.180795
0.199205 0.211426 0.200015 0.177578 0.211775
0.165683 0.177552 0.247816 0.226148 0.182801
0.207845 0.188049 0.167023 0.227023 0.210060
0.187071 0.200570 0.206319 0.218993 0.187046
0.190136 0.154596 0.188096 0.228186 0.238986
0.220690 0.213412 0.188780 0.186398 0.190720
0.196365 0.196365 0.162404 0.268103 0.176764
0.186411 0.199485 0.230476 0.191073 0.192555
0.188410 0.206709 0.168672 0.240286 0.195923
0.185590 0.214002 0.167406 0.257753 0.175249
0.201737 0.193096 0.182122 0.219441 0.203605
0.222932 0.208726 0.161261 0.198739 0.208342
0.190341 0.195291 0.193137 0.237173 0.184058
0.192506 0.173731 0.198947 0.211966 0.222849
0.190600 0.196855 0.171621 0.251850 0.189075
0.176973 0.191321 0.187296 0.228083 0.216328
0.168580 0.170435 0.234559 0.225733 0.200694
0.207678 0.202802 0.182432 0.203904 0.203185
0.194477 0.203408 0.188846 0.212827 0.200442
0.196597 0.189668 0.195440 0.216081 0.202214
0.193292 0.199420 0.164887 0.250961 0.191440
0.187909 0.191840 0.232903 0.204877 0.182471
0.193113 0.190811 0.205249 0.210785 0.200042
0.187553 0.192045 0.214466 0.257295 0.148640
0.186404 0.236392 0.191212 0.191267 0.194725
0.182945 0.180351 0.188090 0.269026 0.179587
0.262669 0.212309 0.183134 0.136061 0.205826
0.249714 0.186265 0.175258 0.191710 0.197052
0.193476 0.171778 0.157057 0.288396 0.189294
0.187659 0.193610 0.158321 0.273035 0.187374
0.167192 0.184983 0.180417 0.283052 0.184356
0.204961 0.189961 0.154068 0.264339 0.186671
0.168065 0.184731 0.228398 0.234074 0.184731
0.195955 0.216708 0.252214 0.118167 0.216955
0.171180 0.151292 0.196047 0.317088 0.164394
0.200393 0.217740 0.210945 0.155190 0.215732
0.186549 0.174853 0.183347 0.282897 0.172354
0.200594 0.163752 0.146153 0.256690 0.232810
0.172560 0.189317 0.172056 0.234746 0.231321
0.195906 0.187514 0.182468 0.269164 0.164949
0.184222 0.177460 0.143097 0.269081 0.226140
0.186879 0.203984 0.189024 0.245192 0.174920
0.173242 0.170255 0.216874 0.226482 0.213147
0.170447 0.186262 0.210197 0.248337 0.184757
0.181335 0.192176 0.203816 0.240542 0.182131
0.193448 0.196782 0.188360 0.231365 0.190045
0.180198 0.194665 0.156611 0.224465 0.244062
0.193203 0.188327 0.166644 0.248273 0.203552
0.173227 0.191022 0.190245 0.279898 0.165608
0.241623 0.175630 0.169586 0.204730 0.208433
0.199260 0.195437 0.182348 0.229157 0.193798
0.183233 0.180545 0.172322 0.223707 0.240193
0.182654 0.174688 0.175357 0.258247 0.209055
0.190201 0.202342 0.191267 0.222687 0.193502
0.196067 0.196067 0.231048 0.198843 0.177974
0.185911 0.185899 0.186777 0.262710 0.178704
0.194489 0.194686 0.195891 0.225463 0.189471
0.193731 0.181231 0.199195 0.254405 0.171437
0.189772 0.183431 0.185929 0.245489 0.195379
0.201129 0.204461 0.200382 0.202434 0.191594
0.164052 0.199516 0.185294 0.251622 0.199516
0.190893 0.184705 0.230540 0.209172 0.184691
0.185421 0.213766 0.194248 0.192800 0.213766
0.208364 0.226587 0.205302 0.158159 0.201587
0.200872 0.190990 0.187677 0.233330 0.187131
0.200400 0.206476 0.240403 0.159343 0.193378
0.164097 0.182475 0.226139 0.206271 0.221018
0.159787 0.136365 0.206582 0.322682 0.174584
0.190835 0.218515 0.185175 0.195763 0.209712
0.203047 0.212746 0.194190 0.194020 0.195996
0.174419 0.167209 0.163439 0.291932 0.203001
0.221989 0.190400 0.171989 0.209430 0.206191
0.202506 0.185810 0.192432 0.236214 0.183039
0.216203 0.212028 0.215575 0.170173 0.186020
0.185891 0.162093 0.162577 0.300030 0.189408
0.184982 0.190942 0.206720 0.199363 0.217992
0.186879 0.189083 0.209778 0.217794 0.196466
0.188741 0.209899 0.197399 0.183089 0.220871
0.178107 0.196126 0.205996 0.223351 0.196421
0.203342 0.176755 0.197957 0.236208 0.185738
0.176748 0.161172 0.176748 0.234213 0.251120
0.188276 0.186235 0.193987 0.256771 0.174730
0.194827 0.195752 0.182086 0.193557 0.233778
0.184053 0.199023 0.184507 0.222281 0.210137
0.185791 0.195639 0.182735 0.261960 0.173875
0.200325 0.181870 0.169308 0.283357 0.165140
0.167932 0.225234 0.201452 0.211959 0.193423
0.182720 0.195630 0.191308 0.220284 0.210058
0.219620 0.215118 0.190289 0.186687 0.188286
0.226727 0.177900 0.167967 0.200626 0.226780
0.192171 0.180187 0.187910 0.249063 0.190668
0.179936 0.233392 0.153042 0.249610 0.184019
0.183757 0.196609 0.185478 0.231618 0.202538
0.181982 0.208827 0.209331 0.196865 0.202995
0.191330 0.182897 0.185712 0.264968 0.175094
0.186527 0.157346 0.196343 0.207125 0.252660
0.187404 0.191520 0.233956 0.196830 0.190290
0.217063 0.192063 0.206325 0.160997 0.223551
0.236041 0.176304 0.181852 0.242570 0.163233
0.205474 0.201160 0.196306 0.164054 0.233007
0.186669 0.201699 0.186709 0.225148 0.199775
0.192021 0.194639 0.194650 0.214024 0.204666
0.178565 0.194880 0.238216 0.206569 0.181769
0.202576 0.213789 0.232524 0.178953 0.172158
0.178379 0.173008 0.203114 0.219204 0.226295
0.184496 0.184496 0.175877 0.274960 0.180172
0.190444 0.221401 0.159681 0.217416 0.211057
0.191547 0.195763 0.183527 0.234260 0.194904
0.182500 0.185867 0.182732 0.225527 0.223374
0.190628 0.189976 0.175924 0.205048 0.238424
0.212577 0.195549 0.216120 0.167261 0.208492
0.201624 0.201624 0.198015 0.211460 0.187277
0.186314 0.186302 0.181043 0.282453 0.163888
0.184349 0.184545 0.200318 0.185688 0.245100
0.232492 0.194992 0.191916 0.207075 0.173525
0.211101 0.204285 0.191792 0.199888 0.192934
0.183888 0.187023 0.187393 0.267664 0.174033
0.180978 0.199071 0.199071 0.221810 0.199071
0.190946 0.199517 0.199531 0.165748 0.244258
0.184128 0.184128 0.184128 0.276607 0.171008
0.168260 0.173520 0.217026 0.227039 0.214155
0.215635 0.216010 0.189992 0.183189 0.195175
0.188763 0.191840 0.193535 0.190042 0.235820
0.179743 0.192243 0.184390 0.248794 0.194829
0.214534 0.214164 0.189164 0.167966 0.214173
0.195933 0.195933 0.200435 0.221745 0.185955
0.205513 0.205499 0.205499 0.203610 0.179879
0.196088 0.196088 0.190829 0.190650 0.226345
0.225248 0.175248 0.174873 0.227519 0.197113
0.170365 0.166183 0.163106 0.311344 0.189002
0.181855 0.181855 0.169158 0.265134 0.201999
0.176299 0.181018 0.168888 0.243758 0.230037
0.174222 0.186722 0.188418 0.290581 0.160057
0.191356 0.191356 0.188236 0.196462 0.232591
0.190929 0.190929 0.178429 0.252430 0.187282
0.188986 0.188986 0.243291 0.205004 0.173732
0.186016 0.186016 0.177698 0.222934 0.227336
0.191688 0.191688 0.187928 0.228464 0.200231
0.185125 0.185125 0.164200 0.289042 0.176508
0.180397 0.180397 0.141516 0.294055 0.203636
0.193822 0.193822 0.184385 0.225874 0.202097
0.190572 0.190572 0.175307 0.202971 0.240579
0.194218 0.194218 0.180960 0.202013 0.228591
0.200545 0.200545 0.188019 0.187753 0.223140
0.195157 0.195157 0.211821 0.208458 0.189407
0.200397 0.200397 0.228672 0.146168 0.224366
0.210499 0.210499 0.191659 0.195086 0.192256
0.207076 0.207076 0.196060 0.218656 0.171132
0.206688 0.206688 0.168905 0.197353 0.220366
0.179160 0.179160 0.192686 0.241752 0.207242
0.184405 0.184405 0.233456 0.195972 0.201763
0.193866 0.193866 0.192361 0.229172 0.190736
0.173530 0.173530 0.218362 0.213327 0.221251
0.166532 0.166532 0.260777 0.200445 0.205714
0.198015 0.198211 0.176421 0.189831 0.237522
0.180148 0.192648 0.182701 0.255891 0.188612
0.199078 0.197382 0.179735 0.227205 0.196601
0.189433 0.192568 0.183480 0.219211 0.215309
0.159031 0.171334 0.174328 0.320990 0.174317
0.194910 0.177908 0.191117 0.251355 0.184710
0.192137 0.193636 0.230521 0.212550 0.171156
0.194139 0.183764 0.175341 0.268754 0.178002
0.185652 0.175222 0.215529 0.241737 0.181860
0.216585 0.204362 0.188872 0.187188 0.202994
0.196835 0.221835 0.173867 0.186701 0.220762
0.196980 0.192508 0.191634 0.251825 0.167053
0.220861 0.186131 0.175538 0.239909 0.177561
0.188540 0.199118 0.185195 0.201795 0.225352
0.214143 0.172268 0.191710 0.217613 0.204266
0.229463 0.165484 0.165724 0.278564 0.160765
0.226582 0.208518 0.187234 0.173008 0.204657
0.208239 0.180346 0.187366 0.219087 0.204962
0.189208 0.189921 0.236845 0.185418 0.198607
0.171532 0.240694 0.169653 0.177442 0.240680
0.203091 0.221723 0.180036 0.174075 0.221075
0.193109 0.239034 0.186629 0.214499 0.166728
0.180483 0.182518 0.161061 0.261790 0.214148
0.219222 0.201388 0.198758 0.161754 0.218878
0.186372 0.157025 0.216245 0.266081 0.174277
0.208318 0.192154 0.215859 0.185486 0.198184
0.192188 0.180139 0.193786 0.267250 0.166637
0.204070 0.183437 0.229654 0.221590 0.161250
0.165240 0.178459 0.183013 0.233675 0.239612
0.187674 0.194865 0.175781 0.264783 0.176897
0.216940 0.195552 0.175594 0.191710 0.220204
0.180357 0.177826 0.141982 0.245461 0.254375
0.231874 0.201163 0.197071 0.146366 0.223527
0.207607 0.195347 0.188018 0.197021 0.212007
0.195538 0.189873 0.222992 0.196203 0.195395
0.201060 0.183275 0.193748 0.231362 0.190555
0.189686 0.196604 0.184206 0.270998 0.158505
0.206520 0.180090 0.227959 0.169082 0.216350
0.176721 0.160066 0.154652 0.306930 0.201632
0.189108 0.199195 0.185202 0.196313 0.230182
0.165222 0.220789 0.165967 0.188349 0.259673
0.193133 0.212409 0.196860 0.206494 0.191105
0.180258 0.184439 0.228421 0.244147 0.162735
0.189173 0.179941 0.192162 0.203881 0.234843
0.222586 0.192847 0.200683 0.179800 0.204084
0.192850 0.193206 0.223309 0.229700 0.160936
0.185260 0.185260 0.202237 0.232827 0.194415
0.230420 0.180434 0.162070 0.243673 0.183403
0.195751 0.190434 0.189083 0.228004 0.196728
0.178726 0.191029 0.145781 0.256353 0.228112
0.210617 0.209265 0.187759 0.179218 0.213141
0.184742 0.196375 0.202843 0.231315 0.184725
0.184942 0.164097 0.175619 0.203499 0.271844
0.203798 0.178887 0.186628 0.186635 0.244052
0.215667 0.207071 0.194605 0.199181 0.183476
0.199605 0.196447 0.191681 0.233593 0.178673
0.192334 0.183252 0.188149 0.271031 0.165234
0.187281 0.172616 0.187446 0.233832 0.218824
0.203458 0.193267 0.240969 0.168531 0.193775
0.196759 0.184826 0.203784 0.232371 0.182261
0.175209 0.182122 0.234574 0.233667 0.174429
0.174935 0.172896 0.210267 0.244812 0.197090
0.191190 0.190972 0.190677 0.214245 0.212915
0.179561 0.237503 0.173968 0.217520 0.191448
0.189816 0.239857 0.163084 0.224998 0.182245
0.196756 0.200938 0.180174 0.242043 0.180089
0.169367 0.169920 0.159050 0.252037 0.249627
0.209712 0.192869 0.202089 0.188587 0.206743
0.188214 0.228790 0.191463 0.212670 0.178863
0.197129 0.214996 0.187949 0.206257 0.193669
0.179671 0.192399 0.193678 0.254927 0.179326
0.215385 0.207445 0.206864 0.162900 0.207406
0.207371 0.184635 0.231639 0.166178 0.210177
0.191567 0.204685 0.211462 0.210600 0.181686
0.237698 0.166364 0.182312 0.193813 0.219812
0.168216 0.154516 0.153452 0.338231 0.185585
0.201263 0.209471 0.194342 0.193162 0.201762
0.166891 0.159713 0.218935 0.279047 0.175413
0.165636 0.193145 0.182116 0.264504 0.194600
0.184132 0.185985 0.186956 0.262296 0.180632
0.201652 0.183015 0.200020 0.211164 0.204148
0.187303 0.195685 0.186031 0.248331 0.182650
0.180349 0.168789 0.174952 0.256168 0.219742
0.182828 0.158918 0.207828 0.263548 0.186878
0.228813 0.178037 0.188630 0.225769 0.178751
0.192281 0.189213 0.187518 0.240877 0.190111
0.192036 0.236325 0.172445 0.221540 0.177655
0.184355 0.186769 0.202839 0.211791 0.214246
0.177728 0.241575 0.186736 0.220943 0.173018
0.192658 0.186689 0.186285 0.200914 0.233454
0.201008 0.182829 0.190899 0.230308 0.194955
0.190467 0.172874 0.192569 0.222154 0.221936
0.256015 0.192146 0.178058 0.189084 0.184697
0.189937 0.169182 0.197759 0.246396 0.196727
0.193230 0.230903 0.178204 0.167703 0.229960
0.172874 0.175589 0.174441 0.308482 0.168614
0.187470 0.202252 0.210285 0.189688 0.210305
0.179639 0.165455 0.168068 0.304614 0.182225
0.190466 0.197654 0.185730 0.223308 0.202842
0.193067 0.183648 0.187911 0.260665 0.174710
0.210868 0.196664 0.201664 0.184157 0.206646
0.195143 0.165524 0.194786 0.252481 0.192067
0.194193 0.168781 0.206987 0.232198 0.197841
0.177871 0.178939 0.166770 0.204845 0.271574
0.203787 0.185410 0.223357 0.204487 0.182959
0.184993 0.229107 0.192215 0.220296 0.173389
0.200677 0.201203 0.197240 0.210689 0.190190
0.219952 0.200022 0.203146 0.156928 0.219952
0.196587 0.175321 0.238652 0.198113 0.191327
0.184189 0.204309 0.165266 0.268965 0.177271
0.222998 0.229211 0.201161 0.162225 0.184405
0.189331 0.185641 0.167177 0.231021 0.226831
0.183644 0.189470 0.154445 0.242244 0.230196
0.177434 0.198655 0.174603 0.277332 0.171976
0.196883 0.200546 0.184547 0.217940 0.200083
0.198463 0.170071 0.179535 0.253220 0.198710
0.206352 0.203502 0.207644 0.164359 0.218142
0.195359 0.169722 0.183146 0.259022 0.192751
0.177140 0.159162 0.205083 0.281136 0.177478
0.186455 0.205399 0.175241 0.254461 0.178445
0.179310 0.192195 0.209557 0.208139 0.210799
0.192481 0.161615 0.135825 0.337967 0.172111
0.191655 0.201743 0.188281 0.201025 0.217297
0.191738 0.219947 0.203206 0.211102 0.174007
0.197268 0.185856 0.197269 0.200572 0.219034
0.194622 0.200005 0.206539 0.224950 0.173884
0.186147 0.186253 0.201071 0.222466 0.204063
0.226013 0.208728 0.175429 0.204601 0.185229
0.176803 0.167900 0.177211 0.304456 0.173630
0.157451 0.201060 0.179266 0.299002 0.163221
0.216911 0.169235 0.172522 0.240199 0.201132
0.206195 0.190377 0.213772 0.173143 0.216512
0.188879 0.198710 0.171920 0.248506 0.191985
0.194721 0.196349 0.183209 0.217458 0.208263
0.183850 0.191429 0.176457 0.215310 0.232954
0.177043 0.182546 0.158756 0.245414 0.236242
0.195554 0.199868 0.247545 0.169919 0.187113
0.189328 0.186763 0.186111 0.251403 0.186395
0.190946 0.212625 0.187975 0.215917 0.192536
0.211093 0.191355 0.166856 0.236957 0.193740
0.186491 0.199244 0.214925 0.212954 0.186385
0.215985 0.213875 0.194343 0.196072 0.179726
0.173710 0.227146 0.170864 0.223895 0.204385
0.163302 0.203698 0.143471 0.261997 0.227532
0.213269 0.166217 0.184449 0.257115 0.178950
0.201306 0.195526 0.160894 0.223480 0.218795
0.188124 0.194720 0.225987 0.197024 0.194145
0.173823 0.222312 0.194713 0.239953 0.169199
0.196771 0.201170 0.172002 0.216211 0.213846
0.187857 0.203076 0.213867 0.223117 0.172082
0.197969 0.205227 0.216023 0.172391 0.208390
0.180826 0.181503 0.209525 0.219951 0.208196
0.184353 0.184145 0.158288 0.288014 0.185200
0.211565 0.190218 0.199140 0.185045 0.214032
0.244373 0.196673 0.165474 0.165766 0.227713
0.211845 0.207471 0.159175 0.195662 0.225847
0.203256 0.190756 0.203806 0.202889 0.199293
0.209702 0.207591 0.186433 0.191101 0.205174
0.197121 0.210194 0.206605 0.191245 0.194836
0.183832 0.178565 0.242309 0.154555 0.240739
0.188714 0.193958 0.217614 0.233399 0.166315
0.206901 0.212158 0.198174 0.186663 0.196105
0.197478 0.186618 0.210826 0.220185 0.184892
0.198215 0.195241 0.172863 0.235467 0.198215
0.185400 0.175938 0.173714 0.260506 0.204443
0.195737 0.227282 0.165726 0.228609 0.182646
0.179490 0.179490 0.180716 0.239383 0.220922
0.186759 0.230881 0.170862 0.244540 0.166958
0.207809 0.211860 0.168855 0.203336 0.208140
0.185993 0.196059 0.206630 0.184396 0.226923
0.202869 0.192481 0.190587 0.203894 0.210169
0.210875 0.200089 0.239443 0.166467 0.183125
0.177414 0.209822 0.218325 0.166650 0.227789
0.192871 0.173714 0.223699 0.217227 0.192489
0.191219 0.189537 0.231378 0.214815 0.173051
0.168485 0.205569 0.171080 0.234030 0.220837
0.197365 0.204539 0.217352 0.193747 0.186998
0.183323 0.187046 0.173687 0.274149 0.181795
0.195652 0.187382 0.213987 0.201622 0.201358
0.179900 0.193028 0.179485 0.241567 0.206021
0.197788 0.215079 0.202123 0.191279 0.193730
0.196065 0.164926 0.171053 0.228030 0.239926
0.189337 0.179881 0.176881 0.278793 0.175107
0.222272 0.178399 0.178399 0.223649 0.197281
0.236993 0.172103 0.178865 0.203161 0.208877
0.197264 0.191545 0.185648 0.199449 0.226094
0.200156 0.209101 0.178144 0.234843 0.177756
0.168335 0.212599 0.189042 0.220894 0.209129
0.179964 0.211206 0.180605 0.227414 0.200811
0.194616 0.204497 0.169275 0.251793 0.179820
0.170123 0.196682 0.174310 0.273409 0.185476
0.204837 0.201023 0.188796 0.207989 0.197355
0.202495 0.202488 0.171945 0.173944 0.249129
0.179602 0.186263 0.185050 0.225322 0.223763
0.181559 0.181939 0.169887 0.210816 0.255799
0.221184 0.218395 0.185765 0.172484 0.202171
0.194449 0.201748 0.195863 0.162204 0.245736
0.200845 0.206778 0.191364 0.201394 0.199619
0.202331 0.219835 0.198490 0.182471 0.196873
0.201556 0.189042 0.201302 0.213344 0.194755
0.189724 0.191419 0.198564 0.248409 0.171885
0.218238 0.198634 0.211713 0.196773 0.174642
0.194369 0.194953 0.241291 0.175597 0.193790
0.179155 0.182017 0.191913 0.222767 0.224149
0.199676 0.208590 0.192022 0.203375 0.196337
0.165738 0.184399 0.143027 0.225571 0.281264
0.202180 0.199692 0.217432 0.185781 0.194916
0.217205 0.210425 0.202761 0.170916 0.198693
0.186436 0.165555 0.165363 0.237549 0.245097
0.193094 0.211203 0.189769 0.203097 0.202837
0.188639 0.190221 0.167690 0.279226 0.174224
0.189401 0.202208 0.187468 0.234754 0.186168
0.184683 0.183358 0.187743 0.206070 0.238146
0.200652 0.244643 0.179438 0.213082 0.162184
0.170744 0.166448 0.203766 0.194952 0.264090
0.194625 0.189030 0.202907 0.217177 0.196260
0.220537 0.196579 0.212565 0.180418 0.189901
0.196348 0.182880 0.157255 0.245626 0.217892
0.193700 0.187743 0.211868 0.184443 0.222246
0.177505 0.208684 0.172954 0.270423 0.170435
0.199188 0.214000 0.242420 0.137086 0.207307
0.181621 0.164548 0.185266 0.242409 0.226156
0.221092 0.201911 0.200230 0.185921 0.190846
0.235791 0.193090 0.156664 0.172816 0.241639
0.184084 0.170951 0.216555 0.207566 0.220844
0.205735 0.182566 0.200452 0.247439 0.163807
0.174714 0.254356 0.179087 0.203527 0.188315
0.169555 0.171332 0.190637 0.220512 0.247964
0.192468 0.179232 0.225164 0.232440 0.170695
0.191141 0.187409 0.183337 0.268319 0.169793
0.206964 0.190296 0.196369 0.205164 0.201207
0.184809 0.178931 0.164975 0.307931 0.163355
0.182144 0.247664 0.156419 0.222064 0.191708
0.177340 0.178441 0.217288 0.203262 0.223668
0.187970 0.200477 0.191776 0.228481 0.191295
0.197666 0.216252 0.169515 0.220589 0.195979
0.196463 0.186901 0.188388 0.204798 0.223449
0.201171 0.201179 0.191597 0.192374 0.213679
0.194744 0.191937 0.182232 0.240837 0.190249
0.197992 0.188560 0.182777 0.238977 0.191695
0.197310 0.172369 0.190439 0.259731 0.180150
0.202749 0.207626 0.203506 0.195495 0.190624
0.191917 0.189783 0.195007 0.246011 0.177283
0.171355 0.161929 0.233870 0.221250 0.211596
0.189364 0.188619 0.244115 0.217616 0.160287
0.188148 0.185269 0.242527 0.151730 0.232326
0.200963 0.200949 0.212039 0.173148 0.212901
0.207933 0.206608 0.188446 0.196794 0.200218
0.250021 0.203156 0.185937 0.160402 0.200483
0.196541 0.204873 0.175692 0.235323 0.187572
0.194699 0.190197 0.215197 0.193046 0.206861
0.195158 0.249876 0.196532 0.162522 0.195912
0.154908 0.176850 0.165824 0.289669 0.212748
0.184406 0.184781 0.187240 0.256333 0.187240
0.191453 0.189811 0.177863 0.213002 0.227871
0.190957 0.165957 0.197579 0.247927 0.197579
0.164423 0.180720 0.176748 0.301352 0.176757
0.194908 0.191324 0.181203 0.251362 0.181203
0.203938 0.195995 0.198454 0.203159 0.198454
0.197886 0.199984 0.208563 0.189723 0.203844
0.234706 0.171608 0.203632 0.198725 0.191329
0.206610 0.197869 0.179304 0.229132 0.187085
0.194333 0.190249 0.185272 0.259070 0.171076
0.197833 0.187830 0.198171 0.214663 0.201502
0.189304 0.207189 0.201804 0.174900 0.226804
0.185969 0.202636 0.202955 0.211681 0.196758
0.213015 0.207058 0.204051 0.168690 0.207186
0.233576 0.233473 0.171126 0.172940 0.188886
0.188442 0.198173 0.222087 0.173092 0.218206
0.196514 0.189854 0.199655 0.198148 0.215829
0.191460 0.195269 0.171322 0.254969 0.186980
0.167735 0.178949 0.172637 0.304588 0.176091
0.206980 0.195987 0.164821 0.252903 0.179309
0.190224 0.181891 0.151463 0.301192 0.175230
0.170510 0.224827 0.176200 0.266773 0.161691
0.166940 0.175763 0.207833 0.232330 0.217134
0.198039 0.218072 0.200034 0.186629 0.197227
0.191401 0.168490 0.192594 0.229451 0.218064
0.180078 0.191644 0.220440 0.216168 0.191669
0.195734 0.197908 0.187787 0.189771 0.228800
0.199360 0.193600 0.199349 0.186566 0.221125
0.199449 0.205727 0.194742 0.192541 0.207541
0.220523 0.187190 0.158023 0.211627 0.222638
0.214150 0.201899 0.258831 0.130941 0.194179
0.175899 0.175103 0.158338 0.282510 0.208150
0.226112 0.203082 0.183345 0.187765 0.199696
0.166999 0.181659 0.172722 0.258086 0.220535
0.206404 0.193968 0.173080 0.238948 0.187601
0.190121 0.161261 0.169251 0.246967 0.232401
0.190880 0.194899 0.194695 0.207956 0.211569
0.159774 0.181651 0.153897 0.298018 0.206660
0.185718 0.194084 0.178679 0.221636 0.219884
0.182517 0.185481 0.178859 0.279773 0.173370
0.188774 0.201933 0.168600 0.239964 0.200729
0.223536 0.188109 0.198903 0.188844 0.200609
0.222623 0.180287 0.197987 0.223900 0.175204
0.189633 0.212177 0.206314 0.197791 0.194085
0.197484 0.194292 0.193718 0.238512 0.175995
0.210808 0.206157 0.215379 0.183758 0.183898
0.165170 0.200847 0.189735 0.273140 0.171108
0.192302 0.195518 0.192750 0.227496 0.191935
0.207477 0.201063 0.183352 0.207046 0.201063
0.182750 0.189381 0.177034 0.255637 0.195198
0.214474 0.183668 0.171364 0.221631 0.208864
0.211872 0.178018 0.211756 0.207836 0.190518
0.159235 0.209951 0.183606 0.238952 0.208256
0.203087 0.193176 0.164575 0.260598 0.178564
0.163779 0.172582 0.193289 0.260269 0.210082
0.178943 0.229569 0.180067 0.190057 0.221364
0.182361 0.194539 0.186770 0.247918 0.188412
0.199295 0.208207 0.203359 0.172673 0.216466
0.182349 0.191826 0.171061 0.262564 0.192200
0.186182 0.189809 0.222209 0.215678 0.186122
0.208511 0.175080 0.172274 0.256957 0.187178
0.177944 0.191177 0.167986 0.263195 0.199698
0.181593 0.166260 0.165610 0.321973 0.164564
0.178723 0.155144 0.156653 0.335068 0.174412
0.180041 0.161529 0.217514 0.266887 0.174029
0.183837 0.242910 0.176664 0.208175 0.188415
0.201733 0.196801 0.195115 0.213733 0.192619
0.178851 0.183081 0.179882 0.269845 0.188341
0.260538 0.198769 0.162557 0.190940 0.187196
0.196411 0.181833 0.221109 0.191337 0.209311
0.229573 0.188565 0.166435 0.174004 0.241423
0.185331 0.186434 0.206261 0.263903 0.158072
0.155901 0.197568 0.253834 0.198129 0.194569
0.189112 0.192149 0.193983 0.242527 0.182229
0.171511 0.187154 0.151558 0.258500 0.231277
0.161522 0.224021 0.157366 0.293102 0.163989
0.198944 0.198624 0.158044 0.275939 0.168448
0.193361 0.193558 0.192777 0.201921 0.218383
0.162845 0.179806 0.196363 0.254559 0.206427
0.187807 0.155128 0.221877 0.243412 0.191776
0.205084 0.188408 0.160639 0.257487 0.188381
0.196365 0.197084 0.190571 0.193807 0.222173
0.187983 0.173858 0.172394 0.288160 0.177606
0.205061 0.189313 0.157589 0.237304 0.210734
0.165563 0.183927 0.154285 0.290576 0.205649
0.205781 0.198863 0.199570 0.199984 0.195802
0.220881 0.183907 0.185643 0.222565 0.187005
0.183385 0.199241 0.182926 0.238254 0.196195
0.174725 0.168366 0.220223 0.263373 0.173313
0.180305 0.186328 0.184423 0.259470 0.189474
0.210526 0.197288 0.198270 0.177221 0.216695
0.184308 0.181450 0.230329 0.248413 0.155501
0.184577 0.168610 0.186245 0.291958 0.168610
0.166954 0.242114 0.174616 0.233104 0.183212
0.213293 0.221410 0.244030 0.144067 0.177200
0.167134 0.193576 0.179469 0.227397 0.232424
0.180328 0.194609 0.183535 0.248358 0.193171
0.223374 0.210301 0.200909 0.177747 0.187669
0.216191 0.160363 0.172863 0.257230 0.193353
0.202080 0.172898 0.169194 0.224133 0.231694
0.245361 0.189064 0.189234 0.217566 0.158775
0.193570 0.175467 0.179501 0.261392 0.190070
0.139646 0.152146 0.160283 0.294155 0.253769
0.188577 0.194170 0.196563 0.221997 0.198693
0.171154 0.184227 0.175137 0.269157 0.200326
0.171275 0.171275 0.159950 0.276535 0.220966
0.194473 0.194473 0.171932 0.247677 0.191445
0.176976 0.176976 0.193443 0.212215 0.240391
0.195406 0.195406 0.168902 0.233831 0.206455
0.198284 0.198284 0.189125 0.207785 0.206523
0.191614 0.191614 0.174147 0.249301 0.193325
0.188502 0.188502 0.225448 0.171498 0.226051
0.203773 0.203773 0.197628 0.193100 0.201726
0.198080 0.198080 0.195742 0.191851 0.216246
0.189161 0.189161 0.176377 0.222639 0.222662
0.211311 0.211311 0.175238 0.217749 0.184390
0.206860 0.206860 0.197699 0.199624 0.188958
0.165394 0.165641 0.211689 0.207985 0.249291
0.184867 0.202614 0.193075 0.176076 0.243367
0.214944 0.212928 0.176770 0.236292 0.159066
0.183220 0.186924 0.261843 0.154605 0.213407
0.193127 0.207582 0.164813 0.246791 0.187687
0.181078 0.176216 0.199243 0.230490 0.212973
0.177012 0.177012 0.221409 0.217516 0.207050
0.197669 0.204431 0.182262 0.171710 0.243928
0.200774 0.201134 0.179047 0.233032 0.186013
0.197006 0.200615 0.177094 0.197984 0.227301
0.190313 0.195328 0.159802 0.247158 0.207399
0.206884 0.206279 0.165876 0.231721 0.189239
0.183664 0.170566 0.212467 0.238761 0.194541
0.193313 0.195403 0.190178 0.246217 0.174890
0.202100 0.198652 0.190905 0.214558 0.193785
0.204103 0.167889 0.233050 0.190855 0.204103
0.198410 0.199348 0.178849 0.187844 0.235549
0.185663 0.202329 0.171413 0.262485 0.178109
0.202750 0.201697 0.202848 0.195115 0.197590
0.176891 0.210676 0.168956 0.237653 0.205823
0.203188 0.214387 0.156573 0.231529 0.194324
0.201871 0.196631 0.201786 0.204331 0.195381
0.192807 0.204381 0.212537 0.206530 0.183745
0.189939 0.190431 0.179795 0.254124 0.185712
0.166451 0.183507 0.198441 0.281124 0.170477
0.198783 0.183018 0.198950 0.211231 0.208018
0.177744 0.247866 0.158977 0.220639 0.194775
0.201452 0.203317 0.213000 0.177780 0.204451
0.200098 0.204298 0.185732 0.205216 0.204656
0.198793 0.214377 0.168499 0.219914 0.198418
0.186229 0.178666 0.243697 0.205179 0.186229
0.229962 0.198127 0.203710 0.169302 0.198899
0.189666 0.214111 0.185159 0.229859 0.181204
