0.059368 0.022480 0.015744 0.902408
0.056414 0.021741 0.013541 0.908304
0.052780 0.020131 0.011776 0.915313
0.047484 0.017814 0.011711 0.922991
0.053044 0.020838 0.011605 0.914514
0.042815 0.015417 0.010875 0.930894
0.059617 0.022600 0.014928 0.902855
0.048852 0.017456 0.013455 0.920237
0.051617 0.019468 0.012121 0.916794
0.052753 0.019493 0.014590 0.913164
0.048074 0.017477 0.012066 0.922383
0.057494 0.022025 0.014602 0.905879
0.049653 0.018023 0.012563 0.919762
0.059346 0.021898 0.014832 0.903925
0.050653 0.019042 0.012479 0.917826
0.058593 0.022918 0.013041 0.905448
0.058794 0.021707 0.014811 0.904688
0.053630 0.020368 0.012217 0.913786
0.052099 0.018146 0.014059 0.915696
0.057696 0.022761 0.013222 0.906322
0.056917 0.022616 0.012898 0.907569
0.054445 0.020578 0.014819 0.910159
0.065920 0.025425 0.017433 0.891222
0.059571 0.023978 0.012832 0.903620
0.061340 0.025224 0.013339 0.900098
0.045874 0.017309 0.011147 0.925670
0.048763 0.018351 0.011433 0.921453
0.051780 0.019539 0.013027 0.915654
0.058150 0.020900 0.014971 0.905978
0.055744 0.021159 0.012884 0.910213
0.059230 0.024003 0.013365 0.903401
0.055654 0.021100 0.013201 0.910045
0.059560 0.022212 0.016445 0.901783
0.047133 0.017448 0.011631 0.923788
0.063009 0.023823 0.015371 0.897797
0.076140 0.031756 0.018537 0.873566
0.051255 0.021152 0.010763 0.916830
0.044515 0.016924 0.009935 0.928626
0.072127 0.028320 0.019090 0.880463
0.050097 0.019169 0.011282 0.919452
0.051892 0.019693 0.012300 0.916115
0.063886 0.024862 0.016216 0.895036
0.073978 0.028008 0.018736 0.879279
0.046744 0.017697 0.010542 0.925017
0.055266 0.021768 0.012934 0.910031
0.051800 0.019733 0.011891 0.916576
0.047154 0.017886 0.011584 0.923375
0.066612 0.026156 0.017794 0.889438
0.045231 0.016241 0.010949 0.927580
0.056359 0.021159 0.013557 0.908925
0.057143 0.021184 0.013953 0.907720
0.051342 0.019517 0.012589 0.916552
0.043832 0.017083 0.009808 0.929277
0.064409 0.022778 0.017991 0.894821
0.053619 0.020753 0.011868 0.913761
0.050168 0.018567 0.011570 0.919695
0.056856 0.022254 0.014313 0.906577
0.050191 0.019090 0.011538 0.919181
0.048995 0.018443 0.014549 0.918013
0.063769 0.023586 0.018648 0.893997
0.055415 0.020449 0.014085 0.910051
0.050551 0.019183 0.011835 0.918431
0.067568 0.027037 0.016272 0.889123
0.039418 0.014890 0.009595 0.936096
0.048520 0.018452 0.011556 0.921471
0.056782 0.021053 0.014348 0.907817
0.061065 0.023294 0.014267 0.901374
0.039448 0.014277 0.009367 0.936908
0.060744 0.022784 0.015007 0.901465
0.055758 0.020907 0.012940 0.910395
0.055740 0.021181 0.013298 0.909781
0.054619 0.020913 0.012507 0.911961
0.051845 0.018074 0.013899 0.916182
0.058185 0.023332 0.012931 0.905553
0.051201 0.019186 0.011921 0.917691
0.067313 0.026843 0.016559 0.889286
0.052470 0.018942 0.013181 0.915408
0.056318 0.022546 0.012070 0.909066
0.060217 0.022371 0.016754 0.900658
0.049837 0.018899 0.011633 0.919630
0.049230 0.018492 0.011364 0.920915
0.057911 0.022501 0.015179 0.904409
0.061373 0.023042 0.015115 0.900469
0.046624 0.017822 0.010478 0.925076
0.055747 0.021843 0.013007 0.909404
0.054966 0.020037 0.013268 0.911728
0.049726 0.018811 0.013544 0.917918
0.055877 0.022013 0.012179 0.909930
0.043988 0.015973 0.011557 0.928482
0.058943 0.022597 0.013990 0.904471
0.064094 0.023788 0.019258 0.892860
0.048268 0.018264 0.011571 0.921897
0.046642 0.017510 0.010848 0.925000
0.046819 0.016693 0.013497 0.922991
0.060853 0.022881 0.015543 0.900723
0.043965 0.016259 0.013381 0.926395
0.053598 0.021245 0.011959 0.913198
0.055184 0.021598 0.013066 0.910152
0.052437 0.020202 0.013417 0.913944
0.052684 0.019752 0.012787 0.914777
0.039049 0.014448 0.009390 0.937113
0.052786 0.018909 0.013329 0.914976
0.055049 0.020801 0.013430 0.910720
0.052794 0.019910 0.012503 0.914792
0.045589 0.015921 0.011268 0.927223
0.062470 0.022266 0.016514 0.898750
0.050704 0.018649 0.012287 0.918360
0.050741 0.019142 0.011717 0.918399
0.058222 0.022721 0.012943 0.906114
0.047667 0.016870 0.012234 0.923230
0.054001 0.020826 0.012112 0.913062
0.068200 0.026588 0.017970 0.887242
0.068335 0.027273 0.016224 0.888168
0.047261 0.017825 0.010523 0.924390
0.062828 0.024599 0.014824 0.897749
0.052910 0.019548 0.012540 0.915002
0.049640 0.018806 0.013564 0.917990
0.055930 0.022072 0.012307 0.909691
0.062278 0.023028 0.017195 0.897499
0.064635 0.024972 0.018130 0.892263
0.049032 0.019306 0.010526 0.921136
0.047926 0.018349 0.011169 0.922557
0.065606 0.025586 0.015621 0.893187
0.041262 0.014988 0.010053 0.933697
0.045826 0.017370 0.010914 0.925890
0.055467 0.019736 0.014849 0.909947
0.060258 0.023041 0.015098 0.901603
0.043162 0.016500 0.009715 0.930623
0.052870 0.020563 0.012101 0.914466
0.051861 0.018647 0.015398 0.914093
0.061138 0.023120 0.016571 0.899171
0.047670 0.017639 0.011711 0.922980
0.050687 0.018119 0.014273 0.916922
0.054492 0.019661 0.013589 0.912259
0.047476 0.017236 0.011869 0.923419
0.048492 0.018366 0.014741 0.918402
0.046442 0.016581 0.011783 0.925194
0.049940 0.018094 0.012642 0.919324
0.053213 0.018551 0.016536 0.911700
0.052933 0.020013 0.012301 0.914753
0.044918 0.018402 0.009895 0.926786
0.045019 0.016664 0.011102 0.927216
0.051677 0.019488 0.012797 0.916038
0.048328 0.018517 0.012354 0.920801
0.060951 0.022828 0.014567 0.901653
0.046143 0.017994 0.009850 0.926012
0.058522 0.023318 0.013139 0.905021
0.069295 0.026703 0.019525 0.884477
0.054458 0.020392 0.013472 0.911677
0.053342 0.019881 0.012878 0.913899
0.057787 0.021439 0.014504 0.906269
0.055351 0.019672 0.014364 0.910613
0.047760 0.018271 0.013195 0.920774
0.054411 0.021660 0.011070 0.912859
0.068472 0.025473 0.018104 0.887951
0.051504 0.020310 0.011456 0.916730
0.060347 0.024053 0.016809 0.898791
0.039902 0.016442 0.009916 0.933740
0.061714 0.022694 0.018403 0.897190
0.059012 0.022439 0.017781 0.900768
0.059743 0.023080 0.013846 0.903331
0.044968 0.016826 0.010961 0.927244
0.054313 0.020339 0.013529 0.911819
0.045810 0.017342 0.010744 0.926103
0.041626 0.015294 0.009853 0.933227
0.054833 0.020569 0.012808 0.911790
0.056976 0.021769 0.013964 0.907292
0.057567 0.021848 0.013290 0.907295
0.063103 0.024732 0.016377 0.895788
0.053032 0.020476 0.011909 0.914582
0.052387 0.020927 0.011040 0.915646
0.062157 0.024008 0.014846 0.898989
0.062011 0.023567 0.018064 0.896357
0.040610 0.015174 0.009336 0.934880
0.058049 0.022582 0.013184 0.906186
0.055518 0.020449 0.016365 0.907668
0.062289 0.024977 0.016030 0.896704
0.047116 0.018500 0.011942 0.922442
0.061682 0.024555 0.014812 0.898951
0.055956 0.021973 0.015128 0.906943
0.045818 0.017519 0.010993 0.925670
0.045605 0.017321 0.010898 0.926176
0.048916 0.017599 0.014594 0.918891
0.048566 0.017699 0.014322 0.919413
0.042090 0.015287 0.010509 0.932114
0.066279 0.023774 0.019805 0.890142
0.050716 0.018414 0.013479 0.917392
0.046023 0.016449 0.011691 0.925837
0.042646 0.015363 0.010649 0.931342
0.057579 0.021108 0.014540 0.906773
0.048665 0.017716 0.015711 0.917908
0.049682 0.017601 0.012499 0.920218
0.077119 0.029602 0.022495 0.870784
0.057161 0.021061 0.014319 0.907458
0.052282 0.020602 0.011568 0.915548
0.046331 0.019037 0.010288 0.924343
0.050808 0.018979 0.013171 0.917042
0.045313 0.016764 0.010699 0.927224
0.060057 0.023907 0.013899 0.902137
0.055269 0.019952 0.014079 0.910701
0.053885 0.020770 0.012409 0.912936
0.046395 0.017400 0.011265 0.924939
0.054401 0.020030 0.013772 0.911796
0.051667 0.018564 0.014796 0.914973
0.061671 0.024803 0.013385 0.900141
0.046275 0.017294 0.010575 0.925856
0.056037 0.021582 0.013438 0.908943
0.058479 0.023218 0.013862 0.904440
0.060701 0.022785 0.017702 0.898811
0.059723 0.022641 0.013109 0.904526
0.050192 0.018402 0.012448 0.918957
0.063070 0.024813 0.014774 0.897343
0.042461 0.014956 0.010753 0.931830
0.053119 0.020283 0.016363 0.910235
0.055131 0.019557 0.022702 0.902610
0.056180 0.021707 0.014320 0.907792
0.082293 0.033192 0.027218 0.857297
0.050512 0.019459 0.011756 0.918274
0.048732 0.018815 0.012421 0.920032
0.034835 0.016338 0.006665 0.942163
0.051749 0.018895 0.012824 0.916532
0.051837 0.021308 0.012919 0.913936
0.054030 0.019398 0.013655 0.912916
0.044147 0.016465 0.010119 0.929269
0.059304 0.022167 0.014709 0.903820
0.058896 0.022435 0.017386 0.901283
0.058830 0.022243 0.016061 0.902866
0.060025 0.023641 0.014096 0.902239
0.052398 0.019962 0.012230 0.915410
0.047179 0.018131 0.010939 0.923752
0.049578 0.019204 0.012685 0.918533
0.051532 0.019489 0.014068 0.914911
0.050885 0.018579 0.012602 0.917934
0.055146 0.019857 0.013874 0.911122
0.060907 0.022800 0.015183 0.901111
0.048269 0.018493 0.010872 0.922366
0.051995 0.019544 0.013690 0.914771
0.048091 0.018009 0.011049 0.922852
0.053738 0.019631 0.013398 0.913233
0.077021 0.030703 0.019652 0.872625
0.059893 0.023226 0.013860 0.903022
0.043416 0.016482 0.009780 0.930322
0.047243 0.017399 0.011827 0.923531
0.050383 0.017975 0.012372 0.919270
0.047931 0.018126 0.016097 0.917846
0.055015 0.021041 0.012841 0.911104
0.066894 0.024132 0.019146 0.889828
0.058420 0.023102 0.013042 0.905435
0.057387 0.022647 0.013114 0.906852
0.040981 0.017047 0.009621 0.932350
0.053924 0.020298 0.013244 0.912534
0.044957 0.016690 0.010236 0.928118
0.067605 0.025321 0.024174 0.882900
0.049821 0.018955 0.011367 0.919857
0.055765 0.021007 0.013447 0.909781
0.059422 0.022704 0.014856 0.903018
0.053962 0.019551 0.013957 0.912531
0.039144 0.016061 0.008034 0.936760
0.064567 0.024210 0.018010 0.893213
0.047347 0.018432 0.010334 0.923887
0.046874 0.016996 0.011217 0.924913
0.071120 0.028253 0.018445 0.882182
0.052073 0.018555 0.012786 0.916586
0.045139 0.017072 0.011343 0.926446
0.055398 0.020800 0.013610 0.910192
0.050357 0.018801 0.011775 0.919066
0.051363 0.019615 0.014575 0.914447
0.063725 0.025065 0.016886 0.894324
0.049371 0.017769 0.012978 0.919882
0.058914 0.023176 0.013254 0.904656
0.055007 0.019828 0.013833 0.911333
0.049792 0.019281 0.011882 0.919044
0.042865 0.015017 0.011163 0.930955
0.046159 0.017091 0.010908 0.925842
0.064330 0.023923 0.017056 0.894690
0.067275 0.023918 0.022258 0.886550
0.053468 0.021341 0.011089 0.914102
0.050069 0.019039 0.012039 0.918854
0.057298 0.022395 0.013318 0.906989
0.051755 0.019648 0.012529 0.916068
0.056069 0.021349 0.015933 0.906649
0.065208 0.024548 0.017238 0.893005
0.048546 0.019363 0.010406 0.921685
0.054880 0.020989 0.012824 0.911307
0.057425 0.022731 0.014896 0.904948
0.053331 0.020594 0.014938 0.911137
0.041901 0.015700 0.009991 0.932408
0.064095 0.024501 0.015126 0.896277
0.053061 0.020643 0.012328 0.913968
0.053937 0.020633 0.012880 0.912549
0.043407 0.016606 0.011058 0.928929
0.057125 0.020303 0.014941 0.907631
0.055082 0.021194 0.014451 0.909273
0.048454 0.017232 0.012486 0.921828
0.063106 0.025080 0.015498 0.896316
0.048456 0.017658 0.012018 0.921868
0.060583 0.024009 0.013693 0.901715
0.052787 0.019043 0.013603 0.914566
0.054450 0.021506 0.012330 0.911714
0.042416 0.015576 0.010286 0.931723
0.064402 0.025366 0.014957 0.895275
0.056652 0.021573 0.014577 0.907199
0.053744 0.021554 0.011204 0.913499
0.048689 0.018379 0.011616 0.921316
0.052934 0.020313 0.012611 0.914143
0.051368 0.019360 0.011664 0.917608
0.059589 0.022459 0.015824 0.902128
0.050379 0.017668 0.012580 0.919373
0.041590 0.014895 0.009992 0.933524
0.063620 0.024494 0.015131 0.896754
0.050057 0.017790 0.013016 0.919137
0.049039 0.018533 0.011272 0.921156
0.056369 0.021826 0.012925 0.908880
0.060125 0.021823 0.015485 0.902568
0.053191 0.021118 0.011169 0.914522
0.050739 0.019160 0.012417 0.917684
0.059381 0.022669 0.013972 0.903977
0.055768 0.020507 0.013660 0.910066
0.050395 0.019838 0.011056 0.918711
0.050608 0.017664 0.012760 0.918968
0.069920 0.027583 0.017588 0.884908
0.046825 0.017790 0.010578 0.924806
0.059568 0.023465 0.013423 0.903544
0.070367 0.028127 0.017585 0.883921
0.044757 0.016738 0.010263 0.928242
0.052462 0.019717 0.012337 0.915484
0.056382 0.021509 0.013720 0.908389
0.040745 0.014274 0.010270 0.934711
0.058984 0.022161 0.016951 0.901905
0.067170 0.026401 0.015979 0.890451
0.059441 0.023102 0.012824 0.904633
0.058459 0.023925 0.012721 0.904895
0.059232 0.023687 0.013489 0.903592
0.044331 0.016750 0.010492 0.928427
0.054821 0.020613 0.013470 0.911096
0.054199 0.018947 0.017587 0.909267
0.057949 0.021731 0.013442 0.906878
0.058715 0.022632 0.013867 0.904786
0.054830 0.021904 0.012626 0.910641
0.056842 0.022503 0.013082 0.907573
0.043259 0.017504 0.011112 0.928125
0.061046 0.023333 0.016312 0.899308
0.057969 0.023077 0.013846 0.905108
0.056663 0.021968 0.013066 0.908302
0.058387 0.023494 0.012954 0.905165
0.050865 0.019270 0.012348 0.917517
0.038764 0.014885 0.008794 0.937557
0.054466 0.019483 0.014395 0.911656
0.052999 0.019322 0.014117 0.913562
0.057199 0.021755 0.013196 0.907850
0.050509 0.019915 0.010717 0.918859
0.065339 0.025893 0.015040 0.893728
0.055397 0.021330 0.012672 0.910600
0.052043 0.019672 0.012290 0.915995
0.044945 0.016931 0.010309 0.927816
0.058138 0.020967 0.014705 0.906191
0.051972 0.020246 0.013399 0.914382
0.059257 0.022930 0.013642 0.904171
0.058868 0.023205 0.015307 0.902620
0.053080 0.019754 0.013135 0.914031
0.052350 0.020694 0.011412 0.915544
0.045772 0.017325 0.011002 0.925901
0.050865 0.020167 0.011789 0.917180
0.054081 0.019646 0.014709 0.911563
0.049109 0.018193 0.012740 0.919959
0.051253 0.018496 0.012808 0.917443
0.055577 0.021004 0.013145 0.910274
0.053770 0.019396 0.014005 0.912829
0.045424 0.017079 0.010454 0.927043
0.058108 0.020375 0.017390 0.904127
0.051517 0.019325 0.012693 0.916465
0.052418 0.019851 0.012032 0.915698
0.056399 0.022049 0.012977 0.908575
0.057953 0.023276 0.013409 0.905362
0.043235 0.016419 0.009874 0.930471
0.053665 0.020165 0.013688 0.912482
0.066756 0.024862 0.018421 0.889961
0.048554 0.017414 0.011664 0.922368
0.051353 0.019417 0.012091 0.917139
0.055939 0.019848 0.014777 0.909436
0.045327 0.016366 0.012457 0.925851
0.047227 0.017818 0.012231 0.922723
0.057484 0.020551 0.018383 0.903582
0.062380 0.023463 0.017753 0.896404
0.066526 0.026549 0.016961 0.889963
0.044011 0.016967 0.010246 0.928776
0.048547 0.018228 0.011623 0.921601
0.049395 0.018076 0.013895 0.918633
0.048377 0.018114 0.011862 0.921647
0.046847 0.017260 0.010940 0.924952
0.065968 0.025759 0.015707 0.892566
0.045858 0.017152 0.010895 0.926095
0.046355 0.017589 0.011431 0.924625
0.057455 0.022457 0.012801 0.907288
0.051897 0.019648 0.012599 0.915856
0.056205 0.021399 0.014131 0.908264
0.056093 0.021970 0.012812 0.909125
0.050462 0.019212 0.011803 0.918523
0.057211 0.021348 0.017729 0.903712
0.042704 0.015247 0.010965 0.931083
0.048092 0.017133 0.012429 0.922346
0.051101 0.018485 0.013165 0.917249
0.067499 0.025270 0.017633 0.889598
0.037426 0.014014 0.008507 0.940053
0.055380 0.021278 0.012858 0.910484
0.051870 0.019370 0.013468 0.915291
0.049741 0.018733 0.011961 0.919565
0.051604 0.019213 0.016070 0.913114
0.057470 0.020542 0.015083 0.906904
0.054094 0.020340 0.013390 0.912176
0.050280 0.018181 0.012427 0.919111
0.065276 0.026000 0.016520 0.892205
0.040838 0.015017 0.010244 0.933901
0.048366 0.018268 0.011578 0.921788
0.051372 0.018616 0.014151 0.915861
0.049715 0.017983 0.011604 0.920699
0.055211 0.019830 0.017986 0.906973
0.055289 0.021228 0.013130 0.910352
0.055430 0.019967 0.014431 0.910172
0.055364 0.020753 0.014611 0.909272
0.050968 0.018835 0.011920 0.918278
0.053999 0.019914 0.014874 0.911213
0.065490 0.025301 0.016862 0.892347
0.059727 0.023352 0.013815 0.903106
0.049474 0.019238 0.011228 0.920061
0.056891 0.021495 0.013492 0.908122
0.049609 0.017718 0.018776 0.913896
0.043239 0.016219 0.009948 0.930593
0.056487 0.020196 0.019034 0.904284
0.063413 0.023753 0.019408 0.893426
0.068880 0.025866 0.021445 0.883808
0.042534 0.017897 0.009135 0.930434
0.049073 0.018457 0.011895 0.920576
0.042580 0.016429 0.010309 0.930682
0.043534 0.016251 0.010248 0.929967
0.047969 0.018230 0.013890 0.919911
0.059627 0.023081 0.013565 0.903727
0.059815 0.023109 0.014325 0.902752
0.052828 0.020442 0.012705 0.914025
0.047460 0.018604 0.010223 0.923713
0.049705 0.019205 0.013209 0.917881
0.069204 0.027368 0.019003 0.884425
0.052848 0.019394 0.012933 0.914826
0.062047 0.024362 0.014187 0.899404
0.054494 0.020235 0.013481 0.911790
0.052745 0.020215 0.012883 0.914157
0.045540 0.017342 0.011683 0.925435
0.059618 0.022252 0.016882 0.901248
0.063948 0.025129 0.016656 0.894267
0.043348 0.016222 0.011183 0.929247
0.055639 0.022356 0.012212 0.909794
0.053134 0.020252 0.014051 0.912563
0.051369 0.020049 0.014296 0.914286
0.045688 0.016146 0.011098 0.927069
0.048473 0.017836 0.011881 0.921810
0.063098 0.023784 0.015409 0.897709
0.049076 0.017457 0.012387 0.921080
0.045871 0.017734 0.010305 0.926090
0.045124 0.016068 0.010974 0.927834
0.061146 0.022624 0.015490 0.900740
0.059268 0.022661 0.015534 0.902537
0.050154 0.018831 0.011259 0.919755
0.057714 0.021545 0.018026 0.902715
0.058986 0.021463 0.016167 0.903383
0.046953 0.017939 0.011806 0.923302
0.050453 0.018753 0.014366 0.916428
0.056704 0.020405 0.018485 0.904406
0.043622 0.016033 0.011960 0.928386
0.054637 0.020677 0.015555 0.909130
0.040612 0.014853 0.009999 0.934537
0.047545 0.017065 0.012199 0.923191
0.044716 0.016810 0.010706 0.927768
0.048943 0.017682 0.012245 0.921130
0.050570 0.018880 0.013661 0.916889
0.050003 0.018039 0.012850 0.919108
0.045802 0.016675 0.010729 0.926794
0.057529 0.020253 0.015619 0.906599
0.054208 0.019567 0.013259 0.912966
0.041057 0.014831 0.009825 0.934287
0.060843 0.024045 0.013783 0.901330
0.054854 0.020355 0.015356 0.909435
0.046168 0.017702 0.010481 0.925649
0.043948 0.016342 0.010367 0.929343
0.063005 0.022666 0.016358 0.897971
0.055201 0.020752 0.015008 0.909039
0.051407 0.019731 0.012257 0.916606
0.054174 0.021264 0.013056 0.911506
0.054084 0.019467 0.013901 0.912549
0.047094 0.018008 0.010546 0.924352
0.048429 0.017576 0.012166 0.921830
0.059181 0.022709 0.014618 0.903492
0.048024 0.017449 0.012119 0.922408
0.043941 0.016250 0.010489 0.929319
0.053258 0.019131 0.015288 0.912324
0.058073 0.022979 0.014625 0.904323
0.042934 0.015613 0.010278 0.931175
0.054304 0.020166 0.015559 0.909971
0.063880 0.023600 0.017395 0.895126
0.046411 0.017655 0.010283 0.925651
0.043084 0.016370 0.010174 0.930372
0.055096 0.020390 0.013911 0.910604
0.045405 0.016554 0.011512 0.926529
0.061349 0.023173 0.017606 0.897873
0.055652 0.020812 0.013109 0.910428
0.050984 0.018391 0.012881 0.917744
0.064037 0.025171 0.014836 0.895956
0.051420 0.018421 0.013865 0.916294
0.042272 0.015925 0.009624 0.932179
0.049582 0.017523 0.013610 0.919286
0.060946 0.023514 0.017100 0.898439
0.042911 0.016227 0.010738 0.930124
0.054195 0.020473 0.014421 0.910911
0.046886 0.017256 0.011436 0.924422
0.050070 0.017975 0.012621 0.919333
0.047959 0.018023 0.011313 0.922705
0.046249 0.016566 0.011979 0.925206
0.049989 0.018128 0.012476 0.919407
0.047854 0.017071 0.012140 0.922934
0.058904 0.022463 0.014918 0.903716
0.051709 0.019568 0.012965 0.915758
0.058440 0.023078 0.013113 0.905369
0.060280 0.023413 0.017773 0.898535
0.054482 0.020487 0.013300 0.911731
0.043179 0.015954 0.010368 0.930500
0.045506 0.016060 0.012757 0.925676
0.057699 0.021573 0.015853 0.904874
0.048101 0.017939 0.013714 0.920245
0.064514 0.025487 0.017357 0.892641
0.048553 0.018085 0.011633 0.921729
0.046862 0.017694 0.011217 0.924227
0.047528 0.016722 0.013528 0.922222
0.041056 0.014740 0.010014 0.934190
0.051182 0.018359 0.015326 0.915133
0.056309 0.020322 0.015196 0.908173
0.046218 0.016929 0.011358 0.925495
0.050031 0.018861 0.011781 0.919326
0.063529 0.022606 0.018755 0.895109
0.038643 0.013899 0.009387 0.938070
0.051641 0.018277 0.013403 0.916679
0.060578 0.022925 0.015895 0.900603
0.053564 0.020270 0.012447 0.913719
0.050185 0.018954 0.012186 0.918675
0.063908 0.025214 0.014894 0.895984
0.049098 0.018588 0.011316 0.920998
0.053648 0.020285 0.012677 0.913390
0.056101 0.021628 0.013474 0.908796
0.044830 0.015880 0.011636 0.927654
0.047000 0.017827 0.010721 0.924452
0.054498 0.019042 0.016387 0.910073
0.055277 0.019518 0.015983 0.909222
0.047135 0.017593 0.011205 0.924067
0.052541 0.020228 0.012206 0.915025
0.052306 0.018625 0.014697 0.914372
0.047319 0.017696 0.011399 0.923585
0.043438 0.015519 0.010496 0.930546
0.051438 0.018433 0.014019 0.916110
0.050695 0.018544 0.012490 0.918270
0.056870 0.021538 0.015901 0.905691
0.054325 0.020573 0.013285 0.911816
0.047346 0.016754 0.011548 0.924352
0.045551 0.016230 0.013007 0.925213
0.060440 0.021726 0.015755 0.902079
0.043319 0.015523 0.011309 0.929849
0.049857 0.018807 0.011660 0.919677
0.057854 0.020684 0.017583 0.903879
0.042858 0.015436 0.010904 0.930801
0.052363 0.019638 0.014276 0.913723
0.055112 0.019939 0.015713 0.909235
0.064343 0.024247 0.017495 0.893914
0.048491 0.018134 0.012941 0.920434
0.056478 0.022127 0.012778 0.908617
0.047725 0.017662 0.011724 0.922889
0.053644 0.020130 0.014600 0.911626
0.044330 0.016081 0.010926 0.928663
0.051313 0.018435 0.016655 0.913597
0.057451 0.021527 0.014415 0.906607
0.053801 0.019762 0.014128 0.912309
0.048789 0.018458 0.013615 0.919138
0.056852 0.020910 0.013918 0.908320
0.045266 0.017081 0.012750 0.924902
0.044316 0.016809 0.010606 0.928270
0.046013 0.016648 0.011914 0.925425
0.047322 0.017284 0.013332 0.922062
0.050963 0.018193 0.013136 0.917708
0.051516 0.018804 0.014240 0.915440
0.055018 0.021066 0.012687 0.911229
0.046648 0.016802 0.011735 0.924815
0.050844 0.019000 0.012499 0.917657
0.046627 0.016419 0.013384 0.923570
0.053679 0.019174 0.016492 0.910655
0.045433 0.016127 0.011270 0.927170
0.065368 0.024577 0.016843 0.893212
0.054066 0.021008 0.013863 0.911063
0.048280 0.018061 0.011475 0.922184
0.049787 0.018647 0.014128 0.917437
0.053658 0.019170 0.013869 0.913303
0.050693 0.018365 0.015749 0.915193
0.044291 0.015910 0.011382 0.928418
0.052907 0.019659 0.012505 0.914929
0.043941 0.016055 0.010790 0.929214
0.061412 0.023290 0.018762 0.896537
0.041352 0.015172 0.010172 0.933304
0.044698 0.017024 0.010673 0.927605
0.052064 0.018933 0.015224 0.913778
0.050555 0.018379 0.012908 0.918159
0.047294 0.017062 0.012158 0.923487
0.051259 0.018336 0.013896 0.916509
0.050885 0.019537 0.011818 0.917760
0.044817 0.016584 0.012281 0.926318
0.053999 0.020270 0.015516 0.910214
0.057564 0.020780 0.016372 0.905285
0.056995 0.020419 0.018615 0.903970
0.054837 0.020697 0.013011 0.911454
0.047193 0.017221 0.011986 0.923600
0.047599 0.018103 0.013468 0.920830
0.045632 0.016445 0.013416 0.924507
0.044808 0.016776 0.011664 0.926753
0.059601 0.022661 0.015068 0.902669
0.055375 0.021455 0.012658 0.910512
0.047334 0.018163 0.010998 0.923506
0.049140 0.018479 0.011896 0.920484
0.050533 0.018122 0.012723 0.918622
0.054252 0.019720 0.013445 0.912583
0.046299 0.016228 0.011551 0.925922
0.046058 0.016773 0.011288 0.925881
0.054145 0.021731 0.011699 0.912424
0.048428 0.018447 0.012243 0.920882
0.061234 0.023397 0.016360 0.899008
0.055445 0.020871 0.014525 0.909159
0.052548 0.019796 0.012374 0.915283
0.046917 0.017424 0.012648 0.923011
0.048006 0.017951 0.011688 0.922354
0.049615 0.018778 0.012638 0.918969
0.045438 0.016214 0.013796 0.924551
0.053915 0.019499 0.013544 0.913041
0.051605 0.018521 0.014071 0.915803
0.064756 0.025721 0.014816 0.894707
0.045829 0.016595 0.011167 0.926409
0.052909 0.020223 0.012962 0.913906
0.055852 0.021104 0.012885 0.910159
0.045470 0.016804 0.010923 0.926803
0.057761 0.022314 0.014057 0.905869
0.056747 0.020416 0.018552 0.904285
0.054351 0.021641 0.011645 0.912363
0.052130 0.019675 0.015936 0.912259
0.056301 0.021137 0.013538 0.909023
0.052360 0.018750 0.016050 0.912840
0.042360 0.016459 0.009909 0.931272
0.056918 0.021480 0.013588 0.908014
0.043983 0.017353 0.010987 0.927677
0.044328 0.016736 0.009907 0.929029
0.051351 0.018882 0.014919 0.914848
0.060956 0.023246 0.014875 0.900923
0.050112 0.018250 0.011816 0.919822
0.051227 0.019231 0.012102 0.917440
0.065780 0.024225 0.016812 0.893182
0.038512 0.013855 0.009251 0.938382
0.048211 0.018357 0.011325 0.922107
0.061461 0.022409 0.017560 0.898569
0.063281 0.022397 0.019430 0.894892
0.052429 0.020793 0.011036 0.915743
0.061638 0.024393 0.014028 0.899942
0.059094 0.023219 0.013744 0.903943
0.043574 0.016510 0.010615 0.929301
0.056037 0.021054 0.015427 0.907482
0.061921 0.023354 0.014685 0.900040
0.055968 0.021679 0.012564 0.909790
0.056032 0.022620 0.012407 0.908942
0.055445 0.022270 0.012553 0.909732
0.052168 0.019829 0.014444 0.913559
0.058286 0.021631 0.018688 0.901395
0.046337 0.016286 0.012282 0.925095
0.057892 0.021673 0.016588 0.903847
0.052646 0.021458 0.011385 0.914511
0.051016 0.019102 0.013850 0.916032
0.049096 0.018809 0.013036 0.919059
0.045724 0.016402 0.011665 0.926209
0.044430 0.016348 0.010782 0.928440
0.064079 0.024036 0.018892 0.892993
0.047877 0.017547 0.012241 0.922335
0.046374 0.017432 0.010477 0.925716
0.050046 0.018452 0.012122 0.919379
0.053023 0.019806 0.012843 0.914328
0.054616 0.020993 0.014582 0.909809
0.053625 0.020074 0.013619 0.912682
0.043961 0.015519 0.010841 0.929679
0.055295 0.020846 0.013297 0.910563
0.059771 0.021418 0.016707 0.902105
0.046435 0.017731 0.012027 0.923807
0.048583 0.018110 0.011267 0.922040
0.068140 0.025675 0.018515 0.887670
0.048481 0.017130 0.015015 0.919375
0.042976 0.016414 0.009523 0.931087
0.050128 0.018727 0.013465 0.917680
0.059218 0.021233 0.019285 0.900263
0.062126 0.022196 0.023323 0.892355
0.048608 0.018343 0.013042 0.920007
0.050981 0.018075 0.013744 0.917199
0.045449 0.016449 0.012134 0.925968
0.043577 0.015920 0.010880 0.929624
0.043120 0.016765 0.014419 0.925696
0.051508 0.018906 0.013427 0.916159
0.057116 0.021444 0.015974 0.905466
0.048540 0.017425 0.012051 0.921983
0.055214 0.019976 0.014997 0.909814
0.039964 0.015196 0.009544 0.935296
0.054219 0.019366 0.013890 0.912526
0.054594 0.020308 0.013626 0.911472
0.058090 0.022179 0.013293 0.906439
0.046582 0.017459 0.010594 0.925366
0.060261 0.024083 0.013695 0.901961
0.057173 0.020731 0.018108 0.903987
0.048320 0.018259 0.012764 0.920657
0.048360 0.017650 0.012369 0.921621
0.055899 0.021191 0.014804 0.908106
0.056801 0.022515 0.012706 0.907979
0.046672 0.018393 0.012595 0.922341
0.048706 0.018294 0.012711 0.920289
0.046103 0.016754 0.011806 0.925337
0.045494 0.016534 0.011996 0.925976
0.062913 0.022168 0.019391 0.895528
0.047238 0.017177 0.012501 0.923083
0.049981 0.018962 0.013217 0.917841
0.044980 0.016313 0.011019 0.927688
0.046555 0.016640 0.011790 0.925015
0.056774 0.020185 0.021330 0.901712
0.048610 0.017386 0.011999 0.922006
0.046660 0.016809 0.011662 0.924869
0.048450 0.017638 0.012005 0.921907
0.057044 0.020808 0.015905 0.906243
0.045009 0.018492 0.011382 0.925118
0.051821 0.019470 0.012651 0.916058
0.060089 0.023279 0.013842 0.902790
0.053881 0.019168 0.013784 0.913167
0.049942 0.019163 0.012096 0.918798
0.045619 0.016944 0.010939 0.926497
0.053889 0.019271 0.016581 0.910259
0.065047 0.024562 0.017631 0.892759
0.044857 0.015921 0.012252 0.926971
0.060463 0.023829 0.013670 0.902038
0.054455 0.021622 0.013219 0.910704
0.046510 0.017715 0.011085 0.924690
0.046877 0.017727 0.013181 0.922215
0.057304 0.020468 0.016579 0.905650
0.056787 0.021642 0.012684 0.908887
0.045485 0.016664 0.011104 0.926747
0.049716 0.018979 0.011618 0.919688
0.046674 0.016714 0.013470 0.923143
0.051465 0.019515 0.015132 0.913888
0.050844 0.018065 0.014434 0.916657
0.054147 0.019619 0.013558 0.912677
0.061237 0.022325 0.015259 0.901179
0.050091 0.018990 0.012373 0.918546
0.037737 0.014394 0.008459 0.939411
0.045213 0.016702 0.012745 0.925340
0.058191 0.021613 0.014725 0.905471
0.059446 0.023092 0.016643 0.900818
0.055038 0.022386 0.011971 0.910606
0.058429 0.023146 0.015204 0.903222
0.049208 0.018717 0.012113 0.919963
0.052659 0.019511 0.013561 0.914269
0.047573 0.017695 0.013612 0.921121
0.051377 0.017892 0.015985 0.914746
0.050226 0.018454 0.012347 0.918973
0.049213 0.018851 0.011569 0.920367
0.055810 0.020039 0.017069 0.907082
0.037584 0.013652 0.009368 0.939397
0.055557 0.019729 0.016877 0.907837
0.055784 0.020993 0.015704 0.907519
0.047773 0.017390 0.011981 0.922857
0.046534 0.017906 0.012163 0.923396
0.049592 0.017629 0.012912 0.919867
0.043855 0.016445 0.012117 0.927583
0.055409 0.019678 0.016107 0.908806
0.056992 0.022133 0.012735 0.908139
0.047130 0.017280 0.011665 0.923924
0.050304 0.019053 0.011866 0.918777
0.043615 0.016182 0.010597 0.929606
0.051710 0.019522 0.015856 0.912912
0.064168 0.023307 0.019141 0.893385
0.053173 0.019414 0.012815 0.914598
0.043392 0.015179 0.011376 0.930054
0.050001 0.018616 0.012184 0.919200
0.045934 0.018602 0.011745 0.923719
0.048683 0.018611 0.013937 0.918768
0.055259 0.020494 0.014731 0.909515
0.061773 0.023618 0.015554 0.899055
0.056968 0.021649 0.013405 0.907979
0.050144 0.018901 0.011930 0.919025
0.051014 0.019268 0.012396 0.917322
0.048734 0.017350 0.013019 0.920896
0.048522 0.017489 0.011808 0.922181
0.062992 0.023762 0.016586 0.896661
0.055755 0.021173 0.012630 0.910442
0.051092 0.019530 0.011485 0.917894
0.061849 0.023817 0.014764 0.899570
0.046080 0.017320 0.010810 0.925789
0.053045 0.019806 0.013109 0.914041
0.057336 0.021311 0.015715 0.905638
0.057376 0.021785 0.013218 0.907620
0.052309 0.020709 0.011115 0.915868
0.054991 0.021955 0.012557 0.910496
0.051109 0.019496 0.012678 0.916716
0.055527 0.020726 0.014581 0.909166
0.051763 0.019428 0.012878 0.915930
0.049688 0.017969 0.012513 0.919831
0.051446 0.019977 0.011794 0.916784
0.050467 0.019203 0.011779 0.918551
0.059414 0.021936 0.021284 0.897366
0.050965 0.017841 0.013631 0.917563
0.045872 0.016430 0.011493 0.926205
0.059402 0.022218 0.015191 0.903190
0.050855 0.018962 0.013433 0.916750
0.042278 0.017329 0.010884 0.929510
0.049304 0.018534 0.011780 0.920383
0.062764 0.024436 0.015493 0.897307
0.055391 0.021522 0.013543 0.909545
0.051651 0.019424 0.012196 0.916730
0.042896 0.015273 0.010939 0.930893
0.044944 0.016014 0.011747 0.927295
0.057119 0.020754 0.014820 0.907307
0.057610 0.020695 0.016642 0.905052
0.053075 0.019599 0.012549 0.914776
0.047679 0.017215 0.011964 0.923142
0.053131 0.020559 0.012782 0.913529
0.048390 0.018405 0.011122 0.922083
0.050277 0.018839 0.013220 0.917664
0.062681 0.023107 0.017101 0.897111
0.050865 0.018376 0.012820 0.917939
0.050069 0.019198 0.011604 0.919129
0.056814 0.021515 0.013431 0.908240
0.047891 0.018040 0.013033 0.921037
0.047940 0.018113 0.011716 0.922230
0.047847 0.017012 0.012424 0.922717
0.073747 0.027798 0.021435 0.877020
0.049621 0.018947 0.010862 0.920571
0.050867 0.019318 0.012047 0.917768
0.058660 0.022700 0.015482 0.903159
0.052302 0.018431 0.013660 0.915608
0.044217 0.016657 0.011654 0.927472
0.063787 0.023271 0.020792 0.892150
0.049246 0.019021 0.011934 0.919798
0.056176 0.021279 0.015079 0.907466
0.055052 0.021124 0.015138 0.908686
0.045709 0.016264 0.011608 0.926419
0.043380 0.016916 0.011184 0.928521
0.058671 0.020959 0.015162 0.905209
0.048392 0.018102 0.012814 0.920692
0.046683 0.016692 0.011991 0.924633
0.048360 0.018389 0.010904 0.922347
0.053011 0.019235 0.013445 0.914309
0.059822 0.022600 0.017515 0.900063
0.050314 0.018143 0.012219 0.919324
0.049061 0.018737 0.011113 0.921089
0.063852 0.023736 0.016326 0.896086
0.058535 0.022399 0.015366 0.903701
0.039899 0.016190 0.008539 0.935371
0.070013 0.026445 0.021758 0.881784
0.058440 0.021549 0.014862 0.905148
0.047709 0.019040 0.010183 0.923068
0.045547 0.017473 0.012525 0.924455
0.057929 0.022103 0.015546 0.904422
0.049585 0.018652 0.015011 0.916753
0.054911 0.020618 0.015421 0.909050
0.050130 0.017845 0.012959 0.919066
0.045770 0.017046 0.011147 0.926036
0.045386 0.016957 0.011126 0.926531
0.050019 0.019077 0.013534 0.917369
0.048356 0.017754 0.013626 0.920264
0.056784 0.021817 0.012866 0.908533
0.058356 0.023020 0.013277 0.905347
0.060216 0.024557 0.013630 0.901597
0.044945 0.017193 0.009983 0.927878
0.052005 0.019428 0.014321 0.914246
0.051826 0.018952 0.012818 0.916405
0.043679 0.015696 0.011370 0.929255
0.063078 0.024396 0.015371 0.897155
0.050806 0.018206 0.012917 0.918072
0.044920 0.017095 0.011807 0.926178
0.055854 0.021860 0.014269 0.908017
0.047097 0.017231 0.011604 0.924068
0.058215 0.021856 0.016455 0.903474
0.057421 0.020085 0.017805 0.904689
0.048668 0.017216 0.012507 0.921608
0.044484 0.015996 0.011337 0.928183
0.049109 0.017519 0.012656 0.920717
0.054238 0.019583 0.016312 0.909867
0.049636 0.018085 0.015019 0.917260
0.041446 0.014680 0.010153 0.933720
0.062412 0.024651 0.014374 0.898563
0.059694 0.023939 0.014824 0.901543
0.038401 0.015093 0.008461 0.938045
0.042223 0.015870 0.011689 0.930219
0.065979 0.025009 0.017908 0.891104
0.050246 0.018132 0.014040 0.917582
0.050628 0.019129 0.011842 0.918400
0.051137 0.019428 0.012010 0.917425
0.049048 0.017610 0.012876 0.920466
0.052390 0.019594 0.013542 0.914473
0.052572 0.018785 0.015787 0.912856
0.046586 0.017051 0.010832 0.925531
0.051145 0.019412 0.012149 0.917295
0.064405 0.024822 0.017148 0.893625
0.051157 0.019117 0.014172 0.915555
0.043445 0.016272 0.010339 0.929943
0.050259 0.018075 0.012656 0.919011
0.065185 0.024604 0.016050 0.894160
0.051345 0.019802 0.013134 0.915718
0.039722 0.014883 0.008811 0.936584
0.047278 0.017329 0.011686 0.923707
0.062548 0.023386 0.015694 0.898372
0.055848 0.021447 0.014055 0.908650
0.049747 0.018613 0.011933 0.919706
0.051935 0.018257 0.013598 0.916210
0.058372 0.022148 0.014307 0.905172
0.049366 0.018959 0.012865 0.918809
0.056342 0.020894 0.015868 0.906896
0.061042 0.022640 0.017422 0.898896
0.053873 0.020488 0.012045 0.913594
0.063594 0.025375 0.015442 0.895589
0.042255 0.016161 0.009530 0.932053
0.059934 0.022602 0.017147 0.900318
0.046165 0.017770 0.011965 0.924100
0.046117 0.016284 0.011257 0.926342
0.057528 0.022568 0.013030 0.906874
0.062964 0.023514 0.015719 0.897803
0.047854 0.018344 0.013767 0.920035
0.044231 0.016588 0.012048 0.927133
0.057023 0.020494 0.016429 0.906053
0.052529 0.019942 0.012569 0.914959
0.068346 0.027333 0.018161 0.886160
0.040772 0.015934 0.009405 0.933890
0.045460 0.017493 0.010558 0.926489
0.044930 0.016391 0.011885 0.926795
0.054315 0.020171 0.013453 0.912061
0.042920 0.015338 0.012237 0.929505
0.054773 0.019953 0.013852 0.911421
0.048025 0.018184 0.010875 0.922916
0.053931 0.019565 0.013723 0.912781
0.059988 0.022930 0.018534 0.898547
0.050320 0.018141 0.013006 0.918532
0.060120 0.023635 0.015074 0.901171
0.060113 0.022261 0.015510 0.902116
0.047304 0.018073 0.010594 0.924029
0.050047 0.018023 0.014454 0.917476
0.051990 0.020373 0.012656 0.914981
0.041773 0.015460 0.010136 0.932632
0.061453 0.023579 0.016988 0.897979
0.070330 0.026327 0.017918 0.885425
0.041174 0.015963 0.008880 0.933983
0.045097 0.016922 0.010690 0.927292
0.054662 0.020120 0.014939 0.910280
0.047102 0.016957 0.012235 0.923706
0.047167 0.017789 0.012072 0.922971
0.053713 0.019425 0.013430 0.913432
0.056016 0.019927 0.015457 0.908599
0.056562 0.021251 0.013813 0.908374
0.045778 0.017186 0.010363 0.926674
0.057301 0.020272 0.015314 0.907112
0.053176 0.019897 0.013707 0.913220
0.048556 0.017526 0.011946 0.921973
0.063114 0.024992 0.015631 0.896263
0.056687 0.020149 0.014929 0.908234
0.051238 0.020269 0.011927 0.916566
0.043565 0.016425 0.010239 0.929770
0.061630 0.023169 0.017466 0.897735
0.047575 0.017269 0.015345 0.919811
0.044450 0.016876 0.009995 0.928680
0.050224 0.017930 0.013883 0.917962
0.059810 0.021627 0.016500 0.902064
0.039133 0.014149 0.009276 0.937442
0.044375 0.017325 0.010052 0.928248
0.053658 0.019816 0.017029 0.909496
0.061197 0.022742 0.016394 0.899667
0.043459 0.016497 0.009894 0.930150
0.048892 0.017157 0.012604 0.921347
0.058615 0.020895 0.017948 0.902541
0.046936 0.017306 0.011614 0.924144
0.053273 0.020154 0.014331 0.912243
0.055159 0.019985 0.014028 0.910829
0.044069 0.015812 0.010560 0.929559
0.046993 0.016915 0.014076 0.922016
0.057900 0.022172 0.016598 0.903331
0.044494 0.016134 0.011121 0.928251
0.068668 0.027194 0.018384 0.885754
0.054849 0.020626 0.012997 0.911528
0.042495 0.016457 0.009846 0.931201
0.045153 0.016890 0.010944 0.927013
0.051769 0.018806 0.013056 0.916369
0.052956 0.019136 0.015536 0.912372
0.039508 0.013888 0.009944 0.936661
0.057949 0.022259 0.013628 0.906163
0.070639 0.028367 0.018267 0.882726
0.048247 0.018194 0.011116 0.922444
0.046494 0.017420 0.010853 0.925233
0.060314 0.021617 0.015684 0.902385
0.062117 0.023144 0.014931 0.899808
0.062741 0.023650 0.016310 0.897299
0.049452 0.018571 0.011806 0.920171
0.045010 0.016904 0.010109 0.927977
0.062207 0.023363 0.019347 0.895083
0.064360 0.025472 0.018638 0.891529
0.052009 0.019602 0.017312 0.911077
0.068117 0.026548 0.016699 0.888637
0.060380 0.021880 0.015522 0.902218
0.047005 0.018085 0.013129 0.921781
0.043195 0.017649 0.009705 0.929451
0.040724 0.016070 0.010420 0.932786
0.050385 0.018844 0.014483 0.916287
0.060027 0.023820 0.015396 0.900757
0.050759 0.019618 0.013181 0.916443
0.051806 0.019814 0.014370 0.914009
0.043357 0.015829 0.010635 0.930179
0.046075 0.017724 0.011758 0.924444
0.058603 0.021116 0.019708 0.900573
0.041041 0.015054 0.009518 0.934387
0.042432 0.015431 0.010689 0.931449
0.061293 0.022770 0.016530 0.899407
0.051523 0.018617 0.015499 0.914361
0.040700 0.015934 0.008685 0.934681
0.046748 0.016406 0.012567 0.924279
0.049554 0.018539 0.012093 0.919815
0.050956 0.018464 0.014584 0.915996
0.042522 0.015984 0.010382 0.931112
0.053643 0.019081 0.013838 0.913438
0.061035 0.022232 0.016890 0.899844
0.065797 0.025847 0.015249 0.893108
0.039120 0.014034 0.009379 0.937467
0.047450 0.017937 0.011528 0.923085
0.053829 0.019845 0.013461 0.912865
0.051487 0.018429 0.015896 0.914188
0.061645 0.023952 0.016578 0.897825
0.065275 0.024400 0.017248 0.893076
0.045497 0.017103 0.010713 0.926687
0.049062 0.018574 0.011591 0.920773
0.050445 0.019353 0.014176 0.916026
0.047340 0.016805 0.012480 0.923375
0.047908 0.017648 0.011491 0.922953
0.052829 0.018800 0.016083 0.912288
0.049689 0.017659 0.014077 0.918575
0.041348 0.015749 0.009835 0.933067
0.053320 0.020310 0.014748 0.911622
0.053974 0.019783 0.014939 0.911305
0.053732 0.019129 0.017499 0.909640
0.054802 0.020659 0.014490 0.910049
0.058343 0.020973 0.014861 0.905823
0.040755 0.015060 0.009988 0.934197
0.042578 0.015059 0.012023 0.930340
0.044423 0.016789 0.012585 0.926203
0.055023 0.019791 0.017901 0.907285
0.076304 0.029502 0.026035 0.868158
0.059313 0.021599 0.014865 0.904223
0.051735 0.019504 0.012946 0.915815
0.047934 0.016925 0.012811 0.922330
0.040542 0.015020 0.010335 0.934103
0.037799 0.014846 0.008452 0.938903
0.057545 0.022335 0.015868 0.904252
0.057443 0.022100 0.013671 0.906786
0.064107 0.025070 0.016688 0.894135
0.049782 0.018833 0.011643 0.919741
0.042068 0.016078 0.009840 0.932014
0.049350 0.017938 0.014663 0.918049
0.051001 0.018909 0.013244 0.916846
0.045252 0.016764 0.010334 0.927649
0.058526 0.021767 0.014423 0.905284
0.051059 0.018933 0.012598 0.917410
0.045106 0.017014 0.010727 0.927154
0.054567 0.020505 0.013528 0.911400
0.057319 0.021341 0.015877 0.905464
0.038766 0.014135 0.009228 0.937872
0.054342 0.021615 0.012324 0.911719
0.057223 0.021007 0.015675 0.906094
0.054615 0.020631 0.015314 0.909440
0.042797 0.016027 0.010113 0.931063
0.046994 0.016827 0.011859 0.924320
0.055460 0.020113 0.015249 0.909179
0.041901 0.014913 0.010314 0.932872
0.040950 0.014619 0.010509 0.933922
0.054788 0.019891 0.013821 0.911500
0.050322 0.019101 0.011987 0.918589
0.058269 0.022577 0.015990 0.903164
0.044025 0.016423 0.010555 0.928997
0.052395 0.018871 0.013185 0.915549
0.056221 0.020132 0.018356 0.905291
0.050712 0.018021 0.013207 0.918059
0.059472 0.021134 0.017452 0.901942
0.049835 0.017840 0.012821 0.919503
0.050323 0.018301 0.011973 0.919403
0.043308 0.015909 0.010992 0.929791
0.053938 0.020721 0.012302 0.913039
0.047734 0.017951 0.015659 0.918656
0.056599 0.022263 0.013251 0.907887
0.064572 0.024716 0.017760 0.892952
0.043478 0.016674 0.010325 0.929524
0.065046 0.025566 0.016895 0.892493
0.040744 0.015735 0.010495 0.933026
0.050459 0.018995 0.011969 0.918577
0.051991 0.019676 0.014579 0.913754
0.056464 0.020214 0.014507 0.908816
0.046320 0.017292 0.010915 0.925473
0.047665 0.016792 0.012723 0.922820
0.061725 0.023584 0.015800 0.898891
0.039316 0.014591 0.009198 0.936894
0.052617 0.020038 0.011772 0.915573
0.059869 0.022044 0.016413 0.901673
0.062037 0.023493 0.015273 0.899198
0.040449 0.015358 0.008982 0.935211
0.052509 0.019624 0.012854 0.915013
0.065449 0.024078 0.017899 0.892575
0.041913 0.015380 0.009990 0.932717
0.062137 0.024430 0.014286 0.899147
