0.171334 0.109391 0.352245 0.367030
0.122860 0.056365 0.376949 0.443826
0.118226 0.051513 0.388330 0.441931
0.127397 0.058564 0.380052 0.433987
0.079493 0.029967 0.366367 0.524172
0.108298 0.048790 0.402365 0.440547
0.156986 0.100644 0.396587 0.345782
0.174118 0.113963 0.339589 0.372330
0.158960 0.101303 0.393786 0.345951
0.173256 0.109738 0.356203 0.360803
0.166093 0.104924 0.370836 0.358147
0.168929 0.105853 0.360041 0.365177
0.084551 0.032375 0.340892 0.542181
0.121640 0.054281 0.368614 0.455466
0.173516 0.112495 0.344029 0.369960
0.098209 0.041988 0.408433 0.451370
0.161587 0.101968 0.395497 0.340948
0.171494 0.110255 0.365777 0.352475
0.159105 0.100006 0.393438 0.347451
0.108018 0.048390 0.399370 0.444221
0.158778 0.102085 0.395126 0.344011
0.170573 0.108624 0.353807 0.366996
0.161464 0.102489 0.390026 0.346021
0.155920 0.099083 0.408905 0.336092
0.167008 0.105781 0.370279 0.356932
0.169186 0.106146 0.358700 0.365968
0.113943 0.048632 0.374871 0.462554
0.106638 0.043250 0.362942 0.487171
0.159792 0.097555 0.379194 0.363460
0.159458 0.103759 0.397729 0.339054
0.171206 0.107424 0.346142 0.375228
0.158876 0.100952 0.396413 0.343759
0.171017 0.108008 0.353701 0.367273
0.173292 0.108487 0.360793 0.357428
0.162437 0.103343 0.395301 0.338918
0.166343 0.102279 0.379328 0.352050
0.169476 0.104539 0.352336 0.373650
0.124600 0.055269 0.353509 0.466622
0.103578 0.042433 0.366065 0.487924
0.171935 0.111159 0.363426 0.353481
0.157633 0.100528 0.406783 0.335056
0.100353 0.041009 0.375188 0.483450
0.171719 0.111427 0.370996 0.345858
0.121992 0.055257 0.368512 0.454238
0.125631 0.055121 0.360523 0.458725
0.110213 0.046887 0.374481 0.468420
0.156888 0.101548 0.414347 0.327218
0.170777 0.108645 0.360891 0.359687
0.170371 0.108989 0.358349 0.362291
0.097967 0.042066 0.413819 0.446148
0.115411 0.049152 0.372547 0.462891
0.170005 0.110581 0.368518 0.350896
0.114637 0.050567 0.380996 0.453799
0.155261 0.097447 0.415532 0.331760
0.172495 0.111972 0.369880 0.345652
0.170539 0.109068 0.350110 0.370284
0.118510 0.051409 0.368669 0.461412
0.096631 0.038268 0.365790 0.499311
0.158394 0.102151 0.403509 0.335946
0.095146 0.037439 0.350603 0.516812
0.166842 0.107195 0.369940 0.356023
0.102304 0.042903 0.375919 0.478874
0.171133 0.108922 0.357562 0.362383
0.095495 0.041117 0.413951 0.449438
0.114672 0.049267 0.367336 0.468726
0.170629 0.108184 0.364125 0.357063
0.102832 0.040984 0.377694 0.478490
0.165707 0.106407 0.379797 0.348089
0.086972 0.036391 0.400955 0.475682
0.170545 0.109077 0.352506 0.367872
0.168775 0.108901 0.379158 0.343166
0.089228 0.035871 0.394873 0.480028
0.154063 0.097965 0.413493 0.334478
0.170569 0.111299 0.377160 0.340972
0.168229 0.106222 0.363952 0.361597
0.085171 0.033766 0.358685 0.522377
0.099572 0.042461 0.402316 0.455651
0.155556 0.102256 0.408994 0.333195
0.170500 0.111589 0.354592 0.363320
0.147440 0.094234 0.419088 0.339238
0.110107 0.046321 0.371793 0.471778
0.169083 0.107074 0.357153 0.366690
0.159827 0.100720 0.384741 0.354712
0.090988 0.038018 0.411947 0.459047
0.170840 0.109534 0.350952 0.368673
0.176145 0.112301 0.358440 0.353114
0.093710 0.039901 0.408394 0.457996
0.170056 0.108238 0.370760 0.350946
0.171049 0.109387 0.341834 0.377730
0.115443 0.047585 0.362305 0.474667
0.107930 0.046304 0.382903 0.462863
0.173417 0.112386 0.355954 0.358243
0.168521 0.106306 0.359968 0.365205
0.115780 0.051813 0.379074 0.453332
0.164065 0.101341 0.366684 0.367910
0.121782 0.054995 0.363358 0.459865
0.088704 0.033649 0.347975 0.529672
0.116294 0.050344 0.362965 0.470397
0.168885 0.110055 0.368510 0.352550
0.171938 0.108573 0.358889 0.360599
0.110891 0.049498 0.417005 0.422606
0.128376 0.057219 0.355892 0.458513
0.174394 0.112272 0.347671 0.365663
0.169931 0.109037 0.352444 0.368588
0.169415 0.106702 0.364090 0.359792
0.168443 0.103723 0.366636 0.361199
0.112101 0.050176 0.397009 0.440714
0.168568 0.106708 0.362783 0.361941
0.165543 0.105458 0.368857 0.360142
0.117429 0.050879 0.369896 0.461796
0.115722 0.053939 0.398650 0.431688
0.091281 0.037182 0.419198 0.452339
0.160313 0.102710 0.392369 0.344608
0.175868 0.114462 0.362381 0.347290
0.112319 0.045301 0.375406 0.466974
0.157564 0.098984 0.389182 0.354270
0.150138 0.092405 0.373158 0.384299
0.155711 0.097807 0.404007 0.342476
0.172779 0.109987 0.353265 0.363969
0.167242 0.103813 0.365179 0.363765
0.073849 0.027980 0.336575 0.561596
0.107330 0.045690 0.373139 0.473841
0.106500 0.044132 0.372323 0.477045
0.124694 0.056104 0.362145 0.457056
0.103377 0.043141 0.381320 0.472162
0.151996 0.095667 0.412913 0.339424
0.172654 0.110473 0.362681 0.354193
0.175967 0.111803 0.356105 0.356126
0.097892 0.041220 0.400368 0.460521
0.171689 0.108257 0.347176 0.372878
0.154247 0.099008 0.414028 0.332718
0.170503 0.108592 0.354040 0.366864
0.173755 0.109963 0.338554 0.377728
0.111979 0.046995 0.377705 0.463321
0.166546 0.105292 0.369402 0.358759
0.172211 0.110799 0.351531 0.365459
0.112648 0.046993 0.364058 0.476300
0.114738 0.049482 0.372665 0.463114
0.169868 0.108177 0.362297 0.359658
0.173372 0.110944 0.343174 0.372510
0.090846 0.038293 0.404162 0.466699
0.169320 0.106641 0.356684 0.367354
0.163375 0.104275 0.380601 0.351749
0.100727 0.040119 0.371237 0.487917
0.156963 0.101329 0.414303 0.327405
0.097957 0.039907 0.375242 0.486894
0.170552 0.110141 0.356096 0.363211
0.108373 0.048083 0.403273 0.440271
0.093660 0.038304 0.401424 0.466612
0.173501 0.111690 0.336496 0.378313
0.176522 0.112486 0.357907 0.353085
0.166005 0.102191 0.382378 0.349425
0.168396 0.104964 0.370328 0.356312
0.179810 0.113559 0.337531 0.369099
0.089171 0.037059 0.396676 0.477094
0.167224 0.106208 0.360236 0.366332
0.173255 0.110094 0.352492 0.364159
0.092485 0.038317 0.412097 0.457101
0.104595 0.043854 0.369206 0.482345
0.170038 0.108451 0.348277 0.373234
0.089975 0.035460 0.363959 0.510606
0.118215 0.052519 0.380466 0.448799
0.116726 0.049229 0.378906 0.455140
0.086678 0.036127 0.399379 0.477816
0.122693 0.057028 0.381887 0.438392
0.167762 0.105042 0.358737 0.368459
0.089254 0.036326 0.385816 0.488603
0.093423 0.037044 0.342696 0.526837
0.171163 0.111701 0.351012 0.366124
0.165209 0.103032 0.369771 0.361987
0.113384 0.048614 0.386010 0.451991
0.121881 0.053940 0.385660 0.438520
0.123422 0.055334 0.372777 0.448467
0.121139 0.052691 0.364173 0.461997
0.084554 0.031760 0.351766 0.531920
0.174782 0.113163 0.334338 0.377717
0.173716 0.111316 0.338960 0.376009
0.153930 0.095734 0.402225 0.348111
0.169012 0.107083 0.369849 0.354056
0.167538 0.102236 0.367353 0.362873
0.124838 0.055380 0.371322 0.448461
0.115001 0.048248 0.373569 0.463183
0.120692 0.053802 0.369936 0.455570
0.172131 0.109994 0.344691 0.373184
0.096219 0.040588 0.402711 0.460482
0.174175 0.110046 0.350708 0.365070
0.170286 0.109582 0.354207 0.365926
0.154549 0.097159 0.414136 0.334156
0.103295 0.042775 0.383891 0.470040
0.173349 0.111185 0.364073 0.351393
0.118231 0.051195 0.359536 0.471038
0.078733 0.031200 0.396442 0.493626
0.168692 0.110082 0.357835 0.363392
0.166650 0.102353 0.364494 0.366503
0.094130 0.040256 0.398646 0.466968
0.107595 0.044689 0.367882 0.479835
0.159467 0.103520 0.401048 0.335966
0.114477 0.049646 0.378954 0.456923
0.174425 0.111782 0.353085 0.360709
0.129453 0.059963 0.372751 0.437834
0.171757 0.107759 0.343308 0.377176
0.093166 0.036134 0.349311 0.521389
0.171933 0.108347 0.359742 0.359978
0.175024 0.111558 0.351885 0.361533
0.167813 0.105693 0.360679 0.365815
0.165965 0.102678 0.370540 0.360818
0.122350 0.054965 0.384253 0.438433
0.121467 0.053752 0.364988 0.459793
0.090351 0.038381 0.403754 0.467515
0.111353 0.047190 0.387144 0.454312
0.169794 0.110371 0.368090 0.351745
0.118670 0.050752 0.384599 0.445979
0.121455 0.053364 0.359711 0.465470
0.115380 0.051381 0.376818 0.456421
0.170423 0.108614 0.348933 0.372031
0.081346 0.032408 0.397823 0.488424
0.105234 0.043624 0.366472 0.484669
0.171361 0.113012 0.367045 0.348582
0.117456 0.052338 0.374543 0.455663
0.124286 0.055912 0.370670 0.449132
0.118480 0.049609 0.373099 0.458812
0.134056 0.061946 0.362911 0.441088
0.161213 0.102525 0.395737 0.340525
0.173922 0.110788 0.354708 0.360582
0.168873 0.105837 0.356459 0.368832
0.172023 0.108942 0.350691 0.368344
0.169027 0.106120 0.378680 0.346173
0.092597 0.038656 0.412369 0.456379
0.170168 0.109776 0.356228 0.363828
0.168181 0.109972 0.360477 0.361370
0.109208 0.046774 0.377166 0.466852
0.117936 0.049874 0.367191 0.464999
0.103021 0.044479 0.388943 0.463557
0.118187 0.053972 0.386494 0.441347
0.170142 0.110935 0.371060 0.347863
0.095937 0.038136 0.366213 0.499714
0.135962 0.063772 0.353928 0.446338
0.083370 0.032084 0.371401 0.513145
0.156022 0.100157 0.404551 0.339270
0.172845 0.110946 0.356328 0.359881
0.161331 0.104225 0.386567 0.347877
0.115119 0.048802 0.363590 0.472489
0.172472 0.108829 0.344447 0.374251
0.154621 0.097640 0.414839 0.332900
0.108057 0.045582 0.374879 0.471482
0.165834 0.104677 0.368233 0.361256
0.099046 0.039912 0.377664 0.483377
0.127240 0.057869 0.373141 0.441750
0.114042 0.048092 0.361036 0.476830
0.116635 0.050137 0.370190 0.463038
0.170690 0.111017 0.373398 0.344895
0.170849 0.109763 0.365480 0.353908
0.110032 0.044217 0.357462 0.488289
0.128366 0.058842 0.378879 0.433914
0.155304 0.100461 0.402491 0.341743
0.165114 0.099855 0.357383 0.377649
0.155588 0.099668 0.399572 0.345172
0.122036 0.054559 0.377895 0.445510
0.171311 0.107313 0.369141 0.352235
0.116542 0.050195 0.368581 0.464682
0.119853 0.052242 0.360701 0.467205
0.087083 0.034313 0.361529 0.517075
0.168983 0.107675 0.371297 0.352044
0.101644 0.041150 0.362146 0.495060
0.091078 0.035291 0.351364 0.522267
0.102939 0.042761 0.374133 0.480167
0.171309 0.112349 0.352912 0.363430
0.088666 0.035827 0.389894 0.485613
0.096956 0.042151 0.409665 0.451227
0.171247 0.110042 0.374023 0.344688
0.170485 0.108499 0.366797 0.354218
0.113793 0.047271 0.362937 0.475999
0.101682 0.043916 0.399153 0.455249
0.159521 0.102198 0.387834 0.350447
0.164611 0.105385 0.384072 0.345931
0.157975 0.098849 0.409367 0.333809
0.170188 0.109369 0.366945 0.353499
0.164367 0.101781 0.371976 0.361876
0.116711 0.050012 0.370905 0.462373
0.120934 0.054382 0.373708 0.450976
0.115234 0.050638 0.385597 0.448531
0.156542 0.099899 0.404506 0.339054
0.167944 0.107391 0.367161 0.357504
0.165842 0.105406 0.367916 0.360836
0.115559 0.048986 0.375963 0.459491
0.122537 0.052996 0.361178 0.463289
0.070407 0.027287 0.362217 0.540090
0.176427 0.113803 0.360391 0.349380
0.167010 0.104264 0.361211 0.367515
0.165053 0.104751 0.391717 0.338479
0.100340 0.042972 0.395990 0.460698
0.155532 0.097986 0.414971 0.331512
0.170874 0.109119 0.346964 0.373043
0.168970 0.106358 0.359724 0.364948
0.085813 0.034557 0.384311 0.495320
0.111561 0.047114 0.364509 0.476816
0.179544 0.117772 0.349087 0.353597
0.123838 0.056020 0.364970 0.455173
0.155662 0.097549 0.410280 0.336509
0.121356 0.053424 0.378228 0.446993
0.175634 0.110713 0.355750 0.357904
0.115035 0.048681 0.371865 0.464418
0.173366 0.110844 0.349037 0.366753
0.152789 0.095989 0.415735 0.335487
0.168744 0.105944 0.349004 0.376307
0.166691 0.104352 0.363312 0.365645
0.107996 0.046498 0.390811 0.454695
0.167243 0.104725 0.365512 0.362520
0.170806 0.110351 0.354074 0.364769
0.110000 0.046773 0.377518 0.465709
0.123835 0.056341 0.385712 0.434111
0.094559 0.037473 0.358556 0.509412
0.092172 0.037907 0.397113 0.472808
0.103488 0.047341 0.407886 0.441285
0.169621 0.109953 0.360987 0.359439
0.170976 0.108372 0.348998 0.371653
0.108705 0.048019 0.405152 0.438125
0.155230 0.098357 0.411015 0.335398
0.174724 0.112552 0.361259 0.351466
0.159659 0.100050 0.385263 0.355028
0.090292 0.037549 0.400267 0.471891
0.170076 0.108252 0.354318 0.367355
0.168757 0.109223 0.375304 0.346716
0.099935 0.039318 0.360193 0.500554
0.168822 0.107019 0.358343 0.365816
0.153442 0.098363 0.406386 0.341809
0.121700 0.052833 0.375740 0.449726
0.170817 0.108540 0.366963 0.353680
0.118065 0.051957 0.367087 0.462891
0.170535 0.107733 0.380206 0.341526
0.170147 0.108734 0.375116 0.346003
0.167479 0.103775 0.360885 0.367861
0.108912 0.047937 0.404142 0.439009
0.101838 0.045373 0.414280 0.438509
0.172801 0.110761 0.350320 0.366118
0.175208 0.112288 0.355726 0.356778
0.106338 0.043264 0.387512 0.462886
0.116086 0.050635 0.381322 0.451957
0.110084 0.045259 0.384120 0.460537
0.124613 0.057565 0.365548 0.452274
0.103065 0.042955 0.365152 0.488827
0.171439 0.107773 0.361517 0.359271
0.107262 0.044722 0.373269 0.474748
0.121188 0.054049 0.381058 0.443706
0.102072 0.041637 0.376212 0.480079
0.128378 0.060367 0.373894 0.437361
0.099342 0.039675 0.363070 0.497913
0.081862 0.032829 0.391017 0.494293
0.125093 0.057350 0.376879 0.440678
0.169646 0.108961 0.356238 0.365154
0.113585 0.048448 0.374488 0.463480
0.114695 0.049035 0.378672 0.457598
0.154121 0.097799 0.406400 0.341680
0.116742 0.052657 0.385305 0.445296
0.164578 0.103368 0.367420 0.364634
0.116943 0.052424 0.381665 0.448968
0.124943 0.055329 0.375309 0.444419
0.102772 0.041448 0.354722 0.501058
0.069278 0.027323 0.360063 0.543337
0.168496 0.108735 0.358779 0.363990
0.172947 0.110991 0.353471 0.362590
0.124580 0.054183 0.356633 0.464604
0.162895 0.103087 0.396838 0.337181
0.153455 0.098194 0.404970 0.343381
0.167886 0.104074 0.362812 0.365227
0.168642 0.106012 0.356105 0.369241
0.126689 0.056501 0.356645 0.460165
0.173337 0.109856 0.344328 0.372479
0.170407 0.109567 0.358176 0.361849
0.151897 0.095589 0.418389 0.334125
0.103800 0.041600 0.373424 0.481177
0.174323 0.111952 0.347679 0.366047
0.123452 0.053299 0.364207 0.459042
0.176334 0.111100 0.347062 0.365504
0.156817 0.099227 0.397779 0.346177
0.159094 0.099712 0.405332 0.335862
0.159919 0.101094 0.407304 0.331684
0.179373 0.114356 0.347517 0.358754
0.174389 0.111609 0.348248 0.365754
0.166913 0.104991 0.371721 0.356375
0.165833 0.104704 0.367797 0.361666
0.106282 0.043056 0.359752 0.490911
0.125712 0.056138 0.359300 0.458849
0.094807 0.038166 0.367770 0.499257
0.172251 0.111034 0.365357 0.351358
0.109218 0.046210 0.374654 0.469918
0.121448 0.054792 0.373639 0.450121
0.122778 0.054150 0.374027 0.449046
0.101949 0.040840 0.362684 0.494526
0.092779 0.036131 0.352024 0.519067
0.159001 0.103231 0.386789 0.350978
0.166015 0.102395 0.367896 0.363694
0.112845 0.047447 0.368167 0.471541
0.161993 0.101104 0.395098 0.341805
0.103654 0.046387 0.354400 0.495559
0.171407 0.108905 0.366449 0.353239
0.158724 0.101490 0.391604 0.348182
0.100623 0.043153 0.405712 0.450512
0.175098 0.110699 0.329784 0.384419
0.160590 0.103694 0.392463 0.343253
0.158835 0.099695 0.393044 0.348427
0.166961 0.105164 0.369952 0.357922
0.170420 0.109208 0.357467 0.362904
0.128071 0.058616 0.367732 0.445580
0.101160 0.043861 0.421701 0.433278
0.124164 0.054875 0.378880 0.442081
0.163133 0.105337 0.394169 0.337361
0.098150 0.038896 0.368641 0.494313
0.173980 0.110918 0.353248 0.361854
0.173283 0.112784 0.339372 0.374562
0.172671 0.108519 0.331517 0.387294
0.159012 0.100893 0.399805 0.340290
0.168938 0.104875 0.364104 0.362084
0.169125 0.107665 0.360452 0.362758
0.110443 0.046466 0.378232 0.464859
0.128390 0.059389 0.381559 0.430662
0.120259 0.053309 0.372532 0.453899
0.098851 0.038773 0.354651 0.507725
0.085843 0.035122 0.391488 0.487547
0.169646 0.109380 0.374735 0.346239
0.172656 0.110701 0.356856 0.359786
0.117569 0.049067 0.379981 0.453384
0.117132 0.051407 0.372449 0.459012
0.170796 0.110548 0.375939 0.342717
0.167235 0.103389 0.359789 0.369586
0.107799 0.044553 0.373497 0.474151
0.106370 0.042248 0.346937 0.504444
0.105635 0.045249 0.367822 0.481293
0.170016 0.109744 0.363796 0.356444
0.114270 0.048701 0.371005 0.466024
0.094186 0.039670 0.406184 0.459959
0.123294 0.055488 0.371682 0.449535
0.172525 0.109218 0.363477 0.354780
0.115346 0.051370 0.383427 0.449857
0.167968 0.104444 0.358465 0.369123
0.106011 0.043490 0.376209 0.474290
0.112519 0.049081 0.381472 0.456928
0.172042 0.111293 0.352765 0.363900
0.113588 0.048115 0.372713 0.465584
0.101745 0.041725 0.375471 0.481059
0.169523 0.110973 0.354309 0.365196
0.104915 0.046048 0.408547 0.440490
0.103264 0.043003 0.385484 0.468248
0.171500 0.111343 0.361324 0.355834
0.171772 0.111600 0.350054 0.366574
0.114886 0.050395 0.379622 0.455097
0.173843 0.109760 0.365069 0.351328
0.098262 0.040590 0.394465 0.466683
0.091534 0.036967 0.378315 0.493184
0.168373 0.110274 0.360384 0.360969
0.167336 0.108322 0.363396 0.360946
0.113398 0.047570 0.376256 0.462776
0.129978 0.058517 0.344549 0.466956
0.109522 0.045843 0.369868 0.474767
0.167223 0.106182 0.366472 0.360123
0.171093 0.109230 0.376522 0.343154
0.123446 0.054369 0.378494 0.443690
0.126975 0.055726 0.372444 0.444856
0.118376 0.050221 0.372068 0.459334
0.164263 0.104312 0.385097 0.346328
0.170170 0.108594 0.361675 0.359561
0.178329 0.113122 0.349406 0.359143
0.159931 0.102146 0.394426 0.343497
0.171604 0.109898 0.360343 0.358156
0.168536 0.105708 0.356225 0.369531
0.115276 0.050436 0.371755 0.462533
0.108337 0.045166 0.365818 0.480678
0.105026 0.043768 0.373797 0.477408
0.094607 0.037297 0.371695 0.496402
0.098739 0.040167 0.372829 0.488265
0.125490 0.057906 0.378162 0.438441
0.111233 0.047212 0.368444 0.473111
0.109328 0.048832 0.388637 0.453203
0.082804 0.032776 0.370128 0.514291
0.160705 0.104071 0.391158 0.344065
0.172437 0.111130 0.365130 0.351302
0.168098 0.104806 0.363205 0.363892
0.114033 0.049439 0.375470 0.461058
0.122014 0.053272 0.368684 0.456030
0.101828 0.044004 0.401213 0.452955
0.069203 0.026602 0.379896 0.524298
0.173323 0.112218 0.360007 0.354452
0.170171 0.108583 0.353842 0.367405
0.107198 0.045890 0.375294 0.471618
0.168843 0.106113 0.360970 0.364074
0.081131 0.032774 0.391806 0.494289
0.105449 0.043109 0.366380 0.485061
0.172928 0.113355 0.350001 0.363716
0.097840 0.039642 0.378857 0.483661
0.170993 0.107818 0.362128 0.359061
0.100805 0.043087 0.412167 0.443942
0.097685 0.041811 0.396201 0.464303
0.156507 0.100958 0.398445 0.344090
0.175356 0.114717 0.338535 0.371392
0.161725 0.104140 0.393901 0.340234
0.169773 0.107832 0.360375 0.362020
0.165658 0.104723 0.369620 0.359999
0.170557 0.107488 0.379173 0.342783
0.119892 0.053218 0.372234 0.454656
0.111961 0.045920 0.365440 0.476679
0.114986 0.049838 0.358680 0.476496
0.168905 0.108671 0.360497 0.361927
0.166064 0.105405 0.358092 0.370439
0.096859 0.037832 0.376327 0.488983
0.178469 0.115410 0.352898 0.353223
0.113845 0.049421 0.365800 0.470934
0.174636 0.111067 0.356008 0.358289
0.124028 0.056848 0.367458 0.451667
0.169583 0.104015 0.361491 0.364911
0.119857 0.050507 0.353465 0.476171
0.155429 0.097728 0.412246 0.334597
0.168910 0.108939 0.362989 0.359163
0.168887 0.105581 0.355893 0.369639
0.092155 0.035858 0.347165 0.524821
0.130443 0.059770 0.377348 0.432439
0.157228 0.099499 0.402943 0.340329
0.111275 0.047422 0.382592 0.458712
0.165786 0.104809 0.367446 0.361959
0.104867 0.044081 0.382277 0.468775
0.113822 0.048398 0.370692 0.467088
0.107257 0.047052 0.382415 0.463276
0.117776 0.049639 0.364500 0.468084
0.173169 0.111466 0.367326 0.348040
0.155326 0.100650 0.408749 0.335275
0.120484 0.052241 0.374773 0.452502
0.161185 0.102964 0.384395 0.351456
0.083267 0.034002 0.364805 0.517926
0.180532 0.114725 0.333662 0.371081
0.175364 0.111348 0.349998 0.363290
0.168161 0.105626 0.365943 0.360270
0.165129 0.102335 0.369182 0.363355
0.123054 0.053396 0.382565 0.440985
0.107015 0.046772 0.399274 0.446938
0.115410 0.048434 0.358653 0.477503
0.155106 0.099643 0.402344 0.342907
0.167025 0.107536 0.366635 0.358803
0.175076 0.111131 0.350563 0.363231
0.109310 0.049069 0.400127 0.441493
0.073457 0.029028 0.374064 0.523451
0.167965 0.108868 0.362818 0.360349
0.167510 0.107766 0.367425 0.357299
0.123007 0.054013 0.377354 0.445626
0.125814 0.055265 0.364806 0.454114
0.099696 0.042345 0.393817 0.464142
0.171634 0.110610 0.365719 0.352036
0.163090 0.105629 0.397563 0.333718
0.103566 0.044727 0.394623 0.457084
0.159818 0.101773 0.398759 0.339650
0.154068 0.099786 0.404037 0.342109
0.171309 0.108785 0.344725 0.375181
0.171348 0.108458 0.365884 0.354310
0.127696 0.056623 0.373548 0.442134
0.169015 0.106265 0.358688 0.366032
0.166571 0.106634 0.362879 0.363916
0.117848 0.051305 0.385379 0.445467
0.130214 0.058947 0.372353 0.438487
0.111703 0.050384 0.396033 0.441880
0.099242 0.043446 0.405941 0.451371
0.170212 0.109937 0.366512 0.353338
0.173090 0.109708 0.363077 0.354125
0.130028 0.057825 0.343914 0.468233
0.108908 0.049625 0.419169 0.422298
0.165791 0.105246 0.367057 0.361906
0.168993 0.106302 0.362200 0.362504
0.091296 0.037346 0.393806 0.477551
0.126729 0.056661 0.356237 0.460373
0.168502 0.107613 0.360894 0.362991
0.175182 0.111367 0.366111 0.347341
0.080190 0.030985 0.376794 0.512032
0.126271 0.056100 0.374481 0.443148
0.172582 0.111334 0.340708 0.375377
0.108923 0.046278 0.390352 0.454446
0.172108 0.107885 0.347324 0.372682
0.163022 0.104390 0.390951 0.341637
0.091166 0.037733 0.384468 0.486633
0.165653 0.105700 0.357677 0.370969
0.172142 0.109807 0.345021 0.373030
0.119459 0.050980 0.376693 0.452867
0.096325 0.040735 0.413192 0.449748
0.128354 0.059131 0.368499 0.444016
0.166525 0.105657 0.364194 0.363624
0.113656 0.048799 0.380071 0.457474
0.118983 0.051307 0.361473 0.468237
0.099252 0.042303 0.403269 0.455176
0.134719 0.063033 0.369201 0.433047
0.164828 0.103449 0.370501 0.361221
0.166734 0.104181 0.368410 0.360675
0.111138 0.047241 0.368223 0.473398
0.085056 0.034351 0.408463 0.472129
0.119486 0.051958 0.366669 0.461886
0.172631 0.112158 0.351372 0.363839
0.114820 0.048734 0.370969 0.465477
0.165925 0.103825 0.353313 0.376936
0.160778 0.102577 0.386517 0.350128
0.109899 0.045261 0.339422 0.505418
0.173262 0.108491 0.363261 0.354985
0.164085 0.103792 0.374860 0.357263
0.102228 0.041650 0.377936 0.478186
0.170632 0.109541 0.351435 0.368392
0.116521 0.051040 0.363156 0.469283
0.088637 0.035600 0.385825 0.489938
0.112988 0.051855 0.405055 0.430101
0.155774 0.098170 0.408440 0.337616
0.167905 0.105112 0.364328 0.362655
0.157249 0.099154 0.418369 0.325228
0.106497 0.044031 0.375795 0.473677
0.175240 0.110771 0.354710 0.359279
0.079783 0.031431 0.379930 0.508857
0.160406 0.102603 0.386355 0.350636
0.181980 0.117048 0.334269 0.366703
0.170614 0.107079 0.365483 0.356824
0.174356 0.109459 0.356887 0.359298
0.170626 0.108048 0.373828 0.347497
0.166045 0.102693 0.359079 0.372184
0.126126 0.056611 0.346414 0.470849
0.112146 0.046462 0.372484 0.468907
0.114227 0.049745 0.375042 0.460986
0.171510 0.110352 0.369942 0.348196
0.172215 0.112022 0.361133 0.354630
0.120066 0.053925 0.372446 0.453563
0.124523 0.055511 0.370434 0.449532
0.126630 0.054294 0.368439 0.450637
0.097807 0.041241 0.396096 0.464856
0.174177 0.111170 0.349503 0.365151
0.170104 0.108071 0.354300 0.367525
0.165921 0.101880 0.380002 0.352197
0.166755 0.100743 0.324563 0.407938
0.121902 0.054502 0.377527 0.446069
0.108976 0.047298 0.399692 0.444034
0.168171 0.107555 0.360861 0.363413
0.171284 0.110410 0.343764 0.374542
0.119176 0.051601 0.371238 0.457985
0.131085 0.060611 0.366771 0.441533
0.118109 0.050919 0.374470 0.456502
0.164138 0.102697 0.372894 0.360271
0.110755 0.048120 0.384106 0.457019
0.173251 0.108623 0.370012 0.348114
0.092810 0.038311 0.399708 0.469171
0.133401 0.060382 0.351409 0.454808
0.157247 0.101842 0.410489 0.330422
0.171073 0.108295 0.360563 0.360069
0.175402 0.109155 0.352526 0.362917
0.066258 0.025264 0.343935 0.564543
0.121078 0.054266 0.374702 0.449953
0.173265 0.112284 0.347443 0.367008
0.117622 0.051716 0.364124 0.466538
0.109813 0.045890 0.366370 0.477927
0.105672 0.044806 0.372094 0.477428
0.085452 0.032053 0.370597 0.511898
0.123062 0.056759 0.369525 0.450654
0.128026 0.058485 0.374444 0.439046
0.114919 0.050039 0.367855 0.467187
0.116614 0.049743 0.380499 0.453145
0.176615 0.113100 0.363643 0.346643
0.109781 0.045443 0.376776 0.468000
0.155102 0.099325 0.403026 0.342546
0.121213 0.053784 0.368433 0.456570
0.154043 0.096471 0.405697 0.343788
0.104764 0.042580 0.351331 0.501325
0.162112 0.102361 0.393317 0.342211
0.094081 0.037773 0.363512 0.504633
0.169196 0.109104 0.362452 0.359249
0.125544 0.055907 0.376935 0.441614
0.117959 0.054707 0.399535 0.427799
0.116123 0.051143 0.387310 0.445424
0.178951 0.113349 0.363189 0.344511
0.158925 0.102760 0.385366 0.352949
0.172478 0.109442 0.370351 0.347728
0.158268 0.100294 0.392916 0.348522
0.117631 0.050768 0.371534 0.460067
0.174673 0.110864 0.318882 0.395581
0.154191 0.098774 0.407143 0.339892
0.086644 0.033045 0.354738 0.525573
0.173434 0.112048 0.356228 0.358290
0.114588 0.048461 0.356903 0.480048
0.127672 0.059307 0.368189 0.444832
0.152761 0.094968 0.408970 0.343301
0.107499 0.044750 0.372776 0.474975
0.179071 0.113616 0.335500 0.371813
0.113664 0.049730 0.378388 0.458218
0.164426 0.103486 0.372546 0.359541
0.164562 0.101542 0.365813 0.368083
0.085257 0.032673 0.336837 0.545232
0.081396 0.032790 0.370788 0.515026
0.157817 0.102272 0.401329 0.338581
0.170011 0.110414 0.372125 0.347451
0.169091 0.108156 0.368699 0.354054
0.127543 0.058417 0.365728 0.448312
0.096735 0.041056 0.395296 0.466913
0.100784 0.039616 0.364135 0.495465
0.177872 0.115462 0.345172 0.361494
0.168448 0.106980 0.358782 0.365790
0.169593 0.105495 0.354159 0.370752
0.111611 0.046964 0.391812 0.449613
0.174819 0.111066 0.329740 0.384375
0.105367 0.045641 0.393988 0.455003
0.115841 0.048436 0.365156 0.470568
0.168043 0.108206 0.364733 0.359019
0.172148 0.110441 0.340626 0.376785
0.130846 0.059034 0.355209 0.454911
0.091657 0.038069 0.401633 0.468642
0.171825 0.106988 0.365634 0.355552
0.156261 0.100456 0.405550 0.337733
0.119731 0.052289 0.371261 0.456719
0.172202 0.109488 0.346469 0.371841
0.136494 0.063035 0.363107 0.437364
0.173549 0.108988 0.357763 0.359700
0.171174 0.108934 0.360990 0.358902
0.165932 0.104407 0.369085 0.360576
0.164703 0.102054 0.358467 0.374776
0.100138 0.042092 0.398219 0.459551
0.133661 0.059886 0.352447 0.454006
0.159641 0.103162 0.404729 0.332469
0.169924 0.107559 0.372609 0.349908
0.166214 0.104122 0.364786 0.364879
0.126579 0.055920 0.380771 0.436730
0.125980 0.054067 0.356846 0.463107
0.109844 0.044606 0.365701 0.479850
0.171922 0.111000 0.354152 0.362926
0.169120 0.106546 0.370480 0.353853
0.121316 0.052576 0.368271 0.457838
0.124256 0.055613 0.362828 0.457304
0.123091 0.053573 0.353499 0.469837
0.116136 0.050829 0.380586 0.452450
0.170507 0.109030 0.354267 0.366196
0.120868 0.053820 0.381139 0.444173
0.109942 0.045349 0.392545 0.452164
0.122654 0.056160 0.379579 0.441606
0.117712 0.051107 0.369963 0.461218
0.090691 0.037615 0.389204 0.482490
0.101104 0.044748 0.401873 0.452275
0.174528 0.110575 0.357399 0.357498
0.174498 0.111624 0.357624 0.356255
0.115802 0.050311 0.381624 0.452263
0.170127 0.108344 0.353749 0.367780
0.128357 0.057075 0.380898 0.433670
0.098483 0.041564 0.404298 0.455655
0.174841 0.111698 0.346012 0.367449
0.171656 0.110361 0.367282 0.350701
0.165623 0.105004 0.365376 0.363997
0.169434 0.107254 0.354247 0.369065
0.121806 0.053875 0.365283 0.459036
0.088837 0.036713 0.405397 0.469053
0.098848 0.039995 0.365350 0.495808
0.170113 0.110248 0.365740 0.353899
0.113652 0.048839 0.381862 0.455648
0.125180 0.055681 0.374584 0.444555
0.099787 0.042177 0.395742 0.462294
0.105515 0.045566 0.378035 0.470884
0.171625 0.110163 0.343723 0.374490
0.167930 0.105715 0.356062 0.370293
0.170464 0.107558 0.368681 0.353297
0.113313 0.049017 0.372169 0.465501
0.127785 0.058922 0.383296 0.429997
0.104603 0.043259 0.380156 0.471983
0.091032 0.036241 0.364230 0.508496
0.081951 0.031662 0.335217 0.551171
0.119552 0.050832 0.361432 0.468183
0.124742 0.054983 0.355352 0.464923
0.169780 0.109823 0.355750 0.364647
0.157223 0.098678 0.402469 0.341629
0.114926 0.049224 0.371122 0.464727
0.175770 0.111505 0.348325 0.364400
0.126182 0.059028 0.382179 0.432611
0.167064 0.104805 0.367697 0.360434
0.091827 0.036478 0.360373 0.511321
0.123395 0.054884 0.368716 0.453005
0.091374 0.038737 0.397847 0.472042
0.113029 0.047966 0.361847 0.477157
0.167913 0.108651 0.372311 0.351125
0.103821 0.043731 0.382504 0.469944
0.171553 0.108865 0.354621 0.364961
0.110972 0.047416 0.363158 0.478454
0.127104 0.056384 0.367740 0.448773
0.174556 0.111383 0.357044 0.357018
0.168214 0.107404 0.359860 0.364522
0.175244 0.110380 0.335065 0.379311
0.105916 0.047381 0.397189 0.449514
0.164061 0.101739 0.394581 0.339619
0.175800 0.111128 0.364216 0.348857
0.168296 0.106634 0.371075 0.353995
0.167908 0.104713 0.378227 0.349151
0.106489 0.043714 0.372320 0.477476
0.104076 0.044337 0.372567 0.479021
0.119212 0.051126 0.339583 0.490079
0.163054 0.105429 0.397407 0.334110
0.111082 0.046688 0.366765 0.475465
0.173149 0.111023 0.363622 0.352206
0.119923 0.052953 0.380529 0.446596
0.128420 0.058408 0.364270 0.448902
0.091409 0.037333 0.392062 0.479196
0.119101 0.052140 0.371549 0.457211
0.177412 0.113291 0.355073 0.354225
0.106323 0.042966 0.376612 0.474098
0.156076 0.099476 0.402962 0.341486
0.111180 0.047764 0.380367 0.460688
0.170778 0.106894 0.358415 0.363913
0.080153 0.031887 0.377848 0.510112
0.126373 0.055460 0.371774 0.446392
0.171514 0.110749 0.359126 0.358611
0.106220 0.044957 0.382403 0.466420
0.171862 0.109767 0.342373 0.375998
0.106024 0.048304 0.411389 0.434283
0.116016 0.050210 0.380532 0.453242
0.167979 0.105092 0.355598 0.371331
0.105983 0.047695 0.401093 0.445228
0.112944 0.048207 0.374978 0.463870
0.109206 0.045215 0.373918 0.471662
0.165867 0.105722 0.377525 0.350887
0.081186 0.034718 0.361094 0.523002
0.167797 0.107121 0.364782 0.360300
0.170412 0.110849 0.358694 0.360045
0.129376 0.056097 0.356246 0.458281
0.092363 0.038833 0.383070 0.485733
0.170747 0.107052 0.362581 0.359619
0.166399 0.103665 0.369014 0.360922
0.169795 0.105423 0.354614 0.370168
0.117839 0.054161 0.410216 0.417785
0.131043 0.059145 0.368143 0.441669
0.167076 0.104952 0.363426 0.364546
0.168650 0.106715 0.363822 0.360813
0.103305 0.041070 0.367055 0.488570
0.117785 0.050612 0.372671 0.458932
0.162260 0.105028 0.391674 0.341038
0.113454 0.047847 0.363413 0.475286
0.168394 0.106936 0.367721 0.356949
0.173678 0.109982 0.363848 0.352492
0.092791 0.038788 0.403539 0.464883
0.120790 0.053108 0.367892 0.458211
0.175433 0.113476 0.362336 0.348755
0.107749 0.045441 0.384800 0.462010
0.178400 0.113213 0.341214 0.367172
0.094714 0.041033 0.390115 0.474138
0.115801 0.050850 0.378355 0.454994
0.173723 0.111542 0.335429 0.379306
0.108036 0.044081 0.382904 0.464979
0.133075 0.060312 0.363889 0.442724
0.097370 0.039099 0.374103 0.489427
0.171050 0.109368 0.365132 0.354449
0.111262 0.047676 0.366035 0.475026
0.113422 0.046156 0.356456 0.483966
0.133182 0.060436 0.334705 0.471677
0.173126 0.110709 0.355876 0.360289
0.170627 0.106931 0.363761 0.358680
0.169297 0.105446 0.354477 0.370781
0.121237 0.052222 0.383960 0.442581
0.117421 0.050754 0.375233 0.456591
0.160748 0.101052 0.394793 0.343406
0.102544 0.041093 0.357430 0.498934
0.175908 0.112026 0.363650 0.348416
0.172447 0.110590 0.360419 0.356544
0.170996 0.107146 0.355725 0.366132
0.071721 0.027747 0.379334 0.521199
0.117865 0.052184 0.377458 0.452493
0.166301 0.107552 0.365988 0.360159
0.122665 0.055665 0.384100 0.437570
0.095025 0.037760 0.375551 0.491664
0.110311 0.046559 0.377683 0.465447
0.111641 0.047642 0.376155 0.464561
0.119663 0.054202 0.372559 0.453577
0.129110 0.060012 0.364021 0.446856
0.100034 0.041645 0.384637 0.473684
0.098579 0.042969 0.388491 0.469962
0.173559 0.110441 0.371549 0.344452
0.166964 0.105886 0.361538 0.365613
0.121180 0.053102 0.370910 0.454808
0.135496 0.062148 0.352312 0.450043
0.115035 0.049448 0.372755 0.462762
0.172441 0.108156 0.358314 0.361089
0.158371 0.099306 0.404379 0.337945
0.172284 0.109985 0.349477 0.368254
0.169356 0.108086 0.353336 0.369223
0.163204 0.102959 0.380552 0.353285
0.112408 0.051233 0.401843 0.434516
0.158960 0.098711 0.398556 0.343773
0.168299 0.108093 0.368656 0.354952
0.170073 0.108537 0.375466 0.345923
0.168151 0.104146 0.365374 0.362329
0.120170 0.051494 0.354539 0.473797
0.097962 0.041460 0.400292 0.460286
0.174426 0.112155 0.350596 0.362823
0.172682 0.109860 0.340666 0.376793
0.174150 0.110124 0.357149 0.358577
0.153316 0.096336 0.407643 0.342704
0.099835 0.040352 0.377191 0.482622
0.173535 0.110703 0.357955 0.357807
0.103525 0.042229 0.361977 0.492269
0.107857 0.045008 0.385544 0.461591
0.167287 0.107266 0.358964 0.366483
0.104544 0.041784 0.376242 0.477430
0.125607 0.056671 0.364628 0.453094
0.164274 0.107360 0.380447 0.347919
0.088913 0.036839 0.382537 0.491711
0.158718 0.099893 0.390713 0.350676
0.173948 0.110852 0.358390 0.356810
0.118054 0.051175 0.370076 0.460695
0.168941 0.105060 0.357289 0.368710
0.119058 0.054700 0.328251 0.497991
0.159447 0.098291 0.403199 0.339063
0.098722 0.042805 0.407718 0.450755
0.173367 0.109542 0.373930 0.343160
0.169491 0.110186 0.346025 0.374298
0.121368 0.054069 0.371309 0.453254
0.161632 0.102324 0.388629 0.347415
0.089373 0.036360 0.387627 0.486641
0.172366 0.108153 0.337560 0.381921
0.167696 0.110197 0.363055 0.359051
0.109504 0.045806 0.375518 0.469172
0.118723 0.052265 0.362098 0.466915
0.107596 0.047775 0.408711 0.435918
0.121216 0.053908 0.379369 0.445507
0.165513 0.104384 0.371183 0.358920
0.172262 0.107508 0.373644 0.346587
0.097408 0.041479 0.402578 0.458536
0.114004 0.048535 0.369066 0.468395
0.173663 0.113934 0.346831 0.365572
0.156974 0.098759 0.412454 0.331814
0.101882 0.041637 0.363769 0.492711
0.176103 0.113583 0.365821 0.344493
0.110693 0.046748 0.382951 0.459608
0.114149 0.049186 0.365136 0.471529
0.166270 0.106919 0.376936 0.349875
0.109386 0.050479 0.413443 0.426693
0.175198 0.109830 0.342998 0.371973
0.168727 0.107148 0.357561 0.366565
0.114127 0.046240 0.377577 0.462055
0.128532 0.060843 0.372399 0.438226
0.176297 0.112500 0.349092 0.362111
0.105000 0.047380 0.410351 0.437270
0.099848 0.039490 0.387833 0.472829
0.171213 0.110599 0.343119 0.375069
0.123043 0.053994 0.382657 0.440307
0.086801 0.035806 0.390596 0.486797
0.115138 0.049211 0.358936 0.476715
0.161336 0.103009 0.391229 0.344427
0.112529 0.048590 0.387385 0.451496
0.169796 0.106429 0.370603 0.353172
0.121551 0.053693 0.375040 0.449716
0.124168 0.055329 0.363445 0.457058
0.127128 0.058002 0.374249 0.440621
0.160171 0.099850 0.395490 0.344489
0.072708 0.028647 0.371077 0.527568
0.170148 0.108564 0.368115 0.353173
0.165792 0.105003 0.366162 0.363043
0.109286 0.046152 0.381575 0.462987
0.119104 0.051001 0.362554 0.467341
0.097655 0.043193 0.408293 0.450860
0.110353 0.046098 0.367152 0.476397
0.170472 0.111583 0.362884 0.355061
0.166972 0.103720 0.363543 0.365765
0.120441 0.055286 0.338367 0.485906
0.100787 0.044455 0.403052 0.451706
0.120602 0.052240 0.378610 0.448549
0.156060 0.098312 0.404023 0.341605
0.119624 0.052474 0.368015 0.459887
0.173060 0.109487 0.346595 0.370858
0.120652 0.054326 0.381907 0.443116
0.168081 0.105896 0.363438 0.362585
0.082558 0.031456 0.362201 0.523785
0.109226 0.046091 0.380231 0.464453
0.105666 0.044621 0.377830 0.471883
0.109170 0.045266 0.377050 0.468514
0.128028 0.058438 0.373787 0.439747
0.107226 0.045863 0.377224 0.469687
0.167726 0.107361 0.354904 0.370009
0.091536 0.038675 0.387225 0.482565
0.103860 0.041750 0.364890 0.489501
0.175284 0.114212 0.357809 0.352695
0.102506 0.041995 0.384914 0.470584
0.166619 0.105115 0.361567 0.366699
0.123947 0.054946 0.378161 0.442946
0.129755 0.056069 0.363464 0.450712
0.125273 0.054544 0.347077 0.473106
0.158934 0.101584 0.401809 0.337674
0.165358 0.103897 0.365714 0.365032
0.171811 0.107659 0.361985 0.358545
0.121818 0.052996 0.359957 0.465230
0.088230 0.036594 0.398019 0.477158
0.111978 0.047196 0.372231 0.468595
0.174781 0.112467 0.358643 0.354109
0.131507 0.060466 0.354422 0.453605
0.129956 0.059017 0.368933 0.442095
0.149870 0.093728 0.412082 0.344320
0.117704 0.051314 0.362880 0.468102
0.177557 0.111297 0.339387 0.371760
0.129900 0.058784 0.370620 0.440696
0.168067 0.106488 0.365779 0.359666
0.171601 0.108703 0.360633 0.359063
0.071544 0.028130 0.372277 0.528049
0.120203 0.053380 0.368760 0.457657
0.159456 0.101033 0.388226 0.351284
0.086248 0.035676 0.403513 0.474562
0.172189 0.110589 0.365585 0.351637
0.171332 0.110372 0.358667 0.359629
0.100436 0.044083 0.409323 0.446158
0.100659 0.040506 0.374617 0.484218
0.180398 0.117370 0.350469 0.351762
0.108657 0.048533 0.403518 0.439293
0.167766 0.105526 0.350856 0.375851
0.167948 0.107352 0.370686 0.354013
0.169052 0.106614 0.349389 0.374945
0.122667 0.051224 0.310982 0.515127
0.108116 0.048031 0.407989 0.435863
0.107354 0.044049 0.379011 0.469586
0.172248 0.112088 0.359561 0.356103
0.124432 0.054750 0.385854 0.434964
0.134446 0.065627 0.345746 0.454181
0.122197 0.054593 0.375627 0.447583
0.173949 0.110780 0.330484 0.384788
0.118835 0.050669 0.374567 0.455929
0.167917 0.106676 0.352389 0.373017
0.169054 0.107423 0.373003 0.350521
0.104825 0.042847 0.378878 0.473450
0.119822 0.052666 0.368412 0.459100
0.120279 0.050827 0.351872 0.477022
0.112889 0.048645 0.370903 0.467563
0.172440 0.109605 0.344652 0.373303
0.097900 0.038829 0.359345 0.503926
0.156515 0.098317 0.403518 0.341650
0.115178 0.050966 0.378661 0.455196
0.169337 0.105687 0.357691 0.367285
0.125420 0.056532 0.362898 0.455151
0.115172 0.050022 0.371657 0.463148
0.173396 0.109838 0.336978 0.379788
0.106494 0.048550 0.408842 0.436115
0.171857 0.108460 0.365530 0.354153
0.155794 0.098029 0.416045 0.330132
0.114797 0.049020 0.370649 0.465534
0.174413 0.111109 0.331920 0.382557
0.123467 0.056963 0.379059 0.440512
0.174132 0.109128 0.352347 0.364393
0.162050 0.103447 0.387294 0.347209
0.156417 0.099883 0.408683 0.335017
0.169856 0.107942 0.372643 0.349559
0.171148 0.108513 0.359812 0.360528
0.127161 0.056110 0.351072 0.465657
0.107389 0.043666 0.362844 0.486101
0.174261 0.111332 0.364391 0.350016
0.176450 0.110969 0.355834 0.356747
0.165258 0.103652 0.373305 0.357785
0.122024 0.053352 0.369928 0.454696
0.168186 0.106667 0.359474 0.365672
0.170001 0.107269 0.349152 0.373579
0.119076 0.049853 0.356675 0.474395
0.104508 0.042302 0.379597 0.473594
0.173774 0.111882 0.372097 0.342247
0.118182 0.051375 0.387827 0.442616
0.119363 0.051405 0.378205 0.451027
0.117506 0.054516 0.391068 0.436909
0.094108 0.038978 0.395805 0.471109
0.175888 0.111527 0.320343 0.392241
0.175277 0.112759 0.360795 0.351168
0.170302 0.107698 0.354593 0.367406
0.127244 0.057185 0.376781 0.438790
0.118005 0.051241 0.380104 0.450650
0.124502 0.056399 0.380305 0.438794
0.118050 0.050322 0.371625 0.460003
0.129149 0.056358 0.363907 0.450586
0.109759 0.051116 0.400908 0.438218
0.170084 0.108397 0.351640 0.369879
0.156845 0.098007 0.402608 0.342539
0.116838 0.049954 0.366455 0.466753
0.171657 0.107497 0.346591 0.374256
0.093382 0.037312 0.369922 0.499384
0.167425 0.105777 0.368309 0.358489
0.089319 0.034848 0.355705 0.520128
0.125636 0.057006 0.389615 0.427743
0.085727 0.035133 0.401554 0.477586
0.170492 0.110513 0.367965 0.351031
0.169054 0.108554 0.356142 0.366250
0.092564 0.039258 0.405527 0.462650
0.116308 0.050343 0.367518 0.465831
0.166949 0.107962 0.368255 0.356834
0.068844 0.026490 0.367377 0.537289
0.168129 0.107162 0.367801 0.356909
0.171304 0.112881 0.368217 0.347598
0.129559 0.059565 0.365985 0.444892
0.115133 0.048580 0.361574 0.474713
0.096136 0.038092 0.361216 0.504557
0.158924 0.102114 0.401715 0.337246
0.164695 0.104512 0.393715 0.337078
0.161646 0.102134 0.383991 0.352229
0.154431 0.097449 0.410812 0.337308
0.170409 0.106506 0.342834 0.380251
0.163999 0.103763 0.388888 0.343350
0.103003 0.041783 0.372612 0.482602
0.167653 0.106205 0.360332 0.365809
0.169781 0.108333 0.361513 0.360373
0.122436 0.055763 0.375119 0.446683
0.102836 0.041878 0.372237 0.483049
0.121569 0.053937 0.358258 0.466235
0.076172 0.029878 0.387349 0.506600
0.113315 0.048443 0.384592 0.453650
0.174179 0.113310 0.353566 0.358945
0.100471 0.044494 0.411873 0.443163
0.124557 0.054960 0.381258 0.439224
0.173545 0.109176 0.368402 0.348876
0.080457 0.030593 0.335412 0.553539
0.178906 0.113791 0.342432 0.364871
0.107775 0.045425 0.383130 0.463670
0.169805 0.107708 0.354883 0.367604
0.170413 0.108347 0.345487 0.375753
0.119958 0.053682 0.374257 0.452103
0.119731 0.052155 0.380623 0.447491
0.117396 0.050212 0.372854 0.459539
0.103217 0.045944 0.413139 0.437700
0.114883 0.051213 0.378955 0.454948
0.171575 0.109217 0.357615 0.361594
0.105614 0.046242 0.387510 0.460634
0.114847 0.048061 0.373649 0.463444
0.173546 0.112238 0.355803 0.358413
