0.054010 0.022737 0.419417 0.503835
0.054288 0.022840 0.419960 0.502912
0.055693 0.023752 0.418591 0.501965
0.055867 0.023841 0.418715 0.501576
0.055047 0.023297 0.420237 0.501419
0.054600 0.023048 0.419929 0.502423
0.055009 0.023177 0.420948 0.500866
0.056095 0.023906 0.417887 0.502111
0.054457 0.022986 0.419930 0.502626
0.054742 0.023199 0.419866 0.502193
0.054594 0.023074 0.421012 0.501320
0.054513 0.022961 0.420770 0.501756
0.056147 0.023856 0.419243 0.500754
0.056104 0.023984 0.417798 0.502115
0.054461 0.022984 0.420331 0.502225
0.054764 0.023179 0.420804 0.501253
0.054764 0.023107 0.421039 0.501090
0.054470 0.022968 0.420249 0.502313
0.054946 0.023323 0.419461 0.502270
0.055586 0.023695 0.418019 0.502700
0.054678 0.023131 0.420466 0.501725
0.054800 0.023158 0.420752 0.501291
0.055589 0.023566 0.420201 0.500644
0.055179 0.023368 0.419692 0.501760
0.055399 0.023532 0.418542 0.502527
0.055568 0.023660 0.418038 0.502734
0.055781 0.023805 0.418764 0.501651
0.054786 0.023216 0.420503 0.501495
0.054794 0.023113 0.420107 0.501986
0.056197 0.023931 0.418411 0.501461
0.055987 0.023843 0.418963 0.501207
0.055158 0.023472 0.418852 0.502517
0.054505 0.023078 0.420648 0.501768
0.055987 0.023882 0.419576 0.500555
0.054241 0.022867 0.420425 0.502467
0.055173 0.023432 0.419418 0.501977
0.055216 0.023345 0.417759 0.503680
0.054023 0.022746 0.419373 0.503858
0.055714 0.023746 0.419638 0.500902
0.056342 0.023977 0.419849 0.499832
0.054755 0.023121 0.420497 0.501627
0.055784 0.023711 0.418685 0.501819
0.055166 0.023435 0.418880 0.502518
0.054419 0.022901 0.420373 0.502307
0.056144 0.023938 0.419445 0.500473
0.054939 0.023332 0.419300 0.502428
0.055628 0.023641 0.419625 0.501106
0.055737 0.023684 0.419549 0.501030
0.053942 0.022692 0.419978 0.503387
0.054663 0.023098 0.419845 0.502395
0.055907 0.023799 0.418880 0.501414
0.055990 0.023886 0.419371 0.500753
0.054970 0.023288 0.419778 0.501964
0.055080 0.023353 0.420453 0.501114
0.054186 0.022831 0.419856 0.503127
0.055289 0.023480 0.418877 0.502355
0.055538 0.023608 0.418199 0.502655
0.056084 0.023898 0.419580 0.500439
0.056189 0.023967 0.419502 0.500341
0.055167 0.023359 0.420121 0.501353
0.054772 0.023172 0.419670 0.502386
0.054855 0.023239 0.419520 0.502386
0.055667 0.023651 0.420337 0.500345
0.055058 0.023329 0.420359 0.501254
0.056189 0.023921 0.419686 0.500204
0.055789 0.023646 0.420246 0.500319
0.054716 0.023120 0.419895 0.502269
0.055516 0.023616 0.419630 0.501237
0.054615 0.023135 0.420657 0.501594
0.055065 0.023338 0.420190 0.501407
0.055169 0.023347 0.420317 0.501167
0.054396 0.022923 0.420233 0.502448
0.055557 0.023573 0.419654 0.501216
0.054573 0.023023 0.420166 0.502238
0.054739 0.023082 0.421234 0.500946
0.055921 0.023821 0.419530 0.500727
0.054831 0.023146 0.420919 0.501104
0.055010 0.023281 0.420260 0.501449
0.054305 0.022920 0.419901 0.502873
0.054339 0.022855 0.420878 0.501927
0.054690 0.023121 0.420440 0.501749
0.054906 0.023277 0.419624 0.502193
0.055435 0.023505 0.420401 0.500659
0.055972 0.023918 0.418001 0.502109
0.054888 0.023176 0.420066 0.501871
0.055978 0.023894 0.418908 0.501220
0.054171 0.022944 0.419502 0.503382
0.054898 0.023284 0.420214 0.501605
0.055995 0.023829 0.419158 0.501018
0.054828 0.023220 0.419260 0.502692
0.054787 0.023123 0.419536 0.502555
0.055627 0.023594 0.419198 0.501581
0.054450 0.022978 0.419856 0.502715
0.054590 0.023057 0.420402 0.501950
0.054395 0.022893 0.420929 0.501783
0.055066 0.023347 0.419690 0.501897
0.055881 0.023812 0.418434 0.501873
0.054576 0.023100 0.419577 0.502747
0.053545 0.022478 0.419053 0.504925
0.055073 0.023248 0.421078 0.500601
0.056031 0.023965 0.417993 0.502010
0.056126 0.023851 0.419871 0.500151
0.056172 0.023926 0.419066 0.500835
0.054465 0.022959 0.419820 0.502756
0.054705 0.023160 0.420215 0.501920
0.054880 0.023281 0.420133 0.501706
0.054761 0.023099 0.421395 0.500745
0.054397 0.022863 0.420435 0.502306
0.055423 0.023572 0.418064 0.502941
0.055747 0.023766 0.417536 0.502951
0.055454 0.023631 0.419093 0.501821
0.055176 0.023386 0.420439 0.500999
0.056163 0.023918 0.419621 0.500298
0.054754 0.023075 0.420773 0.501398
0.055459 0.023529 0.418792 0.502220
0.054534 0.023087 0.419715 0.502664
0.054342 0.023014 0.420289 0.502356
0.054727 0.023128 0.421228 0.500916
0.055151 0.023342 0.420670 0.500838
0.054734 0.023065 0.420160 0.502041
0.054695 0.023030 0.419495 0.502780
0.054762 0.023186 0.418275 0.503777
0.054277 0.022980 0.419996 0.502747
0.054930 0.023307 0.419900 0.501862
0.056390 0.024021 0.419524 0.500065
0.056002 0.023805 0.419428 0.500764
0.055455 0.023539 0.418899 0.502107
0.055190 0.023436 0.418083 0.503292
0.054253 0.022954 0.419370 0.503424
0.054787 0.023231 0.420332 0.501651
0.054867 0.023152 0.420536 0.501446
0.054851 0.023156 0.419845 0.502148
0.055176 0.023338 0.418111 0.503376
0.055730 0.023682 0.419149 0.501440
0.054498 0.022985 0.420146 0.502371
0.054626 0.023154 0.420626 0.501594
0.054815 0.023144 0.421468 0.500573
0.054732 0.023125 0.420479 0.501664
0.053974 0.022731 0.418933 0.504362
0.054314 0.022978 0.419191 0.503516
0.055219 0.023388 0.418488 0.502905
0.056280 0.023914 0.420252 0.499554
0.054933 0.023184 0.421039 0.500845
0.055787 0.023705 0.419347 0.501161
0.054862 0.023223 0.419809 0.502106
0.054280 0.022900 0.420301 0.502519
0.054400 0.023030 0.420224 0.502346
0.055326 0.023477 0.420500 0.500697
0.056215 0.023886 0.419760 0.500139
0.055149 0.023285 0.420468 0.501098
0.055607 0.023613 0.419225 0.501554
0.054555 0.023071 0.420357 0.502017
0.054700 0.023171 0.419749 0.502380
0.055089 0.023268 0.421176 0.500467
0.054601 0.022974 0.421165 0.501260
0.055333 0.023456 0.419939 0.501272
0.055969 0.023846 0.417457 0.502729
0.054474 0.023020 0.419571 0.502935
0.054409 0.022967 0.420652 0.501972
0.054781 0.023163 0.420537 0.501519
0.055135 0.023267 0.420492 0.501106
0.056278 0.023970 0.418400 0.501352
0.055256 0.023517 0.418433 0.502793
0.053899 0.022681 0.419711 0.503709
0.055520 0.023667 0.418492 0.502321
0.054974 0.023337 0.419558 0.502131
0.056056 0.023953 0.418555 0.501437
0.055496 0.023469 0.418300 0.502734
0.053788 0.022551 0.419232 0.504429
0.054260 0.022905 0.419245 0.503589
0.056048 0.023901 0.418199 0.501852
0.055681 0.023756 0.418950 0.501613
0.054605 0.023017 0.420626 0.501752
0.056020 0.023862 0.419329 0.500789
0.054539 0.023015 0.418774 0.503672
0.054022 0.022749 0.418803 0.504426
0.054517 0.023027 0.419364 0.503092
0.055594 0.023735 0.419137 0.501534
0.055022 0.023244 0.421293 0.500441
0.055262 0.023414 0.419810 0.501514
0.054425 0.022938 0.419113 0.503524
0.054468 0.023046 0.418856 0.503630
0.054024 0.022758 0.419883 0.503335
0.054905 0.023225 0.420827 0.501043
0.055190 0.023378 0.420503 0.500929
0.055815 0.023731 0.419331 0.501124
0.054924 0.023166 0.420783 0.501127
0.054304 0.022975 0.420291 0.502430
0.054383 0.022993 0.420312 0.502311
0.054923 0.023194 0.421481 0.500402
0.054434 0.022959 0.420267 0.502341
0.055154 0.023427 0.418751 0.502668
0.055861 0.023725 0.417923 0.502491
0.055471 0.023627 0.418069 0.502833
0.054588 0.023051 0.420387 0.501975
0.056205 0.023985 0.419218 0.500592
0.054517 0.023014 0.420102 0.502367
0.055423 0.023561 0.418707 0.502309
0.056229 0.024022 0.417500 0.502249
0.055442 0.023583 0.418824 0.502151
0.054662 0.023148 0.419861 0.502329
0.055112 0.023360 0.420770 0.500757
0.054686 0.022993 0.421603 0.500718
0.054681 0.022985 0.421148 0.501186
0.054626 0.023075 0.419287 0.503012
0.054346 0.022990 0.419248 0.503416
0.054521 0.023112 0.419494 0.502873
0.054869 0.023196 0.421332 0.500603
0.054956 0.023265 0.420375 0.501404
0.055562 0.023617 0.418384 0.502436
0.055224 0.023371 0.419197 0.502208
0.055513 0.023573 0.418663 0.502251
0.055847 0.023799 0.419454 0.500901
0.054858 0.023265 0.419922 0.501955
0.054931 0.023258 0.420293 0.501519
0.055743 0.023706 0.418630 0.501921
0.053814 0.022635 0.419940 0.503611
0.054224 0.022804 0.419470 0.503502
0.055442 0.023566 0.418397 0.502595
0.054833 0.023320 0.419011 0.502836
0.055297 0.023501 0.419400 0.501802
0.056047 0.023818 0.419403 0.500732
0.055856 0.023784 0.418559 0.501801
0.054364 0.022981 0.418831 0.503823
0.055173 0.023351 0.419743 0.501733
0.054508 0.023057 0.420186 0.502249
0.054730 0.023083 0.420463 0.501724
0.055901 0.023838 0.418279 0.501982
0.054381 0.022934 0.419563 0.503122
0.055649 0.023700 0.418814 0.501836
0.054707 0.023184 0.420319 0.501790
0.054981 0.023282 0.420445 0.501291
0.055756 0.023629 0.420584 0.500030
0.054505 0.022961 0.420544 0.501989
0.054212 0.022808 0.420235 0.502745
0.053948 0.022773 0.419409 0.503869
0.054491 0.023159 0.418730 0.503620
0.056281 0.023941 0.420201 0.499576
0.056322 0.023995 0.419201 0.500482
0.056046 0.023868 0.418389 0.501697
0.055762 0.023673 0.419909 0.500655
0.054253 0.022850 0.420283 0.502614
0.054588 0.023038 0.420348 0.502026
0.055022 0.023335 0.420075 0.501568
0.054959 0.023345 0.419913 0.501783
0.054817 0.023229 0.418995 0.502958
0.054384 0.022899 0.419651 0.503065
0.055601 0.023633 0.418674 0.502091
0.055486 0.023621 0.418953 0.501940
0.055078 0.023361 0.420359 0.501203
0.054959 0.023224 0.420776 0.501041
0.055818 0.023779 0.418450 0.501954
0.054445 0.022909 0.419455 0.503192
0.056354 0.024056 0.418888 0.500703
0.055516 0.023651 0.418347 0.502486
0.054828 0.023252 0.420490 0.501430
0.055074 0.023314 0.420624 0.500988
0.054607 0.022986 0.420208 0.502200
0.055011 0.023177 0.420841 0.500972
0.055244 0.023500 0.418255 0.503001
0.054388 0.022943 0.420273 0.502396
0.055773 0.023783 0.419154 0.501291
0.054753 0.023130 0.420992 0.501126
0.055431 0.023560 0.419308 0.501701
0.055646 0.023638 0.418736 0.501980
0.055754 0.023740 0.418790 0.501715
0.054592 0.023019 0.419969 0.502421
0.054294 0.022900 0.420002 0.502805
0.054636 0.023055 0.420563 0.501746
0.056374 0.024065 0.418542 0.501019
0.056285 0.024008 0.418894 0.500813
0.054950 0.023271 0.420174 0.501605
0.054306 0.022890 0.420848 0.501956
0.055267 0.023413 0.420670 0.500651
0.054875 0.023221 0.420151 0.501753
0.054818 0.023196 0.420190 0.501796
0.055475 0.023573 0.419035 0.501917
0.054255 0.022873 0.419981 0.502891
0.054518 0.023028 0.420053 0.502402
0.056110 0.023881 0.419723 0.500286
0.054867 0.023179 0.419910 0.502044
0.055579 0.023621 0.419162 0.501638
0.055808 0.023722 0.419313 0.501156
0.055561 0.023638 0.417740 0.503061
0.054786 0.023208 0.420048 0.501958
0.054830 0.023246 0.420468 0.501456
0.054817 0.023141 0.421263 0.500779
0.054422 0.022876 0.420797 0.501906
0.054536 0.022974 0.420489 0.502001
0.055919 0.023798 0.418368 0.501915
0.055054 0.023400 0.419380 0.502166
0.055041 0.023324 0.420494 0.501140
0.056351 0.024009 0.419472 0.500169
0.054616 0.023033 0.419690 0.502661
0.055462 0.023526 0.418516 0.502496
0.053947 0.022649 0.418916 0.504489
0.054505 0.023001 0.420571 0.501923
0.056186 0.023997 0.419180 0.500636
0.054914 0.023208 0.420208 0.501670
0.054788 0.023140 0.419468 0.502605
0.055179 0.023435 0.418753 0.502633
0.054076 0.022768 0.419948 0.503207
0.054240 0.022878 0.419973 0.502908
0.055184 0.023467 0.419793 0.501557
0.056211 0.023961 0.418792 0.501036
0.055443 0.023494 0.419423 0.501639
0.054319 0.022904 0.420049 0.502729
0.053966 0.022818 0.418782 0.504434
0.054196 0.022797 0.420214 0.502792
0.056142 0.023900 0.419257 0.500701
0.056447 0.024145 0.418759 0.500649
0.055635 0.023650 0.418851 0.501864
0.054555 0.023079 0.420007 0.502359
0.054191 0.022824 0.420449 0.502535
0.054581 0.023049 0.421178 0.501192
0.055155 0.023437 0.419983 0.501425
0.055725 0.023604 0.420401 0.500271
0.054177 0.022776 0.420781 0.502266
0.055405 0.023510 0.419230 0.501854
0.055255 0.023554 0.418037 0.503155
0.054792 0.023208 0.419820 0.502180
0.056166 0.023976 0.419207 0.500651
0.055942 0.023746 0.419949 0.500363
0.055082 0.023325 0.419820 0.501773
0.054463 0.022938 0.419623 0.502976
0.054931 0.023310 0.418779 0.502981
0.054695 0.023196 0.419358 0.502750
0.056340 0.024032 0.419548 0.500080
0.056080 0.023830 0.419789 0.500301
0.054744 0.023076 0.420482 0.501698
0.054445 0.022934 0.419612 0.503009
0.054405 0.023010 0.419628 0.502957
0.054326 0.023024 0.419057 0.503594
0.054981 0.023252 0.420493 0.501273
0.056222 0.023884 0.420073 0.499820
0.054966 0.023209 0.420310 0.501515
0.054267 0.022854 0.419592 0.503287
0.055976 0.023785 0.418894 0.501345
0.055599 0.023711 0.418582 0.502108
0.054841 0.023261 0.419721 0.502177
0.055258 0.023395 0.420530 0.500818
0.055081 0.023258 0.420517 0.501144
0.055766 0.023655 0.417806 0.502773
0.055758 0.023639 0.418084 0.502519
0.054165 0.022826 0.419352 0.503657
0.055814 0.023827 0.419054 0.501305
0.055349 0.023465 0.420123 0.501063
0.054606 0.023055 0.418933 0.503406
0.054746 0.023045 0.418688 0.503520
0.053910 0.022711 0.417111 0.506268
0.053331 0.022383 0.418922 0.505364
0.054977 0.023252 0.420457 0.501314
0.056170 0.023952 0.419508 0.500371
0.055823 0.023714 0.419922 0.500541
0.054242 0.022845 0.418262 0.504652
0.054160 0.022812 0.419396 0.503633
0.055398 0.023606 0.418921 0.502075
0.054549 0.023119 0.419893 0.502439
0.055128 0.023330 0.420358 0.501184
0.056244 0.023905 0.419581 0.500271
0.055632 0.023550 0.420555 0.500263
0.054826 0.023272 0.418868 0.503034
0.054457 0.023054 0.420346 0.502142
0.054470 0.023077 0.419865 0.502588
0.054571 0.023009 0.421046 0.501374
0.056047 0.023867 0.417725 0.502361
0.054449 0.022915 0.419496 0.503140
0.055396 0.023479 0.417747 0.503378
0.055281 0.023542 0.419172 0.502005
0.055531 0.023536 0.420480 0.500453
0.055038 0.023301 0.419958 0.501702
0.054347 0.022839 0.420868 0.501946
0.055136 0.023339 0.419393 0.502132
0.055534 0.023688 0.417512 0.503266
0.054360 0.022945 0.420309 0.502386
0.054881 0.023342 0.419669 0.502107
0.054495 0.022913 0.419681 0.502911
0.054139 0.022753 0.419457 0.503651
0.054296 0.022770 0.420210 0.502725
0.055206 0.023405 0.418615 0.502775
0.054451 0.023072 0.419807 0.502670
0.054866 0.023262 0.420299 0.501572
0.055221 0.023393 0.420524 0.500862
0.054260 0.022902 0.419310 0.503528
0.055549 0.023494 0.419996 0.500961
0.055670 0.023700 0.417452 0.503178
0.054347 0.022926 0.419916 0.502811
0.055863 0.023820 0.419183 0.501134
0.055106 0.023341 0.420263 0.501290
0.054948 0.023221 0.420295 0.501535
0.054802 0.023118 0.420282 0.501798
0.054189 0.022830 0.419809 0.503172
0.053664 0.022538 0.420021 0.503777
0.054583 0.023125 0.419884 0.502408
0.055941 0.023877 0.418648 0.501534
0.056051 0.023896 0.418458 0.501595
0.055503 0.023642 0.418170 0.502685
0.055879 0.023799 0.419133 0.501190
0.055889 0.023834 0.419029 0.501248
0.054755 0.023159 0.420481 0.501605
0.054997 0.023286 0.419832 0.501886
0.056373 0.024109 0.417965 0.501554
0.055930 0.023817 0.419352 0.500902
0.054220 0.022838 0.420602 0.502340
0.054816 0.023220 0.420178 0.501787
0.055318 0.023498 0.420135 0.501050
0.055559 0.023598 0.419594 0.501248
0.055578 0.023644 0.418625 0.502152
0.056042 0.023862 0.418249 0.501846
0.054210 0.022816 0.420383 0.502591
0.055582 0.023646 0.419782 0.500990
0.056254 0.024072 0.418619 0.501056
0.054796 0.023207 0.419750 0.502248
0.055896 0.023763 0.419538 0.500803
0.055184 0.023427 0.418130 0.503259
0.054693 0.023097 0.420299 0.501910
0.055517 0.023669 0.418598 0.502216
0.055073 0.023291 0.421323 0.500313
0.056365 0.024019 0.419496 0.500120
0.054294 0.022834 0.419928 0.502944
0.056049 0.023837 0.418988 0.501126
0.055430 0.023590 0.417907 0.503073
0.054492 0.023051 0.419740 0.502717
0.056129 0.023951 0.418759 0.501161
0.055267 0.023418 0.420524 0.500791
0.055715 0.023682 0.419398 0.501204
0.055339 0.023419 0.419594 0.501649
0.054813 0.023141 0.419944 0.502102
0.054121 0.022750 0.420327 0.502802
0.054347 0.022946 0.420854 0.501853
0.055040 0.023335 0.420400 0.501225
0.054423 0.023019 0.419595 0.502964
0.055280 0.023417 0.420050 0.501253
0.055412 0.023664 0.417261 0.503662
0.053743 0.022541 0.419995 0.503720
0.056169 0.023932 0.419268 0.500630
0.055901 0.023902 0.418081 0.502116
0.054854 0.023227 0.419375 0.502544
0.055314 0.023491 0.419219 0.501976
0.055878 0.023857 0.418505 0.501760
0.055815 0.023806 0.419139 0.501240
0.054964 0.023289 0.420334 0.501414
0.055924 0.023810 0.419641 0.500625
0.056089 0.023843 0.419388 0.500679
0.054153 0.022887 0.418956 0.504003
0.054655 0.023113 0.420395 0.501837
0.055704 0.023688 0.420242 0.500366
0.055145 0.023306 0.421407 0.500142
0.055879 0.023745 0.419731 0.500645
0.055134 0.023278 0.420442 0.501146
0.055201 0.023432 0.418732 0.502634
0.054432 0.023011 0.420001 0.502556
0.054949 0.023271 0.420565 0.501215
0.055146 0.023319 0.420987 0.500548
0.055746 0.023621 0.420549 0.500084
0.054713 0.023075 0.420009 0.502203
0.054283 0.022864 0.419732 0.503122
0.055699 0.023694 0.419111 0.501496
0.055734 0.023784 0.418973 0.501508
0.055033 0.023341 0.420015 0.501612
0.054740 0.023104 0.420392 0.501764
0.056004 0.023793 0.419552 0.500651
0.055140 0.023421 0.418533 0.502905
0.054609 0.023060 0.419801 0.502531
0.055397 0.023590 0.419005 0.502008
0.056143 0.023901 0.418930 0.501026
0.056215 0.023950 0.419123 0.500712
0.054598 0.023038 0.420030 0.502334
0.055904 0.023776 0.418693 0.501626
0.054222 0.022845 0.419448 0.503486
0.054810 0.023152 0.420482 0.501555
0.056133 0.023982 0.419263 0.500623
0.054674 0.023024 0.421697 0.500606
0.054427 0.023046 0.419100 0.503428
0.054595 0.023029 0.419690 0.502687
0.055398 0.023585 0.417879 0.503138
0.054133 0.022798 0.419914 0.503155
0.054736 0.023076 0.420996 0.501192
0.054947 0.023261 0.419937 0.501855
0.055415 0.023570 0.419245 0.501770
0.055606 0.023682 0.419178 0.501535
0.054531 0.023085 0.420681 0.501703
0.054483 0.023076 0.421045 0.501397
0.054423 0.023050 0.420332 0.502195
0.054942 0.023180 0.421580 0.500298
0.055610 0.023703 0.418640 0.502048
0.055675 0.023682 0.419336 0.501307
0.055117 0.023387 0.418843 0.502652
0.054511 0.022979 0.421387 0.501123
0.056195 0.023981 0.419427 0.500397
0.055839 0.023910 0.419618 0.500633
0.055713 0.023750 0.419101 0.501436
0.054803 0.023219 0.419671 0.502307
0.055621 0.023695 0.418385 0.502299
0.055698 0.023750 0.418699 0.501853
0.056439 0.024092 0.419390 0.500078
0.055723 0.023707 0.419739 0.500832
0.054807 0.023118 0.420456 0.501619
0.055718 0.023746 0.418389 0.502146
0.054526 0.022993 0.419661 0.502820
0.055766 0.023791 0.419302 0.501141
0.054939 0.023303 0.420440 0.501318
0.055116 0.023343 0.420958 0.500583
0.054753 0.023094 0.420051 0.502102
0.055948 0.023827 0.419259 0.500966
0.054351 0.022892 0.420142 0.502615
0.054229 0.022867 0.420376 0.502529
0.055011 0.023334 0.420285 0.501370
0.054833 0.023217 0.420288 0.501662
0.055084 0.023269 0.420598 0.501048
0.054822 0.023221 0.419620 0.502337
0.055031 0.023320 0.419673 0.501976
0.055655 0.023665 0.419038 0.501642
0.054810 0.023257 0.420148 0.501784
0.055001 0.023298 0.420370 0.501330
0.054669 0.023065 0.420456 0.501809
0.054889 0.023175 0.419511 0.502425
0.055697 0.023708 0.418370 0.502225
0.054004 0.022668 0.419837 0.503491
0.054853 0.023200 0.420700 0.501246
0.054569 0.023045 0.420038 0.502348
0.054414 0.022890 0.420177 0.502519
0.056022 0.023903 0.418084 0.501992
0.055756 0.023796 0.418514 0.501934
0.054458 0.023065 0.420200 0.502277
0.055105 0.023316 0.420866 0.500713
0.056042 0.023823 0.419765 0.500369
0.055080 0.023380 0.418232 0.503308
0.055596 0.023673 0.418651 0.502079
0.054024 0.022746 0.420577 0.502653
0.054646 0.023142 0.420305 0.501907
0.055395 0.023563 0.419987 0.501054
0.055908 0.023760 0.420009 0.500324
0.055681 0.023588 0.420175 0.500557
0.055108 0.023406 0.419246 0.502240
0.054340 0.022960 0.420242 0.502459
0.054365 0.023028 0.419678 0.502929
0.055126 0.023374 0.420425 0.501075
0.055957 0.023759 0.419815 0.500469
0.054596 0.022972 0.419469 0.502963
0.055304 0.023478 0.418727 0.502491
0.055754 0.023728 0.418340 0.502178
0.055696 0.023746 0.418884 0.501674
0.054947 0.023309 0.419700 0.502044
0.054985 0.023282 0.419839 0.501895
0.056266 0.023903 0.419232 0.500599
0.055820 0.023691 0.419438 0.501050
0.054576 0.023047 0.419410 0.502967
0.054678 0.023151 0.419978 0.502193
0.054979 0.023326 0.419752 0.501943
0.054602 0.022973 0.420656 0.501770
0.054955 0.023188 0.419727 0.502129
0.054246 0.022859 0.419037 0.503858
0.054608 0.023017 0.420159 0.502216
0.053963 0.022733 0.419671 0.503633
0.055076 0.023298 0.421105 0.500521
0.056033 0.023903 0.418186 0.501878
0.054989 0.023224 0.420832 0.500955
0.054326 0.022903 0.419125 0.503645
0.054293 0.022872 0.420768 0.502068
0.054297 0.022769 0.421260 0.501675
0.054848 0.023239 0.419632 0.502281
0.054865 0.023174 0.420320 0.501640
0.054713 0.023095 0.420364 0.501828
0.054572 0.023068 0.418803 0.503557
0.054492 0.023059 0.418588 0.503861
0.054730 0.023170 0.420260 0.501840
0.056284 0.023998 0.419137 0.500581
0.054288 0.022840 0.420773 0.502099
0.054796 0.023056 0.419937 0.502211
0.074039 0.031562 0.415101 0.479297
0.053853 0.022767 0.419307 0.504072
0.054113 0.022898 0.419497 0.503492
0.055196 0.023563 0.418749 0.502492
0.054622 0.023073 0.419833 0.502472
0.069018 0.030334 0.419435 0.481213
0.055147 0.023310 0.416139 0.505404
0.053468 0.022448 0.418924 0.505160
0.054215 0.022843 0.420359 0.502583
0.055782 0.023793 0.419316 0.501109
0.055258 0.023489 0.419537 0.501716
0.056242 0.023969 0.418600 0.501189
0.054163 0.022812 0.419679 0.503347
0.053741 0.022593 0.418914 0.504752
0.054319 0.022954 0.419613 0.503113
0.055341 0.023478 0.420245 0.500936
0.056257 0.023905 0.419962 0.499876
0.055604 0.023532 0.420193 0.500671
0.054304 0.022827 0.419281 0.503588
0.054743 0.023106 0.419681 0.502470
0.054608 0.023139 0.420129 0.502124
0.054705 0.023128 0.420889 0.501278
0.054854 0.023088 0.421450 0.500609
0.054964 0.023219 0.420633 0.501183
0.054856 0.023211 0.419354 0.502579
0.054855 0.023209 0.418872 0.503065
0.054056 0.022796 0.419856 0.503292
0.054414 0.022979 0.420093 0.502513
0.056231 0.023906 0.420076 0.499787
0.054908 0.023198 0.420253 0.501642
0.055650 0.023648 0.418769 0.501933
0.054749 0.023191 0.418535 0.503525
0.054291 0.022908 0.419898 0.502904
0.054885 0.023229 0.420856 0.501029
0.054736 0.023039 0.421315 0.500910
0.054348 0.022844 0.420983 0.501826
0.054950 0.023268 0.419668 0.502114
0.055509 0.023682 0.418134 0.502675
0.054024 0.022867 0.420013 0.503096
0.054770 0.023186 0.420274 0.501770
0.055723 0.023719 0.419220 0.501339
0.054946 0.023245 0.419906 0.501903
0.055524 0.023636 0.417734 0.503107
0.055506 0.023549 0.418832 0.502113
0.055840 0.023829 0.419037 0.501294
0.055130 0.023369 0.420454 0.501047
0.054647 0.023012 0.420990 0.501351
0.054864 0.023211 0.419988 0.501937
0.054868 0.023180 0.419346 0.502606
0.054016 0.022768 0.419658 0.503558
0.054597 0.023118 0.419846 0.502439
0.056139 0.023975 0.419355 0.500532
0.054760 0.023093 0.420739 0.501407
0.054332 0.022905 0.419614 0.503149
0.054977 0.023246 0.419226 0.502552
0.055370 0.023582 0.418539 0.502509
0.054314 0.022999 0.419843 0.502844
0.054900 0.023261 0.420584 0.501256
0.054485 0.022969 0.420366 0.502179
0.055925 0.023755 0.419229 0.501091
0.055982 0.023908 0.416789 0.503322
0.053857 0.022587 0.419767 0.503789
0.054720 0.023186 0.420336 0.501758
0.055076 0.023460 0.419323 0.502141
0.054780 0.023130 0.420673 0.501417
0.054270 0.022817 0.419174 0.503739
0.055862 0.023706 0.418556 0.501876
0.055610 0.023659 0.418560 0.502171
0.054019 0.022798 0.419568 0.503615
0.054792 0.023170 0.420433 0.501605
0.056239 0.023985 0.418681 0.501094
0.054680 0.023147 0.418922 0.503251
0.055048 0.023283 0.417898 0.503771
0.054016 0.022763 0.418393 0.504828
0.054193 0.022747 0.420083 0.502978
0.056061 0.023894 0.419192 0.500853
0.054821 0.023179 0.420064 0.501936
0.054382 0.022943 0.419930 0.502745
0.054650 0.023090 0.419286 0.502974
0.055464 0.023580 0.417788 0.503169
0.054732 0.023239 0.419641 0.502388
0.054962 0.023285 0.420729 0.501024
0.054886 0.023111 0.421437 0.500566
0.054411 0.022936 0.420049 0.502604
0.054338 0.022875 0.419420 0.503367
0.055379 0.023552 0.417914 0.503155
0.054404 0.023129 0.418594 0.503874
0.055002 0.023316 0.420420 0.501262
0.056298 0.023925 0.420109 0.499667
0.054881 0.023167 0.420403 0.501550
0.055129 0.023308 0.419523 0.502040
0.054900 0.023297 0.417920 0.503884
0.054598 0.023118 0.420404 0.501880
0.055793 0.023806 0.419268 0.501133
0.055231 0.023399 0.420273 0.501098
0.056077 0.023898 0.418322 0.501704
0.054959 0.023254 0.418497 0.503290
0.055251 0.023432 0.418403 0.502914
0.054719 0.023175 0.419978 0.502128
0.055285 0.023460 0.419825 0.501430
0.054632 0.023000 0.420569 0.501799
0.055806 0.023630 0.419841 0.500722
0.055922 0.023805 0.417767 0.502507
0.054325 0.022947 0.419319 0.503409
0.054499 0.023079 0.419706 0.502717
0.054939 0.023259 0.420716 0.501086
0.054971 0.023282 0.420026 0.501720
0.055159 0.023328 0.419363 0.502149
0.055459 0.023407 0.418046 0.503088
0.055253 0.023411 0.418487 0.502850
0.054356 0.022951 0.420444 0.502249
0.054995 0.023339 0.420094 0.501573
0.054741 0.023113 0.420881 0.501265
0.054737 0.023105 0.419538 0.502620
0.054343 0.022937 0.418023 0.504697
0.054341 0.022962 0.419815 0.502882
0.054089 0.022818 0.419475 0.503619
0.054643 0.023068 0.420881 0.501408
0.055306 0.023436 0.419843 0.501415
0.055607 0.023695 0.418160 0.502538
0.055539 0.023587 0.418712 0.502162
0.054992 0.023367 0.417964 0.503677
0.054783 0.023189 0.420287 0.501741
0.055681 0.023754 0.418459 0.502107
0.054936 0.023239 0.420149 0.501676
0.055737 0.023748 0.418210 0.502305
0.054842 0.023187 0.419628 0.502344
0.055528 0.023632 0.417982 0.502857
0.054673 0.023085 0.420959 0.501283
0.054881 0.023253 0.420226 0.501640
0.055044 0.023294 0.420712 0.500950
0.054448 0.023022 0.419456 0.503074
0.054265 0.022724 0.420932 0.502078
0.055507 0.023557 0.419013 0.501923
0.054279 0.022903 0.421395 0.501423
0.054967 0.023281 0.420906 0.500846
0.055113 0.023329 0.420659 0.500899
0.054973 0.023246 0.420180 0.501601
0.054654 0.023011 0.420820 0.501515
0.054111 0.022722 0.420320 0.502847
0.054433 0.023058 0.420131 0.502377
0.054925 0.023219 0.421128 0.500727
0.056007 0.023802 0.419408 0.500784
0.055051 0.023237 0.420436 0.501277
0.054766 0.023157 0.418864 0.503213
0.055610 0.023637 0.418320 0.502434
0.056125 0.023924 0.418807 0.501144
0.056258 0.024003 0.419119 0.500621
0.054874 0.023165 0.420425 0.501536
0.054735 0.023111 0.420007 0.502146
0.054404 0.022900 0.420210 0.502485
0.054472 0.022956 0.419857 0.502715
0.054508 0.023089 0.419131 0.503272
0.055009 0.023392 0.419434 0.502164
0.054516 0.023011 0.420253 0.502220
0.054719 0.023047 0.420256 0.501978
0.054335 0.022925 0.419527 0.503212
0.054226 0.022844 0.419822 0.503108
0.055206 0.023426 0.417997 0.503370
0.054815 0.023279 0.419291 0.502615
0.054381 0.022932 0.420475 0.502212
0.056336 0.023954 0.419809 0.499901
0.056182 0.023967 0.418549 0.501303
0.054539 0.023069 0.420108 0.502284
0.054244 0.022885 0.420343 0.502527
0.054840 0.023240 0.420266 0.501655
0.055240 0.023474 0.419809 0.501477
0.056253 0.023906 0.419644 0.500198
0.055566 0.023524 0.419207 0.501703
0.053986 0.022680 0.419961 0.503373
0.054268 0.022887 0.420689 0.502156
0.055220 0.023444 0.419793 0.501543
0.055323 0.023516 0.419430 0.501732
0.055786 0.023648 0.419837 0.500729
0.055181 0.023277 0.420190 0.501352
0.054166 0.022759 0.419928 0.503147
0.054501 0.023075 0.419604 0.502819
0.055156 0.023423 0.420005 0.501416
0.055030 0.023267 0.420051 0.501652
0.054682 0.023085 0.419857 0.502376
0.054507 0.022965 0.419107 0.503421
0.055242 0.023335 0.418898 0.502525
0.054728 0.023174 0.419950 0.502149
0.055036 0.023361 0.419854 0.501749
0.054622 0.023067 0.420117 0.502193
0.054318 0.022816 0.420209 0.502656
0.055437 0.023477 0.418485 0.502601
0.055650 0.023654 0.418657 0.502038
0.054458 0.023056 0.419762 0.502724
0.055028 0.023348 0.420066 0.501558
0.056029 0.023879 0.418690 0.501402
0.054776 0.023109 0.420401 0.501714
0.055980 0.023774 0.418294 0.501952
0.055340 0.023465 0.418849 0.502347
0.054597 0.023047 0.419791 0.502565
0.055555 0.023678 0.419172 0.501595
0.055167 0.023390 0.420454 0.500989
0.054946 0.023217 0.419577 0.502260
0.053823 0.022532 0.419081 0.504564
0.055309 0.023470 0.418565 0.502656
0.055316 0.023506 0.418667 0.502510
0.054840 0.023244 0.420134 0.501783
0.054898 0.023198 0.420870 0.501033
0.056118 0.023848 0.419506 0.500528
0.055339 0.023458 0.419498 0.501705
0.053910 0.022671 0.420069 0.503350
0.054394 0.022942 0.420758 0.501906
0.054867 0.023215 0.420420 0.501498
0.054650 0.022993 0.421708 0.500650
0.055312 0.023505 0.418792 0.502391
0.054918 0.023266 0.419830 0.501986
0.054390 0.022946 0.419940 0.502724
0.055383 0.023566 0.419014 0.502038
0.055090 0.023323 0.420726 0.500861
0.055920 0.023773 0.420046 0.500261
0.055311 0.023494 0.419389 0.501805
0.055429 0.023528 0.419672 0.501371
0.054495 0.023043 0.420510 0.501953
0.054289 0.022912 0.420581 0.502219
0.054964 0.023300 0.420263 0.501474
0.055126 0.023400 0.420048 0.501426
0.054866 0.023158 0.420034 0.501942
0.054913 0.023129 0.420539 0.501419
0.054401 0.022915 0.420502 0.502183
0.054460 0.023000 0.419873 0.502666
0.056335 0.024072 0.418688 0.500905
0.055098 0.023361 0.419738 0.501803
0.054421 0.022937 0.420244 0.502399
0.054722 0.023133 0.419644 0.502501
0.054738 0.023195 0.418770 0.503298
0.054973 0.023273 0.420561 0.501193
0.054605 0.023061 0.420251 0.502083
0.054217 0.022840 0.420252 0.502691
0.054654 0.023063 0.420114 0.502170
0.055643 0.023646 0.418970 0.501742
0.054491 0.023194 0.418178 0.504137
0.054133 0.022825 0.419766 0.503276
0.056041 0.023836 0.419762 0.500361
0.055814 0.023793 0.418723 0.501670
0.055080 0.023332 0.419387 0.502201
0.055570 0.023582 0.418499 0.502349
0.054539 0.023004 0.419451 0.503006
0.054467 0.022962 0.420180 0.502391
0.054877 0.023154 0.421458 0.500511
0.055120 0.023277 0.421358 0.500244
0.054805 0.023113 0.420546 0.501536
0.054231 0.022785 0.420830 0.502155
0.054466 0.023070 0.419792 0.502672
0.054182 0.022965 0.419215 0.503639
0.054922 0.023264 0.420871 0.500943
0.056140 0.023857 0.420061 0.499942
0.055429 0.023543 0.418338 0.502690
0.054498 0.022979 0.418739 0.503784
0.055435 0.023525 0.418132 0.502909
0.055660 0.023738 0.419196 0.501406
0.054681 0.023109 0.420034 0.502176
0.055158 0.023370 0.420258 0.501214
0.055310 0.023494 0.418988 0.502207
0.055382 0.023519 0.418981 0.502118
0.054140 0.022809 0.419274 0.503777
0.054241 0.022943 0.420135 0.502680
0.054764 0.023217 0.420072 0.501947
0.055855 0.023708 0.419969 0.500468
0.056210 0.023951 0.418218 0.501622
0.055982 0.023846 0.417806 0.502367
0.054061 0.022773 0.419068 0.504098
0.054514 0.023067 0.419929 0.502491
0.055027 0.023283 0.420101 0.501590
0.054920 0.023121 0.420630 0.501329
0.054845 0.023197 0.418845 0.503113
0.055479 0.023522 0.418654 0.502345
0.055586 0.023619 0.418519 0.502276
0.054749 0.023202 0.419615 0.502435
0.055097 0.023393 0.420058 0.501451
0.054821 0.023157 0.420606 0.501416
0.054892 0.023209 0.419957 0.501942
0.053765 0.022472 0.419663 0.504100
0.054725 0.023031 0.419689 0.502555
0.055351 0.023577 0.417230 0.503842
0.054607 0.023103 0.420259 0.502030
0.055273 0.023454 0.420349 0.500924
0.054936 0.023169 0.420724 0.501171
0.054475 0.022941 0.418984 0.503600
0.054450 0.022944 0.418824 0.503782
0.053986 0.022735 0.419536 0.503743
0.054590 0.023098 0.420141 0.502171
0.054994 0.023241 0.421052 0.500713
0.054663 0.023131 0.419978 0.502229
0.054876 0.023143 0.419935 0.502046
0.055129 0.023370 0.418231 0.503270
0.054895 0.023227 0.420503 0.501375
0.056022 0.023886 0.419563 0.500530
0.054837 0.023140 0.420946 0.501077
0.054691 0.023127 0.419974 0.502208
0.054464 0.022965 0.419954 0.502616
0.055520 0.023583 0.419796 0.501101
0.054057 0.022829 0.420468 0.502646
0.055004 0.023306 0.420833 0.500857
0.056056 0.023949 0.417838 0.502158
0.055371 0.023523 0.419570 0.501537
0.055508 0.023572 0.419244 0.501676
0.055360 0.023573 0.417996 0.503071
0.054801 0.023218 0.419793 0.502188
0.056124 0.023954 0.418870 0.501052
0.056273 0.023921 0.419752 0.500053
0.054883 0.023236 0.418872 0.503009
0.054791 0.023157 0.419543 0.502508
0.054867 0.023199 0.420162 0.501772
0.054648 0.023082 0.421376 0.500893
0.054653 0.023162 0.419860 0.502325
0.054831 0.023163 0.419947 0.502059
0.056278 0.023969 0.419041 0.500712
0.055470 0.023550 0.419048 0.501932
0.054396 0.022943 0.420459 0.502201
0.054227 0.022844 0.420358 0.502572
0.054721 0.023149 0.420108 0.502022
0.055804 0.023786 0.418810 0.501601
0.055705 0.023666 0.418538 0.502091
0.054419 0.022968 0.418734 0.503879
0.054506 0.022908 0.419274 0.503312
0.055218 0.023323 0.419747 0.501712
0.054881 0.023289 0.419759 0.502071
0.054802 0.023255 0.418965 0.502979
0.054773 0.023178 0.419668 0.502382
0.055184 0.023414 0.418307 0.503095
0.055719 0.023680 0.417494 0.503107
0.055371 0.023424 0.418755 0.502451
0.054852 0.023215 0.420081 0.501851
0.055884 0.023770 0.420064 0.500282
0.054255 0.022814 0.420841 0.502090
0.054832 0.023186 0.420124 0.501858
0.055945 0.023876 0.418945 0.501235
0.054588 0.023112 0.420227 0.502073
0.054370 0.023012 0.419564 0.503054
0.054804 0.023052 0.421326 0.500818
0.055853 0.023803 0.418422 0.501922
0.055190 0.023328 0.419774 0.501708
0.055876 0.023802 0.418542 0.501780
0.054891 0.023256 0.419988 0.501865
0.056049 0.023906 0.419530 0.500515
0.054857 0.023121 0.421428 0.500593
0.055146 0.023355 0.420117 0.501383
0.054743 0.023134 0.418608 0.503515
0.053560 0.022391 0.419388 0.504661
0.054441 0.023036 0.419930 0.502593
0.055050 0.023433 0.418832 0.502685
0.055307 0.023401 0.420332 0.500960
0.054968 0.023216 0.419938 0.501879
0.055605 0.023548 0.419392 0.501455
0.055312 0.023411 0.418103 0.503173
0.054157 0.022898 0.419682 0.503263
0.054955 0.023293 0.420049 0.501702
0.056205 0.023945 0.419157 0.500693
0.054579 0.023013 0.419694 0.502713
0.054244 0.022829 0.419089 0.503838
0.054282 0.022851 0.418751 0.504116
0.054604 0.023159 0.418945 0.503292
0.055139 0.023351 0.420552 0.500958
0.054821 0.023166 0.419855 0.502157
0.055035 0.023151 0.420571 0.501243
0.055613 0.023525 0.419046 0.501817
0.054489 0.023067 0.417800 0.504643
0.054417 0.022943 0.419575 0.503064
0.054349 0.023022 0.420077 0.502552
0.055276 0.023441 0.420236 0.501047
0.054746 0.023313 0.417224 0.504716
0.052310 0.021513 0.416505 0.509672
0.055648 0.023646 0.417958 0.502747
0.053783 0.022606 0.419889 0.503722
0.054675 0.023135 0.420112 0.502078
0.054803 0.023158 0.420737 0.501302
0.054126 0.022803 0.419085 0.503987
0.055751 0.023700 0.418739 0.501810
0.055626 0.023672 0.418233 0.502469
0.054508 0.023075 0.419599 0.502817
0.055079 0.023343 0.419617 0.501961
0.054848 0.023106 0.421153 0.500893
0.054943 0.023182 0.420587 0.501288
0.055586 0.023630 0.418450 0.502334
0.054387 0.022863 0.420075 0.502675
0.054347 0.022932 0.419873 0.502847
0.054786 0.023165 0.420110 0.501939
0.054736 0.023215 0.419895 0.502154
0.054983 0.023286 0.419726 0.502005
0.056262 0.023901 0.419066 0.500772
0.053750 0.022490 0.420167 0.503593
0.054217 0.022915 0.420120 0.502748
0.054921 0.023312 0.419875 0.501893
0.055185 0.023392 0.420484 0.500939
0.054780 0.023189 0.419223 0.502808
0.054477 0.022972 0.419812 0.502739
0.055419 0.023400 0.419122 0.502058
0.055395 0.023578 0.418817 0.502210
0.055289 0.023468 0.420298 0.500945
0.055959 0.023833 0.418619 0.501590
0.054632 0.023090 0.419063 0.503215
0.055282 0.023403 0.418872 0.502443
0.054380 0.022889 0.419116 0.503615
0.054666 0.023066 0.420877 0.501392
0.055803 0.023738 0.419517 0.500942
0.054996 0.023305 0.420074 0.501624
0.054803 0.023155 0.419973 0.502069
0.053897 0.022695 0.419442 0.503967
0.054783 0.023168 0.419223 0.502826
0.055219 0.023379 0.419409 0.501994
0.054918 0.023253 0.420759 0.501070
0.055811 0.023729 0.419548 0.500911
0.055038 0.023323 0.418815 0.502823
0.054341 0.022891 0.419937 0.502832
0.054056 0.022743 0.419488 0.503713
0.054333 0.022939 0.419738 0.502990
0.054921 0.023226 0.420724 0.501129
0.054436 0.022895 0.420992 0.501677
0.055748 0.023681 0.419753 0.500819
0.054791 0.023342 0.417090 0.504776
0.054647 0.023163 0.419886 0.502303
0.055090 0.023447 0.418890 0.502572
0.054546 0.023095 0.420171 0.502188
0.056280 0.023975 0.418853 0.500892
0.056016 0.023781 0.419067 0.501136
0.055661 0.023636 0.419763 0.500940
0.055228 0.023460 0.419382 0.501931
0.054780 0.023203 0.420304 0.501713
0.055000 0.023317 0.420837 0.500847
0.054680 0.023071 0.420635 0.501614
0.054304 0.022880 0.419777 0.503039
0.054520 0.023050 0.418967 0.503462
0.055742 0.023759 0.419098 0.501401
0.055812 0.023729 0.419220 0.501240
0.054993 0.023312 0.420049 0.501646
0.055086 0.023327 0.420334 0.501253
0.054923 0.023185 0.420873 0.501018
0.054474 0.022880 0.420876 0.501770
0.054039 0.022760 0.419540 0.503660
0.054543 0.023068 0.420025 0.502364
0.055708 0.023828 0.418643 0.501822
0.054816 0.023213 0.420610 0.501361
0.054792 0.023196 0.419785 0.502227
0.056251 0.023989 0.418788 0.500972
0.055532 0.023572 0.419491 0.501405
0.054212 0.022840 0.420944 0.502004
0.054716 0.023180 0.420496 0.501607
0.054633 0.023064 0.420304 0.501999
0.056285 0.023980 0.419236 0.500500
0.055342 0.023592 0.418077 0.502989
0.054441 0.022945 0.420325 0.502289
0.055988 0.023837 0.418836 0.501339
0.054954 0.023368 0.419648 0.502030
0.054862 0.023163 0.420650 0.501325
0.055351 0.023466 0.419624 0.501559
0.054966 0.023277 0.419796 0.501961
0.056052 0.023894 0.418609 0.501444
0.054700 0.023034 0.421348 0.500918
0.055046 0.023303 0.420791 0.500861
0.054973 0.023221 0.421426 0.500380
0.054716 0.023020 0.421264 0.501001
0.053955 0.022681 0.420605 0.502759
0.054244 0.022893 0.419320 0.503543
0.055613 0.023720 0.418309 0.502357
0.055127 0.023436 0.419797 0.501640
0.055653 0.023651 0.419824 0.500872
0.055438 0.023494 0.419689 0.501379
0.054878 0.023184 0.419177 0.502761
0.055882 0.023815 0.418886 0.501417
0.055384 0.023616 0.419081 0.501919
0.054621 0.023143 0.420599 0.501637
0.054693 0.023141 0.419819 0.502347
0.057213 0.024381 0.418508 0.499899
0.073605 0.031227 0.416069 0.479099
0.053644 0.022603 0.419063 0.504690
0.054300 0.022984 0.420213 0.502503
0.055422 0.023523 0.420540 0.500515
0.055815 0.023771 0.419047 0.501367
0.068158 0.029839 0.420223 0.481780
0.055078 0.023251 0.418011 0.503660
0.054469 0.023014 0.419780 0.502737
0.054361 0.022955 0.420420 0.502264
0.054852 0.023253 0.419789 0.502106
0.054985 0.023229 0.420590 0.501196
0.056471 0.024063 0.418670 0.500796
0.054440 0.023011 0.418083 0.504465
0.054857 0.023173 0.420030 0.501940
0.055492 0.023646 0.418841 0.502020
0.054854 0.023229 0.420005 0.501912
0.054785 0.023129 0.420230 0.501856
0.054669 0.023131 0.418235 0.503965
0.054735 0.023136 0.417980 0.504149
0.055330 0.023460 0.418501 0.502708
0.054314 0.022907 0.420249 0.502530
0.054882 0.023255 0.419483 0.502380
0.054674 0.023086 0.420503 0.501737
0.054964 0.023273 0.419336 0.502427
0.055194 0.023414 0.417838 0.503554
0.053936 0.022685 0.419529 0.503850
0.054090 0.022785 0.419521 0.503605
0.055089 0.023402 0.419697 0.501813
0.054176 0.022861 0.419904 0.503059
0.054809 0.023109 0.420652 0.501429
0.055608 0.023654 0.418243 0.502495
0.054317 0.022824 0.420973 0.501885
0.055576 0.023671 0.418948 0.501805
0.054637 0.023086 0.420621 0.501656
0.055030 0.023310 0.419880 0.501780
0.054719 0.023155 0.418999 0.503127
0.054480 0.022926 0.419608 0.502986
0.054525 0.023021 0.419022 0.503432
0.054357 0.023000 0.419442 0.503202
0.055119 0.023314 0.421154 0.500413
0.055092 0.023353 0.420029 0.501526
0.054270 0.022835 0.420024 0.502871
0.054894 0.023275 0.419129 0.502702
0.054938 0.023302 0.417977 0.503782
0.054400 0.022939 0.421125 0.501535
0.055192 0.023415 0.420371 0.501023
0.055073 0.023244 0.421111 0.500572
0.054897 0.023146 0.419710 0.502247
0.054559 0.022954 0.420246 0.502241
0.054398 0.022886 0.420300 0.502416
0.054211 0.022887 0.420044 0.502858
0.055190 0.023455 0.419805 0.501549
0.056148 0.023927 0.418732 0.501193
0.054474 0.022953 0.419720 0.502853
0.055181 0.023351 0.419947 0.501521
0.055938 0.023822 0.418357 0.501883
0.054794 0.023212 0.419861 0.502133
0.055133 0.023405 0.419759 0.501703
0.054678 0.023092 0.420022 0.502209
0.054794 0.023096 0.419619 0.502491
0.055445 0.023450 0.418433 0.502672
0.054792 0.023164 0.419246 0.502798
0.054217 0.022812 0.419968 0.503004
0.054889 0.023234 0.420257 0.501620
0.054877 0.023268 0.419716 0.502139
0.054181 0.022810 0.419837 0.503171
0.055671 0.023564 0.418895 0.501870
0.055096 0.023518 0.416705 0.504682
0.054976 0.023178 0.420265 0.501582
0.073818 0.031462 0.415004 0.479715
0.054756 0.023181 0.419642 0.502420
0.055936 0.023817 0.418199 0.502048
0.055220 0.023409 0.419397 0.501973
