0.022737 0.005169 0.395559 0.576536
0.032734 0.008330 0.458056 0.500880
0.036879 0.010235 0.448492 0.504393
0.017910 0.003743 0.357130 0.621217
0.019430 0.004133 0.378674 0.597763
0.017603 0.003669 0.366204 0.612523
0.030545 0.007205 0.450422 0.511828
0.029733 0.007101 0.417641 0.545525
0.031607 0.007982 0.445240 0.515172
0.024725 0.005563 0.414616 0.555096
0.030068 0.007133 0.423024 0.539775
0.016060 0.003431 0.338780 0.641729
0.027506 0.006411 0.442045 0.524037
0.023054 0.005301 0.393461 0.578185
0.020146 0.004302 0.368852 0.606700
0.018784 0.003970 0.365462 0.611784
0.016136 0.003366 0.339279 0.641218
0.036822 0.009799 0.460341 0.493037
0.024165 0.005432 0.406104 0.564298
0.031569 0.008022 0.441026 0.519383
0.033744 0.008551 0.456708 0.500997
0.028892 0.006831 0.432477 0.531800
0.016929 0.003592 0.354011 0.625468
0.028797 0.006834 0.433670 0.530699
0.028289 0.006752 0.430009 0.534950
0.030198 0.007183 0.440450 0.522169
0.041432 0.011540 0.474669 0.472359
0.007250 0.001837 0.150971 0.839942
0.039444 0.010960 0.459206 0.490390
0.038059 0.010506 0.462099 0.489336
0.022901 0.005088 0.400991 0.571020
0.030928 0.007362 0.452165 0.509546
0.015600 0.003210 0.334983 0.646207
0.030119 0.007425 0.445501 0.516955
0.024433 0.005528 0.408668 0.561372
0.028960 0.006905 0.441814 0.522321
0.019283 0.004040 0.413634 0.563042
0.026592 0.006001 0.397106 0.570302
0.015093 0.003209 0.334291 0.647407
0.027156 0.006451 0.425260 0.541133
0.037702 0.010572 0.444107 0.507620
0.017550 0.003681 0.355396 0.623372
0.016564 0.003514 0.341686 0.638236
0.016026 0.003415 0.344674 0.635885
0.025142 0.005695 0.391564 0.577599
0.019781 0.004256 0.365939 0.610025
0.015318 0.003168 0.329497 0.652016
0.028512 0.006666 0.436455 0.528367
0.038788 0.010705 0.452910 0.497597
0.039750 0.011035 0.454691 0.494523
0.028731 0.006698 0.436436 0.528135
0.024406 0.005562 0.403508 0.566524
0.029573 0.007022 0.445490 0.517915
0.028817 0.006846 0.432565 0.531772
0.029013 0.006890 0.433222 0.530875
0.029414 0.006995 0.437638 0.525953
0.029008 0.006900 0.433221 0.530871
0.028876 0.006875 0.432607 0.531642
0.028900 0.006881 0.432800 0.531419
0.026991 0.006420 0.421597 0.544992
0.030091 0.007155 0.450986 0.511768
0.029091 0.006917 0.432097 0.531894
0.016261 0.003439 0.338559 0.641741
0.029582 0.007027 0.439526 0.523865
0.030122 0.007189 0.442808 0.519881
0.029839 0.007104 0.442298 0.520758
0.024041 0.005486 0.402054 0.568418
0.023546 0.005348 0.412080 0.559027
0.029907 0.007129 0.439573 0.523391
0.009692 0.002570 0.175065 0.812673
0.014920 0.003081 0.329206 0.652793
0.022485 0.005077 0.394639 0.577798
0.027756 0.006611 0.427859 0.537774
0.029328 0.006979 0.433052 0.530641
0.013886 0.002879 0.317744 0.665492
0.019002 0.004020 0.379324 0.597654
0.027916 0.006742 0.424442 0.540900
0.014570 0.003160 0.307220 0.675051
0.029124 0.006853 0.434759 0.529264
0.018656 0.003959 0.377972 0.599413
0.028490 0.006697 0.427835 0.536978
0.036382 0.010122 0.441256 0.512240
0.027510 0.006586 0.431940 0.533965
0.028501 0.006732 0.432682 0.532085
0.014423 0.002972 0.319901 0.662704
0.019007 0.004020 0.369357 0.607616
0.027360 0.006525 0.424769 0.541345
0.022907 0.005148 0.404233 0.567712
0.039439 0.010958 0.457884 0.491720
0.013891 0.002816 0.311944 0.671350
0.031530 0.007694 0.449358 0.511418
0.023909 0.005382 0.390914 0.579794
0.030174 0.007270 0.438996 0.523560
0.025389 0.005750 0.422181 0.546681
0.027969 0.006645 0.438173 0.527213
0.029825 0.007102 0.446751 0.516322
0.035906 0.009129 0.478171 0.476794
0.016123 0.003374 0.338333 0.642171
0.028886 0.006803 0.440419 0.523892
0.024428 0.005532 0.405802 0.564237
0.031800 0.008103 0.441720 0.518377
0.027546 0.006516 0.435007 0.530932
0.039981 0.011128 0.483445 0.465446
0.016397 0.003471 0.337109 0.643023
0.020747 0.004357 0.394013 0.580883
0.020619 0.004376 0.373409 0.601596
0.019215 0.004040 0.373133 0.603612
0.024364 0.005545 0.401793 0.568298
0.023131 0.005334 0.398413 0.573122
0.024610 0.005632 0.415260 0.554498
0.035471 0.009304 0.453079 0.502145
0.015538 0.003245 0.329202 0.652015
0.016401 0.003437 0.343933 0.636229
0.026926 0.006384 0.424159 0.542531
0.017624 0.003730 0.355806 0.622840
0.038734 0.010762 0.451957 0.498547
0.011795 0.002521 0.283543 0.702141
0.028491 0.006766 0.433039 0.531703
0.028352 0.006738 0.431266 0.533644
0.016918 0.003589 0.349113 0.630380
0.010083 0.002684 0.183545 0.803688
0.009429 0.002496 0.174881 0.813194
0.029139 0.006865 0.439521 0.524475
0.029128 0.006932 0.431027 0.532913
0.038622 0.010779 0.451057 0.499542
0.022914 0.005104 0.402597 0.569385
0.028661 0.006830 0.431084 0.533425
0.034744 0.009316 0.444982 0.510958
0.017166 0.003650 0.353211 0.625973
0.029202 0.006882 0.435961 0.527954
0.017683 0.003730 0.353151 0.625436
0.031580 0.007795 0.446564 0.514061
0.024317 0.005508 0.402275 0.567900
0.029984 0.007136 0.443909 0.518971
0.033168 0.007992 0.482844 0.475996
0.028782 0.006795 0.430717 0.533705
0.029191 0.006902 0.438646 0.525261
0.023780 0.005393 0.402857 0.567970
0.029135 0.006932 0.433924 0.530008
0.028796 0.006847 0.433407 0.530950
0.008663 0.002293 0.167635 0.821409
0.036496 0.010131 0.445340 0.508033
0.038167 0.010586 0.453830 0.497417
0.014516 0.003076 0.320425 0.661983
0.018305 0.003874 0.369228 0.608593
0.008376 0.002184 0.161694 0.827745
0.033901 0.008481 0.464582 0.493035
0.041274 0.011478 0.476001 0.471247
0.038906 0.010813 0.449456 0.500825
0.023341 0.005202 0.394680 0.576777
0.029403 0.007085 0.451819 0.511693
0.022763 0.005146 0.396509 0.575583
0.031786 0.007842 0.439022 0.521350
0.018869 0.003868 0.378495 0.598768
0.014768 0.003051 0.334850 0.647332
0.028929 0.006826 0.432375 0.531870
0.030958 0.007422 0.457494 0.504126
0.016438 0.003482 0.352943 0.627137
0.040033 0.011078 0.470014 0.478875
0.038634 0.010653 0.458355 0.492358
0.013844 0.002836 0.325530 0.657790
0.037342 0.010360 0.448167 0.504131
0.029159 0.006772 0.448947 0.515122
0.018405 0.003897 0.384979 0.592719
0.017074 0.003635 0.346357 0.632934
0.039533 0.011033 0.467286 0.482149
0.015302 0.003160 0.334700 0.646838
0.007139 0.001843 0.147769 0.843249
0.015982 0.003350 0.342087 0.638580
0.027631 0.006556 0.425764 0.540049
0.015630 0.003331 0.337363 0.643675
0.033631 0.008356 0.459085 0.498929
0.015423 0.003252 0.335677 0.645648
0.015428 0.003278 0.332985 0.648308
0.030618 0.007388 0.452234 0.509761
0.019372 0.004082 0.371229 0.605318
0.018979 0.004052 0.354477 0.622491
0.038171 0.010235 0.463648 0.487947
0.029995 0.007197 0.434422 0.528386
0.027114 0.006409 0.422044 0.544433
0.024386 0.005510 0.402798 0.567306
0.022698 0.005161 0.384566 0.587575
0.016247 0.003539 0.324274 0.655940
0.025484 0.005800 0.399555 0.569161
0.017599 0.003765 0.344672 0.633965
0.030574 0.007444 0.445470 0.516511
0.024107 0.005421 0.404388 0.566084
0.029182 0.006950 0.435409 0.528459
0.028894 0.006864 0.431745 0.532497
0.040756 0.011354 0.475036 0.472854
0.029676 0.006925 0.448208 0.515190
0.038690 0.010364 0.472042 0.478903
0.029407 0.006993 0.439873 0.523727
0.028899 0.006815 0.439039 0.525247
0.025052 0.005682 0.402094 0.567173
0.040688 0.011345 0.471843 0.476124
0.027424 0.006405 0.434154 0.532018
0.036532 0.010175 0.444234 0.509059
0.023236 0.005166 0.416031 0.555567
0.019024 0.004049 0.371358 0.605569
0.018110 0.003807 0.362284 0.615799
0.020985 0.004459 0.399546 0.575010
0.031584 0.008060 0.436442 0.523914
0.040628 0.011350 0.485569 0.462453
0.029145 0.006780 0.439570 0.524505
0.014848 0.003136 0.320298 0.661718
0.018816 0.003899 0.386629 0.590657
0.029717 0.007134 0.433093 0.530056
0.015531 0.003293 0.332222 0.648955
0.040902 0.011317 0.481850 0.465931
0.022713 0.005121 0.391345 0.580820
0.019424 0.004180 0.371710 0.604686
0.028634 0.006749 0.426880 0.537736
0.015751 0.003373 0.340481 0.640395
0.024525 0.005551 0.411097 0.558827
0.010710 0.002857 0.189925 0.796507
0.014499 0.003065 0.320101 0.662336
0.033506 0.008490 0.453388 0.504616
0.023657 0.005373 0.409187 0.561783
0.019109 0.004072 0.367261 0.609558
0.029295 0.006957 0.434265 0.529483
0.020024 0.004254 0.418311 0.557411
0.027140 0.006437 0.423252 0.543171
0.030799 0.007364 0.447000 0.514837
0.029651 0.007054 0.431791 0.531504
0.013641 0.002883 0.307115 0.676360
0.028007 0.006587 0.435436 0.529971
0.023646 0.005374 0.398152 0.572828
0.016328 0.003484 0.342040 0.638148
0.032030 0.007965 0.449098 0.510907
0.031763 0.008016 0.449059 0.511162
0.017967 0.003790 0.350123 0.628120
0.036097 0.009140 0.479744 0.475019
0.015792 0.003313 0.335174 0.645721
0.024735 0.005602 0.417459 0.552203
0.025461 0.005846 0.409161 0.559532
0.021559 0.004803 0.377469 0.596169
0.038064 0.009614 0.506048 0.446273
0.029395 0.007031 0.444393 0.519181
0.008331 0.002183 0.164583 0.824902
0.029992 0.007074 0.456458 0.506476
0.009539 0.002526 0.180434 0.807500
0.016814 0.003548 0.341904 0.637734
0.039891 0.011018 0.467532 0.481558
0.007524 0.001668 0.195981 0.794828
0.031975 0.008122 0.442882 0.517021
0.028777 0.006829 0.429292 0.535102
0.016086 0.003429 0.337132 0.643354
0.013675 0.002857 0.316142 0.667327
0.028219 0.006664 0.423230 0.541887
0.021483 0.004677 0.376799 0.597042
0.018382 0.003900 0.366134 0.611584
0.030897 0.007491 0.450692 0.510921
0.033692 0.008483 0.458151 0.499673
0.029737 0.007038 0.437479 0.525747
0.033809 0.008629 0.448939 0.508623
0.025938 0.005893 0.435263 0.532905
0.024567 0.005629 0.407678 0.562126
0.027053 0.006442 0.420949 0.545557
0.020708 0.004557 0.383991 0.590743
0.029102 0.006857 0.433452 0.530589
0.016776 0.003527 0.337235 0.642461
0.041113 0.011420 0.482546 0.464921
0.022722 0.005160 0.397902 0.574216
0.029326 0.006979 0.434828 0.528867
0.039941 0.011128 0.445918 0.503013
0.018585 0.003919 0.354326 0.623170
0.029501 0.006990 0.437635 0.525875
0.029032 0.006879 0.437730 0.526359
0.023165 0.005247 0.400694 0.570895
0.030772 0.007308 0.462737 0.499183
0.029625 0.007049 0.424859 0.538467
0.020263 0.004255 0.369368 0.606114
0.029155 0.006823 0.420827 0.543195
0.039347 0.010804 0.469399 0.480450
0.028255 0.006585 0.436483 0.528677
0.027940 0.006607 0.432323 0.533130
0.027780 0.006619 0.430468 0.535133
0.032131 0.007900 0.459520 0.500448
0.030957 0.007574 0.440084 0.521385
0.017684 0.003704 0.362142 0.616470
0.027729 0.006482 0.436293 0.529496
0.031845 0.007787 0.459136 0.501233
0.025448 0.005632 0.414559 0.554360
0.020167 0.004316 0.368337 0.607179
0.031879 0.008003 0.457580 0.502538
0.024320 0.005478 0.408941 0.561261
0.027593 0.006564 0.427715 0.538128
0.015270 0.003237 0.343634 0.637858
0.027020 0.006403 0.422741 0.543836
0.015230 0.003231 0.331913 0.649626
0.019532 0.004142 0.389626 0.586700
0.014889 0.003163 0.326092 0.655856
0.016388 0.003601 0.337821 0.642190
0.028554 0.006811 0.436518 0.528117
0.014202 0.003011 0.320302 0.662485
0.025826 0.005876 0.428297 0.540001
0.018727 0.003998 0.368309 0.608966
0.013881 0.003037 0.310302 0.672781
0.010414 0.002776 0.190969 0.795841
0.039151 0.010935 0.474358 0.475556
0.014457 0.003023 0.323911 0.658609
0.031700 0.007799 0.451512 0.508989
0.015152 0.003145 0.333665 0.648038
0.017484 0.003713 0.350886 0.627917
0.029531 0.006998 0.429312 0.534159
0.016956 0.003600 0.349812 0.629632
0.035248 0.009390 0.453432 0.501930
0.025470 0.005676 0.404452 0.564403
0.024364 0.005332 0.399818 0.570486
0.016001 0.003297 0.339155 0.641547
0.039638 0.010919 0.464001 0.485442
0.024056 0.005335 0.402088 0.568521
0.036650 0.010199 0.440105 0.513045
0.029925 0.007071 0.452826 0.510178
0.023652 0.005399 0.404424 0.566526
0.015752 0.003343 0.334719 0.646187
0.036784 0.010202 0.448753 0.504262
0.014202 0.003039 0.311160 0.671599
0.010215 0.002717 0.183770 0.803298
0.016407 0.003443 0.341610 0.638541
0.031126 0.007894 0.442827 0.518154
0.027777 0.006583 0.437969 0.527671
0.036704 0.009840 0.454606 0.498850
0.017607 0.003677 0.358934 0.619783
0.017602 0.003672 0.372659 0.606067
0.028763 0.006781 0.434512 0.529943
0.035184 0.009009 0.459550 0.496256
0.034284 0.008682 0.455763 0.501271
0.027688 0.006552 0.431702 0.534059
0.024675 0.005587 0.406078 0.563659
0.022654 0.005150 0.379795 0.592401
0.016694 0.003575 0.346064 0.633667
0.029441 0.007033 0.432516 0.531009
0.019218 0.004047 0.368414 0.608321
0.014172 0.002895 0.329579 0.653354
0.038134 0.010605 0.463347 0.487914
0.040313 0.011185 0.470636 0.477866
0.031756 0.007703 0.456705 0.503836
0.015223 0.003069 0.330588 0.651120
0.029117 0.006903 0.435239 0.528742
0.028956 0.006931 0.430952 0.533160
0.026976 0.006400 0.419766 0.546858
0.032467 0.008218 0.459048 0.500266
0.027061 0.006394 0.423147 0.543398
0.018311 0.003892 0.353803 0.623994
0.018178 0.003804 0.365684 0.612334
0.017787 0.003783 0.351305 0.627125
0.030337 0.007167 0.450973 0.511523
0.029184 0.007006 0.426203 0.537607
0.027339 0.006506 0.419541 0.546614
0.033796 0.008545 0.457487 0.500172
0.038253 0.010573 0.449343 0.501831
0.011110 0.002271 0.269295 0.717324
0.025040 0.005703 0.400560 0.568697
0.036829 0.010328 0.438470 0.514373
0.024532 0.005554 0.407274 0.562641
0.025048 0.005737 0.392454 0.576761
0.016700 0.003569 0.344364 0.635367
0.026225 0.005927 0.450059 0.517789
0.029806 0.007056 0.445528 0.517610
0.031824 0.007864 0.447467 0.512845
0.007387 0.001884 0.150066 0.840663
0.030049 0.007098 0.454170 0.508683
0.023948 0.005420 0.397559 0.573073
0.028772 0.006844 0.427808 0.536576
0.027411 0.006520 0.426472 0.539597
0.022799 0.005195 0.395874 0.576133
0.029924 0.007156 0.432669 0.530252
0.017460 0.003658 0.346546 0.632336
0.012513 0.002675 0.291168 0.693644
0.038116 0.010501 0.453382 0.498002
0.025460 0.005787 0.415120 0.553634
0.016893 0.003588 0.344871 0.634649
0.029715 0.007163 0.441318 0.521804
0.029563 0.006995 0.440004 0.523439
0.028492 0.006794 0.427739 0.536975
0.029227 0.006960 0.433562 0.530251
0.031316 0.007649 0.457007 0.504028
0.030084 0.007380 0.449368 0.513168
0.037750 0.009408 0.512844 0.439999
0.009180 0.002416 0.166846 0.821559
0.014592 0.003028 0.324752 0.657627
0.026011 0.005855 0.427099 0.541035
0.038263 0.010656 0.446901 0.504180
0.029960 0.007429 0.441643 0.520967
0.026329 0.006125 0.425803 0.541743
0.029349 0.007232 0.433569 0.529850
0.018415 0.003832 0.357525 0.620228
0.013907 0.002990 0.294586 0.688517
0.016411 0.003455 0.359295 0.620839
0.024376 0.005491 0.401427 0.568706
0.010194 0.002713 0.182261 0.804832
0.017414 0.003692 0.352475 0.626419
0.028498 0.006698 0.434666 0.530138
0.029083 0.006879 0.432377 0.531661
0.039557 0.011013 0.455980 0.493450
0.029557 0.007213 0.438214 0.525016
0.041607 0.011529 0.477634 0.469229
0.030174 0.007099 0.426320 0.536407
0.019154 0.004165 0.359875 0.616805
0.028697 0.006693 0.451710 0.512900
0.024937 0.005645 0.419148 0.550270
0.037860 0.010543 0.449507 0.502090
0.022786 0.005059 0.404507 0.567648
0.035560 0.009356 0.468621 0.486463
0.029152 0.007125 0.437683 0.526040
0.028744 0.006746 0.436391 0.528120
0.015460 0.003254 0.334372 0.646913
0.015883 0.003367 0.342264 0.638487
0.029087 0.006885 0.442985 0.521044
0.014952 0.003184 0.326392 0.655472
0.014540 0.003085 0.323721 0.658654
0.010135 0.002704 0.186103 0.801058
0.017714 0.003746 0.358050 0.620491
0.017659 0.003741 0.354586 0.624014
0.009167 0.002410 0.170792 0.817632
0.037671 0.010539 0.451944 0.499846
0.028187 0.006589 0.438770 0.526454
0.024309 0.005546 0.401382 0.568764
0.014572 0.003088 0.325757 0.656582
0.009966 0.002647 0.180875 0.806512
0.029168 0.006881 0.432978 0.530972
0.017671 0.003788 0.350881 0.627660
0.026597 0.006262 0.421916 0.545225
0.029188 0.007010 0.432844 0.530958
0.028903 0.006844 0.432945 0.531308
0.017581 0.003752 0.346912 0.631755
0.041437 0.011483 0.487876 0.459205
0.028673 0.006830 0.434609 0.529888
0.039874 0.011102 0.467883 0.481141
0.037857 0.010106 0.465173 0.486864
0.039501 0.010921 0.455402 0.494176
0.029716 0.007008 0.439638 0.523638
0.028131 0.006412 0.396215 0.569242
0.028061 0.006775 0.417672 0.547492
0.025195 0.005714 0.419608 0.549482
0.027839 0.006600 0.420498 0.545063
0.017976 0.003825 0.351189 0.627010
0.031175 0.007381 0.465174 0.496271
0.018243 0.003864 0.358310 0.619583
0.030921 0.007277 0.469438 0.492364
0.035206 0.009009 0.462881 0.492904
0.022207 0.005019 0.385498 0.587276
0.010141 0.002707 0.187908 0.799245
0.029397 0.007044 0.437250 0.526310
0.016093 0.003374 0.343198 0.637335
0.013985 0.003008 0.311706 0.671301
0.031594 0.008024 0.443819 0.516562
0.019193 0.004043 0.401317 0.575447
0.021062 0.004615 0.376740 0.597583
0.015543 0.003263 0.335835 0.645359
0.032468 0.007958 0.467382 0.492192
0.028395 0.006577 0.434474 0.530554
0.018325 0.003916 0.367790 0.609968
0.039321 0.010947 0.459450 0.490282
0.008336 0.002196 0.162784 0.826684
0.040848 0.011302 0.467293 0.480557
0.024670 0.005490 0.397721 0.572118
0.016849 0.003588 0.364052 0.615510
0.024913 0.005633 0.421509 0.547945
0.027460 0.006509 0.424977 0.541054
0.014490 0.003173 0.314111 0.668227
0.027508 0.006526 0.428080 0.537886
0.017470 0.003699 0.351897 0.626933
0.018375 0.003976 0.357563 0.620087
0.012656 0.002781 0.290039 0.694524
0.037084 0.010277 0.449489 0.503150
0.015300 0.003069 0.340776 0.640855
0.020947 0.004431 0.386330 0.588293
0.020443 0.004432 0.359712 0.615413
0.030336 0.007125 0.448182 0.514357
0.031660 0.007746 0.445743 0.514851
0.031277 0.007385 0.455146 0.506191
0.024558 0.005567 0.405075 0.564800
0.031579 0.008033 0.440041 0.520348
0.027270 0.006426 0.429976 0.536328
0.028991 0.006890 0.428834 0.535284
0.015481 0.003273 0.333560 0.647686
0.018092 0.003765 0.347408 0.630735
0.028666 0.006749 0.433242 0.531342
0.015186 0.003312 0.321847 0.659655
0.028575 0.006743 0.429272 0.535410
0.018791 0.004010 0.357151 0.620048
0.022252 0.004925 0.384957 0.587866
0.029726 0.007058 0.428522 0.534694
0.029949 0.007203 0.438328 0.524519
0.027830 0.006655 0.431333 0.534181
0.023408 0.005287 0.408410 0.562896
0.040007 0.011247 0.447694 0.501052
0.017302 0.003551 0.347301 0.631847
0.013907 0.002837 0.316097 0.667159
0.031341 0.007363 0.467613 0.493683
0.022956 0.005246 0.388783 0.583015
0.022159 0.004972 0.391403 0.581467
0.024030 0.005418 0.420560 0.549992
0.016372 0.003577 0.329440 0.650611
0.040319 0.011211 0.463484 0.484986
0.016062 0.003360 0.343041 0.637538
0.027535 0.006512 0.426687 0.539266
0.031887 0.007909 0.450594 0.509611
0.029487 0.006852 0.427091 0.536570
0.016129 0.003417 0.349568 0.630887
0.027575 0.006454 0.440925 0.525046
0.023030 0.005219 0.394755 0.576996
0.020803 0.004438 0.407728 0.567031
0.018896 0.003997 0.368059 0.609047
0.018379 0.003891 0.360286 0.617444
0.039623 0.011058 0.455053 0.494266
0.026921 0.006354 0.419444 0.547281
0.027058 0.006405 0.422864 0.543673
0.024284 0.005514 0.394344 0.575858
0.015284 0.003246 0.330036 0.651434
0.016885 0.003518 0.350486 0.629111
0.034981 0.008869 0.462405 0.493745
0.019482 0.004120 0.387689 0.588709
0.024681 0.005553 0.408638 0.561128
0.033773 0.008531 0.457728 0.499968
0.029253 0.007005 0.439303 0.524440
0.040937 0.011344 0.474592 0.473127
0.029605 0.006972 0.443022 0.520402
0.029382 0.007251 0.435046 0.528321
0.022860 0.005143 0.400121 0.571876
0.036747 0.010214 0.444995 0.508043
0.017435 0.003600 0.351425 0.627540
0.020346 0.004268 0.385524 0.589862
0.011910 0.002440 0.290375 0.695275
0.038194 0.010591 0.465635 0.485579
0.028968 0.006862 0.436769 0.527402
0.017785 0.003764 0.356606 0.621845
0.017212 0.003625 0.355058 0.624105
0.026822 0.006380 0.421091 0.545707
0.032947 0.008427 0.454667 0.503959
0.034603 0.008763 0.471617 0.485017
0.013250 0.002848 0.302515 0.681387
0.018435 0.003900 0.367969 0.609696
0.036734 0.009783 0.459282 0.494201
0.017147 0.003574 0.364644 0.614635
0.038493 0.010661 0.452311 0.498536
0.031330 0.007921 0.444832 0.515917
0.027427 0.006486 0.431589 0.534498
0.007306 0.001874 0.149810 0.841010
0.018277 0.003778 0.366032 0.611913
0.017764 0.003784 0.345855 0.632597
0.007555 0.001964 0.155101 0.835381
0.025869 0.005860 0.432295 0.535976
0.028586 0.006801 0.427025 0.537588
0.019339 0.004105 0.380754 0.595801
0.037547 0.010005 0.463999 0.488449
0.033824 0.008682 0.459862 0.497633
0.034645 0.008702 0.464918 0.491735
0.033126 0.008183 0.475268 0.483424
0.017123 0.003604 0.372762 0.606511
0.030922 0.007409 0.454513 0.507156
0.018807 0.003956 0.398535 0.578702
0.018714 0.003948 0.379878 0.597461
0.024272 0.005506 0.402143 0.568079
0.017993 0.003847 0.354419 0.623741
0.022028 0.004899 0.383500 0.589573
0.014916 0.003188 0.331529 0.650368
0.023014 0.005201 0.388414 0.583371
0.018678 0.004068 0.358152 0.619102
0.015294 0.003181 0.338646 0.642879
0.016628 0.003464 0.347853 0.632055
0.018479 0.003955 0.370822 0.606743
0.016682 0.003436 0.353304 0.626578
0.019288 0.004099 0.363713 0.612901
0.031623 0.007785 0.451970 0.508622
0.007345 0.001872 0.150315 0.840468
0.036522 0.010127 0.442785 0.510566
0.028489 0.006737 0.432816 0.531958
0.027111 0.006405 0.423473 0.543011
0.017204 0.003627 0.350229 0.628940
0.029576 0.007020 0.423489 0.539916
0.018718 0.003993 0.365641 0.611649
0.025357 0.005716 0.414570 0.554357
0.024583 0.005574 0.396003 0.573840
0.031376 0.007563 0.460732 0.500329
0.024823 0.005565 0.416360 0.553251
0.034480 0.008766 0.450468 0.506286
0.029775 0.007139 0.438411 0.524675
0.032475 0.008203 0.459067 0.500255
0.022305 0.005023 0.393862 0.578810
0.028609 0.006815 0.423815 0.540761
0.019150 0.004097 0.374227 0.602526
0.014491 0.003009 0.325536 0.656965
0.030741 0.007491 0.448204 0.513565
0.017428 0.003647 0.361639 0.617285
0.014789 0.003139 0.324414 0.657659
0.020100 0.004362 0.382301 0.593237
0.032108 0.007608 0.469072 0.491211
0.014147 0.002996 0.314408 0.668448
0.026027 0.005927 0.426997 0.541049
0.029468 0.007146 0.435179 0.528206
0.017896 0.003765 0.369871 0.608468
0.030285 0.007171 0.455941 0.506603
0.030373 0.007540 0.447043 0.515044
0.038744 0.010741 0.471930 0.478585
0.035007 0.008763 0.475378 0.480851
0.015126 0.003147 0.331978 0.649749
0.016228 0.003388 0.339084 0.641300
0.022982 0.005211 0.398591 0.573216
0.015347 0.003264 0.330164 0.651225
0.036013 0.009641 0.464195 0.490152
0.013533 0.002805 0.312907 0.670755
0.017530 0.003709 0.372417 0.606344
0.019357 0.004121 0.367889 0.608632
0.017324 0.003660 0.353242 0.625775
0.016478 0.003449 0.347741 0.632332
0.030212 0.007230 0.446744 0.515814
0.009719 0.002594 0.182243 0.805444
0.038265 0.010229 0.474442 0.477064
0.037007 0.010231 0.444471 0.508291
0.015753 0.003267 0.338439 0.642541
0.022865 0.005157 0.392477 0.579501
0.018676 0.004000 0.354227 0.623097
0.034797 0.009215 0.447934 0.508054
0.012980 0.002794 0.298373 0.685853
0.027745 0.006659 0.427936 0.537660
0.018070 0.003778 0.361048 0.617104
0.020874 0.004455 0.386513 0.588158
0.018205 0.003806 0.358616 0.619373
0.037507 0.010083 0.467105 0.485305
0.033206 0.008461 0.457488 0.500844
0.029536 0.006963 0.448046 0.515456
0.031214 0.007698 0.448388 0.512700
0.008340 0.002155 0.163797 0.825707
0.037115 0.010301 0.450567 0.502017
0.006966 0.001735 0.153369 0.837930
0.036741 0.010206 0.443830 0.509223
0.009919 0.002022 0.258450 0.729609
0.027432 0.006502 0.428578 0.537489
0.016462 0.003466 0.342053 0.638019
0.009950 0.002636 0.187626 0.799788
0.016241 0.003428 0.342120 0.638211
0.034753 0.009267 0.450443 0.505537
0.014025 0.002886 0.321172 0.661918
0.009643 0.002562 0.178111 0.809684
0.016306 0.003426 0.346896 0.633371
0.022133 0.004942 0.382407 0.590518
0.039332 0.010886 0.483954 0.465828
0.032189 0.007727 0.474535 0.485550
0.028222 0.006612 0.429643 0.535523
0.018143 0.003844 0.366197 0.611816
0.038111 0.010173 0.465687 0.486029
0.028906 0.006759 0.433122 0.531213
0.009687 0.002576 0.176083 0.811654
0.027722 0.006551 0.436556 0.529171
0.022734 0.005158 0.395091 0.577018
0.029875 0.007115 0.440108 0.522902
0.016494 0.003522 0.345775 0.634209
0.017016 0.003557 0.351766 0.627661
0.038009 0.010097 0.459484 0.492410
0.014916 0.003105 0.326332 0.655647
0.027899 0.006570 0.438703 0.526828
0.028657 0.006744 0.432885 0.531715
0.008989 0.002385 0.168157 0.820469
0.018170 0.003798 0.356800 0.621233
0.029802 0.007117 0.433698 0.529382
0.016562 0.003450 0.348695 0.631293
0.024069 0.005470 0.403127 0.567335
0.029437 0.007138 0.445283 0.518143
0.040662 0.011281 0.470078 0.477980
0.029246 0.007170 0.430031 0.533553
0.018904 0.003948 0.391580 0.585568
0.025744 0.005853 0.408007 0.560396
0.018497 0.003907 0.378083 0.599514
0.029103 0.006946 0.438611 0.525339
0.033731 0.008835 0.449876 0.507557
0.027319 0.006424 0.429368 0.536888
0.041007 0.011537 0.466570 0.480886
0.014221 0.002927 0.315980 0.666872
0.012733 0.002596 0.301906 0.682765
0.031169 0.007506 0.475283 0.486042
0.019441 0.004129 0.375169 0.601261
0.018878 0.003939 0.367083 0.610101
0.019543 0.004136 0.400647 0.575674
0.028054 0.006635 0.446147 0.519164
0.024596 0.005583 0.404729 0.565092
0.036603 0.009722 0.453264 0.500412
0.017637 0.003783 0.363132 0.615448
0.027146 0.006345 0.428207 0.538302
0.039203 0.010898 0.453352 0.496547
0.015700 0.003311 0.329660 0.651329
0.013506 0.002824 0.313718 0.669952
0.025354 0.005743 0.393125 0.575779
0.018337 0.003944 0.352428 0.625291
0.014917 0.003059 0.337595 0.644429
0.035887 0.008998 0.497137 0.457978
0.033439 0.008508 0.453947 0.504106
0.023385 0.005202 0.406800 0.564614
0.038506 0.010647 0.459116 0.491731
0.033369 0.008432 0.455390 0.502809
0.038571 0.010720 0.454521 0.496188
0.028944 0.007104 0.436216 0.527736
0.027078 0.006362 0.426049 0.540511
0.008916 0.002345 0.167841 0.820898
0.015871 0.003306 0.342100 0.638723
0.018138 0.003868 0.352238 0.625756
0.037090 0.009844 0.459000 0.494067
0.017027 0.003576 0.343164 0.636233
0.028905 0.006812 0.434992 0.529290
0.030312 0.007319 0.448526 0.513843
0.038565 0.010690 0.456829 0.493916
0.023813 0.005380 0.400863 0.569943
0.034034 0.008419 0.492050 0.465497
0.028185 0.006640 0.434225 0.530950
0.010134 0.002692 0.183739 0.803434
0.033430 0.008174 0.482235 0.476160
0.037441 0.010286 0.456042 0.496230
0.028907 0.006822 0.439175 0.525096
0.030869 0.007370 0.444583 0.517177
0.017907 0.003893 0.360637 0.617564
0.028921 0.006756 0.437042 0.527281
0.034886 0.008843 0.490317 0.465955
0.015926 0.003372 0.341759 0.638943
0.041262 0.011441 0.476704 0.470594
0.018458 0.003857 0.361177 0.616507
0.014097 0.002991 0.316367 0.666545
0.041554 0.011535 0.485378 0.461533
0.030461 0.007211 0.456698 0.505630
0.016794 0.003519 0.369711 0.609976
0.039028 0.010824 0.462882 0.487266
0.036296 0.009989 0.451249 0.502466
0.018282 0.003846 0.359434 0.618438
0.034420 0.008524 0.457434 0.499622
0.015649 0.003242 0.344958 0.636150
0.038480 0.010592 0.466899 0.484029
0.039707 0.011090 0.473673 0.475530
0.018580 0.003892 0.357303 0.620225
0.022689 0.004802 0.404649 0.567860
0.018335 0.003888 0.353174 0.624604
0.030422 0.007334 0.447028 0.515216
0.036136 0.009912 0.446512 0.507439
0.022710 0.005141 0.395489 0.576660
0.016655 0.003549 0.345386 0.634409
0.017884 0.003806 0.349808 0.628501
0.014628 0.003065 0.327918 0.654390
0.019460 0.004147 0.389754 0.586639
0.035943 0.009557 0.455000 0.499499
0.016695 0.003512 0.341273 0.638520
0.039107 0.010837 0.457742 0.492314
0.008074 0.002102 0.159000 0.830823
0.028582 0.006770 0.433872 0.530776
0.028102 0.006683 0.429400 0.535816
0.022112 0.004941 0.410809 0.562138
0.032245 0.007884 0.465996 0.493876
0.008493 0.002219 0.162220 0.827067
0.016098 0.003372 0.345040 0.635489
0.038682 0.010742 0.458858 0.491718
0.031286 0.007346 0.449773 0.511594
0.037268 0.009984 0.455864 0.496884
0.038782 0.010745 0.470359 0.480114
0.008067 0.002117 0.160607 0.829210
0.033449 0.008480 0.448890 0.509181
0.018156 0.003811 0.361494 0.616539
0.013312 0.002707 0.308636 0.675346
0.037362 0.010208 0.457541 0.494888
0.032351 0.007938 0.463501 0.496211
0.029960 0.007258 0.454140 0.508642
0.016934 0.003553 0.347574 0.631939
0.040905 0.011365 0.477486 0.470245
0.014456 0.002994 0.321933 0.660617
0.039507 0.010895 0.462264 0.487334
0.028365 0.006674 0.444853 0.520108
0.034817 0.009347 0.446869 0.508967
0.027310 0.006419 0.426494 0.539776
0.014837 0.003219 0.313243 0.668701
0.014157 0.002960 0.319146 0.663737
0.017595 0.003678 0.369231 0.609496
0.010015 0.002653 0.180118 0.807214
0.018983 0.004120 0.382713 0.594184
0.040178 0.011090 0.476979 0.471754
0.038702 0.010702 0.456971 0.493626
0.017740 0.003730 0.353459 0.625070
0.031470 0.007698 0.451227 0.509605
0.035993 0.009897 0.436496 0.517614
0.037206 0.009839 0.479112 0.473843
0.028381 0.006751 0.442604 0.522264
0.015733 0.003281 0.360127 0.620859
0.013911 0.002956 0.296727 0.686406
0.023258 0.004942 0.416375 0.555425
0.017235 0.003608 0.365899 0.613258
0.028813 0.006813 0.432750 0.531625
0.029048 0.006935 0.445423 0.518594
0.028996 0.006901 0.454200 0.509904
0.034016 0.008644 0.471368 0.485972
0.019291 0.004082 0.378646 0.597981
0.017041 0.003531 0.348135 0.631294
0.015607 0.003285 0.340761 0.640347
0.022561 0.004982 0.403401 0.569057
0.017520 0.003662 0.371092 0.607726
0.014700 0.003115 0.325816 0.656369
0.028859 0.006835 0.446743 0.517563
0.018969 0.004049 0.364379 0.612603
0.020583 0.004336 0.378216 0.596864
0.018993 0.003918 0.381866 0.595222
0.014776 0.003051 0.335380 0.646793
0.027188 0.006361 0.427468 0.538983
0.029248 0.006930 0.436442 0.527381
0.018091 0.003834 0.377190 0.600885
0.019330 0.004086 0.367210 0.609374
0.038068 0.010217 0.473987 0.477728
0.011434 0.002461 0.275716 0.710390
0.031291 0.007882 0.445425 0.515402
0.008635 0.002249 0.164767 0.824348
0.018403 0.003799 0.352949 0.624849
0.014295 0.003004 0.318846 0.663855
0.038583 0.010810 0.451157 0.499450
0.027142 0.006417 0.427146 0.539295
0.014913 0.003252 0.314767 0.667068
0.009511 0.002510 0.174700 0.813279
0.017553 0.003722 0.358115 0.620609
0.027852 0.006567 0.441214 0.524367
0.037738 0.010018 0.472511 0.479732
0.038922 0.010774 0.460565 0.489739
0.017264 0.003600 0.356607 0.622529
0.039028 0.010855 0.450073 0.500045
0.040038 0.011186 0.456388 0.492388
0.027491 0.006577 0.426788 0.539145
0.031353 0.007930 0.443895 0.516823
0.008263 0.002158 0.165038 0.824541
0.019641 0.004145 0.388484 0.587730
0.018135 0.003840 0.351638 0.626388
0.016216 0.003372 0.343014 0.637398
0.029611 0.006988 0.440381 0.523019
0.029558 0.007075 0.430947 0.532421
0.009901 0.002637 0.179005 0.808457
0.023407 0.005292 0.397542 0.573760
0.027800 0.006693 0.427924 0.537583
0.025397 0.005714 0.389489 0.579399
0.022762 0.004869 0.428967 0.543402
0.015341 0.003180 0.330687 0.650792
0.023957 0.005361 0.404686 0.565996
0.010946 0.002932 0.194829 0.791293
0.037657 0.010452 0.458037 0.493854
0.040053 0.011111 0.473987 0.474849
0.029503 0.006891 0.442002 0.521604
0.012773 0.002776 0.295102 0.689349
0.009790 0.002586 0.180611 0.807013
0.028306 0.006701 0.426505 0.538488
0.016347 0.003489 0.345136 0.635029
0.036738 0.010186 0.447398 0.505678
0.030335 0.007410 0.445859 0.516395
0.020221 0.004327 0.377401 0.598050
0.017275 0.003554 0.350150 0.629022
0.015419 0.003173 0.334892 0.646516
0.039872 0.010744 0.488897 0.460487
0.038142 0.010032 0.467259 0.484566
0.041164 0.011388 0.476115 0.471334
0.038409 0.010172 0.474885 0.476534
0.037763 0.010455 0.458905 0.492877
0.029015 0.006833 0.437867 0.526284
0.029301 0.006912 0.427128 0.536659
0.014487 0.003046 0.324728 0.657739
0.032088 0.007857 0.460745 0.499309
0.037050 0.010185 0.446512 0.506254
0.016197 0.003409 0.338299 0.642095
0.021914 0.004882 0.391308 0.581895
0.016650 0.003529 0.342940 0.636881
0.029087 0.006912 0.434027 0.529974
0.016505 0.003443 0.348243 0.631808
0.036107 0.010052 0.437708 0.516133
0.028690 0.006815 0.434131 0.530364
0.027315 0.006232 0.449112 0.517340
0.018065 0.003830 0.358427 0.619678
0.042512 0.011824 0.471236 0.474429
0.028753 0.006733 0.442619 0.521895
0.023290 0.005284 0.407704 0.563722
0.042528 0.011857 0.488247 0.457369
0.029324 0.006917 0.462749 0.501010
0.021287 0.004506 0.379194 0.595013
0.029428 0.006980 0.437681 0.525911
0.021365 0.004801 0.369655 0.604179
0.040416 0.011443 0.450599 0.497541
0.021944 0.004628 0.400918 0.572510
0.017051 0.003660 0.362831 0.616458
0.027271 0.006386 0.426220 0.540123
0.025385 0.005560 0.404155 0.564900
0.019561 0.004055 0.388609 0.587776
0.015514 0.003199 0.330376 0.650911
0.038995 0.010660 0.463858 0.486488
0.036388 0.010014 0.448964 0.504634
0.027046 0.006309 0.431573 0.535071
0.034100 0.008631 0.459356 0.497914
0.017303 0.003601 0.351155 0.627940
0.013694 0.002860 0.315121 0.668324
0.008650 0.002275 0.165471 0.823605
0.037913 0.010613 0.453478 0.497997
0.013402 0.002706 0.308728 0.675164
0.007898 0.002041 0.155959 0.834102
0.018214 0.003824 0.359044 0.618919
0.037291 0.009971 0.454268 0.498470
0.039481 0.011006 0.454986 0.494527
0.022430 0.005009 0.392892 0.579670
0.024129 0.005512 0.404870 0.565489
0.027839 0.006620 0.428212 0.537329
0.021309 0.004772 0.383172 0.590747
0.031308 0.007714 0.449090 0.511889
0.026060 0.006012 0.421557 0.546371
0.031637 0.007700 0.461675 0.498989
0.028325 0.006574 0.438494 0.526607
0.039686 0.011060 0.455130 0.494123
0.038282 0.010677 0.449690 0.501351
0.033813 0.008470 0.466040 0.491677
0.029459 0.006938 0.448163 0.515440
0.022041 0.004927 0.385134 0.587898
0.036312 0.010049 0.441553 0.512087
0.028993 0.006761 0.445723 0.518523
0.023895 0.005403 0.393004 0.577698
0.015986 0.003476 0.340500 0.640037
0.028721 0.006820 0.430784 0.533676
0.027809 0.006720 0.426078 0.539393
0.028803 0.006779 0.439328 0.525091
0.028584 0.006756 0.430716 0.533945
0.018197 0.003852 0.361009 0.616941
0.036588 0.009770 0.453499 0.500143
0.026820 0.006300 0.425247 0.541633
0.024151 0.005510 0.405233 0.565105
0.030172 0.007178 0.444730 0.517920
0.018546 0.003962 0.354698 0.622794
0.009058 0.002382 0.166392 0.822168
0.036573 0.009587 0.468277 0.485563
0.028868 0.006875 0.439877 0.524380
0.025962 0.005871 0.421625 0.546543
0.032742 0.008073 0.457821 0.501364
0.027457 0.006464 0.430057 0.536022
0.025446 0.005806 0.408226 0.560523
0.029674 0.007169 0.424465 0.538692
0.016240 0.003417 0.371236 0.609108
0.024484 0.005521 0.404869 0.565126
0.033673 0.009020 0.434557 0.522749
0.019597 0.004058 0.366858 0.609487
0.030329 0.007569 0.440092 0.522010
0.017219 0.003577 0.355814 0.623389
0.040076 0.011209 0.455609 0.493106
0.011618 0.002319 0.296866 0.689197
0.030454 0.007169 0.456159 0.506218
0.029022 0.006914 0.417702 0.546363
0.015539 0.003304 0.340202 0.640954
0.028626 0.006696 0.441645 0.523033
0.029600 0.006979 0.429370 0.534051
0.017778 0.003790 0.357637 0.620795
0.031192 0.007873 0.446958 0.513977
0.023622 0.005328 0.409568 0.561481
0.034695 0.008669 0.470819 0.485817
0.017638 0.003646 0.367020 0.611696
0.016701 0.003500 0.345277 0.634522
0.039550 0.010975 0.470393 0.479081
0.026891 0.006296 0.427560 0.539253
0.033411 0.008490 0.450925 0.507174
0.029758 0.007315 0.440390 0.522537
0.013579 0.002833 0.313517 0.670070
0.036814 0.010217 0.444817 0.508152
0.015406 0.003186 0.332578 0.648830
0.015263 0.003186 0.331616 0.649935
0.017120 0.003599 0.349610 0.629670
0.029495 0.006989 0.441708 0.521808
0.021116 0.004486 0.427433 0.546965
0.026140 0.005938 0.427507 0.540415
0.010394 0.002783 0.185593 0.801231
0.031386 0.007519 0.460776 0.500320
0.029680 0.006990 0.436755 0.526575
0.035521 0.009354 0.448883 0.506241
0.030246 0.007116 0.474608 0.488030
0.022053 0.004995 0.389991 0.582961
0.029069 0.006916 0.438347 0.525668
0.022623 0.004847 0.393247 0.579282
0.016516 0.003410 0.341389 0.638685
0.016993 0.003586 0.346304 0.633116
0.038693 0.010627 0.459270 0.491410
0.016216 0.003417 0.343387 0.636980
0.037732 0.009522 0.492476 0.460271
0.027916 0.006753 0.429006 0.536326
0.016887 0.003580 0.346467 0.633066
0.041115 0.011399 0.478074 0.469412
0.018974 0.003985 0.370296 0.606745
0.031791 0.007784 0.456749 0.503676
0.022519 0.005002 0.400012 0.572467
0.027545 0.006550 0.426315 0.539590
0.031167 0.007696 0.446498 0.514639
0.030590 0.007462 0.439930 0.522017
0.013487 0.002747 0.317918 0.665847
0.029179 0.007096 0.441026 0.522699
0.007165 0.001835 0.149526 0.841474
0.019171 0.004035 0.373457 0.603337
0.020897 0.004419 0.379357 0.595327
0.016071 0.003346 0.339165 0.641418
0.039418 0.010875 0.468501 0.481205
0.027735 0.006573 0.439898 0.525795
0.029942 0.007124 0.449619 0.513315
0.040810 0.011341 0.478887 0.468962
0.015329 0.003203 0.334839 0.646629
0.029860 0.007075 0.452708 0.510357
0.032755 0.008133 0.461632 0.497480
0.020307 0.004500 0.381616 0.593577
0.039703 0.010975 0.478936 0.470386
0.032318 0.008024 0.470731 0.488927
0.015299 0.003170 0.335059 0.646472
0.019100 0.004013 0.374298 0.602588
0.015961 0.003368 0.335750 0.644921
0.014638 0.003080 0.338206 0.644076
0.033113 0.007756 0.483938 0.475193
0.014320 0.002977 0.317757 0.664945
0.014850 0.003146 0.332515 0.649490
0.029503 0.006702 0.427609 0.536186
0.022600 0.004944 0.387655 0.584801
0.017480 0.003634 0.346792 0.632094
0.006831 0.001754 0.142957 0.848459
0.028477 0.006741 0.436666 0.528116
0.024433 0.005533 0.398483 0.571552
0.019061 0.004032 0.356551 0.620356
0.014741 0.003102 0.327705 0.654452
0.031391 0.007712 0.458656 0.502241
0.029852 0.007024 0.450694 0.512430
0.018418 0.003916 0.364316 0.613350
0.019605 0.004149 0.371669 0.604577
0.039898 0.011157 0.454284 0.494660
0.033707 0.008574 0.450966 0.506752
0.029219 0.006879 0.446380 0.517522
0.025054 0.005692 0.419298 0.549955
0.032265 0.008207 0.451814 0.507714
0.039280 0.010899 0.459957 0.489864
0.028785 0.006789 0.435494 0.528933
0.015977 0.003320 0.340575 0.640128
0.032194 0.008009 0.447900 0.511897
0.008664 0.002277 0.171348 0.817711
0.027167 0.006425 0.425958 0.540450
0.036793 0.010250 0.445089 0.507869
0.020116 0.004241 0.375614 0.600029
0.017288 0.003631 0.343276 0.635805
0.016744 0.003499 0.360336 0.619421
0.025435 0.005771 0.421564 0.547230
0.035571 0.009597 0.447210 0.507621
0.043149 0.011943 0.506395 0.438513
0.031106 0.007352 0.446814 0.514729
0.017915 0.003809 0.356621 0.621655
0.039744 0.010992 0.462763 0.486501
0.024404 0.005488 0.425289 0.544819
0.031995 0.008137 0.448335 0.511532
0.031652 0.007481 0.462114 0.498753
0.016281 0.003440 0.342165 0.638113
0.014114 0.002947 0.318636 0.664303
0.028330 0.006758 0.433101 0.531810
0.020282 0.004308 0.384614 0.590797
0.018067 0.003799 0.380939 0.597196
0.016548 0.003450 0.346822 0.633179
0.034938 0.009280 0.449218 0.506563
0.017280 0.003618 0.356948 0.622154
0.007739 0.002001 0.150855 0.839405
0.017070 0.003597 0.345281 0.634053
0.023352 0.005224 0.410162 0.561262
0.027356 0.006460 0.426067 0.540117
0.025877 0.005917 0.420991 0.547215
0.019755 0.004219 0.370806 0.605220
0.016537 0.003518 0.359943 0.620003
0.035111 0.008840 0.479583 0.476466
0.028378 0.006652 0.432157 0.532813
0.014500 0.003012 0.331063 0.651425
0.030864 0.007604 0.446256 0.515276
0.037535 0.010465 0.448957 0.503043
0.018763 0.003919 0.377719 0.599599
0.030088 0.007369 0.451986 0.510556
0.013471 0.002800 0.311665 0.672064
0.036895 0.009784 0.460813 0.492508
0.011684 0.002444 0.287748 0.698124
0.015698 0.003277 0.336494 0.644532
0.029366 0.006945 0.431829 0.531860
0.014538 0.003086 0.319347 0.663030
0.036694 0.010190 0.445836 0.507279
0.024853 0.005625 0.412158 0.557364
0.019512 0.004157 0.368664 0.607667
0.013656 0.002881 0.309160 0.674304
0.029926 0.007073 0.456639 0.506362
0.024148 0.005485 0.400193 0.570174
0.019061 0.004061 0.381706 0.595172
0.039027 0.010847 0.458064 0.492062
0.026842 0.006372 0.422054 0.544732
0.039450 0.011001 0.455698 0.493851
0.030393 0.007185 0.461891 0.500530
0.014144 0.002939 0.327508 0.655409
0.039287 0.010919 0.456035 0.493758
0.038033 0.010131 0.479043 0.472793
0.016476 0.003411 0.347850 0.632264
0.029878 0.007131 0.435251 0.527740
0.015148 0.003165 0.334042 0.647646
0.027124 0.006385 0.427574 0.538917
0.036821 0.010244 0.446153 0.506781
0.027393 0.006085 0.420011 0.546511
0.018368 0.003952 0.366552 0.611128
0.012083 0.002396 0.293921 0.691600
0.024719 0.005592 0.409251 0.560439
0.019905 0.004268 0.398378 0.577449
0.032666 0.008205 0.451316 0.507812
0.039607 0.011075 0.450909 0.498409
0.035188 0.009214 0.467834 0.487765
0.027630 0.006510 0.436414 0.529446
0.037348 0.010016 0.456438 0.496198
0.009492 0.002184 0.215273 0.773052
0.016901 0.003604 0.348620 0.630875
0.035599 0.009260 0.463213 0.491928
0.043122 0.011958 0.495238 0.449682
0.020721 0.004334 0.411757 0.563188
0.031313 0.007759 0.454848 0.506080
0.024888 0.005548 0.421312 0.548252
0.028005 0.006738 0.426718 0.538539
0.017735 0.003736 0.353636 0.624893
0.029783 0.007000 0.454622 0.508596
0.014861 0.003167 0.326231 0.655741
0.031804 0.008072 0.442845 0.517280
0.037589 0.010504 0.449331 0.502577
