0.016647 0.003845 0.001197 0.978311
0.013127 0.002719 0.001007 0.983147
0.016707 0.003859 0.001219 0.978214
0.011766 0.002313 0.000961 0.984960
0.016068 0.003645 0.001174 0.979113
0.016008 0.003712 0.001121 0.979159
0.016383 0.003797 0.001176 0.978644
0.013801 0.002834 0.001118 0.982247
0.015913 0.003683 0.001124 0.979279
0.016405 0.003817 0.001152 0.978626
0.014617 0.003140 0.001083 0.981161
0.016522 0.003829 0.001189 0.978460
0.016757 0.003879 0.001201 0.978164
0.016280 0.003760 0.001160 0.978800
0.016392 0.003799 0.001169 0.978640
0.016959 0.003975 0.001217 0.977849
0.015887 0.003706 0.001110 0.979297
0.016577 0.003853 0.001185 0.978385
0.015973 0.003692 0.001130 0.979204
0.016720 0.003862 0.001190 0.978229
0.017229 0.003974 0.001270 0.977528
0.016086 0.003724 0.001134 0.979056
0.015809 0.003619 0.001123 0.979449
0.017695 0.004090 0.001320 0.976895
0.015773 0.003663 0.001117 0.979447
0.015904 0.003628 0.001144 0.979324
0.014898 0.003197 0.001129 0.980776
0.016630 0.003865 0.001204 0.978301
0.015794 0.003644 0.001109 0.979453
0.015984 0.003705 0.001138 0.979173
0.013649 0.002824 0.001047 0.982480
0.016213 0.003755 0.001158 0.978874
0.016722 0.003863 0.001195 0.978220
0.016317 0.003765 0.001149 0.978769
0.017473 0.004040 0.001296 0.977190
0.015573 0.003606 0.001078 0.979742
0.017314 0.004047 0.001260 0.977380
0.013987 0.002974 0.001054 0.981985
0.016850 0.003910 0.001233 0.978007
0.013511 0.002802 0.001038 0.982649
0.016676 0.003854 0.001202 0.978268
0.015169 0.003271 0.001148 0.980412
0.016406 0.003792 0.001173 0.978630
0.016716 0.003857 0.001216 0.978211
0.015424 0.003570 0.001069 0.979937
0.016689 0.003861 0.001209 0.978241
0.014472 0.003105 0.001081 0.981343
0.016907 0.003909 0.001226 0.977958
0.016195 0.003723 0.001156 0.978926
0.017088 0.003950 0.001230 0.977731
0.016885 0.003942 0.001223 0.977950
0.015852 0.003651 0.001115 0.979382
0.017364 0.004060 0.001231 0.977344
0.016260 0.003750 0.001170 0.978820
0.016162 0.003749 0.001144 0.978945
0.017056 0.003983 0.001220 0.977741
0.016940 0.003933 0.001242 0.977885
0.015275 0.003450 0.001086 0.980190
0.016054 0.003736 0.001137 0.979072
0.015077 0.003239 0.001148 0.980536
0.017003 0.004019 0.001211 0.977767
0.014566 0.003112 0.001088 0.981234
0.016834 0.003896 0.001225 0.978044
0.015991 0.003680 0.001145 0.979184
0.016166 0.003745 0.001141 0.978948
0.015887 0.003686 0.001121 0.979306
0.016882 0.003900 0.001222 0.977996
0.016760 0.003898 0.001209 0.978133
0.016106 0.003726 0.001145 0.979023
0.015884 0.003564 0.001138 0.979414
0.016957 0.003963 0.001235 0.977845
0.015569 0.003613 0.001089 0.979729
0.016353 0.003799 0.001155 0.978692
0.015108 0.003234 0.001159 0.980498
0.015771 0.003645 0.001116 0.979468
0.016469 0.003812 0.001171 0.978549
0.014760 0.003182 0.001112 0.980947
0.016700 0.003894 0.001213 0.978193
0.015735 0.003637 0.001095 0.979533
0.016353 0.003777 0.001163 0.978706
0.014444 0.003087 0.001065 0.981405
0.016219 0.003700 0.001161 0.978920
0.017156 0.003963 0.001237 0.977644
0.017134 0.003965 0.001235 0.977666
0.016895 0.003980 0.001197 0.977928
0.016471 0.003839 0.001176 0.978514
0.015888 0.003621 0.001137 0.979354
0.016615 0.003863 0.001189 0.978332
0.014086 0.002938 0.001130 0.981846
0.016862 0.003919 0.001198 0.978021
0.016758 0.003907 0.001194 0.978141
0.016233 0.003767 0.001145 0.978856
0.016636 0.003856 0.001193 0.978315
0.011015 0.002209 0.000870 0.985906
0.016207 0.003740 0.001161 0.978892
0.014008 0.002931 0.001067 0.981994
0.017744 0.004183 0.001300 0.976772
0.016363 0.003767 0.001163 0.978707
0.016869 0.003929 0.001215 0.977987
0.013455 0.002796 0.001049 0.982700
0.015607 0.003604 0.001105 0.979685
0.011376 0.002250 0.000914 0.985460
0.014301 0.003070 0.001061 0.981568
0.016175 0.003741 0.001189 0.978895
0.011707 0.002312 0.000946 0.985035
0.016071 0.003632 0.001179 0.979119
0.015373 0.003538 0.001066 0.980023
0.016402 0.003785 0.001187 0.978625
0.013123 0.002733 0.000997 0.983147
0.016781 0.003877 0.001205 0.978136
0.016072 0.003737 0.001135 0.979056
0.016573 0.003760 0.001213 0.978454
0.016452 0.003862 0.001172 0.978514
0.016743 0.003880 0.001199 0.978178
0.016689 0.003899 0.001196 0.978216
0.015316 0.003307 0.001158 0.980219
0.016272 0.003768 0.001162 0.978799
0.016080 0.003712 0.001144 0.979064
0.015496 0.003478 0.001108 0.979918
0.016028 0.003731 0.001126 0.979115
0.016350 0.003793 0.001175 0.978682
0.016038 0.003728 0.001126 0.979109
0.016308 0.003793 0.001141 0.978758
0.016618 0.003858 0.001198 0.978325
0.016383 0.003829 0.001156 0.978631
0.015952 0.003740 0.001098 0.979210
0.016744 0.003909 0.001195 0.978153
0.016396 0.003814 0.001175 0.978616
0.016382 0.003825 0.001159 0.978634
0.017388 0.004029 0.001265 0.977319
0.015438 0.003318 0.001169 0.980075
0.016026 0.003749 0.001091 0.979133
0.016821 0.003915 0.001207 0.978058
0.016538 0.003815 0.001166 0.978482
0.016658 0.003893 0.001199 0.978250
0.015422 0.003516 0.001088 0.979973
0.015845 0.003677 0.001096 0.979383
0.013845 0.002916 0.001060 0.982179
0.015918 0.003686 0.001113 0.979283
0.017328 0.004058 0.001237 0.977376
0.016748 0.003886 0.001206 0.978159
0.016041 0.003668 0.001149 0.979143
0.017546 0.004103 0.001271 0.977081
0.015966 0.003703 0.001125 0.979206
0.015950 0.003610 0.001131 0.979309
0.016954 0.003940 0.001217 0.977889
0.017082 0.003947 0.001229 0.977741
0.016859 0.003919 0.001205 0.978016
0.016592 0.003838 0.001205 0.978364
0.015749 0.003561 0.001145 0.979545
0.016373 0.003831 0.001157 0.978639
0.014518 0.003137 0.001089 0.981256
0.013433 0.002802 0.001040 0.982725
0.011778 0.002321 0.000946 0.984955
0.017128 0.003973 0.001241 0.977658
0.016442 0.003817 0.001165 0.978575
0.016485 0.003810 0.001172 0.978534
0.017176 0.003990 0.001267 0.977568
0.015712 0.003638 0.001083 0.979568
0.017194 0.004004 0.001238 0.977565
0.013429 0.002797 0.001038 0.982737
0.016590 0.003863 0.001182 0.978365
0.016921 0.003945 0.001216 0.977918
0.016007 0.003698 0.001150 0.979145
0.015895 0.003723 0.001123 0.979260
0.011583 0.002311 0.000937 0.985169
0.013776 0.002866 0.001072 0.982286
0.016404 0.003785 0.001167 0.978643
0.014913 0.003193 0.001120 0.980774
0.015742 0.003637 0.001101 0.979520
0.017071 0.003963 0.001221 0.977745
0.016471 0.003817 0.001186 0.978526
0.016059 0.003712 0.001157 0.979072
0.017509 0.004056 0.001270 0.977164
0.016581 0.003832 0.001203 0.978383
0.016397 0.003835 0.001146 0.978621
0.016552 0.003845 0.001195 0.978408
0.015210 0.003249 0.001198 0.980344
0.016024 0.003748 0.001117 0.979111
0.015979 0.003566 0.001173 0.979283
0.011121 0.002386 0.000793 0.985700
0.016459 0.003812 0.001175 0.978553
0.015808 0.003371 0.001219 0.979602
0.016968 0.003919 0.001229 0.977884
0.016562 0.003868 0.001224 0.978347
0.016201 0.003674 0.001168 0.978957
0.016717 0.003768 0.001251 0.978264
0.015978 0.003715 0.001131 0.979177
0.015309 0.003468 0.001054 0.980169
0.011971 0.002388 0.000975 0.984666
0.015868 0.003667 0.001127 0.979337
0.017105 0.003982 0.001214 0.977698
0.014663 0.003073 0.001150 0.981113
0.014490 0.003113 0.001079 0.981319
0.018080 0.004252 0.001302 0.976366
0.016553 0.003824 0.001204 0.978419
0.016220 0.003763 0.001157 0.978860
0.015336 0.003561 0.001109 0.979994
0.015190 0.003251 0.001172 0.980387
0.013235 0.002752 0.001024 0.982988
0.016128 0.003715 0.001131 0.979026
0.010136 0.001965 0.000831 0.987069
0.011402 0.002273 0.000913 0.985413
0.016177 0.003754 0.001129 0.978941
0.016877 0.003924 0.001222 0.977977
0.015816 0.003663 0.001113 0.979408
0.016686 0.003888 0.001203 0.978222
0.010754 0.002136 0.000862 0.986249
0.016942 0.003945 0.001196 0.977917
0.016295 0.003824 0.001150 0.978731
0.015876 0.003662 0.001103 0.979360
0.016827 0.003896 0.001206 0.978071
0.016960 0.003937 0.001247 0.977856
0.015921 0.003667 0.001121 0.979291
0.016728 0.003948 0.001179 0.978145
0.014220 0.002959 0.001129 0.981692
0.015919 0.003714 0.001120 0.979247
0.017697 0.004104 0.001302 0.976897
0.013280 0.002760 0.001020 0.982940
0.016263 0.003764 0.001154 0.978819
0.013905 0.002869 0.001091 0.982135
0.016663 0.003852 0.001209 0.978275
0.016311 0.003771 0.001154 0.978765
0.016432 0.003705 0.001210 0.978653
0.015921 0.003686 0.001129 0.979264
0.016894 0.003923 0.001209 0.977974
0.016492 0.003817 0.001188 0.978503
0.016980 0.003943 0.001228 0.977849
0.016435 0.003839 0.001161 0.978565
0.017022 0.003941 0.001227 0.977810
0.016258 0.003784 0.001159 0.978800
0.015678 0.003628 0.001093 0.979602
0.015999 0.003599 0.001171 0.979232
0.016196 0.003757 0.001149 0.978897
0.016581 0.003855 0.001182 0.978382
0.017212 0.004005 0.001241 0.977541
0.017019 0.003975 0.001228 0.977777
0.015716 0.003673 0.001150 0.979460
0.016814 0.003881 0.001210 0.978095
0.016958 0.003973 0.001222 0.977847
0.016234 0.003760 0.001139 0.978867
0.016464 0.003819 0.001175 0.978543
0.011130 0.002215 0.000890 0.985764
0.016870 0.003942 0.001198 0.977990
0.017020 0.003933 0.001237 0.977810
0.015708 0.003662 0.001088 0.979542
0.016304 0.003771 0.001165 0.978759
0.011867 0.002371 0.000978 0.984784
0.015992 0.003703 0.001128 0.979177
0.016857 0.003901 0.001209 0.978033
0.014842 0.003185 0.001114 0.980859
0.017703 0.004131 0.001280 0.976885
0.017213 0.003979 0.001237 0.977571
0.016666 0.003777 0.001217 0.978340
0.016702 0.003864 0.001194 0.978240
0.016605 0.003864 0.001186 0.978344
0.016107 0.003721 0.001150 0.979022
0.016304 0.003783 0.001167 0.978746
0.012494 0.002570 0.000964 0.983973
0.014008 0.002912 0.001112 0.981969
0.010489 0.002067 0.000799 0.986645
0.016719 0.003737 0.001247 0.978297
0.013387 0.002778 0.001029 0.982805
0.016524 0.003824 0.001165 0.978488
0.010723 0.002087 0.000893 0.986296
0.016059 0.003712 0.001124 0.979105
0.015686 0.003691 0.001069 0.979554
0.014356 0.003080 0.001087 0.981477
0.017103 0.004002 0.001241 0.977653
0.016749 0.003910 0.001188 0.978153
0.015965 0.003696 0.001122 0.979216
0.014729 0.003166 0.001102 0.981004
0.011912 0.002389 0.000969 0.984729
0.016481 0.003842 0.001153 0.978523
0.016867 0.003901 0.001211 0.978020
0.014885 0.003211 0.001120 0.980784
0.017434 0.004055 0.001280 0.977230
0.017171 0.004032 0.001229 0.977569
0.015755 0.003651 0.001106 0.979488
0.013757 0.002959 0.001050 0.982234
0.015039 0.003223 0.001147 0.980591
0.016430 0.003800 0.001204 0.978566
0.015045 0.003473 0.000996 0.980486
0.016370 0.003788 0.001188 0.978654
0.011079 0.002228 0.000876 0.985817
0.016426 0.003857 0.001157 0.978560
0.013307 0.002776 0.001015 0.982902
0.016342 0.003780 0.001188 0.978690
0.016795 0.003940 0.001192 0.978072
0.016537 0.003830 0.001190 0.978443
0.016165 0.003744 0.001150 0.978942
0.016867 0.003928 0.001210 0.977995
0.016042 0.003721 0.001133 0.979104
0.016282 0.003772 0.001156 0.978790
0.017520 0.004086 0.001266 0.977129
0.016541 0.003813 0.001174 0.978472
0.016045 0.003619 0.001168 0.979168
0.016068 0.003609 0.001162 0.979161
0.016349 0.003795 0.001166 0.978690
0.013655 0.003197 0.000896 0.982252
0.017124 0.003968 0.001230 0.977677
0.014401 0.003001 0.001127 0.981471
0.016753 0.003922 0.001184 0.978140
0.017062 0.003986 0.001205 0.977747
0.017403 0.004033 0.001272 0.977292
0.016349 0.003832 0.001162 0.978657
0.015840 0.003680 0.001114 0.979366
0.014197 0.002965 0.001120 0.981718
0.014862 0.003216 0.001123 0.980799
0.016582 0.003869 0.001170 0.978379
0.013253 0.002718 0.001026 0.983003
0.014101 0.002934 0.001094 0.981871
0.016639 0.003847 0.001176 0.978338
0.016525 0.003822 0.001156 0.978496
0.016150 0.003744 0.001158 0.978948
0.016584 0.003767 0.001210 0.978439
0.016284 0.003797 0.001162 0.978756
0.015808 0.003657 0.001131 0.979404
0.013425 0.002804 0.001031 0.982739
0.015586 0.003395 0.001199 0.979821
0.015825 0.003648 0.001117 0.979410
0.016770 0.003854 0.001198 0.978178
0.014489 0.003111 0.001086 0.981314
0.012566 0.002924 0.000817 0.983692
0.016884 0.003906 0.001191 0.978018
0.016256 0.003777 0.001149 0.978818
0.016383 0.003732 0.001170 0.978714
0.016321 0.003810 0.001156 0.978713
0.017066 0.003971 0.001233 0.977730
0.016130 0.003772 0.001119 0.978979
0.016827 0.003964 0.001216 0.977993
0.013238 0.002762 0.001012 0.982989
0.017063 0.003967 0.001244 0.977725
0.010337 0.002033 0.000782 0.986847
0.016826 0.003917 0.001200 0.978056
0.015084 0.003267 0.001137 0.980512
0.016216 0.003756 0.001151 0.978877
0.017406 0.004074 0.001233 0.977287
0.015925 0.003701 0.001130 0.979243
0.010669 0.002133 0.000845 0.986353
0.011681 0.002341 0.000930 0.985048
0.016596 0.003840 0.001219 0.978346
0.015116 0.003492 0.001094 0.980297
0.017033 0.003931 0.001255 0.977781
0.011096 0.002219 0.000883 0.985803
0.015834 0.003606 0.001147 0.979414
0.013156 0.002733 0.001009 0.983103
0.008483 0.001626 0.000667 0.989224
0.013868 0.002886 0.001064 0.982182
0.016449 0.003836 0.001183 0.978532
0.017746 0.004118 0.001281 0.976855
0.016735 0.003894 0.001213 0.978157
0.015488 0.003585 0.001111 0.979816
0.015526 0.003362 0.001174 0.979938
0.015302 0.003292 0.001174 0.980232
0.015714 0.003648 0.001088 0.979551
0.016741 0.003854 0.001209 0.978196
0.011044 0.002205 0.000862 0.985890
0.016488 0.003826 0.001176 0.978510
0.012760 0.002654 0.000998 0.983588
0.017113 0.003962 0.001249 0.977675
0.016080 0.003621 0.001164 0.979136
0.015755 0.003652 0.001093 0.979501
0.011075 0.002226 0.000862 0.985837
0.008545 0.001634 0.000705 0.989116
0.018010 0.004235 0.001317 0.976438
0.015966 0.003707 0.001119 0.979207
0.015964 0.003722 0.001112 0.979202
0.014817 0.003207 0.001104 0.980872
0.016759 0.003925 0.001207 0.978109
0.015545 0.003591 0.001071 0.979793
0.016144 0.003731 0.001185 0.978939
0.013585 0.002819 0.001046 0.982549
0.016765 0.003903 0.001204 0.978128
0.016260 0.003770 0.001150 0.978820
0.016039 0.003703 0.001120 0.979138
0.011478 0.002303 0.000904 0.985315
0.015817 0.003680 0.001116 0.979387
0.011079 0.002571 0.000694 0.985656
0.016717 0.003884 0.001216 0.978183
0.016024 0.003721 0.001148 0.979107
0.016004 0.003737 0.001125 0.979135
0.013628 0.002862 0.001034 0.982476
0.013321 0.002793 0.000984 0.982902
0.016026 0.003734 0.001172 0.979068
0.016237 0.003681 0.001156 0.978927
0.016806 0.003904 0.001215 0.978074
0.015664 0.003634 0.001083 0.979620
0.016898 0.003939 0.001208 0.977955
0.012219 0.002475 0.000986 0.984320
0.016951 0.003943 0.001224 0.977882
0.017225 0.004030 0.001233 0.977512
0.015836 0.003552 0.001156 0.979456
0.015416 0.003594 0.001055 0.979935
0.016419 0.003815 0.001176 0.978591
0.013291 0.002762 0.001023 0.982924
0.016994 0.003929 0.001245 0.977832
0.016790 0.003941 0.001163 0.978106
0.017062 0.003970 0.001229 0.977740
0.014436 0.003100 0.001118 0.981345
0.017246 0.004009 0.001240 0.977505
0.016795 0.003880 0.001235 0.978090
0.015836 0.003666 0.001105 0.979393
0.014558 0.003157 0.001123 0.981162
0.013907 0.002884 0.001085 0.982124
0.016290 0.003806 0.001161 0.978743
0.013606 0.002901 0.001061 0.982432
0.015364 0.003314 0.001177 0.980145
0.013480 0.002771 0.001057 0.982692
0.015909 0.003667 0.001110 0.979315
0.016336 0.003779 0.001176 0.978709
0.013775 0.002873 0.001063 0.982288
0.016895 0.003991 0.001193 0.977922
0.014991 0.003194 0.001135 0.980680
0.016361 0.003795 0.001163 0.978681
0.017075 0.003987 0.001222 0.977717
0.016792 0.003883 0.001216 0.978109
0.016213 0.003683 0.001178 0.978926
0.016013 0.003708 0.001116 0.979163
0.017058 0.003960 0.001213 0.977770
0.016378 0.003823 0.001167 0.978631
0.016163 0.003751 0.001131 0.978954
0.015961 0.003622 0.001116 0.979301
0.016482 0.003709 0.001216 0.978594
0.016439 0.003861 0.001165 0.978535
0.016929 0.003973 0.001194 0.977905
0.016872 0.003943 0.001190 0.977995
0.016274 0.003819 0.001150 0.978758
0.016766 0.003965 0.001171 0.978098
0.017358 0.004026 0.001276 0.977341
0.015819 0.003649 0.001137 0.979394
0.015600 0.003600 0.001086 0.979714
0.014816 0.003155 0.001150 0.980879
0.013551 0.002825 0.001050 0.982575
0.016363 0.003839 0.001148 0.978649
0.011416 0.002248 0.000918 0.985418
0.014608 0.003133 0.001101 0.981158
0.016536 0.003859 0.001165 0.978440
0.017578 0.004064 0.001252 0.977107
0.016189 0.003765 0.001137 0.978909
0.017249 0.004021 0.001246 0.977484
0.017221 0.004009 0.001227 0.977543
0.016486 0.003832 0.001188 0.978495
0.015462 0.003597 0.001043 0.979898
0.017234 0.004009 0.001247 0.977510
0.015457 0.003375 0.001181 0.979987
0.016105 0.003713 0.001126 0.979056
0.016550 0.003836 0.001156 0.978459
0.015608 0.003372 0.001188 0.979832
0.016795 0.003966 0.001233 0.978006
0.017041 0.003942 0.001237 0.977781
0.014678 0.003181 0.001097 0.981044
0.014880 0.003213 0.001123 0.980784
0.014721 0.003190 0.001117 0.980972
0.012729 0.002630 0.000958 0.983684
0.015562 0.003316 0.001203 0.979919
0.013472 0.002769 0.001045 0.982713
0.015910 0.003670 0.001095 0.979325
0.015213 0.003263 0.001157 0.980367
0.016839 0.003891 0.001232 0.978038
0.015979 0.003761 0.001079 0.979181
0.015653 0.003506 0.001132 0.979708
0.012529 0.002576 0.000971 0.983924
0.016952 0.003954 0.001209 0.977884
0.017000 0.003944 0.001223 0.977833
0.015636 0.003564 0.001117 0.979683
0.016670 0.003906 0.001173 0.978251
0.011004 0.002204 0.000842 0.985949
0.016745 0.003913 0.001192 0.978149
0.016721 0.003896 0.001190 0.978193
0.017775 0.004130 0.001291 0.976804
0.014589 0.003139 0.001076 0.981195
0.015537 0.003557 0.001108 0.979798
0.008279 0.001591 0.000666 0.989464
0.016727 0.003893 0.001222 0.978158
0.015880 0.003697 0.001128 0.979295
0.015935 0.003691 0.001124 0.979250
0.014529 0.003116 0.001091 0.981263
0.013643 0.002830 0.001060 0.982467
0.016527 0.003843 0.001170 0.978459
0.016080 0.003728 0.001101 0.979091
0.016190 0.003748 0.001160 0.978902
0.016253 0.003771 0.001161 0.978815
0.017277 0.004033 0.001264 0.977425
0.016051 0.003727 0.001145 0.979076
0.015704 0.003620 0.001109 0.979567
0.014820 0.003206 0.001117 0.980856
0.014395 0.002980 0.001132 0.981493
0.016655 0.003879 0.001177 0.978290
0.015320 0.003534 0.001123 0.980023
0.015818 0.003658 0.001113 0.979411
0.016335 0.003781 0.001170 0.978713
0.015686 0.003649 0.001094 0.979570
0.015818 0.003666 0.001120 0.979396
0.013218 0.002758 0.000986 0.983037
0.017421 0.004109 0.001252 0.977217
0.016394 0.003782 0.001161 0.978663
0.016986 0.003954 0.001228 0.977833
0.015880 0.003687 0.001115 0.979318
0.017383 0.004034 0.001243 0.977340
0.014687 0.003178 0.001099 0.981037
0.015472 0.003518 0.001123 0.979887
0.016359 0.003797 0.001136 0.978708
0.017389 0.004040 0.001288 0.977282
0.015818 0.003678 0.001119 0.979385
0.017504 0.004014 0.001283 0.977198
0.013832 0.002974 0.000944 0.982249
0.015919 0.003589 0.001146 0.979346
0.016313 0.003691 0.001180 0.978816
0.014682 0.003215 0.001081 0.981021
0.017849 0.004244 0.001256 0.976650
0.017050 0.003943 0.001281 0.977726
0.015411 0.003591 0.001040 0.979958
0.016811 0.003906 0.001209 0.978074
0.009954 0.001962 0.000802 0.987283
0.016294 0.003805 0.001201 0.978699
0.013384 0.002789 0.001018 0.982809
0.014666 0.003171 0.001104 0.981058
0.013895 0.002985 0.001063 0.982057
0.016144 0.003739 0.001137 0.978980
0.013271 0.002676 0.001070 0.982983
0.015902 0.003676 0.001126 0.979296
0.016868 0.003893 0.001209 0.978029
0.011334 0.002274 0.000900 0.985492
0.016517 0.003813 0.001201 0.978469
0.014899 0.003211 0.001106 0.980784
0.016244 0.003754 0.001173 0.978828
0.015579 0.003505 0.001121 0.979795
0.015997 0.003706 0.001115 0.979182
0.015019 0.003250 0.001128 0.980604
0.016140 0.003750 0.001123 0.978987
0.016565 0.003846 0.001170 0.978420
0.016094 0.003725 0.001141 0.979040
0.016589 0.003831 0.001192 0.978387
0.017731 0.004181 0.001282 0.976806
0.016287 0.003809 0.001141 0.978764
0.015951 0.003621 0.001144 0.979284
0.012186 0.002447 0.000981 0.984386
0.016217 0.003746 0.001139 0.978897
0.016486 0.003832 0.001217 0.978465
0.016402 0.003798 0.001182 0.978618
0.016346 0.003796 0.001169 0.978689
0.014724 0.003189 0.001103 0.980985
0.015590 0.003593 0.001107 0.979711
0.013849 0.002902 0.001074 0.982175
0.013745 0.002873 0.001059 0.982323
0.016319 0.003761 0.001147 0.978773
0.017338 0.004027 0.001246 0.977388
0.016392 0.003807 0.001161 0.978640
0.016138 0.003750 0.001136 0.978976
0.016579 0.003852 0.001177 0.978392
0.016100 0.003749 0.001115 0.979036
0.016696 0.003908 0.001171 0.978226
0.016674 0.003901 0.001179 0.978245
0.016868 0.003949 0.001193 0.977991
0.017381 0.004049 0.001243 0.977327
0.017296 0.004059 0.001238 0.977408
0.015939 0.003628 0.001133 0.979300
0.016960 0.003967 0.001226 0.977848
0.016549 0.003863 0.001188 0.978401
0.016131 0.003730 0.001136 0.979004
0.012537 0.002596 0.001002 0.983865
0.015057 0.003243 0.001140 0.980560
0.017585 0.004130 0.001258 0.977027
0.016137 0.003721 0.001138 0.979004
0.015673 0.003662 0.001074 0.979592
0.012365 0.002515 0.000976 0.984143
0.011471 0.002320 0.000891 0.985318
0.017024 0.003938 0.001228 0.977810
0.016931 0.003913 0.001223 0.977933
0.016628 0.003885 0.001188 0.978300
0.015721 0.003572 0.001120 0.979587
0.016756 0.003904 0.001212 0.978128
0.011775 0.002367 0.000937 0.984921
0.016987 0.003938 0.001208 0.977867
0.016935 0.003919 0.001223 0.977923
0.016445 0.003806 0.001194 0.978555
0.017850 0.004180 0.001288 0.976682
0.014706 0.003181 0.001105 0.981008
0.015569 0.003602 0.001122 0.979708
0.011248 0.002243 0.000887 0.985623
0.015466 0.003358 0.001179 0.979998
0.016055 0.003751 0.001125 0.979069
0.016916 0.003791 0.001265 0.978028
0.011102 0.002216 0.000890 0.985792
0.015827 0.003656 0.001119 0.979398
0.015641 0.003367 0.001188 0.979804
0.013597 0.002847 0.001048 0.982508
0.015368 0.003547 0.001142 0.979943
0.016501 0.003817 0.001177 0.978504
0.016899 0.003895 0.001238 0.977968
0.016169 0.003753 0.001130 0.978948
0.015650 0.003511 0.001127 0.979712
0.014492 0.003038 0.001123 0.981347
0.017690 0.004155 0.001272 0.976884
0.016872 0.003899 0.001221 0.978009
0.016281 0.003776 0.001147 0.978796
0.015997 0.003700 0.001140 0.979163
0.015297 0.003310 0.001167 0.980225
0.016052 0.003708 0.001136 0.979103
0.017033 0.003910 0.001255 0.977801
0.012687 0.002603 0.000979 0.983730
0.016088 0.003616 0.001174 0.979122
0.011766 0.002313 0.000976 0.984944
0.015864 0.003668 0.001121 0.979347
0.017128 0.003971 0.001250 0.977652
0.014159 0.003038 0.001036 0.981768
0.016775 0.003889 0.001199 0.978137
0.014321 0.002943 0.001138 0.981598
0.017215 0.003980 0.001246 0.977559
0.016293 0.003708 0.001174 0.978825
0.016065 0.003612 0.001158 0.979166
0.016743 0.003909 0.001173 0.978175
0.017251 0.004029 0.001270 0.977449
0.016098 0.003732 0.001137 0.979033
0.016534 0.003814 0.001195 0.978457
0.014808 0.003183 0.001115 0.980895
0.016038 0.003714 0.001143 0.979105
0.013729 0.002831 0.001092 0.982347
0.011578 0.002329 0.000905 0.985188
0.017685 0.004113 0.001307 0.976895
0.011150 0.002205 0.000890 0.985755
0.015950 0.003697 0.001163 0.979190
0.014554 0.003117 0.001089 0.981240
0.016649 0.003848 0.001223 0.978281
0.013103 0.002699 0.001006 0.983192
0.016704 0.003862 0.001208 0.978226
0.013528 0.002780 0.001045 0.982647
0.015868 0.003671 0.001115 0.979347
0.016322 0.003758 0.001144 0.978776
0.016090 0.003725 0.001106 0.979080
0.016795 0.003919 0.001200 0.978086
0.016910 0.003939 0.001207 0.977944
0.016503 0.003861 0.001160 0.978476
0.016746 0.003923 0.001184 0.978147
0.015990 0.003739 0.001138 0.979132
0.016002 0.003771 0.001083 0.979145
0.016453 0.003833 0.001231 0.978483
0.015861 0.003723 0.001066 0.979350
0.017119 0.003971 0.001257 0.977653
0.013647 0.002867 0.001044 0.982442
0.017253 0.004037 0.001236 0.977474
0.015859 0.003438 0.001214 0.979488
0.015578 0.003663 0.001038 0.979721
0.017290 0.004055 0.001233 0.977421
0.013157 0.002705 0.001047 0.983091
0.015719 0.003633 0.001104 0.979545
0.016148 0.003742 0.001163 0.978948
0.014981 0.003218 0.001132 0.980669
0.016315 0.003828 0.001167 0.978691
0.015792 0.003651 0.001087 0.979471
0.016882 0.003928 0.001228 0.977962
0.013831 0.002872 0.001077 0.982220
0.017180 0.003998 0.001230 0.977592
0.014206 0.003025 0.001050 0.981719
0.016014 0.003591 0.001155 0.979241
0.017255 0.004048 0.001253 0.977444
0.016439 0.003786 0.001187 0.978588
0.016019 0.003716 0.001104 0.979161
0.016427 0.003786 0.001203 0.978583
0.013279 0.002771 0.001005 0.982945
0.016298 0.003788 0.001145 0.978769
0.014024 0.002894 0.001120 0.981962
0.015819 0.003655 0.001115 0.979411
0.016905 0.003876 0.001233 0.977987
0.014464 0.003109 0.001076 0.981352
0.015954 0.003734 0.001112 0.979199
0.013690 0.002831 0.001054 0.982425
0.017165 0.003963 0.001268 0.977604
0.016077 0.003713 0.001131 0.979078
0.016427 0.003811 0.001189 0.978573
0.013930 0.002900 0.001083 0.982086
0.015934 0.003728 0.001148 0.979190
0.017142 0.004038 0.001219 0.977601
0.016374 0.003781 0.001192 0.978653
0.013234 0.002766 0.001004 0.982997
0.015196 0.003273 0.001155 0.980377
0.014087 0.002933 0.001088 0.981892
0.015832 0.003592 0.001122 0.979454
0.016712 0.003844 0.001199 0.978245
0.016534 0.003830 0.001176 0.978460
0.016393 0.003824 0.001158 0.978625
0.017411 0.004022 0.001283 0.977284
0.015581 0.003597 0.001085 0.979737
0.016620 0.003868 0.001197 0.978315
0.014162 0.003037 0.001057 0.981744
0.016080 0.003740 0.001157 0.979023
0.010892 0.002134 0.000869 0.986105
0.016044 0.003731 0.001136 0.979089
0.014983 0.003232 0.001126 0.980659
0.016742 0.003875 0.001205 0.978179
0.017049 0.003983 0.001236 0.977732
0.015489 0.003585 0.001068 0.979858
0.016313 0.003769 0.001161 0.978758
0.013599 0.002839 0.001051 0.982512
0.016796 0.003898 0.001211 0.978095
0.016537 0.003870 0.001154 0.978440
0.016304 0.003765 0.001155 0.978777
0.016439 0.003859 0.001161 0.978541
0.017103 0.003969 0.001230 0.977698
0.016090 0.003755 0.001123 0.979031
0.016949 0.003877 0.001243 0.977930
0.016322 0.003808 0.001154 0.978715
0.016378 0.003784 0.001166 0.978672
0.016331 0.003825 0.001158 0.978686
0.016268 0.003673 0.001181 0.978879
0.016175 0.003784 0.001138 0.978903
0.016357 0.003776 0.001171 0.978696
0.016804 0.003935 0.001184 0.978078
0.017149 0.004002 0.001234 0.977615
0.016625 0.003876 0.001188 0.978311
0.016640 0.003837 0.001195 0.978329
0.016074 0.003720 0.001145 0.979062
0.012159 0.002750 0.000824 0.984268
0.016914 0.003959 0.001219 0.977908
0.011262 0.002254 0.000890 0.985594
0.016492 0.003819 0.001169 0.978519
0.016637 0.003756 0.001208 0.978400
0.016243 0.003752 0.001159 0.978846
0.016671 0.003886 0.001298 0.978146
0.016217 0.003756 0.001139 0.978888
0.016079 0.003652 0.001155 0.979114
0.016270 0.003789 0.001147 0.978793
0.016807 0.003912 0.001197 0.978085
0.008253 0.001573 0.000693 0.989481
0.015243 0.003550 0.001110 0.980098
0.016723 0.003791 0.001240 0.978246
0.015729 0.003637 0.001122 0.979512
0.015602 0.003563 0.001110 0.979725
0.015450 0.003332 0.001174 0.980045
0.011282 0.002232 0.000916 0.985569
0.016429 0.003828 0.001183 0.978560
0.016819 0.003887 0.001192 0.978101
0.018074 0.004189 0.001335 0.976402
0.014522 0.003283 0.001073 0.981121
0.015865 0.003626 0.001131 0.979378
0.014273 0.002974 0.001122 0.981631
0.016120 0.003748 0.001150 0.978981
0.015541 0.003515 0.001086 0.979858
0.008099 0.001547 0.000657 0.989697
0.014653 0.003065 0.001143 0.981138
0.016729 0.003966 0.001170 0.978135
0.015758 0.003665 0.001224 0.979353
0.015636 0.003628 0.001084 0.979651
0.016989 0.003972 0.001223 0.977816
0.013326 0.002809 0.001005 0.982859
0.015837 0.003685 0.001104 0.979374
0.012671 0.002558 0.001010 0.983760
0.016655 0.003922 0.001157 0.978266
0.017080 0.004024 0.001206 0.977690
0.015823 0.003675 0.001118 0.979384
0.017107 0.003987 0.001217 0.977689
0.017188 0.004030 0.001237 0.977545
0.016709 0.003879 0.001189 0.978223
0.017107 0.004018 0.001184 0.977691
0.017470 0.004093 0.001277 0.977160
0.016036 0.003676 0.001151 0.979137
0.016923 0.003884 0.001217 0.977976
0.015120 0.003272 0.001169 0.980439
0.014620 0.003153 0.001082 0.981146
0.015956 0.003602 0.001211 0.979230
0.013392 0.002792 0.001034 0.982782
0.016695 0.003879 0.001191 0.978235
0.012203 0.002488 0.000934 0.984375
0.010710 0.002109 0.000884 0.986297
0.013063 0.002690 0.000995 0.983252
0.017683 0.004027 0.001317 0.976973
0.012909 0.002663 0.001012 0.983416
0.015381 0.003490 0.001144 0.979985
0.015876 0.003396 0.001240 0.979488
0.014518 0.003136 0.001087 0.981259
0.016403 0.003806 0.001158 0.978633
0.013563 0.002815 0.001062 0.982560
0.013342 0.002781 0.001010 0.982867
0.017920 0.004253 0.001269 0.976558
0.015982 0.003690 0.001103 0.979226
0.016321 0.003779 0.001148 0.978752
0.016473 0.003813 0.001173 0.978541
0.016804 0.003883 0.001218 0.978095
0.016004 0.003729 0.001127 0.979140
0.016513 0.003858 0.001172 0.978457
0.013621 0.002865 0.001039 0.982476
0.017160 0.004013 0.001259 0.977568
0.016161 0.003763 0.001121 0.978954
0.015995 0.003629 0.001141 0.979235
0.015815 0.003411 0.001201 0.979572
0.017585 0.004078 0.001272 0.977065
0.017322 0.004058 0.001237 0.977383
0.016018 0.003710 0.001103 0.979169
0.016960 0.003951 0.001231 0.977858
0.015384 0.003597 0.001122 0.979897
0.016111 0.003753 0.001124 0.979012
0.014830 0.003184 0.001135 0.980851
0.012837 0.002688 0.000929 0.983546
0.018694 0.004443 0.001347 0.975516
0.011365 0.002245 0.000917 0.985473
0.017231 0.003990 0.001234 0.977545
0.016618 0.003877 0.001167 0.978338
0.016863 0.003907 0.001224 0.978006
0.016572 0.003903 0.001175 0.978350
0.016016 0.003725 0.001131 0.979129
0.011421 0.002287 0.000913 0.985380
0.010701 0.002133 0.000819 0.986346
0.012732 0.002559 0.001025 0.983685
0.017370 0.004091 0.001242 0.977297
0.016108 0.003666 0.001130 0.979096
0.016926 0.003929 0.001219 0.977927
0.016751 0.003885 0.001216 0.978148
0.016525 0.003898 0.001170 0.978408
0.016441 0.003822 0.001182 0.978555
0.014748 0.003172 0.001101 0.980979
0.012582 0.002601 0.000975 0.983842
0.014655 0.003082 0.001117 0.981147
0.017708 0.004084 0.001300 0.976908
0.016575 0.003827 0.001185 0.978413
0.015307 0.003431 0.001107 0.980155
0.013748 0.002835 0.001098 0.982319
0.015000 0.003227 0.001134 0.980639
0.016144 0.003754 0.001137 0.978966
0.012827 0.002585 0.001006 0.983581
0.013693 0.002840 0.001055 0.982413
0.015668 0.003609 0.001230 0.979494
0.015389 0.003440 0.001098 0.980073
0.016477 0.003814 0.001167 0.978542
0.014924 0.003226 0.001109 0.980741
0.016789 0.003928 0.001203 0.978081
0.009025 0.001688 0.000756 0.988530
0.017689 0.004118 0.001290 0.976902
0.016275 0.003807 0.001163 0.978754
0.016089 0.003730 0.001135 0.979047
0.013333 0.002788 0.001016 0.982863
0.014743 0.003174 0.001119 0.980963
0.015878 0.003703 0.001099 0.979319
0.017650 0.004091 0.001290 0.976969
0.014304 0.003087 0.001049 0.981560
0.016842 0.003859 0.001226 0.978073
0.011841 0.002342 0.000952 0.984865
0.016599 0.003836 0.001167 0.978398
0.016864 0.003958 0.001187 0.977992
0.017082 0.003956 0.001251 0.977711
0.016555 0.003908 0.001168 0.978370
0.016673 0.003880 0.001192 0.978255
0.013183 0.002745 0.001021 0.983051
0.013952 0.002916 0.001086 0.982047
0.013089 0.002714 0.001012 0.983185
0.015359 0.003293 0.001171 0.980177
0.015926 0.003663 0.001126 0.979285
0.015926 0.003581 0.001151 0.979342
0.014412 0.003012 0.001120 0.981455
0.017067 0.003975 0.001215 0.977743
0.016520 0.003751 0.001198 0.978532
0.015336 0.003443 0.001077 0.980143
0.017093 0.003958 0.001241 0.977708
0.016440 0.003854 0.001170 0.978536
0.015398 0.003593 0.001111 0.979897
0.013419 0.002805 0.001033 0.982743
0.013024 0.002677 0.001027 0.983271
0.016361 0.003815 0.001156 0.978668
0.015978 0.003684 0.001136 0.979202
0.013870 0.002886 0.001064 0.982181
0.016697 0.003886 0.001187 0.978230
0.016140 0.003661 0.001162 0.979037
0.017037 0.003936 0.001231 0.977796
0.016332 0.003795 0.001138 0.978734
0.017051 0.003977 0.001239 0.977732
0.016054 0.003752 0.001130 0.979065
0.016553 0.003854 0.001196 0.978398
0.014942 0.003227 0.001116 0.980715
0.016243 0.003762 0.001166 0.978829
0.015784 0.003395 0.001217 0.979604
0.016267 0.003785 0.001152 0.978796
0.015821 0.003515 0.001167 0.979497
0.014245 0.003056 0.001054 0.981646
0.016493 0.003820 0.001172 0.978515
0.014700 0.003154 0.001102 0.981044
0.016235 0.003773 0.001147 0.978845
0.016951 0.003939 0.001188 0.977922
0.016926 0.003929 0.001199 0.977947
0.016988 0.003966 0.001222 0.977824
0.016271 0.003736 0.001165 0.978828
0.016111 0.003750 0.001129 0.979010
0.016254 0.003791 0.001175 0.978780
0.015786 0.003699 0.001097 0.979418
0.017627 0.004154 0.001295 0.976924
0.010488 0.002089 0.000817 0.986606
0.016562 0.003758 0.001233 0.978447
0.012629 0.002579 0.000963 0.983830
0.016214 0.003750 0.001113 0.978923
0.014023 0.003029 0.001076 0.981873
0.016368 0.003781 0.001146 0.978705
0.017106 0.004013 0.001222 0.977659
0.015957 0.003693 0.001119 0.979232
0.016201 0.003733 0.001147 0.978919
0.011893 0.002427 0.000931 0.984749
0.016749 0.003923 0.001202 0.978127
0.016080 0.003757 0.001090 0.979073
0.016716 0.003876 0.001213 0.978196
0.015029 0.003375 0.001064 0.980532
0.016447 0.003826 0.001172 0.978555
0.013766 0.002886 0.001054 0.982294
0.016094 0.003755 0.001100 0.979051
0.015292 0.003322 0.001119 0.980267
0.015628 0.003615 0.001080 0.979677
0.016904 0.003889 0.001216 0.977991
0.016740 0.003876 0.001196 0.978188
0.016819 0.003923 0.001210 0.978047
0.016930 0.004010 0.001195 0.977865
0.016730 0.003915 0.001206 0.978149
0.011396 0.002287 0.000908 0.985409
0.014429 0.003099 0.001069 0.981403
0.013931 0.002872 0.001110 0.982087
0.013116 0.002719 0.001014 0.983151
0.015279 0.003433 0.001060 0.980228
0.015449 0.003251 0.001206 0.980094
0.014416 0.003097 0.001081 0.981407
0.017349 0.004027 0.001253 0.977371
0.010037 0.001970 0.000802 0.987191
0.016604 0.003832 0.001242 0.978321
0.012916 0.002700 0.000936 0.983447
0.016722 0.003865 0.001223 0.978190
0.013250 0.002712 0.001043 0.982994
0.016438 0.003827 0.001166 0.978570
0.013700 0.002831 0.001081 0.982388
0.012618 0.002627 0.000964 0.983791
0.016462 0.003853 0.001147 0.978539
0.014182 0.002903 0.001144 0.981772
0.015722 0.003634 0.001106 0.979538
0.017365 0.004028 0.001242 0.977365
0.012696 0.002606 0.000969 0.983728
0.016383 0.003826 0.001160 0.978632
0.016658 0.003890 0.001159 0.978293
0.017458 0.004033 0.001276 0.977232
0.015362 0.003567 0.001058 0.980012
0.016696 0.003859 0.001187 0.978257
0.015242 0.003300 0.001166 0.980292
0.015781 0.003645 0.001111 0.979463
0.015864 0.003698 0.001095 0.979342
0.015309 0.003257 0.001193 0.980242
0.011046 0.002232 0.000857 0.985865
0.015680 0.003716 0.001144 0.979460
0.011226 0.002236 0.000890 0.985648
0.016814 0.003893 0.001215 0.978078
0.016018 0.003768 0.001102 0.979112
0.016294 0.003722 0.001135 0.978849
0.011246 0.002242 0.000904 0.985608
0.016520 0.003866 0.001177 0.978438
0.016582 0.003854 0.001179 0.978385
0.016700 0.003902 0.001215 0.978184
0.015619 0.003647 0.001081 0.979654
0.016609 0.003893 0.001176 0.978322
0.015413 0.003306 0.001170 0.980111
0.015844 0.003582 0.001131 0.979443
0.015510 0.003582 0.001091 0.979816
0.016436 0.003812 0.001158 0.978594
0.017136 0.004012 0.001249 0.977603
0.015924 0.003740 0.001090 0.979247
0.016268 0.003788 0.001135 0.978809
0.015119 0.003273 0.001145 0.980463
0.016412 0.003780 0.001169 0.978639
0.017786 0.004171 0.001268 0.976775
0.016095 0.003749 0.001150 0.979005
0.016822 0.003936 0.001177 0.978065
0.017633 0.004128 0.001280 0.976959
0.015843 0.003613 0.001147 0.979397
0.015854 0.003604 0.001134 0.979408
0.013522 0.002824 0.001030 0.982624
0.013366 0.002791 0.001084 0.982760
0.016131 0.003760 0.001121 0.978988
0.017584 0.004066 0.001283 0.977067
0.011584 0.002328 0.000919 0.985169
0.016421 0.003812 0.001174 0.978594
0.012801 0.002591 0.001007 0.983602
0.016602 0.003874 0.001183 0.978341
0.016490 0.003834 0.001164 0.978513
0.016353 0.003808 0.001138 0.978701
0.017467 0.004051 0.001286 0.977196
0.007733 0.001478 0.000638 0.990150
0.017064 0.003896 0.001241 0.977799
0.014621 0.003054 0.001157 0.981167
0.015412 0.003565 0.001123 0.979900
0.016799 0.003808 0.001230 0.978163
0.010332 0.002021 0.000845 0.986802
0.013518 0.002827 0.001051 0.982604
0.014735 0.003182 0.001103 0.980980
0.014435 0.002977 0.001154 0.981433
0.014916 0.003187 0.001141 0.980756
0.015654 0.003609 0.001091 0.979645
0.014410 0.002975 0.001152 0.981462
0.014815 0.003204 0.001108 0.980872
0.016221 0.003708 0.001153 0.978917
0.013147 0.002705 0.000991 0.983158
0.016197 0.003751 0.001116 0.978936
0.017544 0.004104 0.001278 0.977073
0.015626 0.003582 0.001090 0.979702
0.016900 0.003918 0.001210 0.977973
0.013825 0.002912 0.001065 0.982198
0.016159 0.003787 0.001123 0.978931
0.018315 0.004319 0.001314 0.976051
0.015679 0.003626 0.001112 0.979583
0.016199 0.003771 0.001136 0.978894
0.012022 0.002409 0.000956 0.984613
0.014175 0.003044 0.001092 0.981690
0.016425 0.003827 0.001151 0.978597
0.016964 0.003927 0.001251 0.977859
0.011291 0.002255 0.000904 0.985550
0.016509 0.003869 0.001167 0.978455
0.011321 0.002238 0.000910 0.985531
0.015394 0.003342 0.001158 0.980107
0.017538 0.004139 0.001257 0.977066
0.016622 0.003823 0.001202 0.978353
0.015683 0.003633 0.001082 0.979602
0.016110 0.003734 0.001135 0.979021
0.015672 0.003394 0.001207 0.979727
0.016321 0.003674 0.001190 0.978816
0.016884 0.003911 0.001198 0.978007
0.014229 0.003057 0.001020 0.981693
0.016934 0.003920 0.001229 0.977917
0.017056 0.003961 0.001230 0.977753
0.015836 0.003609 0.001120 0.979434
0.016401 0.003812 0.001183 0.978604
0.010994 0.002197 0.000851 0.985959
0.016883 0.003962 0.001202 0.977953
0.016371 0.003813 0.001157 0.978659
0.015793 0.003672 0.001107 0.979428
0.011518 0.002322 0.000912 0.985248
0.011443 0.002307 0.000917 0.985334
0.017270 0.004056 0.001229 0.977445
0.016046 0.003717 0.001121 0.979116
0.016563 0.003824 0.001189 0.978424
0.015829 0.003682 0.001105 0.979383
0.016224 0.003695 0.001160 0.978921
0.016147 0.003768 0.001131 0.978954
0.016980 0.003944 0.001219 0.977857
0.016713 0.003906 0.001161 0.978219
0.016071 0.003710 0.001143 0.979077
0.016473 0.003825 0.001134 0.978568
0.016088 0.003735 0.001131 0.979047
0.016308 0.003837 0.001207 0.978648
0.015710 0.003638 0.001091 0.979560
0.017055 0.004020 0.001239 0.977687
0.011180 0.002224 0.000879 0.985718
0.016555 0.003877 0.001165 0.978404
0.014906 0.003219 0.001142 0.980733
0.017227 0.004060 0.001222 0.977491
0.016716 0.003870 0.001201 0.978213
0.016066 0.003732 0.001138 0.979063
0.016328 0.003785 0.001168 0.978719
0.014170 0.002965 0.001121 0.981744
0.015987 0.003693 0.001135 0.979185
0.017148 0.003946 0.001231 0.977675
0.014095 0.002922 0.001104 0.981879
0.016470 0.003807 0.001161 0.978562
0.017094 0.003952 0.001240 0.977714
0.016388 0.003789 0.001173 0.978650
0.015984 0.003693 0.001121 0.979202
0.010877 0.002181 0.000886 0.986056
0.014426 0.003098 0.001059 0.981417
0.017713 0.004156 0.001284 0.976848
0.016479 0.003821 0.001173 0.978527
0.016108 0.003700 0.001157 0.979035
0.010494 0.002074 0.000844 0.986587
0.011726 0.002385 0.000916 0.984973
0.017136 0.004035 0.001226 0.977603
0.016655 0.003833 0.001223 0.978289
0.015477 0.003580 0.001065 0.979878
0.016436 0.003806 0.001156 0.978602
0.013456 0.002800 0.001030 0.982714
0.016881 0.003920 0.001220 0.977978
0.016151 0.003746 0.001127 0.978976
0.016582 0.003783 0.001199 0.978436
0.014483 0.003145 0.001060 0.981313
0.017134 0.004009 0.001234 0.977623
0.015881 0.003598 0.001143 0.979379
0.016671 0.003845 0.001199 0.978285
0.016679 0.003897 0.001196 0.978228
0.016614 0.003857 0.001161 0.978368
0.016340 0.003811 0.001138 0.978710
0.016387 0.003806 0.001156 0.978651
0.015760 0.003653 0.001103 0.979484
0.016821 0.003903 0.001222 0.978054
0.015215 0.003546 0.001021 0.980219
0.016430 0.003858 0.001148 0.978564
0.014065 0.002950 0.001095 0.981891
0.016722 0.003912 0.001195 0.978172
0.017013 0.003980 0.001200 0.977807
0.016956 0.003930 0.001210 0.977903
0.016869 0.003980 0.001201 0.977951
0.016499 0.003746 0.001191 0.978565
0.016698 0.003888 0.001188 0.978226
0.017656 0.004079 0.001331 0.976935
0.015372 0.003481 0.001088 0.980059
0.017335 0.003932 0.001289 0.977444
0.014379 0.003100 0.001051 0.981471
0.016722 0.003842 0.001228 0.978208
0.013517 0.002780 0.001043 0.982660
0.016814 0.003888 0.001229 0.978069
0.012828 0.002638 0.001007 0.983527
0.015810 0.003654 0.001092 0.979443
0.015881 0.003426 0.001228 0.979465
0.012940 0.002703 0.000974 0.983382
0.016379 0.003792 0.001163 0.978666
0.010418 0.002010 0.000864 0.986709
0.015993 0.003699 0.001126 0.979182
0.016812 0.003937 0.001200 0.978051
0.013625 0.002837 0.001044 0.982495
0.016872 0.003952 0.001208 0.977968
0.017042 0.003937 0.001210 0.977812
0.016372 0.003682 0.001230 0.978716
0.008317 0.001592 0.000770 0.989321
0.016504 0.003726 0.001216 0.978554
0.014304 0.003096 0.001049 0.981551
