0.107000 0.050689 0.390494 0.451817
0.106857 0.050939 0.390718 0.451485
0.106805 0.050853 0.390190 0.452152
0.107057 0.050874 0.390030 0.452039
0.106425 0.050586 0.390243 0.452747
0.106945 0.050691 0.390445 0.451919
0.106851 0.050598 0.390349 0.452202
0.106840 0.050772 0.390089 0.452299
0.106624 0.050803 0.388935 0.453638
0.107032 0.050808 0.390231 0.451929
0.106970 0.050875 0.390220 0.451935
0.106924 0.050663 0.390485 0.451928
0.106521 0.050460 0.391658 0.451361
0.100697 0.047787 0.367613 0.483903
0.106968 0.050855 0.389410 0.452766
0.106606 0.050728 0.390099 0.452568
0.106324 0.050409 0.392130 0.451137
0.106965 0.050723 0.390383 0.451929
0.106920 0.050732 0.390046 0.452303
0.106924 0.050810 0.389753 0.452513
0.107057 0.051014 0.389733 0.452196
0.106792 0.050620 0.390808 0.451781
0.106983 0.050682 0.390331 0.452004
0.106581 0.050488 0.391643 0.451289
0.106943 0.050691 0.390338 0.452028
0.106651 0.050543 0.389283 0.453523
0.106944 0.050808 0.390516 0.451732
0.106886 0.050958 0.390479 0.451677
0.106425 0.050410 0.391566 0.451599
0.106962 0.050686 0.390449 0.451902
0.107029 0.050716 0.389904 0.452351
0.100782 0.047884 0.367561 0.483773
0.106774 0.050853 0.388725 0.453647
0.106330 0.050435 0.392025 0.451211
0.106920 0.050642 0.390669 0.451768
0.106911 0.050586 0.390863 0.451639
0.106966 0.050744 0.390070 0.452220
0.106075 0.049664 0.399098 0.445163
0.106744 0.050609 0.391203 0.451444
0.106749 0.050643 0.391065 0.451543
0.106532 0.050542 0.391696 0.451230
0.107038 0.050678 0.390396 0.451888
0.106975 0.050709 0.390395 0.451921
0.107031 0.050736 0.390292 0.451941
0.106917 0.050880 0.390594 0.451608
0.098135 0.046734 0.358437 0.496694
0.106841 0.050621 0.390806 0.451733
0.106923 0.050654 0.390552 0.451871
0.106970 0.050691 0.390437 0.451901
0.106838 0.050972 0.390765 0.451425
0.106494 0.050713 0.391453 0.451340
0.106999 0.050811 0.390137 0.452053
0.107140 0.050890 0.389630 0.452340
0.106468 0.050464 0.391930 0.451138
0.106893 0.050737 0.389702 0.452668
0.106445 0.050387 0.389045 0.454124
0.093117 0.044250 0.340221 0.522412
0.105748 0.050313 0.393590 0.450349
0.106862 0.050731 0.390890 0.451516
0.106558 0.050521 0.391679 0.451242
0.106221 0.050479 0.390931 0.452369
0.106761 0.050639 0.389315 0.453285
0.106551 0.050422 0.392067 0.450959
0.106393 0.050645 0.391843 0.451119
0.106213 0.050349 0.390405 0.453033
0.106239 0.050354 0.390562 0.452845
0.106931 0.050697 0.390198 0.452173
0.106966 0.050696 0.390333 0.452005
0.106338 0.050627 0.392388 0.450648
0.106825 0.050775 0.389882 0.452518
0.106494 0.050492 0.391868 0.451147
0.106793 0.050562 0.390659 0.451986
0.106714 0.050622 0.388664 0.454000
0.106538 0.050501 0.391606 0.451356
0.107086 0.050787 0.390010 0.452116
0.106928 0.050714 0.390628 0.451730
0.107068 0.050742 0.390109 0.452081
0.106860 0.050719 0.390648 0.451773
0.107104 0.050814 0.390082 0.452000
0.106939 0.050585 0.390844 0.451632
0.100193 0.047492 0.368793 0.483522
0.106143 0.050250 0.392574 0.451033
0.106485 0.050442 0.391965 0.451108
0.106923 0.050629 0.390855 0.451593
0.106985 0.050709 0.390391 0.451915
0.106916 0.050874 0.390565 0.451645
0.106950 0.050896 0.390283 0.451871
0.106925 0.050829 0.390197 0.452049
0.106513 0.050612 0.389597 0.453277
0.106981 0.050895 0.390119 0.452005
0.106970 0.050703 0.390359 0.451968
0.106796 0.050583 0.389354 0.453267
0.106669 0.050740 0.388807 0.453783
0.107102 0.050810 0.389917 0.452171
0.106899 0.050615 0.390884 0.451602
0.106943 0.050699 0.390437 0.451922
0.106950 0.050759 0.390366 0.451925
0.106723 0.050895 0.389073 0.453310
0.106625 0.050494 0.389494 0.453387
0.106111 0.050437 0.392723 0.450728
0.106937 0.050804 0.390198 0.452061
0.107140 0.050865 0.389667 0.452327
0.106654 0.050473 0.390343 0.452530
0.107008 0.050752 0.390230 0.452011
0.106904 0.050740 0.390501 0.451854
0.106964 0.050892 0.390447 0.451696
0.106439 0.050592 0.391796 0.451173
0.106968 0.050693 0.390426 0.451912
0.107079 0.050761 0.390136 0.452024
0.106865 0.050881 0.390395 0.451859
0.106429 0.050490 0.390488 0.452592
0.106854 0.050812 0.390957 0.451376
0.107095 0.050790 0.390019 0.452096
0.106913 0.050592 0.390896 0.451599
0.106970 0.050698 0.390444 0.451888
0.106985 0.050786 0.390434 0.451796
0.106925 0.051049 0.390448 0.451578
0.106913 0.050834 0.390781 0.451473
0.106464 0.050581 0.391783 0.451173
0.107105 0.050796 0.389967 0.452132
0.106952 0.050664 0.390463 0.451921
0.106144 0.049418 0.399971 0.444467
0.106619 0.050677 0.389345 0.453359
0.106813 0.050798 0.390064 0.452324
0.106437 0.050467 0.392262 0.450834
0.106947 0.050756 0.390374 0.451923
0.107009 0.050795 0.389997 0.452199
0.106979 0.050694 0.390374 0.451954
0.106866 0.050977 0.390246 0.451911
0.106928 0.050808 0.390646 0.451618
0.106537 0.050504 0.391603 0.451356
0.107005 0.050693 0.390399 0.451904
0.105938 0.049251 0.400561 0.444250
0.106872 0.050632 0.390072 0.452424
0.106662 0.050653 0.389222 0.453463
0.106901 0.051001 0.390344 0.451754
0.106824 0.050691 0.391073 0.451411
0.106942 0.050702 0.390499 0.451857
0.106094 0.050272 0.387377 0.456257
0.092262 0.044002 0.337733 0.526003
0.093237 0.044398 0.340761 0.521604
0.106949 0.050910 0.390262 0.451878
0.106470 0.050495 0.391719 0.451316
0.107068 0.050734 0.390121 0.452078
0.106925 0.050668 0.390402 0.452005
0.100815 0.047788 0.367785 0.483612
0.106875 0.050809 0.390831 0.451485
0.105706 0.050314 0.394047 0.449932
0.106494 0.050503 0.391646 0.451357
0.106946 0.050675 0.390510 0.451868
0.106972 0.050705 0.390406 0.451917
0.107022 0.050898 0.390255 0.451826
0.106605 0.050822 0.389617 0.452956
0.106097 0.050226 0.393099 0.450577
0.106901 0.050600 0.391071 0.451427
0.106979 0.050727 0.390363 0.451930
0.106904 0.050704 0.389567 0.452825
0.107070 0.051064 0.389512 0.452354
0.106960 0.050647 0.390576 0.451816
0.106867 0.050581 0.390994 0.451558
0.106456 0.050440 0.391702 0.451402
0.107161 0.050831 0.389350 0.452658
0.107101 0.050882 0.389703 0.452314
0.106990 0.050641 0.390651 0.451717
0.106531 0.050589 0.390951 0.451930
0.106757 0.050816 0.390363 0.452064
0.106873 0.050650 0.390753 0.451724
0.106947 0.050744 0.390420 0.451888
0.107114 0.050903 0.389600 0.452383
0.106930 0.050821 0.390446 0.451802
0.107063 0.050845 0.389778 0.452314
0.106605 0.050679 0.389436 0.453279
0.107078 0.050770 0.390121 0.452032
0.106867 0.050815 0.390706 0.451613
0.106981 0.050744 0.390112 0.452163
0.100858 0.047795 0.367920 0.483427
0.100733 0.048038 0.368289 0.482940
0.106634 0.050745 0.391284 0.451336
0.106995 0.050856 0.390437 0.451712
0.106540 0.050555 0.391480 0.451425
0.106849 0.050577 0.390402 0.452172
0.105733 0.050132 0.385867 0.458268
0.106789 0.050897 0.391074 0.451241
0.106722 0.050680 0.390999 0.451599
0.106441 0.050664 0.391725 0.451170
0.106945 0.050668 0.390552 0.451836
0.106725 0.050549 0.389824 0.452901
0.106555 0.050596 0.388775 0.454074
0.106520 0.050849 0.389184 0.453447
0.106146 0.050468 0.393147 0.450239
0.106914 0.050648 0.390888 0.451550
0.106972 0.050708 0.390430 0.451890
0.106042 0.049333 0.400997 0.443629
0.107010 0.050996 0.389578 0.452416
0.106935 0.050651 0.390483 0.451931
0.106858 0.050785 0.390917 0.451440
0.106976 0.050749 0.390269 0.452006
0.106938 0.050631 0.390691 0.451740
0.106955 0.050714 0.390535 0.451796
0.106927 0.050950 0.390421 0.451702
0.099491 0.047310 0.363187 0.490012
0.106895 0.050753 0.390303 0.452049
0.107070 0.050727 0.390195 0.452008
0.106956 0.050668 0.390549 0.451828
0.106996 0.050703 0.390449 0.451852
0.106898 0.050960 0.390428 0.451713
0.106631 0.050785 0.390507 0.452078
0.106571 0.050500 0.391543 0.451385
0.106079 0.050478 0.392809 0.450634
0.107017 0.050711 0.390374 0.451899
0.106928 0.050622 0.390751 0.451698
0.107023 0.050728 0.390297 0.451953
0.105715 0.049449 0.398509 0.446327
0.106974 0.050878 0.390032 0.452116
0.106793 0.050656 0.391024 0.451526
0.107107 0.050817 0.389843 0.452233
0.106923 0.050603 0.390606 0.451867
0.107014 0.050764 0.390173 0.452049
0.106945 0.050839 0.389712 0.452503
0.106914 0.051010 0.390235 0.451841
0.106860 0.050582 0.391107 0.451451
0.106893 0.050739 0.390622 0.451747
0.107096 0.050897 0.389626 0.452380
0.106859 0.050801 0.390639 0.451701
0.106730 0.050641 0.388458 0.454172
0.106730 0.050804 0.391181 0.451286
0.106970 0.050716 0.390367 0.451948
0.106829 0.050866 0.390841 0.451464
0.106986 0.050754 0.390305 0.451954
0.106945 0.050817 0.390450 0.451788
0.106961 0.051075 0.390277 0.451687
0.106824 0.050673 0.389415 0.453089
0.107000 0.050738 0.390259 0.452002
0.106930 0.050607 0.390760 0.451703
0.106982 0.050686 0.390521 0.451812
0.105234 0.050054 0.384354 0.460358
0.106808 0.050798 0.390417 0.451977
0.106299 0.050575 0.392211 0.450915
0.106512 0.050659 0.390407 0.452422
0.106872 0.050676 0.390589 0.451863
0.107038 0.050687 0.390100 0.452175
0.106784 0.050585 0.389054 0.453576
0.106693 0.050579 0.389137 0.453591
0.106493 0.050448 0.391506 0.451553
0.106965 0.050870 0.390602 0.451563
0.106901 0.050598 0.391097 0.451403
0.106586 0.050480 0.391694 0.451241
0.106988 0.050852 0.389811 0.452349
0.106521 0.050514 0.390104 0.452861
0.106134 0.050226 0.392594 0.451047
0.106399 0.050587 0.392247 0.450767
0.107068 0.050775 0.390037 0.452120
0.106925 0.050648 0.390432 0.451995
0.107079 0.050758 0.390150 0.452012
0.098190 0.046648 0.358278 0.496885
0.107012 0.050778 0.390104 0.452106
0.106364 0.050440 0.392157 0.451039
0.106572 0.050561 0.391282 0.451586
0.106889 0.050650 0.390226 0.452235
0.107062 0.050738 0.390279 0.451921
0.105935 0.050452 0.387663 0.455951
0.103855 0.049330 0.378592 0.468223
0.106284 0.050563 0.391996 0.451157
0.106916 0.050633 0.390922 0.451528
0.105562 0.048982 0.402624 0.442832
0.107012 0.050834 0.390193 0.451962
0.101322 0.048008 0.369817 0.480854
0.106897 0.050602 0.390815 0.451686
0.106962 0.050660 0.390660 0.451718
0.106579 0.050584 0.391394 0.451444
0.107110 0.050949 0.389216 0.452725
0.106732 0.050552 0.389044 0.453673
0.106834 0.050578 0.389883 0.452705
0.106914 0.050645 0.390837 0.451604
0.106818 0.050601 0.391006 0.451574
0.106879 0.050645 0.391129 0.451346
0.107099 0.050837 0.389876 0.452188
0.106910 0.050690 0.390574 0.451827
0.107040 0.050850 0.390002 0.452108
0.106069 0.050372 0.393214 0.450345
0.106935 0.050704 0.390617 0.451745
0.106937 0.050658 0.390584 0.451821
0.106977 0.050688 0.390466 0.451869
0.106886 0.050721 0.390021 0.452371
0.107047 0.051056 0.389755 0.452141
0.106883 0.050834 0.390751 0.451532
0.106826 0.050662 0.391047 0.451465
0.106974 0.050693 0.390478 0.451854
0.106899 0.050707 0.390334 0.452060
0.106081 0.049708 0.399629 0.444582
0.106606 0.050442 0.390840 0.452113
0.106920 0.050874 0.390358 0.451849
0.106431 0.050408 0.392291 0.450870
0.107100 0.050811 0.389908 0.452181
0.107045 0.050700 0.390223 0.452032
0.107015 0.050715 0.390280 0.451990
0.106601 0.050559 0.388897 0.453943
0.107047 0.050839 0.390098 0.452017
0.106272 0.050440 0.392019 0.451270
0.107028 0.050660 0.390409 0.451902
0.106980 0.050703 0.390396 0.451922
0.106533 0.050479 0.388738 0.454250
0.106838 0.050944 0.390626 0.451592
0.106994 0.050865 0.390190 0.451951
0.106896 0.050771 0.390638 0.451696
0.106964 0.050746 0.390207 0.452082
0.106981 0.050634 0.390233 0.452152
0.106622 0.050792 0.389707 0.452879
0.106656 0.050562 0.389334 0.453448
0.106914 0.050787 0.390477 0.451821
0.106854 0.050927 0.390672 0.451546
0.106985 0.050593 0.391233 0.451188
0.106850 0.050780 0.390726 0.451644
0.106694 0.050627 0.389020 0.453659
0.106904 0.050813 0.390524 0.451760
0.106932 0.050840 0.390465 0.451762
0.106516 0.050471 0.391712 0.451301
0.106947 0.050634 0.390660 0.451760
0.106995 0.050763 0.390258 0.451984
0.106532 0.050624 0.388814 0.454030
0.106919 0.051005 0.390365 0.451710
0.106134 0.050359 0.392782 0.450725
0.107073 0.050772 0.389974 0.452182
0.107055 0.050702 0.390309 0.451934
0.106971 0.050692 0.390430 0.451907
0.107020 0.050733 0.390366 0.451880
0.106837 0.050897 0.390932 0.451334
0.106892 0.050866 0.390450 0.451792
0.107047 0.050801 0.390187 0.451964
0.107037 0.050825 0.389953 0.452185
0.106959 0.050647 0.390586 0.451809
0.106970 0.050870 0.390417 0.451743
0.100832 0.047990 0.367783 0.483396
0.106686 0.050712 0.391585 0.451016
0.107055 0.050834 0.390083 0.452028
0.106989 0.050718 0.390346 0.451947
0.106967 0.050641 0.390626 0.451766
0.106962 0.050806 0.390250 0.451981
0.100952 0.048115 0.368270 0.482663
0.106806 0.050744 0.391092 0.451358
0.106821 0.050707 0.390724 0.451747
0.106962 0.050910 0.390115 0.452013
0.107091 0.050745 0.390078 0.452087
0.105787 0.050219 0.385661 0.458333
0.101241 0.048091 0.368279 0.482389
0.106999 0.050695 0.390333 0.451972
0.106831 0.050998 0.390102 0.452069
0.107062 0.050784 0.390109 0.452045
0.106940 0.050655 0.390486 0.451919
0.106846 0.050725 0.388717 0.453712
0.106607 0.050607 0.389390 0.453396
0.106749 0.050803 0.390724 0.451724
0.106438 0.050534 0.391910 0.451117
0.107077 0.050754 0.390039 0.452129
0.107062 0.050735 0.390097 0.452105
0.107000 0.050718 0.390388 0.451894
0.107013 0.050751 0.390202 0.452034
0.106903 0.050855 0.390960 0.451282
0.106353 0.050524 0.391837 0.451286
0.107075 0.050755 0.390210 0.451960
0.106970 0.050706 0.390397 0.451927
0.105989 0.049315 0.400041 0.444654
0.106886 0.050791 0.390087 0.452236
0.106863 0.050774 0.390889 0.451473
0.107026 0.050672 0.390541 0.451761
0.106516 0.050546 0.391607 0.451331
0.106954 0.050780 0.390161 0.452105
0.106868 0.050595 0.390213 0.452325
0.106643 0.050638 0.389234 0.453485
0.106825 0.050787 0.391173 0.451215
0.106869 0.050857 0.390899 0.451375
0.107034 0.050714 0.390374 0.451878
0.107136 0.050786 0.390020 0.452058
0.106114 0.049477 0.400052 0.444357
0.106688 0.050577 0.389147 0.453587
0.106895 0.050738 0.390770 0.451597
0.107032 0.050859 0.390051 0.452058
0.106762 0.050292 0.393491 0.449455
0.106970 0.050679 0.390455 0.451896
0.107053 0.050790 0.390042 0.452115
0.106592 0.050607 0.389957 0.452844
0.107014 0.050975 0.390123 0.451888
0.106255 0.050474 0.392573 0.450698
0.106951 0.050683 0.390451 0.451915
0.106963 0.050674 0.390537 0.451827
0.107064 0.050834 0.390103 0.451999
0.106783 0.050821 0.391675 0.450721
0.107052 0.050707 0.390257 0.451984
0.106195 0.050534 0.392575 0.450695
0.107049 0.050693 0.390653 0.451605
0.107040 0.050696 0.390403 0.451861
0.106573 0.050504 0.389046 0.453878
0.106963 0.050697 0.390554 0.451786
0.106873 0.050796 0.390452 0.451879
0.106939 0.050795 0.390339 0.451927
0.106963 0.050807 0.390256 0.451974
0.102522 0.048880 0.374543 0.474055
0.101403 0.048100 0.370687 0.479810
0.105906 0.050377 0.386953 0.456764
0.106819 0.050622 0.390297 0.452262
0.106902 0.050625 0.390628 0.451846
0.107054 0.050755 0.390242 0.451950
0.106945 0.050744 0.390368 0.451944
0.106862 0.050789 0.388406 0.453943
0.106389 0.050602 0.392496 0.450512
0.106785 0.050619 0.390952 0.451644
0.106965 0.050657 0.390751 0.451627
0.106961 0.050661 0.390499 0.451880
0.107064 0.050770 0.390169 0.451997
0.106596 0.050591 0.390687 0.452126
0.106975 0.050698 0.390596 0.451731
0.106349 0.050364 0.392510 0.450777
0.106836 0.050733 0.391022 0.451408
0.106957 0.050704 0.390571 0.451769
0.106991 0.050717 0.390600 0.451692
0.106930 0.051096 0.390179 0.451795
0.106548 0.050625 0.389731 0.453096
0.106852 0.050862 0.390579 0.451707
0.106511 0.050544 0.391589 0.451355
0.105977 0.049277 0.401164 0.443582
0.106953 0.050651 0.390574 0.451822
0.106968 0.050784 0.390156 0.452093
0.106607 0.050881 0.389260 0.453252
0.106926 0.050737 0.390055 0.452282
0.106413 0.050710 0.391648 0.451229
0.106896 0.050582 0.391080 0.451441
0.107026 0.050688 0.390048 0.452238
0.106660 0.050712 0.389045 0.453582
0.106915 0.050712 0.389829 0.452544
0.106869 0.050547 0.391328 0.451256
0.106174 0.050541 0.392901 0.450384
0.107039 0.050773 0.390260 0.451927
0.107001 0.050718 0.389930 0.452350
0.106883 0.050604 0.391054 0.451459
0.106162 0.049417 0.399989 0.444433
0.106076 0.050521 0.392710 0.450693
0.107043 0.050776 0.390122 0.452059
0.106943 0.050651 0.390635 0.451771
0.106962 0.050706 0.390365 0.451967
0.106566 0.050589 0.389515 0.453330
0.106988 0.050840 0.390102 0.452070
0.106841 0.050955 0.390515 0.451689
0.106885 0.050612 0.390723 0.451781
0.106890 0.050772 0.390591 0.451748
0.106954 0.050854 0.389830 0.452362
0.106975 0.050832 0.390194 0.451998
0.107041 0.050863 0.390005 0.452092
0.106212 0.050548 0.392467 0.450773
0.107024 0.050630 0.390756 0.451589
0.106959 0.050676 0.390562 0.451803
0.106966 0.050685 0.390283 0.452066
0.105671 0.049400 0.399480 0.445449
0.106535 0.050640 0.389176 0.453649
0.106065 0.050233 0.393101 0.450602
0.106985 0.050695 0.390221 0.452099
0.106985 0.050742 0.390313 0.451960
0.106980 0.050688 0.390526 0.451806
0.106963 0.050826 0.390310 0.451901
0.106617 0.050838 0.388887 0.453658
0.106823 0.050726 0.390634 0.451817
0.107029 0.050756 0.390193 0.452022
0.106952 0.050723 0.390416 0.451908
0.106991 0.050728 0.390234 0.452047
0.106990 0.050791 0.390313 0.451906
0.106926 0.050820 0.389460 0.452794
0.106919 0.050768 0.390607 0.451705
0.106437 0.050563 0.391748 0.451252
0.107086 0.050799 0.389949 0.452166
0.106931 0.050661 0.390517 0.451891
0.106973 0.050699 0.390445 0.451884
0.106665 0.050727 0.389074 0.453535
0.106892 0.050933 0.390350 0.451825
0.106942 0.050690 0.390376 0.451992
0.106851 0.050798 0.390637 0.451714
0.107090 0.050809 0.389996 0.452105
0.107006 0.050845 0.390097 0.452053
0.106812 0.050720 0.388419 0.454049
0.106263 0.050327 0.392456 0.450953
0.106518 0.050463 0.391759 0.451260
0.106942 0.050682 0.390558 0.451818
0.106639 0.050535 0.389646 0.453180
0.106552 0.050558 0.389567 0.453323
0.106590 0.050743 0.389516 0.453151
0.106616 0.050762 0.390942 0.451679
0.106356 0.050431 0.391515 0.451698
0.106953 0.050821 0.390077 0.452149
0.107088 0.050822 0.389754 0.452336
0.105604 0.048988 0.401290 0.444119
0.106252 0.050447 0.390254 0.453047
0.106299 0.050505 0.392447 0.450749
0.106534 0.050548 0.391505 0.451413
0.106969 0.050670 0.390439 0.451923
0.107009 0.050724 0.390307 0.451960
0.106978 0.050714 0.389624 0.452684
0.107070 0.050744 0.390144 0.452042
0.107016 0.050720 0.390295 0.451969
0.106503 0.050470 0.391762 0.451264
0.107063 0.050707 0.390295 0.451935
0.106897 0.050708 0.390149 0.452247
0.106967 0.050693 0.390522 0.451818
0.106513 0.050721 0.389621 0.453145
0.106879 0.050814 0.390759 0.451547
0.106498 0.050604 0.391522 0.451376
0.107111 0.050814 0.389868 0.452207
0.107065 0.050709 0.390228 0.451997
0.106966 0.050687 0.390468 0.451879
0.106788 0.050601 0.389198 0.453412
0.106826 0.050897 0.390296 0.451980
0.106431 0.050438 0.391374 0.451757
0.106937 0.050669 0.390587 0.451808
0.106581 0.050539 0.388889 0.453992
0.106936 0.050757 0.390485 0.451822
0.106907 0.050945 0.390705 0.451442
0.106920 0.050910 0.390729 0.451441
0.106168 0.050518 0.393033 0.450282
0.107005 0.050710 0.390293 0.451991
0.106976 0.050697 0.390467 0.451860
0.106945 0.050682 0.390486 0.451886
0.105640 0.050060 0.385638 0.458662
0.106826 0.050956 0.390320 0.451898
0.106943 0.050687 0.390424 0.451946
0.106973 0.050710 0.390391 0.451925
0.106904 0.050722 0.390204 0.452170
0.106948 0.051057 0.389367 0.452628
0.106752 0.050794 0.391415 0.451039
0.106758 0.050579 0.391008 0.451655
0.106878 0.050693 0.390924 0.451505
0.107075 0.050792 0.389936 0.452197
0.106926 0.050656 0.390616 0.451803
0.092333 0.043799 0.336747 0.527121
0.106794 0.050750 0.390596 0.451860
0.107047 0.050831 0.390237 0.451885
0.106517 0.050507 0.391795 0.451181
0.106934 0.050604 0.390741 0.451721
0.106985 0.050686 0.390542 0.451787
0.106921 0.050831 0.390588 0.451659
0.106908 0.050814 0.390699 0.451579
0.106323 0.050514 0.392380 0.450783
0.106973 0.050834 0.390234 0.451960
0.106987 0.050758 0.390149 0.452106
0.106932 0.050632 0.390609 0.451827
0.106973 0.050761 0.390317 0.451949
0.106949 0.050954 0.389470 0.452627
0.106792 0.050813 0.391111 0.451284
0.106884 0.050713 0.390568 0.451835
0.106890 0.050961 0.390389 0.451760
0.106957 0.050726 0.390416 0.451901
0.107042 0.050939 0.389809 0.452210
0.106924 0.050935 0.390578 0.451563
0.106887 0.050754 0.390641 0.451717
0.106911 0.050636 0.390830 0.451623
0.106874 0.050786 0.390617 0.451723
0.107086 0.050797 0.389869 0.452248
0.106956 0.050811 0.390202 0.452031
0.107048 0.050838 0.390002 0.452112
0.106868 0.050753 0.390719 0.451661
0.106894 0.050714 0.390767 0.451625
0.106976 0.050894 0.390023 0.452106
0.107046 0.050822 0.389956 0.452176
0.106834 0.050756 0.389883 0.452528
0.107099 0.050778 0.390087 0.452036
0.105906 0.050416 0.393020 0.450658
0.106918 0.050638 0.390875 0.451569
0.106578 0.050484 0.391724 0.451214
0.106829 0.050864 0.390669 0.451638
0.106981 0.050691 0.390606 0.451723
0.106581 0.050504 0.389672 0.453243
0.106969 0.050931 0.390109 0.451991
0.106836 0.050550 0.391401 0.451214
0.106992 0.050711 0.390369 0.451928
0.106943 0.050865 0.390243 0.451948
0.107146 0.050885 0.389699 0.452269
0.107249 0.051074 0.388789 0.452887
0.106786 0.050794 0.391029 0.451391
0.106990 0.050791 0.390169 0.452051
0.106860 0.050614 0.390972 0.451553
0.106116 0.049400 0.400746 0.443738
0.106026 0.049485 0.400307 0.444183
0.106992 0.050787 0.390085 0.452135
0.106846 0.050783 0.390988 0.451383
0.106955 0.050982 0.390249 0.451814
0.106886 0.050745 0.390732 0.451637
0.107027 0.050801 0.390096 0.452076
0.107001 0.050899 0.390287 0.451813
0.105675 0.049463 0.399383 0.445479
0.105913 0.050355 0.391715 0.452016
0.107031 0.050764 0.390429 0.451777
0.107014 0.050788 0.390090 0.452109
0.105981 0.049173 0.401450 0.443396
0.106952 0.050857 0.390328 0.451864
0.106748 0.050811 0.388814 0.453627
0.106702 0.050791 0.389148 0.453359
0.106320 0.050374 0.392235 0.451070
0.106555 0.050478 0.391630 0.451337
0.106896 0.050671 0.390121 0.452312
0.107082 0.050724 0.390087 0.452106
0.106513 0.050725 0.389933 0.452829
0.107057 0.050747 0.390151 0.452045
0.106344 0.050487 0.392039 0.451130
0.106598 0.050609 0.391217 0.451576
0.105889 0.049089 0.401979 0.443042
0.106952 0.050693 0.390505 0.451850
0.106938 0.050925 0.391118 0.451019
0.106924 0.050971 0.390466 0.451639
0.106416 0.050397 0.392092 0.451095
0.106972 0.050710 0.390428 0.451890
0.106947 0.050734 0.390191 0.452129
0.105920 0.049279 0.401787 0.443014
0.106559 0.050834 0.389863 0.452743
0.106665 0.050768 0.391386 0.451181
0.106880 0.050756 0.390641 0.451724
0.107119 0.050840 0.389793 0.452249
0.106883 0.050738 0.390688 0.451691
0.106010 0.049370 0.400027 0.444592
0.093029 0.044206 0.339958 0.522806
0.106774 0.050822 0.391128 0.451276
0.106505 0.050437 0.391943 0.451115
0.107055 0.050774 0.390220 0.451950
0.107034 0.050845 0.389935 0.452186
0.106914 0.050567 0.390858 0.451661
0.106868 0.050853 0.391338 0.450940
0.106986 0.050788 0.390474 0.451753
0.106515 0.050499 0.391655 0.451330
0.106952 0.050641 0.390605 0.451801
0.106976 0.050715 0.390353 0.451956
0.106943 0.050791 0.390249 0.452017
0.105983 0.050502 0.387670 0.455844
0.106888 0.050768 0.391206 0.451138
0.078882 0.026478 0.413041 0.481599
0.107001 0.050661 0.390186 0.452153
0.106959 0.050740 0.390453 0.451848
0.106279 0.049650 0.398945 0.445126
0.103185 0.048993 0.377222 0.470600
0.106897 0.050878 0.390557 0.451668
0.106925 0.050814 0.390411 0.451849
0.106971 0.050735 0.390314 0.451979
0.106972 0.050730 0.390388 0.451910
0.106703 0.050855 0.389481 0.452960
0.106600 0.050741 0.388708 0.453951
0.107061 0.050732 0.390269 0.451938
0.105815 0.050191 0.393851 0.450143
0.107006 0.050815 0.390083 0.452096
0.107052 0.050691 0.390345 0.451912
0.106908 0.050763 0.390296 0.452033
0.107112 0.050856 0.389666 0.452366
0.106862 0.050796 0.390753 0.451589
0.106970 0.050704 0.390616 0.451710
0.106934 0.050630 0.390638 0.451798
0.106984 0.050732 0.390260 0.452023
0.100780 0.047938 0.368053 0.483229
0.093641 0.044535 0.341367 0.520457
0.106913 0.050866 0.390852 0.451369
0.107034 0.050682 0.390549 0.451734
0.106859 0.050517 0.391685 0.450939
0.106982 0.050717 0.390398 0.451904
0.106943 0.050794 0.390617 0.451646
0.098709 0.047125 0.360597 0.493568
0.106647 0.050649 0.391276 0.451428
0.106498 0.050568 0.391608 0.451326
0.106998 0.050767 0.390188 0.452048
0.106934 0.050630 0.390630 0.451805
0.106762 0.050728 0.389651 0.452860
0.106862 0.050970 0.390923 0.451245
0.106817 0.050747 0.391151 0.451285
0.106013 0.050457 0.393234 0.450296
0.106951 0.050735 0.390412 0.451902
0.107046 0.050857 0.389877 0.452219
0.106920 0.050729 0.390701 0.451651
0.106986 0.051071 0.390198 0.451745
0.106863 0.050812 0.390998 0.451327
0.106908 0.050636 0.390900 0.451557
0.106961 0.050669 0.390474 0.451896
0.106964 0.050781 0.390439 0.451815
0.106995 0.051088 0.390079 0.451838
0.106576 0.050607 0.389582 0.453234
0.106952 0.050680 0.390756 0.451611
0.106786 0.050820 0.391217 0.451178
0.106547 0.050596 0.391455 0.451403
0.106984 0.050833 0.390125 0.452058
0.106650 0.050614 0.388587 0.454149
0.101077 0.048074 0.369616 0.481234
0.107007 0.050865 0.390121 0.452007
0.106330 0.050435 0.392065 0.451171
0.106937 0.050652 0.390611 0.451799
0.106947 0.050690 0.390442 0.451921
0.106927 0.050762 0.390531 0.451780
0.106341 0.050657 0.391886 0.451117
0.106721 0.050846 0.391137 0.451296
0.106837 0.050610 0.390865 0.451687
0.106938 0.050695 0.390568 0.451800
0.106964 0.050717 0.390339 0.451980
0.106956 0.050836 0.390391 0.451817
0.106841 0.051021 0.390418 0.451721
0.106738 0.050746 0.390654 0.451862
0.106868 0.050825 0.390746 0.451561
0.106844 0.050908 0.390671 0.451576
0.106940 0.050759 0.390377 0.451924
0.107013 0.050854 0.390068 0.452066
0.106543 0.050822 0.389573 0.453062
0.106751 0.050775 0.391116 0.451358
0.106827 0.050748 0.391077 0.451347
0.107059 0.050844 0.390015 0.452082
0.106962 0.050845 0.390155 0.452039
0.101040 0.047913 0.368593 0.482454
0.106806 0.050850 0.391059 0.451285
0.106636 0.050595 0.389999 0.452769
0.106495 0.050617 0.391527 0.451362
0.106927 0.050779 0.390374 0.451920
0.106985 0.050749 0.390224 0.452041
0.106903 0.050779 0.390663 0.451655
0.106835 0.050896 0.391155 0.451114
0.106681 0.050762 0.391128 0.451429
0.106506 0.050513 0.391708 0.451273
0.106640 0.050645 0.390957 0.451759
0.106935 0.050620 0.390618 0.451827
0.106162 0.049441 0.399924 0.444473
0.107012 0.050823 0.390293 0.451872
0.106975 0.050875 0.389603 0.452547
0.107038 0.050708 0.390177 0.452078
0.107041 0.050707 0.390157 0.452094
0.106921 0.050668 0.390102 0.452309
0.107002 0.050711 0.390426 0.451862
0.106964 0.050951 0.390510 0.451576
0.107016 0.050900 0.389974 0.452110
0.107101 0.050792 0.389955 0.452151
0.106965 0.050687 0.390443 0.451905
0.107088 0.050751 0.390124 0.452037
0.106929 0.050648 0.390581 0.451842
0.106822 0.050635 0.389488 0.453054
0.106835 0.050775 0.390716 0.451675
0.106959 0.050761 0.390205 0.452075
0.106931 0.050749 0.390473 0.451847
0.107137 0.051011 0.389520 0.452332
0.106490 0.050625 0.388977 0.453909
0.100912 0.047829 0.368428 0.482831
0.106838 0.050711 0.390583 0.451868
0.106907 0.050870 0.390905 0.451318
0.106962 0.050748 0.390649 0.451641
0.107098 0.050817 0.389882 0.452203
0.106883 0.050516 0.391498 0.451103
0.106711 0.050332 0.393462 0.449494
0.106953 0.050772 0.390464 0.451811
0.106785 0.050780 0.390734 0.451701
0.107035 0.050700 0.390316 0.451950
0.106943 0.050619 0.390693 0.451745
0.107000 0.050715 0.390307 0.451978
0.106861 0.050833 0.391432 0.450873
0.106804 0.050837 0.391140 0.451219
0.107057 0.050702 0.390486 0.451755
0.106912 0.050748 0.390761 0.451579
0.107015 0.050794 0.390026 0.452165
0.106927 0.050662 0.390685 0.451726
0.107021 0.051026 0.389858 0.452095
0.106881 0.050840 0.390225 0.452054
0.106817 0.050831 0.390838 0.451514
0.106949 0.050658 0.390541 0.451853
0.106945 0.050770 0.390457 0.451827
0.106972 0.050924 0.389685 0.452420
0.105899 0.049577 0.399836 0.444687
0.106808 0.050821 0.390810 0.451561
0.106837 0.050714 0.390992 0.451456
0.106978 0.050934 0.390008 0.452080
0.106833 0.050883 0.390598 0.451687
0.107094 0.050764 0.390107 0.452036
0.106384 0.050655 0.389381 0.453579
0.106983 0.050719 0.390302 0.451995
0.106822 0.050843 0.390955 0.451381
0.106999 0.050733 0.389710 0.452558
0.106928 0.050690 0.390288 0.452094
0.106983 0.050729 0.390325 0.451963
0.107027 0.050843 0.390232 0.451899
0.106925 0.050939 0.390023 0.452112
0.106953 0.050685 0.390477 0.451885
0.106886 0.050862 0.390304 0.451948
0.106916 0.050709 0.390017 0.452357
0.106666 0.050497 0.389465 0.453371
0.106906 0.050952 0.390686 0.451456
0.106214 0.050315 0.392698 0.450772
0.106502 0.050455 0.391892 0.451150
0.107080 0.050754 0.390144 0.452023
0.106038 0.049193 0.401617 0.443152
0.106624 0.050502 0.389425 0.453449
0.106698 0.050555 0.389171 0.453576
0.106332 0.050398 0.392133 0.451138
0.106860 0.050663 0.390711 0.451766
0.106932 0.050640 0.390782 0.451647
0.107088 0.050749 0.390187 0.451976
0.106861 0.050850 0.390607 0.451683
0.100980 0.047870 0.368288 0.482863
0.106293 0.050581 0.392339 0.450788
0.106450 0.050530 0.392070 0.450949
0.106973 0.050602 0.391302 0.451122
0.107065 0.050714 0.390232 0.451990
0.106126 0.049393 0.400229 0.444252
0.106928 0.050623 0.391291 0.451158
0.106996 0.050893 0.390324 0.451786
0.106740 0.050848 0.390980 0.451431
0.106937 0.050642 0.390699 0.451722
0.106973 0.050673 0.390594 0.451761
0.106670 0.050735 0.391183 0.451413
0.106802 0.050925 0.390655 0.451618
0.107048 0.050708 0.390202 0.452042
0.106813 0.050776 0.391002 0.451409
0.106960 0.050706 0.390439 0.451895
0.106912 0.050770 0.390625 0.451693
0.106457 0.050819 0.389228 0.453496
0.106845 0.050686 0.390282 0.452187
0.106894 0.050894 0.390412 0.451800
0.106823 0.050795 0.390836 0.451546
0.106945 0.050800 0.390314 0.451941
0.106970 0.050837 0.390111 0.452082
0.106885 0.050897 0.390074 0.452144
0.106796 0.050873 0.391050 0.451281
0.106813 0.050862 0.391035 0.451291
0.107022 0.050850 0.390164 0.451964
0.106974 0.050721 0.390291 0.452014
0.106962 0.050661 0.390577 0.451801
0.100552 0.047834 0.367209 0.484405
0.106917 0.050792 0.390777 0.451514
0.106908 0.050880 0.390918 0.451294
0.106065 0.050293 0.393310 0.450333
0.107009 0.050784 0.390127 0.452081
0.106855 0.050536 0.391313 0.451296
0.106112 0.049491 0.400365 0.444033
0.106888 0.050929 0.390402 0.451780
0.105828 0.050130 0.393899 0.450143
0.106923 0.050896 0.390666 0.451515
0.106971 0.050719 0.390334 0.451975
0.106964 0.050665 0.390567 0.451804
0.106654 0.050758 0.389554 0.453034
0.106835 0.050914 0.390233 0.452019
0.106756 0.050749 0.391485 0.451010
0.106970 0.050707 0.390513 0.451809
0.106745 0.050701 0.391946 0.450608
0.105976 0.049325 0.401185 0.443515
0.106908 0.051014 0.390520 0.451557
0.106869 0.050869 0.390707 0.451555
0.106487 0.050599 0.391665 0.451248
0.107070 0.050749 0.390339 0.451842
0.106954 0.050692 0.390435 0.451919
0.107019 0.050704 0.390419 0.451859
0.106972 0.050896 0.390561 0.451571
0.106872 0.050922 0.390585 0.451621
0.106862 0.050805 0.390924 0.451410
0.106987 0.050815 0.390601 0.451597
0.106965 0.050808 0.390211 0.452016
0.106099 0.049351 0.400453 0.444097
0.106830 0.050868 0.390752 0.451550
0.106663 0.050762 0.389219 0.453356
0.107051 0.050899 0.389903 0.452148
0.106984 0.050928 0.390043 0.452045
0.106553 0.050487 0.391604 0.451356
0.106960 0.050689 0.390363 0.451988
0.106983 0.050715 0.390423 0.451879
0.106728 0.050843 0.390628 0.451802
0.106816 0.050900 0.390947 0.451337
0.106479 0.050627 0.391742 0.451152
0.107000 0.050897 0.390256 0.451847
0.106960 0.050715 0.390316 0.452009
0.106633 0.050534 0.389407 0.453426
0.106769 0.050765 0.389527 0.452938
0.106877 0.050903 0.390417 0.451803
0.107039 0.050700 0.390470 0.451791
0.106923 0.050768 0.390474 0.451835
0.107147 0.050860 0.389717 0.452276
0.106615 0.050540 0.389436 0.453409
0.107155 0.050949 0.389554 0.452342
0.106414 0.050508 0.392036 0.451042
0.107023 0.050727 0.390491 0.451758
0.106891 0.050566 0.391102 0.451441
0.106983 0.050690 0.390464 0.451863
0.106896 0.050717 0.390176 0.452211
0.107014 0.051031 0.389775 0.452180
0.106306 0.050529 0.392288 0.450877
0.106872 0.050737 0.390783 0.451609
0.106638 0.050614 0.391200 0.451548
0.106895 0.050746 0.390607 0.451753
0.107020 0.050743 0.390308 0.451928
0.106954 0.050737 0.390537 0.451772
0.106999 0.051021 0.390142 0.451838
0.106688 0.050637 0.392021 0.450654
0.106968 0.050713 0.390422 0.451897
0.107055 0.050821 0.390138 0.451986
0.107111 0.050955 0.389573 0.452362
0.106338 0.050400 0.387510 0.455752
0.106897 0.050630 0.390207 0.452267
0.106900 0.050621 0.391030 0.451449
0.106999 0.050777 0.390334 0.451889
0.107065 0.050912 0.389731 0.452292
0.106195 0.050344 0.389606 0.453855
0.106959 0.050632 0.390600 0.451809
0.107066 0.050737 0.390222 0.451975
0.106643 0.050743 0.391444 0.451170
0.107050 0.050790 0.390180 0.451980
0.106942 0.050703 0.390529 0.451825
0.106983 0.050765 0.390289 0.451963
0.106665 0.050789 0.389196 0.453349
0.106933 0.050904 0.390278 0.451885
0.106921 0.050660 0.390805 0.451614
0.106927 0.050613 0.390721 0.451739
0.106919 0.050801 0.390235 0.452045
0.106998 0.050934 0.390106 0.451961
0.106928 0.050976 0.390518 0.451578
0.106797 0.050693 0.391046 0.451464
0.106534 0.050523 0.391469 0.451474
0.106925 0.050677 0.390630 0.451768
0.107026 0.050826 0.389986 0.452162
0.105300 0.050053 0.384878 0.459769
0.094213 0.044836 0.343275 0.517676
0.106924 0.050670 0.390761 0.451645
0.107071 0.050701 0.390291 0.451936
0.107052 0.050797 0.390144 0.452006
0.107007 0.050775 0.390202 0.452015
0.106865 0.050559 0.390496 0.452079
0.106701 0.050709 0.390146 0.452445
0.106405 0.050659 0.392241 0.450696
0.106447 0.050567 0.391836 0.451150
0.106981 0.050738 0.390262 0.452019
0.106969 0.050674 0.390523 0.451834
0.106908 0.050894 0.390541 0.451657
0.107012 0.050933 0.390201 0.451854
0.106897 0.050869 0.390680 0.451554
0.106678 0.050760 0.391629 0.450933
0.106978 0.050756 0.390212 0.452054
0.107038 0.050755 0.390217 0.451990
0.106026 0.049699 0.399767 0.444508
0.106857 0.050918 0.390610 0.451615
0.107028 0.050853 0.390233 0.451887
0.106805 0.050849 0.391003 0.451343
0.106952 0.050668 0.390508 0.451872
0.106881 0.050746 0.390153 0.452220
0.107026 0.050983 0.389670 0.452321
0.106750 0.050845 0.390353 0.452053
0.106988 0.050674 0.390567 0.451771
0.106919 0.050845 0.390912 0.451324
0.106962 0.050717 0.390400 0.451921
0.107074 0.050734 0.390244 0.451949
0.106865 0.050891 0.390635 0.451609
0.107041 0.050778 0.389527 0.452654
0.106896 0.050887 0.390811 0.451406
0.107013 0.050690 0.390424 0.451873
0.106964 0.050692 0.390496 0.451848
0.106989 0.050734 0.390395 0.451882
0.105883 0.049359 0.401811 0.442947
0.106832 0.050922 0.390502 0.451744
0.106783 0.050843 0.390979 0.451395
0.107013 0.050715 0.390364 0.451908
0.106898 0.050779 0.390572 0.451751
0.107136 0.050827 0.389893 0.452144
0.106867 0.050853 0.391016 0.451264
0.106994 0.050721 0.390279 0.452006
0.106890 0.050586 0.391291 0.451233
0.107018 0.050867 0.390262 0.451853
0.107015 0.050817 0.390375 0.451793
0.106933 0.050640 0.390747 0.451680
0.106977 0.050688 0.390376 0.451959
0.106765 0.050880 0.390478 0.451876
0.106774 0.050747 0.391868 0.450611
0.106675 0.050730 0.391477 0.451118
0.106915 0.050743 0.390517 0.451825
0.107047 0.050799 0.390081 0.452073
0.106856 0.050798 0.390862 0.451484
0.105705 0.049422 0.401023 0.443850
0.106843 0.050875 0.390674 0.451608
0.107037 0.050699 0.390503 0.451761
0.106869 0.050789 0.390726 0.451615
0.107083 0.050772 0.389986 0.452159
0.107007 0.050752 0.390341 0.451900
0.106942 0.050818 0.389536 0.452705
0.107022 0.050679 0.390562 0.451737
0.106780 0.050814 0.391271 0.451134
0.106957 0.050692 0.390533 0.451818
0.106903 0.050708 0.390444 0.451945
0.106584 0.050699 0.388355 0.454362
0.092758 0.044080 0.337913 0.525248
0.106862 0.050902 0.390496 0.451740
0.106907 0.050565 0.391200 0.451328
0.106899 0.050774 0.390604 0.451723
0.107032 0.050793 0.390190 0.451986
0.105818 0.049472 0.400589 0.444120
0.106836 0.050907 0.390031 0.452227
0.106908 0.050821 0.390335 0.451936
0.106440 0.050478 0.391789 0.451294
0.106935 0.050645 0.390555 0.451865
0.106927 0.050697 0.390171 0.452205
0.106800 0.050787 0.390224 0.452189
0.106874 0.050887 0.390722 0.451517
0.106888 0.050898 0.390864 0.451350
0.106853 0.050817 0.390939 0.451391
0.107074 0.050752 0.390139 0.452035
0.106976 0.050713 0.390373 0.451939
0.106749 0.050604 0.389466 0.453180
0.106829 0.050706 0.390092 0.452373
0.107038 0.050974 0.389670 0.452317
0.106916 0.050663 0.390619 0.451802
0.107059 0.050718 0.390165 0.452058
0.106907 0.050872 0.390438 0.451784
0.107013 0.050773 0.390167 0.452047
0.106891 0.050721 0.390854 0.451534
0.106450 0.050758 0.391926 0.450866
0.106774 0.050846 0.391056 0.451324
0.107067 0.050746 0.390154 0.452033
0.106952 0.050679 0.390513 0.451856
0.107076 0.050771 0.390031 0.452122
0.106682 0.050757 0.389471 0.453091
0.106999 0.050766 0.390273 0.451961
0.106757 0.050802 0.391230 0.451211
0.107049 0.050821 0.390003 0.452126
0.107064 0.050947 0.389828 0.452161
0.106904 0.050676 0.390089 0.452331
0.107028 0.050662 0.390380 0.451930
0.106581 0.050779 0.389571 0.453068
0.107011 0.050715 0.390232 0.452042
0.107060 0.050722 0.390113 0.452105
0.106976 0.050687 0.390477 0.451859
0.106868 0.050621 0.390173 0.452338
0.106947 0.050892 0.390387 0.451774
0.106938 0.050840 0.390466 0.451757
0.106924 0.050667 0.390776 0.451632
0.106923 0.050636 0.390771 0.451669
0.106809 0.050793 0.390414 0.451984
0.106718 0.050657 0.389458 0.453166
0.106865 0.050816 0.390631 0.451688
0.106862 0.050872 0.390072 0.452193
0.106961 0.050936 0.390305 0.451799
0.107074 0.050726 0.390190 0.452010
0.106964 0.050692 0.390452 0.451892
0.106964 0.050706 0.390309 0.452021
0.105663 0.050096 0.386727 0.457515
0.107016 0.050965 0.389891 0.452128
0.106508 0.050463 0.391736 0.451294
0.107044 0.050661 0.390445 0.451850
0.106583 0.050508 0.391481 0.451428
0.106745 0.050581 0.389707 0.452967
0.106951 0.050643 0.390957 0.451450
0.106809 0.050822 0.391188 0.451181
0.106707 0.050809 0.391232 0.451252
0.106880 0.050744 0.390790 0.451586
0.107031 0.050802 0.390074 0.452092
0.106012 0.049555 0.400978 0.443455
0.105796 0.049421 0.399894 0.444889
0.106889 0.050822 0.390958 0.451330
0.106650 0.050824 0.389601 0.452926
0.106916 0.050573 0.390860 0.451652
0.106019 0.049331 0.401376 0.443275
0.106805 0.050693 0.392127 0.450374
0.106738 0.050567 0.389193 0.453502
0.106472 0.050629 0.389986 0.452914
0.106527 0.050511 0.391531 0.451430
0.106931 0.050720 0.390553 0.451796
0.106830 0.050772 0.390163 0.452235
0.106831 0.050844 0.391042 0.451284
0.106683 0.050794 0.389267 0.453257
0.106870 0.050768 0.390028 0.452334
0.106564 0.050552 0.391446 0.451438
0.106867 0.050746 0.390683 0.451703
0.106999 0.050778 0.390051 0.452173
0.107048 0.050717 0.390315 0.451919
0.106850 0.050841 0.389843 0.452465
0.107023 0.050745 0.390172 0.452060
0.106315 0.050372 0.392229 0.451083
0.107000 0.050845 0.390227 0.451929
0.106973 0.050740 0.390366 0.451922
0.106903 0.050634 0.390573 0.451890
0.107027 0.050870 0.389422 0.452681
0.106822 0.050994 0.390485 0.451700
0.107012 0.050639 0.390634 0.451714
0.106963 0.050912 0.390497 0.451628
0.107070 0.050735 0.390160 0.452035
0.106073 0.049213 0.401396 0.443318
0.106922 0.050618 0.391086 0.451374
0.106765 0.050293 0.393465 0.449477
0.106948 0.050783 0.390397 0.451872
0.106990 0.050760 0.390305 0.451946
0.107030 0.050651 0.390483 0.451837
0.106931 0.050884 0.390260 0.451925
0.093076 0.044156 0.338930 0.523838
0.106922 0.050874 0.390527 0.451678
0.106938 0.050702 0.390380 0.451981
0.106908 0.050587 0.390976 0.451528
0.106880 0.050781 0.390347 0.451991
0.107018 0.050898 0.390046 0.452038
0.106528 0.050715 0.389987 0.452770
0.106255 0.050521 0.392648 0.450576
0.106328 0.050569 0.392626 0.450477
0.107079 0.050754 0.390138 0.452030
0.106086 0.049255 0.401101 0.443559
0.106227 0.049470 0.399611 0.444691
0.107051 0.050763 0.390170 0.452017
0.107062 0.050753 0.390016 0.452168
0.106488 0.050451 0.391968 0.451093
0.106961 0.050677 0.390546 0.451816
0.106996 0.050728 0.390388 0.451889
0.107047 0.050859 0.390077 0.452017
0.106976 0.050915 0.390159 0.451950
0.107078 0.050760 0.390101 0.452060
0.106861 0.050759 0.390660 0.451720
0.106992 0.050754 0.390263 0.451991
0.106970 0.050723 0.390489 0.451818
0.106015 0.050505 0.386502 0.456977
0.106733 0.050577 0.389426 0.453264
0.106848 0.050838 0.390360 0.451954
0.106802 0.050823 0.391148 0.451226
0.106944 0.050687 0.390445 0.451925
0.106904 0.050746 0.390480 0.451871
0.106664 0.050710 0.388846 0.453780
0.106846 0.050988 0.390631 0.451534
0.106885 0.050720 0.390781 0.451614
0.106964 0.050862 0.390530 0.451644
0.106970 0.050743 0.390350 0.451938
0.106975 0.050701 0.390403 0.451922
