0.081945 0.034051 0.329716 0.554287
0.083788 0.035436 0.330588 0.550188
0.084766 0.035670 0.326294 0.553270
0.083259 0.035020 0.332759 0.548962
0.082463 0.034518 0.329569 0.553450
0.082309 0.034318 0.330497 0.552876
0.082599 0.034570 0.329984 0.552848
0.083775 0.035381 0.331257 0.549588
0.082628 0.034661 0.328098 0.554613
0.082231 0.034399 0.329846 0.553524
0.082477 0.034520 0.330053 0.552950
0.082500 0.034340 0.328266 0.554894
0.083790 0.035112 0.328631 0.552467
0.083562 0.035281 0.330451 0.550706
0.081403 0.033665 0.333067 0.551864
0.081676 0.033878 0.332796 0.551651
0.082139 0.034278 0.329838 0.553745
0.081793 0.034060 0.330234 0.553913
0.083013 0.034731 0.328355 0.553901
0.083439 0.035181 0.332175 0.549205
0.083244 0.034938 0.326919 0.554898
0.082371 0.034209 0.335954 0.547466
0.082709 0.034659 0.328957 0.553675
0.082076 0.034194 0.333785 0.549945
0.082783 0.034734 0.330016 0.552466
0.066847 0.027202 0.299504 0.606447
0.083552 0.035109 0.332204 0.549135
0.082832 0.034734 0.329242 0.553192
0.082889 0.034579 0.328073 0.554459
0.082453 0.034511 0.330029 0.553007
0.082782 0.034683 0.330112 0.552423
0.083119 0.034983 0.333021 0.548877
0.084439 0.035287 0.324099 0.556175
0.083470 0.035116 0.333740 0.547674
0.082315 0.034452 0.329613 0.553620
0.081274 0.033636 0.330154 0.554936
0.082072 0.034210 0.330603 0.553115
0.083215 0.035051 0.332917 0.548818
0.082573 0.034569 0.329133 0.553724
0.082860 0.034700 0.330866 0.551574
0.082097 0.034207 0.330082 0.553615
0.083089 0.034920 0.332739 0.549252
0.082232 0.034305 0.329094 0.554368
0.082777 0.034624 0.331731 0.550868
0.083297 0.035058 0.330344 0.551301
0.083012 0.034919 0.330208 0.551861
0.083619 0.035021 0.327578 0.553782
0.083089 0.034864 0.331599 0.550448
0.082670 0.034639 0.329386 0.553305
0.082919 0.034516 0.330823 0.551742
0.082202 0.034410 0.330049 0.553340
0.082133 0.034291 0.330337 0.553239
0.082207 0.034289 0.329906 0.553597
0.082569 0.034461 0.331643 0.551327
0.082391 0.034434 0.328999 0.554176
0.082793 0.034727 0.330215 0.552264
0.082918 0.034822 0.329125 0.553134
0.082343 0.034406 0.329094 0.554156
0.082394 0.034510 0.329421 0.553675
0.082333 0.034470 0.329571 0.553626
0.082213 0.034260 0.330311 0.553216
0.082732 0.034659 0.330325 0.552284
0.082607 0.034720 0.329669 0.553004
0.081865 0.034081 0.329405 0.554649
0.082159 0.034219 0.330590 0.553033
0.082225 0.034344 0.330978 0.552453
0.081774 0.034042 0.330014 0.554170
0.082628 0.034604 0.329418 0.553350
0.082415 0.034486 0.329866 0.553232
0.082577 0.034654 0.328811 0.553959
0.082299 0.034373 0.329299 0.554029
0.082935 0.034634 0.329398 0.553034
0.082882 0.034776 0.330035 0.552307
0.084503 0.035834 0.328980 0.550684
0.082251 0.034232 0.334252 0.549264
0.082287 0.034419 0.328916 0.554377
0.082072 0.034065 0.333783 0.550080
0.082385 0.034454 0.329758 0.553404
0.082340 0.034554 0.330216 0.552890
0.082727 0.034693 0.329188 0.553392
0.084327 0.035538 0.329380 0.550756
0.084640 0.035679 0.328488 0.551193
0.084787 0.035674 0.325133 0.554406
0.082827 0.034637 0.334189 0.548347
0.082062 0.034102 0.332105 0.551732
0.082493 0.034313 0.334938 0.548256
0.082128 0.034337 0.329027 0.554508
0.082470 0.034502 0.330027 0.553002
0.083162 0.034939 0.332657 0.549241
0.081985 0.034128 0.330382 0.553505
0.081926 0.034096 0.330673 0.553304
0.082336 0.034397 0.329595 0.553672
0.084982 0.035496 0.322984 0.556538
0.083714 0.035288 0.333026 0.547973
0.082393 0.034409 0.330034 0.553164
0.082765 0.034537 0.334388 0.548310
0.083062 0.034800 0.330636 0.551501
0.082263 0.034358 0.330609 0.552771
0.082555 0.034597 0.328562 0.554285
0.083332 0.035092 0.332208 0.549369
0.083638 0.034974 0.326389 0.554999
0.083277 0.035015 0.330093 0.551615
0.083394 0.035240 0.331404 0.549962
0.084831 0.035369 0.327934 0.551867
0.084518 0.035667 0.329649 0.550165
0.083174 0.034944 0.331494 0.550388
0.089031 0.035508 0.305107 0.570353
0.082376 0.034461 0.330014 0.553149
0.083188 0.034879 0.327884 0.554049
0.082334 0.034484 0.332868 0.550314
0.084764 0.035793 0.328851 0.550592
0.083053 0.034876 0.335245 0.546826
0.082559 0.034571 0.329370 0.553500
0.082031 0.034077 0.332262 0.551630
0.082650 0.034675 0.329890 0.552785
0.059394 0.024000 0.275593 0.641014
0.082162 0.034232 0.329760 0.553846
0.082809 0.034678 0.330966 0.551546
0.081659 0.033932 0.329587 0.554821
0.081634 0.033923 0.329924 0.554520
0.082860 0.034599 0.328697 0.553845
0.083219 0.034853 0.332424 0.549503
0.083192 0.035093 0.332102 0.549612
0.083085 0.034937 0.332682 0.549296
0.081776 0.033990 0.332105 0.552130
0.082044 0.034155 0.330739 0.553061
0.082392 0.034443 0.330918 0.552247
0.082562 0.034621 0.329546 0.553271
0.084381 0.035249 0.325040 0.555330
0.083708 0.035219 0.332870 0.548203
0.081982 0.034146 0.330245 0.553626
0.081843 0.034172 0.330075 0.553911
0.082290 0.034350 0.331924 0.551435
0.084499 0.035343 0.324420 0.555737
0.083656 0.035244 0.333284 0.547816
0.084176 0.035160 0.324530 0.556134
0.085383 0.035845 0.329566 0.549207
0.083874 0.035274 0.331246 0.549606
0.082836 0.034533 0.332122 0.550509
0.084479 0.035342 0.328305 0.551874
0.083836 0.035107 0.331742 0.549315
0.083656 0.034889 0.332918 0.548537
0.082989 0.034774 0.332254 0.549983
0.082033 0.034110 0.332861 0.550997
0.081994 0.034053 0.332165 0.551788
0.083676 0.035027 0.331683 0.549614
0.083806 0.035169 0.330505 0.550519
0.083285 0.035006 0.331028 0.550682
0.081490 0.033844 0.334020 0.550646
0.082044 0.034132 0.332377 0.551448
0.082558 0.034601 0.329539 0.553303
0.082925 0.034960 0.332484 0.549631
0.086166 0.036076 0.323641 0.554117
0.083506 0.035206 0.332658 0.548630
0.081424 0.033768 0.330692 0.554115
0.081580 0.033734 0.332218 0.552469
0.082260 0.034310 0.331703 0.551727
0.066976 0.027253 0.298170 0.607601
0.083230 0.035004 0.333300 0.548466
0.085203 0.035807 0.323871 0.555119
0.083362 0.034803 0.333622 0.548213
0.083518 0.034932 0.329733 0.551818
0.082177 0.034204 0.331369 0.552249
0.083070 0.034586 0.332465 0.549880
0.085468 0.035993 0.326146 0.552393
0.084535 0.035596 0.328813 0.551056
0.082859 0.034812 0.333414 0.548915
0.082247 0.034287 0.330183 0.553283
0.081931 0.033966 0.334767 0.549336
0.083165 0.034961 0.329732 0.552142
0.082521 0.034576 0.328389 0.554515
0.082538 0.034551 0.330381 0.552530
0.082132 0.034217 0.330411 0.553241
0.082248 0.034299 0.330592 0.552860
0.082468 0.034438 0.329706 0.553387
0.082429 0.034494 0.330028 0.553049
0.082376 0.034507 0.328863 0.554255
0.081968 0.034179 0.330525 0.553327
0.081930 0.034171 0.330408 0.553491
0.082593 0.034518 0.330367 0.552522
0.082752 0.034707 0.332840 0.549701
0.082340 0.034354 0.330760 0.552546
0.082729 0.034695 0.328873 0.553703
0.082558 0.034512 0.330134 0.552796
0.081977 0.034272 0.331017 0.552733
0.082521 0.034545 0.329777 0.553157
0.082369 0.034502 0.329363 0.553766
0.082343 0.034466 0.328870 0.554321
0.085083 0.035564 0.323593 0.555759
0.083429 0.035175 0.330948 0.550448
0.083649 0.034977 0.327331 0.554044
0.082682 0.034550 0.332411 0.550358
0.083817 0.035436 0.330784 0.549963
0.081964 0.033943 0.334059 0.550034
0.083079 0.034814 0.331077 0.551030
0.082276 0.034378 0.328670 0.554676
0.082258 0.034325 0.329714 0.553703
0.082029 0.034327 0.330729 0.552915
0.082309 0.034390 0.329626 0.553675
0.084060 0.035525 0.332295 0.548120
0.085088 0.035774 0.325724 0.553414
0.085828 0.036095 0.325196 0.552881
0.083701 0.035334 0.331167 0.549798
0.081724 0.033852 0.333036 0.551388
0.082331 0.034376 0.331192 0.552101
0.082515 0.034572 0.328559 0.554354
0.085226 0.035555 0.322210 0.557009
0.083560 0.035225 0.331095 0.550119
0.081431 0.033875 0.331950 0.552744
0.082356 0.034361 0.330215 0.553068
0.082317 0.034423 0.331306 0.551954
0.082633 0.034638 0.328976 0.553753
0.083865 0.035396 0.329156 0.551583
0.082021 0.034258 0.329126 0.554595
0.077071 0.031727 0.325942 0.565260
0.082157 0.034279 0.330436 0.553127
0.082324 0.034445 0.329397 0.553834
0.082294 0.034315 0.329730 0.553661
0.082411 0.034447 0.330105 0.553037
0.083038 0.034909 0.329440 0.552613
0.083649 0.035393 0.330550 0.550407
0.082029 0.034223 0.329369 0.554380
0.082234 0.034279 0.330382 0.553106
0.082510 0.034475 0.330593 0.552422
0.082892 0.034862 0.329095 0.553151
0.082677 0.034660 0.328723 0.553941
0.082400 0.034390 0.330460 0.552750
0.082491 0.034548 0.329090 0.553872
0.082507 0.034606 0.329039 0.553847
0.067896 0.027579 0.300880 0.603645
0.082204 0.034259 0.330830 0.552707
0.084097 0.035326 0.327402 0.553175
0.082736 0.034723 0.331397 0.551144
0.082835 0.034612 0.328031 0.554523
0.083237 0.034871 0.334727 0.547165
0.083063 0.034931 0.329108 0.552898
0.081442 0.033715 0.333991 0.550852
0.083236 0.034998 0.330474 0.551292
0.082179 0.034241 0.331395 0.552185
0.082530 0.034468 0.329772 0.553230
0.082273 0.034407 0.329833 0.553487
0.062483 0.025237 0.279822 0.632459
0.083803 0.035307 0.331754 0.549136
0.084172 0.035225 0.326307 0.554295
0.082546 0.034449 0.331872 0.551133
0.082574 0.034546 0.330200 0.552680
0.083521 0.034851 0.328694 0.552934
0.082965 0.034886 0.332243 0.549906
0.082049 0.034290 0.329099 0.554562
0.082105 0.034206 0.332547 0.551142
0.081986 0.034251 0.332646 0.551118
0.082327 0.034314 0.330520 0.552839
0.082319 0.034257 0.330829 0.552595
0.083486 0.035136 0.329026 0.552352
0.083509 0.035168 0.328174 0.553149
0.082915 0.034832 0.330084 0.552169
0.082119 0.034290 0.330476 0.553114
0.082071 0.034145 0.331296 0.552488
0.082135 0.034263 0.330537 0.553065
0.084410 0.035345 0.325769 0.554476
0.084252 0.035435 0.330618 0.549694
0.083383 0.035100 0.332427 0.549090
0.084939 0.035706 0.330305 0.549049
0.084471 0.035497 0.330644 0.549387
0.083117 0.034871 0.331970 0.550041
0.082710 0.034477 0.329615 0.553198
0.082286 0.034281 0.335057 0.548377
0.082558 0.034657 0.329252 0.553534
0.082640 0.034402 0.333495 0.549463
0.084627 0.035529 0.325672 0.554172
0.083643 0.035392 0.329581 0.551384
0.085787 0.035893 0.329354 0.548967
0.083339 0.034961 0.333971 0.547729
0.083212 0.034950 0.331556 0.550282
0.082217 0.034254 0.330414 0.553115
0.083708 0.035343 0.331327 0.549622
0.082845 0.034746 0.329356 0.553053
0.083824 0.035332 0.332474 0.548369
0.083132 0.034964 0.330457 0.551446
0.083245 0.035027 0.330041 0.551687
0.083193 0.035062 0.332131 0.549614
0.082362 0.034416 0.329201 0.554022
0.082373 0.034450 0.329045 0.554132
0.083158 0.035005 0.331611 0.550226
0.085878 0.036011 0.322286 0.555824
0.083084 0.034905 0.331625 0.550386
0.082458 0.034514 0.330296 0.552733
0.081869 0.034097 0.330218 0.553816
0.082351 0.034383 0.330048 0.553218
0.083321 0.035170 0.331227 0.550283
0.083616 0.035371 0.332258 0.548755
0.082878 0.034788 0.331150 0.551185
0.082162 0.034185 0.331044 0.552609
0.081877 0.033948 0.331691 0.552485
0.081950 0.034117 0.330029 0.553904
0.082761 0.034693 0.329440 0.553106
0.082616 0.034610 0.330840 0.551934
0.083064 0.034978 0.331060 0.550898
0.082040 0.034179 0.329349 0.554432
0.082108 0.034266 0.331619 0.552007
0.082044 0.034267 0.330570 0.553119
0.082403 0.034409 0.330075 0.553114
0.082468 0.034404 0.330838 0.552290
0.082727 0.034700 0.330546 0.552028
0.083916 0.035186 0.325566 0.555331
0.083428 0.035081 0.332451 0.549040
0.082263 0.034396 0.330175 0.553166
0.082196 0.034318 0.332567 0.550920
0.082580 0.034564 0.329908 0.552949
0.083797 0.034905 0.326234 0.555064
0.083300 0.035137 0.331367 0.550196
0.082803 0.034837 0.329855 0.552505
0.082484 0.034105 0.331264 0.552147
0.083084 0.034849 0.334518 0.547549
0.082717 0.034719 0.328490 0.554073
0.083212 0.034606 0.328973 0.553208
0.083427 0.035160 0.331474 0.549939
0.082302 0.034339 0.329325 0.554035
0.083343 0.034968 0.334876 0.546814
0.083690 0.035406 0.331578 0.549327
0.082685 0.034611 0.328214 0.554491
0.082549 0.034546 0.330561 0.552345
0.082023 0.034381 0.330856 0.552740
0.081436 0.033779 0.330593 0.554192
0.082375 0.034434 0.329590 0.553601
0.084225 0.035524 0.330994 0.549256
0.085323 0.035944 0.326777 0.551957
0.083833 0.035517 0.330920 0.549729
0.081822 0.033895 0.333461 0.550822
0.081586 0.033829 0.332769 0.551815
0.082443 0.034492 0.329093 0.553972
0.081930 0.034122 0.330797 0.553151
0.084081 0.035148 0.324862 0.555909
0.083523 0.035216 0.332552 0.548709
0.082352 0.034460 0.329228 0.553960
0.083812 0.034942 0.327318 0.553929
0.083800 0.035308 0.332561 0.548331
0.083137 0.034995 0.332253 0.549616
0.082732 0.034538 0.333661 0.549069
0.084296 0.035289 0.326060 0.554354
0.083246 0.035011 0.333682 0.548061
0.082322 0.034349 0.329708 0.553621
0.082049 0.034045 0.333190 0.550716
0.084831 0.035574 0.328530 0.551065
0.082914 0.034845 0.330801 0.551440
0.081369 0.033674 0.334528 0.550429
0.084656 0.035280 0.325890 0.554173
0.083040 0.034820 0.332621 0.549519
0.081949 0.034144 0.332175 0.551733
0.083861 0.035066 0.334309 0.546764
0.084837 0.035826 0.328242 0.551095
0.083259 0.035100 0.330220 0.551421
0.081638 0.033833 0.333101 0.551429
0.081592 0.033850 0.332966 0.551592
0.082540 0.034589 0.330214 0.552657
0.065909 0.026834 0.296655 0.610602
0.085972 0.036074 0.323498 0.554457
0.083808 0.035451 0.331497 0.549243
0.081896 0.034045 0.330614 0.553444
0.084013 0.035349 0.331585 0.549052
0.083335 0.035166 0.331899 0.549601
0.083670 0.035005 0.326941 0.554383
0.085841 0.035827 0.328565 0.549766
0.085623 0.036148 0.327220 0.551009
0.084592 0.035301 0.331976 0.548132
0.083541 0.034940 0.332353 0.549165
0.083002 0.034710 0.336228 0.546060
0.082630 0.034604 0.331641 0.551126
0.083427 0.034822 0.337449 0.544302
0.083140 0.034719 0.327271 0.554869
0.083675 0.034893 0.328942 0.552489
0.082572 0.034502 0.330106 0.552820
0.083693 0.035077 0.333535 0.547694
0.083604 0.034886 0.334377 0.547133
0.084543 0.035675 0.328841 0.550941
0.085633 0.035863 0.328224 0.550281
0.084035 0.035358 0.332247 0.548360
0.082116 0.034175 0.331980 0.551729
0.082128 0.034187 0.331470 0.552215
0.082564 0.034606 0.328564 0.554266
0.085152 0.035619 0.322910 0.556319
0.083516 0.035186 0.332204 0.549094
0.082273 0.034373 0.330170 0.553183
0.082285 0.034439 0.329334 0.553941
0.082834 0.034622 0.328694 0.553850
0.084501 0.035509 0.330524 0.549467
0.083928 0.035433 0.330405 0.550234
0.082963 0.034709 0.336120 0.546208
0.081798 0.033918 0.332220 0.552064
0.082081 0.034146 0.331762 0.552010
0.082223 0.034353 0.329072 0.554352
0.082339 0.034435 0.330455 0.552771
0.082172 0.034370 0.330233 0.553224
0.081688 0.033975 0.330660 0.553677
0.082146 0.034209 0.330395 0.553250
0.084363 0.035681 0.330019 0.549937
0.083834 0.035442 0.331043 0.549680
0.082692 0.034707 0.328005 0.554596
0.081889 0.033987 0.333409 0.550716
0.084195 0.035519 0.329110 0.551176
0.083150 0.034988 0.330852 0.551009
0.082296 0.034438 0.329905 0.553361
0.081826 0.034001 0.332150 0.552023
0.084013 0.035031 0.326968 0.553987
0.084351 0.035561 0.330161 0.549926
0.083508 0.035235 0.331794 0.549463
0.081895 0.033979 0.333071 0.551055
0.083220 0.034960 0.334058 0.547762
0.082780 0.034743 0.329292 0.553185
0.083859 0.035291 0.328240 0.552610
0.082925 0.034861 0.330067 0.552147
0.083105 0.034806 0.328139 0.553950
0.082842 0.034818 0.332798 0.549542
0.082543 0.034565 0.329689 0.553204
0.081492 0.033657 0.332793 0.552058
0.082851 0.034719 0.330865 0.551564
0.082970 0.034822 0.329449 0.552759
0.082495 0.034547 0.329566 0.553392
0.082030 0.034122 0.331200 0.552648
0.082135 0.034215 0.331949 0.551701
0.082830 0.034451 0.327131 0.555588
0.084618 0.035647 0.330267 0.549468
0.082752 0.034737 0.332374 0.550138
0.082126 0.034195 0.332085 0.551594
0.082822 0.034309 0.330175 0.552695
0.082982 0.034841 0.332826 0.549351
0.082302 0.034411 0.329437 0.553850
0.081702 0.033805 0.333775 0.550718
0.082267 0.034406 0.330866 0.552461
0.083086 0.035057 0.330177 0.551680
0.082378 0.034473 0.328952 0.554197
0.082264 0.034284 0.331177 0.552276
0.083549 0.035236 0.331960 0.549254
0.083788 0.035434 0.331324 0.549455
0.083855 0.035179 0.326529 0.554437
0.083090 0.034920 0.329618 0.552372
0.083758 0.035386 0.330815 0.550040
0.082532 0.034235 0.332545 0.550687
0.083646 0.035282 0.331052 0.550020
0.082876 0.034800 0.329371 0.552953
0.082522 0.034256 0.331796 0.551426
0.083973 0.035314 0.330335 0.550378
0.083199 0.035031 0.330366 0.551405
0.082212 0.034245 0.331552 0.551990
0.081645 0.033865 0.332805 0.551685
0.084820 0.035747 0.328868 0.550565
0.083743 0.035219 0.332731 0.548307
0.082263 0.034321 0.329647 0.553769
0.083276 0.034760 0.333610 0.548355
0.083088 0.034867 0.330988 0.551056
0.082342 0.034393 0.328886 0.554379
0.082967 0.034661 0.335432 0.546939
0.082751 0.034588 0.327464 0.555197
0.083403 0.035139 0.331022 0.550435
0.082398 0.034481 0.329244 0.553877
0.082353 0.034439 0.330186 0.553021
0.083850 0.035097 0.327963 0.553090
0.083651 0.035181 0.333494 0.547674
0.085719 0.036324 0.326889 0.551068
0.083352 0.034933 0.331596 0.550119
0.082901 0.034816 0.333665 0.548618
0.082402 0.034407 0.330343 0.552848
0.083358 0.034707 0.329314 0.552621
0.084127 0.035353 0.328877 0.551642
0.085567 0.036111 0.326011 0.552311
0.084181 0.035225 0.341099 0.539495
0.082983 0.034475 0.329282 0.553260
0.082600 0.034548 0.332331 0.550522
0.080886 0.033827 0.331760 0.553527
0.083640 0.034781 0.333291 0.548288
0.083183 0.035000 0.329594 0.552223
0.081630 0.033892 0.331735 0.552744
0.086759 0.035973 0.321690 0.555578
0.083532 0.035217 0.331350 0.549901
0.081873 0.033881 0.334003 0.550243
0.082194 0.034346 0.329577 0.553883
0.082113 0.034285 0.330116 0.553487
0.082486 0.034483 0.329902 0.553129
0.083540 0.035229 0.332556 0.548676
0.082389 0.034496 0.329387 0.553728
0.082367 0.034482 0.329459 0.553692
0.082046 0.034242 0.329848 0.553864
0.083019 0.034756 0.327799 0.554425
0.083631 0.035299 0.331342 0.549727
0.082315 0.034381 0.328498 0.554806
0.082135 0.034160 0.333125 0.550580
0.082487 0.034476 0.329461 0.553576
0.083687 0.035347 0.331473 0.549493
0.082314 0.034438 0.330117 0.553131
0.082029 0.034196 0.328538 0.555238
0.083571 0.034907 0.327428 0.554094
0.082539 0.034622 0.330175 0.552665
0.082834 0.034807 0.329816 0.552543
0.081936 0.034046 0.331893 0.552124
0.083287 0.035070 0.332413 0.549230
0.081990 0.034248 0.329201 0.554560
0.082121 0.034028 0.328924 0.554927
0.082548 0.034560 0.332189 0.550703
0.081874 0.034104 0.329147 0.554875
0.081854 0.034006 0.333624 0.550516
0.083135 0.034669 0.327420 0.554775
0.083472 0.035207 0.331299 0.550022
0.082536 0.034586 0.328338 0.554540
0.082048 0.034134 0.332537 0.551280
0.084140 0.035271 0.326128 0.554461
0.083650 0.035297 0.331582 0.549471
0.083024 0.034696 0.332547 0.549733
0.081904 0.034025 0.332427 0.551644
0.082044 0.034221 0.329930 0.553805
0.081096 0.033804 0.333072 0.552027
0.082873 0.034602 0.328916 0.553610
0.083552 0.035109 0.329033 0.552305
0.083230 0.035130 0.328642 0.552998
0.085559 0.035455 0.323231 0.555756
0.084417 0.035180 0.330112 0.550291
0.082812 0.034600 0.333079 0.549509
0.083264 0.035024 0.333138 0.548574
0.082296 0.034334 0.330323 0.553047
0.083427 0.035251 0.332409 0.548913
0.082634 0.034646 0.328776 0.553943
0.083785 0.035452 0.331361 0.549403
0.082804 0.034617 0.327405 0.555174
0.083397 0.035165 0.332231 0.549208
0.083044 0.034952 0.329782 0.552222
0.081585 0.033821 0.334340 0.550254
0.082483 0.034436 0.330336 0.552746
0.081761 0.033923 0.330601 0.553715
0.083146 0.034590 0.327144 0.555121
0.082439 0.034653 0.332410 0.550498
0.082571 0.034590 0.330228 0.552611
0.081640 0.033903 0.332175 0.552283
0.083555 0.034864 0.326993 0.554589
0.085529 0.035895 0.326419 0.552158
0.084366 0.035418 0.329576 0.550641
0.082441 0.034310 0.335083 0.548166
0.062400 0.025217 0.286843 0.625540
0.083528 0.034743 0.331480 0.550249
0.083664 0.035265 0.332587 0.548484
0.082678 0.034462 0.327909 0.554951
0.083414 0.034871 0.330448 0.551268
0.083184 0.034863 0.327671 0.554282
0.082828 0.034469 0.336624 0.546080
0.083286 0.035073 0.329883 0.551759
0.082068 0.034249 0.329796 0.553888
0.084000 0.035067 0.325796 0.555138
0.082990 0.034838 0.332348 0.549824
0.081810 0.034059 0.330541 0.553590
0.082458 0.034246 0.331698 0.551598
0.084211 0.035268 0.331091 0.549429
0.083497 0.035318 0.331595 0.549590
0.081705 0.033612 0.329796 0.554887
0.083042 0.034766 0.335055 0.547137
0.083252 0.034916 0.328495 0.553337
0.083694 0.034952 0.331795 0.549559
0.083675 0.035342 0.331337 0.549645
0.081723 0.033841 0.332827 0.551609
0.081857 0.033946 0.332596 0.551601
0.082505 0.034540 0.329203 0.553752
0.082581 0.034591 0.330013 0.552814
0.081860 0.034219 0.330706 0.553216
0.082059 0.034244 0.330611 0.553086
0.082303 0.034342 0.329760 0.553595
0.083672 0.035413 0.331356 0.549559
0.084387 0.035422 0.324496 0.555694
0.083593 0.035292 0.332003 0.549111
0.084913 0.035608 0.325676 0.553804
0.085101 0.035854 0.329601 0.549444
0.083408 0.035139 0.332057 0.549396
0.081621 0.033863 0.332821 0.551696
0.081947 0.034042 0.331809 0.552201
0.082299 0.034382 0.329062 0.554256
0.082668 0.034735 0.330900 0.551696
0.084977 0.035618 0.324320 0.555085
0.083103 0.034867 0.332722 0.549308
0.082322 0.034380 0.329674 0.553624
0.081880 0.033941 0.332116 0.552062
0.082325 0.034379 0.329886 0.553410
0.083080 0.034944 0.329782 0.552194
0.083506 0.035128 0.329647 0.551719
0.084104 0.035156 0.325972 0.554769
0.083295 0.035057 0.330409 0.551238
0.083361 0.035147 0.332356 0.549136
0.082535 0.034323 0.330766 0.552376
0.082631 0.034614 0.332903 0.549853
0.082367 0.034507 0.328612 0.554514
0.082123 0.034133 0.333513 0.550230
0.082531 0.034559 0.329919 0.552991
0.083505 0.035205 0.332128 0.549162
0.082284 0.034376 0.329158 0.554182
0.082403 0.034388 0.331959 0.551249
0.059883 0.024111 0.277908 0.638098
0.083026 0.034965 0.330121 0.551887
0.082306 0.034371 0.329407 0.553916
0.081997 0.034093 0.330937 0.552973
0.083431 0.034897 0.327621 0.554051
0.083652 0.035297 0.331038 0.550012
0.082614 0.034673 0.329048 0.553666
0.081710 0.033867 0.333274 0.551150
0.082160 0.034327 0.330064 0.553449
0.082358 0.034426 0.330093 0.553122
0.082761 0.034715 0.329394 0.553130
0.082986 0.034869 0.331969 0.550176
0.084183 0.035223 0.325012 0.555582
0.083076 0.034928 0.331409 0.550587
0.083156 0.034705 0.327305 0.554834
0.082888 0.034648 0.334853 0.547611
0.083696 0.035364 0.330804 0.550135
0.082772 0.034548 0.333710 0.548970
0.084096 0.035470 0.330337 0.550096
0.083525 0.035191 0.331289 0.549994
0.082373 0.034448 0.329127 0.554052
0.082127 0.034133 0.333919 0.549820
0.082435 0.034491 0.328924 0.554150
0.083229 0.034946 0.332807 0.549018
0.085197 0.035823 0.325680 0.553300
0.082824 0.034716 0.331588 0.550871
0.082578 0.034617 0.329542 0.553263
0.081973 0.034156 0.331084 0.552787
0.084233 0.035246 0.325377 0.555144
0.083688 0.035311 0.333049 0.547952
0.085180 0.035788 0.324514 0.554519
0.081887 0.033895 0.335712 0.548506
0.081645 0.034093 0.330785 0.553477
0.084234 0.035453 0.330746 0.549567
0.082636 0.034604 0.329252 0.553509
0.083608 0.035303 0.332013 0.549077
0.082608 0.034702 0.331930 0.550760
0.082283 0.034387 0.330479 0.552851
0.082046 0.034260 0.330221 0.553474
0.082013 0.034195 0.331050 0.552742
0.082249 0.034324 0.329340 0.554087
0.083818 0.035140 0.328196 0.552846
0.085445 0.036043 0.327384 0.551128
0.083767 0.035333 0.331877 0.549023
0.082008 0.034104 0.334092 0.549796
0.082174 0.034254 0.330631 0.552941
0.082432 0.034542 0.330093 0.552933
0.082998 0.034656 0.330010 0.552336
0.085401 0.035973 0.326961 0.551665
0.083147 0.035028 0.330202 0.551623
0.083300 0.034356 0.329154 0.553191
0.082762 0.034599 0.333017 0.549622
0.082403 0.034435 0.329863 0.553300
0.082068 0.034161 0.332215 0.551556
0.085369 0.035775 0.323179 0.555676
0.084107 0.035314 0.327387 0.553192
0.083252 0.034843 0.330010 0.551895
0.082627 0.034552 0.331758 0.551062
0.083141 0.034890 0.334614 0.547355
0.081836 0.033951 0.333611 0.550602
0.081873 0.034131 0.330712 0.553284
0.082316 0.034383 0.329184 0.554118
0.082478 0.034286 0.328900 0.554337
0.082712 0.034632 0.330490 0.552166
0.082577 0.034531 0.330136 0.552756
0.060556 0.024144 0.288257 0.627044
0.085695 0.036108 0.326873 0.551325
0.083362 0.035071 0.331249 0.550318
0.082970 0.034590 0.327985 0.554454
0.082175 0.034217 0.330551 0.553058
0.084122 0.035517 0.330577 0.549783
0.084147 0.035346 0.329782 0.550725
0.084339 0.035507 0.329109 0.551046
0.083122 0.034870 0.334421 0.547588
0.081990 0.034076 0.331399 0.552535
0.083036 0.034827 0.334862 0.547276
0.083715 0.035043 0.326176 0.555066
0.082659 0.034660 0.334190 0.548491
0.083554 0.034953 0.325858 0.555635
0.082326 0.034182 0.336999 0.546493
0.082233 0.034387 0.329230 0.554151
0.081895 0.034032 0.330969 0.553104
0.082298 0.034348 0.329695 0.553659
0.082543 0.034633 0.331217 0.551607
0.082440 0.034549 0.328972 0.554038
0.083421 0.035174 0.332108 0.549297
0.082134 0.034281 0.329795 0.553790
0.082417 0.034407 0.330066 0.553110
0.081740 0.033976 0.330205 0.554079
0.082571 0.034554 0.330691 0.552184
0.082718 0.034443 0.329820 0.553019
0.083711 0.035158 0.331048 0.550083
0.083577 0.035329 0.330617 0.550477
0.081694 0.033888 0.331374 0.553044
0.081850 0.033978 0.333694 0.550478
0.083455 0.034920 0.327793 0.553832
0.085741 0.036202 0.329210 0.548847
0.083149 0.035034 0.331261 0.550556
0.081549 0.033684 0.332835 0.551932
0.081530 0.033771 0.334250 0.550449
0.082345 0.034412 0.329027 0.554216
0.082883 0.034806 0.330245 0.552067
0.082207 0.034411 0.330280 0.553102
0.084276 0.035085 0.323294 0.557345
0.084351 0.035452 0.331197 0.548999
0.084074 0.035264 0.329956 0.550706
0.082648 0.034480 0.333260 0.549613
0.082347 0.034355 0.333387 0.549912
0.081733 0.033932 0.332960 0.551376
0.082710 0.034460 0.329688 0.553142
0.083275 0.034888 0.329663 0.552173
0.082591 0.034639 0.330330 0.552439
0.081687 0.033894 0.332828 0.551591
0.082255 0.034175 0.335832 0.547739
0.083121 0.034705 0.327121 0.555054
0.084772 0.035650 0.329973 0.549605
0.083331 0.035072 0.331246 0.550350
0.081810 0.033954 0.334117 0.550119
0.082658 0.034522 0.332081 0.550739
0.082443 0.034511 0.328454 0.554591
0.084179 0.035358 0.328810 0.551652
0.083468 0.035163 0.331234 0.550135
0.082354 0.034382 0.329213 0.554051
0.082089 0.034310 0.330367 0.553234
0.085099 0.035552 0.323211 0.556138
0.083527 0.035299 0.332247 0.548926
0.082687 0.034623 0.332418 0.550272
0.083196 0.034791 0.330224 0.551789
0.083565 0.035016 0.332887 0.548532
0.082892 0.034724 0.331266 0.551118
0.082379 0.034348 0.332680 0.550593
0.081929 0.034072 0.333305 0.550694
0.082810 0.034396 0.331137 0.551657
0.085950 0.036166 0.326041 0.551842
0.083181 0.035005 0.330596 0.551218
0.081624 0.033592 0.332281 0.552503
0.082219 0.034292 0.333997 0.549491
0.083478 0.035051 0.328946 0.552525
0.082397 0.034323 0.334772 0.548509
0.082670 0.034700 0.328835 0.553794
0.081650 0.033828 0.333623 0.550899
0.082270 0.034320 0.331662 0.551748
0.082471 0.034522 0.330900 0.552107
0.083174 0.034880 0.327610 0.554337
0.085193 0.035956 0.327573 0.551278
0.085338 0.035962 0.325566 0.553134
0.081971 0.034097 0.333252 0.550679
0.082699 0.034631 0.330978 0.551692
0.085015 0.035412 0.325762 0.553811
0.083685 0.035361 0.332224 0.548730
0.085021 0.035775 0.328027 0.551178
0.083886 0.035274 0.331881 0.548960
0.083377 0.035124 0.331131 0.550368
0.082497 0.034478 0.330776 0.552249
0.083602 0.034666 0.329301 0.552431
0.084392 0.035615 0.329824 0.550169
0.083403 0.035111 0.332348 0.549138
0.082339 0.034186 0.331175 0.552300
0.082822 0.034618 0.336590 0.545970
0.082401 0.034441 0.329016 0.554142
0.082333 0.034275 0.332514 0.550879
0.082180 0.034388 0.329012 0.554420
0.082442 0.034551 0.328695 0.554313
0.071320 0.029068 0.314691 0.584921
0.082185 0.034321 0.329748 0.553747
0.082197 0.034097 0.329627 0.554078
0.084459 0.035508 0.329611 0.550423
0.082912 0.034904 0.332253 0.549931
0.082998 0.034816 0.337185 0.545001
0.081707 0.033846 0.333532 0.550915
0.081844 0.034080 0.330987 0.553090
0.082041 0.034220 0.329656 0.554083
0.082184 0.034304 0.329290 0.554223
0.083595 0.035248 0.332162 0.548995
0.084024 0.035140 0.325273 0.555563
0.084498 0.035634 0.327457 0.552411
0.083175 0.034992 0.331470 0.550363
0.082783 0.034375 0.330473 0.552369
0.082705 0.034515 0.335133 0.547646
0.083507 0.035275 0.331540 0.549678
0.081863 0.033924 0.334714 0.549499
0.082162 0.034248 0.330109 0.553481
0.082216 0.034305 0.330566 0.552914
0.081751 0.034350 0.332049 0.551850
0.082652 0.034708 0.329558 0.553082
0.082080 0.034190 0.329542 0.554188
0.082154 0.034346 0.329613 0.553887
0.086120 0.036028 0.321000 0.556853
0.084125 0.035539 0.329366 0.550970
0.083607 0.034881 0.330296 0.551216
0.083410 0.035149 0.330209 0.551233
0.081928 0.034003 0.332978 0.551091
0.082004 0.034068 0.332559 0.551369
0.082750 0.034693 0.330958 0.551599
0.082104 0.034213 0.328824 0.554858
0.083688 0.035313 0.331890 0.549109
0.083730 0.035094 0.327087 0.554089
0.083695 0.035364 0.332008 0.548933
0.082728 0.034714 0.329887 0.552671
0.082161 0.034240 0.330774 0.552825
0.083449 0.034871 0.327692 0.553987
0.082891 0.034751 0.330676 0.551682
0.083532 0.035229 0.331536 0.549703
0.082169 0.034144 0.334322 0.549365
0.082776 0.034589 0.328794 0.553841
0.083410 0.034748 0.328416 0.553425
0.083431 0.035162 0.331858 0.549549
0.082047 0.034147 0.329447 0.554359
0.081831 0.033951 0.334602 0.549616
0.083636 0.035009 0.326519 0.554836
0.084533 0.035468 0.330123 0.549876
0.085129 0.035888 0.327545 0.551438
0.083520 0.034746 0.331487 0.550246
0.082970 0.034756 0.332888 0.549385
0.084040 0.035015 0.328151 0.552795
0.082591 0.034465 0.335184 0.547760
0.082406 0.034471 0.329218 0.553904
0.082541 0.034175 0.331090 0.552193
0.083369 0.035017 0.334133 0.547481
0.082498 0.034516 0.328788 0.554198
0.083347 0.035041 0.333737 0.547874
0.082765 0.034646 0.330137 0.552451
0.083750 0.035397 0.331079 0.549773
0.083610 0.035066 0.326918 0.554406
0.083219 0.035011 0.330276 0.551494
0.084414 0.035268 0.323994 0.556323
0.082222 0.034257 0.333901 0.549620
0.082724 0.034671 0.329566 0.553039
0.083958 0.034909 0.329448 0.551685
0.084717 0.035716 0.329098 0.550469
0.082977 0.034816 0.330306 0.551901
0.082663 0.034384 0.331180 0.551772
0.082807 0.034610 0.335503 0.547080
0.082504 0.034550 0.328158 0.554788
0.083404 0.034863 0.334309 0.547424
0.085433 0.035958 0.327580 0.551028
0.082931 0.034811 0.330249 0.552009
0.082340 0.034284 0.332502 0.550874
0.082968 0.034492 0.333342 0.549198
0.082419 0.034566 0.333066 0.549950
0.083067 0.035016 0.330051 0.551866
0.082799 0.034605 0.335402 0.547195
0.082157 0.034367 0.329207 0.554269
0.081138 0.033539 0.329440 0.555883
0.085804 0.036167 0.328395 0.549635
0.086022 0.036382 0.326547 0.551048
0.084687 0.035592 0.329289 0.550432
0.083289 0.034966 0.332802 0.548943
0.081556 0.033918 0.333107 0.551419
0.081802 0.034136 0.331012 0.553050
0.082117 0.034300 0.329888 0.553696
0.085116 0.035645 0.322286 0.556953
0.085395 0.035885 0.327510 0.551210
0.085502 0.035953 0.327220 0.551325
0.082988 0.034787 0.332753 0.549473
0.081818 0.034057 0.331581 0.552544
0.082324 0.034319 0.333201 0.550157
0.082320 0.034426 0.329444 0.553810
0.082289 0.034414 0.330548 0.552748
0.071350 0.029083 0.306714 0.592853
0.082651 0.034686 0.331331 0.551332
0.081758 0.034030 0.330263 0.553949
0.081383 0.033645 0.332206 0.552767
0.082265 0.034284 0.332539 0.550912
0.082456 0.034579 0.328690 0.554275
0.082931 0.034845 0.329982 0.552242
0.083361 0.035117 0.332069 0.549452
0.081637 0.033959 0.329198 0.555206
0.082672 0.034646 0.329011 0.553671
0.082196 0.034304 0.330617 0.552883
0.083924 0.035141 0.325875 0.555059
0.083639 0.035304 0.332403 0.548655
0.082521 0.034388 0.327735 0.555356
0.082453 0.034385 0.332197 0.550965
0.082579 0.034625 0.329351 0.553446
0.077306 0.031592 0.328288 0.562815
0.083448 0.035170 0.332123 0.549259
0.083140 0.035073 0.333291 0.548496
0.081450 0.033719 0.333163 0.551668
0.082452 0.034401 0.331654 0.551493
0.082246 0.034344 0.330262 0.553148
0.062222 0.025124 0.284033 0.628622
0.083224 0.034825 0.327449 0.554501
0.083302 0.035076 0.332521 0.549101
0.082184 0.034326 0.330027 0.553463
0.082375 0.034211 0.330005 0.553408
0.084451 0.035527 0.331005 0.549017
0.083308 0.035085 0.332227 0.549380
0.083993 0.035132 0.333208 0.547667
0.083540 0.035004 0.333367 0.548088
0.082973 0.034927 0.333405 0.548695
0.081554 0.033874 0.331676 0.552896
0.081646 0.033869 0.333754 0.550732
0.084031 0.035074 0.326523 0.554372
0.085195 0.035939 0.328965 0.549901
0.083765 0.035381 0.333151 0.547703
0.081384 0.033710 0.331723 0.553183
0.082060 0.034216 0.330361 0.553364
0.081233 0.033959 0.332767 0.552040
0.083781 0.034907 0.326179 0.555133
0.084131 0.035555 0.331948 0.548366
0.084119 0.035284 0.325014 0.555583
0.086361 0.036164 0.328496 0.548979
0.083323 0.035134 0.332148 0.549394
0.082100 0.033926 0.333288 0.550686
0.082778 0.034563 0.333721 0.548938
0.082760 0.034762 0.328698 0.553781
0.084154 0.034989 0.327892 0.552965
0.082678 0.034627 0.330092 0.552603
0.084635 0.035706 0.328769 0.550889
0.082731 0.034598 0.334250 0.548421
0.082846 0.034666 0.327480 0.555008
0.084828 0.035335 0.331025 0.548812
0.084629 0.035730 0.329045 0.550596
0.081897 0.033924 0.334994 0.549185
0.082055 0.034144 0.330689 0.553112
0.081976 0.034050 0.333185 0.550788
0.085333 0.035851 0.326409 0.552407
0.083005 0.034880 0.333897 0.548218
0.083662 0.035337 0.332084 0.548916
0.083097 0.034795 0.335674 0.546434
0.082945 0.034706 0.327844 0.554506
0.083392 0.035051 0.332734 0.548823
0.083785 0.035462 0.330949 0.549803
0.084365 0.035026 0.326964 0.553645
0.083462 0.035162 0.332654 0.548722
0.081685 0.034115 0.330538 0.553662
0.083966 0.034995 0.326964 0.554076
0.083693 0.035265 0.332795 0.548247
0.053969 0.022600 0.357861 0.565569
0.084036 0.034855 0.327901 0.553209
0.083688 0.035202 0.331526 0.549584
0.082255 0.034283 0.330014 0.553448
0.053968 0.022564 0.359263 0.564205
0.082682 0.034718 0.328481 0.554118
0.084090 0.035623 0.330339 0.549949
0.084123 0.035182 0.325421 0.555274
0.084757 0.035447 0.331087 0.548710
0.083875 0.035472 0.330709 0.549944
0.082275 0.034316 0.330063 0.553346
0.082789 0.034496 0.333039 0.549676
0.082987 0.034874 0.331257 0.550882
0.084131 0.035270 0.329152 0.551446
0.082473 0.034353 0.338411 0.544763
0.083808 0.035045 0.325773 0.555374
0.081656 0.034195 0.336915 0.547234
0.082288 0.034349 0.330993 0.552369
0.083984 0.035040 0.328013 0.552963
0.084197 0.035508 0.330989 0.549306
0.087233 0.036747 0.320938 0.555083
0.082868 0.034746 0.333216 0.549170
0.052836 0.021811 0.355478 0.569875
0.083971 0.035168 0.330536 0.550324
0.086172 0.036326 0.325459 0.552044
0.082632 0.034417 0.330604 0.552348
0.089725 0.035428 0.301198 0.573650
0.083155 0.034985 0.329697 0.552163
0.082113 0.034197 0.331825 0.551864
0.082862 0.034421 0.331548 0.551170
0.082705 0.034682 0.329608 0.553005
0.084739 0.035667 0.329631 0.549963
0.082870 0.034781 0.332957 0.549391
0.082063 0.034320 0.329237 0.554381
0.082040 0.034126 0.330964 0.552871
0.082057 0.034168 0.330824 0.552951
0.083118 0.034838 0.327734 0.554309
0.083311 0.035163 0.331914 0.549612
0.086112 0.036333 0.323876 0.553679
0.083281 0.034918 0.334854 0.546948
0.082129 0.034201 0.330375 0.553295
0.082386 0.034352 0.330931 0.552331
0.083552 0.035220 0.331374 0.549854
0.084557 0.035591 0.327870 0.551982
0.083963 0.035336 0.331314 0.549386
0.083805 0.035243 0.330758 0.550194
0.084001 0.035302 0.327426 0.553272
0.082430 0.034416 0.334695 0.548459
0.083442 0.034778 0.330834 0.550947
0.085339 0.035641 0.332800 0.546220
0.085062 0.035885 0.326925 0.552128
0.084902 0.035617 0.330150 0.549331
0.082502 0.034590 0.333433 0.549475
0.082070 0.034238 0.332142 0.551550
0.082826 0.034410 0.331542 0.551222
0.082974 0.034861 0.334523 0.547642
0.085939 0.036085 0.322483 0.555494
0.083655 0.035137 0.332282 0.548926
0.085084 0.035695 0.327067 0.552154
0.083030 0.034683 0.330815 0.551472
0.082201 0.034238 0.334983 0.548577
0.084273 0.035111 0.326750 0.553867
0.082318 0.034181 0.336078 0.547423
0.083678 0.035309 0.331679 0.549334
0.083394 0.035051 0.334409 0.547145
0.082466 0.034559 0.328741 0.554234
0.082619 0.034602 0.329605 0.553174
0.082392 0.034423 0.329957 0.553228
0.082147 0.034269 0.330469 0.553115
0.083784 0.035160 0.327448 0.553608
0.082460 0.034572 0.333050 0.549918
0.083187 0.035057 0.331849 0.549907
0.082899 0.034794 0.333747 0.548560
0.083430 0.034704 0.329366 0.552500
0.085915 0.036155 0.325905 0.552025
0.083720 0.034929 0.328297 0.553054
0.082447 0.034372 0.332440 0.550741
0.082956 0.034589 0.330084 0.552370
0.082664 0.034565 0.335755 0.547016
0.082077 0.034356 0.329143 0.554424
0.083336 0.034460 0.330122 0.552082
0.083088 0.034962 0.333361 0.548589
0.082645 0.034343 0.329002 0.554010
0.082243 0.034200 0.334185 0.549373
0.085402 0.035780 0.322674 0.556144
0.083059 0.034850 0.332990 0.549100
0.084031 0.035077 0.326465 0.554427
0.082737 0.034676 0.333023 0.549564
0.082477 0.034496 0.329368 0.553659
0.081746 0.033874 0.334395 0.549986
0.082280 0.034424 0.329147 0.554149
0.082806 0.034726 0.330256 0.552212
0.081888 0.034090 0.330487 0.553536
0.082735 0.034733 0.330144 0.552388
0.081504 0.033739 0.330141 0.554615
0.082092 0.034247 0.330160 0.553500
0.082450 0.034566 0.329145 0.553839
0.082341 0.034458 0.330131 0.553069
0.084819 0.035374 0.323698 0.556110
0.083666 0.035341 0.331537 0.549456
0.082458 0.034435 0.330430 0.552677
0.082215 0.034337 0.331327 0.552121
0.082403 0.034475 0.329306 0.553815
0.082297 0.034398 0.328963 0.554343
0.084270 0.035198 0.324121 0.556412
0.083062 0.034932 0.329121 0.552884
0.082127 0.034226 0.329803 0.553844
0.081717 0.033914 0.332288 0.552081
0.082417 0.034492 0.328514 0.554576
0.082282 0.034304 0.331478 0.551937
0.082276 0.034366 0.328766 0.554592
0.081876 0.034002 0.330047 0.554075
0.082423 0.034535 0.329975 0.553066
0.083664 0.035013 0.328277 0.553046
0.084074 0.035436 0.330971 0.549519
0.082762 0.034749 0.332852 0.549637
0.083606 0.034707 0.328001 0.553686
0.082759 0.034503 0.338293 0.544444
0.083658 0.034978 0.327099 0.554265
0.083086 0.034816 0.334494 0.547604
0.084599 0.035555 0.325620 0.554226
0.084259 0.035245 0.332885 0.547611
0.083326 0.035070 0.332586 0.549018
0.081957 0.034133 0.331434 0.552476
0.082156 0.034193 0.330909 0.552742
0.082217 0.034263 0.330369 0.553151
0.082804 0.034778 0.330337 0.552080
0.082459 0.034656 0.331816 0.551069
0.083263 0.034986 0.332018 0.549733
0.082395 0.034439 0.328987 0.554179
0.082228 0.034266 0.330449 0.553057
0.083745 0.035402 0.331752 0.549100
0.082622 0.034530 0.330646 0.552202
0.082536 0.034539 0.331322 0.551602
0.070333 0.028651 0.312416 0.588601
0.082222 0.034169 0.328385 0.555224
0.082925 0.034791 0.333307 0.548976
0.083290 0.035092 0.332209 0.549409
0.083576 0.034746 0.327915 0.553763
0.086932 0.036708 0.323527 0.552832
0.084954 0.035788 0.327210 0.552047
0.085417 0.035700 0.332155 0.546727
0.083309 0.035099 0.332577 0.549016
0.081841 0.033950 0.333746 0.550463
0.081361 0.033804 0.333823 0.551013
0.082208 0.034431 0.330981 0.552380
0.082745 0.034741 0.328583 0.553931
0.083981 0.035490 0.330189 0.550340
0.085129 0.035753 0.324035 0.555083
0.085419 0.036160 0.325988 0.552433
0.082584 0.034465 0.337717 0.545234
0.083149 0.034702 0.328039 0.554110
0.084215 0.035390 0.330836 0.549559
0.084186 0.035430 0.328445 0.551939
0.082042 0.034000 0.334078 0.549880
0.082223 0.034214 0.332479 0.551084
0.082985 0.034695 0.335167 0.547153
0.082798 0.034751 0.330014 0.552437
0.084153 0.035552 0.329922 0.550374
0.083297 0.034873 0.330238 0.551592
0.083052 0.034881 0.329967 0.552100
0.081557 0.033745 0.332648 0.552050
0.082286 0.034242 0.334178 0.549293
0.085496 0.036055 0.326124 0.552325
0.084988 0.035865 0.328518 0.550630
0.083588 0.035210 0.331884 0.549317
0.082141 0.034211 0.331936 0.551713
0.082105 0.034249 0.332156 0.551491
0.083576 0.035340 0.331011 0.550073
0.082091 0.034246 0.330893 0.552771
0.083268 0.035022 0.331535 0.550175
0.081402 0.033621 0.330823 0.554154
0.082143 0.034296 0.330368 0.553194
0.082323 0.034202 0.328414 0.555061
0.082798 0.034696 0.333385 0.549121
0.084795 0.035847 0.327163 0.552195
0.084779 0.035427 0.329678 0.550116
0.082983 0.035000 0.333660 0.548358
0.081901 0.034127 0.331213 0.552760
0.082291 0.034321 0.332603 0.550785
0.083128 0.034797 0.329080 0.552995
0.085628 0.035961 0.327343 0.551068
0.083895 0.035569 0.330536 0.550000
0.081786 0.033875 0.334323 0.550016
0.082562 0.034568 0.330563 0.552307
0.082770 0.034697 0.330121 0.552412
0.082718 0.034655 0.331522 0.551104
0.082287 0.034470 0.329068 0.554175
0.085124 0.035529 0.323835 0.555512
0.082697 0.034783 0.332541 0.549978
0.082395 0.034483 0.330768 0.552354
0.082189 0.034246 0.331855 0.551710
