0.021462 0.007461 0.001172 0.969905
0.022069 0.007808 0.001234 0.968889
0.006492 0.001778 0.000330 0.991399
0.021655 0.007680 0.001179 0.969486
0.004883 0.001299 0.000255 0.993563
0.021439 0.007608 0.001158 0.969795
0.019272 0.006573 0.001042 0.973114
0.015617 0.004956 0.000842 0.978584
0.021556 0.007475 0.001224 0.969745
0.020755 0.007149 0.001140 0.970955
0.020756 0.007161 0.001152 0.970931
0.021303 0.007465 0.001160 0.970072
0.020393 0.007025 0.001121 0.971462
0.021337 0.007364 0.001169 0.970130
0.021922 0.007744 0.001225 0.969109
0.020527 0.007152 0.001102 0.971219
0.021719 0.007717 0.001191 0.969373
0.006355 0.001751 0.000337 0.991558
0.020451 0.007013 0.001124 0.971412
0.019445 0.006583 0.001056 0.972917
0.022019 0.007766 0.001204 0.969011
0.022033 0.007797 0.001217 0.968953
0.021899 0.007753 0.001201 0.969147
0.021265 0.007392 0.001194 0.970149
0.019844 0.006792 0.001086 0.972277
0.019422 0.006567 0.001084 0.972927
0.006693 0.001837 0.000358 0.991113
0.019910 0.006778 0.001075 0.972237
0.006163 0.001657 0.000330 0.991850
0.006372 0.001740 0.000338 0.991550
0.019577 0.006569 0.001074 0.972781
0.019548 0.006602 0.001058 0.972792
0.021129 0.007289 0.001176 0.970405
0.006270 0.001701 0.000335 0.991695
0.020875 0.007255 0.001130 0.970741
0.018781 0.006360 0.001031 0.973828
0.021319 0.007511 0.001174 0.969996
0.021339 0.007498 0.001208 0.969955
0.021870 0.007744 0.001186 0.969200
0.020171 0.006969 0.001103 0.971757
0.006393 0.001757 0.000333 0.991517
0.022342 0.007872 0.001215 0.968572
0.022021 0.007823 0.001229 0.968927
0.020624 0.007258 0.001150 0.970968
0.020277 0.007007 0.001116 0.971600
0.006450 0.001765 0.000347 0.991438
0.004691 0.001264 0.000244 0.993801
0.021865 0.007688 0.001193 0.969255
0.006126 0.001673 0.000315 0.991886
0.006413 0.001762 0.000335 0.991490
0.019723 0.006641 0.001117 0.972519
0.021019 0.007305 0.001143 0.970533
0.019913 0.006816 0.001097 0.972173
0.019951 0.006817 0.001101 0.972131
0.019879 0.006785 0.001099 0.972238
0.020346 0.006951 0.001122 0.971580
0.019770 0.006718 0.001080 0.972432
0.019862 0.006749 0.001098 0.972291
0.021992 0.007739 0.001204 0.969064
0.020138 0.006889 0.001115 0.971858
0.019836 0.006749 0.001083 0.972332
0.019625 0.006658 0.001075 0.972642
0.021932 0.007733 0.001231 0.969104
0.019462 0.006671 0.001062 0.972806
0.019678 0.006709 0.001077 0.972535
0.019844 0.006745 0.001099 0.972312
0.020634 0.007085 0.001139 0.971142
0.020663 0.007158 0.001143 0.971036
0.019124 0.006470 0.001032 0.973374
0.019940 0.006773 0.001090 0.972198
0.022140 0.007772 0.001235 0.968854
0.020982 0.007346 0.001156 0.970515
0.019894 0.006808 0.001084 0.972214
0.019510 0.006643 0.001054 0.972793
0.021790 0.007710 0.001191 0.969308
0.022067 0.007837 0.001205 0.968891
0.020719 0.007191 0.001150 0.970940
0.021541 0.007538 0.001172 0.969749
0.019981 0.006882 0.001117 0.972021
0.020718 0.007160 0.001121 0.971000
0.021713 0.007675 0.001196 0.969416
0.006538 0.001781 0.000362 0.991319
0.021077 0.007297 0.001146 0.970480
0.019711 0.006691 0.001070 0.972529
0.020697 0.007170 0.001129 0.971004
0.022212 0.007841 0.001239 0.968708
0.021781 0.007741 0.001189 0.969290
0.021162 0.007381 0.001156 0.970301
0.006243 0.001706 0.000321 0.991730
0.021631 0.007638 0.001189 0.969543
0.019381 0.006583 0.001043 0.972992
0.020844 0.007194 0.001145 0.970816
0.021114 0.007300 0.001167 0.970419
0.020847 0.007171 0.001157 0.970826
0.020264 0.006909 0.001115 0.971712
0.020142 0.006853 0.001107 0.971899
0.019487 0.006576 0.001048 0.972889
0.020078 0.007083 0.001106 0.971733
0.015399 0.004893 0.000857 0.978851
0.021461 0.007350 0.001240 0.969948
0.019673 0.006656 0.001078 0.972593
0.020167 0.006884 0.001128 0.971820
0.006909 0.001892 0.000361 0.990837
0.021549 0.007492 0.001185 0.969774
0.006375 0.001727 0.000326 0.991571
0.020560 0.007066 0.001134 0.971240
0.021437 0.007478 0.001172 0.969913
0.021039 0.007290 0.001195 0.970476
0.020850 0.007167 0.001144 0.970839
0.020936 0.007185 0.001173 0.970705
0.006123 0.001667 0.000318 0.991892
0.019775 0.006878 0.001068 0.972279
0.006268 0.001700 0.000334 0.991698
0.019901 0.006778 0.001092 0.972229
0.021796 0.007671 0.001191 0.969342
0.005514 0.001493 0.000282 0.992710
0.021890 0.007708 0.001206 0.969195
0.015720 0.004978 0.000835 0.978467
0.019964 0.006759 0.001100 0.972177
0.021906 0.007716 0.001199 0.969179
0.019859 0.006810 0.001069 0.972262
0.018198 0.005996 0.000999 0.974806
0.015305 0.004824 0.000808 0.979064
0.022035 0.007778 0.001210 0.968978
0.005212 0.001408 0.000279 0.993101
0.020837 0.007172 0.001145 0.970846
0.019290 0.006515 0.001045 0.973150
0.006446 0.001771 0.000335 0.991448
0.021307 0.007400 0.001187 0.970106
0.018752 0.006224 0.000998 0.974025
0.022173 0.007816 0.001252 0.968759
0.007282 0.002015 0.000381 0.990322
0.021368 0.007472 0.001191 0.969970
0.020733 0.007179 0.001134 0.970954
0.020430 0.007114 0.001113 0.971342
0.020027 0.006806 0.001108 0.972059
0.014423 0.004553 0.000774 0.980250
0.018982 0.006615 0.001057 0.973345
0.019602 0.006696 0.001082 0.972620
0.019687 0.006695 0.001096 0.972523
0.020055 0.006823 0.001083 0.972039
0.006482 0.001769 0.000349 0.991400
0.004926 0.001317 0.000249 0.993508
0.021351 0.007546 0.001161 0.969943
0.005365 0.001424 0.000286 0.992926
0.020720 0.007056 0.001148 0.971077
0.019892 0.006731 0.001079 0.972298
0.006614 0.001809 0.000339 0.991238
0.006158 0.001680 0.000322 0.991840
0.019105 0.006629 0.001100 0.973166
0.020455 0.007018 0.001137 0.971391
0.021104 0.007346 0.001177 0.970372
0.007324 0.002026 0.000385 0.990265
0.006326 0.001726 0.000327 0.991621
0.004673 0.001236 0.000253 0.993838
0.017084 0.005786 0.000954 0.976176
0.021454 0.007424 0.001206 0.969916
0.004951 0.001335 0.000260 0.993454
0.006568 0.001801 0.000350 0.991281
0.006587 0.001802 0.000345 0.991265
0.006284 0.001694 0.000333 0.991689
0.004827 0.001269 0.000250 0.993654
0.019786 0.006739 0.001107 0.972368
0.021951 0.007717 0.001197 0.969135
0.021193 0.007460 0.001158 0.970189
0.006447 0.001784 0.000333 0.991436
0.021284 0.007367 0.001156 0.970194
0.019309 0.006553 0.001043 0.973095
0.021836 0.007695 0.001190 0.969278
0.019238 0.006520 0.001046 0.973197
0.022124 0.007706 0.001216 0.968954
0.021555 0.007669 0.001163 0.969613
0.021362 0.007450 0.001180 0.970008
0.021969 0.007777 0.001197 0.969057
0.020893 0.007250 0.001178 0.970680
0.020673 0.007162 0.001119 0.971046
0.021826 0.007627 0.001218 0.969330
0.005547 0.001498 0.000282 0.992673
0.020877 0.007213 0.001151 0.970760
0.015390 0.004833 0.000826 0.978950
0.021247 0.007370 0.001163 0.970221
0.021600 0.007539 0.001227 0.969634
0.021821 0.007727 0.001191 0.969261
0.021243 0.007426 0.001153 0.970177
0.004644 0.001252 0.000238 0.993866
0.021202 0.007370 0.001172 0.970256
0.021040 0.007242 0.001172 0.970546
0.020097 0.006901 0.001099 0.971903
0.022357 0.007862 0.001259 0.968522
0.006205 0.001696 0.000317 0.991782
0.020442 0.006978 0.001164 0.971416
0.004766 0.001262 0.000237 0.993735
0.020554 0.007053 0.001154 0.971239
0.019414 0.006542 0.001044 0.972999
0.020872 0.007221 0.001180 0.970727
0.006326 0.001734 0.000323 0.991618
0.020057 0.006785 0.001118 0.972040
0.004587 0.001227 0.000231 0.993955
0.020594 0.007098 0.001132 0.971177
0.020665 0.007102 0.001115 0.971117
0.021361 0.007389 0.001220 0.970030
0.022185 0.007819 0.001211 0.968786
0.020400 0.006989 0.001134 0.971476
0.006307 0.001718 0.000325 0.991650
0.020261 0.006922 0.001100 0.971716
0.022121 0.007768 0.001231 0.968880
0.022249 0.007899 0.001241 0.968610
0.019920 0.006859 0.001075 0.972146
0.006508 0.001767 0.000356 0.991369
0.004600 0.001241 0.000232 0.993927
0.020932 0.007165 0.001176 0.970728
0.020854 0.007242 0.001125 0.970779
0.020914 0.007248 0.001168 0.970670
0.006283 0.001704 0.000334 0.991678
0.021020 0.007318 0.001139 0.970522
0.019763 0.006729 0.001061 0.972448
0.021949 0.007752 0.001222 0.969077
0.021755 0.007699 0.001194 0.969352
0.020709 0.007136 0.001135 0.971020
0.019820 0.006680 0.001074 0.972426
0.020015 0.006794 0.001095 0.972096
0.021118 0.007454 0.001173 0.970255
0.020050 0.006905 0.001097 0.971949
0.021719 0.007631 0.001181 0.969468
0.017430 0.005927 0.000940 0.975704
0.021766 0.007674 0.001204 0.969356
0.020191 0.006912 0.001130 0.971767
0.020876 0.007264 0.001146 0.970714
0.021014 0.007268 0.001172 0.970545
0.007150 0.001979 0.000373 0.990498
0.019926 0.006798 0.001108 0.972168
0.005442 0.001445 0.000278 0.992835
0.019608 0.006748 0.001074 0.972570
0.021370 0.007549 0.001170 0.969911
0.020584 0.007158 0.001128 0.971130
0.020587 0.007075 0.001116 0.971222
0.021346 0.007401 0.001176 0.970077
0.021268 0.007488 0.001161 0.970083
0.021120 0.007361 0.001157 0.970362
0.021413 0.007466 0.001193 0.969928
0.019780 0.006731 0.001104 0.972385
0.020510 0.007110 0.001116 0.971264
0.006659 0.001823 0.000338 0.991180
0.006512 0.001782 0.000340 0.991366
0.022437 0.007915 0.001258 0.968389
0.021905 0.007817 0.001190 0.969088
0.019532 0.006666 0.001064 0.972738
0.006549 0.001801 0.000349 0.991302
0.021100 0.007290 0.001172 0.970438
0.021935 0.007748 0.001221 0.969096
0.006881 0.001896 0.000360 0.990862
0.006982 0.001926 0.000367 0.990726
0.007502 0.002052 0.000393 0.990053
0.018365 0.006140 0.000978 0.974517
0.020986 0.007284 0.001136 0.970594
0.018990 0.006365 0.001038 0.973607
0.020787 0.007162 0.001156 0.970895
0.018788 0.006543 0.001037 0.973633
0.020121 0.006879 0.001108 0.971891
0.022441 0.007818 0.001255 0.968487
0.019870 0.006780 0.001080 0.972271
0.021460 0.007476 0.001182 0.969882
0.006827 0.001863 0.000370 0.990939
0.020698 0.007107 0.001151 0.971044
0.019795 0.006724 0.001073 0.972408
0.006748 0.001856 0.000359 0.991037
0.006622 0.001811 0.000339 0.991227
0.019018 0.006628 0.001057 0.973297
0.020648 0.007107 0.001141 0.971104
0.021852 0.007590 0.001245 0.969313
0.019555 0.006692 0.001066 0.972687
0.020366 0.006914 0.001149 0.971571
0.006976 0.001904 0.000364 0.990755
0.019858 0.006768 0.001091 0.972282
0.006851 0.001863 0.000364 0.990921
0.016919 0.005650 0.000943 0.976487
0.021034 0.007192 0.001172 0.970602
0.021282 0.007368 0.001178 0.970172
0.007466 0.002083 0.000393 0.990058
0.004588 0.001349 0.000221 0.993842
0.006120 0.001643 0.000314 0.991924
0.019704 0.006677 0.001100 0.972519
0.006178 0.001689 0.000322 0.991812
0.020452 0.007070 0.001106 0.971372
0.006330 0.001702 0.000338 0.991630
0.020644 0.007153 0.001131 0.971071
0.021199 0.007343 0.001166 0.970292
0.020816 0.007231 0.001142 0.970811
0.022037 0.007783 0.001207 0.968973
0.015410 0.004918 0.000821 0.978851
0.021750 0.007646 0.001188 0.969415
0.020695 0.007172 0.001121 0.971011
0.022011 0.007797 0.001220 0.968972
0.022044 0.007797 0.001197 0.968961
0.019338 0.006569 0.001059 0.973034
0.021525 0.007458 0.001170 0.969848
0.020463 0.007038 0.001132 0.971368
0.020057 0.007063 0.001124 0.971755
0.022058 0.007818 0.001213 0.968911
0.017356 0.006089 0.000984 0.975571
0.006906 0.001880 0.000360 0.990853
0.019202 0.006511 0.001053 0.973234
0.006463 0.001776 0.000343 0.991418
0.022348 0.007893 0.001263 0.968496
0.006170 0.001665 0.000327 0.991838
0.016177 0.005550 0.000885 0.977387
0.006683 0.001854 0.000372 0.991091
0.006807 0.001856 0.000362 0.990976
0.020234 0.006961 0.001130 0.971675
0.006818 0.001858 0.000344 0.990979
0.006565 0.001782 0.000373 0.991280
0.006213 0.001712 0.000319 0.991756
0.019264 0.006626 0.001047 0.973064
0.006602 0.001790 0.000344 0.991263
0.022345 0.007878 0.001256 0.968521
0.020323 0.006953 0.001108 0.971616
0.021963 0.007754 0.001201 0.969082
0.006339 0.001745 0.000331 0.991585
0.021801 0.007666 0.001184 0.969349
0.018131 0.006178 0.000980 0.974710
0.022041 0.007768 0.001232 0.968958
0.022091 0.007824 0.001231 0.968854
0.015374 0.004870 0.000817 0.978939
0.005594 0.001520 0.000287 0.992599
0.006314 0.001724 0.000328 0.991635
0.021828 0.007678 0.001175 0.969319
0.019804 0.006766 0.001077 0.972352
0.018784 0.006634 0.001028 0.973554
0.021289 0.007523 0.001159 0.970030
0.020631 0.007053 0.001175 0.971141
0.020816 0.007170 0.001136 0.970877
0.021821 0.007609 0.001231 0.969339
0.006441 0.001755 0.000335 0.991469
0.021321 0.007407 0.001194 0.970079
0.021294 0.007479 0.001189 0.970039
0.021772 0.007713 0.001211 0.969305
0.006341 0.001748 0.000329 0.991583
0.005758 0.001568 0.000299 0.992375
0.006208 0.001655 0.000325 0.991812
0.021098 0.007332 0.001216 0.970354
0.019981 0.006806 0.001083 0.972130
0.019929 0.006762 0.001088 0.972221
0.020097 0.006830 0.001115 0.971958
0.020057 0.006798 0.001089 0.972057
0.018971 0.006351 0.001029 0.973649
0.007041 0.001933 0.000369 0.990657
0.020099 0.006822 0.001098 0.971981
0.020562 0.007067 0.001131 0.971240
0.019306 0.006563 0.001055 0.973076
0.020250 0.006825 0.001155 0.971770
0.017816 0.006096 0.000967 0.975121
0.021380 0.007426 0.001160 0.970035
0.006534 0.001790 0.000365 0.991312
0.017671 0.006230 0.000966 0.975134
0.020406 0.007041 0.001108 0.971445
0.006480 0.001768 0.000348 0.991403
0.019962 0.006859 0.001082 0.972097
0.020532 0.006989 0.001146 0.971333
0.004975 0.001317 0.000271 0.993437
0.020307 0.007063 0.001100 0.971530
0.020321 0.006957 0.001117 0.971605
0.007636 0.002128 0.000394 0.989842
0.021289 0.007396 0.001174 0.970141
0.016874 0.005475 0.000897 0.976754
0.021201 0.007311 0.001160 0.970328
0.021685 0.007663 0.001192 0.969460
0.022248 0.007854 0.001258 0.968639
0.020930 0.007287 0.001144 0.970640
0.019414 0.006576 0.001079 0.972932
0.006694 0.001831 0.000341 0.991134
0.021988 0.007761 0.001222 0.969029
0.006130 0.001657 0.000320 0.991893
0.021336 0.007412 0.001165 0.970087
0.021786 0.007699 0.001199 0.969316
0.020569 0.007133 0.001115 0.971183
0.019458 0.006623 0.001051 0.972867
0.020146 0.006824 0.001171 0.971859
0.022181 0.007806 0.001213 0.968800
0.020946 0.007319 0.001151 0.970585
0.007198 0.001997 0.000374 0.990432
0.017052 0.006021 0.000935 0.975992
0.021004 0.007206 0.001169 0.970621
0.022156 0.007814 0.001231 0.968799
0.019789 0.006786 0.001081 0.972344
0.006424 0.001763 0.000351 0.991462
0.007227 0.001991 0.000385 0.990397
0.019756 0.006719 0.001077 0.972448
0.007087 0.001947 0.000381 0.990585
0.006401 0.001730 0.000330 0.991540
0.021894 0.007765 0.001203 0.969138
0.006905 0.001890 0.000369 0.990837
0.020286 0.006955 0.001106 0.971653
0.019588 0.006585 0.001070 0.972757
0.005420 0.001439 0.000295 0.992846
0.015369 0.004863 0.000810 0.978959
0.019089 0.006386 0.001062 0.973462
0.003253 0.001039 0.000122 0.995586
0.021621 0.007491 0.001206 0.969682
0.006037 0.001641 0.000318 0.992005
0.021830 0.007676 0.001198 0.969296
0.006594 0.001795 0.000366 0.991246
0.019983 0.006880 0.001095 0.972041
0.021281 0.007364 0.001184 0.970171
0.006438 0.001758 0.000344 0.991459
0.020900 0.007277 0.001136 0.970688
0.006340 0.001727 0.000331 0.991603
0.004546 0.001230 0.000230 0.993994
0.022369 0.007867 0.001232 0.968533
0.021674 0.007672 0.001187 0.969467
0.021359 0.007493 0.001172 0.969976
0.020027 0.006820 0.001100 0.972052
0.021300 0.007373 0.001159 0.970168
0.021284 0.007457 0.001164 0.970096
0.021276 0.007422 0.001156 0.970146
0.021959 0.007768 0.001227 0.969047
0.019386 0.006592 0.001047 0.972975
0.020726 0.007197 0.001117 0.970960
0.006364 0.001749 0.000335 0.991552
0.020237 0.006877 0.001111 0.971775
0.020428 0.007007 0.001113 0.971452
0.022172 0.007841 0.001228 0.968759
0.018406 0.006102 0.000992 0.974499
0.019698 0.006669 0.001077 0.972556
0.019993 0.006978 0.001099 0.971931
0.022206 0.007852 0.001223 0.968719
0.020307 0.006954 0.001139 0.971600
0.020013 0.006811 0.001091 0.972085
0.021251 0.007317 0.001251 0.970181
0.006910 0.001887 0.000369 0.990835
0.019984 0.006801 0.001116 0.972098
0.004604 0.001248 0.000226 0.993921
0.005060 0.001367 0.000249 0.993324
0.006127 0.001650 0.000314 0.991909
0.021779 0.007658 0.001185 0.969378
0.020559 0.007083 0.001137 0.971221
0.021423 0.007413 0.001204 0.969959
0.020538 0.007092 0.001117 0.971254
0.021682 0.007539 0.001213 0.969565
0.006321 0.001720 0.000329 0.991631
0.020803 0.007203 0.001146 0.970848
0.020409 0.006995 0.001095 0.971502
0.019744 0.006734 0.001103 0.972419
0.020405 0.007025 0.001099 0.971471
0.021611 0.007515 0.001196 0.969677
0.020079 0.006857 0.001084 0.971981
0.020924 0.007161 0.001142 0.970773
0.021087 0.007262 0.001171 0.970480
0.021421 0.007564 0.001176 0.969839
0.020209 0.006904 0.001124 0.971763
0.007614 0.002096 0.000408 0.989882
0.018399 0.006252 0.001019 0.974330
0.006334 0.001714 0.000335 0.991617
0.007442 0.002048 0.000403 0.990107
0.020375 0.007047 0.001099 0.971480
0.021005 0.007244 0.001159 0.970592
0.004273 0.001180 0.000193 0.994354
0.020147 0.006857 0.001143 0.971852
0.006868 0.001861 0.000353 0.990918
0.021019 0.007310 0.001179 0.970492
0.006501 0.001753 0.000353 0.991392
0.021418 0.007483 0.001191 0.969909
0.018337 0.006337 0.001018 0.974308
0.021592 0.007496 0.001195 0.969716
0.020355 0.007008 0.001131 0.971506
0.022091 0.007734 0.001235 0.968940
0.020289 0.007022 0.001099 0.971590
0.006324 0.001716 0.000329 0.991631
0.004759 0.001295 0.000247 0.993699
0.021902 0.007693 0.001192 0.969212
0.020899 0.007305 0.001128 0.970667
0.007163 0.001976 0.000379 0.990482
0.021371 0.007598 0.001154 0.969877
0.013091 0.004551 0.000615 0.981743
0.022242 0.007868 0.001222 0.968668
0.020585 0.007117 0.001139 0.971160
0.019405 0.006585 0.001041 0.972969
0.020727 0.007181 0.001132 0.970960
0.020245 0.006918 0.001107 0.971730
0.021875 0.007726 0.001194 0.969205
0.021802 0.007787 0.001187 0.969225
0.020691 0.007232 0.001130 0.970946
0.021681 0.007669 0.001179 0.969471
0.021789 0.007720 0.001192 0.969299
0.019719 0.006730 0.001056 0.972495
0.021084 0.007313 0.001151 0.970452
0.021951 0.007750 0.001209 0.969090
0.021532 0.007475 0.001224 0.969769
0.021862 0.007613 0.001232 0.969292
0.021006 0.007289 0.001152 0.970554
0.020871 0.007303 0.001127 0.970699
0.006576 0.001798 0.000335 0.991291
0.021161 0.007315 0.001189 0.970335
0.019272 0.006823 0.001045 0.972860
0.020999 0.007264 0.001163 0.970574
0.020337 0.006921 0.001130 0.971611
0.021212 0.007364 0.001159 0.970264
0.020764 0.007182 0.001130 0.970924
0.005538 0.001496 0.000294 0.992672
0.021116 0.007380 0.001144 0.970360
0.020804 0.007187 0.001146 0.970863
0.006959 0.001916 0.000364 0.990761
0.021513 0.007621 0.001164 0.969702
0.005413 0.001434 0.000288 0.992864
0.019833 0.007010 0.001085 0.972073
0.021124 0.007374 0.001152 0.970349
0.019500 0.006636 0.001076 0.972788
0.020891 0.007225 0.001139 0.970744
0.021604 0.007649 0.001175 0.969572
0.004892 0.001323 0.000238 0.993548
0.020826 0.007176 0.001135 0.970863
0.021772 0.007661 0.001182 0.969385
0.020646 0.007133 0.001135 0.971086
0.022414 0.007897 0.001246 0.968443
0.021644 0.007682 0.001173 0.969501
0.019566 0.006769 0.001090 0.972576
0.006843 0.001857 0.000350 0.990951
0.021193 0.007308 0.001195 0.970304
0.019981 0.006781 0.001082 0.972156
0.020688 0.007131 0.001158 0.971022
0.006335 0.001730 0.000326 0.991608
0.022553 0.007946 0.001286 0.968215
0.005232 0.001384 0.000271 0.993113
0.019591 0.006828 0.001097 0.972484
0.006273 0.001695 0.000327 0.991704
0.022514 0.007949 0.001277 0.968260
0.006229 0.001672 0.000322 0.991777
0.021178 0.007442 0.001154 0.970227
0.004391 0.001211 0.000215 0.994183
0.021803 0.007707 0.001188 0.969303
0.021761 0.007679 0.001173 0.969387
0.020771 0.007203 0.001128 0.970897
0.021883 0.007736 0.001194 0.969188
0.021800 0.007712 0.001191 0.969296
0.020086 0.007086 0.001125 0.971703
0.021754 0.007697 0.001183 0.969366
0.021163 0.007358 0.001179 0.970299
0.006665 0.001830 0.000343 0.991162
0.021536 0.007594 0.001179 0.969691
0.004663 0.001247 0.000238 0.993852
0.021446 0.007560 0.001172 0.969822
0.015610 0.004908 0.000845 0.978637
0.021452 0.007427 0.001165 0.969955
0.018728 0.006610 0.001017 0.973645
0.005416 0.001469 0.000280 0.992835
0.018647 0.006465 0.001118 0.973770
0.021147 0.007304 0.001183 0.970365
0.019398 0.006591 0.001077 0.972934
0.006474 0.001768 0.000336 0.991421
0.006265 0.001729 0.000311 0.991695
0.006386 0.001724 0.000344 0.991545
0.018885 0.006320 0.001012 0.973783
0.019865 0.006842 0.001086 0.972208
0.021792 0.007608 0.001190 0.969410
0.020760 0.007199 0.001136 0.970905
0.021992 0.007751 0.001238 0.969019
0.022347 0.007914 0.001220 0.968518
0.020753 0.007247 0.001156 0.970844
0.021137 0.007405 0.001143 0.970314
0.021602 0.007534 0.001237 0.969627
0.017665 0.006242 0.000976 0.975117
0.021389 0.007496 0.001173 0.969942
0.005583 0.001504 0.000304 0.992608
0.021269 0.007447 0.001155 0.970129
0.021920 0.007740 0.001219 0.969121
0.006712 0.001829 0.000358 0.991100
0.021756 0.007716 0.001201 0.969327
0.006516 0.001778 0.000349 0.991357
0.007069 0.001957 0.000367 0.990607
0.019681 0.006719 0.001071 0.972529
0.005699 0.001537 0.000299 0.992466
0.022440 0.007912 0.001235 0.968413
0.022237 0.007846 0.001239 0.968679
0.021072 0.007362 0.001142 0.970425
0.020527 0.007103 0.001121 0.971249
0.006140 0.001665 0.000319 0.991875
0.020973 0.007276 0.001153 0.970598
0.021404 0.007422 0.001200 0.969974
0.020441 0.007055 0.001109 0.971395
0.021162 0.007351 0.001165 0.970322
0.015426 0.004878 0.000815 0.978881
0.021343 0.007386 0.001189 0.970083
0.018843 0.006679 0.001039 0.973439
0.021123 0.007361 0.001163 0.970353
0.020316 0.006911 0.001127 0.971646
0.021016 0.007310 0.001139 0.970535
0.019873 0.006789 0.001080 0.972258
0.005730 0.001533 0.000295 0.992442
0.021824 0.007722 0.001192 0.969261
0.022009 0.007796 0.001199 0.968997
0.021400 0.007526 0.001156 0.969918
0.020379 0.007195 0.001106 0.971319
0.018379 0.006497 0.001059 0.974064
0.018140 0.006305 0.000999 0.974556
0.020987 0.007200 0.001169 0.970644
0.022075 0.007778 0.001227 0.968920
0.020656 0.007202 0.001130 0.971012
0.007129 0.001958 0.000375 0.990539
0.006440 0.001760 0.000344 0.991456
0.020403 0.007029 0.001100 0.971469
0.020699 0.007149 0.001145 0.971007
0.006310 0.001727 0.000336 0.991627
0.021324 0.007399 0.001166 0.970111
0.022082 0.007795 0.001203 0.968920
0.004355 0.001205 0.000205 0.994235
0.022769 0.008011 0.001256 0.967964
0.021728 0.007742 0.001177 0.969352
0.021172 0.007434 0.001150 0.970245
0.020433 0.007057 0.001110 0.971400
0.022344 0.007871 0.001254 0.968530
0.020281 0.006935 0.001136 0.971648
0.021493 0.007522 0.001168 0.969817
0.004350 0.001174 0.000208 0.994269
0.006898 0.001887 0.000372 0.990843
0.022084 0.007787 0.001230 0.968899
0.020876 0.007298 0.001136 0.970690
0.019386 0.006595 0.001038 0.972982
0.006361 0.001736 0.000346 0.991557
0.021571 0.007619 0.001182 0.969628
0.020769 0.007118 0.001139 0.970975
0.020110 0.006836 0.001119 0.971935
0.016028 0.005516 0.000883 0.977572
0.021109 0.007349 0.001145 0.970397
0.004486 0.001233 0.000226 0.994055
0.020946 0.007265 0.001140 0.970648
0.021783 0.007667 0.001213 0.969338
0.007298 0.002005 0.000382 0.990315
0.020467 0.007047 0.001146 0.971339
0.006309 0.001716 0.000328 0.991648
0.020034 0.006797 0.001086 0.972083
0.004579 0.001229 0.000225 0.993967
0.020126 0.006933 0.001094 0.971847
0.019601 0.006688 0.001059 0.972653
0.021920 0.007742 0.001223 0.969116
0.019481 0.006657 0.001053 0.972809
0.021912 0.007732 0.001198 0.969158
0.005830 0.001604 0.000306 0.992260
0.023362 0.008211 0.001305 0.967123
0.020147 0.006859 0.001103 0.971891
0.021802 0.007590 0.001223 0.969386
0.019346 0.006744 0.001060 0.972851
0.020151 0.006975 0.001119 0.971755
0.004639 0.001614 0.000207 0.993540
0.019218 0.006587 0.001044 0.973150
0.006394 0.001713 0.000338 0.991555
0.006428 0.001767 0.000333 0.991471
0.020662 0.007119 0.001115 0.971104
0.018408 0.006084 0.001006 0.974502
0.018390 0.006239 0.001030 0.974342
0.021082 0.007269 0.001154 0.970494
0.019884 0.006717 0.001100 0.972299
0.006576 0.001803 0.000339 0.991281
0.021699 0.007658 0.001180 0.969464
0.006544 0.001777 0.000354 0.991325
0.021990 0.007768 0.001203 0.969039
0.019861 0.006749 0.001099 0.972290
0.021927 0.007721 0.001189 0.969164
0.019721 0.006733 0.001079 0.972468
0.006385 0.001731 0.000330 0.991554
0.017442 0.006073 0.000979 0.975506
0.022438 0.007978 0.001276 0.968308
0.021367 0.007479 0.001192 0.969962
0.021424 0.007444 0.001169 0.969964
0.006426 0.001776 0.000325 0.991473
0.007202 0.001976 0.000400 0.990422
0.021383 0.007579 0.001152 0.969886
0.021700 0.007582 0.001215 0.969502
0.005454 0.001468 0.000279 0.992799
0.020739 0.007128 0.001161 0.970972
0.006673 0.001815 0.000349 0.991163
0.013314 0.004210 0.000725 0.981752
0.020380 0.007061 0.001095 0.971464
0.021208 0.007413 0.001186 0.970194
0.020951 0.007253 0.001141 0.970655
0.020946 0.007273 0.001193 0.970588
0.006444 0.001763 0.000336 0.991457
0.021029 0.007308 0.001137 0.970526
0.006156 0.001639 0.000331 0.991875
0.016433 0.005585 0.000913 0.977070
0.020406 0.006986 0.001118 0.971490
0.006469 0.001759 0.000347 0.991425
0.007093 0.001950 0.000378 0.990578
0.017328 0.006168 0.000956 0.975548
0.006179 0.001679 0.000318 0.991824
0.006708 0.001838 0.000365 0.991090
0.020878 0.007211 0.001130 0.970780
0.020919 0.007254 0.001139 0.970688
0.006019 0.001636 0.000318 0.992027
0.022297 0.007889 0.001227 0.968586
0.021616 0.007687 0.001216 0.969482
0.020211 0.007017 0.001101 0.971671
0.019811 0.006715 0.001097 0.972377
0.005754 0.001545 0.000306 0.992395
0.021858 0.007710 0.001200 0.969232
0.004507 0.001334 0.000194 0.993965
0.007129 0.001965 0.000377 0.990529
0.020592 0.007062 0.001132 0.971215
0.020065 0.006808 0.001098 0.972029
0.021994 0.007759 0.001214 0.969033
0.007021 0.001924 0.000369 0.990686
0.006639 0.001801 0.000339 0.991221
0.021275 0.007356 0.001214 0.970155
0.021785 0.007710 0.001174 0.969331
0.020007 0.006847 0.001123 0.972022
0.006769 0.001885 0.000350 0.990996
0.017253 0.005940 0.000961 0.975845
0.005400 0.001440 0.000281 0.992879
0.020957 0.007245 0.001161 0.970637
0.015042 0.005055 0.000826 0.979077
0.005558 0.001486 0.000280 0.992676
0.005946 0.001596 0.000314 0.992144
0.021072 0.007358 0.001139 0.970431
0.018635 0.006590 0.001038 0.973737
0.007372 0.002015 0.000396 0.990216
0.019693 0.006754 0.001096 0.972457
0.021283 0.007513 0.001166 0.970039
0.006725 0.001840 0.000351 0.991084
0.006567 0.001791 0.000353 0.991289
0.020132 0.007096 0.001099 0.971673
0.021604 0.007540 0.001201 0.969655
0.006485 0.001783 0.000346 0.991387
0.020209 0.006865 0.001132 0.971794
0.007000 0.001890 0.000375 0.990735
0.006147 0.001680 0.000331 0.991842
0.005985 0.001614 0.000313 0.992087
0.006577 0.001772 0.000356 0.991295
0.006607 0.001809 0.000357 0.991227
0.020927 0.007269 0.001128 0.970675
0.006337 0.001714 0.000341 0.991608
0.006033 0.001656 0.000326 0.991986
0.021477 0.007563 0.001162 0.969798
0.006614 0.001790 0.000367 0.991229
0.004770 0.001283 0.000228 0.993719
0.021325 0.007392 0.001177 0.970106
0.006457 0.001739 0.000338 0.991466
0.021365 0.007377 0.001184 0.970074
0.022173 0.007794 0.001212 0.968821
0.018855 0.006693 0.001054 0.973397
0.021909 0.007779 0.001222 0.969090
0.021169 0.007524 0.001180 0.970127
0.006928 0.001901 0.000359 0.990812
0.006735 0.001853 0.000353 0.991059
0.005943 0.001580 0.000312 0.992164
0.020937 0.007299 0.001155 0.970608
0.016367 0.005590 0.000948 0.977096
0.017893 0.006117 0.000990 0.975000
0.021180 0.007329 0.001175 0.970315
0.005590 0.001498 0.000296 0.992616
0.016269 0.005559 0.000891 0.977281
0.006844 0.001825 0.000380 0.990951
0.006709 0.001834 0.000355 0.991102
0.016485 0.005677 0.000920 0.976917
0.006989 0.001920 0.000365 0.990726
0.007029 0.001910 0.000374 0.990687
0.019531 0.006607 0.001055 0.972808
0.022121 0.007780 0.001236 0.968863
0.005798 0.001549 0.000308 0.992345
0.017836 0.006338 0.001006 0.974820
0.005737 0.001572 0.000306 0.992386
0.007247 0.002009 0.000390 0.990354
0.006985 0.001904 0.000373 0.990738
0.021208 0.007455 0.001181 0.970156
0.004621 0.001220 0.000214 0.993944
0.007386 0.002034 0.000395 0.990185
0.006799 0.001885 0.000354 0.990962
0.021296 0.007488 0.001177 0.970039
0.006696 0.001808 0.000345 0.991151
0.016121 0.005572 0.000900 0.977407
0.018993 0.006716 0.001043 0.973249
0.020369 0.007233 0.001135 0.971263
0.020607 0.007169 0.001142 0.971082
0.015610 0.005319 0.000885 0.978186
0.007429 0.002031 0.000397 0.990143
0.004249 0.001174 0.000215 0.994362
0.004576 0.001226 0.000238 0.993960
0.004681 0.001252 0.000251 0.993815
0.006795 0.001840 0.000352 0.991014
0.005549 0.001510 0.000297 0.992644
0.006174 0.001675 0.000318 0.991833
0.020912 0.007193 0.001164 0.970731
0.006615 0.001766 0.000344 0.991275
0.021899 0.007771 0.001200 0.969129
0.005693 0.001577 0.000294 0.992436
0.021622 0.007568 0.001197 0.969614
0.021824 0.007720 0.001185 0.969271
0.015885 0.005471 0.000898 0.977746
0.020536 0.006961 0.001132 0.971371
0.020127 0.006889 0.001126 0.971858
0.021222 0.007364 0.001167 0.970247
0.021816 0.007576 0.001207 0.969401
0.005951 0.001605 0.000311 0.992133
0.020070 0.006871 0.001090 0.971968
0.020838 0.007148 0.001164 0.970850
0.017581 0.006223 0.000994 0.975202
0.020392 0.007072 0.001135 0.971401
0.006678 0.001861 0.000354 0.991107
0.006384 0.001751 0.000332 0.991533
0.006468 0.001767 0.000336 0.991428
0.005838 0.001569 0.000308 0.992285
0.016102 0.005614 0.000893 0.977390
0.021857 0.007742 0.001213 0.969187
0.021932 0.007771 0.001215 0.969083
0.021765 0.007754 0.001189 0.969292
0.006500 0.001774 0.000339 0.991386
0.004681 0.001235 0.000241 0.993843
0.021624 0.007726 0.001179 0.969471
0.018483 0.006109 0.001016 0.974391
0.021928 0.007711 0.001198 0.969163
0.021469 0.007496 0.001176 0.969859
0.005309 0.001427 0.000272 0.992993
0.019118 0.006726 0.001074 0.973081
0.021171 0.007325 0.001152 0.970352
0.020304 0.006935 0.001121 0.971640
0.006367 0.001751 0.000344 0.991539
0.020615 0.007107 0.001125 0.971153
0.004893 0.001288 0.000259 0.993560
0.004525 0.001262 0.000228 0.993985
0.021797 0.007634 0.001173 0.969396
0.006305 0.001708 0.000338 0.991649
0.006500 0.001770 0.000338 0.991392
0.021454 0.007489 0.001174 0.969884
0.021775 0.007721 0.001202 0.969302
0.020541 0.007182 0.001119 0.971158
0.021435 0.007561 0.001176 0.969828
0.006487 0.001776 0.000339 0.991398
0.021555 0.007495 0.001184 0.969766
0.020714 0.007156 0.001119 0.971012
0.019797 0.006797 0.001075 0.972330
0.016476 0.005605 0.000906 0.977013
0.021560 0.007496 0.001219 0.969725
0.021006 0.007232 0.001162 0.970599
0.020733 0.007181 0.001129 0.970958
0.006800 0.001850 0.000366 0.990984
0.007018 0.001903 0.000379 0.990699
0.021157 0.007395 0.001180 0.970267
0.020954 0.007416 0.001143 0.970486
0.006453 0.001777 0.000336 0.991434
0.006574 0.001803 0.000342 0.991282
0.019981 0.006750 0.001090 0.972179
0.017747 0.006259 0.001061 0.974934
0.019961 0.006839 0.001102 0.972098
0.020893 0.007178 0.001165 0.970764
0.006848 0.001877 0.000365 0.990910
0.006561 0.001791 0.000343 0.991305
0.005669 0.001515 0.000299 0.992516
0.007011 0.001923 0.000375 0.990691
0.020106 0.007044 0.001114 0.971736
0.020140 0.007143 0.001132 0.971585
0.006413 0.001773 0.000343 0.991471
0.006629 0.001809 0.000355 0.991207
0.006274 0.001705 0.000326 0.991696
0.004246 0.001221 0.000188 0.994346
0.005802 0.001562 0.000305 0.992332
0.019969 0.006788 0.001108 0.972135
0.022081 0.007752 0.001225 0.968943
0.021823 0.007741 0.001200 0.969236
0.007027 0.001938 0.000363 0.990673
0.004801 0.001286 0.000236 0.993677
0.018870 0.006475 0.001028 0.973627
0.020830 0.007172 0.001143 0.970855
0.022287 0.007866 0.001253 0.968594
0.020763 0.007240 0.001126 0.970872
0.021116 0.007344 0.001140 0.970400
0.006430 0.001759 0.000337 0.991473
0.022413 0.007882 0.001261 0.968444
0.019864 0.006824 0.001090 0.972221
0.020628 0.007126 0.001114 0.971132
0.006678 0.001831 0.000368 0.991124
0.019888 0.006757 0.001078 0.972277
0.020446 0.007061 0.001130 0.971363
0.004901 0.001345 0.000237 0.993518
0.019542 0.006639 0.001082 0.972737
0.021766 0.007637 0.001187 0.969410
0.018883 0.006361 0.001016 0.973740
0.015619 0.005265 0.000871 0.978245
0.016104 0.005543 0.000891 0.977462
0.021169 0.007528 0.001168 0.970135
0.021343 0.007490 0.001176 0.969990
0.019453 0.006640 0.001077 0.972831
0.007587 0.002084 0.000409 0.989920
0.005391 0.001441 0.000287 0.992880
0.006244 0.001720 0.000325 0.991711
0.006317 0.001742 0.000325 0.991615
0.006555 0.001795 0.000342 0.991308
0.017360 0.005607 0.000932 0.976101
0.022458 0.007860 0.001229 0.968452
0.021610 0.007542 0.001205 0.969644
0.021922 0.007753 0.001193 0.969132
0.019014 0.006522 0.001030 0.973434
0.004555 0.001454 0.000187 0.993804
0.023155 0.008129 0.001318 0.967398
0.020821 0.007241 0.001151 0.970787
0.021436 0.007502 0.001159 0.969904
0.004327 0.001205 0.000195 0.994273
0.004750 0.001275 0.000261 0.993713
0.021176 0.007353 0.001157 0.970314
0.021441 0.007441 0.001181 0.969936
0.019220 0.006439 0.001043 0.973298
0.019164 0.006471 0.001064 0.973300
0.005236 0.001375 0.000271 0.993117
0.020590 0.007213 0.001155 0.971042
0.004648 0.001241 0.000242 0.993869
0.015387 0.004890 0.000820 0.978903
0.006564 0.001775 0.000345 0.991316
0.006324 0.001730 0.000331 0.991614
0.020438 0.006977 0.001130 0.971455
0.021737 0.007667 0.001174 0.969423
0.020944 0.007308 0.001136 0.970611
0.006578 0.001811 0.000354 0.991258
0.020017 0.006797 0.001094 0.972093
0.021000 0.007243 0.001151 0.970606
0.021630 0.007642 0.001188 0.969540
0.019669 0.006733 0.001081 0.972517
0.020033 0.006837 0.001087 0.972043
0.021014 0.007150 0.001188 0.970648
0.018876 0.006297 0.001015 0.973813
0.019334 0.006796 0.001082 0.972788
0.006361 0.001751 0.000341 0.991548
0.020211 0.006878 0.001128 0.971783
0.021300 0.007383 0.001151 0.970166
0.020827 0.007233 0.001158 0.970782
0.006321 0.001722 0.000327 0.991631
0.020925 0.007294 0.001141 0.970640
0.006597 0.001806 0.000369 0.991228
0.021169 0.007335 0.001154 0.970342
0.021091 0.007336 0.001140 0.970433
0.007371 0.002060 0.000386 0.990183
0.019787 0.006728 0.001077 0.972408
0.020887 0.007175 0.001126 0.970812
0.021254 0.007322 0.001235 0.970189
0.020776 0.007252 0.001125 0.970847
0.019895 0.006859 0.001086 0.972160
0.006558 0.001808 0.000352 0.991282
0.022184 0.007800 0.001240 0.968777
0.021250 0.007434 0.001153 0.970164
0.017566 0.006220 0.000963 0.975252
0.004823 0.001346 0.000232 0.993598
0.022485 0.007894 0.001257 0.968365
0.021705 0.007718 0.001177 0.969400
0.020136 0.006884 0.001108 0.971872
0.006200 0.001676 0.000331 0.991793
0.017843 0.006361 0.000983 0.974813
0.018519 0.006213 0.000989 0.974279
0.005651 0.001526 0.000303 0.992520
0.018206 0.006183 0.001010 0.974601
0.021187 0.007242 0.001188 0.970382
0.007205 0.001982 0.000386 0.990427
0.019980 0.006885 0.001071 0.972065
0.006064 0.001640 0.000317 0.991979
0.005726 0.001567 0.000310 0.992398
0.021878 0.007696 0.001186 0.969240
0.021845 0.007719 0.001212 0.969224
0.004832 0.001281 0.000248 0.993639
0.021831 0.007767 0.001200 0.969203
0.005035 0.001325 0.000259 0.993381
0.021902 0.007790 0.001203 0.969106
0.021654 0.007705 0.001179 0.969463
0.022140 0.007862 0.001205 0.968792
0.017424 0.005710 0.000953 0.975913
0.018801 0.006518 0.001020 0.973662
0.020898 0.007269 0.001156 0.970678
0.021574 0.007495 0.001202 0.969729
0.020903 0.007197 0.001145 0.970755
0.019535 0.006626 0.001071 0.972768
0.006460 0.001763 0.000342 0.991436
0.016244 0.005524 0.000898 0.977334
0.019905 0.006844 0.001124 0.972127
0.020048 0.006821 0.001105 0.972025
0.021077 0.007273 0.001173 0.970478
0.006540 0.001794 0.000336 0.991330
0.006569 0.001786 0.000342 0.991302
0.006494 0.001772 0.000339 0.991395
0.017416 0.006036 0.000978 0.975570
0.019737 0.006993 0.001105 0.972165
0.022154 0.007833 0.001234 0.968779
0.006647 0.001820 0.000356 0.991177
0.006539 0.001804 0.000335 0.991322
0.006665 0.001782 0.000360 0.991192
0.004395 0.001168 0.000237 0.994199
0.018254 0.006292 0.001025 0.974429
0.015259 0.004775 0.000821 0.979146
0.007418 0.002058 0.000398 0.990125
0.005654 0.001525 0.000295 0.992526
0.005979 0.001592 0.000311 0.992118
0.006762 0.001842 0.000361 0.991035
0.019608 0.006701 0.001057 0.972635
0.022006 0.007741 0.001223 0.969030
0.006264 0.001724 0.000331 0.991682
0.021974 0.007737 0.001204 0.969085
0.006214 0.001677 0.000335 0.991774
0.018980 0.006395 0.001018 0.973606
0.019886 0.006735 0.001090 0.972289
0.005632 0.001518 0.000299 0.992552
0.021879 0.007746 0.001195 0.969180
0.018861 0.006311 0.001038 0.973790
0.007203 0.001987 0.000377 0.990433
0.016819 0.005570 0.000910 0.976700
0.007378 0.002001 0.000387 0.990235
0.020444 0.006931 0.001144 0.971481
0.021425 0.007518 0.001157 0.969901
0.020547 0.007111 0.001116 0.971226
0.006420 0.001750 0.000342 0.991488
0.021301 0.007403 0.001161 0.970135
0.016753 0.005716 0.000929 0.976601
0.022416 0.007890 0.001263 0.968431
0.021232 0.007446 0.001180 0.970143
0.021304 0.007437 0.001174 0.970085
0.006852 0.001869 0.000358 0.990920
0.005550 0.001523 0.000287 0.992641
0.019923 0.006836 0.001092 0.972150
0.020079 0.006835 0.001113 0.971973
0.021187 0.007296 0.001165 0.970353
0.019362 0.006553 0.001050 0.973035
0.006646 0.001794 0.000349 0.991211
0.021520 0.007645 0.001167 0.969668
0.020390 0.006939 0.001146 0.971525
0.022101 0.007818 0.001211 0.968870
0.021597 0.007670 0.001178 0.969555
0.005908 0.001628 0.000305 0.992159
0.017762 0.005778 0.000966 0.975495
0.022093 0.007762 0.001225 0.968919
0.020780 0.007228 0.001135 0.970858
0.020966 0.007257 0.001152 0.970626
0.006480 0.001770 0.000338 0.991413
0.018476 0.006328 0.001013 0.974183
0.021860 0.007662 0.001189 0.969288
0.017993 0.006416 0.001023 0.974568
0.019867 0.006793 0.001081 0.972258
0.023105 0.008165 0.001307 0.967423
0.006507 0.001788 0.000339 0.991366
0.019214 0.006683 0.001033 0.973070
0.006213 0.001659 0.000348 0.991780
0.017814 0.006328 0.001005 0.974853
0.020642 0.007124 0.001131 0.971103
0.006625 0.001827 0.000354 0.991194
0.007234 0.001983 0.000387 0.990395
0.020654 0.007169 0.001111 0.971066
0.006214 0.001660 0.000334 0.991792
0.004590 0.001271 0.000225 0.993914
0.020635 0.007158 0.001142 0.971065
0.019746 0.006719 0.001074 0.972462
0.018764 0.006458 0.001047 0.973731
0.022722 0.007990 0.001292 0.967995
0.020710 0.007329 0.001152 0.970809
0.016380 0.005727 0.000916 0.976978
0.006339 0.001734 0.000339 0.991588
0.007224 0.001981 0.000381 0.990413
0.021723 0.007659 0.001175 0.969443
0.004478 0.001308 0.000208 0.994006
0.006344 0.001707 0.000328 0.991621
0.021122 0.007400 0.001161 0.970316
0.005813 0.001589 0.000310 0.992288
0.021681 0.007541 0.001210 0.969568
0.019895 0.006753 0.001097 0.972256
0.021368 0.007411 0.001169 0.970051
0.018161 0.006296 0.001018 0.974526
0.004981 0.001321 0.000262 0.993436
0.015738 0.005025 0.000855 0.978381
0.016065 0.005176 0.000875 0.977884
0.021940 0.007720 0.001207 0.969133
0.004592 0.001271 0.000230 0.993907
0.004811 0.001277 0.000242 0.993669
0.021399 0.007475 0.001187 0.969939
0.006979 0.001902 0.000366 0.990753
0.021987 0.007787 0.001213 0.969014
0.006258 0.001704 0.000333 0.991706
0.021375 0.007482 0.001174 0.969969
0.020818 0.007212 0.001154 0.970817
0.019336 0.006567 0.001038 0.973058
0.019397 0.006557 0.001064 0.972983
0.006687 0.001848 0.000344 0.991121
0.021659 0.007548 0.001188 0.969605
0.021554 0.007607 0.001150 0.969688
0.021391 0.007590 0.001174 0.969845
0.022244 0.007920 0.001248 0.968588
0.021053 0.007326 0.001160 0.970460
0.022028 0.007799 0.001227 0.968947
0.006535 0.001800 0.000341 0.991324
0.019026 0.006463 0.001034 0.973477
0.006187 0.001660 0.000333 0.991821
0.021886 0.007744 0.001222 0.969148
0.022091 0.007770 0.001203 0.968935
0.005592 0.001531 0.000283 0.992594
0.006717 0.001850 0.000361 0.991072
0.021786 0.007636 0.001179 0.969398
0.018244 0.006393 0.001074 0.974289
0.021745 0.007701 0.001187 0.969368
0.020049 0.006853 0.001115 0.971983
0.006739 0.001856 0.000351 0.991054
0.020108 0.006821 0.001083 0.971988
0.007098 0.001925 0.000386 0.990592
0.021780 0.007726 0.001194 0.969301
0.021453 0.007489 0.001210 0.969848
0.021118 0.007303 0.001173 0.970406
0.019646 0.006639 0.001056 0.972660
0.006743 0.001855 0.000362 0.991040
0.005920 0.001624 0.000307 0.992149
0.020641 0.007260 0.001137 0.970962
0.004633 0.001233 0.000241 0.993893
0.019021 0.006719 0.001073 0.973188
0.020866 0.007290 0.001134 0.970710
0.006768 0.001851 0.000365 0.991016
0.006384 0.001751 0.000328 0.991536
0.021016 0.007321 0.001147 0.970516
0.004973 0.001319 0.000256 0.993452
0.021387 0.007449 0.001177 0.969988
0.019501 0.006689 0.001092 0.972718
0.019825 0.006746 0.001070 0.972359
0.020165 0.006859 0.001200 0.971776
0.016347 0.005637 0.000903 0.977113
0.021095 0.007204 0.001198 0.970503
0.006254 0.001690 0.000329 0.991727
