0.020976 0.004170 0.451181 0.523673
0.013318 0.002408 0.348699 0.635575
0.011816 0.002179 0.335890 0.650115
0.013339 0.002441 0.347489 0.636731
0.020396 0.003971 0.432781 0.542852
0.010622 0.001917 0.314681 0.672781
0.010997 0.002013 0.319643 0.667348
0.021227 0.004182 0.429059 0.545531
0.008291 0.002137 0.164703 0.824869
0.014528 0.002664 0.364752 0.618056
0.020235 0.004020 0.444519 0.531226
0.009190 0.002357 0.183170 0.805283
0.017102 0.003275 0.386817 0.592806
0.013846 0.002511 0.359226 0.624417
0.010752 0.001941 0.316886 0.670422
0.020452 0.004043 0.431334 0.544171
0.020322 0.004012 0.427526 0.548140
0.023604 0.004834 0.466495 0.505067
0.011073 0.002032 0.318508 0.668387
0.020535 0.004054 0.430446 0.544965
0.017316 0.003355 0.395529 0.583800
0.016888 0.003248 0.397315 0.582548
0.020667 0.004065 0.432505 0.542764
0.021659 0.004349 0.445010 0.528982
0.018997 0.003692 0.414912 0.562400
0.020787 0.004108 0.431167 0.543938
0.022134 0.004437 0.444877 0.528552
0.020018 0.003956 0.420497 0.555529
0.022273 0.004475 0.447233 0.526018
0.022147 0.004447 0.451240 0.522165
0.010446 0.001904 0.320612 0.667037
0.018769 0.003668 0.422271 0.555291
0.015248 0.002803 0.369420 0.612529
0.012302 0.002260 0.332724 0.652713
0.008465 0.001793 0.226029 0.763713
0.018312 0.003533 0.419755 0.558401
0.020826 0.004107 0.431606 0.543461
0.011636 0.002115 0.323017 0.663232
0.010271 0.001859 0.319419 0.668451
0.018463 0.003577 0.406466 0.571494
0.022967 0.004663 0.468834 0.503537
0.011477 0.002080 0.331770 0.654673
0.011680 0.002138 0.323263 0.662918
0.011000 0.001987 0.318331 0.668682
0.011307 0.002071 0.322044 0.664578
0.023942 0.004865 0.463030 0.508163
0.022705 0.004585 0.454726 0.517983
0.021723 0.004363 0.449739 0.524176
0.023107 0.004689 0.467363 0.504841
0.021655 0.004336 0.445004 0.529006
0.021941 0.004371 0.443887 0.529801
0.012005 0.002196 0.327302 0.658496
0.012838 0.002381 0.339654 0.645127
0.010979 0.002002 0.321593 0.665426
0.020419 0.004028 0.431729 0.543824
0.016157 0.003092 0.383667 0.597083
0.020906 0.004137 0.424212 0.550746
0.018739 0.003708 0.393335 0.584219
0.017399 0.003368 0.390587 0.588646
0.018454 0.003572 0.414304 0.563669
0.019276 0.003764 0.406342 0.570618
0.018444 0.003619 0.403471 0.574467
0.021748 0.004342 0.441510 0.532400
0.018704 0.003617 0.412333 0.565346
0.011239 0.002066 0.319980 0.666715
0.020395 0.004015 0.428475 0.547115
0.013062 0.002398 0.344363 0.640177
0.020804 0.004158 0.445291 0.529747
0.018397 0.003587 0.419982 0.558033
0.020377 0.004017 0.417144 0.558462
0.018613 0.003639 0.407848 0.569900
0.012197 0.002210 0.338943 0.646650
0.018760 0.003677 0.414189 0.563374
0.019211 0.003751 0.413513 0.563525
0.020808 0.004154 0.449851 0.525188
0.011926 0.002172 0.326641 0.659261
0.017302 0.003323 0.394161 0.585214
0.008270 0.001583 0.255818 0.734328
0.018256 0.003560 0.415772 0.562412
0.020826 0.004110 0.428691 0.546373
0.015003 0.002721 0.365638 0.616638
0.011486 0.002085 0.330634 0.655795
0.021337 0.004274 0.455030 0.519360
0.017953 0.003443 0.416205 0.562398
0.011514 0.002111 0.320731 0.665644
0.014788 0.002667 0.366782 0.615763
0.013453 0.002435 0.353480 0.630632
0.019969 0.003950 0.425356 0.550725
0.021944 0.004383 0.451176 0.522497
0.018713 0.003614 0.410752 0.566921
0.008757 0.002292 0.168375 0.820576
0.017330 0.003366 0.393637 0.585667
0.021767 0.004323 0.448066 0.525845
0.010952 0.002004 0.317841 0.669203
0.008586 0.002207 0.169108 0.820099
0.020185 0.003965 0.426906 0.548943
0.021772 0.004373 0.449070 0.524784
0.021568 0.004312 0.445201 0.528918
0.018715 0.003639 0.415327 0.562319
0.020293 0.004013 0.430542 0.545152
0.018650 0.003655 0.402948 0.574747
0.011395 0.002096 0.319778 0.666731
0.021090 0.004179 0.439417 0.535315
0.019872 0.003879 0.427518 0.548731
0.023710 0.004838 0.464268 0.507184
0.018867 0.003708 0.406248 0.571177
0.021418 0.004306 0.447986 0.526289
0.019722 0.003868 0.431890 0.544520
0.019371 0.003800 0.413568 0.563260
0.013258 0.002445 0.348240 0.636057
0.012322 0.002258 0.328614 0.656806
0.019353 0.003874 0.430792 0.545981
0.020688 0.004106 0.446411 0.528796
0.020778 0.004083 0.420581 0.554559
0.012164 0.002232 0.325729 0.659875
0.012457 0.002303 0.333236 0.652003
0.020491 0.004091 0.445927 0.529492
0.018092 0.003442 0.407601 0.570865
0.019577 0.003817 0.410304 0.566302
0.010333 0.001871 0.310572 0.677224
0.010494 0.001932 0.320530 0.667044
0.021003 0.004138 0.418714 0.556146
0.010477 0.001921 0.321026 0.666576
0.011329 0.002050 0.319544 0.667077
0.020097 0.003980 0.432567 0.543357
0.009762 0.001846 0.277472 0.710919
0.020664 0.004074 0.430353 0.544909
0.020289 0.004013 0.429506 0.546192
0.008708 0.002243 0.172483 0.816566
0.010931 0.002002 0.316288 0.670780
0.020726 0.004105 0.430275 0.544894
0.019303 0.003830 0.434582 0.542285
0.016776 0.003225 0.385509 0.594490
0.021812 0.004331 0.444912 0.528945
0.011645 0.002130 0.338909 0.647315
0.020421 0.004086 0.438975 0.536518
0.020708 0.004094 0.427154 0.548044
0.011385 0.002067 0.321482 0.665066
0.010708 0.001946 0.313390 0.673956
0.020560 0.004036 0.433880 0.541524
0.011454 0.002099 0.320332 0.666114
0.022632 0.004572 0.452574 0.520222
0.022396 0.004512 0.461243 0.511849
0.020361 0.004015 0.427028 0.548595
0.022084 0.004444 0.450884 0.522589
0.021549 0.004286 0.434479 0.539686
0.011527 0.002110 0.326582 0.659781
0.020912 0.004165 0.432089 0.542835
0.020519 0.004070 0.444624 0.530787
0.010956 0.002006 0.318027 0.669010
0.020532 0.004054 0.429642 0.545772
0.011971 0.002189 0.328650 0.657190
0.022978 0.004664 0.454709 0.517649
0.016854 0.003220 0.393603 0.586322
0.016952 0.003262 0.397247 0.582538
0.018299 0.003546 0.415820 0.562334
0.021422 0.004283 0.445689 0.528605
0.023588 0.004818 0.465215 0.506380
0.012848 0.002376 0.331598 0.653178
0.022949 0.004703 0.452663 0.519685
0.020560 0.004063 0.437849 0.537528
0.022349 0.004458 0.455641 0.517552
0.020224 0.003966 0.429004 0.546806
0.022316 0.004489 0.449871 0.523324
0.022133 0.004414 0.446000 0.527453
0.022315 0.004460 0.457067 0.516157
0.020197 0.003971 0.425862 0.549970
0.019185 0.003795 0.423917 0.553102
0.010597 0.001955 0.321862 0.665586
0.019876 0.003917 0.435576 0.540631
0.011901 0.002158 0.327599 0.658342
0.012657 0.002295 0.340046 0.645002
0.011659 0.002118 0.335108 0.651116
0.020856 0.004181 0.445259 0.529704
0.018298 0.003537 0.417568 0.560598
0.020841 0.004152 0.425339 0.549667
0.012926 0.002336 0.355032 0.629706
0.013376 0.002505 0.350086 0.634033
0.019993 0.003989 0.434655 0.541363
0.020071 0.003922 0.424253 0.551753
0.016723 0.003237 0.398772 0.581268
0.011175 0.002008 0.318136 0.668680
0.010684 0.001957 0.316984 0.670375
0.010408 0.001883 0.322556 0.665152
0.023828 0.004885 0.463350 0.507937
0.011026 0.001997 0.319605 0.667371
0.010796 0.001961 0.314402 0.672841
0.017019 0.003268 0.382110 0.597602
0.017583 0.003382 0.385388 0.593647
0.022639 0.004535 0.456010 0.516816
0.020180 0.003972 0.429650 0.546198
0.023650 0.004818 0.465905 0.505626
0.011207 0.002061 0.318599 0.668132
0.017380 0.003357 0.399548 0.579715
0.014828 0.002707 0.368751 0.613715
0.022724 0.004588 0.456107 0.516581
0.017470 0.003370 0.389351 0.589809
0.022120 0.004443 0.451297 0.522140
0.011993 0.002200 0.326848 0.658958
0.020720 0.004088 0.431902 0.543291
0.019458 0.003820 0.416811 0.559911
0.021452 0.004282 0.442611 0.531655
0.013306 0.002425 0.350978 0.633291
0.022622 0.004538 0.455349 0.517490
0.018162 0.003509 0.407069 0.571259
0.020418 0.004027 0.431771 0.543784
0.018812 0.003710 0.420521 0.556957
0.020367 0.004032 0.426919 0.548682
0.023413 0.004812 0.465311 0.506464
0.010807 0.001954 0.313627 0.673612
0.020392 0.004048 0.433481 0.542078
0.012523 0.002291 0.337155 0.648030
0.022028 0.004399 0.440125 0.533448
0.022801 0.004564 0.455996 0.516639
0.016407 0.003151 0.401189 0.579254
0.010815 0.001968 0.316272 0.670945
0.021256 0.004212 0.427627 0.546905
0.010993 0.001995 0.318717 0.668295
0.011510 0.002121 0.322411 0.663959
0.020786 0.004101 0.430695 0.544418
0.021104 0.004212 0.443376 0.531308
0.012153 0.002255 0.344573 0.641019
0.019078 0.003697 0.415198 0.562027
0.021163 0.004221 0.442181 0.532436
0.011788 0.002136 0.334768 0.651308
0.019182 0.003787 0.425738 0.551294
0.019776 0.003908 0.433496 0.542820
0.020381 0.004036 0.423504 0.552080
0.012901 0.002378 0.332293 0.652428
0.012648 0.002333 0.334148 0.650871
0.020667 0.004103 0.426475 0.548755
0.022605 0.004512 0.456803 0.516080
0.019345 0.003823 0.432165 0.544667
0.010793 0.001978 0.316505 0.670723
0.020709 0.004097 0.429841 0.545353
0.012020 0.002209 0.329723 0.656048
0.008533 0.001622 0.263987 0.725858
0.017158 0.003294 0.395815 0.583732
0.016601 0.003197 0.402652 0.577549
0.010600 0.001906 0.316924 0.670571
0.020581 0.004068 0.430037 0.545314
0.010789 0.001956 0.316409 0.670846
0.023103 0.004709 0.467520 0.504668
0.022649 0.004558 0.454137 0.518655
0.017066 0.003294 0.396703 0.582937
0.010624 0.001911 0.312663 0.674803
0.019828 0.003926 0.433821 0.542426
0.021769 0.004355 0.449316 0.524560
0.020306 0.004006 0.395631 0.580058
0.010952 0.001991 0.318821 0.668236
0.020241 0.004016 0.424153 0.551589
0.020827 0.004132 0.450044 0.524997
0.022458 0.004510 0.453007 0.520025
0.020505 0.004043 0.428473 0.546979
0.011403 0.002079 0.321947 0.664572
0.020520 0.004098 0.428066 0.547316
0.011117 0.002037 0.318624 0.668221
0.021838 0.004368 0.448975 0.524819
0.018555 0.003621 0.422237 0.555588
0.012317 0.002293 0.344295 0.641094
0.019463 0.003774 0.411042 0.565722
0.014136 0.002558 0.364115 0.619191
0.011404 0.002090 0.337090 0.649415
0.019389 0.003819 0.401680 0.575112
0.019978 0.003909 0.435618 0.540496
0.012264 0.002254 0.330747 0.654734
0.022780 0.004669 0.468897 0.503653
0.012904 0.002344 0.334676 0.650077
0.020541 0.004081 0.429564 0.545814
0.009462 0.001726 0.293275 0.695538
0.020420 0.004029 0.428528 0.547024
0.020684 0.004090 0.434416 0.540810
0.020225 0.004000 0.431343 0.544432
0.020170 0.003969 0.427961 0.547899
0.020846 0.004156 0.441483 0.533514
0.019618 0.003847 0.422363 0.554172
0.020555 0.004078 0.430897 0.544470
0.021088 0.004191 0.447494 0.527227
0.020142 0.003941 0.431839 0.544078
0.023771 0.004846 0.466113 0.505270
0.009829 0.001784 0.314153 0.674234
0.019198 0.003786 0.412546 0.564470
0.022770 0.004532 0.455287 0.517411
0.010584 0.001916 0.322820 0.664680
0.020230 0.003982 0.431216 0.544572
0.007822 0.001993 0.158012 0.832173
0.012156 0.002216 0.326352 0.659276
0.021691 0.004376 0.448140 0.525793
0.018728 0.003626 0.411559 0.566087
0.020621 0.004080 0.426659 0.548641
0.021451 0.004304 0.434832 0.539413
0.021120 0.004197 0.450295 0.524388
0.019539 0.003851 0.433356 0.543254
0.017597 0.003404 0.400013 0.578986
0.019800 0.003904 0.415407 0.560890
0.011583 0.002127 0.333787 0.652503
0.011641 0.002143 0.325539 0.660677
0.011524 0.002108 0.326435 0.659933
0.011523 0.002106 0.323383 0.662988
0.017963 0.003509 0.392032 0.586495
0.010660 0.001914 0.314829 0.672598
0.010533 0.001949 0.317241 0.670277
0.017715 0.003385 0.401349 0.577551
0.021952 0.004371 0.431836 0.541841
0.012616 0.002335 0.346572 0.638477
0.021097 0.004258 0.429201 0.545443
0.022013 0.004386 0.464249 0.509352
0.012238 0.002245 0.335883 0.649634
0.008241 0.002124 0.164311 0.825324
0.013204 0.002394 0.341161 0.643240
0.022031 0.004476 0.460493 0.512999
0.021906 0.004334 0.462272 0.511488
0.020415 0.004020 0.423531 0.552034
0.011785 0.002181 0.337738 0.648296
0.012794 0.002338 0.336790 0.648078
0.020954 0.004095 0.427710 0.547242
0.010397 0.001895 0.310062 0.677646
0.023380 0.004761 0.466807 0.505052
0.020785 0.004127 0.448939 0.526149
0.020474 0.004016 0.431193 0.544318
0.022594 0.004533 0.439627 0.533246
0.012810 0.002338 0.333998 0.650854
0.011017 0.002028 0.319419 0.667536
0.023607 0.004797 0.464479 0.507117
0.022893 0.004675 0.469789 0.502644
0.010589 0.001944 0.324341 0.663127
0.021206 0.004190 0.422878 0.551726
0.010840 0.001976 0.317324 0.669860
0.010209 0.001848 0.319663 0.668280
0.018988 0.003713 0.424521 0.552778
0.011970 0.002189 0.327818 0.658022
0.012456 0.002255 0.333675 0.651615
0.011934 0.002189 0.331894 0.653983
0.017259 0.003355 0.400288 0.579098
0.020343 0.003943 0.432625 0.543089
0.010968 0.002014 0.317799 0.669219
0.020337 0.004032 0.431660 0.543971
0.022239 0.004439 0.442240 0.531083
0.022814 0.004619 0.457791 0.514776
0.009204 0.001738 0.274297 0.714761
0.016535 0.003149 0.386003 0.594313
0.017579 0.003389 0.388091 0.590940
0.021669 0.004355 0.447719 0.526257
0.021381 0.004236 0.446199 0.528183
0.020307 0.003991 0.428778 0.546924
0.023934 0.004918 0.464964 0.506185
0.011633 0.002134 0.322382 0.663852
0.011243 0.002058 0.320970 0.665729
0.020258 0.003993 0.430028 0.545720
0.020424 0.004041 0.423328 0.552207
0.020321 0.004052 0.442771 0.532856
0.009354 0.001762 0.273471 0.715413
0.021296 0.004209 0.444865 0.529630
0.009953 0.001877 0.283936 0.704233
0.011128 0.002042 0.321356 0.665475
0.020617 0.004083 0.437106 0.538194
0.020334 0.003994 0.429891 0.545781
0.011741 0.002170 0.324463 0.661627
0.022804 0.004631 0.463054 0.509511
0.016384 0.003154 0.399382 0.581080
0.017159 0.003271 0.386547 0.593023
0.020713 0.004147 0.441880 0.533261
0.010643 0.001928 0.328114 0.659315
0.020853 0.004129 0.433391 0.541627
0.010692 0.001937 0.320328 0.667043
0.012291 0.002242 0.327400 0.658066
0.021990 0.004417 0.451800 0.521792
0.011324 0.002046 0.322513 0.664117
0.017529 0.003396 0.403348 0.575728
0.020961 0.004175 0.449352 0.525512
0.013566 0.002478 0.354941 0.629016
0.010886 0.001966 0.317627 0.669522
0.010074 0.001841 0.303323 0.684763
0.020896 0.004071 0.433314 0.541720
0.008033 0.001818 0.197951 0.792198
0.011118 0.002035 0.318469 0.668378
0.019296 0.003762 0.407827 0.569114
0.010591 0.001916 0.312249 0.675244
0.008179 0.001866 0.194012 0.795943
0.022529 0.004525 0.455268 0.517679
0.022860 0.004585 0.455557 0.516998
0.011129 0.002009 0.321424 0.665437
0.010674 0.001962 0.322277 0.665087
0.019087 0.003705 0.397749 0.579458
0.023313 0.004786 0.463042 0.508858
0.011634 0.002141 0.335835 0.650390
0.019068 0.003758 0.413710 0.563465
0.023454 0.004716 0.455256 0.516574
0.013252 0.002474 0.348833 0.635441
0.021317 0.004329 0.448164 0.526191
0.022034 0.004378 0.460578 0.513009
0.011153 0.002042 0.317507 0.669298
0.013279 0.002398 0.352435 0.631887
0.013126 0.002452 0.343847 0.640575
0.010342 0.001911 0.313626 0.674121
0.011040 0.002005 0.321516 0.665440
0.019776 0.003900 0.436460 0.539864
0.011483 0.002076 0.330114 0.656327
0.021434 0.004264 0.422676 0.551626
0.010969 0.001991 0.317162 0.669878
0.019663 0.003936 0.432088 0.544314
0.020550 0.004051 0.426112 0.549287
0.021834 0.004377 0.443613 0.530175
0.012217 0.002248 0.334833 0.650702
0.020129 0.004042 0.436738 0.539091
0.014444 0.002684 0.363484 0.619389
0.023516 0.004730 0.469531 0.502224
0.011232 0.002038 0.317409 0.669321
0.021389 0.004329 0.451834 0.522448
0.017095 0.003281 0.408928 0.570695
0.019796 0.003887 0.431926 0.544392
0.011496 0.002088 0.321484 0.664932
0.011558 0.002114 0.328587 0.657741
0.009663 0.001738 0.311561 0.677038
0.011097 0.002040 0.318873 0.667990
0.019170 0.003742 0.417123 0.559964
0.013410 0.002428 0.348607 0.635554
0.021885 0.004390 0.445790 0.527935
0.010909 0.001992 0.319480 0.667619
0.010942 0.002000 0.315751 0.671308
0.020347 0.004025 0.431589 0.544039
0.020042 0.003965 0.427763 0.548230
0.019557 0.003836 0.410796 0.565811
0.020944 0.004181 0.439149 0.535726
0.016951 0.003257 0.397849 0.581942
0.020722 0.004072 0.435574 0.539632
0.019418 0.003787 0.407067 0.569728
0.010862 0.002000 0.322042 0.665096
0.022906 0.004623 0.459542 0.512929
0.009928 0.002551 0.194773 0.792747
0.019554 0.003857 0.435417 0.541172
0.017117 0.003297 0.387251 0.592335
0.012205 0.002226 0.326096 0.659473
0.011188 0.002041 0.316463 0.670309
0.010829 0.001980 0.329458 0.657732
0.010991 0.002005 0.320772 0.666233
0.020760 0.004099 0.421243 0.553899
0.012128 0.002233 0.330222 0.655418
0.017234 0.003362 0.392093 0.587311
0.021466 0.004268 0.449790 0.524476
0.011050 0.002024 0.319061 0.667865
0.021062 0.004179 0.434368 0.540391
0.017204 0.003332 0.397758 0.581706
0.017117 0.003294 0.399888 0.579701
0.019583 0.003842 0.435090 0.541485
0.019975 0.003977 0.433997 0.542050
0.020501 0.004091 0.430994 0.544415
0.011489 0.002085 0.320455 0.665970
0.010917 0.001975 0.315192 0.671916
0.019995 0.003936 0.434299 0.541770
0.021686 0.004321 0.448294 0.525700
0.021696 0.004325 0.444685 0.529294
0.022775 0.004610 0.455425 0.517190
0.020750 0.004112 0.429357 0.545782
0.016648 0.003230 0.386655 0.593467
0.023617 0.004796 0.470809 0.500778
0.021184 0.004202 0.434227 0.540386
0.022475 0.004541 0.456446 0.516539
0.011704 0.002131 0.323477 0.662687
0.020322 0.004031 0.446372 0.529275
0.012488 0.002295 0.333672 0.651545
0.020802 0.004145 0.446561 0.528492
0.011249 0.002027 0.323222 0.663502
0.019659 0.003814 0.393404 0.583124
0.013725 0.002517 0.346695 0.637063
0.007923 0.002038 0.162156 0.827883
0.019950 0.003958 0.438567 0.537526
0.021849 0.004352 0.451340 0.522458
0.018580 0.003616 0.419643 0.558161
0.010642 0.001934 0.325195 0.662228
0.019590 0.003884 0.434309 0.542218
0.012325 0.002218 0.335270 0.650186
0.009036 0.001644 0.294427 0.694894
0.013194 0.002399 0.346198 0.638210
0.019248 0.003808 0.432743 0.544202
0.009913 0.001815 0.305603 0.682669
0.020297 0.004029 0.439942 0.535731
0.011557 0.002071 0.324290 0.662081
0.011488 0.002084 0.328573 0.657856
0.010338 0.001874 0.321188 0.666601
0.022129 0.004453 0.447450 0.525968
0.010643 0.001939 0.322347 0.665071
0.012243 0.002211 0.335003 0.650543
0.018719 0.003644 0.400259 0.577378
0.009869 0.001786 0.302260 0.686086
0.021627 0.004324 0.443784 0.530265
0.019666 0.003862 0.431073 0.545399
0.016506 0.003207 0.396390 0.583898
0.016199 0.003013 0.372019 0.608769
0.011185 0.002032 0.331964 0.654819
0.012716 0.002359 0.329311 0.655613
0.019848 0.003931 0.422448 0.553773
0.009520 0.001724 0.303379 0.685376
0.020389 0.004017 0.427648 0.547946
0.011721 0.002158 0.326670 0.659451
0.011226 0.002046 0.332285 0.654443
0.017017 0.003316 0.403703 0.575965
0.020883 0.004128 0.439596 0.535393
0.010263 0.001842 0.321008 0.666887
0.010399 0.001880 0.312537 0.675184
0.022787 0.004600 0.455108 0.517505
0.011767 0.002133 0.328815 0.657286
0.013433 0.002501 0.340780 0.643286
0.018222 0.003587 0.410028 0.568163
0.010811 0.001933 0.319050 0.668206
0.019998 0.003956 0.431722 0.544324
0.018939 0.003692 0.415141 0.562228
0.011372 0.002087 0.322846 0.663694
0.013321 0.002466 0.343806 0.640407
0.018195 0.003558 0.392494 0.585752
0.010628 0.001899 0.316407 0.671066
0.011712 0.002156 0.322736 0.663396
0.016539 0.003181 0.394004 0.586277
0.019197 0.003762 0.417718 0.559323
0.021637 0.004323 0.441729 0.532311
0.012431 0.002268 0.340234 0.645067
0.010929 0.002011 0.320236 0.666824
0.021840 0.004312 0.454804 0.519044
0.020411 0.004022 0.430797 0.544770
0.022475 0.004587 0.462297 0.510641
0.017023 0.003282 0.395334 0.584362
0.022999 0.004614 0.456746 0.515641
0.011529 0.002106 0.333199 0.653166
0.023177 0.004764 0.467675 0.504384
0.008224 0.002109 0.165006 0.824661
0.013072 0.002432 0.344260 0.640236
0.010342 0.001898 0.306502 0.681258
0.020987 0.004192 0.436047 0.538774
0.010286 0.001844 0.323146 0.664724
0.010557 0.001934 0.324632 0.662878
0.022163 0.004392 0.422583 0.550862
0.012240 0.002247 0.329612 0.655902
0.009825 0.001799 0.301567 0.686809
0.021846 0.004349 0.452458 0.521347
0.019763 0.003887 0.432657 0.543693
0.010676 0.001960 0.323101 0.664263
0.016561 0.003197 0.398464 0.581779
0.013137 0.002373 0.349539 0.634951
0.013284 0.002472 0.340428 0.643816
0.012480 0.002301 0.329887 0.655332
0.019330 0.003764 0.421655 0.555250
0.021412 0.004280 0.452162 0.522146
0.010683 0.001947 0.327798 0.659572
0.020056 0.003956 0.424656 0.551332
0.011333 0.002066 0.325030 0.661571
0.010118 0.001919 0.293684 0.694279
0.020132 0.003989 0.429813 0.546065
0.021144 0.004197 0.442543 0.532116
0.024188 0.004892 0.454454 0.516465
0.011469 0.002111 0.333413 0.653007
0.011356 0.002116 0.319673 0.666855
0.009150 0.001719 0.279659 0.709473
0.010058 0.001810 0.316401 0.671731
0.020631 0.004100 0.432661 0.542609
0.013643 0.002476 0.359192 0.624689
0.011296 0.002068 0.333259 0.653378
0.011511 0.002122 0.321478 0.664889
0.011697 0.002153 0.336036 0.650114
0.010685 0.001923 0.316795 0.670597
0.020286 0.004017 0.426837 0.548859
0.013580 0.002483 0.342233 0.641703
0.021694 0.004395 0.458817 0.515093
0.018068 0.003484 0.416275 0.562172
0.020693 0.004083 0.419873 0.555351
0.014135 0.002670 0.349596 0.633599
0.011399 0.002083 0.319840 0.666677
0.020383 0.004003 0.441313 0.534301
0.021781 0.004323 0.446873 0.527022
0.020860 0.004152 0.445754 0.529234
0.012531 0.002328 0.344869 0.640272
0.021134 0.004300 0.440968 0.533598
0.011248 0.002013 0.330281 0.656459
0.013028 0.002386 0.335066 0.649520
0.013280 0.002443 0.340235 0.644043
0.012682 0.002377 0.347368 0.637573
0.010607 0.001958 0.321751 0.665684
0.018227 0.003492 0.401883 0.576398
0.011628 0.002119 0.333804 0.652448
0.011580 0.002137 0.335974 0.650309
0.018076 0.003548 0.402502 0.575874
0.012273 0.002255 0.330525 0.654947
0.011016 0.002014 0.315336 0.671634
0.011000 0.001997 0.325661 0.661342
0.016681 0.003196 0.394017 0.586106
0.010465 0.001903 0.320362 0.667269
0.011226 0.002055 0.319809 0.666910
0.019868 0.003950 0.435366 0.540815
0.010257 0.001844 0.321285 0.666615
0.020121 0.003924 0.400773 0.575181
0.011806 0.002172 0.336643 0.649379
0.010399 0.001903 0.322713 0.664984
0.019163 0.003775 0.411829 0.565234
0.010137 0.001834 0.312831 0.675197
0.008927 0.001696 0.269800 0.719577
0.020861 0.004163 0.444420 0.530556
0.013043 0.002350 0.346904 0.637704
0.014866 0.002766 0.352815 0.629552
0.012112 0.002239 0.330112 0.655537
0.012663 0.002351 0.338552 0.646435
0.008529 0.002284 0.157518 0.831669
0.021627 0.004346 0.451813 0.522215
0.021019 0.004201 0.449034 0.525746
0.021118 0.004172 0.427225 0.547484
0.013036 0.002432 0.345238 0.639295
0.011836 0.002191 0.329431 0.656542
0.021200 0.004210 0.440579 0.534012
0.010747 0.001941 0.319081 0.668232
0.020349 0.004034 0.437142 0.538475
0.021390 0.004232 0.433766 0.540612
0.013852 0.002541 0.356456 0.627152
0.009745 0.001761 0.309474 0.679020
0.023041 0.004762 0.466549 0.505648
0.023590 0.004799 0.464987 0.506624
0.012383 0.002267 0.329017 0.656333
0.012346 0.002277 0.331392 0.653984
0.010988 0.002022 0.319638 0.667352
0.016644 0.003199 0.391913 0.588244
0.020253 0.003984 0.431925 0.543838
0.011207 0.002062 0.323029 0.663702
0.021004 0.004170 0.436261 0.538565
0.010435 0.001914 0.317805 0.669846
0.008358 0.001585 0.260026 0.730031
0.016178 0.003099 0.389799 0.590924
0.012070 0.002201 0.327374 0.658355
0.013506 0.002488 0.340403 0.643603
0.011519 0.002127 0.336526 0.649828
0.011911 0.002203 0.325432 0.660454
0.021961 0.004348 0.465029 0.508662
0.011672 0.002100 0.325796 0.660432
0.022010 0.004406 0.448071 0.525512
0.011342 0.002057 0.320894 0.665706
0.011154 0.002039 0.317519 0.669289
0.011677 0.002141 0.324763 0.661420
0.020635 0.004081 0.431956 0.543327
0.010818 0.001992 0.316779 0.670411
0.022911 0.004674 0.464614 0.507800
0.021317 0.004267 0.451452 0.522963
0.010682 0.001948 0.322454 0.664917
0.011583 0.002091 0.337857 0.648470
0.013797 0.002495 0.361070 0.622638
0.013396 0.002496 0.346270 0.637838
0.019915 0.003970 0.434007 0.542109
0.011203 0.002033 0.323455 0.663308
0.022499 0.004525 0.454591 0.518385
0.020387 0.004034 0.437605 0.537975
0.011293 0.002056 0.333955 0.652696
0.010816 0.002007 0.319739 0.667439
0.012453 0.002271 0.329545 0.655731
0.011114 0.002020 0.319666 0.667200
0.011941 0.002164 0.329053 0.656842
0.021873 0.004389 0.455153 0.518585
0.021888 0.004358 0.449851 0.523902
0.022986 0.004600 0.461853 0.510561
0.012207 0.002230 0.328583 0.656980
0.019981 0.003980 0.436851 0.539188
0.012720 0.002381 0.349741 0.635158
0.019096 0.003727 0.425004 0.552173
0.011829 0.002175 0.334652 0.651344
0.012677 0.002306 0.347847 0.637170
0.011704 0.002116 0.334925 0.651254
0.011768 0.002158 0.339246 0.646828
0.020751 0.004135 0.449328 0.525786
0.023712 0.004824 0.463150 0.508314
0.015198 0.002838 0.353537 0.628427
0.012007 0.002220 0.328755 0.657019
0.017016 0.003291 0.404880 0.574813
0.023598 0.004775 0.466601 0.505026
0.020165 0.003993 0.423743 0.552100
0.013330 0.002513 0.358879 0.625278
0.021276 0.004304 0.419378 0.555041
0.012334 0.002260 0.331695 0.653710
0.009984 0.001908 0.290932 0.697176
0.017163 0.003313 0.406240 0.573283
0.020299 0.003971 0.430359 0.545371
0.022440 0.004569 0.459855 0.513135
0.012023 0.002200 0.329147 0.656629
0.022561 0.004658 0.457588 0.515194
0.008820 0.001604 0.287203 0.702374
0.022349 0.004388 0.412262 0.561002
0.013860 0.002625 0.349479 0.634036
0.011979 0.002237 0.325458 0.660326
0.021237 0.004257 0.441647 0.532859
0.020867 0.004086 0.437129 0.537917
0.022208 0.004442 0.457040 0.516309
0.020930 0.004140 0.436755 0.538175
0.016069 0.003084 0.371726 0.609121
0.013238 0.002460 0.347683 0.636619
0.019808 0.003950 0.407047 0.569195
0.011899 0.002168 0.339745 0.646188
0.017357 0.003406 0.393196 0.586040
0.022357 0.004426 0.444567 0.528651
0.012486 0.002289 0.329830 0.655395
0.021372 0.004345 0.450955 0.523329
0.023545 0.004704 0.470266 0.501485
0.020092 0.003990 0.423859 0.552058
0.010564 0.001903 0.312274 0.675259
0.008503 0.001615 0.264427 0.725455
0.021021 0.004158 0.446719 0.528101
0.023067 0.004600 0.441478 0.530856
0.012086 0.002204 0.330275 0.655436
0.010519 0.001925 0.315324 0.672233
0.020817 0.004169 0.444938 0.530076
0.011513 0.002089 0.325683 0.660716
0.023089 0.004693 0.469457 0.502762
0.011092 0.002009 0.321988 0.664911
0.023695 0.004842 0.466539 0.504924
0.011404 0.002088 0.334014 0.652494
0.017676 0.003451 0.405331 0.573541
0.021203 0.004238 0.445851 0.528708
0.011970 0.002199 0.334186 0.651646
0.014915 0.002728 0.366483 0.615873
0.014935 0.002700 0.377081 0.605284
0.013205 0.002448 0.348375 0.635972
0.016466 0.003219 0.389555 0.590759
0.022168 0.004375 0.447817 0.525641
0.022792 0.004581 0.449890 0.522738
0.013974 0.002612 0.352334 0.631080
0.007860 0.002023 0.156244 0.833873
0.008508 0.002157 0.176041 0.813295
0.023353 0.004750 0.462986 0.508910
0.019048 0.003741 0.420485 0.556726
0.012215 0.002242 0.330503 0.655040
0.023337 0.004757 0.460074 0.511832
0.012562 0.002278 0.335531 0.649628
0.021866 0.004393 0.446097 0.527645
0.019618 0.003823 0.437870 0.538689
0.016299 0.003131 0.392987 0.587584
0.022733 0.004570 0.457793 0.514904
0.022315 0.004428 0.425195 0.548062
0.012029 0.002191 0.328963 0.656817
0.023415 0.004929 0.463713 0.507942
0.020496 0.004044 0.439137 0.536323
0.012653 0.002352 0.346024 0.638970
0.010053 0.001810 0.315232 0.672904
0.013116 0.002424 0.343155 0.641305
0.013393 0.002401 0.360647 0.623559
0.010096 0.001835 0.314617 0.673451
0.017048 0.003295 0.399999 0.579657
0.019905 0.003848 0.398625 0.577622
0.012935 0.002415 0.347762 0.636888
0.021253 0.004296 0.442209 0.532241
0.022578 0.004510 0.459516 0.513395
0.009817 0.001771 0.319094 0.669318
0.015521 0.002961 0.368805 0.612714
0.019054 0.003691 0.405719 0.571536
0.010543 0.001912 0.321241 0.666304
0.023152 0.004749 0.465478 0.506621
0.013532 0.002478 0.352129 0.631860
0.012261 0.002215 0.346262 0.639262
0.011039 0.002040 0.327909 0.659011
0.021496 0.004275 0.431965 0.542264
0.013924 0.002539 0.347236 0.636301
0.012512 0.002316 0.332999 0.652173
0.020608 0.004074 0.432251 0.543067
0.017305 0.003302 0.402898 0.576496
0.022852 0.004598 0.459286 0.513265
0.016463 0.003164 0.398191 0.582182
0.020281 0.003981 0.427195 0.548544
0.022007 0.004406 0.453401 0.520185
0.013193 0.002438 0.346044 0.638326
0.021603 0.004368 0.437206 0.536823
0.010342 0.001859 0.318631 0.669167
0.020162 0.004051 0.428141 0.547646
0.023735 0.004722 0.467854 0.503689
0.010886 0.001970 0.319607 0.667537
0.019492 0.003867 0.427310 0.549331
0.021737 0.004327 0.444047 0.529889
0.012888 0.002345 0.343100 0.641666
0.010787 0.001952 0.318211 0.669050
0.010714 0.001962 0.324210 0.663114
0.020424 0.004018 0.434712 0.540847
0.022347 0.004519 0.459798 0.513336
0.011616 0.002123 0.337011 0.649249
0.020378 0.004086 0.427419 0.548117
0.012842 0.002296 0.349168 0.635694
0.011718 0.002158 0.329444 0.656680
0.022523 0.004557 0.459802 0.513118
0.020139 0.003941 0.441945 0.533975
0.013497 0.002422 0.353889 0.630191
0.012694 0.002380 0.345218 0.639708
0.010393 0.001912 0.317763 0.669932
0.023810 0.004769 0.467629 0.503792
0.014193 0.002575 0.367125 0.616107
0.011852 0.002173 0.326327 0.659647
0.017188 0.003354 0.404564 0.574894
0.016996 0.003270 0.395944 0.583790
0.019835 0.003894 0.432823 0.543449
0.013123 0.002415 0.333529 0.650932
0.023000 0.004654 0.432951 0.539394
0.012667 0.002339 0.355231 0.629763
0.022158 0.004498 0.449816 0.523528
0.021223 0.004169 0.447589 0.527019
0.011778 0.002118 0.327136 0.658967
0.021661 0.004321 0.444125 0.529893
0.018890 0.003649 0.407491 0.569970
0.023618 0.004755 0.467048 0.504579
0.022759 0.004650 0.469338 0.503252
0.020384 0.004044 0.429154 0.546418
0.021768 0.004347 0.445827 0.528058
0.010880 0.001960 0.320783 0.666377
0.020770 0.004124 0.435238 0.539868
0.019831 0.003875 0.434654 0.541641
0.020776 0.004140 0.438677 0.536406
0.020747 0.004103 0.435567 0.539583
0.010408 0.001869 0.312117 0.675606
0.020286 0.004055 0.438030 0.537629
0.019092 0.003746 0.424149 0.553013
0.021825 0.004372 0.443640 0.530163
0.012115 0.002207 0.324712 0.660965
0.011221 0.002038 0.317809 0.668931
0.011816 0.002157 0.329060 0.656967
0.010968 0.001999 0.322947 0.664086
0.017213 0.003314 0.397151 0.582322
0.022048 0.004406 0.450501 0.523045
0.019961 0.003936 0.437876 0.538227
0.020419 0.004009 0.437099 0.538474
0.012321 0.002251 0.334136 0.651292
0.011904 0.002195 0.338565 0.647337
0.022689 0.004669 0.460243 0.512399
0.022800 0.004505 0.436739 0.535956
0.011622 0.002128 0.328105 0.658144
0.009055 0.001661 0.295837 0.693447
0.019304 0.003817 0.422709 0.554170
0.022139 0.004482 0.459241 0.514138
0.015234 0.002750 0.381592 0.600425
0.010559 0.001911 0.320628 0.666902
0.010271 0.001858 0.321880 0.665992
0.019495 0.003804 0.411254 0.565447
0.011564 0.002119 0.331273 0.655043
0.010612 0.001943 0.318844 0.668600
0.016835 0.003240 0.395912 0.584013
0.013742 0.002538 0.343925 0.639795
0.013526 0.002546 0.343429 0.640499
0.012077 0.002201 0.342041 0.643681
0.010704 0.001933 0.325552 0.661812
0.015456 0.002930 0.361711 0.619903
0.023372 0.004655 0.454938 0.517035
0.011886 0.002155 0.325843 0.660116
0.010917 0.002017 0.317383 0.669683
0.010924 0.002003 0.318207 0.668866
0.017428 0.003367 0.405389 0.573817
0.022074 0.004415 0.440070 0.533441
0.023524 0.004741 0.444311 0.527425
0.012771 0.002330 0.332921 0.651977
0.022534 0.004613 0.458621 0.514232
0.011618 0.002107 0.326762 0.659512
0.020090 0.003953 0.424334 0.551624
0.020428 0.004069 0.430772 0.544731
0.020395 0.003992 0.414005 0.561608
0.022586 0.004511 0.457019 0.515884
0.022924 0.004680 0.468376 0.504020
0.023806 0.004850 0.469027 0.502316
0.019430 0.003811 0.410438 0.566321
0.010327 0.001869 0.323125 0.664679
0.012876 0.002373 0.339004 0.645747
0.023088 0.004590 0.438702 0.533620
0.012958 0.002388 0.343843 0.640810
0.010946 0.002023 0.317006 0.670025
0.011597 0.002125 0.330897 0.655380
0.020121 0.003984 0.432573 0.543322
0.020647 0.004114 0.444226 0.531014
0.018270 0.003528 0.397267 0.580935
0.011256 0.002046 0.329836 0.656862
0.010222 0.001866 0.306380 0.681532
0.020938 0.004107 0.435374 0.539581
0.011772 0.002165 0.337504 0.648559
0.020933 0.004195 0.447767 0.527105
0.022153 0.004404 0.440896 0.532547
0.011712 0.002128 0.325041 0.661119
0.009554 0.001846 0.271025 0.717574
0.019817 0.003917 0.433360 0.542905
0.017339 0.003322 0.375482 0.603857
0.010507 0.001916 0.322040 0.665536
0.020130 0.003971 0.421442 0.554457
0.023873 0.005039 0.461531 0.509557
0.007572 0.001338 0.262603 0.728487
0.011340 0.002237 0.304689 0.681735
0.013530 0.002431 0.358069 0.625970
0.016359 0.003019 0.380019 0.600603
0.013151 0.002431 0.334103 0.650315
0.022614 0.004507 0.456684 0.516194
0.022867 0.004566 0.470618 0.501949
0.022165 0.004436 0.450320 0.523079
0.020664 0.004096 0.422374 0.552866
0.014117 0.002593 0.347266 0.636024
0.020488 0.004117 0.441435 0.533960
0.013322 0.002486 0.350048 0.634143
0.019061 0.003716 0.422283 0.554940
0.021976 0.004427 0.458281 0.515316
0.007812 0.002012 0.153719 0.836457
0.012726 0.002325 0.344701 0.640248
0.010478 0.001912 0.323076 0.664534
0.022801 0.004663 0.464409 0.508128
0.021579 0.004265 0.444042 0.530114
0.011951 0.002151 0.329567 0.656330
0.009509 0.001795 0.281336 0.707360
0.012895 0.002367 0.340027 0.644710
0.015401 0.002808 0.367616 0.614174
0.013469 0.002509 0.344400 0.639622
0.008082 0.001525 0.260032 0.730361
0.022784 0.004525 0.458906 0.513784
0.019648 0.003849 0.430073 0.546431
0.013174 0.002429 0.333944 0.650454
0.023010 0.004677 0.447717 0.524596
0.012095 0.002196 0.332666 0.653043
0.021552 0.004361 0.444849 0.529238
0.022463 0.004480 0.444758 0.528299
0.022252 0.004469 0.456609 0.516671
0.014288 0.002620 0.368006 0.615086
0.019369 0.003805 0.424751 0.552076
0.018124 0.003544 0.406679 0.571652
0.018639 0.003612 0.411832 0.565917
0.010457 0.001919 0.322064 0.665559
0.019125 0.003742 0.413840 0.563293
0.020521 0.004015 0.407102 0.568362
0.011448 0.002113 0.334917 0.651522
0.020365 0.004102 0.433582 0.541951
0.018865 0.003675 0.411802 0.565658
0.010290 0.001871 0.318489 0.669350
0.021162 0.004254 0.443022 0.531561
0.019344 0.003787 0.431240 0.545630
0.011553 0.002083 0.321820 0.664545
0.014880 0.002817 0.363080 0.619224
0.008907 0.001669 0.275532 0.713891
0.017169 0.003325 0.395147 0.584358
0.017345 0.003319 0.396365 0.582970
0.009005 0.001624 0.296326 0.693045
0.022219 0.004468 0.449259 0.524054
0.019759 0.003882 0.424646 0.551713
0.009710 0.001765 0.308556 0.679969
0.018549 0.003632 0.406581 0.571239
0.020532 0.004076 0.418414 0.556978
0.010462 0.001954 0.292912 0.694672
0.012541 0.002330 0.339051 0.646078
0.018077 0.003485 0.414340 0.564097
0.020827 0.004120 0.436300 0.538752
0.011021 0.002015 0.317669 0.669295
0.010192 0.001838 0.317327 0.670643
0.020558 0.004068 0.427599 0.547775
0.022765 0.004601 0.454432 0.518201
0.011825 0.002165 0.329655 0.656354
0.019409 0.003879 0.421540 0.555172
0.020224 0.004004 0.433555 0.542217
0.017061 0.003287 0.388577 0.591074
0.011598 0.002086 0.323447 0.662870
0.022924 0.004649 0.462499 0.509927
0.021111 0.004203 0.451956 0.522730
0.023557 0.004786 0.464933 0.506724
0.019830 0.003921 0.431422 0.544826
0.010332 0.001866 0.323578 0.664224
0.021726 0.004385 0.448716 0.525173
0.013714 0.002552 0.347107 0.636627
0.014415 0.002633 0.363953 0.618999
0.012055 0.002169 0.339297 0.646479
0.021804 0.004428 0.444816 0.528952
0.021038 0.004130 0.456016 0.518815
0.020029 0.003958 0.440519 0.535493
0.019584 0.003855 0.431328 0.545233
0.010806 0.001958 0.312963 0.674273
0.010277 0.001937 0.283612 0.704175
0.010853 0.001960 0.319638 0.667549
0.014003 0.002559 0.360852 0.622586
0.018477 0.003601 0.416062 0.561860
0.016585 0.003216 0.397569 0.582630
0.018231 0.003551 0.416265 0.561952
0.017340 0.003355 0.390101 0.589204
0.011952 0.002174 0.325050 0.660824
0.012296 0.002263 0.327128 0.658313
0.021950 0.004449 0.454298 0.519303
0.022824 0.004587 0.460098 0.512490
0.020113 0.003949 0.429814 0.546125
0.008558 0.001776 0.223309 0.766357
0.020916 0.004170 0.436192 0.538722
0.008007 0.002039 0.160350 0.829605
0.020799 0.004111 0.433131 0.541958
0.019598 0.003871 0.434416 0.542115
0.023822 0.004822 0.466708 0.504648
0.023834 0.004865 0.467624 0.503677
0.010775 0.001952 0.315308 0.671966
0.018358 0.003603 0.415814 0.562225
0.017290 0.003349 0.398110 0.581251
0.021897 0.004358 0.441923 0.531822
0.011686 0.002137 0.325916 0.660261
0.023118 0.004738 0.461393 0.510752
0.009102 0.001703 0.279446 0.709749
0.010515 0.001916 0.320807 0.666762
0.024130 0.004925 0.465086 0.505859
0.014328 0.002598 0.362888 0.620187
0.009759 0.001767 0.303110 0.685363
0.010567 0.001952 0.320677 0.666804
0.019978 0.003871 0.423515 0.552637
0.020405 0.004050 0.431629 0.543916
0.012294 0.002248 0.332326 0.653133
0.020541 0.004086 0.431050 0.544324
0.022973 0.004665 0.459123 0.513240
0.017192 0.003298 0.392437 0.587073
0.023606 0.004823 0.469319 0.502251
0.008480 0.002165 0.170399 0.818956
0.021187 0.004220 0.450581 0.524013
0.009478 0.001789 0.276052 0.712682
0.020045 0.003931 0.424927 0.551097
0.011192 0.002043 0.332928 0.653838
0.018288 0.003589 0.416085 0.562038
0.020470 0.004056 0.435849 0.539625
0.011467 0.002079 0.324013 0.662441
0.014657 0.002663 0.364677 0.618004
0.011595 0.002111 0.328319 0.657975
0.020317 0.004078 0.434317 0.541288
0.020182 0.003943 0.434303 0.541572
0.019050 0.003737 0.416415 0.560798
0.020351 0.004036 0.421881 0.553732
0.012081 0.002229 0.326818 0.658872
0.016982 0.003271 0.395222 0.584526
0.007827 0.001483 0.247896 0.742795
0.010879 0.001983 0.318369 0.668769
0.019576 0.003832 0.410462 0.566130
0.009979 0.001808 0.312554 0.675658
0.023009 0.004727 0.466886 0.505378
0.012119 0.002221 0.329112 0.656548
0.011303 0.002045 0.331447 0.655205
0.011764 0.002159 0.326525 0.659552
0.021352 0.004256 0.441391 0.533002
0.020662 0.004083 0.440793 0.534461
0.019040 0.003690 0.415653 0.561617
0.019939 0.003947 0.435991 0.540123
0.012534 0.002336 0.339011 0.646119
0.019708 0.003865 0.429508 0.546918
0.010346 0.001880 0.317481 0.670293
0.021630 0.004321 0.422695 0.551353
0.012100 0.002181 0.334964 0.650755
0.013031 0.002435 0.348079 0.636454
0.018974 0.003732 0.414449 0.562846
0.019414 0.003801 0.425207 0.551579
0.023828 0.004891 0.468596 0.502684
0.022869 0.004632 0.460470 0.512028
0.011363 0.002051 0.322486 0.664100
0.023189 0.004725 0.457957 0.514129
0.020586 0.004039 0.440908 0.534467
0.020897 0.004174 0.438443 0.536485
0.019958 0.003937 0.432141 0.543964
0.018726 0.003656 0.409597 0.568022
0.022373 0.004480 0.434192 0.538955
0.011652 0.002134 0.330995 0.655220
0.022831 0.004660 0.455814 0.516695
0.021525 0.004299 0.447146 0.527031
0.021875 0.004407 0.450642 0.523075
0.019829 0.003906 0.434671 0.541594
0.024246 0.004979 0.460267 0.510508
0.013816 0.002583 0.344974 0.638627
0.010566 0.001953 0.310452 0.677028
0.024594 0.005007 0.471894 0.498506
0.021572 0.004305 0.437349 0.536774
0.010471 0.001916 0.322664 0.664948
0.022135 0.004431 0.448707 0.524726
0.023279 0.004525 0.423737 0.548459
0.011334 0.002079 0.327852 0.658736
0.011160 0.002073 0.321406 0.665361
0.019283 0.003728 0.428656 0.548333
0.017021 0.003278 0.386812 0.592889
0.019639 0.003864 0.432352 0.544145
0.011395 0.002081 0.335520 0.651004
0.008931 0.002474 0.157553 0.831042
0.013672 0.002519 0.348352 0.635457
0.010416 0.001900 0.318227 0.669457
0.012377 0.002267 0.332879 0.652477
0.018543 0.003548 0.397037 0.580873
0.010292 0.001849 0.311781 0.676077
0.020721 0.004172 0.443613 0.531495
0.008240 0.001562 0.259295 0.730903
0.022936 0.004641 0.468365 0.504058
0.011819 0.002173 0.332929 0.653078
0.012856 0.002376 0.333801 0.650967
0.010335 0.001898 0.313110 0.674656
0.011501 0.002108 0.326570 0.659821
0.020671 0.004123 0.428877 0.546329
0.010453 0.001899 0.319620 0.668027
0.023743 0.004841 0.466763 0.504654
0.022945 0.004600 0.434038 0.538417
0.011380 0.002073 0.322791 0.663755
0.021472 0.004356 0.445449 0.528723
0.017052 0.003221 0.392227 0.587500
0.021157 0.004229 0.442208 0.532406
0.020529 0.004068 0.433527 0.541876
0.021512 0.004287 0.448317 0.525883
0.024187 0.005027 0.467178 0.503608
0.019172 0.003777 0.414404 0.562647
0.019451 0.003840 0.425867 0.550842
0.023753 0.004874 0.465968 0.505404
0.014088 0.002592 0.360276 0.623044
0.013539 0.002479 0.336707 0.647275
0.016254 0.003170 0.370803 0.609773
0.019583 0.003759 0.421041 0.555617
0.018137 0.003533 0.407425 0.570905
0.008046 0.001903 0.180195 0.809856
0.021774 0.004341 0.443216 0.530669
0.016694 0.003208 0.389030 0.591068
0.012391 0.002262 0.328185 0.657161
0.020010 0.004020 0.430536 0.545434
0.011770 0.002147 0.330368 0.655715
0.020230 0.004040 0.419725 0.556005
0.013834 0.002591 0.349075 0.634500
0.023634 0.004922 0.458499 0.512945
0.012544 0.002258 0.339230 0.645968
0.022385 0.004551 0.452327 0.520737
0.012331 0.002247 0.333370 0.652053
0.019644 0.003862 0.426636 0.549857
0.014482 0.002680 0.366967 0.615871
0.019313 0.003809 0.422411 0.554468
0.010139 0.001862 0.309213 0.678786
0.018755 0.003652 0.411788 0.565805
0.019768 0.003922 0.428350 0.547960
