0.103715 0.041007 0.458708 0.396569
0.105304 0.040937 0.470373 0.383385
0.106512 0.042148 0.470230 0.381109
0.098807 0.037885 0.459612 0.403696
0.103113 0.040700 0.450194 0.405993
0.096405 0.036990 0.467480 0.399125
0.106766 0.042159 0.473312 0.377763
0.104135 0.040599 0.473644 0.381622
0.108262 0.042698 0.465004 0.384037
0.108134 0.042638 0.468062 0.381167
0.099865 0.038272 0.474923 0.386940
0.104092 0.040702 0.476514 0.378692
0.103838 0.040491 0.476894 0.378777
0.103654 0.040866 0.458872 0.396608
0.106551 0.042070 0.463456 0.387923
0.106638 0.042102 0.471517 0.379743
0.106223 0.041931 0.472770 0.379076
0.106961 0.042189 0.468510 0.382340
0.104180 0.041102 0.457782 0.396936
0.103606 0.040878 0.456479 0.399037
0.099017 0.037924 0.473555 0.389504
0.107671 0.042463 0.470384 0.379481
0.109140 0.043050 0.465594 0.382217
0.108101 0.042618 0.465861 0.383420
0.105163 0.041406 0.477707 0.375724
0.102740 0.040037 0.457150 0.400074
0.103428 0.040454 0.465096 0.391021
0.105874 0.041845 0.473179 0.379103
0.105371 0.041569 0.479201 0.373859
0.108696 0.042907 0.468771 0.379626
0.105758 0.041711 0.478774 0.373757
0.106493 0.041943 0.473830 0.377734
0.096883 0.037079 0.463570 0.402468
0.102425 0.040310 0.455645 0.401620
0.105350 0.041375 0.471909 0.381366
0.106216 0.041945 0.472031 0.379808
0.106115 0.041862 0.459792 0.392232
0.105056 0.041447 0.450611 0.402886
0.103320 0.040678 0.453811 0.402192
0.096215 0.036840 0.463444 0.403501
0.104076 0.040554 0.462892 0.392479
0.105997 0.041829 0.478003 0.374171
0.105983 0.041855 0.479153 0.373009
0.104770 0.040861 0.475826 0.378543
0.093128 0.035133 0.467120 0.404619
0.103695 0.040800 0.461145 0.394361
0.096427 0.036923 0.464925 0.401725
0.105989 0.041817 0.470173 0.382021
0.106513 0.041752 0.472121 0.379614
0.104600 0.041319 0.450708 0.403373
0.108028 0.042671 0.462147 0.387153
0.104430 0.041204 0.453272 0.401094
0.100428 0.039143 0.460440 0.399990
0.105312 0.041071 0.470913 0.382704
0.106137 0.041862 0.478332 0.373669
0.105327 0.041493 0.481346 0.371834
0.100731 0.038608 0.471399 0.389262
0.102724 0.040462 0.459859 0.396955
0.090194 0.033874 0.458547 0.417385
0.106255 0.041938 0.471667 0.380140
0.102200 0.040353 0.466806 0.390641
0.108898 0.043057 0.462742 0.385303
0.108763 0.042813 0.467319 0.381105
0.106371 0.041900 0.473016 0.378713
0.104866 0.040888 0.469264 0.384983
0.102843 0.040091 0.482128 0.374938
0.105415 0.041614 0.456127 0.396844
0.104722 0.040855 0.469670 0.384752
0.106090 0.041794 0.471310 0.380806
0.106701 0.042082 0.472126 0.379091
0.104680 0.041320 0.452314 0.401686
0.102127 0.040319 0.466886 0.390668
0.106407 0.042001 0.472811 0.378781
0.103584 0.040371 0.472846 0.383199
0.108091 0.042553 0.464200 0.385157
0.105676 0.041665 0.453633 0.399026
0.104748 0.041253 0.467684 0.386314
0.102165 0.039847 0.479905 0.378083
0.102636 0.039981 0.461400 0.395982
0.106720 0.042099 0.465323 0.385858
0.102608 0.040401 0.465246 0.391745
0.106413 0.041897 0.464807 0.386883
0.099316 0.037969 0.473179 0.389536
0.102863 0.040557 0.464119 0.392460
0.106650 0.041910 0.465820 0.385620
0.100310 0.038462 0.475936 0.385291
0.103987 0.041108 0.454116 0.400789
0.097619 0.037441 0.460496 0.404444
0.105385 0.041558 0.476161 0.376896
0.105619 0.041621 0.482750 0.370009
0.096374 0.036963 0.470522 0.396141
0.103528 0.040645 0.452091 0.403736
0.102107 0.040229 0.455324 0.402340
0.090988 0.034273 0.451535 0.423204
0.103946 0.041106 0.454576 0.400372
0.107438 0.042434 0.466653 0.383475
0.104409 0.041289 0.458619 0.395683
0.098006 0.037391 0.459884 0.404720
0.097524 0.037376 0.455539 0.409561
0.098841 0.037900 0.470385 0.392875
0.105823 0.041285 0.467777 0.385115
0.105360 0.041126 0.471618 0.381896
0.107161 0.042236 0.469828 0.380775
0.100068 0.039025 0.469724 0.391183
0.100073 0.038390 0.468114 0.393424
0.096986 0.037186 0.463627 0.402202
0.103289 0.040685 0.477223 0.378804
0.108342 0.042778 0.467482 0.381398
0.103162 0.040739 0.465050 0.391049
0.104146 0.041098 0.455920 0.398835
0.096921 0.037126 0.460194 0.405760
0.102846 0.040487 0.474635 0.382032
0.102475 0.039220 0.469207 0.389099
0.107408 0.042412 0.468863 0.381317
0.107036 0.041960 0.471256 0.379748
0.101232 0.039480 0.464000 0.395288
0.099393 0.038067 0.474206 0.388334
0.097209 0.037382 0.463821 0.401589
0.106397 0.041896 0.468321 0.383386
0.108999 0.043031 0.465741 0.382228
0.105849 0.041722 0.479536 0.372893
0.105208 0.041444 0.451246 0.402102
0.100389 0.039118 0.448889 0.411603
0.104998 0.041353 0.471527 0.382122
0.102857 0.039972 0.481617 0.375554
0.106737 0.042123 0.478634 0.372506
0.105221 0.041280 0.453796 0.399703
0.105126 0.041427 0.466434 0.387013
0.093126 0.035043 0.464124 0.407707
0.104860 0.040830 0.470709 0.383600
0.107170 0.042252 0.469855 0.380723
0.104405 0.041284 0.457732 0.396579
0.102758 0.040478 0.467537 0.389227
0.100420 0.038480 0.474459 0.386641
0.103513 0.040791 0.453533 0.402164
0.103837 0.040878 0.450149 0.405136
0.108437 0.042807 0.464785 0.383972
0.105639 0.041727 0.477461 0.375173
0.103239 0.040212 0.482091 0.374458
0.104409 0.040707 0.473679 0.381206
0.103445 0.040752 0.457953 0.397850
0.090481 0.034144 0.450520 0.424855
0.105792 0.041640 0.469904 0.382663
0.106776 0.042160 0.478857 0.372208
0.105458 0.041688 0.455007 0.397847
0.104432 0.041043 0.451496 0.403029
0.102612 0.040406 0.459159 0.397824
0.096812 0.037069 0.458353 0.407766
0.102332 0.039890 0.478767 0.379011
0.105682 0.041842 0.479832 0.372644
0.104509 0.041274 0.460877 0.393340
0.094134 0.035468 0.460845 0.409553
0.103748 0.040821 0.455696 0.399735
0.098494 0.037712 0.476385 0.387409
0.105046 0.041029 0.467993 0.385932
0.105871 0.041716 0.482285 0.370128
0.106191 0.041941 0.454052 0.397816
0.101468 0.039574 0.459869 0.399089
0.106193 0.041752 0.462767 0.389288
0.103996 0.040512 0.474283 0.381208
0.107225 0.042231 0.465402 0.385142
0.108067 0.042777 0.468799 0.380357
0.106645 0.042099 0.473646 0.377610
0.100745 0.039289 0.463639 0.396327
0.100408 0.038475 0.466039 0.395077
0.107128 0.042240 0.468176 0.382456
0.105067 0.041388 0.477734 0.375811
0.108408 0.042806 0.468164 0.380622
0.103085 0.040677 0.464927 0.391311
0.103844 0.040904 0.459969 0.395283
0.100988 0.038686 0.469927 0.390399
0.105833 0.041673 0.471244 0.381250
0.105801 0.041574 0.452843 0.399782
0.108175 0.042719 0.464268 0.384838
0.104778 0.041234 0.481776 0.372212
0.101966 0.039718 0.462071 0.396245
0.104864 0.040908 0.462050 0.392177
0.107132 0.042339 0.469588 0.380941
0.106086 0.041774 0.473237 0.378904
0.104695 0.040836 0.472233 0.382236
0.102194 0.040300 0.467254 0.390252
0.106044 0.041850 0.468724 0.383382
0.100095 0.038393 0.470742 0.390770
0.106747 0.042060 0.467832 0.383360
0.107404 0.042356 0.470357 0.379883
0.104385 0.041223 0.458311 0.396081
0.103032 0.040680 0.456781 0.399507
0.099296 0.038036 0.467359 0.395309
0.106972 0.042124 0.467662 0.383242
0.104286 0.041123 0.457175 0.397416
0.107584 0.042487 0.467536 0.382393
0.106116 0.041885 0.475620 0.376378
0.096238 0.036849 0.468373 0.398540
0.100398 0.038438 0.467460 0.393705
0.105025 0.041411 0.453951 0.399613
0.106644 0.042111 0.467518 0.383727
0.104770 0.040873 0.465766 0.388592
0.106141 0.041871 0.476769 0.375218
0.107086 0.042240 0.457099 0.393575
0.099264 0.038706 0.464368 0.397663
0.102580 0.040390 0.445307 0.411722
0.103381 0.040282 0.473524 0.382814
0.106493 0.041951 0.468812 0.382743
0.106201 0.042017 0.478242 0.373540
0.105044 0.041458 0.454975 0.398523
0.095182 0.036477 0.472272 0.396069
0.093249 0.035125 0.460667 0.410960
0.101236 0.039426 0.462590 0.396748
0.104043 0.041001 0.451369 0.403587
0.107892 0.042651 0.468162 0.381295
0.105155 0.041407 0.482813 0.370625
0.105609 0.041085 0.469368 0.383938
0.101316 0.038830 0.468617 0.391237
0.107416 0.042276 0.468284 0.382024
0.102040 0.039783 0.483330 0.374847
0.103545 0.040424 0.481722 0.374308
0.107639 0.042377 0.472833 0.377151
0.105962 0.041753 0.478473 0.373813
0.108038 0.042592 0.467698 0.381672
0.106791 0.042056 0.468478 0.382676
0.106909 0.042167 0.468167 0.382757
0.106636 0.042072 0.471276 0.380016
0.106880 0.042252 0.472683 0.378185
0.107352 0.042378 0.468389 0.381881
0.103972 0.040965 0.454746 0.400317
0.106268 0.041941 0.470621 0.381171
0.105822 0.041742 0.480288 0.372148
0.107500 0.042272 0.473518 0.376709
0.107245 0.042228 0.465716 0.384812
0.106836 0.042071 0.470265 0.380827
0.106272 0.041919 0.471667 0.380143
0.102076 0.039923 0.457712 0.400289
0.106255 0.041933 0.470651 0.381161
0.107871 0.042566 0.471724 0.377839
0.105863 0.041791 0.479281 0.373065
0.105368 0.041499 0.451640 0.401493
0.107067 0.042148 0.466159 0.384626
0.102602 0.040400 0.460140 0.396858
0.102201 0.039703 0.481013 0.377083
0.106900 0.042214 0.454632 0.396254
0.101967 0.040223 0.466943 0.390867
0.104305 0.041096 0.449732 0.404866
0.104376 0.040668 0.473674 0.381283
0.106897 0.042081 0.466817 0.384205
0.103412 0.040308 0.481120 0.375160
0.106692 0.042108 0.472782 0.378418
0.102857 0.040029 0.479252 0.377861
0.093611 0.035325 0.463898 0.407167
0.104564 0.041214 0.456514 0.397708
0.103319 0.040761 0.457200 0.398720
0.102888 0.040684 0.456809 0.399620
0.105196 0.041418 0.478352 0.375034
0.105696 0.041632 0.451612 0.401060
0.107432 0.042349 0.468020 0.382199
0.107816 0.042454 0.466025 0.383704
0.101620 0.039488 0.463980 0.394912
0.101254 0.038826 0.468619 0.391302
0.104567 0.040723 0.477109 0.377601
0.105597 0.041619 0.473242 0.379542
0.102663 0.040054 0.455488 0.401795
0.107740 0.042553 0.465219 0.384488
0.107199 0.042316 0.468921 0.381564
0.102662 0.040033 0.479625 0.377680
0.109507 0.043199 0.464979 0.382315
0.104117 0.041076 0.459588 0.395219
0.103000 0.040585 0.455514 0.400900
0.100225 0.039076 0.457209 0.403489
0.105632 0.041615 0.462176 0.390577
0.107412 0.042450 0.469395 0.380743
0.108025 0.042627 0.469382 0.379967
0.104034 0.041058 0.457508 0.397400
0.096336 0.036904 0.462078 0.404682
0.100271 0.038393 0.471027 0.390308
0.100164 0.038392 0.471820 0.389623
0.106790 0.042086 0.469926 0.381198
0.105870 0.041803 0.453016 0.399311
0.104982 0.041463 0.477011 0.376544
0.100835 0.038667 0.471095 0.389403
0.104618 0.040761 0.470215 0.384406
0.107426 0.042296 0.466303 0.383975
0.106336 0.041978 0.478089 0.373598
0.107671 0.042497 0.472343 0.377489
0.104576 0.040790 0.474635 0.379999
0.107788 0.042455 0.467991 0.381766
0.107193 0.042183 0.469173 0.381451
0.103123 0.040611 0.458884 0.397382
0.103999 0.041057 0.456800 0.398144
0.106444 0.042018 0.475778 0.375760
0.102832 0.040523 0.460224 0.396422
0.103097 0.040674 0.443720 0.412509
0.108096 0.042640 0.463549 0.385716
0.106564 0.042137 0.472960 0.378339
0.102079 0.039799 0.481039 0.377082
0.106067 0.041359 0.467696 0.384878
0.102758 0.040539 0.467141 0.389563
0.090581 0.034204 0.471808 0.403406
0.105153 0.040983 0.472771 0.381093
0.105528 0.041609 0.454753 0.398110
0.103950 0.041016 0.451769 0.403265
0.106960 0.042042 0.471662 0.379337
0.104599 0.041261 0.459250 0.394890
0.105836 0.041265 0.466851 0.386048
0.105080 0.041511 0.451731 0.401678
0.107279 0.042233 0.467387 0.383101
0.104787 0.040853 0.468233 0.386127
0.104410 0.040843 0.474076 0.380672
0.107457 0.042245 0.467596 0.382702
0.105615 0.041187 0.470008 0.383189
0.106057 0.041908 0.470543 0.381493
0.102331 0.039920 0.461894 0.395855
0.105982 0.041819 0.476140 0.376059
0.106352 0.041871 0.478552 0.373225
0.103087 0.040604 0.464805 0.391505
0.104389 0.041115 0.447030 0.407467
0.106736 0.042035 0.465111 0.386118
0.102257 0.040353 0.459832 0.397557
0.101289 0.039479 0.457238 0.401994
0.107045 0.042132 0.466683 0.384140
0.105452 0.041727 0.478990 0.373831
0.098444 0.037731 0.484605 0.379220
0.098057 0.037557 0.459467 0.404919
0.101637 0.040000 0.462407 0.395955
0.090087 0.033973 0.470099 0.405841
0.107257 0.042336 0.469771 0.380636
0.105989 0.041609 0.481132 0.371270
0.104557 0.041256 0.461589 0.392599
0.101813 0.039988 0.449764 0.408435
0.089318 0.033506 0.455720 0.421456
0.104144 0.041056 0.479105 0.375695
0.106894 0.042035 0.481185 0.369886
0.102833 0.040662 0.464988 0.391516
0.103082 0.040503 0.458496 0.397919
0.091166 0.034310 0.468941 0.405582
0.092340 0.034673 0.468972 0.404015
0.105102 0.041416 0.478247 0.375236
0.107211 0.042306 0.470864 0.379619
0.102277 0.040340 0.471524 0.385859
0.093025 0.034877 0.468738 0.403361
0.108196 0.042688 0.467177 0.381939
0.106786 0.042037 0.467852 0.383325
0.107423 0.042398 0.465616 0.384563
0.106357 0.041878 0.478920 0.372845
0.107123 0.042281 0.475936 0.374660
0.104095 0.040603 0.474612 0.380690
0.105175 0.041457 0.453471 0.399897
0.107172 0.042270 0.467314 0.383243
0.106023 0.041769 0.472601 0.379607
0.106499 0.042011 0.473177 0.378314
0.104828 0.041364 0.452098 0.401711
0.106962 0.042212 0.462563 0.388263
0.107111 0.042311 0.468571 0.382007
0.104678 0.040837 0.470070 0.384416
0.107062 0.042225 0.469338 0.381375
0.107106 0.042248 0.474613 0.376032
0.105756 0.041741 0.473911 0.378592
0.097316 0.037284 0.464252 0.401148
0.107945 0.042581 0.465520 0.383954
0.107257 0.042323 0.468268 0.382152
0.103686 0.040879 0.476909 0.378525
0.108528 0.042812 0.461946 0.386714
0.104907 0.041393 0.461976 0.391724
0.104313 0.041092 0.461449 0.393145
0.100022 0.038974 0.451415 0.409589
0.103511 0.040759 0.454962 0.400767
0.107883 0.042484 0.465060 0.384573
0.105188 0.041436 0.477583 0.375793
0.104991 0.041192 0.480147 0.373670
0.099500 0.038811 0.472948 0.388742
0.089988 0.034048 0.458825 0.417139
0.092563 0.034847 0.463500 0.409090
0.104809 0.041252 0.476315 0.377624
0.105059 0.041447 0.455624 0.397870
0.107643 0.042446 0.469027 0.380884
0.103387 0.040687 0.461410 0.394516
0.099676 0.038294 0.474527 0.387503
0.101338 0.038807 0.468397 0.391457
0.104753 0.041260 0.480816 0.373170
0.108435 0.042738 0.466021 0.382807
0.104623 0.040809 0.474207 0.380361
0.102619 0.040404 0.466116 0.390861
0.103386 0.040316 0.457224 0.399074
0.105508 0.041560 0.463178 0.389753
0.105949 0.041623 0.474816 0.377612
0.107754 0.042517 0.465001 0.384728
0.107846 0.042575 0.468680 0.380899
0.107236 0.042059 0.474421 0.376285
0.101270 0.039500 0.459240 0.399991
0.098717 0.037841 0.470423 0.393020
0.107685 0.042458 0.473475 0.376383
0.107479 0.042414 0.469170 0.380937
0.106675 0.042059 0.469629 0.381637
0.108302 0.042733 0.468241 0.380723
0.103751 0.040969 0.457267 0.398013
0.097582 0.037488 0.459081 0.405849
0.102989 0.040620 0.458847 0.397544
0.105931 0.041788 0.472073 0.380208
0.104633 0.041315 0.453614 0.400438
0.105114 0.041472 0.450057 0.403358
0.104033 0.041054 0.447881 0.407032
0.103086 0.040175 0.469056 0.387683
0.105650 0.041182 0.467553 0.385615
0.105514 0.041140 0.472609 0.380736
0.107135 0.042196 0.470194 0.380475
0.099868 0.038938 0.469284 0.391910
0.099998 0.038353 0.468604 0.393045
0.099490 0.037985 0.476902 0.385623
0.104979 0.041345 0.477444 0.376232
0.108753 0.042948 0.468564 0.379735
0.106688 0.042125 0.474525 0.376662
0.102626 0.040413 0.461131 0.395830
0.097062 0.037157 0.456110 0.409670
0.103326 0.040743 0.475680 0.380251
0.104340 0.041111 0.459204 0.395346
0.106876 0.042213 0.468241 0.382670
0.107454 0.042315 0.468978 0.381253
0.105327 0.041548 0.479822 0.373302
0.101311 0.038810 0.470752 0.389127
0.100639 0.038619 0.470797 0.389946
0.106521 0.041937 0.469920 0.381622
0.104605 0.040815 0.474386 0.380194
0.103590 0.040905 0.458179 0.397326
0.103659 0.040917 0.451317 0.404107
0.107320 0.042363 0.465991 0.384325
0.107512 0.042419 0.467958 0.382111
0.107152 0.042285 0.469597 0.380966
0.108594 0.042864 0.464938 0.383603
0.105976 0.041821 0.475524 0.376679
0.099003 0.037926 0.475352 0.387719
0.102000 0.039780 0.457248 0.400973
0.103816 0.040953 0.451525 0.403706
0.105067 0.041481 0.476774 0.376677
0.103464 0.040830 0.465985 0.389720
0.107698 0.042488 0.466904 0.382910
0.108004 0.042542 0.465616 0.383839
0.103009 0.040607 0.460146 0.396238
0.100423 0.038453 0.465174 0.395949
0.100287 0.039110 0.466799 0.393803
0.106644 0.042042 0.473946 0.377367
0.102436 0.039928 0.461578 0.396058
0.103640 0.040798 0.457214 0.398347
0.104266 0.041249 0.454080 0.400406
0.097347 0.037296 0.462199 0.403157
0.106076 0.041852 0.460911 0.391161
0.105994 0.041321 0.466922 0.385764
0.105010 0.041470 0.451894 0.401625
0.104923 0.040908 0.472076 0.382093
0.104280 0.040667 0.473366 0.381686
0.103640 0.040405 0.472945 0.383009
0.102008 0.039160 0.469752 0.389079
0.106488 0.041940 0.478604 0.372968
0.101484 0.039968 0.465599 0.392949
0.100464 0.039191 0.451932 0.408413
0.106684 0.042094 0.467052 0.384170
0.106247 0.041841 0.472070 0.379842
0.105927 0.041803 0.477280 0.374990
0.108514 0.042805 0.465470 0.383211
0.105222 0.041531 0.477182 0.376066
0.089957 0.033863 0.459587 0.416593
0.102073 0.039750 0.452345 0.405833
0.105871 0.041756 0.462691 0.389682
0.103278 0.040760 0.458647 0.397315
0.108117 0.042579 0.468937 0.380367
0.107644 0.042478 0.468660 0.381218
0.106061 0.041812 0.473536 0.378592
0.100696 0.038564 0.469522 0.391218
0.099892 0.038256 0.474980 0.386873
0.105925 0.041575 0.473738 0.378762
0.102798 0.040116 0.483567 0.373519
0.106138 0.041908 0.477504 0.374450
0.108448 0.042720 0.468175 0.380657
0.106638 0.042019 0.468468 0.382875
0.103259 0.040637 0.459594 0.396510
0.102850 0.040569 0.463901 0.392680
0.105759 0.041771 0.477628 0.374841
0.107997 0.042650 0.466747 0.382606
0.104788 0.041279 0.453573 0.400360
0.104653 0.041190 0.450659 0.403498
0.106066 0.041970 0.472052 0.379913
0.100522 0.039227 0.482133 0.378118
0.105592 0.041225 0.464824 0.388360
0.106012 0.041787 0.455307 0.396894
0.103422 0.040712 0.459518 0.396348
0.099514 0.038754 0.449024 0.412707
0.099922 0.038907 0.461114 0.400057
0.107026 0.042281 0.470204 0.380489
0.105184 0.041483 0.476739 0.376595
0.104614 0.041269 0.480442 0.373676
0.098478 0.037657 0.480334 0.383531
0.089321 0.033591 0.456440 0.420648
0.088381 0.033180 0.450246 0.428192
0.103754 0.040919 0.473620 0.381707
0.107830 0.042603 0.470649 0.378918
0.105836 0.041731 0.480293 0.372140
0.107523 0.042222 0.471794 0.378460
0.103210 0.040614 0.458873 0.397303
0.090731 0.034092 0.460298 0.414879
0.096482 0.036892 0.483799 0.382828
0.106951 0.042000 0.474925 0.376124
0.104433 0.041265 0.458449 0.395853
0.104343 0.041013 0.474504 0.380140
0.107083 0.042215 0.473798 0.376904
0.099264 0.037955 0.477169 0.385611
0.106871 0.042176 0.470511 0.380442
0.105337 0.041438 0.479580 0.373645
0.107520 0.042462 0.474955 0.375063
0.098228 0.037637 0.481046 0.383090
0.108295 0.042749 0.466852 0.382104
0.105810 0.041623 0.472827 0.379740
0.103439 0.040743 0.453607 0.402211
0.103958 0.041014 0.475295 0.379733
0.107422 0.042378 0.470644 0.379556
0.105947 0.041908 0.478006 0.374138
0.105071 0.041393 0.455524 0.398013
0.104425 0.041104 0.454816 0.399655
0.102333 0.040275 0.459611 0.397781
0.099833 0.038247 0.476260 0.385660
0.104694 0.041291 0.452735 0.401280
0.104517 0.041231 0.448875 0.405377
0.104988 0.041485 0.451658 0.401869
0.102007 0.039778 0.457135 0.401080
0.100378 0.039145 0.455676 0.404801
0.102316 0.039882 0.450737 0.407064
0.107544 0.042424 0.465621 0.384412
0.100649 0.038611 0.473587 0.387153
0.104871 0.040876 0.472588 0.381664
0.105427 0.041097 0.470400 0.383076
0.095563 0.036706 0.473608 0.394124
0.099613 0.038190 0.477446 0.384751
0.103297 0.040269 0.477690 0.378744
0.104083 0.041025 0.454695 0.400198
0.104051 0.041075 0.448620 0.406254
0.107064 0.042252 0.469500 0.381184
0.102792 0.040531 0.462530 0.394146
0.103896 0.040498 0.471367 0.384239
0.108692 0.042881 0.465387 0.383039
0.104377 0.041171 0.456706 0.397746
0.099475 0.038111 0.465938 0.396476
0.102637 0.039991 0.457357 0.400015
0.105989 0.041804 0.471459 0.380749
0.104971 0.040965 0.472443 0.381620
0.106924 0.042200 0.472982 0.377894
0.104388 0.041182 0.454981 0.399449
0.099912 0.038279 0.466366 0.395443
0.105972 0.041801 0.471935 0.380291
0.103837 0.040483 0.473667 0.382013
0.107610 0.042493 0.466320 0.383576
0.107275 0.042320 0.471837 0.378568
0.103947 0.040954 0.463411 0.391688
0.095816 0.036706 0.464425 0.403053
0.104719 0.041216 0.451898 0.402167
0.104502 0.040998 0.479339 0.375161
0.108393 0.042727 0.469400 0.379480
0.105487 0.041618 0.478773 0.374122
0.104867 0.041310 0.479522 0.374301
0.100080 0.038471 0.473786 0.387663
0.092917 0.034963 0.463885 0.408235
0.104981 0.041396 0.477567 0.376056
0.108931 0.042996 0.467267 0.380806
0.103692 0.040993 0.460281 0.395034
0.107065 0.042048 0.470900 0.379987
0.107988 0.042627 0.466472 0.382913
0.105905 0.041724 0.471174 0.381196
0.105176 0.041502 0.450951 0.402371
0.105439 0.041598 0.476082 0.376881
0.105068 0.041383 0.481476 0.372073
0.104838 0.040878 0.474150 0.380134
0.108144 0.042592 0.464979 0.384285
0.106694 0.042006 0.470726 0.380574
0.107214 0.042221 0.467898 0.382667
0.104100 0.040471 0.475343 0.380087
0.105632 0.041600 0.476901 0.375866
0.103460 0.040816 0.464773 0.390950
0.107028 0.042163 0.462125 0.388684
0.105848 0.041694 0.471683 0.380775
0.104757 0.041248 0.477323 0.376672
0.108739 0.042907 0.469156 0.379199
0.104971 0.041474 0.481694 0.371861
0.103086 0.040702 0.462505 0.393708
0.096897 0.037073 0.456919 0.409111
0.105509 0.041529 0.471670 0.381292
0.104952 0.041238 0.481718 0.372093
0.108473 0.042834 0.468412 0.380281
0.108337 0.042715 0.465007 0.383941
0.105932 0.041711 0.473788 0.378569
0.099885 0.038245 0.471742 0.390128
0.101730 0.039636 0.457352 0.401283
0.105148 0.041416 0.465871 0.387565
0.107758 0.042560 0.471563 0.378119
0.104092 0.041091 0.468324 0.386494
0.104675 0.041227 0.454369 0.399729
0.102211 0.040252 0.445291 0.412246
0.105655 0.041599 0.468673 0.384073
0.098328 0.037660 0.457593 0.406419
0.105543 0.041493 0.477853 0.375111
0.108336 0.042564 0.467579 0.381521
0.101452 0.039588 0.461668 0.397292
0.093327 0.035230 0.460775 0.410668
0.103028 0.040135 0.458228 0.398610
0.103874 0.040976 0.480565 0.374585
0.106877 0.041771 0.467253 0.384099
0.104310 0.041069 0.459780 0.394841
0.106936 0.042105 0.461267 0.389692
0.102170 0.039843 0.455667 0.402320
0.102537 0.040392 0.473137 0.383934
0.105787 0.041270 0.470340 0.382603
0.106273 0.041930 0.480597 0.371199
0.104590 0.041038 0.459605 0.394768
0.096995 0.037161 0.461669 0.404174
0.105736 0.041627 0.472351 0.380287
0.098260 0.037767 0.463279 0.400693
0.104070 0.041012 0.476723 0.378194
0.105538 0.041398 0.477625 0.375440
0.106724 0.042131 0.476339 0.374806
0.094181 0.035467 0.461409 0.408944
0.103414 0.040841 0.457019 0.398726
0.105804 0.041636 0.466508 0.386053
0.104487 0.040775 0.474252 0.380486
0.105897 0.041407 0.479896 0.372800
0.108190 0.042448 0.470554 0.378807
0.101874 0.040097 0.469997 0.388032
0.104095 0.041083 0.454447 0.400376
0.098140 0.037573 0.470909 0.393378
0.105939 0.041720 0.470934 0.381407
0.106051 0.041607 0.454250 0.398093
0.104221 0.041157 0.453743 0.400879
0.105221 0.041469 0.466612 0.386698
0.101514 0.039552 0.462627 0.396307
0.101332 0.038825 0.468134 0.391709
0.107462 0.042318 0.469939 0.380282
0.101590 0.040011 0.468562 0.389837
0.102261 0.039877 0.455335 0.402528
0.100846 0.038668 0.472003 0.388483
0.103691 0.040837 0.454898 0.400574
0.100499 0.039177 0.446415 0.413909
0.108114 0.042690 0.463511 0.385685
0.106477 0.041928 0.475458 0.376137
0.102399 0.039939 0.481190 0.376472
0.103217 0.040241 0.455290 0.401253
0.103685 0.040931 0.457402 0.397982
0.092757 0.035032 0.461245 0.410965
0.103696 0.040398 0.475255 0.380651
0.107899 0.042546 0.465902 0.383654
0.105124 0.041566 0.456470 0.396840
0.104066 0.040980 0.459531 0.395423
0.104524 0.040766 0.470103 0.384607
0.099908 0.038287 0.471335 0.390471
0.107582 0.042345 0.466520 0.383554
0.105827 0.041755 0.453003 0.399415
0.106449 0.042025 0.471232 0.380293
0.102060 0.039799 0.462867 0.395274
0.102363 0.039908 0.455325 0.402403
0.106150 0.041790 0.461406 0.390654
0.103756 0.040862 0.456727 0.398655
0.104577 0.041268 0.448995 0.405161
0.102008 0.039635 0.458588 0.399769
0.104362 0.041111 0.479597 0.374930
0.104931 0.040901 0.472983 0.381186
0.101286 0.038826 0.469019 0.390869
0.107465 0.042329 0.467819 0.382387
0.096849 0.037105 0.465152 0.400895
0.100125 0.039039 0.459517 0.401318
0.101984 0.039843 0.458814 0.399359
0.107039 0.042252 0.462234 0.388474
0.106577 0.041971 0.469761 0.381690
0.108035 0.042563 0.464607 0.384795
0.107047 0.042228 0.470880 0.379845
0.096032 0.036692 0.470105 0.397171
0.104211 0.040473 0.468550 0.386765
0.099734 0.038267 0.474389 0.387610
0.107765 0.042463 0.466880 0.382893
0.107020 0.042231 0.469808 0.380941
0.106898 0.042149 0.471621 0.379332
0.101933 0.040270 0.466169 0.391627
0.097583 0.037393 0.460564 0.404460
0.103974 0.041029 0.449346 0.405651
0.103136 0.040610 0.451669 0.404586
0.106230 0.041869 0.467429 0.384472
0.108437 0.042774 0.471144 0.377646
0.103957 0.040814 0.458469 0.396759
0.097773 0.037466 0.456839 0.407922
0.099760 0.038231 0.471358 0.390651
0.099944 0.038320 0.471214 0.390522
0.102649 0.040045 0.481150 0.376156
0.107751 0.042553 0.471965 0.377732
0.102057 0.040302 0.469984 0.387656
0.090861 0.034207 0.455859 0.419074
0.107626 0.042386 0.466265 0.383723
0.103909 0.040920 0.456305 0.398866
0.106203 0.041892 0.467420 0.384485
0.108890 0.042873 0.466884 0.381353
0.103294 0.040807 0.463123 0.392776
0.097287 0.037349 0.455051 0.410314
0.100682 0.039226 0.456148 0.403944
0.106186 0.041883 0.466965 0.384967
0.103839 0.040509 0.469309 0.386344
0.107313 0.042270 0.468432 0.381985
0.108337 0.042722 0.475098 0.373843
0.095366 0.036524 0.471125 0.396986
0.095661 0.036754 0.455861 0.411724
0.099103 0.037968 0.475279 0.387650
0.105136 0.041429 0.477178 0.376257
0.106003 0.041774 0.478084 0.374138
0.105552 0.041669 0.452957 0.399822
0.102577 0.040471 0.462599 0.394353
0.090683 0.034134 0.456684 0.418499
0.099780 0.038843 0.460493 0.400884
0.106071 0.041840 0.460798 0.391291
0.108835 0.043021 0.465113 0.383030
0.104889 0.041297 0.459106 0.394707
0.101849 0.039708 0.458697 0.399747
0.102762 0.040049 0.470032 0.387157
0.099701 0.038237 0.468447 0.393615
0.098223 0.037674 0.457205 0.406898
0.107798 0.042450 0.470406 0.379346
0.102842 0.040601 0.464941 0.391616
0.101333 0.039538 0.460466 0.398664
0.098995 0.037964 0.456287 0.406753
0.103720 0.040830 0.451124 0.404326
0.103217 0.040642 0.474204 0.381937
0.105050 0.040988 0.475527 0.378435
0.103573 0.040663 0.460584 0.395180
0.091147 0.034434 0.453237 0.421182
0.103661 0.040838 0.456257 0.399244
0.096460 0.036905 0.459369 0.407267
0.097502 0.037397 0.479722 0.385379
0.104878 0.041273 0.460865 0.392983
0.102858 0.040615 0.460280 0.396247
0.091660 0.034541 0.448734 0.425065
0.106035 0.041843 0.463638 0.388484
0.100053 0.038284 0.469639 0.392024
0.104525 0.040809 0.468071 0.386594
0.107031 0.042103 0.468651 0.382215
0.102023 0.039794 0.466967 0.391216
0.097597 0.037416 0.466409 0.398577
0.094445 0.036200 0.460010 0.409345
0.103951 0.040932 0.455991 0.399126
0.104744 0.041276 0.452124 0.401857
0.104945 0.041361 0.476027 0.377666
0.102489 0.040359 0.466627 0.390524
0.099738 0.038878 0.454135 0.407250
0.091110 0.034518 0.463158 0.411214
0.090593 0.033968 0.460202 0.415237
0.104011 0.041026 0.479658 0.375306
0.100688 0.038624 0.472583 0.388105
0.104951 0.041384 0.483299 0.370366
0.094305 0.035389 0.464525 0.405782
0.097550 0.037337 0.464047 0.401066
0.105873 0.041666 0.468555 0.383906
0.103815 0.040556 0.474214 0.381415
0.105067 0.041308 0.463576 0.390049
0.104465 0.041075 0.447816 0.406644
0.101829 0.040126 0.449304 0.408740
0.102248 0.040283 0.461889 0.395579
0.104714 0.040796 0.466823 0.387666
0.104564 0.041185 0.475949 0.378302
0.107624 0.042228 0.469201 0.380947
0.097622 0.037349 0.468223 0.396806
0.090884 0.034302 0.451530 0.423284
0.100806 0.039439 0.456096 0.403659
0.100037 0.038371 0.469731 0.391862
0.104207 0.041191 0.455569 0.399034
0.105355 0.041475 0.476690 0.376480
0.101744 0.040186 0.468129 0.389940
0.098648 0.037769 0.477072 0.386512
0.092212 0.034786 0.450581 0.422420
0.104174 0.041015 0.452129 0.402683
0.105809 0.041683 0.469045 0.383463
0.104473 0.040826 0.474738 0.379964
0.104463 0.041084 0.481795 0.372658
0.096502 0.036978 0.468852 0.397668
0.105839 0.041820 0.469633 0.382708
0.092973 0.035080 0.466334 0.405613
0.105342 0.041495 0.478025 0.375138
0.104786 0.041233 0.455348 0.398632
0.101586 0.040071 0.462197 0.396146
0.103320 0.040783 0.470364 0.385533
0.097873 0.037498 0.455415 0.409214
0.101377 0.039923 0.448369 0.410332
0.107828 0.042554 0.463927 0.385691
0.106541 0.042047 0.468364 0.383048
0.098064 0.037600 0.482092 0.382244
0.105666 0.041317 0.470787 0.382230
0.097435 0.037384 0.462586 0.402595
0.088375 0.033372 0.452573 0.425681
0.103859 0.040476 0.474382 0.381283
0.105567 0.041682 0.480085 0.372667
0.106484 0.042093 0.479478 0.371945
0.108230 0.042543 0.467301 0.381925
0.106183 0.041804 0.471306 0.380707
0.091672 0.034473 0.467595 0.406260
0.103270 0.040096 0.476890 0.379745
0.103795 0.040968 0.458947 0.396289
0.107551 0.042512 0.470608 0.379329
0.106218 0.041825 0.479004 0.372953
0.104965 0.041335 0.454003 0.399698
0.105949 0.041712 0.461185 0.391154
0.102593 0.040385 0.463447 0.393574
0.102790 0.040562 0.463769 0.392879
0.102235 0.039853 0.455565 0.402347
0.107080 0.042165 0.466569 0.384187
0.103821 0.040866 0.456074 0.399239
0.097983 0.037511 0.459962 0.404543
0.107790 0.042435 0.464667 0.385108
0.103713 0.040185 0.478968 0.377135
0.100626 0.038609 0.469811 0.390954
0.106113 0.041327 0.468309 0.384251
0.106990 0.042233 0.471748 0.379029
0.105004 0.040981 0.474831 0.379185
0.104919 0.040913 0.474452 0.379716
0.104900 0.041305 0.477810 0.375985
0.107983 0.042506 0.472110 0.377402
0.105620 0.041672 0.481857 0.370850
0.105203 0.041586 0.454244 0.398967
0.105697 0.041732 0.469541 0.383031
0.106946 0.042101 0.470121 0.380833
0.103211 0.040792 0.461610 0.394387
0.103886 0.040930 0.452696 0.402488
0.107073 0.042308 0.469473 0.381146
0.107161 0.042271 0.471271 0.379296
0.103134 0.040218 0.454939 0.401710
0.107516 0.042345 0.463428 0.386712
0.106186 0.041804 0.475053 0.376957
0.100668 0.039232 0.462391 0.397709
0.102229 0.039860 0.449659 0.408251
0.103619 0.040877 0.449374 0.406131
0.100474 0.039567 0.452730 0.407229
0.101921 0.039736 0.478761 0.379582
0.107846 0.042537 0.468414 0.381203
0.104646 0.041136 0.484052 0.370166
0.094094 0.035469 0.463899 0.406539
0.096473 0.036904 0.467402 0.399221
0.089558 0.033689 0.456867 0.419887
0.102513 0.040033 0.472672 0.384782
0.103503 0.040693 0.460144 0.395660
0.108247 0.042784 0.468483 0.380486
0.107945 0.042502 0.470383 0.379171
0.106023 0.041768 0.472254 0.379955
0.099114 0.037951 0.467240 0.395695
0.099963 0.038273 0.474554 0.387210
0.105743 0.041568 0.481894 0.370796
0.101535 0.039627 0.467810 0.391028
0.102258 0.040380 0.448772 0.408589
0.103600 0.040786 0.450324 0.405291
0.103035 0.040582 0.450852 0.405530
0.103629 0.040801 0.473209 0.382361
0.107929 0.042508 0.469470 0.380093
0.106396 0.041929 0.472914 0.378761
0.092748 0.034944 0.466831 0.405478
0.100072 0.038286 0.472978 0.388664
0.097098 0.037167 0.461717 0.404018
0.096932 0.037227 0.478894 0.386947
0.107176 0.042197 0.473243 0.377383
0.101958 0.040267 0.467852 0.389923
0.105069 0.041421 0.455877 0.397633
0.104035 0.041068 0.450528 0.404369
0.102577 0.040406 0.454543 0.402475
0.097257 0.037308 0.460373 0.405062
0.104370 0.041150 0.453807 0.400673
0.104027 0.041113 0.475423 0.379437
0.096127 0.036860 0.472675 0.394337
0.097249 0.037241 0.456531 0.408978
0.091119 0.034368 0.453335 0.421179
0.105076 0.041398 0.478175 0.375351
0.104947 0.040917 0.473307 0.380829
0.096086 0.036894 0.470673 0.396348
0.102866 0.040547 0.459762 0.396825
0.095997 0.036796 0.459850 0.407357
0.089641 0.033764 0.455245 0.421350
0.106831 0.042119 0.467750 0.383300
0.107653 0.042506 0.467770 0.382071
0.107037 0.042315 0.470410 0.380239
0.100755 0.038448 0.472703 0.388094
0.095418 0.036515 0.471234 0.396833
0.099757 0.038224 0.471859 0.390160
0.102352 0.039932 0.485138 0.372578
0.107025 0.042178 0.471790 0.379007
0.107970 0.042531 0.470380 0.379119
0.107478 0.042336 0.468564 0.381622
0.102831 0.040667 0.459572 0.396930
0.097554 0.037222 0.480310 0.384914
0.104236 0.041089 0.459622 0.395053
0.106164 0.041744 0.473533 0.378559
0.105490 0.041586 0.456299 0.396625
0.103038 0.040649 0.453181 0.403133
0.104294 0.041139 0.451753 0.402814
0.105229 0.041125 0.468166 0.385479
0.106505 0.042012 0.469594 0.381889
0.103353 0.040317 0.480189 0.376141
0.106492 0.042035 0.473270 0.378202
0.095681 0.036678 0.474251 0.393390
0.091752 0.034596 0.451110 0.422541
0.104995 0.041315 0.467345 0.386345
0.105910 0.041725 0.476084 0.376280
0.108155 0.042747 0.468501 0.380597
0.104429 0.040984 0.458074 0.396512
0.103154 0.040715 0.452630 0.403501
0.095500 0.036586 0.460676 0.407237
0.099409 0.038211 0.469081 0.393300
0.107976 0.042664 0.468628 0.380732
0.107537 0.042385 0.469833 0.380246
0.106636 0.042030 0.471056 0.380278
0.097621 0.037372 0.461585 0.403422
0.098713 0.037822 0.469026 0.394439
0.096992 0.037188 0.463128 0.402692
0.105644 0.041708 0.467087 0.385561
0.107455 0.042434 0.469163 0.380947
0.107251 0.042358 0.471333 0.379058
0.107198 0.042294 0.470343 0.380165
0.100764 0.038605 0.471130 0.389500
0.102692 0.040431 0.461130 0.395748
0.096840 0.037112 0.462101 0.403947
0.106410 0.042020 0.465597 0.385972
0.103307 0.040605 0.465415 0.390673
0.105492 0.041589 0.450421 0.402498
0.106482 0.041921 0.466905 0.384692
0.103210 0.040635 0.457539 0.398616
0.100876 0.039172 0.455275 0.404677
0.100528 0.038544 0.471845 0.389083
0.102772 0.040421 0.465419 0.391387
0.100170 0.039068 0.469459 0.391303
0.099650 0.038240 0.473742 0.388369
0.105760 0.041634 0.475409 0.377197
0.089466 0.033717 0.464597 0.412220
0.106442 0.041938 0.471127 0.380493
0.101907 0.040094 0.470905 0.387095
0.091192 0.034388 0.457955 0.416465
0.107165 0.042091 0.462105 0.388638
0.104629 0.041196 0.454717 0.399457
0.103865 0.040971 0.452858 0.402306
0.105301 0.040948 0.472141 0.381610
0.106781 0.041953 0.474145 0.377122
0.104620 0.040801 0.470016 0.384562
0.101388 0.038890 0.468016 0.391705
0.107779 0.042502 0.467946 0.381773
0.103751 0.040467 0.475012 0.380769
0.103572 0.040430 0.480230 0.375768
0.103855 0.040956 0.465205 0.389984
0.106078 0.041790 0.467163 0.384969
0.104035 0.041013 0.457644 0.397308
0.103670 0.040827 0.458554 0.396948
0.102510 0.040358 0.453662 0.403470
0.106663 0.042063 0.469129 0.382145
0.105919 0.041856 0.457117 0.395108
0.097312 0.037139 0.458421 0.407128
0.103855 0.040907 0.449138 0.406100
0.103361 0.040282 0.477416 0.378941
0.097277 0.037313 0.462155 0.403256
0.102363 0.039928 0.475964 0.381745
0.103593 0.040882 0.460205 0.395320
0.099179 0.038066 0.477827 0.384928
0.091681 0.034541 0.455429 0.418348
0.105363 0.041451 0.469125 0.384061
0.106378 0.041920 0.468511 0.383191
0.095821 0.036765 0.472954 0.394459
0.107996 0.042515 0.470097 0.379392
0.102282 0.039897 0.462053 0.395769
0.103068 0.040630 0.455219 0.401083
0.097873 0.037511 0.455169 0.409448
0.104078 0.041073 0.456152 0.398697
0.107434 0.042372 0.465418 0.384776
0.102387 0.039946 0.458278 0.399388
0.104434 0.041201 0.449670 0.404694
0.104190 0.040621 0.464292 0.390897
0.097455 0.037360 0.483213 0.381972
0.102737 0.040053 0.459948 0.397261
0.104275 0.040679 0.467673 0.387372
0.102988 0.040591 0.459506 0.396914
0.098883 0.037911 0.472880 0.390327
0.097748 0.037447 0.462225 0.402581
0.106073 0.041854 0.466620 0.385453
0.105782 0.041768 0.468661 0.383790
0.097690 0.037497 0.463155 0.401657
0.105110 0.041489 0.484069 0.369331
0.097989 0.037556 0.464348 0.400106
0.101280 0.039942 0.452070 0.406708
0.094012 0.035531 0.449100 0.421357
0.105389 0.041582 0.468577 0.384451
0.101567 0.040012 0.467036 0.391385
0.101969 0.039943 0.454858 0.403230
0.102799 0.040549 0.456945 0.399707
0.090458 0.034281 0.454767 0.420494
0.096916 0.037124 0.459155 0.406805
0.096794 0.036993 0.457078 0.409135
0.106068 0.041859 0.467434 0.384639
0.097804 0.037378 0.465040 0.399777
0.099341 0.038058 0.471810 0.390791
0.098406 0.037760 0.458630 0.405204
0.096340 0.036973 0.464836 0.401852
0.098808 0.037894 0.471303 0.391996
0.104726 0.040859 0.474405 0.380009
0.103329 0.040799 0.471110 0.384762
0.095688 0.036722 0.465867 0.401724
0.103646 0.040811 0.456047 0.399496
0.088600 0.033391 0.464235 0.413774
0.107354 0.042299 0.467582 0.382765
0.105800 0.041582 0.479214 0.373403
0.105754 0.041730 0.475167 0.377348
0.099747 0.038144 0.474201 0.387908
0.094010 0.035392 0.464455 0.406143
0.103660 0.040996 0.459621 0.395723
0.101023 0.039403 0.461218 0.398356
0.107162 0.042375 0.469476 0.380988
0.104931 0.041276 0.461212 0.392581
0.106961 0.042139 0.464200 0.386700
0.104992 0.041346 0.451585 0.402076
0.103820 0.040946 0.451606 0.403628
0.101153 0.039272 0.453708 0.405867
0.103384 0.040307 0.468466 0.387843
0.104894 0.041374 0.457051 0.396681
0.102138 0.039833 0.457904 0.400124
0.102905 0.040536 0.454332 0.402227
0.099302 0.038062 0.475734 0.386903
0.101039 0.038696 0.469610 0.390655
0.100640 0.038593 0.472553 0.388214
0.107964 0.042545 0.466860 0.382631
0.101479 0.039585 0.464062 0.394874
0.097508 0.037399 0.456766 0.408327
0.100622 0.039361 0.456732 0.403285
0.103615 0.040807 0.455043 0.400535
0.104608 0.041295 0.459157 0.394940
0.104860 0.041308 0.457661 0.396171
0.102653 0.040506 0.444716 0.412125
0.095990 0.036767 0.449767 0.417476
0.099661 0.038190 0.463988 0.398160
0.102900 0.040090 0.481176 0.375833
0.102966 0.040182 0.481729 0.375124
0.104108 0.040633 0.475911 0.379348
0.088956 0.033637 0.468220 0.409187
0.091537 0.034463 0.455422 0.418579
0.096592 0.036931 0.463478 0.403000
0.101788 0.040152 0.465184 0.392876
0.108149 0.042630 0.461249 0.387972
0.108961 0.042840 0.469900 0.378299
0.104747 0.041341 0.452427 0.401485
0.099984 0.038949 0.450963 0.410104
0.102904 0.039971 0.470121 0.387005
0.100691 0.039323 0.463015 0.396971
0.097965 0.037592 0.479352 0.385091
0.107960 0.042599 0.469169 0.380271
0.104299 0.041152 0.460543 0.394007
0.092756 0.034961 0.461725 0.410557
0.095317 0.036441 0.473512 0.394730
0.103567 0.040841 0.455983 0.399609
0.101947 0.039830 0.452667 0.405556
0.101937 0.040079 0.461166 0.396818
0.104615 0.041264 0.453473 0.400647
0.102004 0.039761 0.458431 0.399804
0.105388 0.041580 0.465319 0.387713
0.099937 0.038290 0.474174 0.387598
0.100413 0.038454 0.469799 0.391333
0.099879 0.038065 0.475722 0.386334
0.098538 0.037798 0.480914 0.382750
0.101724 0.039692 0.461731 0.396853
0.097440 0.037410 0.474026 0.391124
0.104220 0.041069 0.457934 0.396777
0.106811 0.042074 0.471508 0.379608
0.103946 0.040976 0.453465 0.401613
0.105266 0.041507 0.457057 0.396170
0.103361 0.040727 0.454017 0.401896
0.097831 0.037547 0.456057 0.408566
0.101573 0.040070 0.465960 0.392398
0.101707 0.039523 0.459834 0.398936
0.103761 0.040968 0.480259 0.375012
0.091687 0.034563 0.453391 0.420359
0.103661 0.040838 0.459280 0.396220
0.090763 0.034138 0.453277 0.421822
0.103255 0.040793 0.459569 0.396383
0.099447 0.038652 0.472618 0.389283
0.096290 0.036977 0.468638 0.398095
0.101949 0.040093 0.469815 0.388144
0.091071 0.034359 0.450581 0.423988
0.104974 0.041359 0.464964 0.388703
0.093225 0.035039 0.464710 0.407025
0.107697 0.042550 0.470526 0.379227
0.104630 0.040650 0.475588 0.379132
0.098941 0.037997 0.476768 0.386293
0.099673 0.038036 0.476364 0.385926
0.098425 0.037738 0.473570 0.390268
0.104788 0.041373 0.474792 0.379048
0.104874 0.041406 0.468435 0.385284
0.103317 0.040805 0.471313 0.384566
0.101912 0.040132 0.451544 0.406412
0.101622 0.040000 0.448883 0.409495
0.107068 0.042129 0.459695 0.391108
0.102383 0.040217 0.465724 0.391676
0.103994 0.041017 0.474122 0.380867
0.100944 0.039295 0.462341 0.397420
0.090892 0.034167 0.466755 0.408187
0.091156 0.034429 0.456192 0.418223
0.096965 0.037085 0.481046 0.384905
0.104252 0.041125 0.457992 0.396632
0.095780 0.036630 0.468687 0.398903
0.107251 0.042170 0.470648 0.379931
0.098169 0.037617 0.459803 0.404411
0.102172 0.040260 0.454587 0.402982
0.097847 0.037610 0.450098 0.414445
0.100900 0.039825 0.465404 0.393871
0.100628 0.038645 0.472117 0.388610
0.100905 0.039366 0.466241 0.393488
0.104110 0.041005 0.457387 0.397498
0.100452 0.038548 0.470558 0.390442
0.089006 0.033428 0.453485 0.424081
0.101281 0.038934 0.467571 0.392213
0.106468 0.041545 0.469806 0.382181
0.103458 0.040886 0.458610 0.397047
0.101218 0.039419 0.448462 0.410901
0.100795 0.039309 0.456693 0.403203
0.104270 0.041087 0.472549 0.382094
0.103613 0.040393 0.481113 0.374882
0.104197 0.041034 0.455967 0.398803
0.102517 0.040201 0.458693 0.398589
