0.109177 0.071223 0.257619 0.561981
0.109247 0.071227 0.257803 0.561723
0.108940 0.071169 0.257360 0.562531
0.108888 0.071128 0.257251 0.562733
0.108760 0.070836 0.257520 0.562884
0.108864 0.071017 0.257462 0.562657
0.109027 0.071122 0.257608 0.562243
0.109117 0.071277 0.257486 0.562120
0.109018 0.071112 0.257565 0.562305
0.108974 0.071189 0.257250 0.562587
0.108767 0.070934 0.257445 0.562854
0.108857 0.071019 0.257430 0.562694
0.109010 0.071148 0.257524 0.562319
0.108951 0.071160 0.257445 0.562445
0.108860 0.071143 0.257215 0.562781
0.108661 0.070987 0.257016 0.563336
0.108621 0.070818 0.257383 0.563179
0.108998 0.071148 0.257465 0.562389
0.109123 0.071061 0.257924 0.561891
0.109003 0.071301 0.257228 0.562468
0.108799 0.071074 0.257194 0.562932
0.108577 0.070867 0.257163 0.563393
0.108785 0.071039 0.257251 0.562925
0.109191 0.071120 0.257864 0.561825
0.109090 0.071340 0.257288 0.562283
0.109166 0.071267 0.257604 0.561963
0.108868 0.071124 0.257116 0.562892
0.108646 0.070928 0.257165 0.563261
0.108714 0.070977 0.257179 0.563130
0.109203 0.071158 0.257851 0.561787
0.109174 0.071224 0.257658 0.561943
0.109122 0.071390 0.257274 0.562214
0.109121 0.071250 0.257475 0.562154
0.108653 0.070867 0.257210 0.563270
0.108841 0.070903 0.257561 0.562695
0.109152 0.071198 0.257670 0.561980
0.109200 0.071252 0.257631 0.561917
0.109091 0.071379 0.257164 0.562366
0.108973 0.071148 0.257367 0.562512
0.108797 0.071034 0.257228 0.562940
0.108817 0.070885 0.257550 0.562748
0.109091 0.071375 0.257238 0.562296
0.109220 0.071192 0.257846 0.561742
0.109144 0.071414 0.257236 0.562206
0.108966 0.071176 0.257482 0.562376
0.108935 0.071110 0.257520 0.562434
0.108657 0.070989 0.256967 0.563387
0.108874 0.070949 0.257542 0.562634
0.109034 0.071273 0.257376 0.562317
0.109080 0.071281 0.257311 0.562328
0.108765 0.070939 0.257400 0.562895
0.108936 0.071082 0.257645 0.562336
0.108884 0.070887 0.257706 0.562523
0.109320 0.071294 0.257812 0.561574
0.108924 0.071181 0.257353 0.562541
0.108967 0.071146 0.257524 0.562363
0.108791 0.071001 0.257221 0.562987
0.108527 0.070801 0.257219 0.563453
0.108680 0.070965 0.257195 0.563160
0.109137 0.071059 0.257900 0.561904
0.109061 0.071235 0.257430 0.562275
0.109105 0.071217 0.257628 0.562049
0.109259 0.071269 0.257768 0.561704
0.108647 0.070841 0.257263 0.563250
0.109218 0.071163 0.257782 0.561836
0.109098 0.071119 0.257612 0.562171
0.109085 0.071083 0.257631 0.562201
0.109112 0.071345 0.257411 0.562132
0.108786 0.071052 0.257158 0.563004
0.108592 0.070863 0.257145 0.563400
0.108627 0.070788 0.257355 0.563230
0.108798 0.070885 0.257440 0.562876
0.109224 0.071247 0.257753 0.561776
0.108831 0.071098 0.257348 0.562722
0.108777 0.071066 0.257277 0.562880
0.108683 0.070956 0.257218 0.563143
0.108794 0.071068 0.257269 0.562869
0.109159 0.071316 0.257414 0.562112
0.108976 0.071111 0.257611 0.562301
0.109042 0.071224 0.257426 0.562308
0.108657 0.070937 0.257430 0.562976
0.108691 0.071005 0.257186 0.563119
0.108679 0.071001 0.257007 0.563313
0.109139 0.071198 0.257741 0.561922
0.109152 0.071292 0.257524 0.562032
0.109158 0.071186 0.257611 0.562046
0.109022 0.071085 0.257768 0.562124
0.109050 0.071009 0.257969 0.561973
0.108759 0.070840 0.257507 0.562894
0.108864 0.070959 0.257722 0.562456
0.108918 0.071073 0.257333 0.562676
0.109155 0.071160 0.257739 0.561946
0.108899 0.071196 0.257442 0.562463
0.108887 0.071062 0.257384 0.562666
0.108868 0.071006 0.257563 0.562563
0.108835 0.070870 0.257749 0.562546
0.109167 0.071439 0.257250 0.562144
0.108934 0.071077 0.257566 0.562423
0.108570 0.070689 0.257656 0.563085
0.109100 0.071251 0.257282 0.562366
0.108844 0.070841 0.257795 0.562521
0.109006 0.071342 0.257112 0.562540
0.109128 0.071178 0.257668 0.562026
0.109127 0.071237 0.257611 0.562026
0.108903 0.071106 0.257416 0.562576
0.108708 0.070953 0.257193 0.563146
0.108725 0.070991 0.257246 0.563039
0.109100 0.071196 0.257592 0.562112
0.109219 0.071161 0.257861 0.561759
0.109155 0.071278 0.257576 0.561991
0.108947 0.071119 0.257477 0.562458
0.108718 0.070988 0.257237 0.563057
0.108759 0.070834 0.257559 0.562847
0.109085 0.071294 0.257357 0.562264
0.109153 0.071132 0.257736 0.561979
0.109119 0.071359 0.257328 0.562194
0.108969 0.071166 0.257341 0.562524
0.108717 0.070934 0.257375 0.562974
0.109162 0.071229 0.257571 0.562038
0.109174 0.071129 0.257838 0.561859
0.109201 0.071242 0.257646 0.561911
0.109165 0.071297 0.257507 0.562031
0.109101 0.071204 0.257534 0.562162
0.108791 0.071032 0.257291 0.562886
0.108758 0.070976 0.257242 0.563024
0.109127 0.071320 0.257408 0.562145
0.109245 0.071208 0.257844 0.561703
0.109229 0.071351 0.257523 0.561898
0.109084 0.071201 0.257617 0.562098
0.108971 0.071087 0.257478 0.562465
0.109197 0.071272 0.257642 0.561889
0.108985 0.071026 0.257826 0.562163
0.109032 0.071156 0.257474 0.562339
0.109148 0.071286 0.257537 0.562030
0.108984 0.071165 0.257624 0.562227
0.109169 0.071273 0.257420 0.562138
0.108723 0.070884 0.257553 0.562841
0.108753 0.070914 0.257512 0.562821
0.109053 0.071049 0.257842 0.562057
0.108952 0.071042 0.257690 0.562316
0.108316 0.071178 0.256092 0.564414
0.108857 0.071047 0.257238 0.562859
0.108642 0.070621 0.257710 0.563027
0.109075 0.071262 0.257383 0.562279
0.109193 0.071100 0.257953 0.561754
0.109106 0.071364 0.257305 0.562225
0.109200 0.071331 0.257389 0.562081
0.108895 0.071102 0.257195 0.562807
0.109028 0.071200 0.257253 0.562519
0.109180 0.071133 0.257855 0.561831
0.108416 0.070243 0.258413 0.562928
0.109143 0.071384 0.257322 0.562151
0.109137 0.071238 0.257567 0.562058
0.108978 0.071169 0.257301 0.562553
0.109325 0.071227 0.257943 0.561504
0.109166 0.071212 0.257677 0.561946
0.108378 0.070365 0.258083 0.563174
0.109146 0.071342 0.257399 0.562113
0.108980 0.071140 0.257508 0.562372
0.108757 0.071021 0.257328 0.562894
0.108833 0.070914 0.257552 0.562701
0.109039 0.071327 0.257200 0.562435
0.109107 0.071311 0.257354 0.562227
0.109176 0.071302 0.257518 0.562004
0.109028 0.071155 0.257501 0.562317
0.108788 0.070955 0.257404 0.562853
0.108748 0.070960 0.257203 0.563090
0.109190 0.071147 0.257860 0.561803
0.109184 0.071240 0.257585 0.561992
0.109196 0.071363 0.257428 0.562014
0.109097 0.071094 0.257832 0.561977
0.108989 0.071195 0.257316 0.562499
0.109190 0.071131 0.257720 0.561959
0.108886 0.071176 0.257265 0.562673
0.109110 0.071124 0.257773 0.561993
0.109129 0.071355 0.257337 0.562179
0.109161 0.071231 0.257718 0.561890
0.109011 0.071180 0.257346 0.562464
0.108734 0.070966 0.257164 0.563136
0.108838 0.070984 0.257689 0.562489
0.109057 0.071068 0.257809 0.562067
0.109076 0.071132 0.257715 0.562077
0.108859 0.071179 0.257267 0.562695
0.108605 0.070868 0.257176 0.563351
0.109288 0.071309 0.257784 0.561618
0.108902 0.070798 0.258055 0.562244
0.109050 0.071246 0.257413 0.562291
0.109159 0.071070 0.258013 0.561758
0.108755 0.071159 0.256927 0.563159
0.108929 0.071076 0.257316 0.562679
0.108731 0.070894 0.257504 0.562871
0.109189 0.071124 0.257884 0.561803
0.109157 0.071171 0.257724 0.561947
0.109098 0.071295 0.257436 0.562171
0.109161 0.071259 0.257491 0.562089
0.109275 0.071257 0.257679 0.561789
0.108851 0.070898 0.257642 0.562610
0.109118 0.071312 0.257387 0.562183
0.109233 0.071191 0.257817 0.561759
0.109068 0.071338 0.257144 0.562450
0.109260 0.071319 0.257708 0.561713
0.108738 0.071017 0.257189 0.563056
0.108806 0.070899 0.257458 0.562838
0.109105 0.071311 0.257392 0.562192
0.109163 0.071287 0.257499 0.562051
0.109199 0.071358 0.257429 0.562014
0.109019 0.071188 0.257429 0.562364
0.108838 0.071024 0.257373 0.562766
0.109077 0.071075 0.257545 0.562303
0.109071 0.071121 0.257608 0.562199
0.109099 0.071340 0.257228 0.562332
0.108647 0.070357 0.258582 0.562415
0.109150 0.071306 0.257491 0.562053
0.109004 0.071181 0.257293 0.562523
0.109062 0.071259 0.257288 0.562390
0.109023 0.071056 0.257644 0.562276
0.109072 0.071331 0.257273 0.562324
0.109165 0.071325 0.257489 0.562022
0.109045 0.071280 0.257298 0.562377
0.109047 0.071225 0.257336 0.562393
0.108809 0.071037 0.257464 0.562690
0.108905 0.071074 0.257493 0.562528
0.109061 0.071076 0.257770 0.562094
0.108960 0.071183 0.257418 0.562440
0.108772 0.071053 0.257182 0.562994
0.108663 0.070961 0.257201 0.563175
0.108647 0.070783 0.257452 0.563119
0.109125 0.071197 0.257632 0.562046
0.109205 0.071110 0.257954 0.561731
0.109092 0.071352 0.257298 0.562258
0.108869 0.071012 0.257460 0.562658
0.108658 0.070892 0.257361 0.563088
0.109274 0.071186 0.257766 0.561774
0.109066 0.071140 0.257483 0.562311
0.109122 0.071319 0.257379 0.562180
0.109153 0.071289 0.257494 0.562064
0.108916 0.071086 0.257420 0.562578
0.108601 0.070885 0.257101 0.563413
0.108798 0.070871 0.257447 0.562884
0.109293 0.071259 0.257820 0.561628
0.109164 0.071226 0.257625 0.561985
0.109124 0.071265 0.257412 0.562198
0.109059 0.071149 0.257520 0.562272
0.108737 0.071024 0.257134 0.563105
0.109163 0.071398 0.257226 0.562213
0.109123 0.071240 0.257550 0.562087
0.109149 0.071281 0.257560 0.562010
0.109149 0.071221 0.257508 0.562123
0.108596 0.070948 0.257202 0.563254
0.108813 0.071059 0.257226 0.562902
0.108776 0.071001 0.257220 0.563002
0.109009 0.071186 0.257326 0.562478
0.109202 0.071322 0.257540 0.561937
0.109283 0.071243 0.257819 0.561655
0.109072 0.071226 0.257425 0.562277
0.108970 0.071157 0.257343 0.562530
0.108678 0.071003 0.256986 0.563332
0.109276 0.071356 0.257535 0.561834
0.108996 0.071196 0.257327 0.562481
0.109168 0.071321 0.257466 0.562045
0.109243 0.071389 0.257393 0.561975
0.108917 0.071089 0.257291 0.562702
0.109037 0.071142 0.257376 0.562445
0.108896 0.070930 0.257558 0.562616
0.108999 0.071117 0.257449 0.562435
0.108966 0.071201 0.257213 0.562620
0.109234 0.071393 0.257412 0.561961
0.108711 0.071021 0.257006 0.563263
0.108796 0.070960 0.257232 0.563011
0.109263 0.071326 0.257595 0.561815
0.109163 0.071242 0.257577 0.562019
0.109200 0.071316 0.257553 0.561931
0.109032 0.071217 0.257429 0.562322
0.108700 0.071014 0.257027 0.563259
0.108731 0.071104 0.256830 0.563335
0.109118 0.071303 0.257392 0.562187
0.109163 0.071307 0.257465 0.562065
0.109197 0.071318 0.257556 0.561929
0.109031 0.071172 0.257453 0.562344
0.108648 0.070973 0.256969 0.563410
0.109039 0.071170 0.257328 0.562463
0.109141 0.071260 0.257519 0.562079
0.109176 0.071178 0.257687 0.561959
0.109138 0.071338 0.257407 0.562116
0.109272 0.071373 0.257548 0.561807
0.108710 0.070981 0.257173 0.563137
0.109168 0.071250 0.257487 0.562095
0.109153 0.071135 0.257732 0.561979
0.109210 0.071262 0.257627 0.561901
0.109190 0.071309 0.257549 0.561952
0.108975 0.071170 0.257368 0.562487
0.108779 0.071036 0.257172 0.563012
0.108796 0.070876 0.257488 0.562841
0.109020 0.071326 0.257099 0.562554
0.109227 0.071203 0.257797 0.561773
0.109127 0.071350 0.257258 0.562265
0.109043 0.071218 0.257384 0.562354
0.109050 0.071210 0.257477 0.562263
0.109072 0.071259 0.257186 0.562483
0.108812 0.071112 0.257098 0.562978
0.109093 0.071243 0.257512 0.562152
0.109091 0.071302 0.257280 0.562326
0.109007 0.071260 0.257263 0.562470
0.108898 0.071057 0.257361 0.562684
0.108841 0.071058 0.257273 0.562827
0.109283 0.071173 0.257934 0.561610
0.108901 0.071235 0.257168 0.562696
0.108959 0.071107 0.257570 0.562364
0.108893 0.071060 0.257532 0.562516
0.109041 0.071243 0.257209 0.562507
0.108766 0.070992 0.257367 0.562875
0.109106 0.071162 0.257645 0.562088
0.109143 0.071198 0.257668 0.561991
0.109150 0.071170 0.257779 0.561900
0.108975 0.071185 0.257444 0.562397
0.108762 0.070891 0.257576 0.562772
0.108705 0.070986 0.257153 0.563156
0.109148 0.071113 0.257788 0.561951
0.109177 0.071215 0.257678 0.561930
0.109145 0.071348 0.257405 0.562102
0.108970 0.071139 0.257509 0.562382
0.108634 0.070909 0.257145 0.563312
0.108834 0.070888 0.257590 0.562688
0.109143 0.071179 0.257669 0.562009
0.109137 0.071203 0.257560 0.562100
0.109162 0.071293 0.257529 0.562015
0.109023 0.071128 0.257552 0.562297
0.109047 0.071200 0.257280 0.562473
0.108755 0.071041 0.257165 0.563039
0.109203 0.071157 0.257851 0.561789
0.109201 0.071242 0.257640 0.561918
0.109176 0.071307 0.257497 0.562019
0.109047 0.071211 0.257506 0.562235
0.108871 0.071125 0.257232 0.562771
0.108782 0.070876 0.257468 0.562874
0.109110 0.071306 0.257398 0.562186
0.109221 0.071198 0.257708 0.561873
0.109127 0.071288 0.257277 0.562308
0.109049 0.071211 0.257417 0.562324
0.109056 0.071176 0.257531 0.562237
0.108740 0.070848 0.257338 0.563074
0.109061 0.071164 0.257507 0.562268
0.109240 0.071281 0.257686 0.561793
0.109224 0.071370 0.257399 0.562007
0.109227 0.071273 0.257647 0.561853
0.109025 0.071210 0.257227 0.562539
0.108782 0.070992 0.257146 0.563080
0.108923 0.071140 0.257355 0.562582
0.108963 0.071277 0.257174 0.562586
0.109043 0.071235 0.257412 0.562309
0.108862 0.071125 0.257187 0.562826
0.108678 0.071008 0.256935 0.563379
0.109127 0.071248 0.257441 0.562185
0.109111 0.071190 0.257604 0.562096
0.109126 0.071282 0.257459 0.562132
0.109141 0.071263 0.257583 0.562013
0.108922 0.071164 0.257279 0.562635
0.108635 0.070970 0.256971 0.563424
0.108774 0.070965 0.257372 0.562889
0.109079 0.071200 0.257454 0.562268
0.109197 0.071161 0.257826 0.561816
0.109135 0.071339 0.257406 0.562119
0.109017 0.071199 0.257457 0.562328
0.108666 0.070931 0.257149 0.563254
0.108795 0.070992 0.257359 0.562854
0.109160 0.071126 0.257795 0.561919
0.109201 0.071244 0.257646 0.561908
0.109138 0.071346 0.257394 0.562122
0.108985 0.071185 0.257345 0.562485
0.108761 0.071036 0.257185 0.563019
0.108707 0.070991 0.257071 0.563232
0.109209 0.071316 0.257573 0.561902
0.109229 0.071197 0.257797 0.561776
0.109227 0.071208 0.257804 0.561761
0.108996 0.071291 0.257090 0.562623
0.108781 0.071046 0.257206 0.562967
0.109113 0.071213 0.257436 0.562239
0.109071 0.071219 0.257418 0.562291
0.109255 0.071217 0.257836 0.561692
0.109177 0.071318 0.257422 0.562083
0.109247 0.071344 0.257496 0.561912
0.108968 0.071189 0.257329 0.562514
0.108713 0.070942 0.257222 0.563123
0.109349 0.071403 0.257659 0.561590
0.109124 0.071141 0.257759 0.561976
0.109104 0.071278 0.257339 0.562279
0.109032 0.071211 0.257351 0.562406
0.108951 0.071118 0.257384 0.562547
0.108842 0.070998 0.257410 0.562751
0.108941 0.070964 0.257692 0.562403
0.108951 0.071275 0.257172 0.562602
0.109302 0.071406 0.257604 0.561688
0.108786 0.071054 0.257170 0.562990
0.108669 0.070983 0.257144 0.563204
0.108755 0.070937 0.257343 0.562965
0.109068 0.071159 0.257517 0.562257
0.109135 0.071213 0.257626 0.562026
0.109107 0.071251 0.257536 0.562106
0.108893 0.071102 0.257197 0.562807
0.108635 0.070805 0.257344 0.563215
0.109161 0.071233 0.257439 0.562167
0.109125 0.071097 0.257732 0.562046
0.109106 0.071309 0.257375 0.562211
0.109173 0.071283 0.257585 0.561959
0.109245 0.071359 0.257503 0.561893
0.108654 0.070915 0.257153 0.563278
0.108835 0.071098 0.257252 0.562815
0.109173 0.071135 0.257811 0.561881
0.109112 0.071320 0.257353 0.562216
0.109135 0.071301 0.257476 0.562089
0.109007 0.071194 0.257511 0.562289
0.108742 0.071031 0.257179 0.563049
0.108722 0.071064 0.257140 0.563074
0.109056 0.071183 0.257465 0.562296
0.109187 0.071205 0.257715 0.561893
0.109181 0.071216 0.257716 0.561888
0.108978 0.071144 0.257506 0.562371
0.108748 0.070886 0.257400 0.562966
0.108767 0.070841 0.257533 0.562860
0.109372 0.071336 0.257867 0.561425
0.109184 0.071241 0.257656 0.561919
0.109142 0.071287 0.257352 0.562219
0.109053 0.071224 0.257513 0.562209
0.109266 0.071266 0.257763 0.561705
0.109179 0.071253 0.257529 0.562039
0.108920 0.070955 0.257703 0.562422
0.109076 0.071311 0.257326 0.562288
0.109411 0.071294 0.257986 0.561309
0.108809 0.071084 0.257162 0.562945
0.109132 0.071249 0.257576 0.562044
0.108875 0.070893 0.257783 0.562449
0.108904 0.071168 0.257278 0.562650
0.108960 0.071195 0.257410 0.562435
0.108963 0.071195 0.257395 0.562446
0.108692 0.071014 0.257260 0.563034
0.108688 0.070965 0.257188 0.563159
0.108612 0.070835 0.257263 0.563290
0.109108 0.071177 0.257636 0.562079
0.109202 0.071115 0.257925 0.561757
0.109043 0.071309 0.257218 0.562430
0.108855 0.070973 0.257472 0.562700
0.108665 0.070964 0.257158 0.563213
0.108796 0.070848 0.257508 0.562848
0.109089 0.071286 0.257374 0.562250
0.109205 0.071162 0.257827 0.561806
0.109088 0.071309 0.257289 0.562314
0.109040 0.071159 0.257533 0.562268
0.108686 0.070980 0.257115 0.563220
0.108793 0.071008 0.257198 0.563001
0.109100 0.071224 0.257466 0.562211
0.109169 0.071284 0.257507 0.562040
0.109183 0.071323 0.257487 0.562007
0.108997 0.071163 0.257478 0.562362
0.108745 0.070979 0.257266 0.563010
0.108840 0.070916 0.257474 0.562770
0.109139 0.071202 0.257563 0.562096
0.109144 0.071423 0.257206 0.562227
0.109211 0.071333 0.257522 0.561934
0.109056 0.071223 0.257399 0.562322
0.108777 0.071035 0.257229 0.562959
0.109277 0.071339 0.257573 0.561811
0.109186 0.071172 0.257779 0.561863
0.109122 0.071345 0.257258 0.562275
0.109211 0.071345 0.257535 0.561909
0.109112 0.071262 0.257535 0.562091
0.108911 0.071119 0.257340 0.562631
0.108668 0.070989 0.257219 0.563124
0.108787 0.071105 0.257081 0.563027
0.109026 0.071056 0.257740 0.562178
0.109014 0.071283 0.257308 0.562395
0.108924 0.071118 0.257303 0.562655
0.108888 0.071091 0.257395 0.562626
0.108667 0.070880 0.257509 0.562944
0.108798 0.071036 0.257408 0.562758
0.108950 0.070953 0.257891 0.562205
0.108889 0.071133 0.257439 0.562539
0.108724 0.070980 0.257158 0.563139
0.108583 0.070886 0.257277 0.563253
0.108712 0.070945 0.257419 0.562923
0.108938 0.071038 0.257542 0.562481
0.108994 0.071079 0.257681 0.562246
0.109018 0.071209 0.257521 0.562252
0.109278 0.071273 0.257820 0.561628
0.108545 0.070719 0.257391 0.563345
0.108640 0.070793 0.257569 0.562998
0.109056 0.071014 0.257852 0.562077
0.109022 0.071088 0.257668 0.562222
0.108970 0.071271 0.257283 0.562476
0.108958 0.071123 0.257523 0.562396
0.108622 0.070913 0.257042 0.563423
0.108644 0.070873 0.257332 0.563151
0.109028 0.071128 0.257596 0.562248
0.109139 0.071083 0.257906 0.561872
0.108997 0.071225 0.257335 0.562442
0.108904 0.071132 0.257447 0.562518
0.108676 0.070959 0.257211 0.563154
0.108807 0.071045 0.257390 0.562758
0.108910 0.071121 0.257343 0.562627
0.109037 0.071156 0.257595 0.562212
0.109082 0.071148 0.257731 0.562038
0.108818 0.071081 0.257242 0.562858
0.108615 0.070847 0.257338 0.563200
0.108716 0.070913 0.257466 0.562905
0.109039 0.071000 0.257880 0.562080
0.109003 0.071207 0.257422 0.562367
0.109029 0.071095 0.257695 0.562181
0.109278 0.071380 0.257547 0.561794
0.108986 0.070981 0.257824 0.562210
0.109143 0.071198 0.257691 0.561968
0.108917 0.071060 0.257543 0.562480
0.109074 0.071035 0.257881 0.562010
0.109018 0.071271 0.257234 0.562477
0.108941 0.071126 0.257286 0.562647
0.108963 0.071009 0.257633 0.562396
0.108729 0.070864 0.257452 0.562955
0.109014 0.070988 0.257851 0.562147
0.109019 0.071103 0.257631 0.562247
0.108932 0.071167 0.257389 0.562513
0.109108 0.071282 0.257373 0.562237
0.108650 0.070948 0.257075 0.563327
0.109208 0.071294 0.257422 0.562076
0.109032 0.071200 0.257388 0.562380
0.109104 0.071175 0.257569 0.562151
0.109075 0.071266 0.257376 0.562283
0.109234 0.071295 0.257701 0.561770
0.108628 0.070854 0.257197 0.563320
0.109223 0.071144 0.257818 0.561814
0.109094 0.071155 0.257535 0.562215
0.109108 0.071303 0.257379 0.562209
0.109155 0.071276 0.257561 0.562009
0.109026 0.071205 0.257475 0.562294
0.109124 0.071275 0.257288 0.562313
0.108801 0.071117 0.257216 0.562867
0.109101 0.071217 0.257608 0.562075
0.109105 0.071303 0.257356 0.562236
0.109134 0.071272 0.257525 0.562069
0.108967 0.071152 0.257415 0.562466
0.109118 0.071193 0.257460 0.562229
0.108731 0.070943 0.257315 0.563011
0.109017 0.071092 0.257591 0.562300
0.109223 0.071171 0.257774 0.561832
0.109242 0.071213 0.257833 0.561712
0.108966 0.071269 0.257149 0.562616
0.108795 0.071015 0.257261 0.562928
0.109194 0.071271 0.257433 0.562102
0.109095 0.071248 0.257473 0.562183
0.109226 0.071195 0.257824 0.561755
0.109108 0.071333 0.257272 0.562287
0.109093 0.071213 0.257595 0.562099
0.108987 0.071135 0.257441 0.562437
0.108640 0.070949 0.256996 0.563415
0.108875 0.071082 0.257354 0.562688
0.109070 0.071082 0.257690 0.562158
0.109072 0.071320 0.257315 0.562292
0.108927 0.071124 0.257305 0.562644
0.108930 0.071163 0.257286 0.562621
0.108741 0.070926 0.257393 0.562940
0.108920 0.071065 0.257529 0.562487
0.108959 0.071173 0.257360 0.562508
0.108941 0.071087 0.257588 0.562384
0.109229 0.071326 0.257543 0.561903
0.108670 0.070983 0.257126 0.563221
0.108623 0.070813 0.257405 0.563160
0.109033 0.071238 0.257349 0.562381
0.109176 0.071087 0.257940 0.561797
0.109070 0.071342 0.257292 0.562296
0.108986 0.071092 0.257616 0.562306
0.108644 0.070924 0.257121 0.563310
0.108782 0.070880 0.257602 0.562736
0.109132 0.071224 0.257571 0.562072
0.109198 0.071156 0.257839 0.561806
0.109251 0.071412 0.257475 0.561862
0.108983 0.071187 0.257385 0.562445
0.108688 0.070916 0.257220 0.563176
0.108678 0.070978 0.257054 0.563290
0.109170 0.071128 0.257864 0.561839
0.109234 0.071197 0.257813 0.561756
0.109164 0.071299 0.257526 0.562011
0.108951 0.071113 0.257484 0.562452
0.108712 0.070998 0.257176 0.563113
0.108916 0.070944 0.257718 0.562421
0.109070 0.071285 0.257363 0.562282
0.109216 0.071185 0.257803 0.561796
0.109181 0.071312 0.257522 0.561985
0.109043 0.071134 0.257668 0.562154
0.108754 0.071023 0.257158 0.563065
0.108794 0.070865 0.257605 0.562736
0.109145 0.071202 0.257671 0.561982
0.109214 0.071255 0.257678 0.561852
0.109139 0.071348 0.257356 0.562157
0.108975 0.071129 0.257393 0.562503
0.109091 0.071121 0.257735 0.562054
0.108804 0.070871 0.257585 0.562740
0.109015 0.071122 0.257558 0.562304
0.109154 0.071221 0.257677 0.561948
0.109126 0.071295 0.257372 0.562207
0.109151 0.071341 0.257251 0.562257
0.108911 0.071106 0.257492 0.562490
0.108790 0.071008 0.257312 0.562890
0.108948 0.070980 0.257722 0.562350
0.108937 0.071201 0.257318 0.562545
0.108949 0.071210 0.257344 0.562497
0.109048 0.071219 0.257481 0.562253
0.108494 0.070756 0.257260 0.563490
0.108895 0.071050 0.257528 0.562528
0.109177 0.071096 0.258047 0.561680
0.109105 0.071266 0.257448 0.562180
0.109088 0.071279 0.257452 0.562181
0.108849 0.071005 0.257472 0.562674
0.108649 0.070921 0.257145 0.563285
0.108759 0.070826 0.257620 0.562796
0.109018 0.071003 0.257842 0.562137
0.109204 0.071223 0.257814 0.561759
0.109224 0.071176 0.257900 0.561701
0.109184 0.071404 0.257221 0.562191
0.109086 0.071120 0.257556 0.562238
0.108750 0.070977 0.257151 0.563122
0.109137 0.071133 0.257683 0.562047
0.109147 0.071212 0.257632 0.562009
0.109155 0.071294 0.257502 0.562049
0.109045 0.071174 0.257413 0.562367
0.109192 0.071309 0.257580 0.561920
0.109077 0.071180 0.257432 0.562311
0.109218 0.071167 0.257849 0.561767
0.109192 0.071240 0.257669 0.561899
0.109252 0.071449 0.257360 0.561940
0.109085 0.071234 0.257489 0.562192
0.108752 0.071014 0.257289 0.562945
0.108719 0.070960 0.257129 0.563191
0.109181 0.071151 0.257875 0.561793
0.109167 0.071147 0.257742 0.561944
0.109195 0.071400 0.257353 0.562052
0.109118 0.071156 0.257814 0.561912
0.108978 0.071156 0.257353 0.562513
0.108702 0.070938 0.257128 0.563232
0.108886 0.070940 0.257618 0.562556
0.109085 0.071190 0.257500 0.562224
0.109199 0.071215 0.257733 0.561853
0.108888 0.071128 0.257331 0.562653
0.108963 0.071189 0.257148 0.562700
0.109092 0.071034 0.257762 0.562113
0.108856 0.071138 0.257140 0.562866
0.108998 0.071221 0.257325 0.562456
0.108735 0.070900 0.257595 0.562769
0.108958 0.071182 0.257387 0.562473
0.108769 0.071046 0.257156 0.563029
0.109147 0.071229 0.257587 0.562036
0.109324 0.071399 0.257597 0.561680
0.109227 0.071139 0.257919 0.561715
0.109134 0.071351 0.257379 0.562136
0.108938 0.071179 0.257313 0.562570
0.108632 0.070946 0.257060 0.563362
0.108759 0.070961 0.257266 0.563014
0.109086 0.071207 0.257469 0.562238
0.109179 0.071157 0.257724 0.561940
0.109190 0.071304 0.257572 0.561934
0.109310 0.071311 0.257807 0.561571
0.108642 0.070935 0.257021 0.563403
0.109227 0.071155 0.257743 0.561875
0.109159 0.071212 0.257704 0.561924
0.109196 0.071249 0.257641 0.561914
0.109166 0.071296 0.257539 0.561998
0.108979 0.071203 0.257353 0.562466
0.108730 0.070987 0.257087 0.563195
0.108995 0.071203 0.257223 0.562579
0.109036 0.071131 0.257625 0.562209
0.109225 0.071193 0.257807 0.561775
0.108528 0.070328 0.258376 0.562768
0.108984 0.071249 0.257331 0.562435
0.108802 0.071026 0.257247 0.562925
0.109292 0.071193 0.257897 0.561618
0.109151 0.071206 0.257728 0.561915
0.109211 0.071252 0.257682 0.561855
0.109166 0.071381 0.257325 0.562128
0.109031 0.071194 0.257544 0.562231
0.108976 0.071114 0.257488 0.562422
0.108793 0.070881 0.257634 0.562692
0.108875 0.070993 0.257521 0.562611
0.109066 0.071366 0.257205 0.562363
0.109233 0.071160 0.257929 0.561678
0.108955 0.071229 0.257175 0.562641
0.108965 0.071082 0.257506 0.562447
0.108712 0.070808 0.257532 0.562948
0.108974 0.070993 0.257762 0.562271
0.109047 0.071126 0.257636 0.562191
0.109000 0.071209 0.257439 0.562352
0.108911 0.071169 0.257362 0.562558
0.108675 0.070953 0.257210 0.563161
0.108653 0.070871 0.257219 0.563258
0.109084 0.071174 0.257690 0.562053
0.109215 0.071133 0.257927 0.561724
0.109098 0.071348 0.257334 0.562220
0.108942 0.071092 0.257598 0.562369
0.108595 0.070902 0.257132 0.563370
0.109263 0.071148 0.257979 0.561610
0.108960 0.070999 0.257743 0.562299
0.109162 0.071206 0.257677 0.561955
0.109208 0.071193 0.257828 0.561771
0.108957 0.071197 0.257302 0.562544
0.108695 0.070959 0.257166 0.563180
0.108816 0.070997 0.257465 0.562723
0.109034 0.070978 0.257820 0.562168
0.109171 0.071214 0.257657 0.561958
0.109218 0.071200 0.257816 0.561767
0.109281 0.071474 0.257412 0.561833
0.108681 0.070830 0.257341 0.563148
0.108846 0.071112 0.257328 0.562713
0.109126 0.071114 0.257669 0.562092
0.109124 0.071321 0.257293 0.562261
0.109184 0.071243 0.257633 0.561941
0.109066 0.071222 0.257484 0.562228
0.108848 0.071009 0.257343 0.562800
0.108850 0.071033 0.257502 0.562615
0.109192 0.071170 0.257757 0.561881
0.109233 0.071253 0.257704 0.561810
0.109190 0.071310 0.257543 0.561958
0.109098 0.071297 0.257351 0.562253
0.109077 0.071060 0.257755 0.562108
0.108681 0.071061 0.257088 0.563170
0.108915 0.071128 0.257245 0.562712
0.109184 0.071179 0.257785 0.561852
0.109117 0.071345 0.257342 0.562196
0.109142 0.071288 0.257486 0.562084
0.109094 0.071106 0.257713 0.562087
0.108743 0.070988 0.257285 0.562984
0.109033 0.071046 0.257699 0.562223
0.109048 0.071141 0.257584 0.562228
0.108945 0.071298 0.257018 0.562740
0.108951 0.071187 0.257310 0.562552
0.108794 0.071010 0.257356 0.562841
0.109134 0.071276 0.257342 0.562248
0.109122 0.071201 0.257609 0.562068
0.109231 0.071157 0.257901 0.561711
0.109276 0.071448 0.257432 0.561844
0.109192 0.071235 0.257574 0.561999
0.108690 0.070947 0.257176 0.563187
0.108857 0.070921 0.257422 0.562800
0.109032 0.071265 0.257155 0.562548
0.109149 0.071257 0.257552 0.562042
0.109220 0.071264 0.257697 0.561818
0.109273 0.071251 0.257753 0.561723
0.109131 0.071295 0.257382 0.562192
0.108835 0.071048 0.257266 0.562850
0.109326 0.071384 0.257620 0.561670
0.109136 0.071273 0.257493 0.562098
0.109153 0.071335 0.257433 0.562079
0.109070 0.071251 0.257448 0.562230
0.108740 0.071006 0.257271 0.562983
0.108758 0.071078 0.257163 0.563001
0.109124 0.071101 0.257796 0.561980
0.109182 0.071225 0.257673 0.561921
0.109129 0.071353 0.257352 0.562166
0.109029 0.071165 0.257491 0.562315
0.108794 0.070995 0.257299 0.562911
0.109282 0.071305 0.257699 0.561714
0.109055 0.071015 0.257871 0.562060
0.109199 0.071235 0.257720 0.561847
0.109190 0.071193 0.257785 0.561833
0.109024 0.071299 0.257304 0.562372
0.108968 0.071037 0.257667 0.562328
0.108635 0.070932 0.257210 0.563222
0.108941 0.070984 0.257690 0.562385
0.109024 0.071098 0.257585 0.562292
0.109086 0.071237 0.257497 0.562179
0.109076 0.071235 0.257521 0.562168
0.108957 0.070981 0.257652 0.562410
0.108719 0.070977 0.257193 0.563110
0.108897 0.070881 0.257864 0.562358
0.108971 0.071213 0.257349 0.562467
0.109128 0.071091 0.257878 0.561902
0.108953 0.071291 0.257185 0.562571
0.108906 0.071137 0.257516 0.562441
0.109183 0.071220 0.257661 0.561936
0.108855 0.071014 0.257510 0.562621
0.109063 0.071037 0.257881 0.562019
0.108870 0.071181 0.257167 0.562782
0.108828 0.071052 0.257424 0.562696
0.108578 0.070825 0.257370 0.563227
0.108759 0.070988 0.257233 0.563020
0.109099 0.071040 0.257788 0.562073
0.109052 0.071269 0.257355 0.562324
0.109112 0.071221 0.257507 0.562160
0.109012 0.071002 0.257741 0.562245
0.108737 0.070942 0.257355 0.562966
0.108779 0.071053 0.257136 0.563031
0.109305 0.071349 0.257586 0.561760
0.109089 0.071328 0.257288 0.562295
0.109143 0.071275 0.257531 0.562051
0.108999 0.071165 0.257338 0.562498
0.108754 0.070975 0.257309 0.562962
0.108731 0.070960 0.257145 0.563163
0.109129 0.071230 0.257547 0.562094
0.109161 0.071264 0.257529 0.562047
0.109167 0.071232 0.257576 0.562026
0.109114 0.071245 0.257622 0.562019
0.108857 0.071082 0.257360 0.562701
0.108843 0.071098 0.257260 0.562800
0.109082 0.071209 0.257495 0.562213
0.109249 0.071213 0.257934 0.561604
0.109214 0.071342 0.257497 0.561947
0.108593 0.070894 0.257386 0.563127
0.108950 0.071180 0.257287 0.562582
0.108815 0.070885 0.257613 0.562687
0.108972 0.071078 0.257653 0.562298
0.109013 0.071180 0.257383 0.562424
0.109218 0.071180 0.257850 0.561752
0.109108 0.071180 0.257732 0.561980
0.109008 0.071080 0.257466 0.562446
0.108796 0.070956 0.257395 0.562853
0.108926 0.071056 0.257581 0.562437
0.109042 0.071072 0.257645 0.562240
0.109131 0.071181 0.257703 0.561985
0.109089 0.071227 0.257556 0.562128
0.109085 0.071210 0.257323 0.562382
0.109324 0.071148 0.258095 0.561434
0.109068 0.071260 0.257407 0.562265
0.109410 0.071281 0.257967 0.561342
0.109137 0.071295 0.257504 0.562064
0.108929 0.071119 0.257408 0.562544
0.108717 0.070954 0.257143 0.563186
0.108894 0.070915 0.257759 0.562432
0.109032 0.071249 0.257277 0.562442
0.109216 0.071171 0.257843 0.561770
0.109144 0.071290 0.257519 0.562046
0.108935 0.071151 0.257283 0.562631
0.109041 0.071125 0.257535 0.562300
0.108808 0.071014 0.257372 0.562806
0.109389 0.071278 0.257950 0.561383
0.108390 0.070367 0.258120 0.563122
0.109172 0.071214 0.257716 0.561899
0.109072 0.071235 0.257480 0.562213
0.108799 0.070931 0.257644 0.562626
0.108760 0.070970 0.257189 0.563081
0.109184 0.071152 0.257834 0.561830
0.109132 0.071179 0.257602 0.562088
0.109118 0.071391 0.257239 0.562252
0.109040 0.071070 0.257719 0.562171
0.108825 0.070952 0.257486 0.562737
0.109224 0.071144 0.257813 0.561819
0.109143 0.071201 0.257697 0.561959
0.109209 0.071247 0.257680 0.561864
0.109156 0.071381 0.257311 0.562152
0.109055 0.071121 0.257827 0.561997
0.109051 0.071218 0.257480 0.562252
0.108793 0.070861 0.257646 0.562699
0.108918 0.071186 0.257336 0.562560
0.109184 0.071172 0.257802 0.561842
0.109167 0.071322 0.257452 0.562059
0.108954 0.071070 0.257581 0.562395
0.109015 0.071152 0.257524 0.562310
0.108905 0.070894 0.257883 0.562319
0.108978 0.071066 0.257602 0.562354
0.109118 0.071187 0.257651 0.562044
0.109101 0.071159 0.257557 0.562184
0.108945 0.071168 0.257308 0.562578
0.108722 0.070934 0.257421 0.562923
0.108823 0.070893 0.257505 0.562779
0.109212 0.071144 0.257870 0.561775
0.109161 0.071186 0.257704 0.561949
0.109222 0.071334 0.257543 0.561901
0.109141 0.071168 0.257726 0.561966
0.108787 0.070970 0.257400 0.562844
0.109162 0.071270 0.257366 0.562202
0.109249 0.071194 0.257847 0.561709
0.109154 0.071377 0.257299 0.562170
0.109134 0.071293 0.257365 0.562208
0.109057 0.071188 0.257480 0.562275
0.108789 0.071057 0.257190 0.562963
0.108791 0.071043 0.257093 0.563073
0.109140 0.071266 0.257508 0.562086
0.109212 0.071327 0.257515 0.561946
0.109217 0.071275 0.257661 0.561847
0.109062 0.071214 0.257417 0.562307
0.108773 0.071061 0.257161 0.563004
0.108814 0.071039 0.257184 0.562963
0.109122 0.071263 0.257474 0.562141
0.109161 0.071289 0.257489 0.562061
0.109162 0.071314 0.257468 0.562056
0.109090 0.071230 0.257525 0.562155
0.108827 0.071055 0.257212 0.562906
0.109239 0.071212 0.257708 0.561841
0.109105 0.071228 0.257545 0.562121
0.109247 0.071207 0.257827 0.561720
0.109189 0.071330 0.257476 0.562005
0.109080 0.071245 0.257435 0.562241
0.109036 0.071173 0.257422 0.562370
0.108712 0.070950 0.257166 0.563172
0.108962 0.071144 0.257465 0.562429
0.109117 0.071257 0.257512 0.562114
0.109169 0.071262 0.257590 0.561979
0.108993 0.071220 0.257276 0.562511
0.108970 0.071158 0.257304 0.562568
0.109154 0.071201 0.257745 0.561900
0.108918 0.071073 0.257518 0.562490
0.109058 0.071115 0.257699 0.562128
0.109011 0.071139 0.257607 0.562243
0.108826 0.071118 0.257228 0.562829
0.108973 0.071115 0.257401 0.562511
0.108754 0.070865 0.257680 0.562701
0.109124 0.071071 0.257802 0.562004
0.109172 0.071183 0.257740 0.561905
0.109085 0.071333 0.257329 0.562253
0.108844 0.071053 0.257313 0.562790
0.108663 0.070830 0.257274 0.563233
0.108919 0.070951 0.257763 0.562366
0.109149 0.071196 0.257662 0.561993
0.109122 0.071319 0.257361 0.562198
0.109152 0.071277 0.257545 0.562026
0.109324 0.071364 0.257713 0.561599
0.108891 0.071046 0.257245 0.562818
0.108752 0.070982 0.257254 0.563012
0.109124 0.071241 0.257567 0.562068
0.109161 0.071273 0.257533 0.562034
0.109172 0.071287 0.257555 0.561985
0.109075 0.071251 0.257507 0.562167
0.108866 0.070973 0.257538 0.562623
0.109178 0.071250 0.257459 0.562113
0.109077 0.071042 0.257839 0.562041
0.109156 0.071232 0.257521 0.562091
0.109230 0.071218 0.257772 0.561781
0.108983 0.071268 0.257287 0.562462
0.108875 0.071085 0.257307 0.562733
0.109066 0.071050 0.257586 0.562298
0.109005 0.071200 0.257480 0.562316
0.109242 0.071209 0.257826 0.561723
0.109245 0.071216 0.257813 0.561725
0.109065 0.071282 0.257551 0.562102
0.109041 0.071227 0.257390 0.562341
0.108948 0.071090 0.257398 0.562564
0.108893 0.071069 0.257570 0.562468
0.109153 0.071160 0.257774 0.561913
0.109163 0.071185 0.257644 0.562008
0.108790 0.071036 0.257427 0.562748
0.109021 0.071168 0.257455 0.562356
0.108866 0.070881 0.257655 0.562598
0.108881 0.070989 0.257649 0.562481
0.108996 0.071238 0.257254 0.562512
0.109100 0.071083 0.257847 0.561970
0.108944 0.071175 0.257412 0.562469
0.108660 0.070961 0.257083 0.563295
0.108915 0.070905 0.257823 0.562358
0.109057 0.071263 0.257383 0.562297
0.109157 0.071226 0.257618 0.561999
0.109114 0.071278 0.257496 0.562113
0.108858 0.071002 0.257490 0.562651
0.108659 0.070984 0.256966 0.563390
0.108802 0.070847 0.257692 0.562659
0.109068 0.071275 0.257372 0.562284
0.109188 0.071143 0.257755 0.561913
0.109143 0.071347 0.257371 0.562138
0.108993 0.071149 0.257497 0.562361
0.108827 0.071031 0.257277 0.562865
0.108797 0.070878 0.257495 0.562830
0.109084 0.071299 0.257380 0.562237
0.109167 0.071289 0.257506 0.562038
0.109162 0.071340 0.257434 0.562064
0.109053 0.071221 0.257450 0.562276
0.108871 0.071064 0.257512 0.562553
0.108781 0.070988 0.257234 0.562997
0.109061 0.071170 0.257584 0.562185
0.109176 0.071167 0.257982 0.561675
0.109225 0.071224 0.257757 0.561794
0.108946 0.071157 0.257281 0.562616
0.108753 0.071015 0.257292 0.562940
0.109324 0.071211 0.257857 0.561607
0.109130 0.071186 0.257673 0.562011
0.108959 0.070935 0.257921 0.562186
0.109149 0.071341 0.257315 0.562195
0.109185 0.071073 0.258035 0.561706
0.108975 0.071222 0.257278 0.562525
0.109150 0.071235 0.257514 0.562102
0.108930 0.071118 0.257489 0.562463
0.109057 0.071226 0.257474 0.562243
0.109066 0.071244 0.257358 0.562332
0.108957 0.071193 0.257427 0.562423
0.108938 0.071052 0.257558 0.562452
0.108748 0.070922 0.257286 0.563043
0.108969 0.070971 0.257857 0.562204
0.109028 0.071243 0.257478 0.562251
0.109011 0.071144 0.257564 0.562281
0.108475 0.070738 0.257577 0.563209
0.109182 0.071246 0.257662 0.561910
0.109245 0.071126 0.258017 0.561613
0.109045 0.071124 0.257783 0.562048
0.109073 0.071317 0.257311 0.562299
0.109097 0.071230 0.257591 0.562083
0.108777 0.070933 0.257508 0.562783
0.108628 0.070920 0.257215 0.563238
0.108755 0.070794 0.257778 0.562674
0.108894 0.070914 0.257733 0.562459
0.109175 0.071195 0.257720 0.561910
0.109180 0.071144 0.257916 0.561759
0.109027 0.071250 0.257368 0.562355
0.109352 0.071301 0.257895 0.561452
0.108682 0.070899 0.257370 0.563049
0.109037 0.071179 0.257615 0.562169
0.109181 0.071143 0.257871 0.561806
0.108998 0.071324 0.257096 0.562582
0.109017 0.071152 0.257647 0.562184
0.108858 0.071012 0.257398 0.562732
0.108651 0.070913 0.257271 0.563165
0.108747 0.070767 0.257971 0.562515
0.108997 0.071081 0.257633 0.562290
0.109060 0.071097 0.257711 0.562132
0.108931 0.071175 0.257422 0.562472
0.108919 0.071135 0.257329 0.562616
0.108656 0.070853 0.257312 0.563179
0.108815 0.070904 0.257624 0.562658
0.109057 0.071213 0.257412 0.562318
0.109185 0.071102 0.257964 0.561749
0.108979 0.071248 0.257329 0.562444
0.108913 0.071076 0.257405 0.562606
0.108655 0.070834 0.257407 0.563105
0.108808 0.071003 0.257322 0.562866
0.109078 0.071050 0.257881 0.561991
0.109054 0.071235 0.257477 0.562234
0.109027 0.071123 0.257522 0.562329
0.108898 0.071137 0.257336 0.562629
0.108704 0.070902 0.257654 0.562740
0.108872 0.071024 0.257483 0.562621
0.108999 0.070995 0.257849 0.562157
0.108938 0.071173 0.257441 0.562447
0.109206 0.071379 0.257358 0.562056
0.108510 0.070716 0.257287 0.563487
0.108547 0.070817 0.257274 0.563362
0.109119 0.071051 0.257906 0.561925
0.109123 0.071145 0.257731 0.562000
0.108974 0.071222 0.257289 0.562516
0.109256 0.071361 0.257541 0.561842
0.108816 0.070952 0.257569 0.562664
0.108699 0.070917 0.257175 0.563210
0.109090 0.071193 0.257574 0.562144
0.109083 0.071193 0.257836 0.561888
0.109128 0.071252 0.257546 0.562074
0.108996 0.071183 0.257513 0.562308
0.108635 0.070930 0.257144 0.563291
0.108854 0.071033 0.257392 0.562720
0.109042 0.071056 0.257754 0.562149
0.108845 0.070845 0.257891 0.562418
0.109310 0.071320 0.257769 0.561601
0.109090 0.070968 0.258088 0.561854
0.108695 0.071119 0.256874 0.563313
0.108799 0.070861 0.257683 0.562657
0.109051 0.071085 0.257740 0.562124
0.109207 0.071173 0.257803 0.561817
0.109195 0.071173 0.257827 0.561805
0.108982 0.071293 0.257190 0.562534
0.108845 0.070975 0.257431 0.562749
0.108776 0.070976 0.257338 0.562910
0.109044 0.071179 0.257458 0.562319
0.109242 0.071196 0.257834 0.561728
0.109181 0.071323 0.257470 0.562026
0.109039 0.071136 0.257642 0.562184
0.109014 0.071185 0.257397 0.562404
0.108801 0.070875 0.257599 0.562725
0.108892 0.071249 0.257064 0.562795
0.109046 0.071200 0.257416 0.562338
0.109167 0.071320 0.257476 0.562037
0.109013 0.071245 0.257198 0.562545
0.108983 0.071112 0.257452 0.562452
0.108760 0.071048 0.257251 0.562941
0.108960 0.070981 0.257752 0.562306
0.108966 0.071220 0.257280 0.562534
0.108989 0.071207 0.257405 0.562398
0.109216 0.071352 0.257460 0.561972
0.109245 0.071335 0.257523 0.561896
0.108692 0.070892 0.257379 0.563038
0.109080 0.071235 0.257459 0.562226
0.109214 0.071131 0.257913 0.561742
0.109096 0.071359 0.257292 0.562253
0.108940 0.071098 0.257469 0.562493
0.108774 0.071036 0.257343 0.562847
0.108752 0.070970 0.257214 0.563064
0.109139 0.071243 0.257566 0.562052
0.109166 0.071267 0.257567 0.562000
0.109156 0.071279 0.257546 0.562019
0.108988 0.071138 0.257568 0.562305
0.108735 0.071012 0.257282 0.562971
0.108783 0.070859 0.257425 0.562934
0.109074 0.071280 0.257416 0.562230
0.109190 0.071144 0.257854 0.561811
0.109168 0.071371 0.257385 0.562076
0.108991 0.071036 0.257648 0.562325
0.108721 0.070984 0.257201 0.563094
0.109177 0.071119 0.257773 0.561931
0.109088 0.071112 0.257741 0.562059
0.109163 0.071233 0.257600 0.562005
0.109172 0.071172 0.257658 0.561999
0.109068 0.071243 0.257410 0.562279
0.108786 0.071069 0.257123 0.563022
0.108781 0.071010 0.257220 0.562989
0.109128 0.071243 0.257597 0.562031
0.109192 0.071306 0.257538 0.561965
0.109192 0.071391 0.257361 0.562056
0.109104 0.071259 0.257660 0.561978
0.109012 0.071168 0.257388 0.562432
0.109255 0.071306 0.257546 0.561893
0.108919 0.070965 0.257716 0.562401
0.109104 0.071330 0.257347 0.562219
0.109218 0.071165 0.257883 0.561734
0.108877 0.071135 0.257322 0.562666
0.109016 0.071146 0.257428 0.562411
0.108836 0.070840 0.257636 0.562688
0.108843 0.071100 0.257316 0.562742
0.109086 0.071081 0.257825 0.562008
0.109035 0.071109 0.257680 0.562175
0.108880 0.071212 0.257236 0.562672
0.108631 0.070860 0.257267 0.563242
0.109219 0.071299 0.257488 0.561995
0.109089 0.071036 0.257978 0.561897
0.109087 0.071260 0.257449 0.562204
