0.125903 0.067015 0.338035 0.469048
0.131488 0.072627 0.302564 0.493321
0.134582 0.075701 0.278725 0.510993
0.128418 0.072139 0.319556 0.479888
0.128124 0.069256 0.340270 0.462350
0.129307 0.069692 0.331520 0.469481
0.106161 0.059375 0.239264 0.595199
0.129061 0.075017 0.305554 0.490367
0.127575 0.068088 0.343202 0.461134
0.130360 0.073486 0.322282 0.473873
0.128708 0.072391 0.317499 0.481402
0.137688 0.080995 0.277153 0.504164
0.129998 0.076865 0.294214 0.498924
0.131643 0.075459 0.299730 0.493168
0.133407 0.071326 0.335497 0.459770
0.132367 0.075467 0.288052 0.504114
0.130436 0.071559 0.324869 0.473136
0.130196 0.071411 0.324536 0.473857
0.128844 0.070931 0.328659 0.471567
0.128010 0.068403 0.342798 0.460789
0.126873 0.067631 0.340074 0.465421
0.136715 0.075201 0.320544 0.467540
0.132756 0.076810 0.297452 0.492982
0.128282 0.072207 0.318369 0.481143
0.130350 0.071131 0.336651 0.461868
0.128592 0.073315 0.305590 0.492503
0.139216 0.077347 0.282659 0.500778
0.130195 0.071334 0.319578 0.478893
0.126542 0.069916 0.297009 0.506533
0.127575 0.069571 0.331874 0.470980
0.129743 0.069131 0.339650 0.461477
0.131966 0.071197 0.346195 0.450643
0.131891 0.078880 0.298036 0.491193
0.129481 0.069181 0.338319 0.463019
0.108489 0.061060 0.237747 0.592704
0.130659 0.075622 0.302813 0.490907
0.129692 0.071141 0.329322 0.469846
0.128192 0.072895 0.323341 0.475572
0.128343 0.071378 0.291944 0.508335
0.130699 0.069387 0.340201 0.459713
0.122971 0.072785 0.256217 0.548027
0.127637 0.069349 0.335440 0.467574
0.132974 0.073429 0.337164 0.456433
0.130934 0.076063 0.308480 0.484523
0.139570 0.079925 0.267265 0.513239
0.130414 0.073826 0.305037 0.490723
0.131728 0.072650 0.289844 0.505778
0.130133 0.070902 0.320760 0.478205
0.128082 0.075970 0.295863 0.500084
0.130914 0.072072 0.324688 0.472326
0.130466 0.070575 0.335141 0.463817
0.127035 0.074876 0.301216 0.496873
0.130940 0.069892 0.337417 0.461752
0.131518 0.070196 0.339445 0.458841
0.126920 0.071943 0.312275 0.488862
0.128111 0.068356 0.344490 0.459044
0.129671 0.070983 0.332117 0.467230
0.133070 0.075634 0.288823 0.502473
0.131024 0.072072 0.311885 0.485018
0.129459 0.071700 0.292484 0.506357
0.132174 0.077745 0.279692 0.510389
0.131042 0.071181 0.342855 0.454922
0.106538 0.060117 0.236867 0.596478
0.130735 0.070222 0.339658 0.459384
0.128714 0.068148 0.344758 0.458380
0.132918 0.078389 0.284210 0.504483
0.130221 0.072124 0.335534 0.462120
0.130093 0.075632 0.315135 0.479140
0.134061 0.073562 0.330217 0.462159
0.133668 0.075925 0.286092 0.504315
0.130411 0.073131 0.309743 0.486715
0.132792 0.072907 0.341329 0.452972
0.124599 0.066556 0.346921 0.461925
0.124881 0.065987 0.341167 0.467964
0.136549 0.074217 0.318920 0.470314
0.136712 0.077481 0.278385 0.507422
0.129809 0.076397 0.289103 0.504692
0.128770 0.071529 0.335434 0.464267
0.133669 0.075361 0.319175 0.471795
0.132026 0.076505 0.300275 0.491194
0.130331 0.074857 0.294963 0.499849
0.131994 0.072088 0.330931 0.464987
0.126459 0.068375 0.329603 0.475562
0.128038 0.073871 0.309101 0.488991
0.134360 0.073856 0.309621 0.482162
0.134645 0.078125 0.298327 0.488903
0.127213 0.074361 0.307156 0.491271
0.124748 0.065823 0.345651 0.463777
0.133551 0.070034 0.340176 0.456239
0.127502 0.075577 0.277803 0.519118
0.129969 0.077683 0.297193 0.495155
0.124827 0.066780 0.338128 0.470265
0.136003 0.078055 0.282775 0.503167
0.131418 0.073697 0.308804 0.486081
0.128408 0.072307 0.313321 0.485964
0.129288 0.068625 0.333426 0.468661
0.131004 0.071535 0.329276 0.468185
0.108070 0.060629 0.237277 0.594023
0.128996 0.072081 0.321072 0.477851
0.130953 0.071748 0.339718 0.457581
0.130967 0.075709 0.294328 0.498995
0.129435 0.072390 0.301206 0.496969
0.128185 0.073192 0.300989 0.497634
0.130756 0.076271 0.282081 0.510892
0.126220 0.069012 0.332907 0.471861
0.134497 0.077877 0.284893 0.502734
0.129602 0.070577 0.317775 0.482046
0.130841 0.076958 0.287724 0.504478
0.127891 0.070794 0.331731 0.469584
0.130442 0.073681 0.313896 0.481980
0.128238 0.072650 0.315536 0.483577
0.132072 0.073177 0.285844 0.508907
0.137720 0.080036 0.268298 0.513946
0.128629 0.073556 0.317143 0.480672
0.129039 0.069691 0.341002 0.460268
0.128310 0.069014 0.339840 0.462836
0.131972 0.075637 0.286975 0.505416
0.132707 0.072899 0.309958 0.484436
0.134086 0.075043 0.284453 0.506418
0.130006 0.072829 0.310546 0.486619
0.109560 0.060821 0.241214 0.588405
0.125438 0.069477 0.324525 0.480559
0.112046 0.063447 0.250341 0.574165
0.133272 0.074758 0.309268 0.482702
0.136986 0.080254 0.275149 0.507611
0.128548 0.076563 0.303089 0.491799
0.130237 0.073227 0.333720 0.462816
0.132001 0.070854 0.341742 0.455403
0.137211 0.080554 0.261324 0.520911
0.135310 0.077787 0.293580 0.493323
0.130622 0.072593 0.330165 0.466620
0.130910 0.072731 0.328821 0.467538
0.133062 0.074213 0.330892 0.461833
0.136051 0.081577 0.273622 0.508751
0.132527 0.074469 0.315584 0.477420
0.127821 0.069691 0.345363 0.457124
0.107316 0.060494 0.238515 0.593675
0.131220 0.071611 0.328988 0.468181
0.132108 0.074576 0.312855 0.480461
0.132870 0.076046 0.308012 0.483072
0.127955 0.069058 0.342944 0.460043
0.131314 0.072651 0.307771 0.488264
0.130677 0.069268 0.342149 0.457906
0.128281 0.076920 0.276030 0.518769
0.131276 0.072920 0.331669 0.464135
0.134722 0.074387 0.336893 0.453998
0.132698 0.075447 0.297292 0.494564
0.131113 0.070228 0.338089 0.460570
0.131062 0.071039 0.345522 0.452377
0.110408 0.062562 0.237007 0.590023
0.129037 0.069418 0.342811 0.458734
0.130512 0.073503 0.311244 0.484740
0.109467 0.060735 0.237400 0.592398
0.132319 0.075546 0.297673 0.494462
0.110420 0.061358 0.236478 0.591745
0.131145 0.072338 0.325154 0.471363
0.124155 0.066485 0.342140 0.467219
0.131959 0.073535 0.324865 0.469641
0.127194 0.069884 0.331906 0.471016
0.130105 0.071947 0.313042 0.484906
0.127846 0.067362 0.345100 0.459692
0.130927 0.077534 0.299658 0.491881
0.128058 0.070932 0.333110 0.467900
0.131999 0.075498 0.304895 0.487608
0.131723 0.073730 0.309970 0.484577
0.135015 0.075652 0.291791 0.497542
0.127041 0.072557 0.315203 0.485199
0.129142 0.069368 0.325989 0.475501
0.128963 0.070016 0.322151 0.478870
0.128044 0.072436 0.318923 0.480597
0.127584 0.069935 0.311408 0.491073
0.125658 0.067792 0.340228 0.466322
0.130568 0.075209 0.305305 0.488918
0.129780 0.070445 0.327304 0.472471
0.129300 0.076306 0.259223 0.535171
0.124800 0.071880 0.304596 0.498724
0.130309 0.069720 0.326518 0.473454
0.132281 0.075726 0.300073 0.491920
0.126118 0.072347 0.289374 0.512160
0.126771 0.069694 0.325780 0.477755
0.107235 0.059765 0.239173 0.593827
0.128404 0.073830 0.305510 0.492256
0.133046 0.078181 0.280127 0.508646
0.128042 0.072015 0.318089 0.481853
0.133472 0.074892 0.293323 0.498313
0.125718 0.071808 0.308014 0.494460
0.126291 0.070958 0.317453 0.485298
0.128950 0.070163 0.328917 0.471970
0.126681 0.074310 0.300416 0.498593
0.133287 0.079320 0.278352 0.509041
0.125102 0.068991 0.325709 0.480199
0.131612 0.077140 0.289721 0.501527
0.122394 0.065260 0.337809 0.474537
0.128748 0.073935 0.310630 0.486687
0.128201 0.069498 0.330263 0.472038
0.128754 0.072661 0.315638 0.482947
0.131186 0.074901 0.307728 0.486185
0.129655 0.075888 0.289681 0.504776
0.134594 0.078244 0.273662 0.513500
0.127898 0.071311 0.319742 0.481050
0.134651 0.074675 0.282769 0.507906
0.130173 0.074998 0.298272 0.496557
0.128304 0.071939 0.304145 0.495612
0.125016 0.065725 0.340004 0.469256
0.130423 0.078274 0.264677 0.526626
0.127632 0.070705 0.339665 0.461999
0.128381 0.074446 0.308562 0.488611
0.131929 0.071620 0.320921 0.475530
0.139405 0.080926 0.255621 0.524048
0.127435 0.073826 0.310657 0.488082
0.127318 0.070948 0.324502 0.477231
0.126076 0.067155 0.341298 0.465472
0.131755 0.070832 0.307965 0.489448
0.127591 0.071181 0.300939 0.500289
0.128087 0.070763 0.323868 0.477282
0.133557 0.072197 0.337490 0.456757
0.135251 0.080789 0.274368 0.509592
0.128129 0.074005 0.314104 0.483762
0.131158 0.071991 0.329585 0.467265
0.139691 0.080372 0.277467 0.502470
0.122419 0.066141 0.320431 0.491009
0.131980 0.074098 0.308933 0.484989
0.132333 0.070435 0.338287 0.458946
0.133296 0.078435 0.284450 0.503819
0.128050 0.068331 0.348228 0.455391
0.133030 0.072066 0.332394 0.462509
0.135624 0.074149 0.304855 0.485372
0.123928 0.067196 0.327767 0.481109
0.131076 0.069513 0.343209 0.456202
0.127538 0.068526 0.346202 0.457735
0.128861 0.075765 0.303949 0.491425
0.132700 0.070822 0.335915 0.460562
0.137050 0.077933 0.268187 0.516830
0.134525 0.078087 0.300537 0.486851
0.127702 0.070289 0.340192 0.461817
0.127116 0.069954 0.334662 0.468268
0.130459 0.070449 0.332610 0.466482
0.132454 0.075235 0.302425 0.489886
0.130354 0.076602 0.286629 0.506415
0.112292 0.063445 0.233370 0.590893
0.131873 0.070084 0.343002 0.455040
0.130507 0.071759 0.343184 0.454550
0.128205 0.068658 0.346312 0.456824
0.127024 0.067689 0.342243 0.463043
0.134150 0.077906 0.267360 0.520584
0.130285 0.071935 0.327272 0.470508
0.132462 0.076320 0.273544 0.517675
0.128234 0.071166 0.319412 0.481188
0.131351 0.071057 0.339593 0.458000
0.132019 0.074408 0.315372 0.478201
0.126815 0.069249 0.330658 0.473277
0.126422 0.067921 0.335101 0.470556
0.113402 0.063833 0.236650 0.586115
0.127135 0.071688 0.317914 0.483263
0.129622 0.073731 0.316926 0.479721
0.134613 0.075138 0.305409 0.484840
0.137554 0.079827 0.253474 0.529145
0.130958 0.073132 0.320153 0.475757
0.123614 0.066636 0.331978 0.477772
0.129529 0.070137 0.335262 0.465071
0.125698 0.068457 0.336051 0.469794
0.132652 0.074872 0.298884 0.493592
0.130473 0.070767 0.330088 0.468672
0.125639 0.072618 0.298077 0.503666
0.107506 0.060383 0.234023 0.598088
0.127854 0.069358 0.334658 0.468130
0.132604 0.075957 0.306839 0.484600
0.107302 0.060227 0.237554 0.594917
0.128160 0.074172 0.308107 0.489562
0.128969 0.070289 0.333872 0.466871
0.127009 0.072625 0.310511 0.489855
0.127465 0.074856 0.290543 0.507136
0.140042 0.082617 0.263678 0.513663
0.133569 0.076211 0.289072 0.501148
0.130954 0.076253 0.285230 0.507563
0.108832 0.061455 0.241169 0.588543
0.131580 0.072621 0.328590 0.467209
0.127984 0.071894 0.320809 0.479312
0.128135 0.073694 0.304553 0.493619
0.131642 0.070300 0.321255 0.476802
0.125413 0.069911 0.313351 0.491325
0.125026 0.068770 0.299258 0.506946
0.130000 0.068781 0.341983 0.459235
0.124115 0.069103 0.320656 0.486127
0.106811 0.060079 0.235528 0.597582
0.128282 0.070282 0.329841 0.471595
0.129754 0.075399 0.287304 0.507544
0.128632 0.075211 0.291670 0.504487
0.131877 0.077658 0.278234 0.512231
0.135703 0.078318 0.273908 0.512071
0.128261 0.071616 0.311622 0.488501
0.130996 0.074891 0.291396 0.502717
0.127748 0.070080 0.335752 0.466420
0.129215 0.076887 0.294347 0.499551
0.111164 0.062487 0.237073 0.589276
0.130564 0.077214 0.288538 0.503684
0.130243 0.074800 0.311626 0.483331
0.132073 0.070791 0.325079 0.472057
0.135565 0.076305 0.289104 0.499026
0.127665 0.071493 0.313869 0.486973
0.128503 0.067794 0.342607 0.461096
0.126868 0.069773 0.336745 0.466614
0.131679 0.077820 0.284613 0.505889
0.132278 0.072056 0.327001 0.468665
0.132131 0.074896 0.297849 0.495124
0.127138 0.068194 0.337876 0.466792
0.128312 0.070273 0.334033 0.467382
0.126139 0.068950 0.328993 0.475918
0.126611 0.070586 0.313125 0.489678
0.135255 0.077210 0.293960 0.493575
0.136103 0.080194 0.255224 0.528479
0.132337 0.077374 0.290485 0.499805
0.129101 0.070347 0.338627 0.461925
0.127475 0.068109 0.346039 0.458378
0.107618 0.060505 0.240381 0.591496
0.139361 0.082378 0.267018 0.511243
0.137129 0.079602 0.282510 0.500759
0.130056 0.074047 0.311101 0.484797
0.123609 0.065023 0.341922 0.469447
0.128127 0.068763 0.334499 0.468611
0.129642 0.069554 0.340325 0.460479
0.127752 0.075297 0.299274 0.497676
0.127072 0.069897 0.330761 0.472269
0.127638 0.069404 0.329710 0.473248
0.131832 0.075238 0.299755 0.493175
0.129080 0.075983 0.296235 0.498703
0.127104 0.073665 0.305314 0.493917
0.127770 0.068506 0.341773 0.461950
0.126171 0.070345 0.318158 0.485326
0.131053 0.074825 0.279718 0.514404
0.133338 0.078294 0.279751 0.508617
0.130227 0.077572 0.298840 0.493362
0.129940 0.070085 0.335965 0.464010
0.127741 0.070536 0.316783 0.484939
0.136442 0.077567 0.271795 0.514196
0.129469 0.070905 0.316866 0.482760
0.122854 0.064800 0.313339 0.499008
0.127328 0.075043 0.301164 0.496465
0.126888 0.068623 0.336300 0.468188
0.135213 0.076711 0.302473 0.485603
0.138813 0.081578 0.263293 0.516317
0.127624 0.075374 0.282938 0.514064
0.127514 0.069706 0.333501 0.469278
0.128918 0.070596 0.325842 0.474645
0.134175 0.079112 0.281981 0.504732
0.131339 0.076426 0.301022 0.491214
0.128992 0.070118 0.322966 0.477924
0.130849 0.070851 0.342291 0.456009
0.130368 0.075944 0.307968 0.485719
0.129359 0.068841 0.337216 0.464584
0.129556 0.072585 0.311766 0.486093
0.133738 0.072447 0.284428 0.509387
0.133085 0.074509 0.289806 0.502600
0.125449 0.072255 0.288524 0.513771
0.130699 0.071332 0.329642 0.468326
0.126289 0.068625 0.325984 0.479102
0.131008 0.073621 0.305202 0.490169
0.127693 0.068044 0.333298 0.470965
0.134019 0.077700 0.293360 0.494921
0.132400 0.073609 0.329345 0.464646
0.129416 0.075547 0.308406 0.486632
0.128404 0.068264 0.336618 0.466714
0.127603 0.072243 0.299785 0.500369
0.131007 0.070400 0.301600 0.496993
0.125985 0.070534 0.297706 0.505775
0.128922 0.072456 0.312044 0.486578
0.127069 0.070600 0.331901 0.470429
0.128070 0.076689 0.292589 0.502652
0.129969 0.071457 0.330480 0.468093
0.130091 0.076042 0.294065 0.499802
0.131373 0.079578 0.262687 0.526362
0.134708 0.078490 0.290162 0.496641
0.136761 0.077865 0.276979 0.508396
0.127070 0.069696 0.308585 0.494649
0.124939 0.066766 0.332990 0.475305
0.133152 0.070165 0.322347 0.474336
0.126856 0.071098 0.312534 0.489512
0.128605 0.074115 0.296578 0.500702
0.132761 0.073233 0.326103 0.467904
0.132383 0.078022 0.275677 0.513917
0.128012 0.073655 0.313169 0.485164
0.133883 0.072602 0.311897 0.481618
0.137648 0.079659 0.263754 0.518940
0.126392 0.069774 0.312965 0.490868
0.129820 0.070185 0.335598 0.464398
0.132232 0.074667 0.322010 0.471091
0.127999 0.072649 0.316048 0.483303
0.123340 0.064561 0.334596 0.477503
0.125359 0.070613 0.304300 0.499728
0.134197 0.078449 0.268297 0.519057
0.128693 0.074925 0.292593 0.503788
0.133458 0.075820 0.303672 0.487051
0.129925 0.069439 0.319611 0.481026
0.127492 0.070446 0.314168 0.487894
0.127798 0.067299 0.324347 0.480556
0.133982 0.077622 0.298848 0.489549
0.109146 0.061549 0.234559 0.594747
0.126122 0.069940 0.319667 0.484271
0.107045 0.055520 0.251509 0.585925
0.130288 0.073482 0.301900 0.494330
0.125237 0.067925 0.321697 0.485141
0.125827 0.067839 0.336501 0.469833
0.134565 0.081148 0.244953 0.539333
0.126955 0.071694 0.315517 0.485834
0.127685 0.069518 0.311330 0.491468
0.130033 0.069847 0.324997 0.475123
0.127521 0.073689 0.304806 0.493984
0.127194 0.069850 0.334792 0.468164
0.130877 0.071127 0.331282 0.466714
0.133720 0.078113 0.280852 0.507315
0.136843 0.079357 0.276849 0.506952
0.129719 0.073427 0.306163 0.490691
0.127303 0.067151 0.338789 0.466757
0.133260 0.075124 0.291182 0.500434
0.132525 0.074152 0.296237 0.497086
0.135948 0.075088 0.297120 0.491844
0.130296 0.072344 0.299720 0.497640
0.130319 0.068602 0.337254 0.463825
0.104023 0.058007 0.235224 0.602746
0.131265 0.072529 0.330333 0.465873
0.129316 0.071977 0.326918 0.471788
0.131891 0.075849 0.298548 0.493711
0.126637 0.067069 0.338623 0.467671
0.133002 0.075362 0.307625 0.484011
0.128864 0.069510 0.320784 0.480842
0.128297 0.072167 0.321681 0.477854
0.127904 0.068331 0.336096 0.467668
0.127324 0.076293 0.289319 0.507064
0.135529 0.080757 0.278503 0.505211
0.132797 0.076570 0.285875 0.504758
0.136504 0.076500 0.267233 0.519763
0.127701 0.071388 0.315593 0.485318
0.131270 0.069810 0.340973 0.457947
0.128996 0.071159 0.332905 0.466940
0.130203 0.076139 0.305312 0.488346
0.124636 0.066132 0.327022 0.482210
0.127998 0.071847 0.317043 0.483112
0.121840 0.067651 0.286397 0.524112
0.135842 0.079945 0.262287 0.521926
0.133317 0.076525 0.290789 0.499369
0.129340 0.071931 0.315579 0.483150
0.131298 0.069346 0.336311 0.463045
0.125989 0.068463 0.329725 0.475822
0.128211 0.070586 0.332439 0.468765
0.110097 0.062385 0.235519 0.591999
0.129147 0.072742 0.315021 0.483090
0.127808 0.072117 0.290226 0.509848
0.131571 0.074630 0.280353 0.513446
0.135083 0.077977 0.275465 0.511475
0.130900 0.077695 0.295514 0.495891
0.127993 0.070299 0.337307 0.464401
0.126260 0.068982 0.329157 0.475600
0.135591 0.077236 0.289638 0.497534
0.132716 0.073885 0.293042 0.500357
0.129214 0.073717 0.283071 0.513998
0.125761 0.066907 0.341480 0.465852
0.128359 0.068335 0.336951 0.466355
0.124021 0.066344 0.329094 0.480542
0.125236 0.072429 0.299295 0.503041
0.111498 0.062736 0.241587 0.584179
0.125595 0.071182 0.308080 0.495143
0.127622 0.073319 0.297230 0.501830
0.132114 0.078295 0.273763 0.515828
0.125241 0.070051 0.314394 0.490314
0.127940 0.071756 0.304485 0.495819
0.130910 0.074980 0.312373 0.481737
0.131629 0.078086 0.246097 0.544188
0.127813 0.071524 0.318929 0.481734
0.130765 0.072453 0.279632 0.517149
0.137078 0.078674 0.267564 0.516684
0.132482 0.071964 0.289114 0.506440
0.125016 0.070385 0.315381 0.489218
0.130581 0.069849 0.317928 0.481642
0.122612 0.063693 0.344310 0.469385
0.119060 0.060116 0.311028 0.509796
0.126748 0.068448 0.342840 0.461963
0.128694 0.076680 0.270360 0.524265
0.128054 0.072015 0.308799 0.491132
0.131998 0.073666 0.311837 0.482498
0.128150 0.071720 0.315098 0.485032
0.132480 0.076743 0.282489 0.508288
0.131479 0.076373 0.288535 0.503613
0.135571 0.077157 0.267121 0.520151
0.136440 0.075431 0.288793 0.499336
0.126438 0.070921 0.307995 0.494645
0.131604 0.069352 0.337290 0.461754
0.132650 0.071670 0.346025 0.449655
0.128558 0.076139 0.283914 0.511390
0.131783 0.070481 0.343871 0.453864
0.129725 0.070716 0.329717 0.469843
0.130847 0.074320 0.304418 0.490415
0.103035 0.055622 0.241999 0.599345
0.132366 0.080014 0.253678 0.533942
0.133310 0.075129 0.304079 0.487482
0.127376 0.073838 0.313273 0.485513
0.133381 0.072023 0.339457 0.455138
0.127271 0.069908 0.333935 0.468885
0.128899 0.074894 0.302758 0.493449
0.130938 0.069748 0.333871 0.465443
0.131209 0.075572 0.302012 0.491208
0.127695 0.073088 0.301487 0.497730
0.113373 0.063668 0.241893 0.581066
0.137306 0.079218 0.258537 0.524939
0.131526 0.072311 0.317976 0.478186
0.129707 0.068801 0.336733 0.464759
0.130521 0.072393 0.326460 0.470625
0.128633 0.068938 0.344248 0.458180
0.129939 0.070956 0.321602 0.477503
0.124836 0.065552 0.334701 0.474911
0.130929 0.074203 0.291531 0.503337
0.134349 0.074554 0.316106 0.474991
0.127963 0.072553 0.315259 0.484225
0.127559 0.066750 0.345450 0.460241
0.112023 0.062270 0.239577 0.586130
0.131510 0.075741 0.292231 0.500518
0.125911 0.070922 0.316703 0.486465
0.130714 0.072913 0.324276 0.472097
0.131657 0.076496 0.287765 0.504081
0.129082 0.073592 0.297094 0.500232
0.131186 0.073704 0.300421 0.494689
0.130697 0.070245 0.330020 0.469038
0.129920 0.076154 0.292813 0.501114
0.130703 0.072378 0.329338 0.467581
0.134347 0.074887 0.327443 0.463323
0.133010 0.075235 0.307202 0.484553
0.129050 0.067564 0.323919 0.479467
0.126661 0.070326 0.313048 0.489965
0.131569 0.069493 0.333862 0.465076
0.133192 0.077854 0.258629 0.530326
0.128796 0.071091 0.318604 0.481509
0.131158 0.070946 0.330000 0.467895
0.133076 0.076532 0.291417 0.498975
0.128762 0.067352 0.341428 0.462458
0.128852 0.075981 0.302379 0.492788
0.127862 0.068296 0.336284 0.467558
0.131329 0.074527 0.307844 0.486299
0.128903 0.071471 0.304362 0.495264
0.132733 0.075229 0.309832 0.482206
0.126049 0.070305 0.310320 0.493326
0.131395 0.076717 0.290395 0.501493
0.131070 0.069890 0.336734 0.462306
0.126841 0.071074 0.321811 0.480275
0.127886 0.067248 0.333607 0.471259
0.128544 0.067579 0.343291 0.460586
0.127672 0.075268 0.299283 0.497777
0.128465 0.068691 0.339441 0.463404
0.126201 0.066793 0.339852 0.467154
0.133054 0.078179 0.283799 0.504968
0.127538 0.070145 0.325814 0.476503
0.126537 0.071886 0.312423 0.489153
0.126555 0.068017 0.330636 0.474792
0.135696 0.079594 0.260583 0.524126
0.133318 0.078580 0.274795 0.513307
0.128642 0.073026 0.315511 0.482820
0.129203 0.069672 0.336219 0.464905
0.135347 0.077952 0.275961 0.510740
0.131966 0.075341 0.280930 0.511763
0.128474 0.070635 0.312311 0.488580
0.124439 0.065218 0.341588 0.468756
0.128244 0.074022 0.300740 0.496995
0.127625 0.069313 0.329931 0.473131
0.133084 0.074923 0.288277 0.503716
0.126230 0.069247 0.319395 0.485128
0.127623 0.071468 0.298749 0.502160
0.135809 0.081037 0.279788 0.503366
0.131198 0.075560 0.297957 0.495284
0.126721 0.070717 0.309111 0.493451
0.136791 0.077140 0.276733 0.509336
0.138195 0.079073 0.280176 0.502557
0.124052 0.069476 0.312073 0.494399
0.124551 0.065511 0.345498 0.464439
0.134255 0.070782 0.336844 0.458119
0.129796 0.075107 0.282128 0.512968
0.127527 0.073084 0.314726 0.484663
0.128769 0.068854 0.342716 0.459661
0.129593 0.069692 0.329824 0.470891
0.127756 0.072198 0.316615 0.483431
0.133555 0.076657 0.289694 0.500095
0.130662 0.070223 0.315706 0.483409
0.126105 0.070050 0.327949 0.475895
0.130539 0.069167 0.339947 0.460347
0.128532 0.070675 0.322458 0.478335
0.125134 0.070788 0.311556 0.492522
0.111678 0.062654 0.239488 0.586180
0.129436 0.071113 0.313323 0.486128
0.125579 0.070129 0.318753 0.485538
0.128969 0.069446 0.330924 0.470661
0.135701 0.077946 0.286418 0.499935
0.129743 0.072768 0.302064 0.495426
0.129141 0.073962 0.312712 0.484184
0.130202 0.071358 0.322667 0.475773
0.133500 0.075785 0.291125 0.499590
0.125345 0.067431 0.318358 0.488866
0.128760 0.071950 0.301110 0.498180
0.125646 0.067666 0.336278 0.470411
0.127573 0.072441 0.310871 0.489115
0.129958 0.068820 0.340334 0.460888
0.129878 0.075912 0.293806 0.500403
0.134237 0.079271 0.279034 0.507458
0.127452 0.069551 0.332638 0.470360
0.127535 0.072889 0.312358 0.487219
0.124807 0.066244 0.340201 0.468747
0.129727 0.073391 0.310234 0.486648
0.129981 0.071676 0.313935 0.484408
0.132229 0.076082 0.280320 0.511368
0.130955 0.078131 0.291391 0.499523
0.126147 0.067513 0.339641 0.466698
0.127618 0.069937 0.334792 0.467652
0.130909 0.077019 0.295234 0.496838
0.138179 0.081476 0.260536 0.519809
0.132792 0.077234 0.289251 0.500722
0.134464 0.077086 0.277820 0.510630
0.129546 0.071073 0.333533 0.465848
0.131811 0.076192 0.302149 0.489848
0.129435 0.067491 0.343138 0.459936
0.124808 0.063067 0.353311 0.458815
0.127946 0.075059 0.304473 0.492522
0.133249 0.074366 0.327684 0.464701
0.129676 0.075377 0.310130 0.484817
0.127580 0.074649 0.303417 0.494354
0.128295 0.068763 0.345601 0.457342
0.136677 0.079716 0.271325 0.512282
0.134308 0.076945 0.289371 0.499375
0.127452 0.072878 0.309593 0.490077
0.108716 0.060095 0.242206 0.588983
0.106366 0.060043 0.233977 0.599614
0.132443 0.075715 0.304087 0.487755
0.132890 0.071367 0.319523 0.476220
0.130930 0.074937 0.299345 0.494788
0.126284 0.067086 0.338213 0.468416
0.124748 0.065851 0.328349 0.481052
0.129588 0.070341 0.287649 0.512421
0.124419 0.064795 0.355903 0.454884
0.125321 0.063547 0.341557 0.469575
0.133153 0.072206 0.304317 0.490324
0.128904 0.073072 0.299861 0.498164
0.128209 0.074857 0.289439 0.507495
0.133537 0.071149 0.304725 0.490589
0.131493 0.071481 0.316094 0.480932
0.133418 0.073455 0.291130 0.501997
0.127576 0.066325 0.348388 0.457711
0.121260 0.060712 0.343398 0.474630
0.130648 0.074264 0.305401 0.489687
0.130372 0.074413 0.307276 0.487938
0.133427 0.073983 0.300883 0.491707
0.136358 0.076702 0.284307 0.502633
0.129468 0.072879 0.323433 0.474220
0.128825 0.068563 0.337841 0.464771
0.108255 0.060885 0.244009 0.586851
0.128743 0.072945 0.315709 0.482603
0.130762 0.071849 0.321800 0.475589
0.130436 0.073497 0.306683 0.489384
0.133384 0.078523 0.271430 0.516663
0.130300 0.073691 0.309507 0.486501
0.127666 0.070010 0.335767 0.466557
0.127405 0.069380 0.337159 0.466056
0.128286 0.069530 0.335425 0.466759
0.135848 0.078047 0.296441 0.489665
0.130404 0.074858 0.305093 0.489645
0.139487 0.082108 0.265014 0.513391
0.128086 0.068172 0.348857 0.454884
0.129201 0.070646 0.324112 0.476041
0.126851 0.066559 0.348760 0.457831
0.133083 0.071454 0.303682 0.491780
0.127815 0.067176 0.332026 0.472983
0.128254 0.074788 0.307268 0.489690
0.130568 0.072505 0.326918 0.470009
0.128927 0.069216 0.330914 0.470942
0.133098 0.078182 0.294740 0.493980
0.134202 0.074288 0.332953 0.458557
0.127765 0.072119 0.306676 0.493441
0.106581 0.059891 0.239502 0.594026
0.138458 0.077356 0.305093 0.479094
0.126410 0.071801 0.318768 0.483021
0.126345 0.070026 0.313637 0.489992
0.133014 0.071280 0.332541 0.463165
0.135622 0.078668 0.257396 0.528314
0.128137 0.073126 0.316492 0.482245
0.129590 0.070890 0.329387 0.470133
0.124728 0.066512 0.339390 0.469371
0.128660 0.072375 0.324670 0.474295
0.108130 0.059855 0.234886 0.597129
0.136001 0.080615 0.267734 0.515649
0.128086 0.075675 0.299634 0.496605
0.132610 0.072822 0.335701 0.458867
0.126672 0.068618 0.340038 0.464672
0.130936 0.077021 0.302379 0.489664
0.132489 0.072468 0.324075 0.470968
0.127073 0.071387 0.318597 0.482943
0.126653 0.072306 0.301006 0.500034
0.129538 0.070744 0.322542 0.477176
0.137587 0.080508 0.267064 0.514841
0.130356 0.075038 0.304573 0.490033
0.108587 0.060570 0.235870 0.594973
0.126312 0.068809 0.324535 0.480343
0.125384 0.066522 0.330051 0.478042
0.126745 0.070175 0.329453 0.473627
0.130325 0.075760 0.310958 0.482957
0.105735 0.059456 0.232271 0.602539
0.130313 0.074794 0.306889 0.488004
0.130238 0.075868 0.298955 0.494939
0.131848 0.077623 0.278570 0.511959
0.131650 0.074725 0.312015 0.481610
0.128962 0.072282 0.313525 0.485231
0.136335 0.077305 0.276319 0.510041
0.124525 0.069128 0.312931 0.493415
0.129041 0.070141 0.316437 0.484381
0.110654 0.062040 0.236328 0.590978
0.125695 0.074233 0.300854 0.499218
0.123071 0.066770 0.327210 0.482948
0.130186 0.070011 0.332577 0.467225
0.132747 0.075317 0.302796 0.489140
0.128271 0.073560 0.311842 0.486327
0.126871 0.070657 0.314163 0.488309
0.125644 0.066577 0.335543 0.472236
0.129449 0.073346 0.310525 0.486680
0.130365 0.076281 0.273940 0.519414
0.138332 0.078663 0.270453 0.512553
0.132458 0.072648 0.285625 0.509269
0.127832 0.068303 0.318779 0.485086
0.126102 0.065846 0.339359 0.468692
0.106423 0.059459 0.237401 0.596718
0.131193 0.070485 0.331120 0.467201
0.127187 0.070524 0.313751 0.488538
0.130235 0.069936 0.304816 0.495012
0.131272 0.072241 0.304393 0.492094
0.126701 0.069851 0.283208 0.520240
0.128990 0.072049 0.321930 0.477031
0.129389 0.067778 0.336403 0.466431
0.136066 0.077592 0.277495 0.508847
0.129381 0.073933 0.309492 0.487194
0.123889 0.066572 0.325553 0.483986
0.127632 0.068470 0.335802 0.468096
0.130245 0.074254 0.306280 0.489221
0.137190 0.076577 0.272808 0.513424
0.125304 0.068802 0.320972 0.484922
0.124445 0.069360 0.307663 0.498532
0.133727 0.073954 0.333965 0.458354
0.130868 0.076854 0.284299 0.507978
0.124158 0.071406 0.305340 0.499096
0.130704 0.069093 0.348942 0.451261
0.132253 0.074390 0.306871 0.486486
0.130079 0.074818 0.288971 0.506133
0.134722 0.078372 0.291328 0.495577
0.132383 0.073757 0.326089 0.467770
0.130593 0.075457 0.305482 0.488468
0.124767 0.068088 0.323196 0.483950
0.137416 0.076277 0.274835 0.511472
0.130526 0.072645 0.301854 0.494974
0.123310 0.064019 0.319921 0.492750
0.106950 0.060105 0.238555 0.594390
0.123465 0.065757 0.333703 0.477076
0.125787 0.067266 0.341676 0.465272
0.128975 0.076531 0.256838 0.537656
0.127141 0.072451 0.304636 0.495772
0.127842 0.071847 0.312109 0.488203
0.130751 0.076948 0.287287 0.505013
0.131411 0.077987 0.289262 0.501341
0.133495 0.078621 0.275545 0.512339
0.131454 0.074812 0.286880 0.506854
0.130073 0.071377 0.305514 0.493036
0.127693 0.068443 0.309951 0.493913
0.122530 0.068240 0.271234 0.537996
0.128500 0.071991 0.319041 0.480468
0.109127 0.061029 0.235171 0.594674
0.132290 0.079900 0.255560 0.532250
0.129860 0.073362 0.319962 0.476816
0.125379 0.065998 0.336518 0.472105
0.126810 0.073221 0.289717 0.510252
0.130640 0.074613 0.313604 0.481143
0.138636 0.080079 0.267542 0.513744
0.136453 0.077557 0.288686 0.497305
0.128504 0.071661 0.315067 0.484768
0.131546 0.069791 0.340132 0.458531
0.126908 0.068841 0.339229 0.465022
0.127953 0.075780 0.298460 0.497807
0.130691 0.069672 0.339469 0.460168
0.134044 0.075482 0.310078 0.480396
0.132017 0.075241 0.278189 0.514553
0.129111 0.069960 0.327932 0.472997
0.126753 0.068897 0.336829 0.467521
0.125406 0.068242 0.332083 0.474269
0.128372 0.071205 0.330908 0.469515
0.135384 0.080762 0.262447 0.521408
0.133662 0.077676 0.286545 0.502116
0.128754 0.073919 0.309983 0.487343
0.125223 0.066342 0.338490 0.469945
0.126516 0.067201 0.339530 0.466753
0.130517 0.074424 0.300632 0.494426
0.127560 0.071230 0.303169 0.498040
0.125741 0.069405 0.318486 0.486368
0.127384 0.071907 0.305797 0.494912
0.131950 0.075553 0.297890 0.494607
0.127222 0.073958 0.295568 0.503253
0.128999 0.073700 0.312615 0.484686
0.128965 0.069992 0.335009 0.466033
0.127225 0.072077 0.306774 0.493924
0.130943 0.075185 0.305070 0.488801
0.136023 0.078294 0.294142 0.491541
0.130339 0.074470 0.302343 0.492848
0.129591 0.073808 0.314179 0.482422
0.136384 0.073262 0.310337 0.480018
0.139823 0.079836 0.262441 0.517900
0.124768 0.069551 0.306850 0.498831
0.100624 0.054182 0.241374 0.603820
0.132029 0.073861 0.325464 0.468646
0.135392 0.078794 0.284525 0.501289
0.139669 0.081903 0.260585 0.517843
0.132006 0.072432 0.326993 0.468569
0.129594 0.070469 0.345414 0.454524
0.130074 0.070772 0.338070 0.461084
0.136845 0.076798 0.282390 0.503966
0.132946 0.075620 0.289956 0.501478
0.125573 0.068953 0.325667 0.479806
0.130106 0.067944 0.340301 0.461649
0.132247 0.076285 0.298350 0.493117
0.133227 0.078500 0.285375 0.502897
0.130077 0.069243 0.338181 0.462500
0.125253 0.066854 0.342103 0.465790
0.127561 0.070173 0.335378 0.466888
0.127665 0.068921 0.339085 0.464329
0.130326 0.073610 0.300985 0.495078
0.129860 0.074497 0.285973 0.509669
0.133133 0.077226 0.300019 0.489622
0.127168 0.068188 0.337763 0.466882
0.123716 0.069688 0.302801 0.503795
0.128244 0.069839 0.336405 0.465512
0.138773 0.082391 0.258783 0.520054
0.127095 0.072499 0.297716 0.502689
0.125778 0.071579 0.310672 0.491971
0.128746 0.070646 0.332067 0.468541
0.137639 0.081264 0.265440 0.515657
0.130561 0.073188 0.310718 0.485533
0.129614 0.071479 0.317547 0.481360
0.125807 0.066275 0.342400 0.465518
0.125348 0.072505 0.297961 0.504186
0.127138 0.067369 0.337149 0.468344
0.132534 0.074312 0.291628 0.501526
0.128280 0.070533 0.282260 0.518927
0.128026 0.073572 0.310032 0.488369
0.125153 0.068211 0.324239 0.482397
0.122549 0.064184 0.337183 0.476084
0.131551 0.076734 0.285289 0.506426
0.136050 0.077808 0.275276 0.510866
0.127402 0.070039 0.320500 0.482058
0.127063 0.071971 0.305587 0.495380
0.125775 0.066266 0.341032 0.466927
0.136730 0.080571 0.278421 0.504279
0.130877 0.075158 0.307508 0.486457
0.135833 0.077258 0.266866 0.520044
0.128827 0.073014 0.298619 0.499541
0.125781 0.068929 0.287341 0.517949
0.107399 0.059357 0.236129 0.597115
0.126692 0.074907 0.296585 0.501815
0.128411 0.069260 0.325213 0.477116
0.126567 0.067895 0.334241 0.471297
0.127129 0.073740 0.299032 0.500100
0.128681 0.070564 0.334749 0.466006
0.130873 0.076860 0.288077 0.504190
0.130416 0.075427 0.298852 0.495305
0.128684 0.073125 0.301981 0.496210
0.125870 0.071202 0.299796 0.503132
0.126846 0.072786 0.295404 0.504964
0.136295 0.079198 0.276926 0.507580
0.127137 0.072425 0.314012 0.486426
0.128858 0.073932 0.306185 0.491025
0.127826 0.070229 0.330167 0.471779
0.131943 0.077234 0.287012 0.503812
0.129670 0.074686 0.298781 0.496863
0.127608 0.072396 0.287995 0.512001
0.132980 0.076441 0.286540 0.504040
0.125798 0.072859 0.308014 0.493328
0.126369 0.068705 0.333900 0.471027
0.125805 0.067737 0.330802 0.475656
0.133982 0.078458 0.271358 0.516202
0.130153 0.079247 0.265536 0.525063
0.127508 0.076123 0.293516 0.502852
0.126895 0.070360 0.326848 0.475896
0.125794 0.072287 0.303939 0.497980
0.134097 0.076780 0.266629 0.522495
0.128777 0.073129 0.308941 0.489153
0.125049 0.069803 0.313682 0.491467
0.127504 0.067089 0.341974 0.463433
0.126817 0.071257 0.297051 0.504874
0.130661 0.074463 0.300404 0.494472
0.133443 0.075678 0.300877 0.490002
0.130468 0.072811 0.292329 0.504393
0.129740 0.071295 0.301723 0.497243
0.129909 0.069471 0.302543 0.498077
0.131249 0.070898 0.304981 0.492873
0.127041 0.070982 0.314651 0.487327
0.128874 0.068443 0.327350 0.475332
0.133118 0.071793 0.310224 0.484865
0.131359 0.072653 0.308498 0.487489
0.123543 0.064001 0.342063 0.470394
0.122667 0.061980 0.347689 0.467664
0.131322 0.071748 0.327394 0.469536
0.130943 0.073882 0.301041 0.494133
0.124394 0.068127 0.305177 0.502302
0.130115 0.076130 0.300051 0.493704
0.109716 0.061843 0.241863 0.586578
0.128197 0.075197 0.285020 0.511586
0.136231 0.079070 0.275011 0.509689
0.137731 0.078976 0.259521 0.523772
0.131248 0.073326 0.308419 0.487007
0.126267 0.066613 0.341023 0.466097
0.132533 0.072827 0.332242 0.462398
0.130773 0.073813 0.318693 0.476721
0.129983 0.074076 0.319298 0.476644
0.107428 0.060277 0.234999 0.597296
0.128985 0.072370 0.321369 0.477276
0.128579 0.070667 0.297324 0.503430
0.130471 0.074645 0.309536 0.485348
0.127886 0.075110 0.302470 0.494533
0.130143 0.071763 0.319106 0.478987
0.111475 0.062750 0.233995 0.591780
0.127572 0.075521 0.296877 0.500030
0.131334 0.073820 0.323036 0.471811
0.127473 0.068429 0.338137 0.465961
0.130907 0.075058 0.301375 0.492661
0.128361 0.070403 0.336142 0.465095
0.129876 0.074844 0.311611 0.483669
0.126257 0.066928 0.337653 0.469162
0.125683 0.072360 0.287110 0.514847
0.128205 0.073048 0.301421 0.497326
0.133781 0.076412 0.292148 0.497660
0.128404 0.073503 0.315577 0.482516
0.128567 0.073647 0.312114 0.485673
0.129732 0.069253 0.332913 0.468102
0.128110 0.074187 0.292061 0.505642
0.125021 0.071654 0.306879 0.496447
0.128480 0.069241 0.331691 0.470589
0.133298 0.078036 0.273080 0.515585
0.131138 0.076208 0.278658 0.513996
0.128292 0.069550 0.334002 0.468157
0.124667 0.067173 0.326603 0.481557
0.127104 0.067747 0.334999 0.470150
0.130021 0.072601 0.313498 0.483880
0.132146 0.073907 0.289385 0.504562
0.128378 0.070625 0.314636 0.486361
0.125679 0.067957 0.318965 0.487400
0.134524 0.075628 0.288026 0.501822
0.127092 0.072572 0.307631 0.492705
0.126365 0.072104 0.301666 0.499864
0.127165 0.070616 0.308632 0.493587
0.133523 0.075422 0.288433 0.502622
0.126377 0.071225 0.296870 0.505528
0.133960 0.078836 0.275346 0.511858
0.128418 0.071824 0.322001 0.477757
0.129065 0.077079 0.293025 0.500831
0.129418 0.070263 0.330074 0.470245
0.129952 0.074284 0.296669 0.499095
0.131805 0.073584 0.289887 0.504725
0.127914 0.071681 0.305088 0.495317
0.132880 0.075085 0.275868 0.516168
0.127937 0.072570 0.306663 0.492831
0.125475 0.068363 0.308522 0.497640
0.135732 0.077306 0.279430 0.507532
0.128183 0.071594 0.300092 0.500131
0.126575 0.069833 0.324939 0.478652
0.128257 0.069463 0.337257 0.465023
0.130597 0.077814 0.292608 0.498981
0.133275 0.077280 0.285269 0.504175
0.126212 0.071260 0.312714 0.489813
0.125679 0.070271 0.267377 0.536673
0.133229 0.079944 0.257279 0.529549
0.134002 0.078812 0.265424 0.521762
0.125566 0.071694 0.311581 0.491159
0.126127 0.067064 0.339731 0.467079
0.132687 0.077051 0.298650 0.491612
0.130448 0.078260 0.261419 0.529873
0.127936 0.073623 0.308314 0.490127
0.127091 0.068251 0.330916 0.473742
0.124887 0.069080 0.312599 0.493434
0.129375 0.074118 0.299175 0.497332
0.130344 0.076516 0.279794 0.513346
0.131377 0.073727 0.295642 0.499255
0.129836 0.075845 0.279117 0.515201
0.133837 0.076895 0.306497 0.482771
0.128893 0.069466 0.336768 0.464873
0.129844 0.074268 0.310987 0.484901
0.130854 0.070359 0.330605 0.468183
0.139082 0.079370 0.274065 0.507483
0.128525 0.070654 0.318465 0.482357
0.130433 0.071066 0.307421 0.491080
0.134225 0.072097 0.319273 0.474404
0.131128 0.073146 0.314445 0.481281
0.130956 0.068576 0.350047 0.450420
0.128858 0.068059 0.339633 0.463450
0.128741 0.069075 0.335444 0.466739
0.125937 0.069621 0.322502 0.481940
0.128639 0.069144 0.333613 0.468604
0.109875 0.062080 0.235733 0.592311
0.127003 0.073170 0.306573 0.493254
0.129664 0.070668 0.324427 0.475241
0.105847 0.059253 0.234268 0.600632
0.127313 0.075526 0.295566 0.501595
0.124677 0.066599 0.331483 0.477240
0.129398 0.073638 0.313341 0.483623
0.126635 0.071155 0.308554 0.493655
0.126368 0.073885 0.290539 0.509209
0.134012 0.078850 0.281317 0.505821
0.133294 0.075780 0.297985 0.492941
0.128418 0.073135 0.295122 0.503325
0.127166 0.072900 0.308239 0.491695
0.113383 0.064185 0.236049 0.586383
0.127616 0.071929 0.313864 0.486591
0.121737 0.065743 0.318887 0.493633
0.130322 0.069880 0.315569 0.484230
0.126092 0.071441 0.313553 0.488914
0.126344 0.070814 0.312242 0.490600
0.125595 0.067342 0.338711 0.468353
0.135356 0.078838 0.273964 0.511842
0.127287 0.071959 0.298192 0.502562
0.124676 0.069271 0.314307 0.491746
0.132711 0.078939 0.278135 0.510215
0.135965 0.074603 0.298474 0.490957
0.132238 0.074318 0.284636 0.508808
0.126900 0.070489 0.306322 0.496289
0.129532 0.067798 0.337698 0.464971
0.125568 0.069108 0.298443 0.506881
0.135780 0.077871 0.271444 0.514905
0.132851 0.076773 0.295696 0.494680
0.127822 0.066139 0.293177 0.512863
0.125610 0.070649 0.315970 0.487770
0.129554 0.078163 0.266839 0.525445
0.130680 0.069890 0.344011 0.455419
0.133311 0.078379 0.285873 0.502437
0.129455 0.074493 0.313675 0.482378
0.129306 0.068695 0.343468 0.458531
0.128529 0.072745 0.313349 0.485377
0.128352 0.073970 0.298214 0.499463
0.135483 0.078961 0.282512 0.503044
0.131604 0.075277 0.310302 0.482817
0.133921 0.078527 0.284734 0.502818
0.128860 0.069187 0.337546 0.464406
0.131191 0.070505 0.333246 0.465058
0.127732 0.068012 0.345002 0.459254
0.126938 0.067602 0.335663 0.469797
0.129776 0.069554 0.322572 0.478098
0.125731 0.068128 0.325374 0.480767
0.130350 0.074018 0.295278 0.500354
0.127139 0.066877 0.340331 0.465653
0.130622 0.073801 0.295057 0.500520
0.108968 0.061168 0.236581 0.593283
0.128946 0.072807 0.319135 0.479113
0.126924 0.066949 0.342044 0.464084
0.128791 0.072394 0.312798 0.486017
0.126950 0.070017 0.312752 0.490281
0.134164 0.074808 0.293036 0.497991
0.126301 0.069530 0.321365 0.482803
0.126509 0.071003 0.318410 0.484078
0.129048 0.068951 0.338175 0.463826
0.134201 0.074643 0.298666 0.492489
0.130119 0.073146 0.305087 0.491648
0.127246 0.072679 0.308610 0.491465
0.129060 0.067948 0.333664 0.469328
0.127977 0.073262 0.297856 0.500905
0.128756 0.070967 0.316205 0.484072
0.129889 0.068668 0.343333 0.458110
0.126579 0.073037 0.300462 0.499922
0.128048 0.069456 0.333845 0.468650
0.126429 0.068140 0.333274 0.472157
0.131644 0.076715 0.278208 0.513433
0.129748 0.073094 0.322167 0.474992
0.131559 0.075529 0.278552 0.514360
0.129739 0.073921 0.301552 0.494788
0.127916 0.073775 0.293597 0.504712
0.132769 0.077402 0.294677 0.495151
0.105743 0.059673 0.233455 0.601129
0.132502 0.077845 0.277247 0.512407
0.132071 0.071214 0.329329 0.467387
0.129624 0.075985 0.291580 0.502811
0.125915 0.067865 0.328169 0.478051
0.126448 0.069713 0.327910 0.475929
0.134598 0.077733 0.283162 0.504506
0.128209 0.070184 0.313689 0.487918
0.125520 0.069090 0.299333 0.506056
0.128855 0.073552 0.307254 0.490339
0.127420 0.068306 0.335218 0.469055
0.129238 0.075119 0.293615 0.502029
0.130261 0.077326 0.290440 0.501973
0.140072 0.081447 0.273536 0.504945
0.126251 0.070502 0.313130 0.490116
0.125248 0.067727 0.308456 0.498568
0.126989 0.068044 0.332994 0.471974
0.130452 0.075840 0.291196 0.502512
0.124097 0.066838 0.335183 0.473882
0.129193 0.074420 0.303618 0.492769
0.132277 0.071807 0.325848 0.470068
0.126978 0.071434 0.306879 0.494709
0.126635 0.072269 0.305795 0.495301
0.129500 0.070715 0.317159 0.482625
0.131115 0.072797 0.302059 0.494028
0.126535 0.067812 0.329691 0.475962
0.134403 0.075737 0.296841 0.493019
0.127258 0.067604 0.331080 0.474058
0.126220 0.070843 0.314651 0.488286
0.107692 0.058054 0.241936 0.592318
0.129170 0.074671 0.303284 0.492875
0.129144 0.073868 0.315434 0.481554
0.127314 0.067482 0.342438 0.462766
0.134108 0.074288 0.285064 0.506540
0.124903 0.069882 0.313686 0.491529
0.125107 0.072128 0.298390 0.504375
0.128764 0.069785 0.330493 0.470958
0.128932 0.074196 0.308154 0.488718
0.132429 0.075276 0.295911 0.496384
0.126723 0.067681 0.329001 0.476596
0.130463 0.073843 0.306940 0.488753
0.128662 0.071443 0.336659 0.463236
