0.015592 0.005366 0.001311 0.977731
0.027865 0.010098 0.002841 0.959195
0.022743 0.008234 0.001958 0.967065
0.028225 0.010186 0.002858 0.958731
0.012126 0.003910 0.001029 0.982936
0.023418 0.008423 0.002094 0.966064
0.015775 0.004928 0.001681 0.977616
0.016463 0.005362 0.001455 0.976721
0.018987 0.006243 0.001696 0.973074
0.011922 0.003877 0.001071 0.983130
0.019330 0.006811 0.001663 0.972196
0.024521 0.008220 0.002564 0.964695
0.021865 0.007654 0.001937 0.968544
0.020232 0.007326 0.001787 0.970655
0.008366 0.002698 0.000667 0.988270
0.023909 0.008251 0.002523 0.965317
0.016801 0.005321 0.001551 0.976327
0.023608 0.008119 0.002436 0.965837
0.014892 0.004865 0.001417 0.978826
0.016717 0.005784 0.001408 0.976091
0.010872 0.003444 0.000923 0.984761
0.009086 0.002932 0.000730 0.987252
0.023199 0.007755 0.002253 0.966793
0.024481 0.008330 0.002375 0.964814
0.022500 0.007746 0.002075 0.967679
0.021759 0.007518 0.001983 0.968741
0.019853 0.006944 0.001775 0.971428
0.025827 0.008963 0.002648 0.962562
0.018761 0.006406 0.001638 0.973195
0.024149 0.008335 0.002457 0.965060
0.011247 0.003701 0.000928 0.984124
0.015696 0.005470 0.001285 0.977549
0.011453 0.003619 0.000939 0.983989
0.018022 0.006202 0.001598 0.974177
0.024654 0.008604 0.002336 0.964407
0.016379 0.005611 0.001438 0.976572
0.019780 0.006826 0.001801 0.971594
0.027577 0.009936 0.002589 0.959898
0.027263 0.009847 0.002493 0.960397
0.025238 0.008789 0.002498 0.963476
0.018791 0.006303 0.001635 0.973271
0.027498 0.009680 0.002682 0.960141
0.010578 0.003457 0.000829 0.985136
0.019157 0.006819 0.001685 0.972340
0.012443 0.003896 0.001145 0.982516
0.022617 0.007770 0.002061 0.967552
0.022280 0.007414 0.002193 0.968113
0.022569 0.007806 0.002099 0.967526
0.024343 0.008427 0.002413 0.964818
0.024928 0.008675 0.002482 0.963915
0.020627 0.006798 0.002007 0.970568
0.007876 0.002554 0.000587 0.988982
0.010267 0.003361 0.000837 0.985535
0.011272 0.003636 0.000963 0.984129
0.017988 0.006007 0.001599 0.974405
0.025937 0.008772 0.002682 0.962609
0.017548 0.006066 0.001494 0.974892
0.015566 0.005829 0.001233 0.977371
0.011053 0.003598 0.000947 0.984402
0.019900 0.006838 0.001816 0.971447
0.022229 0.007372 0.002112 0.968287
0.025188 0.008734 0.002639 0.963438
0.023851 0.008360 0.002178 0.965611
0.024394 0.008438 0.002474 0.964693
0.011503 0.003765 0.000956 0.983776
0.016067 0.005554 0.001361 0.977019
0.011456 0.003610 0.001047 0.983887
0.019324 0.006646 0.001742 0.972288
0.022902 0.007580 0.002433 0.967086
0.020064 0.006949 0.001762 0.971224
0.015867 0.005495 0.001377 0.977261
0.009095 0.002936 0.000733 0.987236
0.023078 0.007930 0.002269 0.966723
0.025084 0.008543 0.002411 0.963962
0.016633 0.005823 0.001426 0.976119
0.010694 0.003514 0.000907 0.984885
0.019111 0.006603 0.001712 0.972574
0.026883 0.009364 0.002510 0.961244
0.016701 0.005782 0.001428 0.976090
0.019902 0.006950 0.001804 0.971344
0.024176 0.008692 0.002117 0.965015
0.028390 0.010280 0.002886 0.958444
0.026605 0.009664 0.002415 0.961316
0.015261 0.005209 0.001240 0.978290
0.008646 0.002770 0.000715 0.987869
0.018938 0.006596 0.001610 0.972857
0.025203 0.008903 0.002348 0.963546
0.014510 0.004697 0.001345 0.979449
0.024877 0.008603 0.002617 0.963902
0.021713 0.007417 0.001988 0.968881
0.024324 0.008455 0.002431 0.964790
0.013925 0.004573 0.001184 0.980318
0.017457 0.006060 0.001453 0.975030
0.012869 0.004057 0.001154 0.981921
0.023297 0.007932 0.002207 0.966563
0.022536 0.007438 0.002166 0.967860
0.022508 0.007779 0.002069 0.967643
0.011455 0.003691 0.000940 0.983914
0.025955 0.009053 0.002669 0.962323
0.021121 0.006927 0.002124 0.969828
0.017620 0.006083 0.001493 0.974804
0.010510 0.003440 0.000858 0.985191
0.010295 0.003378 0.000872 0.985454
0.021538 0.007216 0.002100 0.969146
0.023232 0.007769 0.002171 0.966827
0.021946 0.007582 0.002121 0.968351
0.025552 0.008902 0.002549 0.962996
0.017364 0.005952 0.001485 0.975199
0.014233 0.004645 0.001252 0.979869
0.011334 0.003710 0.000937 0.984019
0.026292 0.009523 0.002376 0.961809
0.019816 0.006258 0.002127 0.971799
0.024038 0.008369 0.002187 0.965406
0.016478 0.005674 0.001354 0.976494
0.008651 0.002797 0.000662 0.987889
0.017062 0.006081 0.001488 0.975369
0.024697 0.008378 0.002422 0.964502
0.025758 0.008946 0.002526 0.962770
0.021392 0.007604 0.001817 0.969187
0.010455 0.003384 0.000940 0.985221
0.010400 0.003460 0.000808 0.985332
0.017017 0.005800 0.001467 0.975716
0.010751 0.003412 0.000901 0.984936
0.023660 0.008535 0.002145 0.965660
0.025541 0.008531 0.002657 0.963271
0.027246 0.009822 0.002508 0.960425
0.023786 0.008196 0.002463 0.965555
0.012241 0.004060 0.001021 0.982678
0.023970 0.008254 0.002486 0.965290
0.015758 0.004962 0.001651 0.977628
0.019775 0.006825 0.001721 0.971679
0.014390 0.004504 0.001385 0.979721
0.010139 0.003294 0.000830 0.985737
0.018090 0.006134 0.001614 0.974162
0.008409 0.002603 0.000694 0.988294
0.016843 0.005782 0.001465 0.975910
0.018809 0.006045 0.001693 0.973453
0.028441 0.010266 0.002849 0.958444
0.025879 0.009192 0.002369 0.962560
0.020305 0.007053 0.001827 0.970815
0.013754 0.004489 0.001182 0.980575
0.020904 0.007193 0.001859 0.970044
0.021441 0.006987 0.002078 0.969494
0.026070 0.009060 0.002661 0.962209
0.024009 0.008326 0.002414 0.965251
0.015322 0.005334 0.001237 0.978107
0.015227 0.005017 0.001469 0.978287
0.012432 0.004031 0.001067 0.982470
0.014843 0.004916 0.001271 0.978970
0.010020 0.003144 0.000875 0.985961
0.014153 0.004630 0.001218 0.979999
0.027833 0.009814 0.002801 0.959552
0.017540 0.006023 0.001501 0.974936
0.014349 0.004711 0.001277 0.979663
0.012686 0.004072 0.001096 0.982145
0.014966 0.005140 0.001288 0.978606
0.023993 0.008093 0.002282 0.965632
0.019066 0.006192 0.001910 0.972832
0.020903 0.006958 0.001894 0.970246
0.015840 0.005440 0.001324 0.977396
0.009474 0.003070 0.000784 0.986672
0.023987 0.008331 0.002241 0.965441
0.022456 0.007525 0.002142 0.967877
0.022079 0.007692 0.002056 0.968173
0.020841 0.007288 0.001923 0.969948
0.023490 0.008067 0.002452 0.965991
0.022714 0.007802 0.002051 0.967433
0.016844 0.005823 0.001426 0.975908
0.010235 0.003350 0.000839 0.985575
0.015703 0.005437 0.001339 0.977522
0.024877 0.008677 0.002277 0.964169
0.026413 0.009531 0.002472 0.961584
0.027308 0.009850 0.002563 0.960279
0.024698 0.008527 0.002506 0.964269
0.019653 0.006370 0.001964 0.972014
0.016899 0.005782 0.001450 0.975868
0.008581 0.002775 0.000636 0.988008
0.012837 0.004158 0.001269 0.981735
0.024864 0.008439 0.002349 0.964348
0.023046 0.007711 0.002353 0.966889
0.010173 0.003333 0.000792 0.985702
0.021085 0.007312 0.001865 0.969738
0.010836 0.003423 0.000912 0.984830
0.020136 0.007296 0.001788 0.970780
0.018103 0.005710 0.001724 0.974464
0.028632 0.010331 0.002816 0.958220
0.026700 0.009611 0.002434 0.961254
0.016330 0.005722 0.001418 0.976531
0.011487 0.003713 0.000998 0.983802
0.022894 0.007820 0.002402 0.966883
0.023223 0.007727 0.002352 0.966697
0.024293 0.008409 0.002394 0.964904
0.010666 0.003498 0.000826 0.985010
0.010405 0.003410 0.000856 0.985330
0.010388 0.003284 0.000918 0.985409
0.023853 0.007988 0.002472 0.965687
0.022266 0.007390 0.002111 0.968232
0.015914 0.005465 0.001362 0.977259
0.010559 0.003437 0.000855 0.985150
0.024081 0.008351 0.002417 0.965151
0.024630 0.008292 0.002373 0.964705
0.019214 0.006649 0.001708 0.972429
0.011943 0.003903 0.001011 0.983143
0.017295 0.006013 0.001533 0.975159
0.024993 0.008442 0.002352 0.964212
0.019135 0.006622 0.001739 0.972504
0.012347 0.004014 0.001068 0.982570
0.020468 0.007055 0.001851 0.970625
0.024638 0.008485 0.002557 0.964320
0.026721 0.009658 0.002483 0.961139
0.018906 0.006530 0.001644 0.972920
0.016118 0.005283 0.001601 0.976998
0.024512 0.008484 0.002467 0.964537
0.021913 0.007390 0.002014 0.968683
0.015639 0.005100 0.001519 0.977741
0.014684 0.004766 0.001432 0.979119
0.017985 0.006003 0.001578 0.974434
0.008655 0.002697 0.000719 0.987929
0.011285 0.003697 0.000950 0.984068
0.022367 0.007568 0.002113 0.967952
0.023193 0.007744 0.002260 0.966803
0.009216 0.002889 0.000752 0.987144
0.021218 0.007328 0.001875 0.969579
0.013251 0.004315 0.001169 0.981265
0.023471 0.008336 0.002171 0.966022
0.025348 0.008747 0.002631 0.963274
0.022597 0.007832 0.002033 0.967538
0.017179 0.005922 0.001425 0.975474
0.008871 0.002866 0.000722 0.987541
0.025980 0.009248 0.002435 0.962336
0.023818 0.008044 0.002403 0.965735
0.020084 0.006933 0.001781 0.971201
0.025403 0.008785 0.002490 0.963321
0.014681 0.004767 0.001422 0.979130
0.028167 0.010205 0.002721 0.958907
0.012624 0.003962 0.001202 0.982212
0.009319 0.003031 0.000714 0.986936
0.010307 0.003324 0.000870 0.985499
0.009303 0.002929 0.000781 0.986986
0.026146 0.009134 0.002549 0.962171
0.020293 0.006782 0.001911 0.971014
0.028291 0.010242 0.002852 0.958614
0.021738 0.007481 0.001967 0.968814
0.018732 0.006408 0.001611 0.973249
0.010444 0.003367 0.000882 0.985307
0.026178 0.009267 0.002461 0.962094
0.017698 0.005903 0.001560 0.974838
0.025774 0.008997 0.002606 0.962622
0.013384 0.004341 0.001119 0.981156
0.022803 0.007825 0.002096 0.967276
0.011367 0.003720 0.000941 0.983972
0.017851 0.006141 0.001585 0.974423
0.018612 0.005809 0.001776 0.973803
0.023401 0.008050 0.002410 0.966139
0.024828 0.008579 0.002343 0.964250
0.019406 0.006709 0.001663 0.972221
0.009608 0.003115 0.000774 0.986503
0.019509 0.006370 0.001818 0.972302
0.022899 0.007739 0.002130 0.967231
0.015877 0.005499 0.001353 0.977271
0.018443 0.006476 0.001572 0.973509
0.021468 0.007759 0.001977 0.968796
0.023844 0.008627 0.002206 0.965324
0.018638 0.006448 0.001668 0.973246
0.024069 0.008273 0.002452 0.965206
0.027801 0.010014 0.002596 0.959588
0.014881 0.005147 0.001151 0.978821
0.008382 0.002684 0.000694 0.988239
0.022959 0.007925 0.002104 0.967012
0.027909 0.009892 0.002817 0.959382
0.020863 0.007174 0.001865 0.970098
0.015345 0.005334 0.001258 0.978063
0.009094 0.002904 0.000744 0.987258
0.018677 0.006456 0.001662 0.973205
0.025008 0.008524 0.002372 0.964096
0.024184 0.008339 0.002434 0.965043
0.025232 0.008837 0.002328 0.963602
0.016059 0.005642 0.001362 0.976937
0.011416 0.003741 0.000956 0.983887
0.017753 0.006082 0.001585 0.974580
0.026074 0.009073 0.002461 0.962392
0.024119 0.008335 0.002491 0.965055
0.018888 0.006550 0.001624 0.972938
0.028214 0.010163 0.002860 0.958763
0.011624 0.003798 0.000970 0.983608
0.016382 0.005622 0.001355 0.976641
0.010076 0.003100 0.000925 0.985899
0.023002 0.007993 0.002036 0.966969
0.021326 0.007140 0.001937 0.969597
0.017062 0.005604 0.001524 0.975810
0.024914 0.008724 0.002256 0.964107
0.020857 0.007125 0.001869 0.970149
0.026220 0.009180 0.002605 0.961996
0.025348 0.008895 0.002574 0.963183
0.023418 0.008039 0.002342 0.966202
0.011147 0.003626 0.000964 0.984262
0.014933 0.004937 0.001345 0.978785
0.014486 0.004619 0.001342 0.979553
0.008647 0.002709 0.000757 0.987887
0.007597 0.002336 0.000631 0.989435
0.008007 0.002557 0.000614 0.988822
0.015509 0.005037 0.001455 0.977998
0.019225 0.006442 0.001677 0.972656
0.017251 0.005868 0.001485 0.975396
0.008893 0.002824 0.000726 0.987558
0.019771 0.006864 0.001770 0.971595
0.015664 0.005323 0.001369 0.977644
0.026012 0.009422 0.002370 0.962196
0.017566 0.005882 0.001567 0.974985
0.027414 0.009897 0.002585 0.960104
0.020583 0.007066 0.001873 0.970478
0.019934 0.006875 0.001692 0.971499
0.014354 0.004625 0.001201 0.979820
0.018631 0.006655 0.001565 0.973149
0.024509 0.008866 0.002233 0.964392
0.015226 0.004949 0.001316 0.978509
0.026866 0.009661 0.002618 0.960855
0.015404 0.004996 0.001331 0.978269
0.026220 0.009193 0.002539 0.962048
0.022783 0.007622 0.002274 0.967321
0.016808 0.005900 0.001356 0.975936
0.008654 0.002788 0.000717 0.987840
0.014086 0.004554 0.001335 0.980024
0.021693 0.007324 0.001993 0.968990
0.018803 0.006166 0.001704 0.973328
0.010806 0.003535 0.000865 0.984794
0.013177 0.004299 0.001115 0.981409
0.025522 0.008579 0.002670 0.963228
0.026879 0.009681 0.002491 0.960948
0.016255 0.005600 0.001314 0.976831
0.017086 0.005560 0.001653 0.975701
0.020566 0.007280 0.001763 0.970391
0.026196 0.008884 0.002689 0.962231
0.016312 0.005290 0.001624 0.976774
0.019827 0.006818 0.001748 0.971607
0.010180 0.003186 0.000864 0.985771
0.017076 0.005592 0.001653 0.975679
0.025298 0.008560 0.002449 0.963692
0.021852 0.007377 0.001989 0.968781
0.011022 0.003577 0.000966 0.984435
0.023216 0.008153 0.002109 0.966522
0.022803 0.007538 0.002245 0.967413
0.024016 0.008388 0.002255 0.965341
0.024443 0.008468 0.002465 0.964624
0.021535 0.007104 0.002141 0.969221
0.015591 0.005120 0.001319 0.977970
0.010108 0.003305 0.000844 0.985744
0.013800 0.004540 0.001193 0.980467
0.023597 0.007918 0.002380 0.966105
0.023455 0.007822 0.002257 0.966466
0.015355 0.005377 0.001242 0.978026
0.017281 0.005614 0.001714 0.975392
0.025248 0.008775 0.002498 0.963479
0.024157 0.008438 0.002164 0.965241
0.014315 0.004687 0.001439 0.979559
0.013842 0.004599 0.001147 0.980412
0.022152 0.007345 0.002298 0.968206
0.014931 0.004705 0.001361 0.979004
0.019272 0.006653 0.001680 0.972395
0.011284 0.003533 0.000994 0.984189
0.018426 0.006453 0.001570 0.973551
0.019463 0.006597 0.001747 0.972193
0.025266 0.008678 0.002578 0.963478
0.022286 0.007683 0.002024 0.968007
0.018414 0.006692 0.001482 0.973412
0.009072 0.002900 0.000736 0.987292
0.014044 0.004534 0.001209 0.980213
0.028396 0.009973 0.002836 0.958796
0.018886 0.006585 0.001621 0.972908
0.016416 0.005743 0.001391 0.976450
0.011158 0.003616 0.000993 0.984233
0.025592 0.009311 0.002266 0.962832
0.027524 0.009607 0.003017 0.959852
0.024469 0.008535 0.002229 0.964768
0.022677 0.007768 0.002179 0.967376
0.012963 0.004196 0.001112 0.981729
0.015047 0.005209 0.001253 0.978490
0.008726 0.002661 0.000762 0.987852
0.019285 0.006621 0.001710 0.972384
0.024152 0.008248 0.002408 0.965191
0.020333 0.007040 0.001790 0.970837
0.025489 0.009030 0.002322 0.963160
0.009172 0.002961 0.000723 0.987143
0.016684 0.005441 0.001467 0.976407
0.019437 0.006112 0.001835 0.972616
0.028289 0.010238 0.002778 0.958695
0.027356 0.009957 0.002499 0.960188
0.013067 0.004305 0.001035 0.981594
0.014881 0.004726 0.001490 0.978902
0.015938 0.005228 0.001393 0.977441
0.023225 0.007780 0.002323 0.966671
0.017286 0.005673 0.001695 0.975346
0.024998 0.008680 0.002412 0.963911
0.013030 0.004022 0.001297 0.981652
0.010099 0.003295 0.000786 0.985820
0.014783 0.004664 0.001515 0.979038
0.010570 0.003338 0.000878 0.985214
0.027662 0.009722 0.002769 0.959847
0.011695 0.003693 0.001004 0.983609
0.022814 0.007942 0.002087 0.967158
0.011580 0.003626 0.001023 0.983772
0.020364 0.007046 0.001823 0.970767
0.019307 0.006020 0.002055 0.972617
0.027129 0.009821 0.002472 0.960579
0.014657 0.005030 0.001242 0.979071
0.010719 0.003487 0.000895 0.984899
0.023950 0.008229 0.002403 0.965418
0.027317 0.009522 0.002551 0.960611
0.015554 0.005427 0.001309 0.977710
0.010557 0.003457 0.000859 0.985127
0.023883 0.008230 0.002362 0.965524
0.028512 0.010053 0.002823 0.958612
0.020017 0.007210 0.001664 0.971109
0.007611 0.002442 0.000573 0.989374
0.012189 0.003956 0.001073 0.982782
0.024980 0.008629 0.002513 0.963877
0.027848 0.009723 0.002772 0.959657
0.023051 0.007993 0.002042 0.966914
0.010373 0.003378 0.000875 0.985373
0.012139 0.003936 0.001093 0.982832
0.023639 0.007945 0.002227 0.966189
0.023936 0.007992 0.002424 0.965648
0.025006 0.008711 0.002324 0.963960
0.017101 0.005951 0.001457 0.975491
0.015062 0.004834 0.001497 0.978606
0.020580 0.007137 0.001812 0.970470
0.013819 0.004363 0.001240 0.980578
0.018349 0.005995 0.001798 0.973858
0.017397 0.006018 0.001477 0.975108
0.015079 0.004994 0.001296 0.978631
0.010734 0.003506 0.000895 0.984865
0.022265 0.007465 0.002230 0.968041
0.027384 0.009641 0.002755 0.960221
0.026105 0.009452 0.002326 0.962117
0.017468 0.005725 0.001636 0.975170
0.010167 0.003297 0.000821 0.985715
0.019481 0.006484 0.001800 0.972235
0.012939 0.004002 0.001339 0.981720
0.021427 0.007434 0.001956 0.969183
0.024135 0.008278 0.002437 0.965149
0.016223 0.005307 0.001579 0.976891
0.020816 0.007176 0.001852 0.970156
0.009135 0.002856 0.000743 0.987266
0.008824 0.002834 0.000737 0.987606
0.017243 0.005452 0.001561 0.975744
0.018351 0.006137 0.001683 0.973829
0.028298 0.010223 0.002798 0.958682
0.024534 0.008903 0.002145 0.964418
0.021255 0.007346 0.001904 0.969495
0.009419 0.003063 0.000763 0.986754
0.019901 0.006796 0.001805 0.971497
0.025205 0.008451 0.002530 0.963814
0.015871 0.005470 0.001312 0.977348
0.018241 0.006128 0.001606 0.974024
0.011796 0.003870 0.000989 0.983345
0.027128 0.009792 0.002703 0.960377
0.022711 0.007639 0.002095 0.967556
0.025353 0.008887 0.002513 0.963246
0.008722 0.002826 0.000660 0.987792
0.015937 0.005508 0.001357 0.977198
0.013169 0.004145 0.001202 0.981484
0.023907 0.008321 0.002380 0.965392
0.027526 0.009756 0.002594 0.960124
0.024938 0.008708 0.002559 0.963794
0.008929 0.002885 0.000710 0.987476
0.017100 0.005813 0.001521 0.975566
0.011328 0.003595 0.000973 0.984104
0.024202 0.008377 0.002358 0.965064
0.022666 0.007591 0.002070 0.967673
0.023636 0.008306 0.002073 0.965984
0.010129 0.003313 0.000775 0.985782
0.017944 0.006158 0.001489 0.974409
0.021155 0.007048 0.002000 0.969797
0.025983 0.009230 0.002411 0.962377
0.016421 0.005674 0.001372 0.976533
0.021677 0.007475 0.001955 0.968892
0.016365 0.005707 0.001441 0.976488
0.026723 0.009675 0.002457 0.961145
0.028126 0.010121 0.002759 0.958994
0.026203 0.009487 0.002358 0.961951
0.013294 0.004354 0.001068 0.981284
0.010146 0.003273 0.000827 0.985754
0.022312 0.007685 0.001991 0.968012
0.020423 0.006905 0.001850 0.970822
0.026372 0.009280 0.002762 0.961585
0.023633 0.008105 0.002173 0.966089
0.024773 0.008673 0.002362 0.964192
0.011508 0.003772 0.000918 0.983803
0.016380 0.005608 0.001371 0.976641
0.008411 0.002598 0.000718 0.988273
0.026524 0.009611 0.002509 0.961356
0.024335 0.008258 0.002534 0.964874
0.028551 0.010347 0.002796 0.958306
0.020251 0.006588 0.002001 0.971160
0.015214 0.004992 0.001404 0.978389
0.008664 0.002756 0.000667 0.987913
0.010469 0.003332 0.000884 0.985314
0.012426 0.003960 0.001060 0.982554
0.027672 0.009664 0.002766 0.959897
0.027724 0.009672 0.002751 0.959852
0.026030 0.009120 0.002541 0.962310
0.008830 0.002833 0.000666 0.987671
0.008681 0.002766 0.000680 0.987873
0.010189 0.003257 0.000905 0.985648
0.026522 0.009216 0.002759 0.961502
0.022919 0.007646 0.002346 0.967090
0.024591 0.008540 0.002417 0.964452
0.010967 0.003579 0.000925 0.984529
0.013483 0.004290 0.001261 0.980966
0.010235 0.003221 0.000821 0.985724
0.007530 0.002415 0.000563 0.989492
0.010422 0.003269 0.000907 0.985401
0.024166 0.008713 0.002126 0.964995
0.025457 0.008642 0.002715 0.963186
0.024009 0.008377 0.002159 0.965454
0.023693 0.008610 0.002107 0.965590
0.010731 0.003497 0.000919 0.984852
0.024172 0.008419 0.002445 0.964963
0.022862 0.007631 0.002152 0.967355
0.021390 0.007003 0.002085 0.969522
0.011075 0.003603 0.000920 0.984401
0.024785 0.008953 0.002265 0.963997
0.013017 0.004051 0.001264 0.981668
0.019754 0.006471 0.001933 0.971843
0.022720 0.007551 0.002285 0.967444
0.009109 0.002931 0.000681 0.987279
0.009625 0.003118 0.000884 0.986373
0.008992 0.002874 0.000714 0.987421
0.027043 0.009581 0.002542 0.960834
0.011314 0.003559 0.000930 0.984196
0.014496 0.005019 0.001163 0.979322
0.006914 0.002200 0.000563 0.990323
0.028144 0.010126 0.002791 0.958939
0.019386 0.006765 0.001752 0.972097
0.013988 0.004608 0.001209 0.980195
0.016518 0.005357 0.001592 0.976532
0.015195 0.005244 0.001316 0.978244
0.020538 0.007197 0.001710 0.970556
0.008671 0.002727 0.000673 0.987929
0.018877 0.006082 0.001908 0.973133
0.016924 0.007209 0.001307 0.974561
0.025111 0.008529 0.002499 0.963862
0.009914 0.003236 0.000768 0.986082
0.009470 0.003079 0.000773 0.986678
0.013496 0.004145 0.001410 0.980949
0.027037 0.009475 0.002609 0.960878
0.019818 0.006635 0.001742 0.971806
0.017089 0.005612 0.001631 0.975668
0.023443 0.007886 0.002319 0.966351
0.018335 0.006113 0.001582 0.973970
0.011094 0.003616 0.000902 0.984389
0.009784 0.003210 0.000839 0.986166
0.026602 0.009260 0.002657 0.961481
0.023063 0.007672 0.002315 0.966950
0.025265 0.008736 0.002397 0.963602
0.008611 0.002732 0.000693 0.987964
0.011092 0.003585 0.000908 0.984414
0.013529 0.004224 0.001263 0.980984
0.022071 0.007252 0.002063 0.968614
0.017376 0.005707 0.001507 0.975409
0.009211 0.002950 0.000750 0.987089
0.024657 0.008596 0.002491 0.964256
0.027227 0.009418 0.002557 0.960798
0.024708 0.008537 0.002377 0.964377
0.008896 0.002877 0.000676 0.987551
0.023058 0.008041 0.002087 0.966814
0.015860 0.005019 0.001562 0.977559
0.022209 0.007668 0.001985 0.968137
0.017070 0.005557 0.001490 0.975884
0.010921 0.003526 0.001012 0.984541
0.024796 0.008681 0.002503 0.964021
0.027545 0.009894 0.002622 0.959939
0.013503 0.004312 0.001218 0.980968
0.011076 0.003562 0.001000 0.984362
0.012822 0.003979 0.001189 0.982010
0.015466 0.004863 0.001497 0.978174
0.009299 0.002949 0.000732 0.987020
0.010481 0.003288 0.001001 0.985230
0.007982 0.002476 0.000640 0.988902
0.015463 0.005183 0.001321 0.978033
0.013362 0.004270 0.001237 0.981130
0.027432 0.009911 0.002667 0.959991
0.027717 0.009664 0.002733 0.959886
0.016100 0.005234 0.001540 0.977126
0.010523 0.003434 0.000820 0.985224
0.010220 0.003239 0.000905 0.985636
0.016859 0.005302 0.001701 0.976138
0.026833 0.009359 0.002571 0.961237
0.020574 0.006927 0.001804 0.970695
0.008785 0.002841 0.000716 0.987658
0.023867 0.008424 0.002126 0.965584
0.018781 0.006304 0.001751 0.973164
0.018306 0.006274 0.001603 0.973816
0.028233 0.010161 0.002790 0.958816
0.015703 0.005393 0.001240 0.977665
0.027771 0.010020 0.002760 0.959449
0.008359 0.002668 0.000658 0.988314
0.020135 0.007269 0.001775 0.970821
0.013024 0.004125 0.001191 0.981660
0.019995 0.006928 0.001910 0.971167
0.024799 0.008231 0.002553 0.964417
0.016661 0.005766 0.001406 0.976168
0.015379 0.005313 0.001203 0.978105
0.009859 0.003161 0.000774 0.986205
0.021439 0.007158 0.001927 0.969476
0.014239 0.006057 0.001025 0.978678
0.024979 0.008328 0.002592 0.964101
0.024198 0.008325 0.002413 0.965065
0.018363 0.006311 0.001578 0.973749
0.008980 0.002899 0.000753 0.987368
0.012448 0.004024 0.001156 0.982372
0.023651 0.007879 0.002362 0.966108
0.024025 0.008172 0.002381 0.965423
0.009656 0.003124 0.000735 0.986485
0.009006 0.002887 0.000685 0.987421
0.015309 0.004856 0.001593 0.978241
0.024271 0.008377 0.002302 0.965050
0.019713 0.006200 0.002043 0.972044
0.016109 0.005280 0.001532 0.977079
0.017900 0.006246 0.001517 0.974337
0.015343 0.004856 0.001477 0.978324
0.015277 0.004868 0.001488 0.978367
0.013033 0.004123 0.001083 0.981761
0.011196 0.003508 0.001046 0.984250
0.009454 0.003043 0.000737 0.986766
0.023718 0.008476 0.002095 0.965711
0.012029 0.003840 0.001034 0.983096
0.017422 0.006082 0.001490 0.975005
0.026828 0.009173 0.002787 0.961211
0.024204 0.008298 0.002401 0.965098
0.025780 0.009326 0.002270 0.962624
0.017240 0.005627 0.001729 0.975404
0.011664 0.003820 0.000974 0.983542
0.021075 0.007003 0.001933 0.969989
0.017905 0.005626 0.001834 0.974635
0.024260 0.008424 0.002297 0.965019
0.025275 0.008494 0.002556 0.963675
0.016808 0.005473 0.001588 0.976131
0.025315 0.008808 0.002427 0.963451
0.010254 0.003189 0.000933 0.985624
0.007944 0.002538 0.000619 0.988899
0.016161 0.005118 0.001602 0.977120
0.013732 0.004357 0.001353 0.980559
0.025824 0.008772 0.002575 0.962829
0.015497 0.004931 0.001435 0.978137
0.008434 0.002719 0.000658 0.988189
0.009511 0.002990 0.000711 0.986788
0.008678 0.002686 0.000711 0.987925
0.017779 0.005872 0.001634 0.974715
0.026823 0.009542 0.002514 0.961121
0.024705 0.008551 0.002510 0.964234
0.023228 0.008074 0.002125 0.966573
0.017656 0.006057 0.001548 0.974740
0.009130 0.002958 0.000701 0.987211
0.016991 0.005884 0.001437 0.975689
0.014127 0.004433 0.001321 0.980118
0.020592 0.007111 0.001781 0.970516
0.028650 0.010339 0.002762 0.958250
0.023077 0.007984 0.002083 0.966856
0.019254 0.006645 0.001780 0.972322
0.013822 0.004416 0.001306 0.980456
0.023361 0.008045 0.002249 0.966345
0.018839 0.005935 0.001824 0.973401
0.007045 0.002346 0.000508 0.990101
0.008789 0.002776 0.000701 0.987734
0.015578 0.005086 0.001561 0.977775
0.018571 0.005932 0.001743 0.973754
0.023245 0.007800 0.002315 0.966640
0.009382 0.003011 0.000734 0.986873
0.020901 0.006829 0.002062 0.970207
0.009363 0.002891 0.000798 0.986947
0.025582 0.009232 0.002412 0.962773
0.015064 0.004795 0.001456 0.978686
0.020531 0.007129 0.001810 0.970531
0.015697 0.005102 0.001417 0.977785
0.009048 0.002900 0.000728 0.987323
0.025089 0.008633 0.002471 0.963807
0.020935 0.007041 0.001899 0.970126
0.014339 0.004682 0.001188 0.979791
0.015196 0.004838 0.001500 0.978466
0.025010 0.009045 0.002280 0.963665
0.017318 0.005868 0.001587 0.975227
0.017746 0.005797 0.001790 0.974668
0.014717 0.005064 0.001312 0.978907
0.021559 0.007177 0.002012 0.969253
0.011203 0.003684 0.000927 0.984187
0.019144 0.006148 0.001858 0.972849
0.014831 0.006402 0.001016 0.977750
0.007207 0.002390 0.000542 0.989861
0.014324 0.004664 0.001235 0.979777
0.017164 0.006053 0.001474 0.975308
0.025952 0.008887 0.002728 0.962433
0.018846 0.006508 0.001618 0.973028
0.019487 0.006329 0.001936 0.972249
0.011917 0.003855 0.001004 0.983223
0.022632 0.008180 0.001948 0.967241
0.012692 0.003959 0.001102 0.982247
0.017634 0.006176 0.001564 0.974626
0.021450 0.007236 0.001976 0.969338
0.028713 0.010356 0.002877 0.958054
0.025309 0.009121 0.002245 0.963326
0.016756 0.005809 0.001482 0.975953
0.012127 0.003934 0.001060 0.982879
0.023182 0.007977 0.002297 0.966544
0.026963 0.009555 0.002499 0.960983
0.011816 0.003804 0.000977 0.983403
0.009101 0.002881 0.000718 0.987300
0.013960 0.004756 0.001155 0.980130
0.022643 0.007863 0.001978 0.967517
0.028495 0.010314 0.002839 0.958353
0.017905 0.006082 0.001530 0.974484
0.018608 0.006879 0.001601 0.972913
0.008563 0.002726 0.000705 0.988006
0.023131 0.007907 0.002355 0.966607
0.022548 0.007546 0.002122 0.967784
0.016682 0.005788 0.001360 0.976171
0.009538 0.003076 0.000802 0.986583
0.023667 0.008220 0.002179 0.965933
0.019677 0.006604 0.001807 0.971912
0.018746 0.006093 0.001775 0.973386
0.019549 0.006785 0.001675 0.971991
0.025134 0.009101 0.002295 0.963470
0.023861 0.008126 0.002352 0.965661
0.025374 0.008749 0.002491 0.963386
0.023910 0.008251 0.002223 0.965616
0.010963 0.003614 0.000905 0.984518
0.016570 0.005389 0.001655 0.976386
0.019228 0.006160 0.001779 0.972833
0.016856 0.005145 0.001693 0.976305
0.009725 0.003120 0.000781 0.986375
0.020853 0.007233 0.001841 0.970072
0.016254 0.005180 0.001605 0.976961
0.016277 0.005636 0.001345 0.976742
0.019714 0.006813 0.001701 0.971773
0.017039 0.005527 0.001723 0.975710
0.025574 0.009245 0.002254 0.962926
0.016697 0.005706 0.001473 0.976123
0.016388 0.005336 0.001631 0.976645
0.016841 0.005863 0.001392 0.975905
0.017579 0.005305 0.001804 0.975311
0.010880 0.004528 0.000724 0.983869
0.014595 0.004657 0.001302 0.979446
0.008921 0.002744 0.000760 0.987575
0.017654 0.006132 0.001511 0.974702
0.025705 0.008823 0.002778 0.962694
0.024743 0.008960 0.002189 0.964108
0.024480 0.008459 0.002399 0.964662
0.010881 0.003569 0.000853 0.984696
0.017488 0.006267 0.001470 0.974775
0.009602 0.002943 0.000816 0.986639
0.021326 0.007302 0.001971 0.969401
0.027055 0.009561 0.002697 0.960687
0.025295 0.009147 0.002257 0.963302
0.023616 0.007961 0.002333 0.966090
0.015858 0.005120 0.001568 0.977454
0.023880 0.008242 0.002134 0.965744
0.016970 0.005384 0.001664 0.975982
0.013426 0.004400 0.001158 0.981016
0.016087 0.005487 0.001308 0.977118
0.014566 0.004485 0.001503 0.979447
0.016913 0.005480 0.001516 0.976091
0.023353 0.008254 0.002052 0.966341
0.016108 0.005275 0.001586 0.977031
0.023544 0.008260 0.002101 0.966094
0.026953 0.009348 0.002718 0.960981
0.010812 0.003502 0.000894 0.984792
0.025170 0.008833 0.002496 0.963501
0.011070 0.003461 0.000950 0.984518
0.021067 0.007277 0.001801 0.969855
0.011753 0.003704 0.000974 0.983569
0.025214 0.008700 0.002484 0.963602
0.025227 0.008765 0.002297 0.963712
0.016859 0.005811 0.001460 0.975871
0.011295 0.003728 0.000909 0.984068
0.027376 0.009952 0.002842 0.959829
0.027587 0.009597 0.002745 0.960070
0.024143 0.008352 0.002335 0.965169
0.010938 0.003551 0.000839 0.984672
0.007732 0.002484 0.000625 0.989158
0.009814 0.003021 0.000833 0.986332
0.027284 0.009718 0.002787 0.960211
0.022370 0.007591 0.002061 0.967978
0.028472 0.010270 0.002760 0.958498
0.008590 0.002709 0.000701 0.988000
0.025085 0.008733 0.002781 0.963401
0.011846 0.003764 0.001029 0.983361
0.020457 0.007079 0.001815 0.970649
0.011567 0.003600 0.001009 0.983824
0.015655 0.005475 0.001208 0.977662
0.007344 0.002292 0.000571 0.989793
0.022299 0.007748 0.001929 0.968024
0.022043 0.007804 0.001934 0.968219
0.025519 0.008932 0.002401 0.963147
0.020462 0.007178 0.001864 0.970496
0.023435 0.007973 0.002338 0.966254
0.022437 0.007718 0.002037 0.967808
0.012587 0.004100 0.001011 0.982301
0.009198 0.002987 0.000733 0.987082
0.019581 0.006820 0.001704 0.971895
0.027974 0.009917 0.002793 0.959315
0.025679 0.008981 0.002555 0.962785
0.013407 0.004416 0.001080 0.981097
0.011671 0.003752 0.000951 0.983626
0.009381 0.003044 0.000758 0.986818
0.024617 0.008285 0.002345 0.964752
0.018834 0.006309 0.001662 0.973195
0.017141 0.006025 0.001404 0.975430
0.026037 0.009039 0.002647 0.962277
0.027457 0.009719 0.002691 0.960133
0.025880 0.009407 0.002336 0.962376
0.010723 0.003538 0.000829 0.984909
0.013512 0.004341 0.001334 0.980812
0.016686 0.005102 0.001734 0.976477
0.025461 0.008699 0.002519 0.963321
0.010262 0.003355 0.000797 0.985586
0.008256 0.002670 0.000638 0.988436
0.009308 0.002867 0.000829 0.986996
0.026229 0.009111 0.002589 0.962072
0.022392 0.007546 0.002045 0.968016
0.010217 0.003224 0.000814 0.985745
0.008857 0.002784 0.000725 0.987633
0.025034 0.008661 0.002258 0.964046
0.017539 0.005566 0.001537 0.975357
0.018668 0.006463 0.001622 0.973247
0.023376 0.008044 0.002078 0.966502
0.023820 0.008107 0.002336 0.965737
0.022443 0.007996 0.001949 0.967613
0.020328 0.006665 0.002111 0.970897
0.013317 0.004252 0.001210 0.981221
0.027676 0.010003 0.002621 0.959700
0.010090 0.003272 0.000770 0.985867
0.009889 0.003167 0.000742 0.986202
0.013017 0.003943 0.001330 0.981711
0.024699 0.008541 0.002284 0.964476
0.024590 0.008317 0.002440 0.964654
0.017612 0.005744 0.001701 0.974944
0.025241 0.008785 0.002475 0.963498
0.009262 0.002854 0.000756 0.987129
0.009296 0.003002 0.000739 0.986963
0.013524 0.004333 0.001199 0.980943
0.015420 0.005222 0.001246 0.978112
0.025906 0.008859 0.002535 0.962700
0.024610 0.008571 0.002489 0.964330
0.021577 0.008361 0.001788 0.968274
0.023959 0.008185 0.002486 0.965370
0.011036 0.003576 0.000919 0.984469
0.018732 0.006444 0.001653 0.973170
0.014097 0.004457 0.001294 0.980151
0.019011 0.006583 0.001637 0.972769
0.022487 0.007504 0.002128 0.967880
0.023280 0.008097 0.002079 0.966544
0.027703 0.010000 0.002764 0.959533
0.021956 0.007644 0.001940 0.968460
0.026300 0.009395 0.002559 0.961747
0.016219 0.005336 0.001596 0.976849
0.024791 0.008688 0.002334 0.964187
0.007273 0.002262 0.000576 0.989890
0.009719 0.003165 0.000786 0.986331
0.018166 0.005884 0.001817 0.974133
0.022742 0.007621 0.002168 0.967469
0.015138 0.005085 0.001278 0.978500
0.011858 0.003860 0.001009 0.983273
0.026981 0.009564 0.002651 0.960804
0.025192 0.008790 0.002391 0.963628
0.012260 0.003931 0.000973 0.982836
0.013367 0.004259 0.001275 0.981099
0.015446 0.005347 0.001284 0.977922
0.018316 0.006367 0.001568 0.973750
0.012681 0.004033 0.001223 0.982063
0.027717 0.010037 0.002721 0.959525
0.018873 0.006434 0.001641 0.973052
0.017230 0.005666 0.001692 0.975412
0.010046 0.003259 0.000812 0.985883
0.015509 0.005181 0.001323 0.977987
0.014690 0.004550 0.001477 0.979283
0.022927 0.008284 0.001988 0.966800
0.020487 0.007238 0.001775 0.970501
0.008831 0.002849 0.000678 0.987642
0.024845 0.008945 0.002217 0.963993
0.025198 0.008570 0.002449 0.963783
0.023940 0.008321 0.002225 0.965514
0.020292 0.006614 0.002068 0.971026
0.022021 0.007598 0.001979 0.968402
0.018751 0.006507 0.001589 0.973152
0.008883 0.002885 0.000683 0.987548
0.025268 0.009074 0.002327 0.963331
0.024911 0.008418 0.002408 0.964263
0.024889 0.008584 0.002571 0.963956
0.018098 0.006219 0.001559 0.974124
0.016099 0.005586 0.001407 0.976908
0.012109 0.003934 0.001081 0.982876
0.020896 0.007559 0.001769 0.969776
0.020330 0.006845 0.001845 0.970979
0.014064 0.004558 0.001351 0.980027
0.028056 0.010212 0.002720 0.959011
0.026856 0.009305 0.002654 0.961186
0.016203 0.005307 0.001537 0.976952
0.010882 0.003529 0.000882 0.984707
0.009261 0.002859 0.000781 0.987099
0.010391 0.003244 0.000932 0.985433
0.024050 0.008211 0.002253 0.965486
0.019509 0.006157 0.002036 0.972297
0.024796 0.008497 0.002314 0.964392
0.017791 0.006134 0.001528 0.974547
0.008872 0.002871 0.000691 0.987566
0.020830 0.006796 0.002175 0.970198
0.025534 0.008655 0.002472 0.963339
0.024139 0.008364 0.002349 0.965148
0.010564 0.003484 0.000828 0.985124
0.023497 0.007944 0.002358 0.966201
0.015715 0.004932 0.001488 0.977865
0.017246 0.005919 0.001491 0.975343
0.016787 0.005341 0.001706 0.976166
0.025493 0.008930 0.002541 0.963036
0.015656 0.005238 0.001292 0.977813
0.008229 0.002626 0.000693 0.988452
0.010714 0.003473 0.000899 0.984914
0.022617 0.007567 0.002362 0.967454
0.026637 0.009286 0.002494 0.961582
0.023951 0.008246 0.002459 0.965344
0.010789 0.003539 0.000866 0.984806
0.028199 0.010138 0.002759 0.958904
0.011374 0.003571 0.000976 0.984079
0.016944 0.005840 0.001463 0.975753
0.010031 0.003126 0.000906 0.985938
0.019334 0.006478 0.001757 0.972431
0.027745 0.009639 0.002797 0.959819
0.020734 0.007092 0.001854 0.970320
0.018962 0.006149 0.001928 0.972961
0.008357 0.002642 0.000664 0.988337
0.023843 0.008238 0.002392 0.965527
0.010458 0.003394 0.000843 0.985305
0.025361 0.008773 0.002479 0.963387
0.016618 0.005235 0.001690 0.976457
0.021550 0.007795 0.001841 0.968815
0.012785 0.004005 0.001182 0.982028
0.010906 0.003566 0.000886 0.984642
0.027146 0.009566 0.002693 0.960594
0.021997 0.007132 0.002112 0.968758
0.021100 0.006883 0.002077 0.969940
0.013425 0.004284 0.001297 0.980995
0.014528 0.004824 0.001171 0.979477
0.010360 0.003311 0.000878 0.985451
0.011627 0.003820 0.001001 0.983552
0.025970 0.009145 0.002520 0.962365
0.023892 0.007956 0.002394 0.965758
0.019845 0.006462 0.001922 0.971771
0.021945 0.007877 0.001873 0.968305
0.009730 0.003137 0.000866 0.986267
0.009276 0.002972 0.000737 0.987015
0.022925 0.007779 0.002252 0.967044
0.009129 0.002877 0.000726 0.987268
0.018260 0.006279 0.001592 0.973869
0.008214 0.002589 0.000658 0.988540
0.016341 0.005656 0.001490 0.976513
0.024620 0.008430 0.002263 0.964687
0.017631 0.006078 0.001540 0.974751
0.026510 0.009538 0.002365 0.961586
0.028917 0.010678 0.002782 0.957624
0.024261 0.008705 0.002125 0.964909
0.022869 0.007873 0.002133 0.967126
0.012759 0.004146 0.001093 0.982002
0.022498 0.007712 0.002259 0.967530
0.025785 0.008642 0.002590 0.962983
0.025963 0.008988 0.002531 0.962518
0.010891 0.003533 0.000885 0.984692
0.008306 0.002684 0.000651 0.988358
0.012998 0.004054 0.001292 0.981656
0.016648 0.005581 0.001429 0.976342
0.015478 0.005236 0.001354 0.977932
0.009325 0.002983 0.000781 0.986911
0.025466 0.009217 0.002382 0.962935
0.023650 0.007941 0.002394 0.966015
0.020563 0.007131 0.001851 0.970455
0.021924 0.007579 0.001916 0.968581
0.016899 0.005467 0.001629 0.976005
0.024718 0.008606 0.002285 0.964390
0.023086 0.007848 0.002063 0.967003
0.009928 0.003199 0.000802 0.986071
0.013505 0.004391 0.001140 0.980965
0.013168 0.004088 0.001158 0.981586
0.026441 0.009196 0.002584 0.961779
0.028032 0.009972 0.002752 0.959244
0.019381 0.006566 0.001686 0.972366
0.009724 0.003183 0.000753 0.986340
0.016082 0.005258 0.001603 0.977057
0.018992 0.006048 0.001943 0.973017
0.023876 0.008350 0.002125 0.965649
0.012450 0.003993 0.001187 0.982369
0.016958 0.005557 0.001638 0.975846
0.021752 0.007319 0.001986 0.968944
0.011158 0.003506 0.000990 0.984345
0.008522 0.002750 0.000645 0.988084
0.017995 0.006037 0.001715 0.974252
0.021624 0.007106 0.002155 0.969116
0.020877 0.007127 0.001934 0.970061
0.025413 0.008787 0.002529 0.963271
0.020888 0.006948 0.002058 0.970106
0.025328 0.008848 0.002461 0.963363
0.010297 0.003335 0.000817 0.985551
0.010008 0.003249 0.000788 0.985956
0.008733 0.002718 0.000723 0.987825
0.023381 0.007903 0.002173 0.966544
0.024485 0.008252 0.002463 0.964800
0.026069 0.009023 0.002580 0.962328
0.019181 0.006994 0.001557 0.972268
0.010508 0.003359 0.000897 0.985237
0.011116 0.003606 0.000957 0.984321
0.023600 0.007912 0.002437 0.966051
0.024990 0.008434 0.002531 0.964045
0.020890 0.006801 0.002033 0.970276
0.016501 0.005373 0.001584 0.976543
0.011461 0.003734 0.000923 0.983882
0.016188 0.005131 0.001584 0.977098
0.015790 0.004968 0.001481 0.977760
0.024310 0.008225 0.002459 0.965006
0.009086 0.002811 0.000734 0.987368
0.019743 0.006496 0.001993 0.971768
0.012786 0.004055 0.001114 0.982045
0.027877 0.010078 0.002662 0.959383
0.011294 0.003503 0.000958 0.984245
0.012015 0.003898 0.000978 0.983109
0.010822 0.003413 0.000936 0.984828
0.023334 0.008137 0.002150 0.966379
0.017822 0.005987 0.001631 0.974560
0.018443 0.005968 0.001932 0.973656
0.015987 0.005527 0.001321 0.977164
0.028285 0.010238 0.002740 0.958737
0.010872 0.003576 0.000876 0.984676
0.019097 0.006907 0.001591 0.972404
0.007334 0.002279 0.000600 0.989786
0.016068 0.005241 0.001482 0.977208
0.017548 0.005604 0.001580 0.975268
0.021678 0.007514 0.001926 0.968883
0.019155 0.006263 0.001912 0.972670
0.024992 0.008636 0.002317 0.964055
0.020210 0.006953 0.001774 0.971063
0.012400 0.004069 0.001061 0.982470
0.024481 0.008497 0.002221 0.964801
0.025598 0.008577 0.002628 0.963197
0.024753 0.008664 0.002320 0.964264
0.016215 0.005612 0.001301 0.976872
0.009135 0.002922 0.000714 0.987229
0.021137 0.007134 0.002024 0.969704
0.022919 0.007849 0.002259 0.966973
0.025144 0.008711 0.002451 0.963693
0.025259 0.008825 0.002470 0.963445
0.016715 0.005794 0.001354 0.976136
0.007859 0.002548 0.000631 0.988962
0.013882 0.004463 0.001322 0.980333
0.020818 0.007166 0.001915 0.970101
0.016571 0.005289 0.001516 0.976624
0.017855 0.005854 0.001667 0.974624
0.022838 0.007823 0.002264 0.967075
0.019852 0.006796 0.001718 0.971634
0.009676 0.003135 0.000862 0.986327
0.015711 0.005082 0.001524 0.977682
0.015702 0.005428 0.001292 0.977578
0.011516 0.003651 0.000976 0.983857
0.013483 0.004354 0.001240 0.980924
0.024051 0.008398 0.002175 0.965377
0.023674 0.007769 0.002444 0.966112
0.013059 0.004227 0.001198 0.981516
0.021472 0.007744 0.001827 0.968956
0.010609 0.003425 0.000844 0.985121
0.015384 0.005038 0.001468 0.978109
0.025957 0.008921 0.002525 0.962597
0.018720 0.005874 0.001913 0.973494
0.017441 0.005664 0.001698 0.975197
0.019446 0.006371 0.001851 0.972333
0.012495 0.003904 0.001156 0.982446
0.008429 0.002709 0.000647 0.988215
0.008681 0.002729 0.000684 0.987906
0.008246 0.002581 0.000697 0.988476
0.017874 0.005687 0.001707 0.974733
0.028317 0.010005 0.002785 0.958893
0.020479 0.007046 0.001816 0.970659
0.018344 0.006396 0.001539 0.973721
0.009832 0.003100 0.000834 0.986234
0.024663 0.008572 0.002622 0.964143
0.022765 0.007662 0.002200 0.967373
0.022354 0.007835 0.001999 0.967813
0.012287 0.004078 0.001009 0.982626
0.012402 0.004001 0.001053 0.982543
0.008719 0.002550 0.000786 0.987945
0.025218 0.008757 0.002520 0.963505
0.017863 0.005584 0.001632 0.974921
0.020212 0.006499 0.001979 0.971310
0.010702 0.003493 0.000834 0.984972
0.019051 0.006801 0.001626 0.972522
0.014578 0.004653 0.001339 0.979429
0.021213 0.007268 0.001953 0.969566
0.020708 0.006836 0.001966 0.970491
0.025604 0.008933 0.002702 0.962760
0.024264 0.008349 0.002406 0.964981
0.023188 0.007977 0.002261 0.966574
0.008944 0.002884 0.000676 0.987496
0.013404 0.004336 0.001286 0.980974
0.010697 0.003333 0.000926 0.985044
0.015083 0.005058 0.001261 0.978598
0.008416 0.002684 0.000641 0.988259
0.015511 0.005225 0.001384 0.977880
0.027866 0.009894 0.002635 0.959605
0.023998 0.008235 0.002377 0.965390
0.013892 0.004476 0.001182 0.980450
0.013165 0.005635 0.000982 0.980217
0.011884 0.003867 0.001056 0.983192
0.023955 0.008240 0.002471 0.965333
0.015223 0.004816 0.001522 0.978440
0.017923 0.006180 0.001507 0.974389
0.010274 0.003213 0.000927 0.985586
