0.006760 0.001604 0.000574 0.991062
0.010592 0.002524 0.001059 0.985825
0.007956 0.001883 0.000679 0.989482
0.007931 0.001876 0.000758 0.989436
0.006190 0.001437 0.000522 0.991852
0.006791 0.001608 0.000539 0.991061
0.010388 0.002332 0.001139 0.986142
0.006588 0.001557 0.000547 0.991308
0.006860 0.001620 0.000584 0.990935
0.005110 0.001230 0.000367 0.993294
0.008168 0.001932 0.000716 0.989184
0.008152 0.001856 0.000841 0.989151
0.007372 0.001730 0.000690 0.990207
0.009188 0.002170 0.000898 0.987744
0.006982 0.001651 0.000620 0.990746
0.006182 0.001474 0.000513 0.991831
0.008025 0.001895 0.000719 0.989361
0.010520 0.002509 0.000986 0.985986
0.006952 0.001645 0.000553 0.990850
0.006389 0.001501 0.000487 0.991623
0.005806 0.001333 0.000470 0.992391
0.007345 0.001714 0.000656 0.990286
0.007138 0.001627 0.000698 0.990538
0.008923 0.002110 0.000785 0.988182
0.006602 0.001564 0.000536 0.991298
0.010141 0.002386 0.001027 0.986446
0.007085 0.001661 0.000612 0.990642
0.007415 0.001750 0.000676 0.990160
0.005850 0.001353 0.000473 0.992324
0.007876 0.001879 0.000648 0.989597
0.007628 0.001709 0.000811 0.989851
0.007279 0.001709 0.000635 0.990377
0.006726 0.001586 0.000551 0.991137
0.006801 0.001600 0.000592 0.991007
0.007043 0.001653 0.000613 0.990691
0.007146 0.001687 0.000642 0.990525
0.007371 0.001755 0.000636 0.990238
0.007549 0.001798 0.000635 0.990019
0.006804 0.001612 0.000558 0.991026
0.007490 0.001761 0.000661 0.990088
0.006838 0.001604 0.000595 0.990963
0.007780 0.001836 0.000732 0.989652
0.006928 0.001647 0.000583 0.990842
0.011223 0.002673 0.001104 0.985000
0.006703 0.001583 0.000532 0.991182
0.007412 0.001732 0.000704 0.990152
0.006023 0.001405 0.000475 0.992097
0.007499 0.001792 0.000663 0.990046
0.009110 0.002103 0.001058 0.987729
0.006422 0.001512 0.000493 0.991572
0.009060 0.002132 0.000949 0.987859
0.005822 0.001353 0.000457 0.992368
0.007114 0.001690 0.000606 0.990590
0.006879 0.001545 0.000689 0.990888
0.007430 0.001756 0.000690 0.990125
0.010322 0.002360 0.001004 0.986314
0.007460 0.001767 0.000618 0.990156
0.006739 0.001580 0.000601 0.991080
0.007141 0.001681 0.000662 0.990516
0.010930 0.002581 0.001107 0.985383
0.010531 0.002509 0.001038 0.985922
0.006760 0.001601 0.000558 0.991081
0.006576 0.001535 0.000553 0.991336
0.006189 0.001443 0.000501 0.991867
0.008613 0.001940 0.000847 0.988601
0.007354 0.001652 0.000784 0.990209
0.010125 0.002396 0.000999 0.986480
0.007205 0.001705 0.000596 0.990494
0.006995 0.001650 0.000631 0.990724
0.005803 0.001353 0.000483 0.992361
0.007525 0.001783 0.000661 0.990032
0.010624 0.002414 0.001175 0.985787
0.007309 0.001730 0.000620 0.990341
0.008157 0.001934 0.000757 0.989151
0.005967 0.001398 0.000500 0.992135
0.008096 0.001922 0.000708 0.989274
0.009349 0.002114 0.000944 0.987593
0.010217 0.002421 0.000983 0.986380
0.007011 0.001661 0.000589 0.990739
0.010053 0.002359 0.000982 0.986606
0.006246 0.001468 0.000480 0.991806
0.007066 0.001662 0.000608 0.990663
0.006405 0.001418 0.000600 0.991577
0.009189 0.002180 0.000797 0.987834
0.007699 0.001765 0.000803 0.989733
0.007076 0.001676 0.000614 0.990635
0.008871 0.002098 0.000775 0.988257
0.010506 0.002485 0.001020 0.985989
0.006527 0.001528 0.000525 0.991420
0.006016 0.001417 0.000449 0.992118
0.007011 0.001620 0.000622 0.990747
0.007750 0.001827 0.000653 0.989770
0.006627 0.001488 0.000624 0.991261
0.005366 0.001289 0.000435 0.992910
0.010326 0.002434 0.000927 0.986313
0.010076 0.002329 0.001005 0.986589
0.007079 0.001662 0.000557 0.990702
0.006990 0.001637 0.000563 0.990811
0.007042 0.001650 0.000668 0.990640
0.007312 0.001732 0.000597 0.990359
0.010172 0.002342 0.001026 0.986460
0.010168 0.002366 0.000979 0.986487
0.006850 0.001605 0.000563 0.990981
0.008211 0.001815 0.000841 0.989133
0.006338 0.001479 0.000500 0.991683
0.010501 0.002334 0.001160 0.986005
0.006422 0.001414 0.000600 0.991565
0.006744 0.001597 0.000514 0.991146
0.008628 0.001890 0.000908 0.988574
0.007168 0.001683 0.000609 0.990540
0.006670 0.001509 0.000628 0.991193
0.005857 0.001348 0.000457 0.992338
0.006998 0.001660 0.000594 0.990748
0.008549 0.001922 0.000814 0.988716
0.006951 0.001636 0.000593 0.990820
0.008643 0.002039 0.000746 0.988572
0.007045 0.001662 0.000532 0.990761
0.007298 0.001709 0.000691 0.990303
0.007182 0.001694 0.000645 0.990480
0.006994 0.001650 0.000571 0.990786
0.006525 0.001532 0.000549 0.991393
0.007435 0.001757 0.000629 0.990179
0.008510 0.002030 0.000709 0.988751
0.009869 0.002319 0.000945 0.986867
0.006463 0.001514 0.000534 0.991489
0.006868 0.001606 0.000615 0.990912
0.011149 0.002571 0.001102 0.985178
0.007303 0.001728 0.000622 0.990346
0.006836 0.001556 0.000664 0.990944
0.006324 0.001469 0.000516 0.991691
0.007178 0.001702 0.000614 0.990505
0.007826 0.001772 0.000817 0.989586
0.007741 0.001832 0.000660 0.989767
0.008736 0.002075 0.000843 0.988346
0.006372 0.001499 0.000512 0.991617
0.006451 0.001524 0.000473 0.991553
0.005807 0.001417 0.000460 0.992316
0.007569 0.001779 0.000722 0.989930
0.006720 0.001547 0.000602 0.991130
0.007120 0.001691 0.000582 0.990607
0.007971 0.001878 0.000769 0.989381
0.007462 0.001755 0.000636 0.990147
0.008000 0.001890 0.000762 0.989348
0.010174 0.002390 0.000986 0.986450
0.006756 0.001588 0.000563 0.991092
0.007187 0.001684 0.000580 0.990549
0.006183 0.001442 0.000484 0.991890
0.006788 0.001589 0.000590 0.991034
0.009825 0.002223 0.000953 0.986999
0.011201 0.002649 0.001089 0.985061
0.006825 0.001629 0.000538 0.991007
0.006397 0.001496 0.000497 0.991610
0.005591 0.001301 0.000420 0.992688
0.010783 0.002533 0.001174 0.985509
0.008570 0.001928 0.000848 0.988653
0.009549 0.002252 0.000922 0.987278
0.004960 0.001203 0.000364 0.993472
0.010345 0.002419 0.001009 0.986227
0.006201 0.001381 0.000559 0.991859
0.006800 0.001602 0.000575 0.991023
0.007130 0.001568 0.000668 0.990634
0.007168 0.001691 0.000600 0.990542
0.007730 0.001737 0.000802 0.989730
0.006859 0.001626 0.000564 0.990952
0.007189 0.001703 0.000599 0.990508
0.007005 0.001649 0.000647 0.990699
0.007590 0.001789 0.000625 0.989995
0.006746 0.001597 0.000568 0.991089
0.011992 0.002874 0.001208 0.983925
0.007453 0.001762 0.000633 0.990152
0.007130 0.001687 0.000621 0.990562
0.006110 0.001435 0.000465 0.991990
0.007333 0.001740 0.000653 0.990275
0.009366 0.002110 0.000999 0.987524
0.006552 0.001548 0.000528 0.991371
0.008084 0.001894 0.000852 0.989171
0.004902 0.001185 0.000357 0.993556
0.006724 0.001592 0.000512 0.991172
0.006520 0.001458 0.000608 0.991414
0.007673 0.001795 0.000734 0.989799
0.008305 0.001897 0.000796 0.989002
0.008343 0.001982 0.000782 0.988893
0.007620 0.001792 0.000716 0.989872
0.007678 0.001814 0.000651 0.989857
0.007679 0.001818 0.000650 0.989853
0.010467 0.002476 0.000989 0.986068
0.010808 0.002552 0.001063 0.985577
0.007049 0.001656 0.000579 0.990716
0.005576 0.001292 0.000405 0.992727
0.007832 0.001815 0.000738 0.989615
0.009116 0.002045 0.000927 0.987912
0.010562 0.002409 0.001137 0.985891
0.007164 0.001692 0.000563 0.990581
0.010684 0.002525 0.001005 0.985786
0.005646 0.001306 0.000438 0.992610
0.011159 0.002601 0.001156 0.985083
0.008681 0.001940 0.000898 0.988480
0.010889 0.002578 0.001081 0.985452
0.006523 0.001441 0.000581 0.991456
0.005843 0.001363 0.000448 0.992346
0.006638 0.001457 0.000671 0.991234
0.007569 0.001692 0.000813 0.989926
0.011179 0.002536 0.001220 0.985065
0.007655 0.001810 0.000663 0.989871
0.006745 0.001601 0.000541 0.991113
0.006491 0.001503 0.000481 0.991525
0.006985 0.001642 0.000613 0.990760
0.007787 0.001761 0.000802 0.989650
0.007685 0.001806 0.000692 0.989817
0.011999 0.002846 0.001222 0.983933
0.008306 0.001953 0.000729 0.989013
0.006954 0.001646 0.000594 0.990806
0.010034 0.002318 0.000991 0.986657
0.007129 0.001681 0.000605 0.990585
0.009980 0.002251 0.001083 0.986685
0.005683 0.001320 0.000435 0.992562
0.010212 0.002396 0.000962 0.986429
0.005501 0.001227 0.000460 0.992812
0.006692 0.001570 0.000523 0.991215
0.006565 0.001443 0.000645 0.991347
0.007896 0.001851 0.000681 0.989573
0.007122 0.001611 0.000708 0.990559
0.007328 0.001727 0.000652 0.990293
0.008589 0.002018 0.000840 0.988554
0.006509 0.001547 0.000542 0.991402
0.007033 0.001665 0.000620 0.990682
0.010853 0.002568 0.001150 0.985430
0.008008 0.001897 0.000741 0.989355
0.006687 0.001575 0.000557 0.991181
0.005717 0.001331 0.000451 0.992502
0.006912 0.001613 0.000603 0.990872
0.009551 0.002165 0.000915 0.987370
0.010796 0.002446 0.001056 0.985702
0.007466 0.001761 0.000613 0.990161
0.006810 0.001596 0.000608 0.990986
0.007694 0.001816 0.000651 0.989839
0.008294 0.001960 0.000713 0.989033
0.009974 0.002333 0.001006 0.986686
0.008078 0.001892 0.000704 0.989325
0.009896 0.002336 0.000936 0.986833
0.009110 0.002122 0.000852 0.987916
0.007541 0.001780 0.000583 0.990096
0.008861 0.001941 0.001032 0.988167
0.006726 0.001552 0.000545 0.991177
0.008083 0.001841 0.000786 0.989291
0.008999 0.002023 0.000974 0.988004
0.007769 0.001845 0.000654 0.989732
0.010886 0.002476 0.001288 0.985350
0.007507 0.001760 0.000692 0.990041
0.006737 0.001595 0.000538 0.991129
0.008909 0.001956 0.001018 0.988117
0.006451 0.001489 0.000497 0.991563
0.008090 0.001814 0.000758 0.989337
0.005468 0.001256 0.000444 0.992832
0.007497 0.001757 0.000678 0.990068
0.009235 0.002133 0.000853 0.987779
0.006966 0.001643 0.000570 0.990821
0.010140 0.002383 0.001022 0.986455
0.009931 0.002324 0.000982 0.986763
0.006530 0.001543 0.000530 0.991398
0.006039 0.001399 0.000477 0.992085
0.006130 0.001414 0.000500 0.991955
0.007662 0.001709 0.000830 0.989799
0.008097 0.001838 0.000828 0.989237
0.007972 0.001886 0.000724 0.989418
0.007656 0.001823 0.000720 0.989802
0.007545 0.001787 0.000638 0.990029
0.011449 0.002711 0.001192 0.984648
0.006811 0.001602 0.000581 0.991005
0.005820 0.001386 0.000442 0.992352
0.005713 0.001333 0.000442 0.992512
0.010528 0.002480 0.001014 0.985977
0.008438 0.001888 0.000832 0.988842
0.006361 0.001492 0.000518 0.991628
0.006085 0.001408 0.000511 0.991996
0.007240 0.001688 0.000682 0.990390
0.008580 0.001959 0.000814 0.988647
0.006585 0.001558 0.000534 0.991323
0.008438 0.001984 0.000735 0.988843
0.006818 0.001609 0.000552 0.991021
0.006690 0.001572 0.000590 0.991148
0.006661 0.001558 0.000571 0.991210
0.006989 0.001647 0.000613 0.990751
0.007843 0.001852 0.000666 0.989639
0.006953 0.001657 0.000585 0.990804
0.007060 0.001656 0.000644 0.990639
0.007332 0.001722 0.000689 0.990257
0.009290 0.002193 0.000782 0.987735
0.007837 0.001845 0.000751 0.989568
0.007710 0.001813 0.000662 0.989815
0.007380 0.001745 0.000641 0.990234
0.007133 0.001673 0.000632 0.990562
0.007479 0.001765 0.000650 0.990107
0.007642 0.001807 0.000643 0.989908
0.009386 0.002226 0.000886 0.987502
0.007168 0.001682 0.000613 0.990538
0.007743 0.001829 0.000718 0.989711
0.006219 0.001429 0.000496 0.991856
0.009630 0.002227 0.001119 0.987024
0.005727 0.001295 0.000495 0.992483
0.007560 0.001793 0.000642 0.990005
0.007223 0.001607 0.000676 0.990494
0.007327 0.001739 0.000637 0.990297
0.007993 0.001822 0.000776 0.989410
0.011465 0.002724 0.001145 0.984666
0.007264 0.001718 0.000624 0.990393
0.006679 0.001580 0.000537 0.991205
0.005986 0.001458 0.000509 0.992047
0.010825 0.002564 0.001082 0.985529
0.008930 0.002045 0.000861 0.988163
0.006694 0.001589 0.000533 0.991184
0.008338 0.001929 0.000848 0.988886
0.006992 0.001650 0.000581 0.990778
0.008752 0.001985 0.000811 0.988452
0.005452 0.001275 0.000421 0.992851
0.008198 0.001921 0.000707 0.989174
0.007386 0.001666 0.000703 0.990246
0.010558 0.002464 0.001113 0.985865
0.006393 0.001507 0.000515 0.991585
0.006963 0.001658 0.000595 0.990784
0.005822 0.001368 0.000452 0.992357
0.008438 0.001999 0.000732 0.988832
0.007809 0.001773 0.000730 0.989687
0.007245 0.001698 0.000645 0.990411
0.009899 0.002316 0.000878 0.986907
0.006696 0.001573 0.000537 0.991194
0.007293 0.001713 0.000596 0.990398
0.007355 0.001720 0.000661 0.990264
0.005820 0.001365 0.000457 0.992358
0.006185 0.001457 0.000510 0.991847
0.010364 0.002425 0.001002 0.986209
0.008854 0.002087 0.000833 0.988226
0.006703 0.001581 0.000539 0.991177
0.005599 0.001290 0.000412 0.992699
0.005916 0.001354 0.000503 0.992227
0.007459 0.001663 0.000786 0.990091
0.010991 0.002520 0.001131 0.985358
0.006594 0.001561 0.000522 0.991323
0.006932 0.001629 0.000557 0.990882
0.007443 0.001730 0.000700 0.990128
0.007775 0.001829 0.000717 0.989680
0.009622 0.002175 0.000959 0.987243
0.007217 0.001706 0.000648 0.990429
0.011233 0.002655 0.001162 0.984951
0.007949 0.001884 0.000686 0.989481
0.009979 0.002360 0.000954 0.986708
0.005165 0.001197 0.000397 0.993241
0.009196 0.002155 0.001014 0.987635
0.009252 0.002045 0.000993 0.987710
0.006919 0.001640 0.000568 0.990873
0.005647 0.001245 0.000480 0.992628
0.006021 0.001386 0.000475 0.992118
0.006592 0.001486 0.000593 0.991329
0.008627 0.001942 0.000844 0.988587
0.006879 0.001609 0.000576 0.990935
0.007531 0.001774 0.000642 0.990052
0.006725 0.001581 0.000555 0.991138
0.006753 0.001587 0.000581 0.991079
0.006874 0.001604 0.000585 0.990936
0.006761 0.001609 0.000544 0.991086
0.007110 0.001672 0.000622 0.990596
0.006916 0.001637 0.000554 0.990894
0.006679 0.001584 0.000537 0.991200
0.006107 0.001441 0.000488 0.991964
0.006889 0.001610 0.000597 0.990905
0.010828 0.002526 0.001041 0.985604
0.008352 0.001982 0.000674 0.988993
0.006613 0.001557 0.000574 0.991256
0.006595 0.001528 0.000585 0.991291
0.007500 0.001758 0.000649 0.990093
0.007310 0.001671 0.000739 0.990280
0.009467 0.002231 0.000826 0.987476
0.006549 0.001562 0.000489 0.991400
0.009642 0.002267 0.000914 0.987177
0.007203 0.001691 0.000592 0.990514
0.006825 0.001599 0.000550 0.991026
0.005690 0.001329 0.000484 0.992497
0.009120 0.002146 0.000789 0.987946
0.010121 0.002335 0.001034 0.986509
0.010777 0.002534 0.001073 0.985617
0.006372 0.001485 0.000521 0.991622
0.006686 0.001571 0.000671 0.991072
0.006356 0.001466 0.000538 0.991640
0.010586 0.002387 0.001104 0.985923
0.006494 0.001432 0.000602 0.991472
0.007305 0.001723 0.000638 0.990333
0.006101 0.001352 0.000533 0.992015
0.007986 0.001892 0.000762 0.989359
0.008666 0.001938 0.000872 0.988523
0.007188 0.001697 0.000655 0.990460
0.006906 0.001633 0.000588 0.990872
0.007467 0.001780 0.000668 0.990085
0.008804 0.002068 0.000770 0.988358
0.006945 0.001639 0.000594 0.990822
0.008477 0.001988 0.000749 0.988787
0.006258 0.001494 0.000470 0.991778
0.007857 0.001843 0.000651 0.989649
0.007292 0.001701 0.000694 0.990313
0.006863 0.001608 0.000622 0.990907
0.007411 0.001749 0.000642 0.990199
0.007170 0.001709 0.000597 0.990524
0.007708 0.001827 0.000657 0.989808
0.007256 0.001701 0.000620 0.990423
0.010272 0.002446 0.000947 0.986335
0.007513 0.001779 0.000620 0.990088
0.007292 0.001718 0.000585 0.990405
0.005330 0.001279 0.000453 0.992939
0.011012 0.002601 0.001095 0.985293
0.011760 0.002709 0.001218 0.984313
0.009616 0.002285 0.000926 0.987174
0.005356 0.001247 0.000410 0.992987
0.008382 0.001937 0.000844 0.988837
0.008006 0.001808 0.000814 0.989372
0.008261 0.001863 0.000789 0.989087
0.005923 0.001337 0.000496 0.992243
0.008921 0.002077 0.000842 0.988160
0.009026 0.002033 0.000878 0.988063
0.007774 0.001766 0.000781 0.989679
0.005464 0.001269 0.000420 0.992846
0.007186 0.001697 0.000592 0.990524
0.009939 0.002237 0.000949 0.986875
0.010339 0.002451 0.000992 0.986217
0.006784 0.001593 0.000572 0.991051
0.010571 0.002478 0.001096 0.985855
0.006325 0.001465 0.000510 0.991700
0.007906 0.001863 0.000697 0.989534
0.006831 0.001512 0.000613 0.991044
0.010494 0.002475 0.001007 0.986023
0.010161 0.002266 0.001105 0.986467
0.006238 0.001470 0.000486 0.991807
0.005756 0.001341 0.000462 0.992440
0.006183 0.001436 0.000490 0.991890
0.009277 0.002108 0.000903 0.987711
0.007702 0.001739 0.000773 0.989786
0.006697 0.001571 0.000544 0.991188
0.008145 0.001920 0.000691 0.989244
0.010577 0.002502 0.001161 0.985760
0.006812 0.001612 0.000570 0.991006
0.011066 0.002609 0.001106 0.985220
0.005913 0.001378 0.000478 0.992231
0.010923 0.002579 0.001112 0.985386
0.007059 0.001561 0.000654 0.990726
0.007539 0.001785 0.000703 0.989973
0.007206 0.001599 0.000667 0.990528
0.007192 0.001708 0.000607 0.990493
0.010851 0.002423 0.001328 0.985398
0.007057 0.001670 0.000581 0.990691
0.007115 0.001680 0.000609 0.990596
0.006490 0.001492 0.000545 0.991473
0.008077 0.001906 0.000691 0.989325
0.011113 0.002510 0.001207 0.985170
0.006446 0.001512 0.000531 0.991511
0.006486 0.001533 0.000527 0.991454
0.005751 0.001346 0.000453 0.992450
0.011106 0.002609 0.001268 0.985018
0.008471 0.001920 0.000827 0.988782
0.006821 0.001614 0.000577 0.990987
0.006447 0.001504 0.000511 0.991538
0.007046 0.001672 0.000598 0.990684
0.006755 0.001528 0.000639 0.991077
0.006192 0.001467 0.000495 0.991847
0.010286 0.002431 0.000988 0.986295
0.007186 0.001702 0.000597 0.990515
0.006551 0.001549 0.000546 0.991354
0.006459 0.001501 0.000502 0.991538
0.007966 0.001887 0.000702 0.989445
0.008037 0.001808 0.000793 0.989362
0.007557 0.001783 0.000670 0.989991
0.011154 0.002639 0.001227 0.984980
0.010108 0.002402 0.000988 0.986502
0.007096 0.001682 0.000578 0.990645
0.007678 0.001789 0.000790 0.989743
0.008594 0.002003 0.000829 0.988575
0.008908 0.002005 0.000875 0.988212
0.009222 0.002061 0.000963 0.987755
0.006329 0.001477 0.000510 0.991684
0.007579 0.001692 0.000767 0.989963
0.006545 0.001445 0.000622 0.991388
0.009398 0.002233 0.000839 0.987530
0.009859 0.002256 0.000946 0.986938
0.010367 0.002464 0.000892 0.986277
0.008087 0.001902 0.000694 0.989316
0.011025 0.002609 0.001066 0.985300
0.007111 0.001672 0.000592 0.990625
0.009873 0.002316 0.000985 0.986827
0.009173 0.002129 0.000876 0.987822
0.011239 0.002668 0.001071 0.985022
0.006306 0.001399 0.000548 0.991747
0.006171 0.001428 0.000516 0.991885
0.006215 0.001363 0.000574 0.991847
0.010967 0.002451 0.001173 0.985410
0.006578 0.001458 0.000613 0.991351
0.005193 0.001209 0.000388 0.993211
0.006297 0.001441 0.000559 0.991703
0.010441 0.002327 0.001159 0.986073
0.007387 0.001681 0.000698 0.990234
0.006938 0.001642 0.000586 0.990833
0.006869 0.001576 0.000573 0.990982
0.008186 0.001936 0.000686 0.989192
0.007620 0.001712 0.000790 0.989877
0.007204 0.001687 0.000627 0.990482
0.008015 0.001908 0.000611 0.989465
0.007141 0.001694 0.000590 0.990575
0.006864 0.001614 0.000607 0.990915
0.010669 0.002504 0.001021 0.985806
0.010046 0.002374 0.000981 0.986599
0.006656 0.001565 0.000554 0.991225
0.005601 0.001292 0.000417 0.992690
0.006858 0.001633 0.000596 0.990912
0.009642 0.002158 0.000974 0.987227
0.007369 0.001693 0.000605 0.990333
0.005273 0.001254 0.000371 0.993102
0.006881 0.001611 0.000567 0.990941
0.007464 0.001699 0.000716 0.990121
0.010340 0.002433 0.001074 0.986153
0.010604 0.002522 0.001024 0.985849
0.007554 0.001786 0.000638 0.990022
0.006880 0.001607 0.000602 0.990911
0.005297 0.001276 0.000385 0.993042
0.011421 0.002550 0.001267 0.984763
0.005837 0.001303 0.000516 0.992344
0.007017 0.001659 0.000572 0.990752
0.006324 0.001418 0.000565 0.991693
0.010710 0.002529 0.001033 0.985728
0.008508 0.001936 0.000813 0.988743
0.010809 0.002539 0.001047 0.985605
0.009364 0.002152 0.000924 0.987560
0.007324 0.001714 0.000627 0.990335
0.006786 0.001490 0.000608 0.991116
0.006593 0.001537 0.000518 0.991352
0.008715 0.001947 0.000821 0.988516
0.008082 0.001809 0.000748 0.989361
0.009834 0.002290 0.000936 0.986940
0.009000 0.002115 0.000863 0.988022
0.010138 0.002386 0.000982 0.986494
0.008147 0.001875 0.000784 0.989193
0.005603 0.001305 0.000439 0.992653
0.005947 0.001304 0.000543 0.992205
0.009290 0.002044 0.000989 0.987676
0.009513 0.002145 0.000945 0.987397
0.007581 0.001712 0.000729 0.989978
0.005959 0.001388 0.000471 0.992183
0.007441 0.001764 0.000667 0.990127
0.009813 0.002218 0.000957 0.987011
0.007601 0.001791 0.000652 0.989956
0.006732 0.001580 0.000570 0.991118
0.006845 0.001614 0.000557 0.990984
0.010617 0.002504 0.001031 0.985848
0.010701 0.002517 0.001064 0.985718
0.006507 0.001537 0.000532 0.991424
0.005612 0.001303 0.000444 0.992641
0.005985 0.001384 0.000478 0.992153
0.010607 0.002376 0.001125 0.985892
0.008175 0.001845 0.000795 0.989185
0.007429 0.001741 0.000647 0.990183
0.005643 0.001311 0.000434 0.992612
0.007515 0.001770 0.000707 0.990009
0.008231 0.001864 0.000780 0.989124
0.007010 0.001657 0.000606 0.990727
0.006706 0.001568 0.000605 0.991122
0.006267 0.001492 0.000491 0.991750
0.009979 0.002368 0.000990 0.986663
0.006771 0.001596 0.000560 0.991074
0.006721 0.001588 0.000554 0.991136
0.005674 0.001324 0.000470 0.992532
0.007961 0.001894 0.000687 0.989458
0.008662 0.001999 0.000793 0.988546
0.006656 0.001575 0.000538 0.991231
0.007246 0.001700 0.000669 0.990386
0.010050 0.002342 0.000981 0.986627
0.006607 0.001562 0.000522 0.991308
0.006261 0.001493 0.000482 0.991764
0.006104 0.001427 0.000505 0.991963
0.008324 0.001956 0.000742 0.988979
0.008995 0.002027 0.000925 0.988053
0.008954 0.002116 0.000773 0.988158
0.006636 0.001563 0.000543 0.991258
0.010580 0.002481 0.001051 0.985888
0.006966 0.001648 0.000554 0.990832
0.007415 0.001739 0.000705 0.990140
0.006385 0.001474 0.000519 0.991622
0.010430 0.002472 0.000913 0.986185
0.010993 0.002500 0.001315 0.985192
0.006669 0.001570 0.000556 0.991205
0.010716 0.002534 0.001021 0.985729
0.006326 0.001459 0.000511 0.991704
0.007023 0.001636 0.000625 0.990716
0.005534 0.001226 0.000473 0.992766
0.010881 0.002584 0.001035 0.985500
0.009700 0.002210 0.001024 0.987065
0.006547 0.001535 0.000545 0.991373
0.005854 0.001348 0.000443 0.992355
0.005803 0.001345 0.000458 0.992394
0.007433 0.001653 0.000743 0.990171
0.008062 0.001807 0.000837 0.989294
0.006602 0.001559 0.000521 0.991318
0.006871 0.001637 0.000522 0.990970
0.006689 0.001564 0.000590 0.991156
0.010139 0.002376 0.001032 0.986452
0.006905 0.001625 0.000571 0.990899
0.007960 0.001871 0.000771 0.989397
0.005759 0.001338 0.000464 0.992439
0.007481 0.001775 0.000637 0.990107
0.007175 0.001609 0.000682 0.990533
0.007294 0.001723 0.000615 0.990368
0.006943 0.001650 0.000590 0.990817
0.010101 0.002393 0.000956 0.986550
0.006822 0.001605 0.000573 0.991000
0.007943 0.001865 0.000663 0.989529
0.006663 0.001527 0.000568 0.991241
0.007895 0.001854 0.000691 0.989561
0.008341 0.001887 0.000814 0.988958
0.010809 0.002558 0.000943 0.985690
0.006916 0.001645 0.000541 0.990898
0.007211 0.001695 0.000600 0.990494
0.009468 0.002213 0.000999 0.987320
0.011049 0.002602 0.001068 0.985281
0.010669 0.002508 0.001046 0.985776
0.006351 0.001483 0.000491 0.991674
0.008267 0.001909 0.000755 0.989069
0.006226 0.001357 0.000572 0.991845
0.010642 0.002391 0.001262 0.985704
0.007070 0.001551 0.000671 0.990708
0.009651 0.002276 0.000889 0.987184
0.005942 0.001312 0.000512 0.992234
0.010126 0.002378 0.000944 0.986553
0.006410 0.001403 0.000589 0.991599
0.006400 0.001495 0.000501 0.991604
0.006462 0.001436 0.000653 0.991449
0.010446 0.002443 0.001040 0.986072
0.010372 0.002354 0.001110 0.986163
0.006890 0.001619 0.000578 0.990913
0.006644 0.001556 0.000497 0.991304
0.007578 0.001766 0.000707 0.989949
0.010417 0.002341 0.001022 0.986220
0.009519 0.002147 0.000911 0.987423
0.008834 0.002075 0.000801 0.988290
0.009382 0.002205 0.000927 0.987486
0.010760 0.002542 0.001054 0.985644
0.010269 0.002403 0.000982 0.986346
0.007291 0.001702 0.000668 0.990338
0.006467 0.001506 0.000503 0.991524
0.006561 0.001420 0.000604 0.991415
0.008750 0.001916 0.000903 0.988431
0.009107 0.002051 0.000890 0.987952
0.009536 0.002147 0.000970 0.987346
0.006086 0.001397 0.000483 0.992034
0.006664 0.001564 0.000522 0.991250
0.005665 0.001253 0.000521 0.992561
0.007475 0.001753 0.000625 0.990147
0.010909 0.002481 0.001115 0.985495
0.006633 0.001558 0.000553 0.991256
0.006761 0.001583 0.000600 0.991057
0.005506 0.001277 0.000446 0.992771
0.011177 0.002671 0.001087 0.985065
0.009328 0.002119 0.000923 0.987631
0.006675 0.001570 0.000552 0.991203
0.006872 0.001589 0.000524 0.991014
0.008236 0.001935 0.000701 0.989129
0.007285 0.001648 0.000651 0.990417
0.007077 0.001658 0.000581 0.990684
0.011117 0.002601 0.001218 0.985064
0.006667 0.001577 0.000552 0.991204
0.007216 0.001699 0.000617 0.990468
0.008567 0.002023 0.000826 0.988584
0.008514 0.002018 0.000752 0.988716
0.006801 0.001558 0.000599 0.991042
0.009892 0.002289 0.000944 0.986875
0.010270 0.002400 0.001022 0.986308
0.007570 0.001705 0.000703 0.990022
0.006424 0.001495 0.000542 0.991538
0.006119 0.001417 0.000498 0.991966
0.008917 0.002023 0.000926 0.988135
0.008235 0.001883 0.000787 0.989095
0.010532 0.002496 0.001172 0.985801
0.007463 0.001765 0.000627 0.990145
0.010020 0.002370 0.000980 0.986630
0.004886 0.001168 0.000365 0.993581
0.010632 0.002518 0.001053 0.985797
0.009067 0.002012 0.000970 0.987950
0.010691 0.002528 0.001063 0.985718
0.006103 0.001358 0.000548 0.991991
0.006199 0.001445 0.000497 0.991859
0.007661 0.001684 0.000715 0.989940
0.010130 0.002282 0.000964 0.986624
0.007605 0.001707 0.000696 0.989992
0.006730 0.001573 0.000553 0.991144
0.006663 0.001566 0.000545 0.991226
0.007292 0.001725 0.000685 0.990298
0.010378 0.002475 0.000989 0.986157
0.006793 0.001615 0.000560 0.991031
0.010030 0.002380 0.001011 0.986578
0.005757 0.001339 0.000456 0.992449
0.007971 0.001885 0.000671 0.989473
0.006522 0.001438 0.000652 0.991388
0.006811 0.001605 0.000577 0.991006
0.010398 0.002358 0.001009 0.986235
0.006856 0.001623 0.000562 0.990959
0.006651 0.001568 0.000580 0.991200
0.007595 0.001781 0.000630 0.989994
0.010944 0.002577 0.001137 0.985342
0.006441 0.001502 0.000539 0.991517
0.006354 0.001513 0.000467 0.991666
0.009333 0.002173 0.000875 0.987619
0.007356 0.001733 0.000631 0.990280
0.007656 0.001707 0.000795 0.989842
0.007220 0.001670 0.000588 0.990522
0.010545 0.002481 0.001022 0.985952
0.007022 0.001579 0.000643 0.990756
0.009404 0.002228 0.000892 0.987476
0.005758 0.001337 0.000454 0.992451
0.007156 0.001681 0.000605 0.990558
0.006287 0.001382 0.000582 0.991749
0.009486 0.002232 0.000990 0.987293
0.009458 0.002126 0.000919 0.987497
0.007049 0.001676 0.000525 0.990749
0.005601 0.001304 0.000436 0.992659
0.007489 0.001749 0.000649 0.990113
0.011099 0.002519 0.001260 0.985122
0.010204 0.002407 0.001008 0.986381
0.006752 0.001590 0.000554 0.991104
0.005721 0.001410 0.000474 0.992395
0.009334 0.002171 0.000916 0.987578
0.007189 0.001641 0.000627 0.990542
0.005715 0.001291 0.000532 0.992461
0.006227 0.001446 0.000503 0.991824
0.009205 0.002097 0.000902 0.987796
0.009072 0.002043 0.000887 0.987997
0.007455 0.001742 0.000635 0.990169
0.006933 0.001624 0.000604 0.990839
0.006868 0.001603 0.000608 0.990921
0.007191 0.001710 0.000587 0.990512
0.006721 0.001598 0.000548 0.991133
0.007550 0.001771 0.000701 0.989979
0.006727 0.001601 0.000498 0.991173
0.006806 0.001600 0.000595 0.990999
0.006657 0.001563 0.000553 0.991227
0.006714 0.001581 0.000545 0.991160
0.010995 0.002606 0.001124 0.985275
0.006377 0.001504 0.000516 0.991603
0.009934 0.002356 0.000959 0.986750
0.006257 0.001469 0.000480 0.991793
0.007112 0.001675 0.000649 0.990564
0.006539 0.001445 0.000592 0.991424
0.008130 0.001927 0.000676 0.989267
0.010037 0.002261 0.001050 0.986651
0.006811 0.001623 0.000534 0.991032
0.010593 0.002488 0.000894 0.986025
0.005915 0.001362 0.000482 0.992241
0.006695 0.001579 0.000575 0.991151
0.010807 0.002472 0.001239 0.985482
0.010987 0.002600 0.001060 0.985353
0.006547 0.001550 0.000518 0.991385
0.005135 0.001185 0.000371 0.993308
0.005536 0.001290 0.000461 0.992714
0.010445 0.002332 0.001204 0.986019
0.007559 0.001735 0.000622 0.990084
0.006092 0.001437 0.000465 0.992007
0.005802 0.001327 0.000458 0.992413
0.007636 0.001780 0.000720 0.989864
0.008244 0.001830 0.000876 0.989050
0.006266 0.001478 0.000517 0.991739
0.007654 0.001800 0.000720 0.989826
0.009953 0.002353 0.000959 0.986736
0.007086 0.001674 0.000604 0.990636
0.006779 0.001605 0.000530 0.991085
0.006718 0.001561 0.000510 0.991211
0.006824 0.001590 0.000557 0.991029
0.007260 0.001657 0.000684 0.990399
0.008072 0.001891 0.000749 0.989288
0.011215 0.002650 0.001068 0.985068
0.006916 0.001641 0.000553 0.990890
0.010288 0.002421 0.001023 0.986268
0.007005 0.001647 0.000613 0.990735
0.010406 0.002468 0.001012 0.986114
0.008560 0.001900 0.000893 0.988646
0.006692 0.001605 0.000581 0.991122
0.009421 0.002064 0.001029 0.987486
0.005983 0.001331 0.000515 0.992171
0.006133 0.001342 0.000592 0.991934
0.006906 0.001514 0.000665 0.990914
0.009559 0.002174 0.000903 0.987364
0.008283 0.001878 0.000754 0.989085
0.007488 0.001757 0.000709 0.990045
0.007458 0.001744 0.000630 0.990167
0.006915 0.001618 0.000616 0.990851
0.006830 0.001621 0.000601 0.990948
0.008819 0.002087 0.000754 0.988340
0.007069 0.001673 0.000579 0.990679
0.006231 0.001462 0.000537 0.991770
0.006146 0.001452 0.000497 0.991905
0.009533 0.002250 0.000953 0.987264
0.006903 0.001634 0.000576 0.990887
0.008128 0.001936 0.000766 0.989170
0.005169 0.001227 0.000400 0.993205
0.008793 0.002069 0.000758 0.988381
0.007773 0.001788 0.000746 0.989693
0.006965 0.001636 0.000605 0.990793
0.007625 0.001802 0.000679 0.989894
0.007281 0.001731 0.000614 0.990375
0.006339 0.001516 0.000476 0.991669
0.006465 0.001520 0.000526 0.991489
0.009825 0.002309 0.000915 0.986951
0.006400 0.001500 0.000516 0.991584
0.007340 0.001720 0.000596 0.990344
0.005602 0.001307 0.000439 0.992651
0.008147 0.001891 0.000727 0.989235
0.007513 0.001742 0.000677 0.990067
0.006696 0.001570 0.000552 0.991183
0.005689 0.001346 0.000455 0.992511
0.007035 0.001649 0.000597 0.990719
0.007292 0.001721 0.000618 0.990369
0.006302 0.001490 0.000503 0.991706
0.007430 0.001746 0.000650 0.990174
0.005648 0.001328 0.000447 0.992577
0.007139 0.001694 0.000586 0.990581
0.007566 0.001744 0.000758 0.989932
0.009986 0.002349 0.001042 0.986623
0.011973 0.002829 0.001190 0.984008
0.006892 0.001630 0.000571 0.990907
0.005869 0.001363 0.000470 0.992298
0.006639 0.001537 0.000552 0.991272
0.010676 0.002410 0.001117 0.985796
0.008445 0.001923 0.000819 0.988813
0.006191 0.001456 0.000485 0.991868
0.007544 0.001771 0.000737 0.989948
0.008242 0.001938 0.000730 0.989090
0.007662 0.001738 0.000721 0.989879
0.006094 0.001410 0.000452 0.992044
0.006829 0.001603 0.000571 0.990997
0.007255 0.001625 0.000664 0.990456
0.005907 0.001396 0.000431 0.992266
0.008829 0.002064 0.000978 0.988129
0.008148 0.001909 0.000706 0.989237
0.006420 0.001502 0.000506 0.991572
0.005160 0.001246 0.000392 0.993203
0.007234 0.001691 0.000565 0.990510
0.006360 0.001465 0.000565 0.991610
0.007423 0.001735 0.000739 0.990103
0.007644 0.001802 0.000606 0.989948
0.006922 0.001635 0.000605 0.990838
0.006510 0.001549 0.000506 0.991436
0.007613 0.001805 0.000620 0.989962
0.006615 0.001653 0.000625 0.991106
0.008540 0.002050 0.000720 0.988690
0.008303 0.001886 0.000873 0.988938
0.009120 0.002141 0.000903 0.987836
0.007723 0.001843 0.000644 0.989791
0.007062 0.001599 0.000677 0.990662
0.008167 0.001891 0.000745 0.989197
0.009798 0.002314 0.000916 0.986971
0.009883 0.002230 0.001046 0.986840
0.005724 0.001353 0.000430 0.992493
0.006378 0.001469 0.000496 0.991657
0.007176 0.001569 0.000759 0.990496
0.008370 0.001874 0.000885 0.988871
0.009275 0.002108 0.000892 0.987724
0.010504 0.002486 0.001064 0.985947
0.008115 0.001918 0.000693 0.989274
0.010207 0.002413 0.000959 0.986421
0.005615 0.001300 0.000442 0.992643
0.011290 0.002659 0.001155 0.984896
0.009887 0.002170 0.001082 0.986861
0.007603 0.001794 0.000644 0.989959
0.006322 0.001414 0.000546 0.991718
0.009526 0.002222 0.000981 0.987270
0.010831 0.002441 0.001139 0.985589
0.008282 0.001888 0.000795 0.989034
0.007392 0.001730 0.000650 0.990229
0.005830 0.001357 0.000445 0.992368
0.010217 0.002276 0.001267 0.986240
0.005854 0.001286 0.000525 0.992335
0.010502 0.002477 0.001066 0.985955
0.007805 0.001729 0.000730 0.989736
0.007143 0.001688 0.000614 0.990555
0.006438 0.001434 0.000578 0.991550
0.008843 0.002100 0.000751 0.988306
0.007505 0.001682 0.000790 0.990022
0.006556 0.001537 0.000533 0.991374
0.006654 0.001569 0.000538 0.991239
0.009258 0.002168 0.001042 0.987533
0.006794 0.001595 0.000577 0.991035
0.006918 0.001630 0.000592 0.990860
0.006672 0.001551 0.000540 0.991237
0.008105 0.001905 0.000696 0.989294
0.007254 0.001631 0.000722 0.990394
0.007363 0.001721 0.000641 0.990275
0.006319 0.001498 0.000500 0.991683
0.007965 0.001865 0.000753 0.989417
0.007720 0.001827 0.000608 0.989845
0.010556 0.002492 0.001019 0.985932
0.007322 0.001731 0.000609 0.990339
0.007391 0.001744 0.000624 0.990241
0.004864 0.001124 0.000374 0.993638
0.006944 0.001640 0.000575 0.990841
0.009907 0.002250 0.001163 0.986680
0.010040 0.002358 0.000965 0.986637
0.006651 0.001570 0.000532 0.991248
0.006254 0.001451 0.000469 0.991826
0.009465 0.002149 0.000938 0.987449
0.008153 0.001834 0.000794 0.989219
0.007574 0.001710 0.000722 0.989994
0.005718 0.001336 0.000455 0.992491
0.010617 0.002531 0.001084 0.985768
0.009346 0.002117 0.000873 0.987665
0.006790 0.001606 0.000543 0.991061
0.005691 0.001327 0.000434 0.992549
0.006936 0.001647 0.000576 0.990841
0.004211 0.001465 0.000219 0.994105
0.006660 0.001536 0.000562 0.991243
0.005978 0.001476 0.000412 0.992133
0.006029 0.001419 0.000471 0.992081
0.010231 0.002396 0.000997 0.986376
0.006653 0.001560 0.000556 0.991231
0.006700 0.001572 0.000587 0.991141
0.006328 0.001471 0.000573 0.991627
0.006911 0.001639 0.000568 0.990882
0.008821 0.002023 0.000819 0.988337
0.007982 0.001888 0.000670 0.989460
0.006467 0.001521 0.000527 0.991485
0.007150 0.001676 0.000627 0.990546
0.006565 0.001553 0.000550 0.991332
0.008237 0.001933 0.000741 0.989090
0.010045 0.002370 0.000858 0.986727
0.010422 0.002468 0.001032 0.986078
0.007143 0.001688 0.000590 0.990579
0.007079 0.001654 0.000579 0.990688
0.005465 0.001274 0.000408 0.992853
0.006740 0.001589 0.000566 0.991105
0.010364 0.002353 0.001246 0.986037
0.008458 0.001977 0.000760 0.988804
0.006337 0.001500 0.000493 0.991670
0.006570 0.001529 0.000560 0.991341
0.005720 0.001325 0.000446 0.992509
0.007699 0.001723 0.000782 0.989796
0.006147 0.001387 0.000565 0.991901
0.007785 0.001846 0.000653 0.989716
0.008428 0.001904 0.000783 0.988885
0.006144 0.001453 0.000474 0.991929
0.006550 0.001536 0.000564 0.991350
0.009954 0.002352 0.001033 0.986661
0.008776 0.002064 0.000805 0.988356
0.006787 0.001601 0.000562 0.991049
0.006405 0.001482 0.000574 0.991539
0.006935 0.001602 0.000573 0.990891
0.008423 0.001914 0.000810 0.988854
0.006600 0.001489 0.000604 0.991306
0.007380 0.001733 0.000639 0.990248
0.010963 0.002590 0.001027 0.985420
0.006677 0.001582 0.000542 0.991198
0.006254 0.001488 0.000472 0.991787
0.007753 0.001799 0.000712 0.989737
0.010142 0.002368 0.001084 0.986406
0.009297 0.002108 0.000908 0.987688
0.011423 0.002702 0.001121 0.984755
0.008352 0.001949 0.000796 0.988903
0.006876 0.001625 0.000572 0.990927
0.005009 0.001146 0.000395 0.993450
0.008671 0.002011 0.000866 0.988452
0.010197 0.002302 0.001022 0.986479
0.006363 0.001442 0.000518 0.991676
0.005844 0.001352 0.000421 0.992382
0.007106 0.001674 0.000559 0.990661
0.006172 0.001391 0.000523 0.991915
0.006312 0.001487 0.000507 0.991693
0.006165 0.001426 0.000494 0.991915
0.008759 0.002081 0.000890 0.988270
0.007240 0.001690 0.000636 0.990435
0.009964 0.002388 0.000978 0.986669
0.006141 0.001424 0.000511 0.991924
0.007073 0.001673 0.000575 0.990679
0.006666 0.001481 0.000695 0.991158
0.009967 0.002349 0.000887 0.986797
0.007665 0.001737 0.000704 0.989893
0.007259 0.001705 0.000599 0.990437
0.006776 0.001600 0.000488 0.991136
0.006377 0.001496 0.000500 0.991627
0.005799 0.001354 0.000441 0.992406
0.006718 0.001568 0.000521 0.991193
0.009966 0.002318 0.000966 0.986749
0.006069 0.001432 0.000479 0.992021
0.006339 0.001480 0.000498 0.991682
0.006397 0.001583 0.000607 0.991413
0.008475 0.002004 0.000727 0.988794
0.008545 0.001945 0.000800 0.988710
0.006307 0.001472 0.000558 0.991663
0.009744 0.002296 0.000843 0.987117
0.008435 0.001915 0.000803 0.988847
0.006838 0.001605 0.000619 0.990939
0.007523 0.001765 0.000667 0.990045
0.011854 0.002799 0.001132 0.984215
0.006958 0.001648 0.000567 0.990827
0.006410 0.001509 0.000513 0.991568
0.006189 0.001425 0.000497 0.991890
0.007683 0.001800 0.000659 0.989858
0.005849 0.001333 0.000511 0.992307
0.008776 0.002018 0.000731 0.988475
0.010507 0.002491 0.001008 0.985994
0.010129 0.002296 0.001087 0.986489
0.007545 0.001772 0.000594 0.990090
0.005490 0.001273 0.000421 0.992815
0.005992 0.001381 0.000501 0.992125
0.009707 0.002200 0.000904 0.987189
0.007769 0.001788 0.000694 0.989749
0.005835 0.001373 0.000453 0.992339
0.006325 0.001488 0.000462 0.991725
0.005192 0.001249 0.000411 0.993148
0.007281 0.001713 0.000600 0.990407
0.007618 0.001755 0.000645 0.989983
0.005640 0.001418 0.000370 0.992572
0.007682 0.001816 0.000628 0.989874
0.008345 0.001925 0.000747 0.988983
0.006966 0.001631 0.000563 0.990840
0.009125 0.002127 0.000910 0.987837
0.006525 0.001527 0.000566 0.991381
0.007971 0.001869 0.000733 0.989427
0.005556 0.001295 0.000458 0.992691
0.005052 0.001217 0.000365 0.993365
0.008051 0.001767 0.000865 0.989318
0.004984 0.001141 0.000401 0.993475
0.009279 0.002123 0.000967 0.987631
0.007632 0.001722 0.000672 0.989974
0.007358 0.001746 0.000660 0.990236
0.008444 0.001902 0.000834 0.988820
0.007301 0.001725 0.000621 0.990352
0.010029 0.002374 0.000994 0.986603
0.006310 0.001500 0.000513 0.991677
0.008864 0.002101 0.000802 0.988233
0.007993 0.001870 0.000726 0.989412
0.006955 0.001630 0.000540 0.990874
0.005462 0.001222 0.000431 0.992885
0.006349 0.001464 0.000544 0.991643
0.011112 0.002528 0.001141 0.985218
0.008526 0.001941 0.000816 0.988718
0.010274 0.002414 0.000979 0.986334
0.008526 0.001966 0.000794 0.988715
0.006592 0.001550 0.000524 0.991333
0.005470 0.001212 0.000451 0.992867
0.006006 0.001396 0.000482 0.992116
0.008920 0.001996 0.000943 0.988140
0.009172 0.002041 0.000921 0.987866
0.006532 0.001541 0.000538 0.991389
0.005062 0.001226 0.000360 0.993352
0.006902 0.001643 0.000566 0.990888
0.010007 0.002277 0.001010 0.986706
0.007243 0.001712 0.000598 0.990448
0.006972 0.001637 0.000572 0.990819
0.005805 0.001357 0.000443 0.992395
0.007111 0.001663 0.000619 0.990607
0.010402 0.002360 0.001128 0.986110
0.007447 0.001755 0.000631 0.990167
0.006789 0.001607 0.000564 0.991039
0.006605 0.001540 0.000523 0.991333
0.010737 0.002533 0.001042 0.985688
0.011050 0.002495 0.001189 0.985266
0.006869 0.001611 0.000550 0.990970
0.007266 0.001686 0.000683 0.990365
0.006726 0.001556 0.000553 0.991165
0.009123 0.002056 0.000918 0.987903
0.010723 0.002434 0.001158 0.985685
0.007400 0.001748 0.000634 0.990218
0.010657 0.002523 0.000996 0.985824
0.005828 0.001356 0.000456 0.992359
0.009937 0.002329 0.000969 0.986764
0.007096 0.001550 0.000674 0.990679
0.006656 0.001553 0.000552 0.991239
0.005772 0.001299 0.000548 0.992381
0.008605 0.002029 0.000734 0.988632
0.012215 0.002786 0.001350 0.983649
0.006456 0.001515 0.000501 0.991528
0.006443 0.001524 0.000459 0.991574
0.005899 0.001373 0.000468 0.992260
0.007117 0.001660 0.000608 0.990615
0.015310 0.003545 0.001384 0.979761
0.009997 0.002375 0.000946 0.986682
0.009823 0.002313 0.000937 0.986926
0.006161 0.001444 0.000489 0.991907
0.006545 0.001513 0.000587 0.991355
0.006388 0.001452 0.000535 0.991625
0.008125 0.001838 0.000723 0.989313
0.007171 0.001641 0.000612 0.990576
0.007671 0.001802 0.000666 0.989861
0.005979 0.001415 0.000458 0.992148
0.006871 0.001600 0.000567 0.990961
0.007405 0.001722 0.000661 0.990211
0.005244 0.001209 0.000424 0.993123
0.007007 0.001642 0.000610 0.990741
0.010188 0.002281 0.001081 0.986450
0.009001 0.002132 0.000837 0.988030
0.006750 0.001586 0.000531 0.991133
0.007483 0.001720 0.000703 0.990095
0.006063 0.001390 0.000466 0.992081
0.009214 0.002091 0.000853 0.987842
0.011658 0.002644 0.001352 0.984345
0.007175 0.001686 0.000605 0.990534
0.010731 0.002524 0.001074 0.985672
0.006547 0.001529 0.000506 0.991418
0.009891 0.002325 0.000995 0.986790
0.009291 0.002040 0.000999 0.987669
0.011019 0.002614 0.001060 0.985307
0.008624 0.001932 0.000887 0.988558
0.006334 0.001471 0.000500 0.991694
0.006704 0.001476 0.000601 0.991219
0.010679 0.002346 0.001168 0.985807
0.008380 0.001877 0.000803 0.988940
0.010473 0.002345 0.001083 0.986098
0.006169 0.001428 0.000485 0.991918
0.010699 0.002509 0.001053 0.985739
0.005847 0.001303 0.000505 0.992345
0.010332 0.002430 0.001049 0.986188
0.008904 0.001942 0.000965 0.988188
