0.062617 0.031170 0.007654 0.898559
0.062648 0.031145 0.007661 0.898546
0.062406 0.031003 0.007623 0.898968
0.062268 0.030980 0.007599 0.899153
0.061570 0.030655 0.007487 0.900288
0.061940 0.030839 0.007546 0.899675
0.062254 0.030996 0.007597 0.899153
0.062480 0.031119 0.007631 0.898770
0.062350 0.030978 0.007615 0.899057
0.062378 0.030995 0.007618 0.899009
0.061721 0.030693 0.007512 0.900074
0.061922 0.030815 0.007543 0.899720
0.062194 0.030980 0.007585 0.899241
0.062156 0.030931 0.007578 0.899335
0.061967 0.030804 0.007554 0.899675
0.061668 0.030676 0.007502 0.900153
0.061596 0.030611 0.007492 0.900301
0.062163 0.030915 0.007578 0.899343
0.062381 0.031066 0.007616 0.898937
0.062370 0.031053 0.007613 0.898963
0.061892 0.030727 0.007542 0.899839
0.061476 0.030568 0.007475 0.900481
0.061759 0.030734 0.007519 0.899987
0.062826 0.031273 0.007688 0.898214
0.062552 0.031103 0.007645 0.898700
0.062603 0.031088 0.007655 0.898654
0.062151 0.030862 0.007583 0.899404
0.061583 0.030643 0.007491 0.900283
0.061803 0.030773 0.007525 0.899899
0.062762 0.031259 0.007676 0.898304
0.062531 0.031087 0.007640 0.898743
0.062832 0.031217 0.007690 0.898261
0.062294 0.030996 0.007602 0.899107
0.061602 0.030657 0.007494 0.900248
0.061780 0.030773 0.007520 0.899927
0.062755 0.031259 0.007675 0.898310
0.062615 0.031170 0.007654 0.898561
0.062674 0.031145 0.007666 0.898514
0.062705 0.031147 0.007671 0.898478
0.061751 0.030729 0.007517 0.900004
0.061814 0.030786 0.007527 0.899873
0.062508 0.031134 0.007635 0.898724
0.062551 0.031105 0.007641 0.898703
0.062655 0.031147 0.007662 0.898535
0.062356 0.031034 0.007612 0.898998
0.062224 0.030962 0.007592 0.899221
0.061585 0.030670 0.007490 0.900256
0.062615 0.031172 0.007652 0.898561
0.062639 0.031185 0.007658 0.898517
0.062523 0.031140 0.007639 0.898699
0.062367 0.030988 0.007616 0.899029
0.062430 0.031020 0.007624 0.898926
0.061723 0.030698 0.007513 0.900066
0.061902 0.030831 0.007540 0.899727
0.062165 0.030945 0.007583 0.899307
0.062135 0.030925 0.007577 0.899363
0.061819 0.030732 0.007531 0.899919
0.061530 0.030568 0.007484 0.900418
0.061659 0.030661 0.007503 0.900178
0.062646 0.031108 0.007656 0.898590
0.062394 0.031015 0.007621 0.898971
0.062590 0.031157 0.007649 0.898604
0.062038 0.030807 0.007565 0.899590
0.061466 0.030568 0.007472 0.900494
0.061754 0.030718 0.007517 0.900011
0.062483 0.031126 0.007631 0.898760
0.062476 0.031059 0.007630 0.898835
0.062543 0.031063 0.007645 0.898749
0.062677 0.031181 0.007663 0.898479
0.061475 0.030588 0.007474 0.900464
0.061559 0.030653 0.007487 0.900301
0.061779 0.030763 0.007521 0.899937
0.061779 0.030730 0.007523 0.899968
0.061860 0.030716 0.007537 0.899887
0.061568 0.030562 0.007492 0.900379
0.061344 0.030438 0.007453 0.900764
0.061534 0.030526 0.007483 0.900458
0.062107 0.030916 0.007573 0.899404
0.062191 0.030961 0.007586 0.899263
0.062345 0.030921 0.007613 0.899121
0.062757 0.031144 0.007678 0.898420
0.061627 0.030671 0.007497 0.900204
0.061754 0.030721 0.007518 0.900007
0.062416 0.031018 0.007620 0.898946
0.062792 0.031148 0.007683 0.898376
0.062690 0.031182 0.007665 0.898462
0.062730 0.031219 0.007670 0.898380
0.062313 0.031002 0.007606 0.899078
0.062534 0.031141 0.007640 0.898685
0.061968 0.030856 0.007550 0.899627
0.062236 0.030987 0.007594 0.899184
0.062370 0.031040 0.007612 0.898978
0.062511 0.031060 0.007640 0.898789
0.062494 0.031101 0.007634 0.898772
0.061755 0.030720 0.007519 0.900006
0.061771 0.030743 0.007521 0.899964
0.062010 0.030866 0.007559 0.899566
0.062069 0.030894 0.007567 0.899471
0.061884 0.030766 0.007541 0.899809
0.061591 0.030596 0.007494 0.900319
0.061700 0.030641 0.007509 0.900150
0.062403 0.031032 0.007621 0.898944
0.062498 0.031117 0.007633 0.898751
0.062802 0.031187 0.007684 0.898326
0.062057 0.030817 0.007566 0.899559
0.061512 0.030608 0.007479 0.900401
0.061752 0.030754 0.007516 0.899978
0.062497 0.031132 0.007632 0.898739
0.062490 0.031025 0.007631 0.898854
0.062838 0.031212 0.007692 0.898258
0.062242 0.030968 0.007594 0.899197
0.061533 0.030617 0.007483 0.900366
0.061737 0.030739 0.007513 0.900011
0.062500 0.031126 0.007635 0.898739
0.062550 0.031147 0.007641 0.898662
0.062621 0.031112 0.007657 0.898609
0.062301 0.030942 0.007607 0.899150
0.061642 0.030673 0.007501 0.900185
0.061828 0.030782 0.007529 0.899862
0.062539 0.031150 0.007641 0.898670
0.062603 0.031128 0.007650 0.898619
0.062671 0.031146 0.007666 0.898517
0.062857 0.031281 0.007691 0.898171
0.061783 0.030745 0.007522 0.899951
0.061846 0.030804 0.007532 0.899818
0.062559 0.031159 0.007643 0.898639
0.062655 0.031197 0.007660 0.898488
0.062866 0.031251 0.007695 0.898188
0.062416 0.031015 0.007625 0.898944
0.062835 0.031284 0.007687 0.898195
0.061623 0.030685 0.007496 0.900196
0.062652 0.031213 0.007659 0.898476
0.062341 0.031037 0.007610 0.899011
0.062799 0.031259 0.007683 0.898259
0.062428 0.031022 0.007626 0.898924
0.062490 0.031061 0.007633 0.898816
0.061765 0.030727 0.007519 0.899989
0.061877 0.030816 0.007535 0.899772
0.062179 0.030945 0.007586 0.899290
0.062071 0.030917 0.007566 0.899446
0.061828 0.030723 0.007530 0.899918
0.061515 0.030572 0.007482 0.900431
0.061719 0.030693 0.007509 0.900078
0.062424 0.031041 0.007625 0.898910
0.062511 0.031124 0.007637 0.898728
0.062591 0.031084 0.007653 0.898672
0.062656 0.031120 0.007663 0.898560
0.061548 0.030621 0.007486 0.900345
0.061822 0.030783 0.007529 0.899866
0.062515 0.031132 0.007637 0.898716
0.062565 0.031126 0.007646 0.898663
0.062861 0.031230 0.007695 0.898213
0.062275 0.030930 0.007602 0.899193
0.061574 0.030642 0.007490 0.900294
0.061801 0.030786 0.007523 0.899890
0.062496 0.031078 0.007631 0.898795
0.062604 0.031158 0.007652 0.898586
0.062684 0.031220 0.007664 0.898433
0.062321 0.030956 0.007609 0.899115
0.062662 0.031183 0.007660 0.898495
0.062440 0.031086 0.007625 0.898849
0.062488 0.031132 0.007632 0.898747
0.062758 0.031263 0.007676 0.898303
0.062672 0.031152 0.007667 0.898510
0.062750 0.031171 0.007676 0.898404
0.062791 0.031224 0.007682 0.898304
0.061791 0.030772 0.007523 0.899913
0.062538 0.031144 0.007642 0.898676
0.062828 0.031274 0.007687 0.898211
0.062708 0.031180 0.007671 0.898441
0.062473 0.031041 0.007634 0.898853
0.062367 0.031035 0.007614 0.898984
0.061609 0.030679 0.007494 0.900218
0.062027 0.030892 0.007560 0.899521
0.062376 0.031072 0.007615 0.898937
0.062595 0.031158 0.007650 0.898597
0.062490 0.031054 0.007637 0.898820
0.062547 0.031086 0.007645 0.898722
0.061783 0.030745 0.007522 0.899950
0.061982 0.030862 0.007553 0.899602
0.062233 0.030986 0.007593 0.899188
0.062708 0.031235 0.007667 0.898389
0.062620 0.031136 0.007657 0.898587
0.061706 0.030673 0.007512 0.900109
0.061712 0.030700 0.007513 0.900076
0.062283 0.030985 0.007601 0.899130
0.062394 0.031028 0.007620 0.898958
0.062425 0.031005 0.007625 0.898945
0.061973 0.030780 0.007553 0.899694
0.061512 0.030611 0.007478 0.900399
0.061784 0.030753 0.007523 0.899940
0.062823 0.031293 0.007686 0.898199
0.062546 0.031106 0.007644 0.898705
0.062616 0.031101 0.007657 0.898625
0.062210 0.030889 0.007591 0.899309
0.061570 0.030637 0.007489 0.900304
0.061829 0.030786 0.007529 0.899856
0.062758 0.031258 0.007676 0.898308
0.062621 0.031166 0.007655 0.898558
0.062673 0.031139 0.007666 0.898522
0.062355 0.030968 0.007615 0.899062
0.061611 0.030663 0.007494 0.900232
0.061817 0.030779 0.007526 0.899878
0.062566 0.031158 0.007645 0.898631
0.062621 0.031194 0.007653 0.898533
0.062723 0.031168 0.007673 0.898435
0.062506 0.031044 0.007639 0.898811
0.061962 0.030847 0.007550 0.899642
0.061820 0.030785 0.007527 0.899868
0.062506 0.031112 0.007634 0.898748
0.062647 0.031195 0.007658 0.898500
0.062773 0.031268 0.007678 0.898281
0.062603 0.031110 0.007655 0.898632
0.062484 0.031093 0.007632 0.898792
0.061706 0.030730 0.007509 0.900055
0.062229 0.030992 0.007591 0.899188
0.062492 0.031122 0.007634 0.898752
0.062654 0.031201 0.007660 0.898485
0.062481 0.031058 0.007635 0.898825
0.062507 0.031081 0.007638 0.898774
0.061852 0.030788 0.007533 0.899828
0.061979 0.030869 0.007552 0.899601
0.062221 0.030949 0.007589 0.899241
0.062222 0.030976 0.007591 0.899211
0.061915 0.030812 0.007544 0.899729
0.061561 0.030602 0.007489 0.900347
0.061774 0.030722 0.007521 0.899983
0.062807 0.031248 0.007684 0.898261
0.062668 0.031123 0.007661 0.898548
0.062572 0.031079 0.007650 0.898699
0.062120 0.030912 0.007575 0.899393
0.061515 0.030607 0.007480 0.900398
0.061757 0.030755 0.007518 0.899969
0.062527 0.031136 0.007639 0.898697
0.062561 0.031130 0.007647 0.898662
0.062659 0.031125 0.007664 0.898553
0.062256 0.030919 0.007599 0.899227
0.061565 0.030632 0.007488 0.900315
0.061770 0.030753 0.007520 0.899957
0.062528 0.031140 0.007640 0.898692
0.062577 0.031142 0.007648 0.898634
0.062671 0.031140 0.007665 0.898523
0.062324 0.030956 0.007611 0.899109
0.061600 0.030651 0.007493 0.900256
0.061835 0.030796 0.007531 0.899837
0.062533 0.031148 0.007640 0.898679
0.062623 0.031174 0.007656 0.898548
0.062697 0.031157 0.007670 0.898476
0.061298 0.030443 0.007447 0.900812
0.061817 0.030762 0.007528 0.899893
0.061758 0.030758 0.007517 0.899967
0.062467 0.031085 0.007626 0.898821
0.062642 0.031117 0.007662 0.898579
0.062731 0.031205 0.007672 0.898393
0.062812 0.031201 0.007688 0.898299
0.062345 0.031022 0.007611 0.899022
0.061667 0.030714 0.007503 0.900116
0.062129 0.030951 0.007576 0.899345
0.062763 0.031250 0.007676 0.898310
0.062608 0.031170 0.007654 0.898569
0.062540 0.031082 0.007644 0.898734
0.062494 0.031070 0.007636 0.898800
0.061801 0.030752 0.007525 0.899921
0.062073 0.030913 0.007568 0.899445
0.062256 0.031003 0.007596 0.899145
0.062416 0.031059 0.007621 0.898904
0.062258 0.030955 0.007600 0.899187
0.061668 0.030699 0.007504 0.900129
0.061851 0.030769 0.007534 0.899846
0.062537 0.031130 0.007641 0.898691
0.062582 0.031146 0.007649 0.898622
0.062714 0.031164 0.007672 0.898450
0.062351 0.030981 0.007616 0.899052
0.061589 0.030651 0.007492 0.900269
0.061860 0.030801 0.007534 0.899804
0.062578 0.031170 0.007647 0.898605
0.062623 0.031169 0.007655 0.898553
0.062703 0.031154 0.007670 0.898473
0.062371 0.030983 0.007617 0.899029
0.061609 0.030661 0.007495 0.900235
0.061844 0.030798 0.007531 0.899826
0.062779 0.031263 0.007679 0.898279
0.062625 0.031179 0.007655 0.898541
0.062683 0.031152 0.007667 0.898498
0.062314 0.030955 0.007609 0.899123
0.062833 0.031271 0.007688 0.898208
0.061823 0.030786 0.007526 0.899865
0.062559 0.031164 0.007644 0.898633
0.062647 0.031207 0.007658 0.898488
0.062686 0.031152 0.007668 0.898494
0.062816 0.031203 0.007687 0.898294
0.061798 0.030753 0.007524 0.899925
0.061791 0.030782 0.007523 0.899904
0.062860 0.031308 0.007690 0.898142
0.062615 0.031177 0.007654 0.898554
0.062677 0.031163 0.007666 0.898495
0.062438 0.031019 0.007627 0.898916
0.062351 0.031024 0.007611 0.899013
0.061621 0.030681 0.007496 0.900202
0.062813 0.031277 0.007685 0.898226
0.062781 0.031274 0.007679 0.898266
0.062543 0.031134 0.007643 0.898680
0.062403 0.031011 0.007623 0.898962
0.062399 0.031003 0.007621 0.898977
0.061796 0.030754 0.007523 0.899927
0.061872 0.030799 0.007536 0.899793
0.062190 0.030960 0.007587 0.899263
0.062789 0.031275 0.007680 0.898256
0.061886 0.030752 0.007539 0.899823
0.061563 0.030597 0.007490 0.900351
0.061803 0.030769 0.007525 0.899903
0.062447 0.031065 0.007627 0.898861
0.062457 0.031016 0.007628 0.898899
0.062558 0.031065 0.007647 0.898729
0.062192 0.030950 0.007587 0.899272
0.061547 0.030629 0.007483 0.900340
0.061764 0.030754 0.007519 0.899962
0.062513 0.031128 0.007637 0.898723
0.062566 0.031133 0.007647 0.898654
0.062634 0.031117 0.007659 0.898590
0.062289 0.030933 0.007605 0.899174
0.061634 0.030661 0.007498 0.900207
0.061847 0.030796 0.007530 0.899826
0.062495 0.031081 0.007630 0.898794
0.062576 0.031140 0.007644 0.898639
0.062663 0.031210 0.007660 0.898467
0.062867 0.031287 0.007692 0.898155
0.061643 0.030675 0.007500 0.900183
0.061814 0.030787 0.007527 0.899872
0.062599 0.031177 0.007649 0.898576
0.062595 0.031124 0.007649 0.898632
0.062807 0.031204 0.007686 0.898303
0.062486 0.031069 0.007635 0.898810
0.061892 0.030802 0.007539 0.899767
0.062856 0.031298 0.007690 0.898156
0.062586 0.031175 0.007648 0.898591
0.062706 0.031226 0.007668 0.898399
0.062870 0.031267 0.007697 0.898166
0.062610 0.031115 0.007656 0.898619
0.062406 0.031059 0.007619 0.898916
0.062546 0.031151 0.007641 0.898662
0.062423 0.031089 0.007622 0.898866
0.062722 0.031231 0.007671 0.898376
0.062817 0.031296 0.007683 0.898204
0.062759 0.031190 0.007679 0.898372
0.062562 0.031122 0.007645 0.898671
0.061825 0.030787 0.007528 0.899860
0.062063 0.030916 0.007565 0.899456
0.062291 0.031030 0.007600 0.899079
0.062402 0.031087 0.007619 0.898892
0.062113 0.030886 0.007576 0.899425
0.061675 0.030663 0.007506 0.900155
0.061826 0.030742 0.007528 0.899903
0.062808 0.031221 0.007682 0.898289
0.062516 0.031105 0.007635 0.898744
0.062612 0.031179 0.007653 0.898556
0.062187 0.030948 0.007585 0.899279
0.061525 0.030615 0.007482 0.900378
0.061788 0.030768 0.007523 0.899922
0.062506 0.031123 0.007636 0.898735
0.062565 0.031137 0.007647 0.898650
0.062619 0.031107 0.007657 0.898617
0.062255 0.030921 0.007600 0.899225
0.061615 0.030660 0.007496 0.900229
0.061805 0.030778 0.007524 0.899894
0.062541 0.031099 0.007638 0.898722
0.062642 0.031180 0.007658 0.898520
0.062812 0.031277 0.007684 0.898227
0.062331 0.030962 0.007612 0.899096
0.061607 0.030672 0.007493 0.900228
0.061828 0.030789 0.007529 0.899855
0.062570 0.031167 0.007646 0.898616
0.062644 0.031185 0.007659 0.898512
0.062668 0.031144 0.007665 0.898522
0.062401 0.031000 0.007622 0.898977
0.062449 0.031080 0.007627 0.898844
0.061785 0.030776 0.007523 0.899917
0.062736 0.031252 0.007672 0.898340
0.062786 0.031259 0.007681 0.898273
0.062854 0.031249 0.007694 0.898203
0.062518 0.031061 0.007641 0.898779
0.062325 0.031011 0.007608 0.899055
0.061608 0.030676 0.007494 0.900222
0.062095 0.030934 0.007571 0.899401
0.062429 0.031092 0.007624 0.898855
0.062547 0.031136 0.007643 0.898674
0.062465 0.031040 0.007633 0.898862
0.062454 0.031044 0.007630 0.898871
0.061764 0.030731 0.007519 0.899985
0.062018 0.030874 0.007559 0.899549
0.062253 0.030996 0.007596 0.899155
0.062372 0.031054 0.007615 0.898958
0.061953 0.030802 0.007550 0.899695
0.061553 0.030587 0.007486 0.900374
0.061712 0.030676 0.007511 0.900102
0.062404 0.031073 0.007618 0.898904
0.062514 0.031136 0.007637 0.898713
0.062781 0.031184 0.007683 0.898352
0.062816 0.031197 0.007688 0.898299
0.061551 0.030621 0.007486 0.900342
0.061723 0.030732 0.007513 0.900032
0.062458 0.031101 0.007628 0.898813
0.062562 0.031137 0.007647 0.898655
0.062617 0.031107 0.007656 0.898620
0.062251 0.030911 0.007598 0.899240
0.061559 0.030624 0.007487 0.900329
0.061753 0.030760 0.007517 0.899970
0.062474 0.031112 0.007630 0.898785
0.062744 0.031233 0.007675 0.898348
0.062600 0.031095 0.007653 0.898652
0.062270 0.030928 0.007601 0.899200
0.061633 0.030664 0.007499 0.900204
0.061711 0.030730 0.007511 0.900049
0.062463 0.031109 0.007627 0.898800
0.062803 0.031263 0.007684 0.898250
0.062652 0.031131 0.007662 0.898555
0.062814 0.031199 0.007689 0.898298
0.061799 0.030746 0.007525 0.899930
0.061719 0.030735 0.007512 0.900034
0.062786 0.031271 0.007680 0.898263
0.062603 0.031170 0.007652 0.898575
0.062841 0.031244 0.007691 0.898223
0.062804 0.031200 0.007687 0.898309
0.062415 0.031053 0.007623 0.898909
0.061647 0.030701 0.007501 0.900151
0.062084 0.030924 0.007568 0.899424
0.062363 0.031013 0.007610 0.899014
0.062580 0.031160 0.007649 0.898611
0.062555 0.031153 0.007643 0.898649
0.062510 0.031070 0.007638 0.898782
0.061786 0.030744 0.007522 0.899947
0.062042 0.030889 0.007563 0.899506
0.062246 0.031001 0.007594 0.899159
0.062245 0.031004 0.007594 0.899157
0.062459 0.031051 0.007631 0.898859
0.061598 0.030622 0.007495 0.900285
0.062745 0.031215 0.007675 0.898365
0.062436 0.031059 0.007626 0.898880
0.062737 0.031155 0.007677 0.898431
0.062561 0.031051 0.007648 0.898740
0.062159 0.030877 0.007585 0.899379
0.062509 0.031090 0.007637 0.898764
0.061780 0.030762 0.007522 0.899936
0.062767 0.031260 0.007678 0.898296
0.062572 0.031126 0.007648 0.898654
0.062631 0.031115 0.007659 0.898596
0.062719 0.031147 0.007672 0.898462
0.061579 0.030641 0.007490 0.900290
0.061790 0.030780 0.007522 0.899909
0.062544 0.031152 0.007642 0.898662
0.062617 0.031162 0.007654 0.898567
0.062675 0.031144 0.007666 0.898514
0.062375 0.030982 0.007619 0.899024
0.061684 0.030694 0.007507 0.900115
0.062591 0.031166 0.007649 0.898594
0.062834 0.031299 0.007687 0.898180
0.062873 0.031303 0.007695 0.898129
0.062725 0.031179 0.007674 0.898422
0.062794 0.031202 0.007685 0.898319
0.061793 0.030757 0.007524 0.899927
0.061797 0.030785 0.007524 0.899894
0.062540 0.031154 0.007641 0.898664
0.062657 0.031196 0.007660 0.898488
0.062697 0.031173 0.007667 0.898464
0.062490 0.031046 0.007635 0.898829
0.062078 0.030890 0.007567 0.899464
0.061594 0.030678 0.007491 0.900237
0.062712 0.031244 0.007666 0.898378
0.062371 0.031003 0.007612 0.899015
0.062797 0.031246 0.007684 0.898272
0.062697 0.031196 0.007668 0.898439
0.062057 0.030834 0.007568 0.899541
0.062404 0.031037 0.007618 0.898941
0.061708 0.030685 0.007510 0.900098
0.062843 0.031276 0.007690 0.898191
0.062767 0.031219 0.007675 0.898339
0.062533 0.031061 0.007644 0.898761
0.062828 0.031267 0.007687 0.898219
0.061621 0.030624 0.007499 0.900256
0.062079 0.030862 0.007571 0.899488
0.062087 0.030802 0.007570 0.899541
0.062232 0.030894 0.007596 0.899277
0.061893 0.030777 0.007538 0.899793
0.062492 0.031064 0.007636 0.898808
0.061624 0.030659 0.007498 0.900218
0.062667 0.031182 0.007663 0.898488
0.062203 0.030929 0.007590 0.899278
0.062296 0.030937 0.007607 0.899161
0.061985 0.030767 0.007556 0.899692
0.061494 0.030560 0.007477 0.900468
0.061647 0.030666 0.007501 0.900185
0.062227 0.030991 0.007592 0.899191
0.062338 0.031003 0.007611 0.899048
0.062380 0.030984 0.007620 0.899015
0.062003 0.030786 0.007560 0.899652
0.061458 0.030561 0.007472 0.900510
0.061649 0.030656 0.007500 0.900195
0.062190 0.030958 0.007587 0.899265
0.062236 0.030955 0.007590 0.899219
0.062252 0.030900 0.007598 0.899250
0.062022 0.030847 0.007558 0.899573
0.061563 0.030642 0.007487 0.900309
0.062621 0.031179 0.007653 0.898547
0.062158 0.030935 0.007583 0.899324
0.062218 0.030947 0.007589 0.899246
0.062698 0.031123 0.007668 0.898510
0.062065 0.030817 0.007570 0.899547
0.062189 0.030881 0.007589 0.899341
0.062617 0.031156 0.007655 0.898572
0.061971 0.030840 0.007553 0.899635
0.062745 0.031214 0.007676 0.898365
0.062761 0.031223 0.007678 0.898339
0.062376 0.030993 0.007619 0.899012
0.062474 0.031047 0.007632 0.898847
0.061781 0.030723 0.007522 0.899974
0.062098 0.030909 0.007572 0.899421
0.062206 0.030986 0.007588 0.899220
0.062143 0.030920 0.007578 0.899359
0.061838 0.030737 0.007532 0.899894
0.061565 0.030629 0.007486 0.900321
0.062670 0.031167 0.007662 0.898501
0.062350 0.030975 0.007609 0.899066
0.062480 0.031062 0.007634 0.898824
0.062557 0.031145 0.007643 0.898654
0.062750 0.031161 0.007676 0.898413
0.061529 0.030595 0.007482 0.900393
0.061757 0.030762 0.007517 0.899963
0.062470 0.031111 0.007629 0.898790
0.062548 0.031124 0.007644 0.898684
0.062589 0.031085 0.007652 0.898674
0.062271 0.030923 0.007601 0.899205
0.061603 0.030663 0.007491 0.900244
0.061697 0.030720 0.007503 0.900080
0.062440 0.031053 0.007621 0.898886
0.062567 0.031166 0.007646 0.898621
0.062616 0.031182 0.007654 0.898549
0.062247 0.030910 0.007598 0.899245
0.061653 0.030678 0.007502 0.900166
0.062443 0.031086 0.007625 0.898846
0.062814 0.031285 0.007685 0.898217
0.062699 0.031208 0.007667 0.898425
0.062684 0.031160 0.007669 0.898486
0.062349 0.030967 0.007613 0.899071
0.061862 0.030767 0.007534 0.899836
0.061718 0.030743 0.007510 0.900029
0.062416 0.031063 0.007618 0.898903
0.062563 0.031110 0.007642 0.898685
0.062635 0.031186 0.007656 0.898524
0.062860 0.031292 0.007692 0.898156
0.062273 0.030979 0.007600 0.899148
0.062539 0.031146 0.007641 0.898674
0.062028 0.030897 0.007561 0.899514
0.062871 0.031305 0.007695 0.898129
0.062437 0.031075 0.007626 0.898862
0.062334 0.030973 0.007612 0.899081
0.062177 0.030893 0.007586 0.899345
0.061672 0.030680 0.007505 0.900142
0.061995 0.030853 0.007555 0.899597
0.062191 0.030952 0.007587 0.899270
0.062094 0.030897 0.007572 0.899437
0.062626 0.031104 0.007656 0.898613
0.061516 0.030556 0.007481 0.900447
0.061739 0.030741 0.007514 0.900006
0.062292 0.030970 0.007597 0.899142
0.062396 0.030974 0.007618 0.899011
0.062571 0.031148 0.007646 0.898635
0.062132 0.030917 0.007577 0.899374
0.061502 0.030592 0.007479 0.900427
0.062228 0.030982 0.007593 0.899196
0.062794 0.031272 0.007682 0.898253
0.062573 0.031136 0.007648 0.898642
0.062616 0.031104 0.007657 0.898623
0.062306 0.030938 0.007607 0.899148
0.061578 0.030640 0.007490 0.900291
0.061785 0.030766 0.007521 0.899928
0.062525 0.031143 0.007639 0.898693
0.062631 0.031200 0.007655 0.898513
0.062641 0.031123 0.007660 0.898576
0.062348 0.030967 0.007614 0.899070
0.061667 0.030683 0.007503 0.900146
0.061827 0.030792 0.007529 0.899852
0.062495 0.031120 0.007633 0.898752
0.062813 0.031274 0.007686 0.898227
0.062672 0.031150 0.007665 0.898513
0.062453 0.031029 0.007631 0.898887
0.061878 0.030790 0.007537 0.899794
0.062797 0.031267 0.007682 0.898254
0.062491 0.031117 0.007634 0.898758
0.062652 0.031213 0.007659 0.898477
0.062682 0.031172 0.007665 0.898481
0.062517 0.031063 0.007641 0.898780
0.062431 0.031065 0.007625 0.898880
0.061667 0.030706 0.007504 0.900123
0.062196 0.030974 0.007586 0.899244
0.062761 0.031253 0.007676 0.898309
0.062605 0.031171 0.007652 0.898572
0.062451 0.031040 0.007630 0.898879
0.062304 0.030980 0.007605 0.899111
0.061745 0.030730 0.007516 0.900009
0.062618 0.031185 0.007654 0.898543
0.062194 0.030981 0.007586 0.899240
0.062184 0.030952 0.007586 0.899278
0.061892 0.030748 0.007540 0.899820
0.061534 0.030564 0.007484 0.900419
0.061881 0.030809 0.007536 0.899774
0.062464 0.031052 0.007626 0.898858
0.062513 0.031079 0.007640 0.898768
0.062798 0.031261 0.007683 0.898259
0.062686 0.031139 0.007667 0.898508
0.061515 0.030615 0.007480 0.900389
0.061785 0.030767 0.007522 0.899926
0.062557 0.031148 0.007644 0.898651
0.062655 0.031177 0.007662 0.898506
0.062832 0.031210 0.007691 0.898267
0.061374 0.030480 0.007461 0.900685
0.062833 0.031268 0.007687 0.898212
0.061784 0.030706 0.007518 0.899992
0.062868 0.031318 0.007693 0.898121
0.062775 0.031236 0.007680 0.898309
0.062620 0.031083 0.007658 0.898640
0.062398 0.031001 0.007622 0.898979
0.062625 0.031168 0.007654 0.898553
0.062451 0.031090 0.007627 0.898831
0.062594 0.031178 0.007650 0.898578
0.062644 0.031200 0.007658 0.898498
0.062696 0.031164 0.007670 0.898470
0.062450 0.031021 0.007631 0.898898
0.061803 0.030740 0.007525 0.899932
0.061801 0.030780 0.007524 0.899895
0.062490 0.031126 0.007633 0.898751
0.062654 0.031211 0.007659 0.898476
0.062826 0.031230 0.007687 0.898256
0.062576 0.031090 0.007650 0.898685
0.062338 0.031019 0.007610 0.899033
0.062543 0.031134 0.007643 0.898681
0.062100 0.030933 0.007571 0.899395
0.062786 0.031272 0.007680 0.898262
0.062561 0.031144 0.007645 0.898649
0.062555 0.031089 0.007647 0.898710
0.062461 0.031051 0.007631 0.898856
0.061809 0.030758 0.007526 0.899907
0.062642 0.031194 0.007658 0.898505
0.062308 0.031038 0.007604 0.899050
0.062303 0.031024 0.007605 0.899068
0.062089 0.030868 0.007572 0.899470
0.061656 0.030652 0.007504 0.900188
0.061791 0.030742 0.007524 0.899943
0.062444 0.031077 0.007628 0.898852
0.062585 0.031131 0.007650 0.898634
0.062651 0.031132 0.007662 0.898555
0.062223 0.030912 0.007594 0.899271
0.061577 0.030639 0.007490 0.900294
0.061834 0.030793 0.007530 0.899844
0.062562 0.031164 0.007645 0.898629
0.062614 0.031161 0.007654 0.898571
0.062668 0.031139 0.007665 0.898528
0.062323 0.030956 0.007610 0.899111
0.062392 0.031052 0.007619 0.898937
0.061829 0.030797 0.007528 0.899847
0.062572 0.031171 0.007647 0.898611
0.062637 0.031185 0.007658 0.898520
0.062645 0.031131 0.007661 0.898564
0.062325 0.030961 0.007610 0.899103
0.061687 0.030700 0.007507 0.900106
0.061839 0.030801 0.007531 0.899830
0.062541 0.031144 0.007641 0.898675
0.062618 0.031174 0.007655 0.898554
0.062646 0.031137 0.007661 0.898556
0.062420 0.031014 0.007626 0.898940
0.061902 0.030807 0.007541 0.899749
0.062750 0.031244 0.007673 0.898332
0.062474 0.031087 0.007629 0.898810
0.062627 0.031183 0.007656 0.898534
0.062684 0.031222 0.007663 0.898430
0.062484 0.031048 0.007635 0.898833
0.062329 0.031014 0.007608 0.899049
0.061584 0.030671 0.007489 0.900256
0.062077 0.030914 0.007566 0.899442
0.062520 0.031134 0.007638 0.898708
0.062572 0.031161 0.007647 0.898620
0.062401 0.031003 0.007622 0.898974
0.062321 0.030978 0.007609 0.899092
0.061698 0.030723 0.007507 0.900072
0.062004 0.030867 0.007556 0.899573
0.062296 0.031013 0.007604 0.899087
0.062324 0.031023 0.007608 0.899045
0.061999 0.030816 0.007558 0.899628
0.061494 0.030554 0.007476 0.900475
0.061741 0.030693 0.007515 0.900051
0.062434 0.031093 0.007624 0.898850
0.062535 0.031130 0.007642 0.898692
0.062572 0.031081 0.007650 0.898696
0.062235 0.030904 0.007595 0.899266
0.061515 0.030600 0.007478 0.900406
0.061752 0.030733 0.007515 0.900000
0.062424 0.031045 0.007618 0.898912
0.062858 0.031311 0.007692 0.898139
0.062870 0.031305 0.007694 0.898131
0.062288 0.030939 0.007605 0.899167
0.061621 0.030661 0.007497 0.900221
0.061807 0.030779 0.007526 0.899889
0.062509 0.031133 0.007636 0.898723
0.062807 0.031226 0.007682 0.898284
0.062626 0.031122 0.007658 0.898594
0.062394 0.031052 0.007619 0.898935
0.061611 0.030658 0.007493 0.900238
0.061809 0.030772 0.007525 0.899893
0.062822 0.031288 0.007686 0.898204
0.062677 0.031185 0.007665 0.898473
0.062827 0.031227 0.007690 0.898256
0.062411 0.031004 0.007624 0.898961
0.062601 0.031154 0.007652 0.898594
0.061847 0.030796 0.007531 0.899826
0.062557 0.031162 0.007644 0.898637
0.062689 0.031211 0.007664 0.898436
0.062740 0.031195 0.007674 0.898391
0.062580 0.031099 0.007649 0.898672
0.062771 0.031251 0.007677 0.898302
0.061641 0.030707 0.007499 0.900153
0.062165 0.030972 0.007582 0.899281
0.062569 0.031166 0.007646 0.898619
0.062651 0.031189 0.007659 0.898501
0.062543 0.031078 0.007644 0.898735
0.062515 0.031077 0.007638 0.898770
0.062695 0.031217 0.007665 0.898423
0.062125 0.030930 0.007577 0.899368
0.062337 0.031054 0.007609 0.898999
0.062452 0.031098 0.007628 0.898823
0.062840 0.031247 0.007692 0.898221
0.061755 0.030707 0.007519 0.900019
0.061828 0.030767 0.007530 0.899875
0.062506 0.031118 0.007637 0.898740
0.062594 0.031148 0.007650 0.898608
0.062652 0.031136 0.007662 0.898549
0.062627 0.031118 0.007658 0.898597
0.061695 0.030697 0.007509 0.900098
0.061874 0.030815 0.007536 0.899775
0.062576 0.031168 0.007647 0.898609
0.062641 0.031182 0.007658 0.898520
0.062684 0.031158 0.007667 0.898491
0.062779 0.031191 0.007682 0.898347
0.061670 0.030694 0.007504 0.900132
0.061843 0.030802 0.007531 0.899824
0.062527 0.031147 0.007639 0.898687
0.062578 0.031150 0.007647 0.898624
0.062805 0.031217 0.007686 0.898292
0.062382 0.030989 0.007619 0.899010
0.061807 0.030760 0.007527 0.899906
0.061845 0.030806 0.007531 0.899819
0.062464 0.031075 0.007627 0.898834
0.062604 0.031166 0.007652 0.898577
0.062620 0.031182 0.007653 0.898544
0.062379 0.030997 0.007618 0.899005
0.061922 0.030811 0.007544 0.899723
0.061804 0.030783 0.007525 0.899888
0.062383 0.031047 0.007614 0.898956
0.062598 0.031166 0.007651 0.898584
0.062558 0.031130 0.007645 0.898666
0.062372 0.030992 0.007617 0.899018
0.062280 0.030988 0.007602 0.899130
0.061625 0.030688 0.007496 0.900192
0.062025 0.030889 0.007559 0.899527
0.062269 0.030950 0.007596 0.899185
0.062494 0.031103 0.007635 0.898767
0.062439 0.031090 0.007624 0.898847
0.062380 0.030996 0.007618 0.899007
0.061716 0.030706 0.007511 0.900066
0.061939 0.030839 0.007545 0.899677
0.062192 0.030965 0.007587 0.899255
0.062380 0.031066 0.007615 0.898940
0.062218 0.030929 0.007593 0.899259
0.062019 0.030813 0.007561 0.899607
0.061561 0.030620 0.007489 0.900330
0.061789 0.030772 0.007522 0.899917
0.062254 0.030980 0.007598 0.899168
0.062083 0.030880 0.007572 0.899465
0.061846 0.030722 0.007535 0.899897
0.061359 0.030477 0.007452 0.900712
0.061670 0.030633 0.007503 0.900194
0.062383 0.031032 0.007618 0.898967
0.062527 0.031078 0.007643 0.898752
0.062562 0.031066 0.007649 0.898723
0.062128 0.030481 0.007583 0.899808
0.061523 0.030595 0.007481 0.900401
0.061706 0.030709 0.007509 0.900076
0.062472 0.031108 0.007630 0.898789
0.062546 0.031149 0.007640 0.898665
0.062588 0.031087 0.007652 0.898673
0.062677 0.031123 0.007665 0.898535
0.061629 0.030675 0.007497 0.900199
0.061788 0.030768 0.007523 0.899921
0.062798 0.031283 0.007681 0.898237
0.062822 0.031264 0.007686 0.898228
0.062667 0.031143 0.007665 0.898524
0.062432 0.031013 0.007628 0.898927
0.061829 0.030761 0.007529 0.899881
0.061834 0.030795 0.007530 0.899841
0.062878 0.031320 0.007694 0.898108
0.062674 0.031205 0.007663 0.898458
0.062742 0.031200 0.007676 0.898382
0.062800 0.031207 0.007686 0.898306
0.062307 0.031009 0.007605 0.899079
0.061771 0.030769 0.007520 0.899940
0.062168 0.030970 0.007582 0.899280
0.062368 0.030982 0.007618 0.899031
0.062824 0.031234 0.007688 0.898254
0.062593 0.031114 0.007653 0.898640
0.062399 0.031029 0.007621 0.898951
0.061856 0.030787 0.007534 0.899823
0.062105 0.030922 0.007572 0.899401
0.062268 0.031012 0.007599 0.899121
0.062497 0.031126 0.007633 0.898744
0.062342 0.030994 0.007612 0.899052
0.061739 0.030696 0.007516 0.900050
0.061834 0.030765 0.007531 0.899870
0.062457 0.031092 0.007628 0.898823
0.062553 0.031140 0.007645 0.898662
0.062593 0.031108 0.007652 0.898646
0.062744 0.031174 0.007677 0.898405
0.061638 0.030685 0.007499 0.900178
0.061811 0.030779 0.007526 0.899884
0.062495 0.031118 0.007634 0.898753
0.062609 0.031169 0.007653 0.898569
0.062596 0.031108 0.007653 0.898643
0.062266 0.030930 0.007601 0.899203
0.061646 0.030676 0.007501 0.900178
0.061855 0.030803 0.007533 0.899809
0.062515 0.031134 0.007637 0.898714
0.062606 0.031160 0.007653 0.898581
0.062632 0.031125 0.007658 0.898585
0.062405 0.031001 0.007623 0.898972
0.061699 0.030698 0.007509 0.900094
0.061816 0.030794 0.007526 0.899863
0.062844 0.031301 0.007689 0.898165
0.062631 0.031181 0.007656 0.898531
0.062646 0.031141 0.007661 0.898552
0.062450 0.031023 0.007628 0.898899
0.061864 0.030784 0.007535 0.899816
0.061771 0.030763 0.007519 0.899947
0.062485 0.031129 0.007632 0.898754
0.062607 0.031166 0.007652 0.898575
0.062691 0.031176 0.007668 0.898465
0.062526 0.031068 0.007640 0.898765
0.062382 0.031038 0.007616 0.898964
0.061631 0.030690 0.007498 0.900182
0.062157 0.030945 0.007581 0.899317
0.062496 0.031131 0.007632 0.898741
0.062620 0.031175 0.007651 0.898554
0.062571 0.031090 0.007648 0.898691
0.062469 0.031074 0.007630 0.898828
0.061845 0.030777 0.007531 0.899846
0.062215 0.030986 0.007587 0.899212
0.062476 0.031090 0.007628 0.898805
0.062573 0.031163 0.007645 0.898619
0.062252 0.030964 0.007597 0.899187
0.061720 0.030697 0.007513 0.900069
0.061936 0.030845 0.007545 0.899674
0.062836 0.031294 0.007688 0.898181
0.062629 0.031172 0.007657 0.898542
0.062736 0.031183 0.007676 0.898406
0.062471 0.031048 0.007634 0.898847
0.061811 0.030769 0.007527 0.899894
0.062601 0.031172 0.007650 0.898577
0.062691 0.031232 0.007665 0.898412
0.062709 0.031227 0.007668 0.898396
0.062708 0.031179 0.007669 0.898444
0.062447 0.031034 0.007629 0.898890
0.061755 0.030734 0.007517 0.899994
0.062587 0.031159 0.007649 0.898605
0.062557 0.031118 0.007642 0.898683
0.062723 0.031251 0.007670 0.898357
0.062713 0.031235 0.007668 0.898384
0.062483 0.031048 0.007635 0.898835
0.061746 0.030739 0.007515 0.900000
0.062699 0.031226 0.007665 0.898410
0.062509 0.031103 0.007633 0.898755
0.062630 0.031204 0.007654 0.898512
0.062844 0.031300 0.007688 0.898168
0.062455 0.031031 0.007631 0.898883
0.061940 0.030829 0.007546 0.899684
0.061852 0.030811 0.007532 0.899805
0.062466 0.031115 0.007628 0.898791
0.062608 0.031139 0.007650 0.898602
0.062680 0.031176 0.007666 0.898478
0.062575 0.031156 0.007646 0.898624
0.062851 0.031273 0.007692 0.898184
0.061731 0.030746 0.007514 0.900010
0.062124 0.030952 0.007573 0.899351
0.062429 0.031048 0.007621 0.898902
0.062536 0.031115 0.007639 0.898709
0.062461 0.031060 0.007631 0.898848
0.062458 0.031082 0.007628 0.898832
0.061788 0.030769 0.007521 0.899923
0.062040 0.030896 0.007561 0.899504
0.062248 0.030960 0.007594 0.899198
0.062494 0.031128 0.007634 0.898745
0.061981 0.030869 0.007553 0.899597
0.061585 0.030617 0.007493 0.900305
0.061803 0.030749 0.007526 0.899922
0.062421 0.031054 0.007623 0.898903
0.062787 0.031226 0.007683 0.898304
0.062598 0.031096 0.007654 0.898653
0.062768 0.031182 0.007681 0.898369
0.061588 0.030645 0.007492 0.900275
0.061801 0.030774 0.007525 0.899900
0.062518 0.031137 0.007638 0.898707
0.062821 0.031263 0.007687 0.898229
0.062623 0.031108 0.007657 0.898611
0.062343 0.030968 0.007612 0.899077
0.061726 0.030712 0.007513 0.900049
0.062754 0.031249 0.007674 0.898323
0.062468 0.031077 0.007626 0.898829
0.062617 0.031174 0.007654 0.898554
0.062719 0.031237 0.007669 0.898375
0.062466 0.031035 0.007633 0.898866
0.061753 0.030719 0.007517 0.900011
0.061875 0.030809 0.007536 0.899780
0.062555 0.031162 0.007643 0.898640
0.062839 0.031274 0.007686 0.898201
0.062687 0.031167 0.007667 0.898478
0.062457 0.031087 0.007628 0.898829
0.062620 0.031162 0.007653 0.898564
0.061771 0.030766 0.007520 0.899943
0.062754 0.031265 0.007675 0.898307
0.062777 0.031124 0.007686 0.898413
0.062875 0.031272 0.007695 0.898158
0.062549 0.031083 0.007646 0.898722
0.062774 0.031233 0.007678 0.898315
0.062469 0.031112 0.007628 0.898792
0.062074 0.030924 0.007568 0.899435
0.062870 0.031298 0.007695 0.898136
0.062570 0.031155 0.007646 0.898629
0.062540 0.031083 0.007644 0.898732
0.062861 0.031247 0.007692 0.898200
0.062748 0.031223 0.007674 0.898355
0.062005 0.030878 0.007557 0.899560
0.062774 0.031267 0.007679 0.898281
0.062873 0.031311 0.007695 0.898121
0.062863 0.031259 0.007695 0.898182
0.061673 0.030660 0.007507 0.900160
0.062747 0.031222 0.007674 0.898357
0.062777 0.031201 0.007677 0.898345
0.062532 0.031104 0.007643 0.898722
0.062574 0.031156 0.007646 0.898624
0.062191 0.030894 0.007589 0.899326
0.061567 0.030632 0.007489 0.900312
0.061744 0.030759 0.007515 0.899982
0.062482 0.031113 0.007633 0.898772
0.062786 0.031247 0.007682 0.898285
0.062654 0.031129 0.007663 0.898554
0.062374 0.030981 0.007619 0.899026
0.061839 0.030767 0.007531 0.899863
0.061772 0.030763 0.007518 0.899946
0.062467 0.031078 0.007627 0.898827
0.062663 0.031190 0.007661 0.898486
0.062693 0.031220 0.007665 0.898422
0.062497 0.031053 0.007637 0.898813
0.061761 0.030731 0.007518 0.899989
0.061812 0.030785 0.007527 0.899877
0.062507 0.031131 0.007635 0.898728
0.062608 0.031181 0.007653 0.898558
0.062658 0.031149 0.007663 0.898530
0.062436 0.031021 0.007628 0.898915
0.061846 0.030775 0.007532 0.899847
0.061769 0.030762 0.007520 0.899950
0.062754 0.031260 0.007675 0.898310
0.062618 0.031180 0.007654 0.898548
0.062702 0.031180 0.007670 0.898448
0.062494 0.031052 0.007636 0.898818
0.062357 0.031023 0.007611 0.899010
0.061615 0.030680 0.007494 0.900211
0.062018 0.030887 0.007558 0.899537
0.062366 0.031058 0.007614 0.898962
0.062459 0.031087 0.007626 0.898828
0.062802 0.031199 0.007685 0.898313
0.062450 0.031078 0.007627 0.898846
0.062812 0.031274 0.007684 0.898229
0.062717 0.031223 0.007670 0.898390
0.062723 0.031231 0.007671 0.898375
0.062206 0.030972 0.007590 0.899232
0.061343 0.030498 0.007456 0.900703
0.061592 0.030615 0.007494 0.900298
0.061683 0.030688 0.007507 0.900122
0.062343 0.031018 0.007611 0.899028
0.062788 0.031177 0.007684 0.898351
0.062453 0.030987 0.007630 0.898930
0.062023 0.030803 0.007562 0.899611
0.061543 0.030616 0.007484 0.900358
0.061637 0.030687 0.007499 0.900177
0.062344 0.030984 0.007608 0.899064
0.062550 0.031115 0.007644 0.898691
0.062596 0.031154 0.007650 0.898600
0.062317 0.030937 0.007609 0.899137
0.061588 0.030653 0.007489 0.900270
0.061629 0.030685 0.007496 0.900190
0.062762 0.031258 0.007677 0.898304
0.062504 0.031130 0.007635 0.898731
0.062766 0.031192 0.007680 0.898362
0.062203 0.030888 0.007590 0.899319
0.062135 0.030901 0.007577 0.899388
0.061505 0.030607 0.007477 0.900410
0.061655 0.030373 0.007516 0.900456
0.062166 0.030967 0.007583 0.899284
0.062233 0.030985 0.007590 0.899192
0.062817 0.031185 0.007688 0.898310
0.061980 0.030781 0.007555 0.899684
0.061529 0.030630 0.007480 0.900361
0.062067 0.030853 0.007566 0.899513
0.062862 0.031277 0.007693 0.898168
0.062443 0.031043 0.007626 0.898887
0.062812 0.031199 0.007688 0.898301
0.062166 0.030930 0.007581 0.899323
0.061530 0.030627 0.007483 0.900360
0.061902 0.030817 0.007539 0.899743
0.062255 0.030984 0.007597 0.899164
0.062310 0.031004 0.007602 0.899085
0.062329 0.030948 0.007610 0.899113
0.062691 0.031198 0.007665 0.898446
0.061714 0.030727 0.007510 0.900048
0.061819 0.030768 0.007529 0.899884
0.062068 0.030888 0.007568 0.899477
0.062115 0.030911 0.007576 0.899398
0.061922 0.030774 0.007547 0.899757
0.061570 0.030583 0.007490 0.900357
0.061697 0.030676 0.007510 0.900117
0.062822 0.031246 0.007688 0.898244
0.062409 0.031022 0.007623 0.898946
0.062837 0.031213 0.007692 0.898257
0.062047 0.030815 0.007566 0.899572
0.062421 0.031046 0.007624 0.898909
0.061677 0.030693 0.007505 0.900125
0.062855 0.031295 0.007692 0.898158
0.062516 0.031097 0.007639 0.898749
0.062759 0.031172 0.007680 0.898389
0.062269 0.030920 0.007602 0.899209
0.061591 0.030640 0.007492 0.900276
0.061730 0.030724 0.007513 0.900033
0.062504 0.031124 0.007635 0.898736
0.062615 0.031188 0.007653 0.898544
0.062819 0.031215 0.007688 0.898278
0.062377 0.030983 0.007619 0.899021
0.061648 0.030675 0.007500 0.900177
0.061745 0.030742 0.007515 0.899998
0.062482 0.031123 0.007632 0.898763
0.062603 0.031178 0.007652 0.898567
0.062809 0.031220 0.007687 0.898284
0.062442 0.031015 0.007629 0.898914
0.061897 0.030797 0.007540 0.899766
0.061744 0.030749 0.007515 0.899992
0.062442 0.031098 0.007625 0.898835
0.062620 0.031188 0.007653 0.898540
0.062664 0.031164 0.007663 0.898509
0.062765 0.031182 0.007679 0.898374
0.062370 0.031029 0.007615 0.898985
0.061606 0.030689 0.007493 0.900212
0.062095 0.030935 0.007570 0.899399
0.062459 0.031100 0.007628 0.898813
0.062602 0.031167 0.007652 0.898579
0.062491 0.031045 0.007634 0.898830
0.062489 0.031057 0.007634 0.898819
0.061737 0.030736 0.007513 0.900015
0.061959 0.030859 0.007548 0.899635
0.062194 0.030943 0.007583 0.899279
0.062287 0.031000 0.007599 0.899114
0.062023 0.030891 0.007559 0.899528
0.061649 0.030675 0.007500 0.900176
0.061816 0.030746 0.007528 0.899910
0.062429 0.031091 0.007620 0.898861
0.062508 0.031049 0.007634 0.898809
0.062580 0.031085 0.007649 0.898686
0.062858 0.031278 0.007691 0.898173
0.061573 0.030649 0.007488 0.900290
0.061797 0.030785 0.007523 0.899895
0.062550 0.031160 0.007643 0.898647
0.062601 0.031155 0.007653 0.898592
0.062619 0.031107 0.007658 0.898616
0.062735 0.031158 0.007675 0.898433
0.061674 0.030691 0.007505 0.900131
0.061781 0.030769 0.007522 0.899928
0.062772 0.031265 0.007678 0.898285
0.062601 0.031163 0.007652 0.898584
0.062692 0.031159 0.007669 0.898480
0.062391 0.030985 0.007620 0.899003
0.061693 0.030700 0.007507 0.900100
0.061842 0.030789 0.007531 0.899839
0.062579 0.031170 0.007647 0.898604
0.062872 0.031317 0.007692 0.898119
0.062664 0.031146 0.007663 0.898527
0.062423 0.031017 0.007624 0.898936
0.061901 0.030802 0.007541 0.899756
0.061776 0.030758 0.007520 0.899946
0.062479 0.031113 0.007632 0.898776
0.062660 0.031199 0.007661 0.898481
0.062709 0.031186 0.007670 0.898435
0.062811 0.031205 0.007687 0.898297
0.062836 0.031267 0.007689 0.898207
0.061616 0.030688 0.007495 0.900201
0.062859 0.031315 0.007692 0.898135
0.062480 0.031121 0.007632 0.898768
0.062879 0.031308 0.007696 0.898117
0.062496 0.031057 0.007638 0.898810
0.062476 0.031059 0.007633 0.898832
0.061846 0.030785 0.007533 0.899837
0.062065 0.030909 0.007567 0.899459
0.062670 0.031173 0.007660 0.898497
0.062224 0.030979 0.007592 0.899206
0.062032 0.030900 0.007561 0.899507
0.061647 0.030650 0.007502 0.900201
0.061735 0.030718 0.007515 0.900032
0.062356 0.031025 0.007613 0.899006
0.062471 0.031071 0.007633 0.898825
