0.139761 0.066254 0.288540 0.505446
0.143323 0.068260 0.280671 0.507747
0.140694 0.065518 0.288477 0.505311
0.138621 0.063446 0.281512 0.516420
0.143106 0.064529 0.298916 0.493449
0.141981 0.067109 0.288878 0.502033
0.141899 0.063872 0.300805 0.493425
0.150584 0.071653 0.299662 0.478101
0.139404 0.066008 0.277853 0.516735
0.142696 0.068099 0.280592 0.508614
0.143262 0.067826 0.287480 0.501432
0.145553 0.066449 0.305181 0.482817
0.146181 0.068178 0.296822 0.488820
0.140955 0.065703 0.281987 0.511355
0.138153 0.065455 0.286256 0.510136
0.142487 0.068172 0.292216 0.497125
0.142652 0.066207 0.310949 0.480192
0.144640 0.068307 0.292622 0.494431
0.147964 0.068910 0.293445 0.489681
0.143909 0.069575 0.284812 0.501704
0.142791 0.068900 0.283886 0.504423
0.150033 0.070809 0.291163 0.487995
0.139200 0.067462 0.310441 0.482897
0.141132 0.066294 0.281371 0.511203
0.151294 0.072365 0.295224 0.481117
0.148766 0.069676 0.290390 0.491168
0.143412 0.065652 0.300191 0.490745
0.138566 0.063921 0.289889 0.507623
0.139628 0.061604 0.294981 0.503786
0.142682 0.068863 0.275451 0.513005
0.141173 0.067477 0.286014 0.505336
0.152883 0.072408 0.291380 0.483328
0.148996 0.070614 0.304468 0.475922
0.143660 0.068512 0.280320 0.507509
0.141306 0.065328 0.307431 0.485935
0.143674 0.069828 0.275883 0.510614
0.146723 0.068799 0.298303 0.486175
0.144175 0.069240 0.277769 0.508816
0.142500 0.064239 0.301602 0.491659
0.138092 0.064989 0.282186 0.514733
0.142767 0.066346 0.325341 0.465546
0.148160 0.069137 0.300223 0.482480
0.142344 0.065587 0.291713 0.500355
0.141397 0.067012 0.277944 0.513647
0.140356 0.065054 0.289355 0.505235
0.132548 0.061510 0.297259 0.508682
0.141157 0.063324 0.289047 0.506472
0.139441 0.064313 0.311766 0.484480
0.146175 0.067547 0.288448 0.497830
0.145576 0.067228 0.296955 0.490241
0.143543 0.065724 0.300595 0.490137
0.146547 0.067738 0.299454 0.486260
0.134958 0.063219 0.286728 0.515094
0.142180 0.067843 0.287779 0.502198
0.143277 0.065975 0.295787 0.494962
0.139423 0.066732 0.282857 0.510989
0.141320 0.066250 0.283943 0.508487
0.140644 0.065451 0.281233 0.512672
0.138443 0.064369 0.282424 0.514764
0.147220 0.067612 0.297596 0.487572
0.140951 0.064779 0.301115 0.493155
0.146198 0.067243 0.299491 0.487068
0.142498 0.065450 0.288371 0.503681
0.144400 0.068544 0.284935 0.502120
0.138584 0.065055 0.291019 0.505342
0.148060 0.069222 0.290145 0.492573
0.148056 0.068296 0.294842 0.488806
0.136417 0.063906 0.279279 0.520398
0.147265 0.068044 0.293764 0.490928
0.137523 0.063346 0.317577 0.481554
0.135194 0.062910 0.287708 0.514187
0.142055 0.065066 0.297986 0.494892
0.142720 0.067797 0.287538 0.501944
0.144078 0.069247 0.278646 0.508029
0.151112 0.074587 0.282118 0.492184
0.137339 0.065918 0.295589 0.501154
0.146315 0.069450 0.311272 0.472963
0.143961 0.066275 0.286116 0.503647
0.146645 0.068661 0.295299 0.489395
0.147139 0.070437 0.283050 0.499374
0.139441 0.064268 0.324628 0.471664
0.139089 0.065684 0.275400 0.519826
0.138701 0.064573 0.307485 0.489240
0.145165 0.069961 0.286031 0.498842
0.142152 0.065365 0.294763 0.497719
0.137578 0.065284 0.279070 0.518069
0.144176 0.065931 0.294066 0.495827
0.144306 0.065117 0.295097 0.495481
0.127203 0.054879 0.293681 0.524237
0.149865 0.071757 0.297442 0.480936
0.146338 0.068591 0.296138 0.488933
0.139178 0.065248 0.286364 0.509210
0.143696 0.068566 0.288937 0.498801
0.139661 0.066420 0.283672 0.510247
0.140699 0.066216 0.280114 0.512970
0.140355 0.065516 0.285632 0.508496
0.141819 0.067177 0.282271 0.508733
0.145728 0.067256 0.297665 0.489351
0.146714 0.068392 0.296927 0.487967
0.146360 0.067611 0.295720 0.490309
0.142487 0.067613 0.280361 0.509538
0.138446 0.064216 0.296146 0.501192
0.143519 0.065528 0.289065 0.501889
0.145712 0.067407 0.296357 0.490524
0.143951 0.067922 0.281912 0.506215
0.138705 0.063312 0.308959 0.489024
0.142072 0.068098 0.288589 0.501240
0.135789 0.061274 0.313703 0.489233
0.144237 0.067650 0.282641 0.505471
0.145278 0.067764 0.295900 0.491059
0.138741 0.064574 0.290558 0.506127
0.139761 0.061174 0.299594 0.499471
0.134055 0.062716 0.291704 0.511525
0.140582 0.066148 0.280315 0.512955
0.147743 0.069102 0.299833 0.483322
0.138035 0.064978 0.281778 0.515209
0.143680 0.065368 0.301259 0.489693
0.142577 0.066785 0.285970 0.504667
0.136643 0.063041 0.283475 0.516841
0.141933 0.067073 0.281450 0.509543
0.144843 0.065811 0.295057 0.494289
0.148998 0.068823 0.293942 0.488237
0.148759 0.068281 0.297534 0.485427
0.147174 0.067743 0.291392 0.493692
0.139236 0.064139 0.326580 0.470044
0.144712 0.065558 0.293886 0.495844
0.148840 0.069630 0.292604 0.488926
0.146613 0.070666 0.279071 0.503650
0.140036 0.064906 0.317920 0.477138
0.143310 0.066981 0.306947 0.482762
0.138626 0.064566 0.316388 0.480421
0.149562 0.070098 0.291878 0.488461
0.149451 0.070201 0.292003 0.488345
0.143828 0.066854 0.313348 0.475970
0.143205 0.064823 0.299964 0.492008
0.149896 0.070522 0.291622 0.487960
0.146252 0.068003 0.289953 0.495793
0.140291 0.066247 0.284230 0.509232
0.145493 0.066244 0.293345 0.494918
0.145170 0.067161 0.298776 0.488893
0.143673 0.067707 0.281152 0.507468
0.146117 0.067623 0.286136 0.500125
0.138549 0.067932 0.310552 0.482967
0.147509 0.068936 0.297712 0.485843
0.148671 0.071031 0.293585 0.486713
0.147425 0.068113 0.297931 0.486531
0.139739 0.066158 0.280696 0.513407
0.139969 0.064281 0.292796 0.502954
0.141292 0.064265 0.296496 0.497947
0.145942 0.068324 0.286426 0.499308
0.142207 0.068143 0.284583 0.505067
0.145049 0.069626 0.280726 0.504599
0.148607 0.069403 0.289705 0.492286
0.139578 0.067536 0.287079 0.505808
0.144921 0.066758 0.286333 0.501988
0.140052 0.065748 0.318628 0.475573
0.142515 0.068662 0.282982 0.505841
0.145475 0.068418 0.294005 0.492103
0.142525 0.068195 0.278578 0.510702
0.134881 0.061960 0.285560 0.517599
0.139028 0.065978 0.282956 0.512038
0.146245 0.067455 0.300987 0.485314
0.139718 0.063851 0.296943 0.499488
0.140519 0.066801 0.284033 0.508647
0.141600 0.066213 0.289789 0.502399
0.135625 0.062527 0.284459 0.517390
0.143492 0.067917 0.283006 0.505585
0.142215 0.067519 0.289630 0.500636
0.131110 0.060819 0.282246 0.525825
0.145887 0.068678 0.288136 0.497299
0.147871 0.069056 0.300820 0.482253
0.141649 0.064660 0.290213 0.503478
0.136862 0.064445 0.287330 0.511363
0.134977 0.060508 0.281118 0.523397
0.137383 0.060180 0.304270 0.498168
0.136864 0.064060 0.282121 0.516955
0.144071 0.065762 0.304915 0.485252
0.140624 0.066923 0.280913 0.511540
0.134280 0.062641 0.280564 0.522515
0.142474 0.066963 0.284765 0.505797
0.138747 0.062131 0.295552 0.503570
0.143187 0.068531 0.280628 0.507654
0.143722 0.065510 0.303983 0.486785
0.137616 0.064311 0.277828 0.520246
0.143353 0.065282 0.299273 0.492091
0.141256 0.066718 0.284265 0.507761
0.146436 0.066892 0.295541 0.491131
0.140269 0.066957 0.283421 0.509354
0.145401 0.065956 0.293969 0.494673
0.143946 0.067741 0.292815 0.495499
0.144445 0.067425 0.287388 0.500743
0.142125 0.065001 0.295698 0.497176
0.143266 0.069866 0.273834 0.513034
0.148103 0.068634 0.294170 0.489093
0.144462 0.069215 0.289436 0.496887
0.145484 0.065921 0.296421 0.492174
0.145642 0.068797 0.291080 0.494481
0.142663 0.065415 0.299163 0.492758
0.143975 0.066000 0.301501 0.488524
0.139731 0.065444 0.282521 0.512305
0.138140 0.061389 0.301861 0.498610
0.140657 0.066594 0.283087 0.509662
0.135105 0.062799 0.283463 0.518633
0.138036 0.063945 0.284840 0.513180
0.145428 0.068146 0.292375 0.494050
0.149727 0.070476 0.293097 0.486699
0.143658 0.067862 0.285907 0.502573
0.135287 0.063089 0.292886 0.508738
0.135898 0.062139 0.328280 0.473682
0.140067 0.063683 0.296344 0.499906
0.144048 0.065948 0.300839 0.489165
0.140950 0.064326 0.294657 0.500067
0.128114 0.054773 0.283726 0.533387
0.143079 0.067489 0.283896 0.505537
0.138869 0.064776 0.285765 0.510590
0.144415 0.065160 0.296518 0.493907
0.144287 0.066452 0.299742 0.489520
0.141130 0.064189 0.288172 0.506509
0.145797 0.066847 0.300057 0.487299
0.140259 0.066069 0.286919 0.506752
0.143009 0.064248 0.297212 0.495531
0.140123 0.065624 0.286443 0.507810
0.138289 0.064690 0.290751 0.506269
0.145411 0.067664 0.299597 0.487327
0.140271 0.067258 0.278606 0.513865
0.150675 0.070280 0.294772 0.484273
0.134815 0.064698 0.306962 0.493526
0.138091 0.064105 0.279371 0.518434
0.145038 0.067618 0.297981 0.489363
0.145796 0.070096 0.281398 0.502710
0.146313 0.067488 0.298033 0.488166
0.146625 0.070914 0.286910 0.495551
0.140263 0.065218 0.322879 0.471640
0.142750 0.068103 0.287708 0.501439
0.143488 0.066021 0.293948 0.496542
0.147843 0.069369 0.287896 0.494893
0.142740 0.067028 0.283720 0.506513
0.127491 0.058164 0.283381 0.530964
0.147820 0.068506 0.293520 0.490155
0.139567 0.062773 0.300449 0.497210
0.144054 0.069717 0.285156 0.501073
0.147992 0.068937 0.301268 0.481803
0.142651 0.069208 0.291263 0.496878
0.140436 0.066534 0.281563 0.511467
0.142702 0.068321 0.282870 0.506106
0.144289 0.068683 0.282155 0.504873
0.143731 0.065198 0.303969 0.487102
0.137794 0.064835 0.280377 0.516994
0.144368 0.065153 0.293904 0.496575
0.146275 0.067998 0.296994 0.488733
0.140807 0.067035 0.278917 0.513240
0.143761 0.066429 0.294951 0.494859
0.147146 0.070503 0.292545 0.489807
0.146222 0.067034 0.293949 0.492796
0.141225 0.066070 0.283869 0.508836
0.146628 0.067433 0.293970 0.491969
0.147707 0.070096 0.307275 0.474922
0.139139 0.064081 0.295987 0.500793
0.135942 0.060112 0.295667 0.508279
0.144637 0.067503 0.295294 0.492566
0.138948 0.065175 0.280508 0.515369
0.141471 0.066262 0.284343 0.507924
0.142107 0.067011 0.280877 0.510005
0.140515 0.062860 0.302851 0.493774
0.148485 0.069396 0.292234 0.489886
0.147595 0.067982 0.300390 0.484034
0.146420 0.067660 0.300797 0.485123
0.141703 0.065052 0.296219 0.497026
0.142198 0.066656 0.284613 0.506534
0.135932 0.062585 0.280387 0.521096
0.134463 0.062379 0.271786 0.531371
0.150162 0.069850 0.292151 0.487836
0.144025 0.065452 0.290986 0.499537
0.141928 0.064665 0.288931 0.504475
0.137777 0.063752 0.339273 0.459198
0.139275 0.063536 0.294462 0.502728
0.146952 0.069059 0.295740 0.488249
0.141619 0.066712 0.285166 0.506503
0.145883 0.066483 0.294300 0.493333
0.137115 0.065159 0.281020 0.516706
0.138577 0.064369 0.287542 0.509512
0.141025 0.062188 0.299561 0.497226
0.142233 0.068165 0.284615 0.504988
0.140142 0.066763 0.276179 0.516916
0.147050 0.068693 0.300469 0.483788
0.140667 0.066470 0.285798 0.507065
0.141716 0.064482 0.304855 0.488946
0.137483 0.064722 0.278238 0.519557
0.144050 0.065852 0.291304 0.498793
0.139315 0.065914 0.276758 0.518013
0.135765 0.062912 0.282468 0.518855
0.143792 0.064787 0.295179 0.496243
0.143097 0.064696 0.301157 0.491051
0.141831 0.066638 0.281840 0.509691
0.142045 0.064367 0.299991 0.493597
0.146466 0.068848 0.294116 0.490569
0.143200 0.064978 0.300909 0.490913
0.136787 0.063800 0.285323 0.514091
0.134075 0.061700 0.281265 0.522960
0.140375 0.065980 0.279714 0.513931
0.139666 0.066230 0.280393 0.513710
0.148381 0.068663 0.295170 0.487785
0.148978 0.070416 0.297044 0.483562
0.138647 0.065083 0.275691 0.520580
0.136063 0.061835 0.326620 0.475483
0.140875 0.067206 0.291800 0.500119
0.141926 0.065004 0.288863 0.504207
0.147024 0.070514 0.287089 0.495373
0.138965 0.064958 0.283058 0.513019
0.150073 0.072217 0.286610 0.491099
0.130877 0.061040 0.314221 0.493862
0.143038 0.064615 0.303618 0.488729
0.142267 0.064695 0.290316 0.502722
0.140595 0.066229 0.281779 0.511396
0.141770 0.064496 0.287557 0.506177
0.145704 0.067514 0.301842 0.484940
0.138912 0.064684 0.286875 0.509530
0.139495 0.061769 0.292423 0.506312
0.132911 0.062248 0.272207 0.532634
0.142041 0.067699 0.286026 0.504234
0.146447 0.068246 0.299353 0.485954
0.145628 0.067581 0.299614 0.487177
0.139975 0.065834 0.280567 0.513624
0.141713 0.066864 0.294466 0.496957
0.143280 0.068945 0.284746 0.503029
0.144797 0.068218 0.286929 0.500056
0.148036 0.068426 0.292308 0.491230
0.141665 0.066807 0.282786 0.508742
0.142323 0.066938 0.280419 0.510320
0.142648 0.066312 0.294739 0.496301
0.147033 0.067253 0.295535 0.490179
0.144976 0.066089 0.301157 0.487778
0.143983 0.068660 0.284836 0.502521
0.147608 0.068262 0.294288 0.489842
0.140999 0.067015 0.285589 0.506397
0.136753 0.063203 0.277162 0.522882
0.138786 0.062122 0.298061 0.501031
0.146732 0.066913 0.292976 0.493379
0.142548 0.064836 0.290687 0.501929
0.137758 0.064948 0.273685 0.523609
0.136802 0.062907 0.310459 0.489832
0.135120 0.060826 0.313564 0.490491
0.144571 0.066742 0.293565 0.495122
0.141958 0.065567 0.297698 0.494778
0.147031 0.067562 0.296593 0.488813
0.134213 0.062327 0.289357 0.514104
0.132588 0.061275 0.286959 0.519178
0.143072 0.064696 0.303297 0.488935
0.136839 0.064034 0.283541 0.515586
0.138000 0.064572 0.287057 0.510371
0.140790 0.066336 0.291147 0.501727
0.135027 0.062395 0.284533 0.518045
0.126357 0.058338 0.317341 0.497964
0.138262 0.064423 0.285138 0.512177
0.142704 0.065868 0.285468 0.505960
0.144093 0.068286 0.288537 0.499085
0.139838 0.064128 0.286058 0.509975
0.135930 0.062536 0.327442 0.474091
0.140806 0.066991 0.291510 0.500693
0.146039 0.067287 0.299492 0.487182
0.145132 0.069806 0.289713 0.495349
0.141176 0.066509 0.285512 0.506804
0.135017 0.062535 0.276963 0.525484
0.144962 0.068814 0.283190 0.503034
0.124218 0.056335 0.294485 0.524962
0.143629 0.066281 0.295922 0.494168
0.144602 0.066248 0.287682 0.501469
0.146667 0.067233 0.300158 0.485942
0.141757 0.067375 0.286328 0.504539
0.145409 0.067511 0.306546 0.480533
0.147233 0.069768 0.298368 0.484630
0.137216 0.064231 0.283463 0.515090
0.137153 0.064285 0.284362 0.514200
0.136813 0.063368 0.286785 0.513034
0.139349 0.064439 0.283033 0.513179
0.135589 0.062647 0.278749 0.523015
0.132017 0.062653 0.302324 0.503006
0.144810 0.067454 0.296658 0.491077
0.148337 0.069634 0.292738 0.489291
0.144575 0.066569 0.302142 0.486713
0.135612 0.064267 0.276826 0.523295
0.146735 0.067888 0.304721 0.480656
0.141486 0.066673 0.285573 0.506267
0.129883 0.060315 0.298629 0.511173
0.140817 0.063961 0.295075 0.500146
0.145093 0.067604 0.288263 0.499040
0.139806 0.064631 0.284491 0.511072
0.131771 0.059937 0.282227 0.526065
0.143201 0.065217 0.305691 0.485891
0.140582 0.063806 0.299008 0.496604
0.135694 0.063306 0.279991 0.521008
0.145082 0.066696 0.300527 0.487696
0.140756 0.066603 0.294122 0.498519
0.139359 0.064844 0.280971 0.514826
0.124041 0.057495 0.311145 0.507319
0.133496 0.061503 0.274885 0.530116
0.139387 0.063349 0.291797 0.505466
0.143986 0.067347 0.285241 0.503426
0.140795 0.062906 0.307767 0.488533
0.131805 0.062731 0.299673 0.505791
0.144714 0.065781 0.298160 0.491345
0.144723 0.067099 0.288810 0.499368
0.146172 0.067656 0.293671 0.492501
0.137500 0.063288 0.285229 0.513983
0.138715 0.061424 0.290383 0.509478
0.142376 0.064628 0.288250 0.504746
0.136766 0.064378 0.289502 0.509354
0.144864 0.067027 0.287239 0.500869
0.147216 0.069223 0.294134 0.489427
0.146641 0.068150 0.303965 0.481244
0.143485 0.065874 0.307926 0.482715
0.135504 0.063299 0.285675 0.515521
0.140587 0.065836 0.291131 0.502446
0.139981 0.066258 0.283628 0.510133
0.147670 0.071707 0.291032 0.489591
0.139632 0.064924 0.282597 0.512847
0.140151 0.064531 0.283316 0.512002
0.143308 0.067231 0.283134 0.506327
0.134196 0.060852 0.325303 0.479649
0.143694 0.067226 0.290723 0.498357
0.144184 0.067460 0.307375 0.480981
0.143720 0.066459 0.286585 0.503236
0.138671 0.064599 0.292214 0.504516
0.143908 0.068329 0.279701 0.508062
0.138066 0.065327 0.316314 0.480293
0.145593 0.068708 0.282483 0.503215
0.136969 0.061016 0.301678 0.500336
0.150733 0.070693 0.294455 0.484119
0.144740 0.065829 0.299864 0.489567
0.138436 0.064673 0.277876 0.519015
0.141265 0.063677 0.297344 0.497713
0.128614 0.058708 0.302065 0.510612
0.137227 0.060535 0.298109 0.504129
0.146136 0.067665 0.298715 0.487484
0.147525 0.067612 0.294857 0.490006
0.139129 0.065346 0.283437 0.512088
0.142267 0.066063 0.286715 0.504954
0.145625 0.068442 0.295538 0.490395
0.146978 0.068353 0.298859 0.485810
0.144197 0.065802 0.302356 0.487644
0.142865 0.067073 0.283421 0.506641
0.131091 0.062303 0.306987 0.499619
0.144587 0.069030 0.286841 0.499542
0.146692 0.067833 0.291603 0.493872
0.149676 0.071157 0.297328 0.481839
0.143043 0.067114 0.282896 0.506947
0.140412 0.062969 0.290970 0.505649
0.144506 0.068752 0.282786 0.503956
0.144693 0.066194 0.301910 0.487203
0.143588 0.065438 0.298482 0.492492
0.144932 0.066669 0.290871 0.497527
0.147887 0.068386 0.295389 0.488338
0.142825 0.067859 0.289987 0.499329
0.143248 0.065802 0.298377 0.492573
0.141095 0.064261 0.294694 0.499950
0.136279 0.064168 0.280311 0.519242
0.145010 0.069250 0.282746 0.502993
0.136360 0.064535 0.277664 0.521441
0.148450 0.069071 0.291566 0.490913
0.136458 0.062470 0.299718 0.501355
0.139292 0.065976 0.286845 0.507887
0.140917 0.064396 0.293787 0.500899
0.144627 0.067888 0.295922 0.491563
0.140694 0.066150 0.280402 0.512754
0.136673 0.064447 0.290221 0.508659
0.140259 0.066863 0.282986 0.509892
0.142440 0.064367 0.305584 0.487609
0.137160 0.062690 0.288295 0.511855
0.138056 0.061915 0.295407 0.504621
0.136358 0.063692 0.284498 0.515453
0.134451 0.060433 0.291104 0.514011
0.134536 0.061315 0.278243 0.525907
0.130612 0.060548 0.303552 0.505287
0.140058 0.063078 0.299401 0.497464
0.143213 0.065587 0.294101 0.497100
0.140427 0.066844 0.280464 0.512265
0.147464 0.068848 0.302030 0.481658
0.142917 0.067704 0.284011 0.505368
0.127768 0.056002 0.289373 0.526857
0.138290 0.063875 0.288040 0.509795
0.141440 0.064428 0.295028 0.499105
0.135817 0.063467 0.283135 0.517581
0.136878 0.063527 0.286775 0.512820
0.138504 0.063478 0.292461 0.505557
0.139875 0.064696 0.285313 0.510116
0.143339 0.067912 0.297572 0.491178
0.145745 0.067451 0.288860 0.497944
0.149920 0.070776 0.295985 0.483319
0.141237 0.065561 0.282406 0.510797
0.139138 0.062401 0.290941 0.507520
0.143319 0.067992 0.278186 0.510504
0.133648 0.059309 0.327455 0.479588
0.144483 0.065887 0.289059 0.500571
0.143483 0.066442 0.294097 0.495978
0.147042 0.067910 0.295548 0.489500
0.141986 0.064998 0.304694 0.488322
0.142198 0.067648 0.285827 0.504327
0.142617 0.065800 0.294066 0.497516
0.147843 0.071981 0.288486 0.491689
0.140425 0.065663 0.288150 0.505763
0.138914 0.065761 0.282015 0.513310
0.141863 0.065185 0.286705 0.506247
0.130820 0.062049 0.314760 0.492372
0.141553 0.066190 0.291060 0.501196
0.144326 0.067938 0.286457 0.501279
0.147091 0.068944 0.288871 0.495094
0.134782 0.063430 0.282599 0.519189
0.140601 0.065672 0.278850 0.514876
0.139041 0.062071 0.296605 0.502283
0.145942 0.068627 0.300295 0.485136
0.141836 0.064285 0.293649 0.500230
0.141412 0.066933 0.283021 0.508634
0.132101 0.060769 0.279798 0.527332
0.146998 0.067506 0.296171 0.489325
0.128706 0.060423 0.310924 0.499947
0.134406 0.061904 0.281586 0.522104
0.141663 0.065021 0.292996 0.500320
0.141983 0.067011 0.288233 0.502773
0.144897 0.066452 0.293277 0.495375
0.142537 0.067463 0.282315 0.507685
0.137424 0.063483 0.306113 0.492979
0.135334 0.062157 0.314775 0.487734
0.145127 0.068554 0.291616 0.494703
0.146429 0.067845 0.295630 0.490096
0.144157 0.068706 0.282099 0.505038
0.126945 0.059827 0.302473 0.510755
0.141219 0.066934 0.300038 0.491810
0.137767 0.061753 0.294318 0.506161
0.140198 0.066372 0.286895 0.506536
0.143249 0.067911 0.287002 0.501838
0.145338 0.067170 0.294564 0.492928
0.143831 0.068609 0.288340 0.499220
0.129112 0.057827 0.294928 0.518134
0.144255 0.065859 0.292433 0.497453
0.141449 0.066519 0.284577 0.507454
0.143446 0.068166 0.280695 0.507693
0.147328 0.069961 0.293717 0.488994
0.138594 0.065280 0.302869 0.493257
0.138519 0.061477 0.299787 0.500217
0.141794 0.065009 0.294487 0.498710
0.141805 0.067607 0.287179 0.503410
0.143486 0.068025 0.280723 0.507765
0.140016 0.065780 0.284999 0.509205
0.137935 0.064556 0.283668 0.513842
0.149260 0.069699 0.291056 0.489984
0.140350 0.067690 0.282322 0.509637
0.140947 0.068105 0.281888 0.509060
0.148077 0.070586 0.292553 0.488784
0.142525 0.067983 0.293222 0.496270
0.138451 0.064685 0.279086 0.517777
0.130200 0.061547 0.297298 0.510954
0.139223 0.064552 0.282133 0.514092
0.133956 0.061505 0.316605 0.487934
0.138526 0.065098 0.283340 0.513036
0.141570 0.063882 0.302304 0.492245
0.137684 0.064416 0.284314 0.513586
0.128746 0.058191 0.306417 0.506645
0.137348 0.063365 0.291404 0.507883
0.142823 0.066049 0.290888 0.500240
0.143562 0.068971 0.284627 0.502840
0.139052 0.064953 0.281644 0.514351
0.137897 0.064115 0.281966 0.516022
0.137134 0.063447 0.290429 0.508990
0.141445 0.063221 0.303646 0.491688
0.143832 0.065893 0.299397 0.490878
0.140828 0.065907 0.287314 0.505951
0.141857 0.066966 0.291160 0.500017
0.140323 0.066359 0.288831 0.504488
0.134609 0.062352 0.281907 0.521132
0.137907 0.064575 0.274959 0.522559
0.142714 0.067923 0.280530 0.508833
0.139973 0.067450 0.278097 0.514480
0.145635 0.068695 0.293362 0.492307
0.145444 0.067305 0.303722 0.483529
0.134660 0.063792 0.292855 0.508693
0.136024 0.065190 0.272928 0.525859
0.144115 0.070007 0.285811 0.500067
0.144849 0.067830 0.291072 0.496249
0.134087 0.063013 0.297135 0.505766
0.133304 0.061277 0.291552 0.513867
0.140875 0.063233 0.295535 0.500357
0.140466 0.066195 0.284694 0.508645
0.136256 0.061906 0.294296 0.507542
0.140701 0.063366 0.291684 0.504249
0.128719 0.060006 0.311127 0.500148
0.134185 0.060287 0.283741 0.521787
0.144785 0.066893 0.296092 0.492230
0.140993 0.066460 0.279132 0.513414
0.139330 0.062542 0.317515 0.480612
0.116509 0.053910 0.317463 0.512117
0.142487 0.065384 0.293898 0.498231
0.142929 0.065813 0.294230 0.497028
0.139258 0.062042 0.292842 0.505858
0.132815 0.061930 0.276718 0.528537
0.139137 0.064569 0.288365 0.507930
0.141594 0.063292 0.295629 0.499486
0.140684 0.067439 0.283341 0.508536
0.148892 0.069462 0.300967 0.480679
0.149850 0.070554 0.302222 0.477375
0.137617 0.064055 0.286748 0.511580
0.139129 0.063868 0.290500 0.506502
0.140529 0.065719 0.280977 0.512775
0.142893 0.066824 0.287427 0.502857
0.139224 0.065150 0.286926 0.508700
0.146714 0.067670 0.291573 0.494043
0.139670 0.064118 0.324586 0.471626
0.141005 0.066622 0.277241 0.515132
0.150768 0.070794 0.291247 0.487190
0.148311 0.070024 0.301385 0.480279
0.146886 0.067440 0.293593 0.492081
0.140040 0.064130 0.306922 0.488908
0.141812 0.067570 0.284566 0.506052
0.146568 0.068768 0.288457 0.496208
0.144626 0.068082 0.293481 0.493811
0.147027 0.067172 0.292857 0.492945
0.137078 0.061512 0.318795 0.482615
0.142269 0.066873 0.286932 0.503925
0.142373 0.065684 0.292430 0.499513
0.143544 0.066663 0.290120 0.499673
0.143294 0.066047 0.294789 0.495871
0.138759 0.064510 0.285937 0.510794
0.147221 0.067839 0.295435 0.489505
0.137740 0.065578 0.285194 0.511489
0.139616 0.064990 0.285646 0.509747
0.139064 0.062457 0.293509 0.504971
0.145074 0.068161 0.288034 0.498731
0.144800 0.066502 0.303621 0.485076
0.131939 0.061864 0.301555 0.504641
0.132798 0.060877 0.280434 0.525892
0.139023 0.064736 0.283041 0.513200
0.135841 0.063571 0.285311 0.515278
0.144457 0.068673 0.291440 0.495429
0.142524 0.067991 0.283935 0.505550
0.127269 0.056708 0.288154 0.527869
0.138931 0.065232 0.286502 0.509335
0.134469 0.062539 0.287904 0.515087
0.144006 0.067284 0.296767 0.491943
0.143333 0.065121 0.303624 0.487921
0.134909 0.061568 0.288520 0.515003
0.132375 0.059958 0.282337 0.525329
0.136875 0.061352 0.303265 0.498508
0.122889 0.052105 0.283381 0.541624
0.147058 0.068394 0.296102 0.488446
0.137856 0.064708 0.282527 0.514909
0.143756 0.065320 0.295077 0.495848
0.140095 0.064998 0.290427 0.504479
0.136047 0.061462 0.294615 0.507877
0.141643 0.064233 0.296652 0.497473
0.142971 0.065923 0.290600 0.500506
0.146506 0.067000 0.297666 0.488828
0.140015 0.064580 0.282938 0.512468
0.132071 0.060328 0.283146 0.524455
0.141632 0.066075 0.299774 0.492519
0.137632 0.061995 0.282825 0.517548
0.144138 0.067086 0.292433 0.496343
0.144544 0.066603 0.296945 0.491908
0.148939 0.068981 0.293447 0.488632
0.139266 0.066194 0.288150 0.506390
0.136617 0.064062 0.311397 0.487925
0.145626 0.067135 0.304577 0.482662
0.143305 0.067994 0.285530 0.503171
0.143503 0.067671 0.290590 0.498236
0.144970 0.066282 0.296552 0.492197
0.130007 0.056048 0.286998 0.526947
0.128292 0.058786 0.312906 0.500016
0.142643 0.064114 0.290225 0.503018
0.145142 0.067082 0.288835 0.498941
0.139988 0.066959 0.274031 0.519022
0.149038 0.069453 0.292656 0.488854
0.147648 0.069018 0.286437 0.496896
0.128885 0.059048 0.324834 0.487233
0.146607 0.067779 0.297204 0.488410
0.145297 0.067484 0.301077 0.486142
0.139736 0.065477 0.286998 0.507789
0.144905 0.066378 0.301103 0.487614
0.140396 0.066312 0.287036 0.506256
0.134704 0.062136 0.305258 0.497902
0.140528 0.066489 0.283252 0.509731
0.145143 0.066853 0.289494 0.498510
0.140822 0.066523 0.279815 0.512840
0.138319 0.064659 0.276935 0.520087
0.144541 0.065341 0.293722 0.496395
0.142075 0.065794 0.309752 0.482379
0.145075 0.065857 0.296947 0.492121
0.143199 0.066269 0.291092 0.499440
0.144935 0.067396 0.294787 0.492882
0.149146 0.069653 0.295185 0.486016
0.138329 0.064499 0.289631 0.507542
0.139600 0.064501 0.283804 0.512095
0.144648 0.067445 0.297707 0.490201
0.142249 0.066514 0.284562 0.506675
0.143293 0.065366 0.302411 0.488930
0.140833 0.068484 0.278428 0.512255
0.143111 0.065090 0.290791 0.501008
0.133469 0.063164 0.304622 0.498744
0.137837 0.063224 0.280250 0.518689
0.147638 0.069552 0.294231 0.488579
0.149938 0.070366 0.291240 0.488456
0.143993 0.065536 0.296776 0.493695
0.143283 0.067775 0.292095 0.496847
0.142525 0.064970 0.302588 0.489917
0.143662 0.065720 0.289525 0.501093
0.142863 0.067747 0.285767 0.503623
0.137843 0.064855 0.273712 0.523591
0.146041 0.067773 0.293177 0.493008
0.138537 0.063766 0.278410 0.519288
0.142365 0.063810 0.301273 0.492552
0.142136 0.065340 0.300795 0.491729
0.143539 0.066577 0.295200 0.494685
0.139641 0.063364 0.295664 0.501331
0.141857 0.068391 0.288799 0.500952
0.139175 0.065816 0.286021 0.508988
0.141150 0.067246 0.283937 0.507667
0.135983 0.063922 0.279890 0.520205
0.139758 0.065713 0.284403 0.510127
0.138413 0.066277 0.277292 0.518018
0.146192 0.067956 0.298133 0.487719
0.138700 0.062738 0.295412 0.503151
0.131476 0.060689 0.287845 0.519989
0.132585 0.061259 0.281493 0.524663
0.131397 0.061730 0.294798 0.512075
0.141147 0.064273 0.295686 0.498895
0.140220 0.066634 0.297171 0.495976
0.141142 0.066333 0.286705 0.505820
0.132372 0.060945 0.284646 0.522037
0.134378 0.061482 0.286114 0.518026
0.137860 0.060142 0.303763 0.498235
0.138790 0.063136 0.292792 0.505283
0.132261 0.059274 0.288720 0.519745
0.138553 0.064905 0.283654 0.512888
0.133019 0.061413 0.307856 0.497712
0.137510 0.063539 0.284370 0.514581
0.143515 0.065970 0.295107 0.495407
0.148067 0.070333 0.283717 0.497883
0.137477 0.064273 0.278662 0.519588
0.135629 0.062865 0.305037 0.496469
0.142759 0.065026 0.297891 0.494325
0.145575 0.067810 0.298624 0.487991
0.142779 0.066368 0.292679 0.498174
0.137989 0.065073 0.275898 0.521041
0.143966 0.068580 0.286317 0.501137
0.143496 0.067188 0.283007 0.506309
0.138139 0.064250 0.320192 0.477419
0.132114 0.061558 0.295988 0.510341
0.143328 0.065700 0.290847 0.500124
0.144663 0.065950 0.295364 0.494023
0.141325 0.063719 0.301175 0.493781
0.143110 0.065318 0.299961 0.491612
0.137273 0.064208 0.293567 0.504952
0.133439 0.059816 0.290937 0.515808
0.140890 0.064354 0.290939 0.503817
0.143461 0.068866 0.283833 0.503840
0.140867 0.067059 0.280538 0.511536
0.141003 0.068060 0.273613 0.517324
0.135845 0.062599 0.278363 0.523193
0.143709 0.064708 0.297214 0.494369
0.136473 0.061296 0.302764 0.499468
0.140921 0.063649 0.298116 0.497314
0.143544 0.065962 0.305662 0.484832
0.140849 0.066438 0.281419 0.511294
0.143197 0.067951 0.285326 0.503526
0.135426 0.062871 0.288632 0.513071
0.139878 0.063675 0.298881 0.497567
0.137836 0.063506 0.282968 0.515690
0.136678 0.060270 0.298757 0.504295
0.148640 0.069249 0.296989 0.485122
0.137387 0.062974 0.282060 0.517579
0.135636 0.061288 0.283512 0.519565
0.142801 0.064044 0.299725 0.493430
0.145217 0.067542 0.292312 0.494929
0.144478 0.065754 0.300824 0.488944
0.144493 0.065657 0.296427 0.493423
0.122507 0.057224 0.312557 0.507712
0.137701 0.064296 0.284487 0.513516
0.140235 0.063589 0.292220 0.503956
0.145799 0.067334 0.288775 0.498092
0.138592 0.065602 0.282878 0.512929
0.140280 0.065418 0.279567 0.514736
0.138047 0.062477 0.294811 0.504665
0.139058 0.064880 0.282264 0.513799
0.143885 0.066540 0.283298 0.506277
0.148868 0.071254 0.288486 0.491391
0.146090 0.067848 0.300303 0.485758
0.143001 0.066040 0.311609 0.479350
0.132908 0.061579 0.286352 0.519161
0.135891 0.063336 0.285214 0.515559
0.140841 0.066580 0.286240 0.506339
0.138754 0.066033 0.281153 0.514060
0.140317 0.066749 0.284085 0.508849
0.134528 0.061738 0.282939 0.520795
0.132762 0.060562 0.282177 0.524499
0.138463 0.063039 0.289390 0.509107
0.138874 0.062196 0.297112 0.501818
0.140748 0.063931 0.296088 0.499232
0.135750 0.063041 0.284056 0.517152
0.137801 0.064073 0.284680 0.513446
0.133277 0.061023 0.283136 0.522565
0.140745 0.066177 0.289675 0.503403
0.139226 0.063533 0.306786 0.490455
0.140200 0.065296 0.289036 0.505467
0.139448 0.065485 0.285150 0.509917
0.146027 0.070439 0.281637 0.501897
0.141772 0.066329 0.282368 0.509531
0.134836 0.063890 0.302239 0.499035
0.138210 0.061248 0.293687 0.506856
0.143240 0.066598 0.290728 0.499434
0.146496 0.066824 0.295881 0.490798
0.142010 0.064416 0.295187 0.498387
0.138212 0.064553 0.293696 0.503538
0.141605 0.064193 0.307080 0.487122
0.146159 0.068914 0.291407 0.493520
0.141936 0.065101 0.297220 0.495743
0.142086 0.066611 0.293729 0.497575
0.138443 0.062658 0.289545 0.509353
0.133330 0.060534 0.287252 0.518885
0.133901 0.062228 0.284560 0.519311
0.150779 0.070204 0.296929 0.482087
0.141605 0.066881 0.285356 0.506158
0.141895 0.066581 0.280843 0.510682
0.147520 0.068757 0.293193 0.490529
0.144640 0.069394 0.282013 0.503953
0.143182 0.065033 0.299825 0.491960
0.146994 0.068881 0.285986 0.498139
0.139483 0.062910 0.292455 0.505152
0.142682 0.067709 0.284029 0.505580
0.144441 0.066258 0.294964 0.494337
0.146662 0.068699 0.287547 0.497091
0.146118 0.067722 0.299192 0.486968
0.135558 0.062583 0.282781 0.519078
0.138947 0.062614 0.290526 0.507914
0.141195 0.064098 0.293863 0.500844
0.142063 0.065504 0.301069 0.491364
0.139381 0.065437 0.281710 0.513472
0.134537 0.061857 0.287787 0.515819
0.134450 0.062072 0.282651 0.520828
0.146083 0.067198 0.299985 0.486734
0.143097 0.068422 0.285065 0.503416
0.141970 0.064308 0.303244 0.490477
0.140902 0.066790 0.287396 0.504912
0.130976 0.059681 0.288157 0.521187
0.139260 0.064933 0.280749 0.515058
0.137619 0.064133 0.284124 0.514124
0.148744 0.069131 0.293419 0.488706
0.143425 0.065755 0.298189 0.492630
0.141236 0.065931 0.281116 0.511717
0.138154 0.061334 0.303226 0.497286
0.140586 0.066075 0.279394 0.513945
0.145883 0.066390 0.301108 0.486619
0.146150 0.067718 0.299643 0.486489
0.143145 0.065530 0.292067 0.499257
0.135460 0.062926 0.278171 0.523443
0.140721 0.065444 0.282913 0.510922
0.143710 0.065859 0.298093 0.492338
0.144811 0.067360 0.294155 0.493673
0.141792 0.064397 0.291149 0.502662
0.144101 0.068416 0.290676 0.496807
0.139064 0.065749 0.279492 0.515695
0.146293 0.068146 0.294631 0.490930
0.145716 0.067355 0.292294 0.494635
0.134872 0.062679 0.276010 0.526440
0.142464 0.066500 0.289734 0.501301
0.136621 0.060528 0.303122 0.499729
0.145955 0.067210 0.292141 0.494694
0.134080 0.062139 0.279858 0.523922
0.140225 0.066516 0.277356 0.515904
0.144259 0.065971 0.300394 0.489375
0.138086 0.063774 0.279190 0.518950
0.144015 0.064872 0.302211 0.488901
0.125250 0.057954 0.296046 0.520750
0.144836 0.066413 0.301446 0.487304
0.142949 0.065635 0.294602 0.496814
0.140723 0.065823 0.281498 0.511955
0.141087 0.066584 0.281212 0.511117
0.141756 0.066298 0.280660 0.511286
0.145767 0.066315 0.294611 0.493307
0.144439 0.066296 0.296199 0.493066
0.144840 0.066529 0.288868 0.499762
0.142309 0.064957 0.293308 0.499426
0.144797 0.067043 0.286051 0.502109
0.142553 0.065116 0.300237 0.492095
0.136797 0.063683 0.276091 0.523428
0.140617 0.063321 0.296531 0.499531
0.141978 0.067383 0.281861 0.508779
0.142437 0.065513 0.295893 0.496157
0.147091 0.069414 0.294755 0.488741
0.140135 0.063617 0.299632 0.496616
0.139296 0.064771 0.281801 0.514131
0.137799 0.063090 0.291603 0.507508
0.140335 0.065453 0.288705 0.505507
0.141190 0.063367 0.302489 0.492955
0.142653 0.067661 0.291187 0.498499
0.135716 0.063427 0.286449 0.514407
0.145938 0.069758 0.290466 0.493838
0.133746 0.061953 0.281201 0.523100
0.145410 0.067880 0.287291 0.499419
0.137147 0.063138 0.283151 0.516564
0.143746 0.067028 0.285877 0.503349
0.145689 0.066277 0.293787 0.494248
0.147820 0.068823 0.292782 0.490575
0.145245 0.066785 0.304751 0.483219
0.138902 0.063386 0.288488 0.509224
0.147282 0.068666 0.297335 0.486717
0.147969 0.068250 0.293089 0.490692
0.130707 0.061042 0.286899 0.521351
0.138585 0.065210 0.289749 0.506457
0.140072 0.062614 0.304509 0.492805
0.149704 0.070605 0.293888 0.485803
0.148557 0.069256 0.295623 0.486564
0.147454 0.067996 0.292212 0.492337
0.142182 0.064565 0.293371 0.499882
0.143265 0.066995 0.286665 0.503076
0.140024 0.062177 0.299410 0.498388
0.142141 0.064537 0.286192 0.507130
0.143121 0.065596 0.293170 0.498113
0.139613 0.065214 0.280225 0.514947
0.134828 0.061504 0.326027 0.477641
0.141734 0.065608 0.290899 0.501759
0.145681 0.067320 0.290401 0.496598
0.142162 0.067757 0.277868 0.512212
0.144970 0.069829 0.284001 0.501200
0.147956 0.070020 0.294775 0.487249
0.145704 0.067057 0.298943 0.488296
0.140978 0.066123 0.287782 0.505117
0.132759 0.061345 0.279577 0.526319
0.142814 0.065951 0.293487 0.497749
0.140245 0.063548 0.296307 0.499899
0.139004 0.064555 0.281137 0.515305
0.130986 0.060028 0.277428 0.531558
0.138194 0.064547 0.276850 0.520409
0.141818 0.064548 0.285213 0.508421
0.138721 0.065505 0.281854 0.513920
0.143631 0.066445 0.293019 0.496905
0.145955 0.068051 0.296675 0.489320
0.141796 0.064616 0.308702 0.484885
0.131202 0.061114 0.301817 0.505867
0.132727 0.060633 0.279116 0.527524
0.141746 0.067600 0.281418 0.509236
0.143598 0.067936 0.285672 0.502794
0.141301 0.066818 0.285463 0.506419
0.136067 0.062491 0.293401 0.508041
0.135709 0.058340 0.304572 0.501380
0.135981 0.063608 0.282286 0.518125
0.138363 0.065180 0.281682 0.514775
0.143001 0.065823 0.295575 0.495600
0.139792 0.065148 0.281602 0.513459
0.132938 0.060698 0.274992 0.531372
0.138327 0.066754 0.297982 0.496936
0.141777 0.063763 0.292990 0.501470
0.147168 0.068541 0.294623 0.489668
0.143672 0.066667 0.298438 0.491222
0.143326 0.065655 0.301335 0.489683
0.136849 0.063928 0.284806 0.514417
0.136608 0.062988 0.285111 0.515293
0.137456 0.063727 0.287930 0.510887
0.137264 0.064411 0.290795 0.507530
0.135321 0.062337 0.280298 0.522044
0.138155 0.063197 0.288273 0.510375
0.135190 0.063550 0.279675 0.521585
0.146624 0.067422 0.299891 0.486063
0.139787 0.064737 0.285277 0.510199
0.143553 0.064554 0.295455 0.496438
0.149643 0.070051 0.293823 0.486483
0.136633 0.063441 0.274082 0.525844
0.142204 0.064389 0.290183 0.503223
0.140079 0.063267 0.294922 0.501732
0.144452 0.066053 0.289137 0.500358
0.144538 0.066479 0.299846 0.489137
0.135815 0.063245 0.275234 0.525706
0.143202 0.065816 0.291032 0.499950
0.140940 0.066643 0.290323 0.502094
0.143027 0.065728 0.295367 0.495878
0.143577 0.066534 0.294613 0.495277
0.137569 0.063684 0.286543 0.512204
0.133219 0.061742 0.278879 0.526160
0.140592 0.066743 0.279000 0.513665
0.131152 0.060262 0.280453 0.528133
0.144715 0.066860 0.290893 0.497532
0.141169 0.063969 0.299041 0.495821
0.131224 0.060944 0.287980 0.519851
0.141954 0.064913 0.296803 0.496330
0.139085 0.065556 0.287057 0.508301
0.138176 0.063426 0.296163 0.502235
0.133870 0.061694 0.286457 0.517979
0.141880 0.066821 0.290790 0.500509
0.133597 0.060779 0.289305 0.516318
0.144650 0.068715 0.290679 0.495956
0.136945 0.063940 0.283754 0.515361
0.139243 0.066391 0.276489 0.517877
0.141450 0.066809 0.279723 0.512019
0.140712 0.065683 0.290231 0.503373
0.142631 0.064567 0.299763 0.493039
0.149591 0.070775 0.298237 0.481396
0.145623 0.067340 0.290569 0.496467
0.139195 0.066036 0.279063 0.515706
0.141003 0.065953 0.286775 0.506270
0.139897 0.062205 0.302700 0.495197
0.145200 0.068906 0.288984 0.496910
0.141415 0.065971 0.285394 0.507220
0.142682 0.067529 0.279667 0.510122
0.137434 0.065446 0.278140 0.518980
0.147893 0.068942 0.288973 0.494192
0.140051 0.064544 0.312009 0.483396
0.141818 0.066065 0.289075 0.503042
0.141514 0.064569 0.293409 0.500508
0.137540 0.064569 0.278160 0.519731
0.141457 0.064319 0.303820 0.490404
0.141497 0.063939 0.292061 0.502503
0.132924 0.059697 0.285772 0.521607
0.140609 0.066849 0.289688 0.502855
0.140563 0.063860 0.288867 0.506710
0.143128 0.069705 0.277929 0.509238
0.135370 0.063496 0.275056 0.526078
0.140299 0.064361 0.289053 0.506287
0.139603 0.065721 0.289496 0.505180
0.135558 0.060686 0.303713 0.500043
0.143957 0.066434 0.301562 0.488047
0.136621 0.063476 0.296659 0.503244
0.138493 0.065077 0.300570 0.495860
0.141489 0.067273 0.289803 0.501435
0.137404 0.060918 0.299008 0.502669
0.133307 0.056889 0.305036 0.504768
0.142418 0.068161 0.284494 0.504927
0.137016 0.061972 0.284512 0.516500
0.128915 0.056741 0.294093 0.520251
0.139042 0.064016 0.289555 0.507387
0.144299 0.066009 0.298607 0.491084
0.142290 0.067844 0.285036 0.504831
0.146900 0.068310 0.301762 0.483027
0.142067 0.067643 0.279925 0.510365
0.134903 0.062226 0.294154 0.508717
0.140671 0.066367 0.287863 0.505099
0.146186 0.067303 0.290227 0.496285
0.140953 0.067932 0.279531 0.511584
0.142094 0.067663 0.278612 0.511631
0.147755 0.068798 0.304506 0.478941
0.138902 0.065810 0.286476 0.508812
0.142757 0.065481 0.301749 0.490012
0.126703 0.059785 0.290753 0.522759
0.137531 0.066145 0.289312 0.507012
0.140385 0.067493 0.279997 0.512125
0.141902 0.068020 0.283918 0.506160
0.131760 0.061008 0.276162 0.531069
0.135902 0.062667 0.296264 0.505167
0.131125 0.059405 0.293847 0.515622
0.146974 0.070916 0.284859 0.497252
0.139904 0.065548 0.281344 0.513204
0.140286 0.066065 0.281422 0.512227
0.139923 0.066740 0.281620 0.511717
0.130545 0.059771 0.288782 0.520902
0.136597 0.059991 0.302633 0.500778
0.131457 0.060580 0.289861 0.518102
0.134463 0.062689 0.281588 0.521260
0.136921 0.065717 0.279200 0.518162
0.136205 0.064099 0.294100 0.505597
0.135125 0.061267 0.289629 0.513980
0.134015 0.060334 0.285377 0.520274
0.127383 0.057951 0.283046 0.531621
0.140563 0.065571 0.283650 0.510216
0.134661 0.061731 0.284310 0.519298
0.125354 0.056526 0.279614 0.538506
0.146499 0.067345 0.302966 0.483190
0.135670 0.063251 0.289569 0.511510
0.136066 0.062812 0.282707 0.518414
0.141161 0.066824 0.284558 0.507458
0.145041 0.068256 0.284103 0.502601
0.139818 0.062769 0.299550 0.497864
0.144001 0.067888 0.282415 0.505695
0.144072 0.064647 0.295752 0.495529
0.142419 0.068483 0.273153 0.515945
0.144903 0.066693 0.287728 0.500676
0.149964 0.070104 0.292752 0.487180
0.145002 0.066035 0.297644 0.491319
0.135437 0.062271 0.321995 0.480298
0.141683 0.065033 0.298978 0.494306
0.147674 0.068969 0.296408 0.486949
0.143207 0.069087 0.282830 0.504875
0.141077 0.065854 0.289580 0.503489
0.145833 0.066597 0.296374 0.491195
0.139116 0.064885 0.280381 0.515618
0.134696 0.061553 0.282019 0.521732
0.142047 0.065781 0.294343 0.497829
0.149176 0.070093 0.293563 0.487168
0.134263 0.062853 0.277127 0.525756
0.137656 0.064917 0.284179 0.513249
0.139451 0.062725 0.297729 0.500096
0.141141 0.067074 0.286322 0.505463
0.141037 0.063757 0.298315 0.496890
0.145944 0.069369 0.290412 0.494274
0.142192 0.066722 0.284288 0.506798
0.134201 0.060364 0.291584 0.513851
0.131469 0.059468 0.286049 0.523014
0.145631 0.067365 0.298932 0.488071
0.134450 0.062033 0.288626 0.514890
0.138892 0.064555 0.288391 0.508161
0.139646 0.065096 0.288295 0.506964
0.142594 0.067385 0.280376 0.509645
0.122575 0.056760 0.290533 0.530132
0.143742 0.067708 0.288908 0.499642
0.134928 0.060873 0.300440 0.503758
0.144577 0.069363 0.283615 0.502445
0.144174 0.065880 0.296524 0.493421
0.142646 0.068484 0.285080 0.503790
0.141076 0.066907 0.282307 0.509710
0.140923 0.066562 0.288168 0.504347
0.138243 0.060615 0.292773 0.508370
0.140677 0.063579 0.295188 0.500556
0.140914 0.066000 0.282469 0.510617
0.145646 0.066691 0.294343 0.493321
0.128104 0.059168 0.308421 0.504306
0.139612 0.062605 0.305577 0.492207
0.148564 0.069094 0.292522 0.489820
