0.010185 0.001824 0.000577 0.987415
0.007585 0.001373 0.000429 0.990613
0.006943 0.001246 0.000389 0.991422
0.006902 0.001251 0.000389 0.991458
0.010052 0.001817 0.000569 0.987562
0.006877 0.001245 0.000383 0.991494
0.006927 0.001237 0.000392 0.991444
0.007111 0.001286 0.000408 0.991194
0.010435 0.001887 0.000593 0.987085
0.006959 0.001261 0.000391 0.991390
0.009987 0.001789 0.000562 0.987661
0.007067 0.001279 0.000399 0.991254
0.010305 0.001841 0.000584 0.987270
0.007088 0.001285 0.000398 0.991230
0.007981 0.001426 0.000454 0.990139
0.006961 0.001262 0.000386 0.991392
0.011071 0.002000 0.000798 0.986131
0.011303 0.002046 0.000669 0.985983
0.011186 0.002022 0.000663 0.986129
0.003870 0.000817 0.000154 0.995159
0.004175 0.000847 0.000199 0.994779
0.004695 0.000884 0.000233 0.994187
0.006654 0.001178 0.000398 0.991769
0.010990 0.001955 0.000735 0.986320
0.010723 0.001943 0.000617 0.986717
0.009504 0.001718 0.000532 0.988246
0.003974 0.000842 0.000179 0.995005
0.006990 0.001260 0.000390 0.991360
0.010376 0.001831 0.000624 0.987169
0.010159 0.001837 0.000575 0.987429
0.006836 0.001224 0.000378 0.991562
0.007184 0.001284 0.000414 0.991117
0.010618 0.001920 0.000607 0.986855
0.006982 0.001265 0.000393 0.991360
0.007087 0.001268 0.000390 0.991255
0.006841 0.001237 0.000383 0.991539
0.007976 0.001442 0.000454 0.990128
0.010849 0.001966 0.000624 0.986561
0.010515 0.001900 0.000603 0.986982
0.009637 0.001722 0.000541 0.988101
0.006948 0.001254 0.000389 0.991408
0.010490 0.001892 0.000589 0.987029
0.006957 0.001259 0.000393 0.991391
0.009863 0.001763 0.001522 0.986852
0.008043 0.001458 0.000455 0.990045
0.011184 0.002022 0.000653 0.986141
0.010715 0.001942 0.000605 0.986738
0.009709 0.001739 0.000536 0.988016
0.004971 0.000937 0.000234 0.993858
0.009785 0.001747 0.000550 0.987918
0.009724 0.001682 0.000586 0.988008
0.006778 0.001227 0.000366 0.991629
0.007521 0.001344 0.000436 0.990699
0.009600 0.001745 0.000534 0.988120
0.006910 0.001251 0.000385 0.991453
0.006927 0.001244 0.000386 0.991443
0.009954 0.001801 0.000565 0.987680
0.006901 0.001247 0.000386 0.991466
0.006824 0.001223 0.000379 0.991574
0.006871 0.001244 0.000389 0.991497
0.010364 0.001874 0.000587 0.987175
0.007001 0.001269 0.000393 0.991337
0.007484 0.001341 0.000424 0.990751
0.007518 0.001361 0.000422 0.990699
0.011163 0.002018 0.000708 0.986111
0.010013 0.001815 0.000561 0.987612
0.006872 0.001242 0.000383 0.991504
0.004112 0.000826 0.000190 0.994872
0.008130 0.001470 0.000466 0.989933
0.008664 0.001533 0.000524 0.989278
0.007278 0.001316 0.000419 0.990986
0.010745 0.001942 0.000616 0.986697
0.010140 0.001833 0.000574 0.987454
0.006920 0.001236 0.000392 0.991452
0.007828 0.001403 0.000444 0.990325
0.007515 0.001360 0.000425 0.990700
0.008387 0.001520 0.000480 0.989613
0.010639 0.001928 0.000611 0.986822
0.010534 0.001904 0.000598 0.986963
0.007313 0.001320 0.000417 0.990950
0.010554 0.001891 0.000598 0.986958
0.006856 0.001241 0.000386 0.991517
0.010487 0.001878 0.000599 0.987037
0.007491 0.001358 0.000422 0.990729
0.007847 0.001402 0.000445 0.990307
0.010531 0.001918 0.000598 0.986953
0.010005 0.001809 0.000562 0.987624
0.006858 0.001231 0.000381 0.991530
0.007002 0.001254 0.000399 0.991345
0.010387 0.001879 0.000593 0.987141
0.009902 0.001793 0.000557 0.987748
0.008066 0.001447 0.000456 0.990031
0.009419 0.001689 0.000529 0.988363
0.006732 0.001218 0.000382 0.991668
0.010679 0.001931 0.000605 0.986784
0.011243 0.002037 0.000671 0.986049
0.010189 0.001825 0.000574 0.987413
0.007998 0.001436 0.000428 0.990138
0.004035 0.000810 0.000186 0.994969
0.007392 0.001323 0.000414 0.990870
0.010244 0.001812 0.000611 0.987332
0.007023 0.001270 0.000385 0.991322
0.006856 0.001230 0.000381 0.991532
0.006946 0.001257 0.000395 0.991401
0.010139 0.001833 0.000575 0.987453
0.006905 0.001250 0.000386 0.991458
0.010183 0.001824 0.000577 0.987415
0.009369 0.001696 0.000522 0.988413
0.006857 0.001225 0.000384 0.991534
0.006919 0.001239 0.000389 0.991453
0.010422 0.001885 0.000597 0.987096
0.007065 0.001280 0.000386 0.991269
0.007013 0.001256 0.000398 0.991333
0.010766 0.001947 0.000617 0.986670
0.010341 0.001870 0.000571 0.987218
0.010885 0.001958 0.000619 0.986539
0.010410 0.001865 0.000586 0.987139
0.010234 0.001848 0.000570 0.987348
0.008669 0.001562 0.000470 0.989299
0.006492 0.001161 0.000370 0.991977
0.006993 0.001264 0.000390 0.991353
0.011213 0.002025 0.000664 0.986097
0.010192 0.001846 0.000573 0.987389
0.006798 0.001217 0.000371 0.991614
0.004264 0.000833 0.000206 0.994697
0.006848 0.001238 0.000389 0.991524
0.008363 0.001484 0.000499 0.989653
0.008238 0.001490 0.000473 0.989800
0.007370 0.001333 0.000412 0.990885
0.006957 0.001258 0.000393 0.991391
0.010643 0.001922 0.000613 0.986821
0.010733 0.001940 0.000615 0.986712
0.010589 0.001895 0.000601 0.986915
0.006743 0.001208 0.000373 0.991676
0.006963 0.001251 0.000396 0.991390
0.010844 0.001965 0.000621 0.986571
0.008721 0.001579 0.000479 0.989221
0.006865 0.001235 0.000378 0.991522
0.006897 0.001245 0.000389 0.991469
0.010907 0.001971 0.000630 0.986492
0.010663 0.001937 0.000601 0.986799
0.008388 0.001505 0.000455 0.989652
0.006785 0.001220 0.000378 0.991616
0.006840 0.001235 0.000379 0.991546
0.007328 0.001327 0.000423 0.990923
0.010940 0.001987 0.000623 0.986450
0.007224 0.001308 0.000398 0.991070
0.009604 0.001723 0.000538 0.988135
0.006799 0.001230 0.000384 0.991587
0.010152 0.001832 0.000572 0.987444
0.007416 0.001358 0.000407 0.990819
0.010721 0.001920 0.000615 0.986743
0.009549 0.001731 0.000532 0.988187
0.006970 0.001246 0.000397 0.991388
0.010298 0.001848 0.000579 0.987275
0.006827 0.001235 0.000384 0.991554
0.007401 0.001332 0.000411 0.990855
0.007402 0.001342 0.000430 0.990826
0.010951 0.001980 0.000629 0.986440
0.008366 0.001521 0.000447 0.989665
0.006843 0.001224 0.000384 0.991548
0.010279 0.001842 0.000585 0.987294
0.010021 0.001813 0.000568 0.987598
0.006848 0.001234 0.000379 0.991538
0.006884 0.001236 0.000385 0.991495
0.011058 0.002001 0.000704 0.986237
0.010237 0.001854 0.000578 0.987330
0.006867 0.001243 0.000380 0.991509
0.004029 0.000838 0.000184 0.994948
0.007461 0.001348 0.000433 0.990759
0.010545 0.001861 0.000633 0.986961
0.010327 0.001867 0.000587 0.987219
0.006838 0.001223 0.000381 0.991558
0.006783 0.001215 0.000378 0.991624
0.006841 0.001237 0.000385 0.991536
0.007240 0.001311 0.000417 0.991032
0.010751 0.001948 0.000611 0.986690
0.006983 0.001262 0.000395 0.991360
0.010369 0.001862 0.000586 0.987184
0.006815 0.001233 0.000381 0.991572
0.006882 0.001232 0.000388 0.991497
0.009713 0.001765 0.000545 0.987977
0.006907 0.001248 0.000387 0.991457
0.006834 0.001226 0.000379 0.991561
0.006914 0.001251 0.000392 0.991443
0.010965 0.001982 0.000633 0.986420
0.010753 0.001948 0.000608 0.986692
0.007070 0.001264 0.000388 0.991279
0.010379 0.001863 0.000589 0.987169
0.006750 0.001221 0.000379 0.991651
0.006987 0.001250 0.000397 0.991366
0.010290 0.001885 0.000569 0.987255
0.006851 0.001237 0.000380 0.991531
0.006990 0.001253 0.000397 0.991361
0.007416 0.001343 0.000419 0.990822
0.007093 0.001282 0.000406 0.991220
0.009700 0.001762 0.000542 0.987996
0.007159 0.001294 0.000407 0.991139
0.010822 0.001952 0.000620 0.986606
0.010588 0.001914 0.000599 0.986899
0.007284 0.001315 0.000400 0.991000
0.008191 0.001468 0.000468 0.989873
0.010049 0.001818 0.000571 0.987562
0.006947 0.001256 0.000392 0.991405
0.010221 0.001832 0.000575 0.987372
0.007396 0.001338 0.000415 0.990851
0.007573 0.001353 0.000428 0.990646
0.006891 0.001249 0.000385 0.991474
0.006916 0.001249 0.000389 0.991445
0.007101 0.001285 0.000404 0.991210
0.010763 0.001945 0.000618 0.986675
0.010480 0.001894 0.000598 0.987028
0.010308 0.001847 0.000582 0.987263
0.006769 0.001213 0.000378 0.991640
0.006759 0.001210 0.000379 0.991652
0.006934 0.001257 0.000393 0.991416
0.010401 0.001883 0.000592 0.987124
0.007696 0.001394 0.000435 0.990476
0.010693 0.001911 0.000614 0.986782
0.010213 0.001847 0.000577 0.987362
0.006880 0.001232 0.000385 0.991503
0.010384 0.001864 0.000592 0.987159
0.009552 0.001729 0.000537 0.988182
0.006922 0.001243 0.000388 0.991447
0.007255 0.001313 0.000399 0.991033
0.006922 0.001251 0.000390 0.991436
0.010660 0.001932 0.000610 0.986798
0.009437 0.001709 0.000526 0.988328
0.007165 0.001280 0.000396 0.991159
0.007272 0.001313 0.000411 0.991004
0.010358 0.001872 0.000593 0.987177
0.007559 0.001369 0.000426 0.990647
0.010266 0.001854 0.000575 0.987305
0.011089 0.002004 0.000741 0.986166
0.010732 0.001917 0.000617 0.986734
0.009493 0.001721 0.000525 0.988262
0.003835 0.000813 0.000157 0.995195
0.006866 0.001232 0.000380 0.991521
0.006641 0.001161 0.000398 0.991800
0.006829 0.001235 0.000384 0.991552
0.006900 0.001249 0.000383 0.991468
0.007039 0.001275 0.000398 0.991287
0.010709 0.001936 0.000617 0.986738
0.009621 0.001740 0.000539 0.988100
0.006932 0.001242 0.000390 0.991436
0.009969 0.001800 0.000562 0.987669
0.007273 0.001314 0.000400 0.991012
0.007063 0.001277 0.000397 0.991263
0.007471 0.001353 0.000419 0.990757
0.007079 0.001280 0.000402 0.991239
0.011327 0.002050 0.000666 0.985957
0.010314 0.001864 0.000582 0.987240
0.009644 0.001726 0.000530 0.988101
0.003893 0.000824 0.000177 0.995106
0.008009 0.001432 0.000456 0.990103
0.010342 0.001840 0.000617 0.987201
0.010047 0.001816 0.000568 0.987569
0.010270 0.001849 0.000579 0.987303
0.009511 0.001701 0.000534 0.988254
0.006885 0.001233 0.000388 0.991495
0.010443 0.001890 0.000587 0.987081
0.006873 0.001246 0.000382 0.991499
0.006736 0.001209 0.000378 0.991677
0.006853 0.001243 0.000381 0.991524
0.011116 0.002009 0.000736 0.986139
0.010781 0.001953 0.000618 0.986648
0.007608 0.001376 0.000405 0.990612
0.004270 0.000845 0.000204 0.994681
0.006877 0.001241 0.000383 0.991499
0.007542 0.001330 0.000465 0.990663
0.010506 0.001900 0.000597 0.986997
0.007804 0.001413 0.000442 0.990342
0.010141 0.001812 0.000577 0.987470
0.007225 0.001308 0.000404 0.991063
0.010467 0.001888 0.000594 0.987052
0.009567 0.001733 0.000534 0.988167
0.006818 0.001221 0.000378 0.991583
0.006892 0.001238 0.000389 0.991481
0.010580 0.001915 0.000606 0.986900
0.006920 0.001254 0.000385 0.991442
0.006911 0.001237 0.000388 0.991464
0.007276 0.001316 0.000405 0.991003
0.007163 0.001295 0.000406 0.991136
0.007157 0.001296 0.000406 0.991140
0.008570 0.001550 0.000496 0.989384
0.010473 0.001892 0.000591 0.987044
0.011066 0.002000 0.000742 0.986192
0.010900 0.001959 0.000626 0.986515
0.010361 0.001873 0.000582 0.987184
0.003856 0.000812 0.000156 0.995176
0.009997 0.001808 0.000555 0.987640
0.009699 0.001692 0.000576 0.988034
0.006742 0.001217 0.000375 0.991666
0.006913 0.001254 0.000381 0.991453
0.006907 0.001254 0.000382 0.991457
0.007439 0.001346 0.000431 0.990784
0.011106 0.002012 0.000638 0.986244
0.009528 0.001722 0.000521 0.988228
0.006797 0.001216 0.000375 0.991612
0.007012 0.001258 0.000403 0.991327
0.010580 0.001913 0.000614 0.986893
0.010876 0.001977 0.000615 0.986532
0.009996 0.001828 0.000540 0.987636
0.006845 0.001224 0.000382 0.991549
0.010037 0.001805 0.000571 0.987587
0.009402 0.001703 0.000524 0.988371
0.006932 0.001249 0.000386 0.991433
0.010558 0.001903 0.000599 0.986940
0.010439 0.001889 0.000594 0.987078
0.006920 0.001240 0.000388 0.991452
0.009105 0.001634 0.000523 0.988738
0.010888 0.001970 0.000626 0.986516
0.010154 0.001840 0.000564 0.987443
0.006825 0.001228 0.000372 0.991575
0.011296 0.002017 0.000751 0.985936
0.010659 0.001929 0.000615 0.986797
0.010311 0.001876 0.001427 0.986386
0.003990 0.000819 0.000166 0.995025
0.011134 0.002000 0.000643 0.986224
0.010451 0.001837 0.000621 0.987091
0.007492 0.001342 0.000388 0.990779
0.004671 0.000891 0.000228 0.994209
0.009475 0.001693 0.000534 0.988298
0.006475 0.001133 0.000396 0.991996
0.007479 0.001354 0.000413 0.990754
0.007020 0.001271 0.000396 0.991313
0.007041 0.001273 0.000400 0.991286
0.007887 0.001429 0.000447 0.990237
0.007062 0.001277 0.000401 0.991261
0.010514 0.001900 0.000604 0.986982
0.010472 0.001893 0.000596 0.987039
0.010592 0.001911 0.000601 0.986895
0.010533 0.001881 0.000601 0.986985
0.007011 0.001256 0.000387 0.991347
0.006883 0.001233 0.000389 0.991495
0.010146 0.001839 0.000577 0.987439
0.010026 0.001815 0.000565 0.987594
0.007067 0.001277 0.000396 0.991261
0.010626 0.001903 0.000607 0.986863
0.007327 0.001326 0.000411 0.990937
0.010175 0.001821 0.000577 0.987428
0.009496 0.001720 0.000530 0.988254
0.006888 0.001233 0.000387 0.991493
0.007984 0.001433 0.000454 0.990129
0.008173 0.001479 0.000469 0.989878
0.007291 0.001321 0.000404 0.990984
0.006923 0.001254 0.000386 0.991437
0.007168 0.001295 0.000412 0.991125
0.010930 0.001975 0.000629 0.986466
0.009912 0.001791 0.000559 0.987738
0.010183 0.001822 0.000579 0.987416
0.009699 0.001750 0.000539 0.988013
0.006906 0.001243 0.000388 0.991463
0.010062 0.001802 0.000569 0.987566
0.007097 0.001285 0.000392 0.991226
0.007015 0.001258 0.000397 0.991330
0.010504 0.001905 0.000601 0.986990
0.010193 0.001842 0.000577 0.987388
0.010481 0.001881 0.000595 0.987043
0.009441 0.001692 0.000523 0.988344
0.006914 0.001236 0.000385 0.991465
0.006891 0.001233 0.000391 0.991485
0.007194 0.001305 0.000405 0.991096
0.006964 0.001260 0.000391 0.991385
0.011269 0.002041 0.000672 0.986019
0.010649 0.001926 0.000606 0.986819
0.008391 0.001503 0.000455 0.989651
0.003781 0.000781 0.000157 0.995280
0.007785 0.001405 0.000438 0.990373
0.010538 0.001850 0.000625 0.986987
0.007057 0.001276 0.000403 0.991263
0.010555 0.001892 0.000590 0.986963
0.009009 0.001633 0.000518 0.988840
0.010894 0.001966 0.000622 0.986517
0.007550 0.001367 0.000423 0.990659
0.009737 0.001742 0.000545 0.987976
0.006842 0.001239 0.000383 0.991536
0.007013 0.001264 0.000393 0.991330
0.010701 0.001931 0.000619 0.986749
0.009967 0.001802 0.000564 0.987667
0.006998 0.001256 0.000393 0.991352
0.007473 0.001349 0.000417 0.990761
0.006945 0.001255 0.000393 0.991407
0.010870 0.001968 0.000628 0.986535
0.010198 0.001847 0.000569 0.987386
0.006825 0.001222 0.000378 0.991574
0.008700 0.001556 0.000505 0.989240
0.010846 0.001962 0.000618 0.986573
0.006879 0.001246 0.000381 0.991495
0.006914 0.001246 0.000384 0.991456
0.007307 0.001323 0.000409 0.990961
0.011100 0.002006 0.000741 0.986153
0.010638 0.001934 0.000604 0.986823
0.006863 0.001240 0.000381 0.991515
0.004038 0.000833 0.000185 0.994944
0.006940 0.001254 0.000391 0.991416
0.010556 0.001862 0.000635 0.986947
0.010492 0.001897 0.000591 0.987021
0.007219 0.001290 0.000401 0.991091
0.007702 0.001379 0.000436 0.990483
0.010258 0.001857 0.000588 0.987298
0.010325 0.001869 0.000582 0.987223
0.010273 0.001851 0.000577 0.987299
0.010574 0.001895 0.000600 0.986931
0.007222 0.001294 0.000402 0.991082
0.010908 0.001956 0.000626 0.986510
0.010371 0.001881 0.000585 0.987164
0.008652 0.001552 0.000472 0.989324
0.007070 0.001279 0.000390 0.991261
0.011076 0.001984 0.000660 0.986281
0.010422 0.001890 0.000600 0.987088
0.008377 0.001509 0.000450 0.989664
0.006691 0.001351 0.000389 0.991570
0.010453 0.001885 0.000589 0.987073
0.007726 0.001365 0.000456 0.990453
0.003977 0.000808 0.000173 0.995042
0.010587 0.001917 0.000603 0.986893
0.007927 0.001401 0.000464 0.990208
0.006833 0.001220 0.000383 0.991564
0.006865 0.001241 0.000402 0.991492
0.010584 0.001917 0.000604 0.986895
0.011628 0.002106 0.000682 0.985584
0.010099 0.001823 0.000561 0.987517
0.006601 0.001181 0.000350 0.991868
0.004163 0.000816 0.000201 0.994820
0.011037 0.001999 0.000701 0.986263
0.010873 0.001950 0.000639 0.986537
0.008803 0.001592 0.000477 0.989128
0.004043 0.000821 0.000189 0.994947
0.007385 0.001319 0.000416 0.990880
0.007048 0.001248 0.000428 0.991276
0.010135 0.001833 0.000575 0.987457
0.006928 0.001256 0.000387 0.991429
0.007606 0.001363 0.000443 0.990588
0.010770 0.001949 0.000617 0.986664
0.009394 0.001698 0.000513 0.988395
0.006855 0.001232 0.000379 0.991534
0.009840 0.001760 0.000556 0.987844
0.006831 0.001237 0.000385 0.991547
0.007060 0.001271 0.000397 0.991272
0.010919 0.001989 0.000625 0.986467
0.010335 0.001868 0.000579 0.987217
0.006823 0.001225 0.000374 0.991579
0.007063 0.001263 0.000407 0.991267
0.010209 0.001848 0.000582 0.987362
0.007050 0.001277 0.000399 0.991274
0.007186 0.001292 0.000394 0.991128
0.006971 0.001261 0.000397 0.991371
0.010825 0.001956 0.000620 0.986599
0.009085 0.001646 0.000502 0.988767
0.008186 0.001464 0.000466 0.989884
0.010534 0.001902 0.000603 0.986960
0.010812 0.001955 0.000616 0.986617
0.008985 0.001632 0.000482 0.988901
0.006885 0.001233 0.000385 0.991496
0.010536 0.001880 0.000608 0.986976
0.010574 0.001914 0.000604 0.986908
0.010387 0.001871 0.000587 0.987155
0.010512 0.001883 0.000594 0.987010
0.009334 0.001685 0.000515 0.988466
0.006879 0.001236 0.000382 0.991504
0.010318 0.001851 0.000588 0.987243
0.009100 0.001648 0.000504 0.988749
0.006954 0.001249 0.000391 0.991406
0.010928 0.001962 0.000623 0.986487
0.007820 0.001415 0.000445 0.990320
0.010480 0.001881 0.000601 0.987038
0.009600 0.001741 0.000534 0.988124
0.011123 0.002006 0.000737 0.986134
0.010720 0.001917 0.000615 0.986747
0.010568 0.001912 0.000597 0.986924
0.003955 0.000819 0.000167 0.995060
0.007222 0.001299 0.000397 0.991082
0.007030 0.001236 0.000424 0.991310
0.010830 0.001958 0.000628 0.986584
0.010590 0.001925 0.000598 0.986886
0.007778 0.001396 0.000437 0.990388
0.010557 0.001890 0.000605 0.986948
0.010555 0.001909 0.000605 0.986932
0.009912 0.001780 0.000557 0.987751
0.010512 0.001889 0.000599 0.987001
0.010548 0.001905 0.000602 0.986946
0.010661 0.001913 0.000607 0.986819
0.010436 0.001888 0.000587 0.987089
0.007506 0.001342 0.000421 0.990730
0.010740 0.001928 0.000618 0.986714
0.010847 0.001967 0.000604 0.986582
0.010829 0.001945 0.000610 0.986616
0.010249 0.001848 0.000574 0.987329
0.006852 0.001227 0.000387 0.991534
0.007612 0.001365 0.000423 0.990600
0.007140 0.001299 0.000394 0.991166
0.006823 0.001236 0.000386 0.991555
0.007103 0.001283 0.000405 0.991208
0.011260 0.002036 0.000669 0.986035
0.010506 0.001900 0.000597 0.986997
0.007361 0.001319 0.000408 0.990912
0.004238 0.000845 0.000188 0.994729
0.009087 0.001643 0.000499 0.988770
0.007149 0.001252 0.000429 0.991170
0.006978 0.001251 0.000398 0.991372
0.010645 0.001927 0.000614 0.986814
0.009177 0.001670 0.000504 0.988649
0.011053 0.001985 0.000733 0.986230
0.010880 0.001965 0.000624 0.986530
0.010716 0.001937 0.000607 0.986740
0.003954 0.000816 0.000167 0.995062
0.010599 0.001897 0.000603 0.986900
0.010146 0.001783 0.000602 0.987468
0.007914 0.001418 0.000450 0.990218
0.010408 0.001871 0.000589 0.987132
0.010648 0.001930 0.000610 0.986813
0.010450 0.001870 0.000588 0.987091
0.006738 0.001207 0.000374 0.991681
0.007109 0.001278 0.000400 0.991213
0.010425 0.001891 0.000593 0.987091
0.007135 0.001292 0.000408 0.991165
0.010584 0.001904 0.000602 0.986911
0.011231 0.002033 0.000657 0.986078
0.011197 0.002006 0.000667 0.986130
0.006855 0.001229 0.000343 0.991574
0.004024 0.000801 0.000193 0.994982
0.003782 0.000799 0.000159 0.995260
0.008276 0.001483 0.000484 0.989757
0.010641 0.001874 0.000638 0.986847
0.010009 0.001810 0.000556 0.987625
0.006867 0.001230 0.000385 0.991517
0.010128 0.001814 0.000573 0.987485
0.009212 0.001667 0.000540 0.988581
0.010825 0.001937 0.000621 0.986617
0.006978 0.001271 0.000373 0.991377
0.010682 0.001914 0.000607 0.986796
0.008067 0.001464 0.000437 0.990031
0.006792 0.001214 0.000377 0.991617
0.006791 0.001250 0.000363 0.991596
0.007529 0.001361 0.000423 0.990687
0.006823 0.001240 0.000354 0.991583
0.010194 0.001846 0.000571 0.987389
0.010137 0.001829 0.000567 0.987467
0.009629 0.001723 0.000532 0.988116
0.006692 0.001195 0.000376 0.991737
0.007348 0.001327 0.000405 0.990920
0.006977 0.001261 0.000400 0.991362
0.006915 0.001252 0.000386 0.991447
0.007050 0.001277 0.000399 0.991274
0.010830 0.001958 0.000623 0.986589
0.010229 0.001849 0.000582 0.987340
0.009698 0.001737 0.000542 0.988023
0.006853 0.001237 0.000381 0.991529
0.006988 0.001250 0.000398 0.991364
0.009635 0.001745 0.000541 0.988079
0.006907 0.001250 0.000388 0.991456
0.010283 0.001845 0.000583 0.987290
0.010515 0.001903 0.000602 0.986980
0.010595 0.001893 0.000610 0.986902
0.009675 0.001737 0.000532 0.988056
0.006964 0.001258 0.000392 0.991386
0.010800 0.001945 0.000613 0.986642
0.009884 0.001791 0.000557 0.987768
0.010639 0.001914 0.000605 0.986843
0.009462 0.001716 0.000522 0.988300
0.006845 0.001225 0.000385 0.991545
0.010593 0.001922 0.000599 0.986886
0.009909 0.001794 0.000561 0.987736
0.009515 0.001703 0.000529 0.988253
0.007470 0.001351 0.000429 0.990750
0.010716 0.001919 0.000615 0.986750
0.007004 0.001270 0.000385 0.991340
0.009983 0.001792 0.000562 0.987662
0.006675 0.001211 0.000373 0.991741
0.006957 0.001246 0.000390 0.991407
0.011397 0.002126 0.000667 0.985809
0.010812 0.001955 0.000620 0.986612
0.009448 0.001696 0.000525 0.988332
0.003971 0.000801 0.000171 0.995056
0.008303 0.001498 0.000471 0.989729
0.010382 0.001817 0.000622 0.987178
0.006987 0.001264 0.000399 0.991351
0.010878 0.001967 0.000619 0.986536
0.010723 0.001942 0.000614 0.986721
0.010798 0.001933 0.000616 0.986654
0.010476 0.001878 0.000586 0.987059
0.007246 0.001301 0.000401 0.991052
0.007928 0.001427 0.000450 0.990194
0.010613 0.001924 0.000601 0.986862
0.011421 0.002080 0.000757 0.985742
0.010450 0.001880 0.000589 0.987082
0.007998 0.001448 0.000457 0.990097
0.003878 0.000813 0.000158 0.995152
0.011419 0.002074 0.000758 0.985749
0.010842 0.001901 0.000649 0.986608
0.007064 0.001277 0.000395 0.991264
0.003993 0.000804 0.000190 0.995012
0.011325 0.002055 0.000674 0.985946
0.010774 0.001882 0.000647 0.986697
0.009978 0.001782 0.000562 0.987678
0.003860 0.000808 0.000151 0.995181
0.004317 0.000839 0.000209 0.994635
0.006557 0.001146 0.000398 0.991899
0.010240 0.001830 0.000607 0.987323
0.008018 0.001450 0.000442 0.990090
0.007532 0.001356 0.000429 0.990683
0.010671 0.001931 0.000594 0.986804
0.007090 0.001282 0.000400 0.991228
0.009729 0.001744 0.000540 0.987987
0.006754 0.001221 0.000381 0.991643
0.007420 0.001328 0.000412 0.990839
0.006987 0.001263 0.000401 0.991349
0.010601 0.001916 0.000609 0.986874
0.007708 0.001393 0.000437 0.990462
0.009983 0.001788 0.000563 0.987665
0.006964 0.001260 0.000398 0.991378
0.010156 0.001817 0.000578 0.987450
0.008137 0.001474 0.000465 0.989924
0.010567 0.001907 0.000603 0.986923
0.006868 0.001244 0.000380 0.991508
0.006878 0.001241 0.000380 0.991501
0.007057 0.001277 0.000401 0.991265
0.010847 0.001961 0.000629 0.986563
0.010453 0.001892 0.000591 0.987064
0.006944 0.001253 0.000385 0.991418
0.006883 0.001230 0.000388 0.991499
0.007058 0.001277 0.000403 0.991262
0.010729 0.001942 0.000615 0.986714
0.010609 0.001921 0.000602 0.986868
0.010472 0.001876 0.000596 0.987056
0.010188 0.001821 0.000582 0.987409
0.007148 0.001280 0.000396 0.991177
0.006894 0.001246 0.000385 0.991476
0.007901 0.001430 0.000448 0.990222
0.007767 0.001407 0.000439 0.990387
0.006943 0.001256 0.000390 0.991411
0.007079 0.001280 0.000405 0.991236
0.010522 0.001901 0.000605 0.986972
0.010940 0.001975 0.000632 0.986453
0.010140 0.001828 0.000562 0.987470
0.006990 0.001252 0.000385 0.991374
0.007065 0.001267 0.000406 0.991262
0.009303 0.001686 0.000537 0.988474
0.007078 0.001282 0.000401 0.991240
0.011420 0.002091 0.000670 0.985819
0.010628 0.001921 0.000601 0.986850
0.007302 0.001317 0.000376 0.991005
0.003860 0.000768 0.000167 0.995205
0.006840 0.001225 0.000387 0.991548
0.010949 0.001940 0.000660 0.986451
0.010524 0.001906 0.000601 0.986969
0.008657 0.001565 0.000462 0.989316
0.004185 0.000835 0.000194 0.994786
0.010724 0.001916 0.000614 0.986746
0.010284 0.001820 0.000608 0.987288
0.009129 0.001633 0.000505 0.988734
0.006807 0.001220 0.000386 0.991587
0.010112 0.001806 0.000574 0.987507
0.006873 0.001250 0.000379 0.991498
0.007222 0.001296 0.000411 0.991071
0.010659 0.001934 0.000606 0.986801
0.009636 0.001741 0.000537 0.988086
0.010525 0.001894 0.000597 0.986984
0.009901 0.001773 0.000550 0.987776
0.006834 0.001221 0.000386 0.991558
0.010708 0.001925 0.000611 0.986756
0.010209 0.001852 0.000581 0.987357
0.009826 0.001757 0.000545 0.987873
0.006866 0.001245 0.000375 0.991514
0.006982 0.001254 0.000393 0.991371
0.007568 0.001372 0.000427 0.990633
0.007005 0.001268 0.000395 0.991332
0.010600 0.001925 0.000600 0.986875
0.006920 0.001251 0.000389 0.991440
0.009640 0.001725 0.000547 0.988088
0.007039 0.001273 0.000400 0.991287
0.011249 0.002015 0.000659 0.986077
0.009970 0.001808 0.000557 0.987665
0.006821 0.001226 0.000374 0.991579
0.004094 0.000825 0.000193 0.994888
0.006854 0.001239 0.000385 0.991522
0.006918 0.001232 0.000409 0.991442
0.007027 0.001270 0.000399 0.991304
0.010633 0.001922 0.000611 0.986833
0.010296 0.001862 0.000582 0.987260
0.006827 0.001223 0.000382 0.991567
0.006975 0.001250 0.000389 0.991386
0.011020 0.001994 0.000632 0.986354
0.010395 0.001882 0.000579 0.987144
0.009868 0.001769 0.000549 0.987814
0.010338 0.001850 0.000585 0.987227
0.007093 0.001279 0.000369 0.991259
0.010665 0.001921 0.000606 0.986808
0.010064 0.001820 0.000558 0.987558
0.009768 0.001753 0.000543 0.987935
0.006923 0.001278 0.000368 0.991431
0.008015 0.001438 0.000458 0.990089
0.010780 0.001954 0.000615 0.986651
0.009196 0.001669 0.000506 0.988629
0.010510 0.001883 0.000598 0.987008
0.010389 0.001875 0.000587 0.987149
0.007577 0.001357 0.000425 0.990640
0.010729 0.001934 0.000611 0.986727
0.010130 0.001837 0.000565 0.987468
0.006941 0.001244 0.000389 0.991426
0.009561 0.001721 0.000533 0.988184
0.006888 0.001246 0.000390 0.991476
0.009013 0.001615 0.000520 0.988853
0.010180 0.001852 0.000575 0.987393
0.008319 0.001503 0.000483 0.989694
0.010954 0.001981 0.000619 0.986446
0.011209 0.002026 0.000668 0.986097
0.010186 0.001827 0.000573 0.987415
0.006772 0.001214 0.000373 0.991641
0.003868 0.000794 0.000166 0.995173
0.007409 0.001348 0.000412 0.990831
0.010368 0.001821 0.000615 0.987196
0.006884 0.001246 0.000388 0.991482
0.010719 0.001920 0.000616 0.986744
0.010236 0.001856 0.000576 0.987332
0.006933 0.001239 0.000393 0.991435
0.007265 0.001300 0.000405 0.991030
0.006829 0.001235 0.000381 0.991555
0.007225 0.001308 0.000416 0.991051
0.010547 0.001911 0.000596 0.986946
0.006928 0.001252 0.000390 0.991430
0.010289 0.001849 0.000586 0.987276
0.006975 0.001262 0.000385 0.991378
0.011093 0.002002 0.000635 0.986270
0.010013 0.001820 0.000553 0.987614
0.006833 0.001224 0.000378 0.991565
0.010670 0.001913 0.000611 0.986806
0.010147 0.001836 0.000576 0.987441
0.007387 0.001326 0.000410 0.990878
0.010132 0.001830 0.000592 0.987446
0.010395 0.001879 0.000593 0.987133
0.011512 0.002065 0.000684 0.985738
0.010803 0.001954 0.000614 0.986628
0.007778 0.001404 0.000408 0.990410
0.003888 0.000781 0.000160 0.995172
0.011086 0.001996 0.000631 0.986288
0.010345 0.001825 0.000603 0.987227
0.006696 0.001197 0.000371 0.991736
0.010506 0.001980 0.000566 0.986948
0.010445 0.002271 0.000529 0.986755
0.010678 0.001919 0.000610 0.986794
0.009651 0.001723 0.000543 0.988083
0.003935 0.000800 0.000167 0.995098
0.006942 0.001241 0.000392 0.991425
0.010775 0.001885 0.000644 0.986696
0.010729 0.001942 0.000616 0.986714
0.009421 0.001687 0.000521 0.988372
0.006775 0.001216 0.000373 0.991636
0.010972 0.001970 0.000723 0.986335
0.010665 0.001931 0.000615 0.986789
0.008177 0.001480 0.000441 0.989902
0.004003 0.000824 0.000172 0.995000
0.010819 0.001952 0.000599 0.986631
0.010571 0.001853 0.000619 0.986958
0.010668 0.001914 0.000607 0.986810
0.007717 0.001383 0.000407 0.990492
0.006786 0.001216 0.000379 0.991620
0.010129 0.001830 0.000572 0.987469
0.010496 0.001903 0.000597 0.987004
0.010515 0.001887 0.000596 0.987002
0.009948 0.001784 0.000563 0.987705
0.009263 0.001660 0.000515 0.988562
0.006916 0.001251 0.000387 0.991445
0.010793 0.001934 0.000617 0.986656
0.007039 0.001275 0.000385 0.991301
0.006878 0.001233 0.000385 0.991504
0.010398 0.001887 0.000593 0.987122
0.010747 0.001943 0.000617 0.986694
0.010634 0.001912 0.000597 0.986857
0.010124 0.001809 0.000570 0.987498
0.010205 0.001826 0.000576 0.987393
0.007182 0.001290 0.000399 0.991129
0.009378 0.001684 0.000523 0.988415
0.006715 0.001223 0.000384 0.991678
0.010420 0.001870 0.000590 0.987120
0.011053 0.002005 0.000701 0.986241
0.010150 0.001819 0.000572 0.987460
0.006836 0.001240 0.000377 0.991546
0.004116 0.000818 0.000195 0.994871
0.007045 0.001277 0.000402 0.991276
0.010759 0.001912 0.000636 0.986692
0.010170 0.001840 0.000574 0.987417
0.010043 0.001797 0.000564 0.987596
0.006896 0.001232 0.000386 0.991487
0.006850 0.001227 0.000387 0.991536
0.010335 0.001881 0.000607 0.987176
0.010969 0.001987 0.000624 0.986421
0.011307 0.002030 0.000662 0.986001
0.009256 0.001662 0.000507 0.988575
0.007118 0.001277 0.000366 0.991240
0.004223 0.000834 0.000193 0.994750
0.010233 0.001836 0.000574 0.987357
0.006925 0.001227 0.000404 0.991444
0.008332 0.001500 0.000477 0.989691
0.010845 0.001968 0.000622 0.986565
0.010702 0.001938 0.000606 0.986755
0.009346 0.001695 0.000527 0.988432
0.010313 0.001853 0.000579 0.987255
0.010846 0.001937 0.000713 0.986504
0.010683 0.001916 0.000611 0.986790
0.008127 0.001480 0.000428 0.989965
0.004258 0.000832 0.000185 0.994725
0.006754 0.001212 0.000376 0.991658
0.010525 0.001848 0.000630 0.986997
0.010565 0.001913 0.000599 0.986923
0.009138 0.001635 0.000504 0.988722
0.009773 0.001773 0.000536 0.987918
0.006885 0.001243 0.000388 0.991484
0.010307 0.001850 0.000584 0.987259
0.009642 0.001772 0.000529 0.988057
0.010388 0.001859 0.000591 0.987163
0.010615 0.001901 0.000605 0.986879
0.010720 0.001921 0.000611 0.986748
0.010180 0.001829 0.000575 0.987416
0.008133 0.001456 0.000458 0.989953
0.007044 0.001260 0.000394 0.991301
0.011255 0.002036 0.000662 0.986048
0.009492 0.001720 0.000542 0.988245
0.006801 0.001221 0.000368 0.991610
0.006801 0.001334 0.000392 0.991472
0.010684 0.001934 0.000617 0.986766
0.007610 0.001351 0.000416 0.990623
0.004187 0.000830 0.000198 0.994785
0.010683 0.001928 0.000606 0.986784
0.008394 0.001497 0.000499 0.989610
0.010418 0.001871 0.000587 0.987124
0.006861 0.001242 0.000388 0.991510
0.010369 0.001863 0.000590 0.987179
0.007116 0.001293 0.000405 0.991185
0.010968 0.001965 0.000630 0.986438
0.009696 0.001766 0.000529 0.988010
0.007991 0.001436 0.000426 0.990147
0.007081 0.001273 0.000405 0.991242
0.010489 0.001878 0.000599 0.987035
0.009045 0.001644 0.000497 0.988814
0.006955 0.001269 0.000379 0.991397
0.007517 0.001346 0.000411 0.990725
0.010990 0.001986 0.000631 0.986392
0.010609 0.001926 0.000602 0.986863
0.009813 0.001757 0.000545 0.987885
0.009960 0.001782 0.000559 0.987699
0.009503 0.001701 0.000532 0.988264
0.006775 0.001216 0.000379 0.991630
0.006896 0.001231 0.000395 0.991477
0.006926 0.001254 0.000393 0.991427
0.010386 0.001881 0.000592 0.987141
0.007281 0.001319 0.000413 0.990987
0.010701 0.001917 0.000616 0.986766
0.010681 0.001933 0.000609 0.986776
0.010672 0.001926 0.000596 0.986806
0.011484 0.002055 0.000676 0.985786
0.010325 0.001853 0.000583 0.987238
0.010410 0.001874 0.000589 0.987127
0.003771 0.000796 0.000152 0.995282
0.011080 0.001995 0.000733 0.986193
0.010411 0.001827 0.000619 0.987144
0.007114 0.001287 0.000395 0.991204
0.003957 0.000824 0.000167 0.995052
0.010834 0.001962 0.000619 0.986585
0.010286 0.001798 0.000616 0.987300
0.009666 0.001731 0.000544 0.988059
0.006947 0.001254 0.000381 0.991419
0.006763 0.001213 0.000345 0.991679
0.010784 0.001954 0.000617 0.986645
0.010656 0.001925 0.000596 0.986822
0.010050 0.001803 0.000554 0.987593
0.006786 0.001214 0.000373 0.991627
0.006711 0.001211 0.000372 0.991706
0.009481 0.001715 0.000530 0.988273
0.011164 0.002031 0.000742 0.986063
0.010721 0.001923 0.000613 0.986743
0.007434 0.001346 0.000418 0.990802
0.003873 0.000812 0.000159 0.995157
0.006892 0.001248 0.000381 0.991479
0.009398 0.001643 0.000577 0.988383
0.010904 0.001973 0.000627 0.986495
0.010494 0.001896 0.000593 0.987017
0.010334 0.001853 0.000582 0.987231
0.006835 0.001221 0.000377 0.991567
0.006762 0.001210 0.000381 0.991647
0.006912 0.001256 0.000388 0.991445
0.007325 0.001326 0.000419 0.990930
0.011112 0.002012 0.000639 0.986237
0.009540 0.001725 0.000521 0.988213
0.006781 0.001213 0.000373 0.991633
0.006818 0.001223 0.000387 0.991572
0.007501 0.001357 0.000427 0.990715
0.007600 0.001382 0.000424 0.990594
0.010960 0.002003 0.000625 0.986412
0.010748 0.001944 0.000610 0.986698
0.008732 0.001563 0.000476 0.989229
0.006881 0.001233 0.000390 0.991496
0.009824 0.001759 0.000557 0.987860
0.006848 0.001242 0.000383 0.991527
0.007532 0.001380 0.000410 0.990678
0.010419 0.001887 0.000590 0.987104
0.006914 0.001250 0.000389 0.991447
0.009825 0.001762 0.000551 0.987862
0.006826 0.001235 0.000384 0.991555
0.006827 0.001223 0.000380 0.991570
0.006928 0.001257 0.000392 0.991423
0.010706 0.001936 0.000616 0.986742
0.010819 0.001960 0.000619 0.986602
0.010791 0.001933 0.000600 0.986676
0.008544 0.001531 0.000486 0.989439
0.010752 0.001934 0.000614 0.986700
0.010058 0.001824 0.000568 0.987550
0.010385 0.001863 0.000583 0.987169
0.007417 0.001346 0.000405 0.990832
0.006918 0.001238 0.000390 0.991454
0.010403 0.001881 0.000599 0.987118
0.010859 0.001965 0.000620 0.986557
0.011216 0.002007 0.000660 0.986117
0.009103 0.001627 0.000501 0.988769
0.006790 0.001216 0.000380 0.991615
0.003824 0.000792 0.000162 0.995222
0.010259 0.001854 0.000582 0.987304
0.010441 0.001835 0.000615 0.987108
0.006823 0.001223 0.000383 0.991571
0.007050 0.001264 0.000397 0.991289
0.010423 0.001890 0.000596 0.987090
0.009067 0.001641 0.000518 0.988774
0.006834 0.001226 0.000374 0.991565
0.010904 0.001954 0.000717 0.986425
0.010490 0.001899 0.000598 0.987013
0.006875 0.001245 0.000379 0.991501
0.004143 0.000832 0.000179 0.994846
0.006795 0.001229 0.000383 0.991593
0.006962 0.001236 0.000405 0.991397
0.007302 0.001320 0.000418 0.990959
0.010972 0.001982 0.000631 0.986416
0.010331 0.001870 0.000591 0.987209
0.010411 0.001863 0.000589 0.987138
0.010841 0.001937 0.000690 0.986532
0.010555 0.001888 0.000606 0.986951
0.008356 0.001520 0.000441 0.989683
0.003958 0.000822 0.000166 0.995054
0.010386 0.001877 0.000575 0.987162
0.007571 0.001328 0.000444 0.990657
0.010144 0.001815 0.000575 0.987465
0.009854 0.001786 0.000557 0.987804
0.006891 0.001238 0.000383 0.991489
0.010628 0.001905 0.000611 0.986856
0.010779 0.001950 0.000615 0.986656
0.010836 0.001944 0.000609 0.986611
0.010171 0.001823 0.000572 0.987435
0.010014 0.001788 0.000570 0.987627
0.010190 0.001823 0.000568 0.987419
0.006817 0.001238 0.000372 0.991573
0.006964 0.001254 0.000475 0.991307
0.010493 0.001903 0.000597 0.987007
0.011180 0.002023 0.000659 0.986137
0.010353 0.001865 0.000563 0.987219
0.006791 0.001217 0.000322 0.991670
0.004413 0.000849 0.000202 0.994536
0.006729 0.001208 0.000372 0.991692
0.010584 0.001887 0.000614 0.986916
0.009201 0.001666 0.000513 0.988620
0.006930 0.001252 0.000382 0.991435
0.009205 0.001645 0.000537 0.988613
0.010797 0.001952 0.000618 0.986633
0.009710 0.001759 0.000544 0.987988
0.009820 0.001767 0.000544 0.987870
0.006937 0.001251 0.000391 0.991421
0.009979 0.001785 0.000565 0.987672
0.006918 0.001257 0.000388 0.991437
0.010694 0.001917 0.000615 0.986775
0.009793 0.001775 0.000547 0.987885
0.007664 0.001373 0.000434 0.990529
0.010143 0.001816 0.000569 0.987472
0.006920 0.001252 0.000394 0.991434
0.010012 0.001795 0.000585 0.987608
0.010505 0.001906 0.000599 0.986990
0.011351 0.002048 0.000664 0.985937
0.009676 0.001750 0.000531 0.988043
0.007143 0.001282 0.000367 0.991208
0.004017 0.000795 0.000175 0.995012
0.006943 0.001242 0.000397 0.991418
0.010617 0.001868 0.000633 0.986882
0.010887 0.001970 0.000623 0.986520
0.010438 0.001887 0.000580 0.987095
0.006830 0.001230 0.000374 0.991567
0.006843 0.001229 0.000386 0.991542
0.010162 0.001840 0.000578 0.987420
0.007520 0.001366 0.000420 0.990694
0.007506 0.001347 0.000419 0.990727
0.010076 0.001822 0.000571 0.987531
0.006953 0.001257 0.000391 0.991398
0.009804 0.001756 0.000552 0.987888
0.007075 0.001279 0.000397 0.991248
0.007436 0.001332 0.000427 0.990804
0.010643 0.001930 0.000606 0.986820
0.006697 0.001210 0.000368 0.991725
0.011100 0.001994 0.000731 0.986174
0.011072 0.002003 0.000660 0.986265
0.010175 0.001839 0.000572 0.987414
0.003846 0.000838 0.000153 0.995163
0.003899 0.000798 0.000161 0.995142
0.008065 0.001419 0.000482 0.990034
0.010380 0.001825 0.000619 0.987176
0.007038 0.001273 0.000400 0.991289
0.010772 0.001947 0.000609 0.986673
0.009158 0.001662 0.000503 0.988677
0.007417 0.001327 0.000412 0.990844
0.009730 0.001742 0.000549 0.987980
0.006763 0.001223 0.000383 0.991632
0.010600 0.001904 0.000602 0.986894
0.011130 0.002018 0.000705 0.986147
0.010787 0.001928 0.000621 0.986665
0.008553 0.001550 0.000456 0.989441
0.003914 0.000804 0.000174 0.995108
0.007399 0.001326 0.000415 0.990860
0.010237 0.001815 0.000613 0.987335
0.007093 0.001283 0.000390 0.991234
0.006906 0.001242 0.000386 0.991467
0.010840 0.001961 0.000625 0.986574
0.010696 0.001934 0.000607 0.986762
0.007058 0.001263 0.000387 0.991292
0.010614 0.001901 0.000610 0.986875
0.010632 0.001924 0.000607 0.986837
0.008993 0.001613 0.000495 0.988899
0.006907 0.001249 0.000385 0.991459
0.009997 0.001804 0.000562 0.987636
0.006934 0.001256 0.000389 0.991420
0.010304 0.001857 0.000581 0.987259
0.010420 0.001889 0.000590 0.987100
0.010783 0.001931 0.000617 0.986668
0.010430 0.001868 0.000591 0.987110
0.009919 0.001777 0.000555 0.987748
0.006741 0.001206 0.000375 0.991679
0.006883 0.001231 0.000388 0.991498
0.010650 0.001930 0.000611 0.986810
0.010594 0.001920 0.000602 0.986884
0.010604 0.001904 0.000598 0.986894
0.007659 0.001372 0.000420 0.990548
0.010903 0.001950 0.000622 0.986524
0.010187 0.001847 0.000565 0.987401
0.009800 0.001764 0.000542 0.987893
0.010412 0.001875 0.000587 0.987126
0.010721 0.001914 0.000611 0.986754
0.011232 0.002024 0.000659 0.986085
0.009977 0.001795 0.000554 0.987675
0.009825 0.001769 0.000550 0.987856
0.003757 0.000792 0.000166 0.995284
0.010851 0.001951 0.000621 0.986577
0.010772 0.001913 0.000648 0.986667
0.009634 0.001739 0.000531 0.988096
0.006780 0.001212 0.000376 0.991632
0.004147 0.000821 0.000186 0.994846
0.006992 0.001266 0.000394 0.991348
0.010671 0.001872 0.000638 0.986818
0.010847 0.001964 0.000619 0.986569
0.010405 0.001864 0.000582 0.987149
0.006861 0.001234 0.000370 0.991535
0.006867 0.001227 0.000390 0.991516
0.010410 0.001888 0.000597 0.987104
0.010838 0.001971 0.000617 0.986573
0.010937 0.001972 0.000622 0.986469
0.010326 0.001845 0.000584 0.987246
0.006997 0.001251 0.000385 0.991367
0.006836 0.001231 0.000380 0.991554
0.007189 0.001302 0.000411 0.991098
0.011025 0.001996 0.000637 0.986343
0.010567 0.001921 0.000592 0.986919
0.008059 0.001444 0.000429 0.990069
0.006796 0.001219 0.000382 0.991603
0.009704 0.001738 0.000557 0.988002
0.009818 0.001780 0.000550 0.987852
0.011288 0.002046 0.000665 0.986001
0.010368 0.001857 0.000586 0.987189
0.008321 0.001487 0.000451 0.989742
0.004139 0.000835 0.000188 0.994838
0.007015 0.001259 0.000394 0.991333
0.009585 0.001703 0.000588 0.988124
0.010861 0.001964 0.000622 0.986554
0.007970 0.001443 0.000451 0.990136
0.010611 0.001907 0.000601 0.986881
0.006876 0.001243 0.000377 0.991503
0.011182 0.002009 0.000629 0.986180
0.010848 0.001972 0.000614 0.986566
0.010659 0.001904 0.000603 0.986834
0.010041 0.001807 0.000547 0.987605
0.008334 0.001489 0.000454 0.989723
0.006821 0.001221 0.000376 0.991583
0.006922 0.001248 0.000394 0.991435
0.010742 0.001942 0.000620 0.986697
0.010042 0.001824 0.000564 0.987570
0.010343 0.001851 0.000585 0.987222
0.010206 0.001842 0.000574 0.987378
0.007058 0.001264 0.000401 0.991278
0.010176 0.001822 0.000572 0.987430
0.006831 0.001238 0.000378 0.991553
0.006954 0.001251 0.000390 0.991405
0.010525 0.001906 0.000602 0.986966
0.007786 0.001407 0.000442 0.990365
0.009476 0.001706 0.000524 0.988294
0.006876 0.001244 0.000390 0.991490
0.010752 0.001926 0.000617 0.986706
0.010164 0.001842 0.000578 0.987416
0.010741 0.001919 0.000598 0.986742
0.006805 0.001231 0.000362 0.991602
0.010189 0.001824 0.000573 0.987414
0.006781 0.001217 0.000375 0.991627
0.006788 0.001216 0.000376 0.991620
0.006901 0.001250 0.000391 0.991457
0.006919 0.001262 0.000380 0.991439
0.008121 0.001466 0.000466 0.989947
0.010841 0.001959 0.000626 0.986574
0.010264 0.001856 0.000576 0.987304
0.010682 0.001928 0.000612 0.986779
