0.122238 0.067945 0.294124 0.515693
0.123927 0.077757 0.280383 0.517933
0.122859 0.070808 0.289407 0.516926
0.131278 0.083080 0.278200 0.507443
0.127405 0.080657 0.283462 0.508476
0.121921 0.071193 0.287884 0.519002
0.122491 0.072540 0.284343 0.520626
0.125416 0.080314 0.278459 0.515811
0.121393 0.075669 0.286305 0.516633
0.124837 0.078360 0.278850 0.517953
0.119341 0.067144 0.293467 0.520048
0.123539 0.074141 0.285975 0.516345
0.121656 0.066780 0.296275 0.515289
0.124142 0.078035 0.275281 0.522542
0.125056 0.078142 0.277333 0.519470
0.124471 0.072432 0.287855 0.515242
0.124608 0.075136 0.284052 0.516203
0.121647 0.070080 0.286407 0.521866
0.122613 0.070410 0.289636 0.517341
0.119898 0.068932 0.285837 0.525334
0.123408 0.070866 0.292157 0.513569
0.122715 0.071895 0.287066 0.518324
0.124961 0.080596 0.277354 0.517089
0.121439 0.070455 0.287281 0.520825
0.121415 0.070746 0.289304 0.518535
0.128639 0.085746 0.279366 0.506249
0.120137 0.066141 0.293414 0.520308
0.121269 0.068623 0.290905 0.519202
0.124754 0.072793 0.290921 0.511532
0.123654 0.070252 0.290658 0.515436
0.126578 0.079468 0.284643 0.509311
0.121695 0.070083 0.287960 0.520262
0.120892 0.070136 0.287457 0.521515
0.126760 0.072385 0.280113 0.520741
0.121397 0.071245 0.293680 0.513678
0.123286 0.077459 0.282340 0.516914
0.117113 0.073747 0.251974 0.557167
0.101555 0.048171 0.275702 0.574572
0.126343 0.081105 0.267784 0.524768
0.127602 0.083459 0.285500 0.503439
0.124212 0.077560 0.280591 0.517637
0.120341 0.064398 0.301489 0.513772
0.123154 0.070813 0.293802 0.512232
0.122446 0.071698 0.285786 0.520070
0.122103 0.071809 0.294884 0.511204
0.123054 0.071251 0.291628 0.514068
0.120324 0.065862 0.291498 0.522316
0.129912 0.085936 0.280384 0.503769
0.123418 0.071231 0.289771 0.515580
0.126357 0.082093 0.279429 0.512121
0.121522 0.069323 0.288871 0.520283
0.126693 0.078111 0.278744 0.516452
0.125508 0.082773 0.274077 0.517643
0.123473 0.072275 0.287493 0.516759
0.121326 0.066074 0.299389 0.513212
0.123869 0.077380 0.280399 0.518352
0.121881 0.070389 0.287093 0.520638
0.118974 0.077066 0.266426 0.537535
0.129423 0.084576 0.282999 0.503003
0.123811 0.070105 0.291324 0.514760
0.124396 0.072113 0.290577 0.512915
0.121496 0.069672 0.289723 0.519110
0.123456 0.070340 0.293903 0.512301
0.124120 0.073188 0.286279 0.516413
0.129469 0.082400 0.283459 0.504672
0.121360 0.069840 0.288671 0.520129
0.123388 0.072112 0.289056 0.515443
0.115839 0.065119 0.276325 0.542717
0.125576 0.079698 0.276532 0.518193
0.125056 0.078437 0.288431 0.508077
0.119158 0.066494 0.296745 0.517603
0.122635 0.071953 0.286811 0.518602
0.121531 0.066518 0.298312 0.513639
0.120670 0.066036 0.293763 0.519532
0.119616 0.065901 0.300023 0.514459
0.123270 0.070830 0.289601 0.516299
0.120526 0.065978 0.294009 0.519488
0.117307 0.066463 0.292900 0.523331
0.120332 0.069345 0.296363 0.513961
0.122717 0.068562 0.296476 0.512244
0.121785 0.067328 0.296114 0.514773
0.128572 0.084697 0.281142 0.505589
0.125261 0.081490 0.276939 0.516310
0.125147 0.073564 0.291720 0.509570
0.125467 0.079589 0.276542 0.518402
0.126479 0.079002 0.286503 0.508017
0.121034 0.071031 0.283888 0.524047
0.122346 0.070997 0.288062 0.518596
0.127130 0.079033 0.286139 0.507698
0.123639 0.080886 0.283235 0.512239
0.125418 0.079776 0.279979 0.514827
0.118157 0.064800 0.305847 0.511196
0.122214 0.071638 0.289995 0.516152
0.120504 0.067052 0.292344 0.520100
0.124307 0.073440 0.286226 0.516026
0.128121 0.085150 0.280034 0.506695
0.120444 0.068877 0.288377 0.522302
0.121366 0.067722 0.291952 0.518960
0.126836 0.081744 0.282755 0.508665
0.126690 0.078753 0.287155 0.507402
0.120109 0.070369 0.294394 0.515128
0.126594 0.079641 0.284373 0.509392
0.120279 0.066000 0.293297 0.520424
0.121511 0.071099 0.290447 0.516943
0.125833 0.077427 0.282152 0.514587
0.120552 0.066120 0.293181 0.520147
0.119169 0.069869 0.294254 0.516708
0.122315 0.069721 0.289783 0.518182
0.120229 0.065777 0.292919 0.521075
0.126006 0.080949 0.278378 0.514667
0.120925 0.069846 0.287249 0.521980
0.126397 0.079838 0.282665 0.511101
0.121958 0.070326 0.289982 0.517734
0.126005 0.086663 0.273127 0.514205
0.124293 0.072845 0.292667 0.510195
0.124577 0.071739 0.293768 0.509917
0.125799 0.079180 0.278219 0.516802
0.123847 0.077483 0.276345 0.522324
0.124050 0.073069 0.287929 0.514951
0.124601 0.073532 0.288922 0.512944
0.121379 0.069553 0.293802 0.515266
0.121597 0.070039 0.288786 0.519578
0.121153 0.067769 0.293845 0.517233
0.123057 0.071118 0.289407 0.516418
0.128318 0.081316 0.285880 0.504487
0.124626 0.077996 0.281728 0.515650
0.124075 0.072989 0.290015 0.512920
0.123388 0.072875 0.285827 0.517910
0.123900 0.079022 0.283994 0.513085
0.120783 0.066594 0.296464 0.516158
0.120806 0.070286 0.283763 0.525145
0.126128 0.078744 0.285030 0.510098
0.125267 0.079483 0.280748 0.514502
0.127204 0.084050 0.275988 0.512759
0.127124 0.082946 0.283629 0.506301
0.124668 0.078695 0.280799 0.515838
0.120000 0.064827 0.295314 0.519859
0.121489 0.068479 0.292249 0.517783
0.122857 0.070641 0.291313 0.515188
0.127233 0.079290 0.287697 0.505781
0.120974 0.069550 0.291881 0.517594
0.127067 0.083204 0.277046 0.512683
0.124489 0.072014 0.293206 0.510291
0.125153 0.076938 0.282765 0.515144
0.125044 0.080312 0.278312 0.516332
0.122812 0.070382 0.293178 0.513627
0.123267 0.071203 0.291232 0.514298
0.125201 0.079104 0.279792 0.515902
0.125495 0.079823 0.279704 0.514978
0.125385 0.081229 0.284849 0.508537
0.126020 0.083692 0.273962 0.516327
0.122421 0.069999 0.295575 0.512004
0.126147 0.080994 0.274264 0.518595
0.118885 0.065346 0.294302 0.521467
0.122097 0.070401 0.287763 0.519739
0.121863 0.066557 0.296560 0.515020
0.124840 0.078806 0.281105 0.515249
0.122996 0.070832 0.292334 0.513838
0.120110 0.070204 0.288088 0.521598
0.124568 0.077787 0.280674 0.516971
0.120757 0.066549 0.295305 0.517389
0.125513 0.081872 0.274086 0.518530
0.122567 0.070031 0.290387 0.517015
0.123719 0.072123 0.291506 0.512652
0.120673 0.069260 0.291050 0.519018
0.128885 0.083815 0.283528 0.503773
0.122846 0.069365 0.294275 0.513515
0.128096 0.080914 0.285604 0.505385
0.123198 0.070345 0.291234 0.515223
0.122422 0.071083 0.286850 0.519644
0.121019 0.069443 0.288488 0.521050
0.121370 0.069760 0.287344 0.521526
0.124169 0.078427 0.280264 0.517140
0.129680 0.085900 0.281843 0.502578
0.119186 0.067222 0.298482 0.515110
0.121669 0.075416 0.292986 0.509929
0.122729 0.069269 0.294923 0.513079
0.119795 0.067551 0.287487 0.525167
0.125750 0.080876 0.283717 0.509656
0.126822 0.079187 0.285963 0.508028
0.117520 0.064698 0.298954 0.518828
0.123370 0.073045 0.287921 0.515664
0.122263 0.068612 0.295180 0.513946
0.125341 0.079368 0.279522 0.515769
0.127351 0.080967 0.280192 0.511490
0.127205 0.082138 0.279210 0.511446
0.125872 0.081320 0.279080 0.513728
0.121276 0.071312 0.283891 0.523521
0.124920 0.080255 0.279390 0.515436
0.126893 0.082724 0.279835 0.510548
0.122830 0.070030 0.293053 0.514086
0.123885 0.075587 0.282500 0.518028
0.125248 0.077824 0.283883 0.513045
0.121951 0.072163 0.284752 0.521134
0.126183 0.080788 0.279627 0.513402
0.123692 0.072536 0.286810 0.516962
0.127818 0.087983 0.277642 0.506556
0.122167 0.069333 0.294315 0.514185
0.120105 0.063353 0.301673 0.514868
0.124358 0.076947 0.282244 0.516451
0.127982 0.084377 0.278108 0.509533
0.124728 0.079342 0.277468 0.518462
0.124759 0.076256 0.282991 0.515994
0.124814 0.075284 0.288101 0.511800
0.123274 0.071920 0.290479 0.514328
0.122211 0.070023 0.290742 0.517025
0.125102 0.078912 0.278268 0.517717
0.128346 0.081628 0.284999 0.505027
0.125387 0.081098 0.282686 0.510829
0.123060 0.070142 0.293283 0.513515
0.119694 0.065993 0.293096 0.521217
0.121933 0.069967 0.290576 0.517525
0.123370 0.070742 0.292581 0.513308
0.127272 0.081450 0.284382 0.506896
0.124546 0.081283 0.275800 0.518372
0.121478 0.069192 0.292464 0.516866
0.121869 0.069938 0.289727 0.518465
0.127693 0.082474 0.282181 0.507652
0.127218 0.078339 0.287641 0.506802
0.126452 0.081138 0.287803 0.504607
0.123529 0.079630 0.273936 0.522905
0.120817 0.066202 0.295109 0.517873
0.126776 0.081196 0.281512 0.510516
0.123021 0.076607 0.278361 0.522011
0.122024 0.071587 0.283131 0.523257
0.125054 0.079862 0.278894 0.516191
0.124778 0.073499 0.291134 0.510589
0.127967 0.082605 0.281843 0.507585
0.127196 0.081608 0.282443 0.508753
0.125382 0.081329 0.270784 0.522504
0.123102 0.072325 0.291292 0.513281
0.128409 0.082538 0.284072 0.504981
0.123570 0.072781 0.287774 0.515876
0.123221 0.073080 0.287398 0.516302
0.121071 0.069196 0.289662 0.520071
0.120091 0.068811 0.285958 0.525139
0.124932 0.077811 0.280681 0.516576
0.128154 0.086281 0.274800 0.510766
0.127239 0.081469 0.284813 0.506479
0.121183 0.067272 0.294048 0.517498
0.127045 0.084523 0.276226 0.512206
0.125898 0.082833 0.274222 0.517047
0.128297 0.080233 0.270416 0.521054
0.125386 0.082912 0.291021 0.500681
0.124279 0.074287 0.292287 0.509147
0.121959 0.068340 0.296102 0.513599
0.124111 0.072570 0.291047 0.512272
0.124029 0.077094 0.280660 0.518217
0.124254 0.078669 0.284812 0.512265
0.128197 0.082696 0.284151 0.504956
0.123328 0.070707 0.291860 0.514104
0.121478 0.069836 0.289890 0.518796
0.122086 0.070207 0.289356 0.518350
0.127713 0.080247 0.285488 0.506553
0.126597 0.079871 0.287547 0.505985
0.127539 0.084630 0.274996 0.512836
0.119271 0.066683 0.295524 0.518522
0.121495 0.069620 0.289895 0.518990
0.119869 0.065562 0.292577 0.521992
0.127037 0.080790 0.282057 0.510116
0.125381 0.083098 0.274794 0.516726
0.121331 0.070216 0.286465 0.521988
0.123551 0.073045 0.288287 0.515117
0.127397 0.080656 0.285015 0.506932
0.127801 0.082637 0.281453 0.508109
0.124098 0.079176 0.285474 0.511252
0.127150 0.080423 0.284704 0.507723
0.121365 0.068284 0.291778 0.518572
0.123388 0.072920 0.285569 0.518123
0.125438 0.080558 0.285352 0.508652
0.120843 0.069360 0.288352 0.521445
0.119395 0.066465 0.288869 0.525271
0.127330 0.079657 0.286507 0.506506
0.126941 0.080520 0.285691 0.506848
0.125148 0.079691 0.278904 0.516257
0.120620 0.067583 0.293625 0.518172
0.128656 0.085077 0.280891 0.505376
0.122221 0.071841 0.293666 0.512272
0.122443 0.078056 0.279283 0.520218
0.123026 0.069354 0.295278 0.512342
0.119372 0.067204 0.288819 0.524605
0.122383 0.071003 0.288683 0.517931
0.125301 0.082143 0.276655 0.515900
0.127551 0.080498 0.284413 0.507539
0.124050 0.075677 0.278050 0.522223
0.124013 0.079134 0.280227 0.516626
0.129129 0.086468 0.280551 0.503852
0.125087 0.073792 0.286710 0.514411
0.122551 0.068751 0.295502 0.513196
0.125762 0.078762 0.291049 0.504427
0.120979 0.070278 0.285409 0.523334
0.125677 0.073133 0.290291 0.510898
0.123044 0.071150 0.286259 0.519547
0.125275 0.079394 0.281064 0.514267
0.122742 0.070947 0.291527 0.514784
0.122771 0.070987 0.290496 0.515746
0.125250 0.078873 0.280936 0.514940
0.128080 0.085995 0.276768 0.509158
0.126552 0.081799 0.279257 0.512392
0.125527 0.076659 0.288934 0.508880
0.121465 0.071086 0.284730 0.522719
0.127011 0.081023 0.283320 0.508646
0.124298 0.077380 0.280726 0.517596
0.122889 0.077487 0.284592 0.515032
0.125288 0.080412 0.278801 0.515499
0.123515 0.071627 0.292033 0.512825
0.124712 0.079563 0.285331 0.510394
0.127149 0.081761 0.282276 0.508814
0.118977 0.067381 0.293264 0.520378
0.127769 0.081767 0.283643 0.506820
0.119304 0.065113 0.289869 0.525715
0.129215 0.083634 0.284903 0.502248
0.122563 0.070606 0.291171 0.515660
0.123066 0.070609 0.291875 0.514450
0.121047 0.069231 0.287951 0.521770
0.127565 0.084149 0.277728 0.510558
0.120690 0.066476 0.295982 0.516851
0.119220 0.067368 0.293522 0.519890
0.125862 0.077708 0.284174 0.512256
0.120262 0.065966 0.296403 0.517369
0.118752 0.070814 0.291584 0.518850
0.127882 0.083772 0.279885 0.508461
0.120693 0.067484 0.291363 0.520460
0.125273 0.079672 0.288121 0.506934
0.122390 0.070204 0.291186 0.516220
0.123153 0.069944 0.293497 0.513406
0.129989 0.086026 0.281633 0.502352
0.124021 0.071583 0.288758 0.515637
0.124455 0.076142 0.282753 0.516649
0.124085 0.072973 0.294449 0.508493
0.122726 0.072406 0.290628 0.514239
0.117617 0.064410 0.289545 0.528429
0.123623 0.072630 0.287489 0.516258
0.123077 0.078213 0.288373 0.510337
0.126548 0.081512 0.280745 0.511194
0.122183 0.068129 0.295206 0.514481
0.127001 0.080553 0.283400 0.509045
0.125760 0.078578 0.284911 0.510751
0.121962 0.071172 0.284728 0.522137
0.124222 0.078105 0.277988 0.519685
0.127176 0.080600 0.283996 0.508229
0.120883 0.069260 0.296146 0.513712
0.126624 0.080116 0.285745 0.507515
0.120650 0.068680 0.288613 0.522057
0.125240 0.080029 0.278605 0.516126
0.127595 0.082906 0.280219 0.509280
0.126553 0.084505 0.273876 0.515066
0.125573 0.080455 0.280084 0.513888
0.120550 0.064595 0.298925 0.515930
0.120478 0.068312 0.297239 0.513971
0.125007 0.077182 0.283864 0.513947
0.122198 0.067631 0.293952 0.516220
0.127022 0.086820 0.284168 0.501991
0.121882 0.069940 0.289608 0.518570
0.121850 0.067913 0.298770 0.511467
0.126381 0.079747 0.287563 0.506309
0.121337 0.067752 0.295416 0.515495
0.123927 0.071020 0.292999 0.512055
0.121717 0.070536 0.286490 0.521257
0.122632 0.076651 0.278883 0.521834
0.121759 0.069805 0.288756 0.519679
0.123361 0.078217 0.279020 0.519402
0.126550 0.079665 0.286421 0.507364
0.121567 0.068905 0.290449 0.519080
0.126524 0.084310 0.273176 0.515990
0.126080 0.082231 0.278015 0.513674
0.124738 0.078342 0.283947 0.512973
0.124268 0.079428 0.275986 0.520319
0.122698 0.068323 0.294497 0.514481
0.121310 0.069439 0.287571 0.521680
0.119784 0.068498 0.286142 0.525576
0.121625 0.069784 0.285694 0.522897
0.125507 0.079538 0.282494 0.512461
0.126257 0.079995 0.280183 0.513565
0.123737 0.075297 0.287889 0.513077
0.123906 0.071793 0.290543 0.513759
0.121920 0.066827 0.296847 0.514406
0.123884 0.071716 0.290905 0.513495
0.127704 0.080593 0.286268 0.505435
0.121663 0.069903 0.288653 0.519781
0.121278 0.071401 0.289437 0.517884
0.121563 0.069706 0.290323 0.518408
0.121257 0.066519 0.295981 0.516244
0.121016 0.066719 0.296286 0.515979
0.120369 0.069634 0.284070 0.525927
0.124268 0.078177 0.287262 0.510293
0.129152 0.085109 0.283351 0.502388
0.121407 0.069959 0.289061 0.519573
0.127136 0.079093 0.286522 0.507248
0.124429 0.076918 0.283064 0.515589
0.124574 0.079299 0.275858 0.520269
0.123709 0.078524 0.288941 0.508825
0.127203 0.081213 0.282852 0.508731
0.121577 0.070425 0.287890 0.520108
0.122946 0.073479 0.282784 0.520791
0.124179 0.077649 0.282216 0.515957
0.125433 0.079251 0.281073 0.514243
0.121507 0.073338 0.289089 0.516066
0.128819 0.082803 0.282623 0.505755
0.122727 0.069120 0.293568 0.514585
0.122341 0.071981 0.283783 0.521896
0.125247 0.073388 0.290568 0.510797
0.125457 0.080674 0.291092 0.502777
0.121058 0.069787 0.287720 0.521435
0.117888 0.065528 0.298124 0.518460
0.121618 0.071648 0.290918 0.515816
0.121575 0.068568 0.293651 0.516206
0.121799 0.066906 0.294853 0.516443
0.128569 0.085424 0.278466 0.507541
0.124674 0.078664 0.288717 0.507945
0.120993 0.067660 0.291281 0.520066
0.122613 0.068506 0.293087 0.515793
0.120268 0.066219 0.293682 0.519831
0.120252 0.069215 0.291442 0.519092
0.121705 0.069345 0.290693 0.518256
0.121729 0.067600 0.295492 0.515178
0.126441 0.080305 0.279454 0.513800
0.127698 0.082172 0.279948 0.510182
0.124707 0.079474 0.278110 0.517708
0.119975 0.067823 0.288546 0.523656
0.121343 0.072046 0.283085 0.523525
0.127251 0.079987 0.287346 0.505416
0.123650 0.072556 0.290559 0.513235
0.124164 0.074756 0.284849 0.516231
0.129009 0.080716 0.280919 0.509356
0.124294 0.077828 0.287192 0.510687
0.123760 0.073287 0.287182 0.515771
0.123959 0.072434 0.290870 0.512738
0.121936 0.069635 0.291465 0.516964
0.122018 0.070498 0.289009 0.518475
0.121203 0.069566 0.296047 0.513185
0.126875 0.083734 0.279074 0.510317
0.122280 0.069053 0.292878 0.515790
0.125076 0.076316 0.286538 0.512070
0.123929 0.079404 0.286524 0.510144
0.127885 0.080393 0.280585 0.511137
0.121449 0.068622 0.291915 0.518015
0.127145 0.086219 0.276722 0.509914
0.122674 0.070453 0.291545 0.515328
0.121151 0.069900 0.291881 0.517067
0.126849 0.079177 0.286919 0.507055
0.121387 0.068067 0.291869 0.518678
0.125900 0.081580 0.278124 0.514396
0.123880 0.078688 0.285542 0.511891
0.124760 0.074046 0.290552 0.510642
0.121406 0.069634 0.295035 0.513925
0.124278 0.078083 0.286894 0.510745
0.123305 0.070474 0.292255 0.513967
0.122661 0.071343 0.287455 0.518541
0.122728 0.070992 0.289242 0.517037
0.125630 0.079156 0.284991 0.510223
0.120519 0.068956 0.295447 0.515078
0.120535 0.071261 0.298211 0.509993
0.118276 0.066821 0.298587 0.516316
0.120172 0.066988 0.291982 0.520858
0.120213 0.066292 0.292365 0.521130
0.127250 0.079570 0.280775 0.512405
0.125158 0.078105 0.281983 0.514754
0.123454 0.072559 0.286893 0.517094
0.122362 0.071754 0.283073 0.522810
0.124911 0.078440 0.282561 0.514089
0.120794 0.067716 0.296694 0.514796
0.122000 0.069079 0.293836 0.515084
0.120337 0.067158 0.296342 0.516163
0.120900 0.069593 0.287390 0.522117
0.119994 0.066971 0.290245 0.522790
0.126595 0.080202 0.285741 0.507462
0.125133 0.078816 0.280533 0.515518
0.124009 0.072845 0.287576 0.515570
0.120067 0.071162 0.288093 0.520677
0.123682 0.071885 0.293061 0.511372
0.122787 0.070569 0.287410 0.519234
0.126504 0.083677 0.275663 0.514155
0.126507 0.079477 0.285160 0.508857
0.122458 0.069205 0.294611 0.513727
0.122061 0.071680 0.286464 0.519795
0.125748 0.081125 0.278850 0.514277
0.120675 0.066388 0.293215 0.519723
0.123605 0.074509 0.285243 0.516643
0.122398 0.070253 0.291877 0.515473
0.125192 0.079966 0.280903 0.513939
0.122671 0.071515 0.288333 0.517481
0.120968 0.072847 0.289580 0.516605
0.126672 0.079044 0.285652 0.508631
0.120686 0.067922 0.292090 0.519302
0.124812 0.080359 0.275394 0.519434
0.120219 0.065969 0.292196 0.521616
0.127953 0.081627 0.284183 0.506237
0.120640 0.069389 0.284739 0.525232
0.127247 0.082632 0.277896 0.512225
0.122180 0.067705 0.294855 0.515259
0.121263 0.070695 0.291420 0.516622
0.121831 0.069849 0.289867 0.518453
0.119504 0.065298 0.289729 0.525469
0.122801 0.076045 0.284076 0.517078
0.123309 0.071101 0.292086 0.513505
0.122807 0.069887 0.291800 0.515506
0.128480 0.083328 0.281390 0.506802
0.122538 0.069540 0.291469 0.516453
0.123264 0.076835 0.278251 0.521650
0.122009 0.070080 0.289698 0.518213
0.125558 0.081571 0.273874 0.518998
0.122843 0.072185 0.292017 0.512955
0.123692 0.073269 0.288135 0.514905
0.119025 0.069619 0.296158 0.515198
0.124216 0.078599 0.279297 0.517887
0.124235 0.068631 0.286331 0.520803
0.124089 0.079576 0.283217 0.513118
0.126523 0.081167 0.278546 0.513764
0.120468 0.068436 0.286599 0.524497
0.125841 0.080680 0.280911 0.512568
0.126114 0.077825 0.283557 0.512503
0.127524 0.087207 0.279291 0.505977
0.125600 0.080742 0.278304 0.515353
0.120420 0.066365 0.294192 0.519023
0.122948 0.072818 0.284573 0.519661
0.126258 0.079018 0.290069 0.504655
0.120862 0.069454 0.287270 0.522414
0.121233 0.067551 0.291697 0.519520
0.118749 0.067147 0.293216 0.520888
0.126707 0.082796 0.279224 0.511272
0.120741 0.066790 0.293693 0.518776
0.123749 0.076507 0.282711 0.517034
0.125830 0.077637 0.290357 0.506177
0.123188 0.073598 0.285575 0.517639
0.125148 0.075235 0.284516 0.515101
0.127572 0.084085 0.281942 0.506400
0.120588 0.069496 0.294337 0.515579
0.123523 0.071045 0.293562 0.511871
0.120942 0.066259 0.296401 0.516398
0.121390 0.069953 0.285170 0.523486
0.127241 0.079399 0.286811 0.506549
0.121700 0.070202 0.285807 0.522291
0.125597 0.081794 0.281833 0.510777
0.122468 0.070459 0.292229 0.514844
0.121768 0.069333 0.291131 0.517768
0.126030 0.078656 0.283877 0.511437
0.128315 0.081540 0.283544 0.506601
0.125281 0.080884 0.274975 0.518860
0.123543 0.078653 0.287497 0.510307
0.123299 0.072292 0.282591 0.521818
0.122525 0.069110 0.292746 0.515619
0.123016 0.071023 0.292864 0.513098
0.119398 0.068722 0.295017 0.516863
0.129126 0.085237 0.282528 0.503108
0.120958 0.066586 0.295666 0.516790
0.124268 0.075731 0.284705 0.515297
0.128069 0.081700 0.285016 0.505215
0.123861 0.073105 0.288225 0.514809
0.122047 0.076515 0.284180 0.517258
0.125548 0.073963 0.291969 0.508520
0.122672 0.071172 0.287308 0.518849
0.125957 0.080013 0.282856 0.511173
0.123695 0.071309 0.291300 0.513696
0.130092 0.087062 0.279312 0.503534
0.126030 0.078907 0.285623 0.509440
0.123559 0.070102 0.294396 0.511944
0.127572 0.085252 0.275669 0.511507
0.126268 0.078821 0.285887 0.509024
0.119996 0.067663 0.297112 0.515228
0.125614 0.080073 0.290299 0.504015
0.121991 0.068602 0.295764 0.513643
0.121058 0.069041 0.288502 0.521399
0.127847 0.083806 0.281115 0.507232
0.126814 0.080264 0.285204 0.507719
0.124636 0.077385 0.281018 0.516961
0.128214 0.083029 0.281791 0.506966
0.127519 0.081418 0.282840 0.508223
0.125422 0.083981 0.271796 0.518801
0.126334 0.080696 0.280963 0.512006
0.124458 0.076288 0.287101 0.512152
0.124795 0.079922 0.278510 0.516773
0.122487 0.072520 0.284919 0.520074
0.126281 0.081575 0.277454 0.514690
0.125885 0.082222 0.276658 0.515235
0.125578 0.080051 0.278605 0.515765
0.124634 0.079338 0.277893 0.518134
0.127188 0.081595 0.283562 0.507655
0.121613 0.070596 0.286104 0.521687
0.125651 0.080761 0.280765 0.512823
0.125064 0.077655 0.283115 0.514166
0.121255 0.068062 0.294750 0.515933
0.122473 0.072228 0.287328 0.517972
0.124171 0.071603 0.293154 0.511072
0.123607 0.076544 0.287426 0.512422
0.125048 0.078435 0.281552 0.514964
0.122081 0.068818 0.287376 0.521726
0.125266 0.079503 0.279277 0.515953
0.121472 0.069881 0.288520 0.520127
0.119229 0.068606 0.291645 0.520520
0.122883 0.071936 0.289495 0.515686
0.115964 0.063946 0.300693 0.519397
0.125308 0.079287 0.280488 0.514917
0.121628 0.067941 0.293577 0.516855
0.126571 0.082961 0.279815 0.510653
0.124496 0.077708 0.278443 0.519353
0.121034 0.068175 0.295858 0.514933
0.122490 0.072579 0.282516 0.522415
0.120918 0.066206 0.296439 0.516437
0.121873 0.070226 0.290223 0.517678
0.122823 0.072081 0.288117 0.516979
0.126039 0.077899 0.285497 0.510565
0.125387 0.078533 0.280660 0.515420
0.124574 0.078497 0.278446 0.518483
0.125487 0.081773 0.280553 0.512187
0.122985 0.071790 0.289701 0.515523
0.119256 0.066372 0.290477 0.523895
0.120575 0.069529 0.285058 0.524838
0.126492 0.078959 0.285713 0.508835
0.127460 0.080628 0.283394 0.508518
0.125467 0.080098 0.276741 0.517693
0.126557 0.080463 0.283363 0.509617
0.122991 0.072891 0.287418 0.516700
0.122977 0.072431 0.287323 0.517269
0.123271 0.076725 0.283363 0.516641
0.128477 0.083875 0.283132 0.504516
0.121643 0.068932 0.293046 0.516380
0.122000 0.069614 0.290050 0.518337
0.125567 0.077725 0.288169 0.508539
0.124558 0.078054 0.281799 0.515588
0.122962 0.073678 0.283782 0.519578
0.124409 0.078960 0.288592 0.508039
0.128954 0.086599 0.277125 0.507323
0.119617 0.066082 0.290608 0.523693
0.121069 0.067863 0.298720 0.512348
0.122721 0.077051 0.287048 0.513180
0.121510 0.066983 0.295925 0.515582
0.121880 0.069384 0.287574 0.521162
0.125327 0.081612 0.276646 0.516416
0.121676 0.067899 0.296194 0.514231
0.123428 0.069357 0.280362 0.526853
0.126726 0.081926 0.285172 0.506176
0.126866 0.082412 0.276184 0.514538
0.121776 0.068035 0.291156 0.519033
0.123483 0.077356 0.280463 0.518698
0.125090 0.077185 0.283245 0.514481
0.123130 0.071632 0.291780 0.513457
0.127925 0.074038 0.283239 0.514798
0.118321 0.067824 0.292947 0.520907
0.127967 0.082524 0.283547 0.505962
0.120090 0.067380 0.299994 0.512536
0.123262 0.080509 0.276314 0.519915
0.120041 0.065342 0.301104 0.513513
0.119051 0.066028 0.298420 0.516501
0.121408 0.067782 0.292296 0.518514
0.122830 0.069183 0.295922 0.512065
0.123317 0.080813 0.275715 0.520156
0.116590 0.064086 0.298849 0.520475
0.121830 0.066252 0.295434 0.516484
0.120381 0.067342 0.290448 0.521830
0.125655 0.079457 0.283354 0.511534
0.124169 0.071904 0.290412 0.513515
0.126166 0.084211 0.273221 0.516401
0.125883 0.078835 0.283262 0.512021
0.123132 0.069968 0.293082 0.513818
0.126284 0.080139 0.280393 0.513184
0.122239 0.070768 0.288626 0.518367
0.121671 0.071410 0.284813 0.522105
0.124853 0.078756 0.281474 0.514917
0.123517 0.071169 0.291447 0.513866
0.124627 0.078620 0.285956 0.510797
0.125874 0.078651 0.282575 0.512899
0.121261 0.068476 0.291006 0.519258
0.123800 0.073734 0.293350 0.509116
0.123782 0.077647 0.280789 0.517781
0.120581 0.066862 0.299167 0.513390
0.125273 0.076214 0.287583 0.510930
0.119779 0.065874 0.293380 0.520967
0.121722 0.069774 0.289438 0.519066
0.125044 0.079038 0.280524 0.515394
0.125293 0.079325 0.280551 0.514830
0.127548 0.081783 0.281940 0.508729
0.125373 0.082190 0.272136 0.520301
0.125455 0.083583 0.273759 0.517203
0.120918 0.070016 0.292939 0.516127
0.126576 0.081832 0.280077 0.511515
0.119015 0.066793 0.294682 0.519510
0.125338 0.078007 0.285591 0.511064
0.121377 0.069406 0.291320 0.517897
0.122046 0.072862 0.294816 0.510276
0.123251 0.072261 0.285946 0.518542
0.120618 0.066789 0.292356 0.520237
0.123064 0.070969 0.292488 0.513479
0.121075 0.069351 0.292056 0.517518
0.126454 0.079641 0.288123 0.505782
0.119692 0.065927 0.292952 0.521429
0.124943 0.075793 0.283797 0.515468
0.123671 0.076089 0.295588 0.504652
0.121391 0.069960 0.285897 0.522751
0.121937 0.068467 0.294677 0.514919
0.122255 0.069298 0.293494 0.514954
0.121660 0.069781 0.288789 0.519771
0.122632 0.080110 0.286031 0.511227
0.123709 0.070963 0.293172 0.512155
0.120131 0.067293 0.295583 0.516992
0.126353 0.081498 0.278955 0.513195
0.121982 0.066663 0.295906 0.515449
0.127389 0.080040 0.285689 0.506881
0.121103 0.069701 0.286403 0.522794
0.126608 0.081334 0.281214 0.510845
0.120732 0.067178 0.291102 0.520988
0.126697 0.081317 0.280080 0.511906
0.122966 0.070720 0.290195 0.516119
0.128057 0.082692 0.285066 0.504184
0.118584 0.068030 0.291773 0.521613
0.124789 0.075003 0.287017 0.513190
0.121943 0.068656 0.292053 0.517348
0.124938 0.078417 0.284275 0.512370
0.121910 0.070201 0.293782 0.514108
0.122136 0.069295 0.293444 0.515125
0.120905 0.067602 0.291771 0.519722
0.128135 0.081270 0.285236 0.505360
0.123659 0.077492 0.278025 0.520823
0.125813 0.082677 0.277153 0.514358
0.122851 0.072601 0.286567 0.517982
0.126235 0.078849 0.284498 0.510417
0.123196 0.076768 0.279102 0.520934
0.125874 0.081851 0.274786 0.517489
0.128371 0.087020 0.273926 0.510683
0.126075 0.082588 0.281739 0.509598
0.122286 0.069892 0.288043 0.519779
0.129411 0.085429 0.282489 0.502671
0.122017 0.070193 0.292080 0.515710
0.124374 0.071590 0.292371 0.511665
0.128368 0.082454 0.281912 0.507265
0.125280 0.079693 0.279782 0.515244
0.119140 0.067945 0.292195 0.520720
0.117779 0.068349 0.294020 0.519853
0.122940 0.070110 0.294513 0.512437
0.121977 0.069277 0.290684 0.518061
0.126512 0.079925 0.283739 0.509823
0.126855 0.081364 0.280748 0.511033
0.124924 0.078701 0.288801 0.507574
0.124222 0.078571 0.278379 0.518828
0.121018 0.070169 0.291357 0.517456
0.125053 0.080373 0.280539 0.514035
0.120949 0.066503 0.296854 0.515693
0.122940 0.072761 0.286820 0.517480
0.124615 0.077494 0.282650 0.515241
0.124752 0.078893 0.283315 0.513041
0.127243 0.084848 0.275375 0.512534
0.123526 0.070812 0.290502 0.515160
0.124147 0.080380 0.279349 0.516124
0.121679 0.069694 0.296518 0.512110
0.121496 0.067025 0.297202 0.514277
0.121533 0.066735 0.296431 0.515301
0.126166 0.080048 0.280860 0.512925
0.128149 0.081575 0.286007 0.504270
0.122815 0.072191 0.289680 0.515314
0.127113 0.080479 0.284728 0.507680
0.122924 0.072161 0.287450 0.517464
0.126929 0.081705 0.281879 0.509487
0.122118 0.070257 0.290045 0.517580
0.127935 0.083131 0.278967 0.509968
0.125261 0.078182 0.287238 0.509320
0.126696 0.080139 0.283844 0.509321
0.119866 0.068297 0.299158 0.512679
0.126282 0.081911 0.281386 0.510420
0.119810 0.065800 0.293144 0.521247
0.120523 0.067464 0.292858 0.519154
0.121454 0.069747 0.287304 0.521495
0.125301 0.078137 0.284252 0.512309
0.127775 0.082186 0.281660 0.508379
0.123064 0.080602 0.283479 0.512855
0.122839 0.077181 0.287477 0.512503
0.119219 0.064182 0.296029 0.520570
0.121811 0.068708 0.292126 0.517355
0.122915 0.076077 0.289488 0.511520
0.127333 0.085503 0.282574 0.504590
0.122504 0.070381 0.292097 0.515017
0.122685 0.070504 0.291723 0.515087
0.127428 0.080707 0.283277 0.508588
0.127254 0.082487 0.275833 0.514425
0.125067 0.079290 0.281001 0.514643
0.118680 0.064582 0.303923 0.512815
0.121786 0.071800 0.284989 0.521425
0.121622 0.068533 0.292193 0.517652
0.127314 0.080761 0.283336 0.508589
0.128288 0.083689 0.283951 0.504071
0.127880 0.081455 0.285194 0.505472
0.122427 0.071809 0.288665 0.517099
0.126611 0.081621 0.280787 0.510981
0.124178 0.072811 0.290590 0.512421
0.123869 0.078801 0.286169 0.511161
0.124824 0.077818 0.282095 0.515264
0.123681 0.072016 0.290990 0.513313
0.129812 0.085947 0.277228 0.507013
0.125235 0.078177 0.289537 0.507051
0.128984 0.083178 0.280278 0.507560
0.123232 0.069767 0.293156 0.513846
0.124778 0.074674 0.291115 0.509433
0.120684 0.068780 0.300156 0.510380
0.120061 0.066046 0.296195 0.517697
0.121109 0.066905 0.296596 0.515391
0.121088 0.071359 0.282957 0.524595
0.126755 0.082790 0.277027 0.513427
0.128226 0.083565 0.282034 0.506176
0.127338 0.082873 0.282384 0.507405
0.125362 0.077455 0.288436 0.508747
0.124673 0.079334 0.280106 0.515886
0.126285 0.082159 0.276479 0.515077
0.126490 0.082593 0.278243 0.512675
0.125183 0.078939 0.277849 0.518030
0.127705 0.081447 0.286412 0.504436
0.121180 0.071702 0.282281 0.524837
0.127078 0.078946 0.287835 0.506141
0.124009 0.076433 0.280507 0.519051
0.126717 0.081050 0.280667 0.511565
0.125538 0.080635 0.280531 0.513296
0.121919 0.072320 0.289551 0.516210
0.118354 0.066512 0.294586 0.520547
0.121165 0.066656 0.295449 0.516730
0.122114 0.068996 0.291245 0.517645
0.126437 0.081601 0.281137 0.510825
0.121749 0.070245 0.294487 0.513518
0.125638 0.083354 0.283910 0.507098
0.118718 0.065197 0.297497 0.518588
0.120581 0.066407 0.299521 0.513491
0.121473 0.070175 0.292615 0.515737
0.120225 0.068010 0.301817 0.509948
0.121201 0.066459 0.297416 0.514924
0.121486 0.069574 0.294323 0.514617
0.120523 0.070953 0.297893 0.510632
0.118454 0.066244 0.294852 0.520450
0.120755 0.067100 0.294307 0.517838
0.119817 0.066035 0.291515 0.522633
0.126337 0.079147 0.284708 0.509808
0.128332 0.082095 0.284023 0.505550
0.127621 0.081321 0.284308 0.506750
0.127087 0.081470 0.284538 0.506906
0.126580 0.081239 0.277635 0.514545
0.122283 0.068265 0.293196 0.516257
0.123519 0.074044 0.287554 0.514882
0.120655 0.069440 0.293671 0.516234
0.120588 0.065871 0.296811 0.516730
0.122037 0.068008 0.293840 0.516115
0.122548 0.076792 0.286223 0.514437
0.125735 0.079735 0.280552 0.513978
0.120819 0.068138 0.292952 0.518091
0.125856 0.081067 0.279530 0.513547
0.122903 0.072036 0.295718 0.509343
0.125411 0.082565 0.284920 0.507105
0.120219 0.067708 0.293225 0.518848
0.121941 0.069935 0.294805 0.513319
0.122382 0.069512 0.294698 0.513408
0.120822 0.066592 0.295400 0.517186
0.123324 0.071854 0.291829 0.512993
0.121890 0.070088 0.288959 0.519063
0.125677 0.077423 0.284504 0.512396
0.123352 0.077106 0.283089 0.516452
0.126358 0.084855 0.274975 0.513812
0.121204 0.068455 0.293032 0.517309
0.127774 0.081959 0.284505 0.505762
0.124893 0.077940 0.282507 0.514660
0.125335 0.078788 0.280503 0.515374
0.128367 0.085110 0.280305 0.506218
0.127375 0.083810 0.280467 0.508348
0.118555 0.064331 0.294072 0.523042
0.122693 0.069157 0.290442 0.517708
0.121409 0.074371 0.290024 0.514197
0.121615 0.069945 0.287890 0.520551
0.122466 0.070495 0.288447 0.518592
0.124346 0.077602 0.281845 0.516207
0.122333 0.072088 0.286227 0.519352
0.129525 0.082363 0.265320 0.522792
0.124864 0.081123 0.288841 0.505172
0.126271 0.081288 0.277077 0.515363
0.119540 0.066257 0.301562 0.512641
0.120904 0.072188 0.289141 0.517768
0.120784 0.067073 0.292025 0.520118
0.125160 0.074014 0.289975 0.510851
0.125192 0.079495 0.278338 0.516974
0.120414 0.069152 0.292057 0.518376
0.122388 0.072138 0.284257 0.521218
0.121390 0.066428 0.294116 0.518066
0.126286 0.079073 0.287512 0.507129
0.125610 0.072516 0.283176 0.518698
0.123514 0.074542 0.292007 0.509937
0.126800 0.079962 0.282671 0.510567
0.123496 0.068657 0.293984 0.513863
0.125725 0.081939 0.274396 0.517939
0.125773 0.077667 0.284402 0.512158
0.122278 0.071911 0.288008 0.517803
0.121012 0.069162 0.288257 0.521569
0.123944 0.076371 0.281749 0.517936
0.129277 0.085518 0.281032 0.504173
0.124855 0.080465 0.281322 0.513358
0.126628 0.079712 0.285674 0.507986
0.121445 0.067776 0.293988 0.516790
0.127615 0.080707 0.283725 0.507954
0.125247 0.078042 0.281352 0.515359
0.126123 0.082015 0.279708 0.512155
0.124394 0.075000 0.285214 0.515391
0.121456 0.069155 0.298753 0.510635
0.122052 0.070501 0.294269 0.513178
0.120758 0.066084 0.296740 0.516418
0.120959 0.067295 0.293397 0.518349
0.125977 0.081078 0.277651 0.515294
0.125497 0.079621 0.278367 0.516516
0.125261 0.081212 0.275176 0.518350
0.122941 0.072187 0.286894 0.517979
0.123340 0.071415 0.290879 0.514366
0.121483 0.069566 0.294478 0.514473
0.125152 0.078136 0.281955 0.514758
0.121019 0.066616 0.291765 0.520600
0.125461 0.080136 0.289425 0.504978
0.121639 0.070055 0.294423 0.513883
0.120861 0.070786 0.283899 0.524454
0.119581 0.065608 0.293844 0.520968
0.122231 0.070595 0.287561 0.519613
0.125961 0.079780 0.286301 0.507958
0.124809 0.078320 0.286158 0.510712
0.121038 0.066870 0.295582 0.516510
0.120613 0.066933 0.294843 0.517611
0.120329 0.069135 0.283148 0.527388
0.127154 0.083931 0.275124 0.513791
0.126820 0.081941 0.287577 0.503662
0.121245 0.069043 0.293010 0.516701
0.118294 0.064611 0.291370 0.525725
0.124850 0.077829 0.281170 0.516151
0.123050 0.078381 0.275860 0.522710
0.125242 0.081805 0.273158 0.519795
0.126031 0.083288 0.272526 0.518154
0.127534 0.083448 0.281702 0.507315
0.120932 0.069221 0.287927 0.521920
0.128500 0.078538 0.273792 0.519170
0.124765 0.078362 0.290550 0.506323
0.126384 0.081466 0.278382 0.513768
0.121983 0.069505 0.289649 0.518862
0.126979 0.081534 0.281408 0.510079
0.120715 0.068776 0.292481 0.518029
0.121894 0.071522 0.285826 0.520757
0.121299 0.070926 0.291022 0.516754
0.126944 0.079438 0.286160 0.507458
0.119002 0.065532 0.295659 0.519806
0.127667 0.088249 0.276604 0.507480
0.119162 0.065512 0.293220 0.522107
0.119495 0.062235 0.301364 0.516906
0.122128 0.075524 0.280126 0.522221
0.124686 0.078298 0.279452 0.517564
0.122503 0.069108 0.292357 0.516032
0.120082 0.070904 0.296592 0.512422
0.121588 0.069203 0.291747 0.517462
0.121603 0.068009 0.292474 0.517914
0.125583 0.079225 0.279444 0.515747
0.130623 0.086993 0.269622 0.512762
0.124304 0.081584 0.292101 0.502012
0.124138 0.071079 0.295493 0.509290
0.118158 0.068646 0.295590 0.517606
0.122826 0.070393 0.292506 0.514275
0.120414 0.066879 0.292797 0.519910
0.127951 0.081455 0.284153 0.506441
0.128102 0.081389 0.284848 0.505661
0.127505 0.082005 0.283521 0.506969
0.125662 0.075932 0.287890 0.510517
0.124534 0.080398 0.287479 0.507589
0.125168 0.079002 0.281362 0.514468
0.122500 0.069141 0.288252 0.520107
0.125683 0.075441 0.288644 0.510231
0.127180 0.082080 0.282721 0.508019
0.122915 0.070661 0.291701 0.514722
0.125896 0.079449 0.282994 0.511661
0.122260 0.077309 0.272203 0.528228
0.126197 0.084002 0.285585 0.504216
0.125657 0.081192 0.282847 0.510304
0.117229 0.063304 0.295996 0.523471
0.121327 0.067632 0.295352 0.515689
0.121040 0.067336 0.294400 0.517225
0.125677 0.079227 0.280958 0.514137
0.131571 0.082375 0.278341 0.507714
0.122895 0.081759 0.286886 0.508460
0.125875 0.082338 0.275265 0.516522
0.123174 0.068991 0.292968 0.514867
0.125528 0.078520 0.281886 0.514066
0.124622 0.077774 0.282281 0.515323
0.122970 0.072441 0.286106 0.518483
0.125395 0.079148 0.289156 0.506300
0.125722 0.079528 0.283091 0.511659
0.121117 0.069329 0.288566 0.520988
0.126260 0.081974 0.283067 0.508699
0.127416 0.080293 0.286472 0.505819
0.120514 0.067194 0.291618 0.520675
0.128224 0.084995 0.280524 0.506257
0.118459 0.065057 0.297967 0.518517
0.125729 0.077251 0.287002 0.510018
0.121833 0.068083 0.295741 0.514343
0.127459 0.084174 0.284195 0.504171
0.123641 0.076158 0.282050 0.518152
0.119087 0.065511 0.290542 0.524859
0.125544 0.080715 0.283999 0.509742
0.126124 0.081824 0.279356 0.512696
0.121798 0.071608 0.285240 0.521354
0.126698 0.077349 0.289056 0.506897
0.125958 0.079529 0.283265 0.511248
0.127488 0.081903 0.281614 0.508994
0.121988 0.067511 0.294801 0.515700
0.129599 0.087508 0.279706 0.503187
0.118431 0.067994 0.293626 0.519948
0.123170 0.069618 0.294662 0.512550
0.123580 0.069236 0.292965 0.514219
0.124658 0.078366 0.285760 0.511217
0.120287 0.069480 0.293889 0.516344
0.119762 0.066577 0.292119 0.521541
0.120994 0.066212 0.296752 0.516042
0.125699 0.078673 0.282360 0.513268
0.124329 0.080858 0.281607 0.513205
0.125373 0.083251 0.282091 0.509285
0.120603 0.067537 0.291688 0.520173
0.117384 0.063461 0.289306 0.529848
0.124197 0.077440 0.278166 0.520197
0.125386 0.079073 0.289806 0.505734
0.123859 0.074737 0.290685 0.510719
0.122649 0.070643 0.290617 0.516092
0.121467 0.066789 0.294896 0.516848
0.127597 0.080705 0.284227 0.507470
0.124197 0.072787 0.289109 0.513908
0.125817 0.081057 0.278093 0.515032
0.121854 0.069930 0.286884 0.521332
0.125359 0.085311 0.268267 0.521063
0.121551 0.069940 0.287093 0.521416
0.123481 0.074172 0.293289 0.509059
0.126081 0.080767 0.281288 0.511864
0.123966 0.072141 0.291919 0.511974
0.127387 0.081673 0.281669 0.509271
0.124344 0.079138 0.287172 0.509347
0.126992 0.081140 0.283786 0.508083
0.123177 0.071469 0.290249 0.515105
0.123113 0.078357 0.280967 0.517564
0.125466 0.078074 0.282650 0.513810
0.125975 0.077387 0.284171 0.512466
0.127776 0.082374 0.281919 0.507931
0.120049 0.067799 0.296748 0.515404
0.125142 0.081331 0.276317 0.517211
0.120474 0.065956 0.294637 0.518934
0.128891 0.082765 0.281947 0.506397
0.125840 0.081878 0.276033 0.516250
0.123152 0.073307 0.284548 0.518993
0.121513 0.071382 0.296915 0.510189
0.122974 0.070442 0.292932 0.513651
0.120174 0.067431 0.296464 0.515932
0.125782 0.081846 0.286469 0.505903
0.119311 0.065750 0.292237 0.522702
0.121302 0.066656 0.295409 0.516634
0.127472 0.079669 0.285046 0.507812
0.127005 0.080535 0.284717 0.507743
0.122638 0.072842 0.283972 0.520548
0.120773 0.070460 0.289025 0.519742
0.127720 0.081747 0.284878 0.505656
0.121666 0.068716 0.290961 0.518656
0.126738 0.080059 0.283854 0.509349
0.126185 0.078814 0.286638 0.508363
0.121305 0.070723 0.285473 0.522500
0.122799 0.077501 0.275286 0.524414
0.128655 0.083356 0.283060 0.504928
0.126468 0.084836 0.285537 0.503158
0.126725 0.078266 0.288459 0.506549
0.121225 0.067506 0.292500 0.518769
0.123320 0.079393 0.285060 0.512226
0.122197 0.070192 0.291658 0.515953
0.128120 0.073064 0.285593 0.513223
0.122215 0.079639 0.287950 0.510195
0.122096 0.076047 0.287956 0.513901
0.120848 0.068296 0.291022 0.519834
0.121916 0.068793 0.292446 0.516846
0.123765 0.077964 0.278486 0.519784
0.127566 0.080982 0.284744 0.506708
0.127269 0.080359 0.284484 0.507889
0.125578 0.079926 0.278323 0.516173
0.125605 0.080597 0.278398 0.515400
0.128504 0.082639 0.283175 0.505682
0.122648 0.072651 0.283003 0.521698
0.127733 0.081066 0.285338 0.505862
0.125188 0.073702 0.290351 0.510759
0.128042 0.082990 0.284333 0.504634
0.122492 0.070444 0.290492 0.516572
0.128782 0.085877 0.279944 0.505398
0.124465 0.078663 0.278300 0.518573
0.125766 0.084124 0.269191 0.520918
0.126511 0.079755 0.284723 0.509011
0.124985 0.076277 0.287398 0.511341
0.122382 0.072489 0.285182 0.519947
0.126461 0.081244 0.279718 0.512577
0.125467 0.079307 0.281326 0.513900
0.129088 0.084027 0.281721 0.505165
0.127732 0.081372 0.282722 0.508173
0.127640 0.081072 0.283576 0.507712
0.120246 0.071103 0.294137 0.514513
0.124719 0.072981 0.290426 0.511874
0.121327 0.066976 0.296576 0.515122
0.127518 0.083473 0.279950 0.509059
0.123232 0.072702 0.289106 0.514960
0.127541 0.081258 0.285188 0.506013
0.119949 0.065882 0.293936 0.520233
0.124843 0.080462 0.275175 0.519520
0.126208 0.081000 0.285835 0.506956
0.126298 0.081690 0.279005 0.513006
0.116217 0.064064 0.301173 0.518546
0.125509 0.080299 0.279432 0.514760
0.121375 0.067020 0.295269 0.516335
0.128295 0.082152 0.284058 0.505494
0.125249 0.079271 0.280719 0.514761
0.127262 0.081589 0.280444 0.510705
0.124600 0.074701 0.288327 0.512372
0.121355 0.070251 0.287320 0.521074
0.126210 0.077549 0.285959 0.510282
0.123184 0.072440 0.287620 0.516757
0.121665 0.071541 0.285340 0.521453
0.124217 0.071209 0.291586 0.512989
0.124819 0.078000 0.288446 0.508735
0.127767 0.082296 0.284472 0.505465
0.119084 0.065857 0.296428 0.518631
