0.021568 0.009869 0.001714 0.966849
0.020084 0.009414 0.001424 0.969078
0.029050 0.015012 0.002163 0.953775
0.021456 0.010387 0.001487 0.966670
0.020999 0.010269 0.001375 0.967358
0.012745 0.005980 0.000801 0.980474
0.023553 0.012280 0.001631 0.962536
0.020429 0.009645 0.001468 0.968459
0.023104 0.011161 0.001675 0.964059
0.023040 0.011135 0.001678 0.964147
0.027862 0.014257 0.001991 0.955890
0.017871 0.008656 0.001215 0.972258
0.027546 0.014078 0.001981 0.956394
0.020730 0.009556 0.001542 0.968172
0.021212 0.010318 0.001497 0.966972
0.021263 0.010360 0.001441 0.966937
0.018866 0.009030 0.001351 0.970753
0.022107 0.010529 0.001570 0.965795
0.026505 0.012844 0.002055 0.958596
0.025396 0.013418 0.001822 0.959363
0.021291 0.010309 0.001464 0.966936
0.015739 0.007674 0.001016 0.975571
0.023389 0.011581 0.001642 0.963388
0.024174 0.011847 0.001975 0.962005
0.021982 0.011458 0.001424 0.965136
0.020075 0.009365 0.001449 0.969112
0.026835 0.013916 0.001992 0.957256
0.019489 0.009886 0.001284 0.969342
0.011748 0.005442 0.000757 0.982053
0.026328 0.013614 0.002002 0.958056
0.020851 0.009616 0.001414 0.968118
0.024118 0.012232 0.001723 0.961927
0.018427 0.009305 0.001198 0.971070
0.016324 0.007808 0.000986 0.974883
0.010862 0.004950 0.000714 0.983474
0.022967 0.011187 0.001562 0.964284
0.024257 0.011442 0.001813 0.962487
0.006501 0.002841 0.000381 0.990277
0.019099 0.009038 0.001332 0.970531
0.008840 0.003914 0.000534 0.986712
0.022407 0.010611 0.001630 0.965351
0.026339 0.013042 0.002082 0.958538
0.026573 0.013707 0.001988 0.957732
0.007725 0.003467 0.000449 0.988360
0.019209 0.009297 0.001453 0.970042
0.026729 0.013314 0.002047 0.957910
0.027402 0.013590 0.002075 0.956934
0.017035 0.007994 0.001164 0.973806
0.022763 0.011630 0.001502 0.964105
0.013983 0.006180 0.000920 0.978918
0.025973 0.013473 0.001810 0.958744
0.024076 0.011380 0.001734 0.962810
0.023795 0.011797 0.001805 0.962603
0.028129 0.014608 0.002013 0.955250
0.021644 0.010342 0.001609 0.966405
0.020952 0.010016 0.001503 0.967529
0.020973 0.010879 0.001383 0.966766
0.016048 0.007636 0.001048 0.975267
0.021671 0.010334 0.001604 0.966392
0.024814 0.012181 0.001823 0.961183
0.027855 0.014434 0.002050 0.955661
0.028046 0.014562 0.002066 0.955326
0.024130 0.012457 0.001635 0.961777
0.011229 0.005155 0.000694 0.982921
0.021407 0.010368 0.001494 0.966731
0.025740 0.012879 0.001919 0.959463
0.027141 0.014131 0.001911 0.956817
0.027505 0.014204 0.001919 0.956372
0.021036 0.010173 0.001395 0.967396
0.027601 0.013817 0.001979 0.956604
0.028804 0.014799 0.002100 0.954297
0.021363 0.010200 0.001510 0.966927
0.020284 0.009702 0.001413 0.968602
0.021255 0.010263 0.001505 0.966977
0.028857 0.014797 0.002190 0.954156
0.022331 0.010815 0.001579 0.965276
0.026498 0.013783 0.002015 0.957704
0.026762 0.014025 0.001941 0.957272
0.024172 0.012483 0.001669 0.961676
0.013741 0.006668 0.000932 0.978658
0.021933 0.010650 0.001660 0.965756
0.025706 0.012427 0.002004 0.959863
0.021262 0.010354 0.001503 0.966882
0.015699 0.007525 0.001004 0.975773
0.010972 0.004938 0.000658 0.983432
0.014516 0.006339 0.000990 0.978155
0.025553 0.012730 0.001902 0.959814
0.026066 0.012810 0.001956 0.959168
0.023636 0.011360 0.001881 0.963123
0.021933 0.010427 0.001619 0.966022
0.023159 0.011145 0.001602 0.964094
0.022114 0.010627 0.001638 0.965621
0.014949 0.007203 0.000951 0.976897
0.007757 0.003402 0.000516 0.988325
0.014406 0.006760 0.000885 0.977950
0.021915 0.010462 0.001680 0.965943
0.025377 0.012535 0.001856 0.960232
0.018177 0.008878 0.001191 0.971755
0.007729 0.003436 0.000472 0.988363
0.021897 0.010438 0.001681 0.965984
0.015550 0.007104 0.001065 0.976281
0.025273 0.012137 0.001781 0.960808
0.024647 0.012235 0.001880 0.961238
0.019843 0.010328 0.001268 0.968561
0.012291 0.005519 0.000780 0.981410
0.025659 0.012828 0.001806 0.959707
0.019562 0.009167 0.001568 0.969703
0.028775 0.014770 0.002178 0.954278
0.023800 0.012360 0.001611 0.962228
0.022706 0.010889 0.001670 0.964735
0.015094 0.007279 0.000998 0.976629
0.011610 0.005165 0.000752 0.982472
0.027001 0.013750 0.002000 0.957250
0.020734 0.009650 0.001448 0.968168
0.012350 0.005995 0.000715 0.980940
0.014164 0.006626 0.000912 0.978299
0.020160 0.009648 0.001329 0.968863
0.017048 0.007536 0.001209 0.974208
0.024912 0.012890 0.001688 0.960510
0.029182 0.014853 0.002388 0.953577
0.024432 0.012656 0.001650 0.961262
0.026474 0.013447 0.001928 0.958151
0.021608 0.010336 0.001583 0.966473
0.005134 0.002338 0.000275 0.992252
0.008686 0.003902 0.000516 0.986897
0.022156 0.010574 0.001522 0.965748
0.025227 0.012584 0.001984 0.960205
0.024865 0.012559 0.001770 0.960807
0.025186 0.012572 0.001727 0.960516
0.011014 0.004865 0.000688 0.983433
0.019052 0.009731 0.001177 0.970040
0.009800 0.004372 0.000571 0.985258
0.013911 0.006667 0.000827 0.978594
0.024265 0.011823 0.001636 0.962277
0.014941 0.007236 0.000897 0.976926
0.023782 0.011736 0.001680 0.962802
0.023851 0.012144 0.001908 0.962097
0.029469 0.015026 0.002331 0.953173
0.025513 0.012902 0.001758 0.959827
0.023082 0.011018 0.001757 0.964142
0.018965 0.009693 0.001261 0.970082
0.007843 0.003475 0.000444 0.988239
0.016051 0.007524 0.001206 0.975219
0.018743 0.009093 0.001234 0.970930
0.024821 0.012018 0.001833 0.961329
0.027042 0.014057 0.001946 0.956955
0.019880 0.010295 0.001331 0.968495
0.006299 0.002734 0.000354 0.990614
0.022417 0.010660 0.001627 0.965295
0.026290 0.013009 0.001913 0.958788
0.014797 0.007315 0.000919 0.976969
0.011258 0.005280 0.000685 0.982777
0.019208 0.009201 0.001257 0.970334
0.016253 0.007182 0.001117 0.975449
0.023238 0.012004 0.001747 0.963011
0.030190 0.015540 0.002254 0.952017
0.017089 0.008426 0.001069 0.973416
0.007823 0.003399 0.000466 0.988312
0.019639 0.009991 0.001266 0.969104
0.007239 0.003196 0.000419 0.989147
0.023673 0.011578 0.001793 0.962956
0.021929 0.010297 0.001627 0.966148
0.028353 0.014693 0.002085 0.954869
0.023395 0.011133 0.001813 0.963659
0.019242 0.009880 0.001269 0.969609
0.008869 0.004058 0.000530 0.986543
0.013995 0.006626 0.000869 0.978510
0.025456 0.012328 0.001875 0.960341
0.023791 0.011266 0.001707 0.963236
0.022842 0.011492 0.001602 0.964063
0.021650 0.010272 0.001514 0.966565
0.005502 0.002419 0.000306 0.991773
0.022776 0.010938 0.001591 0.964695
0.021827 0.010386 0.001489 0.966298
0.017539 0.008517 0.001114 0.972830
0.014236 0.006946 0.000861 0.977958
0.021730 0.011267 0.001415 0.965588
0.022962 0.011493 0.001598 0.963947
0.023641 0.011621 0.001602 0.963136
0.026963 0.013388 0.002029 0.957619
0.027859 0.014120 0.002079 0.955942
0.025417 0.012972 0.001749 0.959862
0.012162 0.005632 0.000762 0.981444
0.020643 0.010003 0.001350 0.968004
0.020180 0.009393 0.001478 0.968950
0.022671 0.011292 0.001519 0.964519
0.024405 0.012005 0.001784 0.961807
0.026390 0.013644 0.001908 0.958058
0.023609 0.011718 0.001639 0.963034
0.016419 0.007641 0.001068 0.974873
0.021369 0.010327 0.001480 0.966824
0.020934 0.009782 0.001464 0.967821
0.021937 0.010576 0.001541 0.965946
0.028741 0.014999 0.002087 0.954173
0.019956 0.009586 0.001409 0.969049
0.014258 0.006582 0.000933 0.978227
0.021344 0.010398 0.001654 0.966604
0.027875 0.013767 0.002156 0.956202
0.021817 0.011338 0.001529 0.965316
0.008951 0.004098 0.000553 0.986397
0.019510 0.009439 0.001295 0.969756
0.009308 0.004047 0.000597 0.986048
0.017465 0.008323 0.001099 0.973112
0.016779 0.007682 0.001167 0.974372
0.015225 0.007385 0.000924 0.976466
0.020497 0.009533 0.001436 0.968534
0.019885 0.009611 0.001305 0.969199
0.019388 0.009087 0.001311 0.970214
0.021602 0.010222 0.001589 0.966587
0.027734 0.014202 0.002127 0.955936
0.021304 0.010167 0.001446 0.967084
0.028081 0.014361 0.002165 0.955393
0.023405 0.011391 0.001698 0.963505
0.019250 0.009143 0.001382 0.970225
0.010767 0.005042 0.000628 0.983563
0.018735 0.008838 0.001415 0.971012
0.027507 0.013418 0.002066 0.957010
0.023126 0.011026 0.001786 0.964062
0.014056 0.006591 0.000918 0.978435
0.021616 0.010266 0.001552 0.966566
0.015322 0.006696 0.001116 0.976866
0.030366 0.015536 0.002230 0.951868
0.014959 0.006646 0.000974 0.977421
0.026949 0.013428 0.002025 0.957598
0.025829 0.012564 0.001936 0.959671
0.024415 0.012395 0.001684 0.961506
0.016078 0.007693 0.001020 0.975209
0.021993 0.010705 0.001638 0.965665
0.017833 0.007986 0.001167 0.973015
0.012345 0.005484 0.000811 0.981360
0.027695 0.014265 0.002067 0.955974
0.021330 0.010247 0.001451 0.966972
0.015061 0.007237 0.000955 0.976748
0.025287 0.013228 0.001825 0.959660
0.026318 0.012768 0.001919 0.958995
0.023719 0.011960 0.001835 0.962486
0.022500 0.010947 0.001521 0.965032
0.011968 0.005308 0.000744 0.981980
0.017899 0.008663 0.001213 0.972224
0.017480 0.008978 0.001170 0.972372
0.009752 0.004503 0.000559 0.985185
0.007891 0.003445 0.000480 0.988185
0.023304 0.010875 0.001712 0.964109
0.019370 0.009377 0.001275 0.969979
0.008528 0.003837 0.000519 0.987115
0.027285 0.013669 0.002112 0.956934
0.014107 0.006607 0.000903 0.978382
0.022529 0.011021 0.001624 0.964825
0.020798 0.009511 0.001476 0.968215
0.010775 0.004806 0.000652 0.983768
0.012423 0.005684 0.000813 0.981081
0.027401 0.013398 0.002027 0.957174
0.023177 0.011409 0.001578 0.963835
0.022855 0.011382 0.001545 0.964218
0.021147 0.010101 0.001435 0.967318
0.022756 0.010949 0.001541 0.964754
0.025515 0.012678 0.001787 0.960020
0.021991 0.011245 0.001430 0.965335
0.022601 0.011606 0.001508 0.964285
0.019932 0.009926 0.001246 0.968896
0.015692 0.007796 0.000989 0.975523
0.024639 0.012359 0.001637 0.961366
0.021426 0.010114 0.001528 0.966933
0.023135 0.011070 0.001647 0.964148
0.017646 0.008348 0.001128 0.972878
0.015183 0.007086 0.001007 0.976725
0.021099 0.009931 0.001460 0.967510
0.023802 0.011114 0.001773 0.963311
0.025790 0.013464 0.001822 0.958924
0.020868 0.010050 0.001367 0.967715
0.027697 0.014171 0.001969 0.956163
0.026130 0.013586 0.001817 0.958467
0.025374 0.012655 0.001835 0.960137
0.012676 0.005538 0.000805 0.980981
0.023248 0.011125 0.001786 0.963841
0.028746 0.014531 0.002175 0.954548
0.020546 0.009918 0.001383 0.968153
0.011812 0.005488 0.000764 0.981935
0.017510 0.008504 0.001158 0.972828
0.011349 0.004906 0.000851 0.982895
0.019602 0.009404 0.001406 0.969588
0.027832 0.013880 0.002124 0.956164
0.020192 0.009808 0.001381 0.968620
0.017621 0.008515 0.001162 0.972702
0.008874 0.004041 0.000505 0.986580
0.007404 0.003289 0.000436 0.988871
0.020746 0.009476 0.001520 0.968258
0.028796 0.014720 0.002208 0.954276
0.027593 0.014357 0.001961 0.956089
0.021098 0.010275 0.001472 0.967155
0.023891 0.012142 0.001627 0.962340
0.012487 0.005787 0.000873 0.980853
0.024719 0.012856 0.001779 0.960645
0.021661 0.010083 0.001734 0.966522
0.020722 0.010658 0.001444 0.967175
0.027389 0.014250 0.001909 0.956452
0.015031 0.007048 0.001019 0.976902
0.021924 0.010917 0.001467 0.965692
0.008015 0.003418 0.000472 0.988095
0.016403 0.007640 0.001096 0.974861
0.025095 0.012240 0.001864 0.960801
0.026013 0.012733 0.001836 0.959418
0.022459 0.010813 0.001790 0.964938
0.020746 0.010068 0.001426 0.967760
0.023546 0.011588 0.001577 0.963288
0.009813 0.004533 0.000601 0.985053
0.016287 0.007695 0.001010 0.975008
0.009979 0.004249 0.000621 0.985151
0.020011 0.009984 0.001277 0.968728
0.018198 0.008502 0.001189 0.972110
0.028152 0.014590 0.001962 0.955296
0.025353 0.012508 0.001738 0.960402
0.021129 0.010586 0.001381 0.966904
0.026680 0.013561 0.002094 0.957665
0.022532 0.011160 0.001506 0.964802
0.024864 0.012052 0.001849 0.961235
0.023778 0.012189 0.001801 0.962231
0.020896 0.009944 0.001427 0.967733
0.013764 0.006345 0.000881 0.979010
0.020066 0.009750 0.001359 0.968825
0.021794 0.010697 0.001520 0.965990
0.007676 0.003442 0.000445 0.988437
0.021382 0.010147 0.001517 0.966954
0.021844 0.010207 0.001612 0.966337
0.019074 0.009913 0.001236 0.969777
0.009602 0.004415 0.000578 0.985405
0.024067 0.012028 0.001808 0.962097
0.006373 0.002782 0.000380 0.990465
0.024703 0.012260 0.001757 0.961280
0.019178 0.009341 0.001353 0.970128
0.015075 0.007383 0.000950 0.976591
0.020879 0.009877 0.001488 0.967756
0.016304 0.007907 0.001142 0.974647
0.020786 0.009878 0.001365 0.967971
0.020279 0.009278 0.001441 0.969003
0.020831 0.009961 0.001435 0.967773
0.017860 0.008884 0.001102 0.972154
0.008085 0.003599 0.000502 0.987813
0.023595 0.012044 0.001677 0.962683
0.018811 0.008582 0.001382 0.971225
0.023109 0.011042 0.001732 0.964117
0.019653 0.010274 0.001398 0.968675
0.014886 0.006928 0.001052 0.977134
0.016496 0.007820 0.001099 0.974585
0.024884 0.011945 0.001908 0.961263
0.024478 0.011577 0.001884 0.962061
0.008487 0.003842 0.000498 0.987173
0.015081 0.006760 0.001109 0.977050
0.028187 0.013846 0.002201 0.955766
0.027040 0.013435 0.002038 0.957487
0.015257 0.007271 0.001043 0.976429
0.023410 0.011342 0.001572 0.963677
0.013060 0.005949 0.000845 0.980146
0.030295 0.015358 0.002279 0.952068
0.026520 0.013117 0.001963 0.958400
0.023832 0.012058 0.001647 0.962463
0.017506 0.008503 0.001218 0.972773
0.012093 0.005661 0.000744 0.981502
0.026939 0.013806 0.001924 0.957330
0.021741 0.010010 0.001717 0.966532
0.019611 0.010136 0.001245 0.969008
0.011779 0.005351 0.000767 0.982103
0.021120 0.010058 0.001562 0.967260
0.005422 0.002332 0.000296 0.991951
0.015854 0.007481 0.001108 0.975557
0.022406 0.010712 0.001639 0.965243
0.016732 0.007721 0.001065 0.974481
0.009542 0.004370 0.000581 0.985508
0.027728 0.014196 0.002074 0.956003
0.023732 0.011382 0.001764 0.963121
0.028608 0.014612 0.002097 0.954682
0.027953 0.014463 0.002020 0.955564
0.019540 0.009456 0.001268 0.969736
0.020917 0.010057 0.001413 0.967613
0.029467 0.015313 0.002129 0.953090
0.023013 0.011524 0.001594 0.963870
0.029077 0.014884 0.002269 0.953771
0.027201 0.014022 0.002013 0.956765
0.021972 0.010601 0.001506 0.965920
0.027928 0.014456 0.002101 0.955515
0.025199 0.013150 0.001729 0.959922
0.023890 0.011960 0.001643 0.962507
0.026864 0.013862 0.001947 0.957328
0.027888 0.014502 0.001889 0.955721
0.028754 0.014974 0.002236 0.954035
0.025053 0.012407 0.001761 0.960778
0.021107 0.010063 0.001499 0.967331
0.018950 0.009032 0.001338 0.970680
0.017809 0.008577 0.001237 0.972376
0.015040 0.006573 0.001010 0.977377
0.022212 0.010647 0.001531 0.965610
0.021547 0.009802 0.001577 0.967075
0.018421 0.009485 0.001193 0.970901
0.012492 0.005692 0.000784 0.981031
0.026095 0.013442 0.002069 0.958394
0.021758 0.009905 0.001633 0.966704
0.024048 0.011632 0.001762 0.962557
0.013673 0.006729 0.000873 0.978725
0.022117 0.010614 0.001589 0.965680
0.012417 0.005496 0.000824 0.981263
0.029404 0.015082 0.002284 0.953231
0.017019 0.007686 0.001294 0.974001
0.027860 0.013848 0.002091 0.956201
0.025559 0.012422 0.001958 0.960061
0.020612 0.010063 0.001406 0.967919
0.010166 0.004756 0.000593 0.984485
0.012609 0.005852 0.000797 0.980742
0.025485 0.012758 0.001814 0.959943
0.024969 0.011969 0.001794 0.961268
0.020792 0.010086 0.001388 0.967734
0.026544 0.013815 0.001872 0.957769
0.023146 0.011339 0.001555 0.963961
0.021209 0.010169 0.001446 0.967176
0.028870 0.014659 0.002022 0.954449
0.026325 0.013602 0.001798 0.958276
0.017646 0.008403 0.001135 0.972815
0.015989 0.007881 0.001001 0.975128
0.017097 0.007986 0.001193 0.973725
0.019676 0.009793 0.001423 0.969108
0.020821 0.009918 0.001439 0.967822
0.025414 0.013124 0.001773 0.959689
0.021501 0.010516 0.001482 0.966501
0.011251 0.005404 0.000661 0.982684
0.010515 0.004691 0.000631 0.984162
0.019578 0.008866 0.001385 0.970171
0.021347 0.009901 0.001540 0.967212
0.028491 0.014809 0.002041 0.954659
0.028407 0.014623 0.002140 0.954831
0.021300 0.010286 0.001619 0.966795
0.027255 0.013942 0.002036 0.956767
0.030531 0.015588 0.002359 0.951522
0.021187 0.010149 0.001608 0.967056
0.011234 0.005292 0.000674 0.982799
0.016778 0.007843 0.001161 0.974218
0.020694 0.009510 0.001547 0.968249
0.021630 0.010028 0.001487 0.966856
0.016871 0.007802 0.001196 0.974132
0.022231 0.010592 0.001604 0.965573
0.026301 0.012871 0.001951 0.958876
0.012114 0.005969 0.000740 0.981176
0.022185 0.010529 0.001692 0.965594
0.020210 0.009227 0.001619 0.968943
0.025274 0.012604 0.001928 0.960194
0.022586 0.010789 0.001778 0.964848
0.014678 0.007239 0.000968 0.977114
0.012104 0.005528 0.000794 0.981574
0.016749 0.007409 0.001186 0.974655
0.011916 0.005363 0.000771 0.981950
0.014953 0.006838 0.001018 0.977192
0.025120 0.012553 0.001902 0.960425
0.021637 0.010048 0.001641 0.966675
0.023386 0.012283 0.001726 0.962605
0.012455 0.006092 0.000806 0.980648
0.011992 0.005590 0.000769 0.981649
0.020537 0.009510 0.001476 0.968477
0.023506 0.011252 0.001723 0.963520
0.008167 0.003714 0.000464 0.987655
0.010537 0.004775 0.000668 0.984020
0.020652 0.010089 0.001382 0.967877
0.005768 0.002434 0.000323 0.991475
0.012410 0.005783 0.000817 0.980991
0.023051 0.010872 0.001593 0.964483
0.022721 0.011346 0.001538 0.964396
0.014225 0.006940 0.000893 0.977943
0.024455 0.012750 0.001643 0.961152
0.025437 0.012758 0.001818 0.959987
0.020916 0.010259 0.001425 0.967400
0.021722 0.010221 0.001564 0.966492
0.013223 0.006526 0.000835 0.979415
0.028723 0.014579 0.002100 0.954598
0.013784 0.006275 0.000850 0.979091
0.027553 0.013684 0.001932 0.956830
0.021405 0.010003 0.001495 0.967097
0.018105 0.009257 0.001148 0.971490
0.026847 0.013722 0.001928 0.957503
0.025510 0.013247 0.001887 0.959355
0.022955 0.011406 0.001682 0.963958
0.028274 0.014808 0.002129 0.954789
0.023105 0.011176 0.001649 0.964070
0.029238 0.014930 0.002348 0.953484
0.010976 0.005101 0.000683 0.983240
0.013010 0.005859 0.000856 0.980274
0.017323 0.007943 0.001240 0.973494
0.020319 0.009604 0.001385 0.968693
0.015780 0.007052 0.001095 0.976073
0.023438 0.011252 0.001670 0.963640
0.020152 0.009092 0.001402 0.969355
0.022651 0.010963 0.001594 0.964793
0.019758 0.009581 0.001318 0.969344
0.026100 0.013064 0.001868 0.958968
0.020956 0.010132 0.001422 0.967490
0.027074 0.013968 0.001947 0.957010
0.025990 0.013237 0.001777 0.958996
0.024680 0.013001 0.001643 0.960676
0.021501 0.010718 0.001401 0.966380
0.024570 0.012331 0.001704 0.961394
0.025633 0.012679 0.001869 0.959819
0.021027 0.010191 0.001516 0.967266
0.027927 0.014185 0.001982 0.955905
0.022742 0.010911 0.001701 0.964646
0.028211 0.014421 0.002069 0.955300
0.025060 0.012996 0.001808 0.960136
0.013149 0.006387 0.000842 0.979621
0.028446 0.014688 0.002299 0.954567
0.013861 0.006241 0.000879 0.979018
0.027909 0.013977 0.001956 0.956158
0.013592 0.006283 0.000871 0.979254
0.016379 0.008358 0.000984 0.974279
0.009014 0.003986 0.000537 0.986462
0.023678 0.011585 0.001661 0.963076
0.019176 0.008864 0.001363 0.970598
0.029036 0.015165 0.002190 0.953610
0.023605 0.011241 0.001812 0.963343
0.020575 0.010009 0.001402 0.968014
0.015875 0.007684 0.001021 0.975421
0.020002 0.009595 0.001350 0.969052
0.020437 0.009204 0.001500 0.968859
0.022439 0.010754 0.001721 0.965086
0.026531 0.013729 0.002176 0.957564
0.028006 0.014523 0.002152 0.955319
0.022820 0.010973 0.001862 0.964345
0.022716 0.010956 0.001623 0.964705
0.010753 0.005074 0.000666 0.983507
0.007653 0.003379 0.000471 0.988497
0.014826 0.006876 0.000945 0.977353
0.012483 0.005513 0.000821 0.981183
0.022284 0.010154 0.001842 0.965720
0.026379 0.013130 0.001916 0.958575
0.019585 0.009499 0.001398 0.969518
0.024824 0.012743 0.001762 0.960670
0.017671 0.008142 0.001146 0.973041
0.010593 0.004872 0.000716 0.983819
0.028397 0.014560 0.001965 0.955078
0.024939 0.011814 0.001878 0.961369
0.021831 0.011246 0.001460 0.965464
0.022362 0.011178 0.001510 0.964951
0.014193 0.006623 0.000912 0.978272
0.021207 0.010301 0.001452 0.967041
0.020266 0.009228 0.001489 0.969016
0.021602 0.010496 0.001517 0.966386
0.022239 0.011374 0.001450 0.964937
0.017978 0.008822 0.001143 0.972057
0.025860 0.013362 0.001780 0.958997
0.018618 0.008959 0.001210 0.971214
0.022248 0.010987 0.001492 0.965273
0.026699 0.014000 0.001986 0.957315
0.017506 0.008381 0.001196 0.972918
0.027737 0.013694 0.002082 0.956487
0.028282 0.014593 0.002108 0.955018
0.022275 0.011166 0.001528 0.965030
0.010663 0.004858 0.000726 0.983753
0.008927 0.004050 0.000516 0.986507
0.020252 0.009104 0.001746 0.968898
0.028287 0.014076 0.002318 0.955319
0.021825 0.010948 0.001510 0.965717
0.014526 0.006597 0.000989 0.977888
0.014068 0.006782 0.000967 0.978183
0.012319 0.005282 0.000757 0.981643
0.016726 0.007527 0.001132 0.974615
0.028051 0.013881 0.002066 0.956002
0.021690 0.010292 0.001568 0.966450
0.015457 0.007305 0.001125 0.976113
0.020469 0.009892 0.001721 0.967918
0.022016 0.009915 0.002008 0.966062
0.017779 0.008562 0.001257 0.972402
0.010765 0.005100 0.000647 0.983488
0.009049 0.004029 0.000647 0.986275
0.008372 0.003503 0.000560 0.987565
0.006815 0.002958 0.000418 0.989809
0.012648 0.005600 0.000878 0.980875
0.021245 0.010004 0.001444 0.967307
0.013904 0.006172 0.000938 0.978986
0.008707 0.003982 0.000521 0.986790
0.010693 0.004567 0.000663 0.984077
0.015255 0.006849 0.001127 0.976769
0.023032 0.010557 0.001906 0.964505
0.020581 0.009444 0.001484 0.968491
0.021669 0.010537 0.001530 0.966264
0.024076 0.012227 0.001832 0.961865
0.006661 0.002920 0.000400 0.990018
0.012384 0.005416 0.000897 0.981303
0.026739 0.013603 0.002070 0.957589
0.028896 0.014648 0.002102 0.954353
0.014881 0.007145 0.000985 0.976988
0.010184 0.004897 0.000589 0.984330
0.010078 0.004307 0.000671 0.984944
0.025935 0.012699 0.001963 0.959402
0.021927 0.010216 0.001927 0.965929
0.028941 0.014971 0.002226 0.953862
0.022635 0.011874 0.001493 0.963998
0.016974 0.008038 0.001190 0.973799
0.007415 0.003192 0.000447 0.988947
0.008248 0.003516 0.000477 0.987760
0.016234 0.007708 0.001078 0.974980
0.019590 0.009272 0.001286 0.969851
0.024286 0.011587 0.001846 0.962281
0.021291 0.010359 0.001415 0.966935
0.024967 0.012593 0.002108 0.960333
0.021252 0.010073 0.001499 0.967175
0.028924 0.014998 0.002054 0.954024
0.018283 0.008712 0.001258 0.971748
0.013561 0.006572 0.000788 0.979079
0.013832 0.006014 0.000911 0.979242
0.016358 0.007991 0.001017 0.974634
0.022257 0.010471 0.001530 0.965741
0.022868 0.011007 0.001609 0.964516
0.027308 0.013967 0.001963 0.956762
0.021177 0.009990 0.001523 0.967310
0.021263 0.010093 0.001468 0.967176
0.018625 0.008997 0.001303 0.971075
0.022493 0.010964 0.001654 0.964889
0.024489 0.011924 0.001793 0.961794
0.028516 0.014711 0.002119 0.954653
0.020542 0.010393 0.001418 0.967647
0.009298 0.004252 0.000537 0.985912
0.008122 0.003577 0.000484 0.987817
0.022841 0.011407 0.001533 0.964219
0.029841 0.014953 0.002244 0.952962
0.020011 0.010055 0.001298 0.968637
0.017946 0.009011 0.001109 0.971934
0.015940 0.007620 0.001017 0.975424
0.024569 0.012164 0.001757 0.961511
0.018592 0.008156 0.001401 0.971851
0.028377 0.014631 0.002260 0.954732
0.028318 0.014531 0.002095 0.955056
0.022732 0.010902 0.001696 0.964669
0.019767 0.009521 0.001321 0.969392
0.008313 0.003831 0.000508 0.987348
0.014015 0.006295 0.001171 0.978519
0.022346 0.010417 0.001660 0.965577
0.022095 0.011077 0.001510 0.965319
0.019091 0.009392 0.001376 0.970140
0.011500 0.005454 0.000693 0.982353
0.007526 0.003106 0.000456 0.988912
0.022861 0.010077 0.001971 0.965091
0.025742 0.012570 0.002267 0.959421
0.017393 0.008126 0.001273 0.973208
0.019622 0.010292 0.001309 0.968777
0.020903 0.009758 0.001515 0.967824
0.012061 0.005541 0.000786 0.981612
0.007170 0.002958 0.000442 0.989430
0.017911 0.007776 0.001508 0.972804
0.021936 0.010295 0.001462 0.966308
0.019870 0.009096 0.001468 0.969567
0.018080 0.008907 0.001244 0.971768
0.006071 0.002590 0.000385 0.990955
0.014548 0.006437 0.000990 0.978026
0.026953 0.014256 0.001992 0.956799
0.026859 0.013424 0.001992 0.957724
0.009952 0.004699 0.000589 0.984759
0.009411 0.004178 0.000570 0.985841
0.027432 0.013427 0.002097 0.957045
0.020702 0.009836 0.001418 0.968044
0.020879 0.010269 0.001393 0.967459
0.020873 0.010865 0.001344 0.966918
0.018661 0.008768 0.001335 0.971236
0.026803 0.013709 0.001900 0.957588
0.012288 0.005485 0.000794 0.981433
0.021987 0.010530 0.001586 0.965897
0.026165 0.013501 0.001850 0.958484
0.016765 0.007889 0.001165 0.974181
0.019724 0.009413 0.001397 0.969466
0.020273 0.009327 0.001373 0.969027
0.013044 0.006121 0.000828 0.980006
0.026276 0.013233 0.001995 0.958497
0.020919 0.009479 0.001420 0.968182
0.011731 0.005478 0.000694 0.982097
0.028997 0.014706 0.002156 0.954142
0.027147 0.013483 0.002099 0.957271
0.022236 0.010706 0.001536 0.965523
0.022152 0.010710 0.001768 0.965370
0.021763 0.010460 0.001759 0.966017
0.021761 0.010372 0.001617 0.966250
0.014715 0.006957 0.000989 0.977340
0.028791 0.014700 0.002212 0.954297
0.009458 0.004118 0.000613 0.985811
0.013343 0.005997 0.000843 0.979817
0.015692 0.007053 0.001107 0.976148
0.024776 0.011739 0.001818 0.961667
0.013545 0.006010 0.000995 0.979450
0.017769 0.008659 0.001186 0.972385
0.021715 0.010025 0.001757 0.966503
0.026243 0.013052 0.002270 0.958435
0.022929 0.011107 0.001554 0.964410
0.016195 0.007628 0.001110 0.975068
0.020491 0.010730 0.001393 0.967386
0.009244 0.004006 0.000565 0.986186
0.012005 0.005475 0.000761 0.981759
0.024446 0.012380 0.001879 0.961296
0.027840 0.013920 0.002187 0.956054
0.029280 0.015191 0.002127 0.953402
0.024268 0.011756 0.001791 0.962185
0.017148 0.008312 0.001122 0.973418
0.009157 0.004233 0.000535 0.986075
0.011502 0.005307 0.000718 0.982473
0.020799 0.009623 0.001444 0.968134
0.026523 0.013195 0.002058 0.958225
0.022665 0.010979 0.001574 0.964783
0.026617 0.013778 0.001922 0.957682
0.023054 0.011518 0.001617 0.963812
0.014424 0.006919 0.000918 0.977739
0.013007 0.006026 0.000838 0.980129
0.027328 0.013958 0.001894 0.956820
0.024892 0.012050 0.001878 0.961180
0.023182 0.012087 0.001589 0.963142
0.015068 0.007071 0.000986 0.976876
0.011977 0.005521 0.000751 0.981752
0.020407 0.009159 0.001593 0.968841
0.023324 0.011575 0.001730 0.963371
0.022366 0.010928 0.001617 0.965088
0.019725 0.009507 0.001344 0.969425
0.020828 0.010104 0.001620 0.967447
0.010460 0.004930 0.000618 0.983992
0.017784 0.008273 0.001206 0.972736
0.026727 0.013034 0.001933 0.958306
0.018453 0.008585 0.001177 0.971784
0.007504 0.003360 0.000423 0.988714
0.017030 0.007986 0.001109 0.973875
0.021898 0.010016 0.001688 0.966398
0.020633 0.009914 0.001613 0.967839
0.022677 0.011113 0.001674 0.964537
0.025486 0.012589 0.001940 0.959985
0.027716 0.014220 0.002076 0.955989
0.013030 0.006093 0.000987 0.979890
0.010438 0.004737 0.000633 0.984192
0.015172 0.006826 0.001176 0.976827
0.029110 0.014289 0.002191 0.954410
0.022835 0.011382 0.001540 0.964244
0.010868 0.005113 0.000653 0.983366
0.014666 0.007742 0.000914 0.976678
0.010276 0.004488 0.000631 0.984605
0.024563 0.012289 0.001750 0.961399
0.021563 0.009907 0.001603 0.966928
0.020000 0.009760 0.001309 0.968931
0.018900 0.008960 0.001317 0.970823
0.023822 0.011847 0.001654 0.962677
0.024143 0.011744 0.001899 0.962215
0.027579 0.014316 0.001939 0.956166
0.026485 0.013253 0.001879 0.958384
0.022433 0.011214 0.001518 0.964835
0.022376 0.011012 0.001493 0.965119
0.008821 0.003987 0.000516 0.986676
0.019461 0.009321 0.001290 0.969928
0.026446 0.013052 0.001963 0.958539
0.019920 0.009626 0.001296 0.969158
0.025839 0.013009 0.001924 0.959228
0.021503 0.010362 0.001530 0.966605
0.025457 0.012706 0.001892 0.959946
0.027427 0.013916 0.002130 0.956527
0.022655 0.010886 0.001587 0.964872
0.011963 0.005619 0.000723 0.981695
0.010285 0.004933 0.000608 0.984175
0.026272 0.012790 0.001952 0.958986
0.020542 0.009543 0.001395 0.968521
0.023258 0.011530 0.001629 0.963583
0.020672 0.009972 0.001399 0.967957
0.024556 0.012064 0.001694 0.961686
0.023171 0.011609 0.001635 0.963585
0.023074 0.011843 0.001622 0.963461
0.027433 0.014002 0.001905 0.956660
0.028340 0.014422 0.002115 0.955123
0.016782 0.008197 0.001152 0.973868
0.018027 0.008656 0.001161 0.972156
0.017531 0.008366 0.001140 0.972963
0.019551 0.009398 0.001454 0.969597
0.019628 0.008863 0.001340 0.970168
0.017878 0.008775 0.001198 0.972149
0.016739 0.008020 0.001076 0.974165
0.021342 0.010135 0.001656 0.966867
0.011222 0.005211 0.000671 0.982896
0.021437 0.011091 0.001405 0.966067
0.023481 0.010836 0.001873 0.963811
0.012832 0.006342 0.000777 0.980049
0.012189 0.005379 0.000805 0.981627
0.021703 0.010359 0.001670 0.966268
0.024059 0.012042 0.001746 0.962153
0.018286 0.008760 0.001237 0.971717
0.013120 0.006373 0.000878 0.979628
0.024456 0.011528 0.001798 0.962218
0.015859 0.007113 0.001112 0.975915
0.014217 0.006596 0.000941 0.978246
0.020458 0.009292 0.001446 0.968805
0.018299 0.008548 0.001296 0.971856
0.019955 0.009647 0.001304 0.969095
0.024219 0.011315 0.001822 0.962645
0.025773 0.013267 0.001811 0.959149
0.022097 0.010694 0.001649 0.965560
0.021266 0.010280 0.001491 0.966963
0.023462 0.011348 0.001743 0.963448
0.019577 0.009545 0.001436 0.969441
0.012263 0.005973 0.000770 0.980994
0.015290 0.007024 0.001182 0.976505
0.022124 0.010850 0.001508 0.965519
0.025092 0.012071 0.001761 0.961076
0.008700 0.003998 0.000584 0.986718
0.016420 0.008002 0.001011 0.974567
0.010461 0.004688 0.000643 0.984209
0.024577 0.012387 0.001711 0.961325
0.013540 0.006200 0.000945 0.979314
0.007262 0.003244 0.000417 0.989077
0.020993 0.009871 0.001488 0.967648
0.021398 0.009964 0.001538 0.967100
0.018481 0.009200 0.001244 0.971075
0.011876 0.005420 0.000708 0.981996
0.021683 0.011274 0.001443 0.965600
0.021940 0.010344 0.001489 0.966226
0.018990 0.009433 0.001221 0.970356
0.009999 0.004536 0.000614 0.984851
0.024152 0.011705 0.001756 0.962387
0.020742 0.009339 0.001579 0.968341
0.027933 0.014428 0.002366 0.955273
0.027419 0.013918 0.001960 0.956703
0.017794 0.008568 0.001254 0.972384
0.020829 0.010103 0.001436 0.967632
0.026179 0.012903 0.001924 0.958994
0.012681 0.005806 0.000839 0.980674
0.021445 0.010181 0.001546 0.966828
0.017264 0.007861 0.001333 0.973543
0.022845 0.011136 0.001642 0.964377
0.018089 0.008397 0.001435 0.972079
0.024505 0.012665 0.001723 0.961106
0.017088 0.007903 0.001200 0.973809
0.020448 0.009770 0.001496 0.968286
0.023445 0.011161 0.001817 0.963576
0.018242 0.008464 0.001314 0.971979
0.026113 0.013773 0.001901 0.958212
0.021194 0.009647 0.001551 0.967609
0.010986 0.005189 0.000713 0.983113
0.013714 0.006393 0.000871 0.979022
0.020243 0.009288 0.001423 0.969046
0.023413 0.011196 0.001782 0.963610
0.022562 0.011646 0.001502 0.964290
0.009813 0.004305 0.000654 0.985229
0.025315 0.012760 0.001736 0.960189
0.029068 0.014508 0.002184 0.954241
0.023129 0.011713 0.001651 0.963508
0.019421 0.009818 0.001223 0.969539
0.012237 0.005610 0.000832 0.981321
0.017282 0.008348 0.001258 0.973113
0.020285 0.009337 0.001677 0.968701
0.014665 0.007080 0.000958 0.977297
0.022518 0.011223 0.001565 0.964694
0.010833 0.004742 0.000700 0.983725
0.011223 0.005189 0.000677 0.982911
0.011367 0.004864 0.000831 0.982938
0.024982 0.011979 0.001732 0.961307
0.018956 0.008864 0.001352 0.970828
0.022800 0.011407 0.001559 0.964234
0.019547 0.009148 0.001346 0.969958
0.009383 0.004336 0.000556 0.985725
0.024028 0.011684 0.001832 0.962456
0.027721 0.013207 0.002342 0.956730
0.024775 0.012333 0.001800 0.961093
0.014831 0.006918 0.001012 0.977239
0.011164 0.005171 0.000759 0.982906
0.008965 0.003815 0.000547 0.986674
0.013628 0.005947 0.001103 0.979321
0.024702 0.011838 0.001785 0.961675
0.026615 0.013149 0.001880 0.958356
0.012516 0.005882 0.000851 0.980751
0.024259 0.012400 0.001640 0.961701
0.013063 0.005543 0.001012 0.980382
0.016136 0.007948 0.001066 0.974850
0.018107 0.008392 0.001302 0.972199
0.016419 0.007859 0.001167 0.974556
0.020287 0.009179 0.001426 0.969108
0.016126 0.007266 0.001119 0.975489
0.019631 0.009478 0.001351 0.969541
0.024859 0.011732 0.001912 0.961497
0.026813 0.012968 0.002017 0.958203
0.013586 0.006579 0.000864 0.978971
0.024024 0.011739 0.001731 0.962507
0.026741 0.013083 0.002098 0.958078
0.021081 0.010223 0.001473 0.967223
0.025793 0.012702 0.001836 0.959669
0.014407 0.006758 0.001056 0.977779
0.020943 0.010701 0.001356 0.966999
0.011256 0.004933 0.000749 0.983062
0.016957 0.008236 0.001105 0.973703
0.021703 0.010417 0.001427 0.966454
0.011709 0.005411 0.000719 0.982162
0.025361 0.012933 0.001693 0.960013
0.028022 0.013652 0.002130 0.956196
0.023532 0.012283 0.001579 0.962606
0.018870 0.009227 0.001269 0.970633
0.023491 0.011432 0.001762 0.963315
0.020446 0.009850 0.001385 0.968319
0.024496 0.011783 0.002065 0.961656
0.023808 0.011821 0.001771 0.962599
0.010698 0.005048 0.000641 0.983613
0.013677 0.006069 0.000941 0.979314
0.019898 0.008875 0.001420 0.969807
0.008917 0.003894 0.000534 0.986655
0.014100 0.006559 0.001000 0.978341
0.024721 0.012392 0.001783 0.961104
0.021822 0.010192 0.001590 0.966396
0.021880 0.010617 0.001550 0.965952
0.021921 0.011143 0.001418 0.965517
0.009124 0.004170 0.000539 0.986167
0.025879 0.012817 0.001855 0.959450
0.019854 0.009860 0.001375 0.968911
0.027642 0.014111 0.001974 0.956273
0.021367 0.010205 0.001540 0.966888
0.026868 0.013430 0.001987 0.957715
0.026668 0.013503 0.001984 0.957845
0.017610 0.008259 0.001203 0.972929
0.020763 0.009733 0.001400 0.968103
0.016686 0.007663 0.001145 0.974506
0.017071 0.008335 0.001087 0.973507
0.027473 0.013488 0.002087 0.956952
0.022011 0.010563 0.001671 0.965756
0.021926 0.011014 0.001467 0.965594
0.028850 0.014856 0.002093 0.954201
0.026325 0.013548 0.001892 0.958234
0.023876 0.012226 0.001750 0.962148
0.007768 0.003478 0.000459 0.988294
0.022465 0.010742 0.001578 0.965215
0.025595 0.012922 0.001966 0.959517
0.019200 0.010005 0.001172 0.969623
0.009067 0.004063 0.000555 0.986316
0.020691 0.010284 0.001396 0.967630
0.012427 0.005501 0.000781 0.981291
0.010803 0.004896 0.000718 0.983582
0.021248 0.009993 0.001790 0.966969
0.027766 0.013617 0.002257 0.956361
0.014442 0.007090 0.000897 0.977571
0.026270 0.013031 0.001888 0.958811
0.009056 0.004100 0.000587 0.986257
0.006008 0.002466 0.000343 0.991183
0.019110 0.008231 0.001447 0.971211
0.026013 0.012669 0.001952 0.959365
0.026193 0.012844 0.001883 0.959080
0.010272 0.004873 0.000616 0.984239
0.025025 0.012558 0.001704 0.960712
0.026838 0.013249 0.002272 0.957640
0.022536 0.011341 0.001485 0.964638
0.025888 0.013163 0.001796 0.959154
0.022782 0.011660 0.001536 0.964023
0.015857 0.007814 0.001053 0.975276
0.006428 0.002799 0.000354 0.990420
0.027754 0.014177 0.002018 0.956051
0.022708 0.010977 0.001551 0.964764
0.024290 0.012172 0.001629 0.961909
0.015158 0.007139 0.000967 0.976737
0.022406 0.011227 0.001590 0.964777
0.020340 0.009231 0.001564 0.968865
0.021103 0.010277 0.001414 0.967207
0.018536 0.008874 0.001526 0.971064
0.027545 0.014333 0.001969 0.956153
0.025286 0.012362 0.001918 0.960434
0.012764 0.006198 0.000821 0.980217
0.021191 0.010556 0.001409 0.966844
0.010108 0.004247 0.000681 0.984964
0.025190 0.012449 0.001912 0.960449
0.016810 0.007772 0.001090 0.974327
0.016398 0.007735 0.001108 0.974759
0.019744 0.008789 0.001473 0.969994
0.026305 0.012890 0.001879 0.958926
0.014266 0.006592 0.001051 0.978090
0.019132 0.009371 0.001391 0.970106
0.028186 0.014057 0.002105 0.955653
0.022919 0.011193 0.001662 0.964226
0.017452 0.008379 0.001159 0.973009
0.009549 0.004357 0.000559 0.985535
0.015110 0.006991 0.001004 0.976895
0.020124 0.009274 0.001660 0.968942
0.026674 0.013167 0.001908 0.958250
0.022460 0.011131 0.001512 0.964897
0.015193 0.007327 0.001034 0.976446
0.021572 0.010848 0.001440 0.966140
0.011428 0.005337 0.000704 0.982531
0.020729 0.009962 0.001534 0.967775
0.027072 0.013134 0.002312 0.957481
0.009110 0.004249 0.000555 0.986086
0.020166 0.009529 0.001414 0.968891
0.030103 0.014628 0.002442 0.952827
0.018577 0.008580 0.001258 0.971586
0.016195 0.007130 0.001055 0.975619
0.017100 0.008104 0.001151 0.973645
0.019960 0.009185 0.001507 0.969348
0.023966 0.011487 0.001824 0.962724
0.029901 0.015288 0.002231 0.952580
0.022284 0.010504 0.001896 0.965317
0.024950 0.012537 0.001794 0.960720
0.015112 0.007194 0.001093 0.976601
0.016344 0.007896 0.001084 0.974676
0.020607 0.009525 0.001548 0.968320
0.015755 0.007074 0.001078 0.976093
0.026943 0.013903 0.001867 0.957287
0.016526 0.007388 0.001159 0.974926
0.018426 0.008880 0.001188 0.971506
0.013338 0.005834 0.000875 0.979953
0.021249 0.010332 0.001447 0.966972
0.024877 0.011816 0.001811 0.961496
0.022329 0.010747 0.001641 0.965283
0.026920 0.013895 0.001910 0.957276
0.021424 0.010508 0.001520 0.966548
0.018182 0.008816 0.001213 0.971788
0.021116 0.010926 0.001367 0.966591
0.011030 0.005065 0.000670 0.983235
0.023680 0.011628 0.001571 0.963121
0.024508 0.011825 0.001781 0.961886
0.028874 0.014857 0.002042 0.954227
0.015260 0.007399 0.000961 0.976381
0.020492 0.009711 0.001364 0.968434
0.021614 0.010387 0.001501 0.966499
0.020937 0.010503 0.001493 0.967066
0.018888 0.009514 0.001283 0.970316
0.017575 0.008325 0.001247 0.972853
0.018779 0.008994 0.001281 0.970946
0.022487 0.010318 0.001764 0.965430
0.009392 0.004478 0.000529 0.985600
0.012653 0.005696 0.000823 0.980829
0.024525 0.011302 0.001871 0.962302
0.020745 0.009619 0.001394 0.968241
0.012164 0.006033 0.000724 0.981079
0.016260 0.008026 0.001006 0.974708
0.026830 0.013190 0.002004 0.957977
0.020266 0.010303 0.001465 0.967966
0.022801 0.010862 0.001639 0.964698
0.021306 0.010125 0.001457 0.967111
0.022770 0.011075 0.001612 0.964543
0.011119 0.005233 0.000701 0.982948
0.008229 0.003680 0.000533 0.987559
0.021965 0.009954 0.001696 0.966385
0.022240 0.010367 0.001820 0.965572
0.020395 0.009860 0.001397 0.968349
0.009288 0.004299 0.000569 0.985844
0.013082 0.006000 0.000870 0.980048
0.009640 0.004347 0.000570 0.985442
0.015716 0.007061 0.001179 0.976044
0.026768 0.013176 0.002008 0.958048
0.021698 0.010036 0.001623 0.966642
0.030768 0.016035 0.002373 0.950824
0.022227 0.010770 0.001616 0.965387
0.010987 0.004899 0.000722 0.983392
0.018629 0.008813 0.001329 0.971229
0.017085 0.007990 0.001244 0.973682
0.024179 0.012030 0.001660 0.962131
0.018768 0.008647 0.001359 0.971226
0.018702 0.009414 0.001211 0.970672
0.010488 0.004373 0.000659 0.984480
0.017497 0.008416 0.001141 0.972946
0.021773 0.010866 0.001530 0.965831
0.019807 0.009023 0.001401 0.969770
0.029399 0.015208 0.002254 0.953138
0.023160 0.010954 0.001761 0.964125
0.021439 0.010250 0.001496 0.966815
0.014236 0.006810 0.000887 0.978067
0.014230 0.006646 0.000988 0.978135
0.021524 0.009598 0.001522 0.967356
0.027453 0.013796 0.002175 0.956576
0.017930 0.008693 0.001169 0.972208
0.019868 0.009562 0.001333 0.969236
0.009700 0.004398 0.000631 0.985272
0.024108 0.011909 0.001888 0.962094
0.014760 0.006690 0.001092 0.977458
0.022717 0.011364 0.001595 0.964325
0.019691 0.008810 0.001396 0.970104
0.010968 0.005144 0.000727 0.983161
0.010368 0.004646 0.000640 0.984346
0.012949 0.005602 0.000923 0.980527
0.027732 0.013798 0.002172 0.956298
0.017003 0.008084 0.001208 0.973704
0.016482 0.007779 0.001113 0.974626
0.021196 0.009712 0.001636 0.967455
0.019544 0.009023 0.001334 0.970099
0.010743 0.005040 0.000720 0.983496
0.008536 0.003814 0.000535 0.987115
0.022787 0.010449 0.001639 0.965125
0.027631 0.013761 0.002091 0.956516
0.016839 0.008161 0.001101 0.973899
0.009298 0.004106 0.000559 0.986037
0.008935 0.004049 0.000529 0.986487
0.028576 0.013938 0.002094 0.955392
0.021636 0.010083 0.001550 0.966731
0.018971 0.009240 0.001215 0.970574
0.026609 0.013300 0.001898 0.958193
0.018458 0.008877 0.001194 0.971471
0.022032 0.010488 0.001861 0.965619
0.023548 0.012092 0.001569 0.962791
0.021263 0.010202 0.001462 0.967073
0.019989 0.009496 0.001381 0.969134
0.008817 0.003909 0.000514 0.986760
0.006862 0.002999 0.000391 0.989748
0.019469 0.009176 0.001393 0.969962
0.017237 0.008063 0.001090 0.973610
0.029573 0.015286 0.002130 0.953011
0.021841 0.010698 0.001502 0.965959
0.022399 0.010962 0.001486 0.965153
0.012805 0.005953 0.000791 0.980450
0.020868 0.010468 0.001384 0.967280
0.023070 0.011520 0.001523 0.963886
0.024557 0.012391 0.001736 0.961316
0.015172 0.007315 0.000912 0.976601
0.023755 0.011822 0.001589 0.962834
0.015421 0.007369 0.000936 0.976274
0.022539 0.011012 0.001705 0.964744
0.018838 0.009228 0.001196 0.970738
0.023981 0.012072 0.001653 0.962294
0.020688 0.009778 0.001479 0.968055
0.019367 0.009506 0.001242 0.969885
0.010926 0.004742 0.000728 0.983604
0.022245 0.011361 0.001528 0.964865
0.026858 0.012778 0.001939 0.958425
0.011718 0.005656 0.000687 0.981939
0.025023 0.012551 0.001741 0.960685
0.021709 0.010647 0.001427 0.966216
0.026555 0.013236 0.001992 0.958218
0.023632 0.011599 0.002184 0.962585
0.026271 0.013016 0.001861 0.958852
