0.010056 0.004567 0.000641 0.984736
0.012011 0.005696 0.000808 0.981486
0.009896 0.004553 0.000647 0.984903
0.011331 0.005477 0.000753 0.982440
0.010189 0.004683 0.000688 0.984440
0.010388 0.005025 0.000673 0.983914
0.010868 0.005348 0.000711 0.983074
0.010163 0.004847 0.000636 0.984354
0.015932 0.007530 0.001188 0.975350
0.012329 0.005813 0.000821 0.981037
0.013825 0.006478 0.000947 0.978750
0.006816 0.003259 0.000421 0.989504
0.012951 0.006273 0.000911 0.979864
0.013674 0.006398 0.000981 0.978948
0.011370 0.005607 0.000781 0.982243
0.006387 0.002980 0.000417 0.990216
0.019225 0.009350 0.001571 0.969854
0.012065 0.005932 0.000840 0.981163
0.011161 0.005482 0.000733 0.982624
0.007172 0.003414 0.000434 0.988980
0.005855 0.002723 0.000367 0.991055
0.014816 0.006512 0.001117 0.977556
0.011228 0.005386 0.000732 0.982653
0.018994 0.009072 0.001531 0.970402
0.011476 0.005678 0.000745 0.982102
0.011115 0.005312 0.000731 0.982842
0.007043 0.003308 0.000446 0.989204
0.011116 0.005394 0.000709 0.982781
0.013177 0.005839 0.001043 0.979942
0.006809 0.003044 0.000449 0.989698
0.010104 0.004479 0.000700 0.984717
0.007653 0.003686 0.000513 0.988149
0.007072 0.003192 0.000452 0.989284
0.006780 0.002998 0.000439 0.989783
0.007294 0.003396 0.000472 0.988838
0.014621 0.006788 0.001104 0.977486
0.012852 0.006076 0.000911 0.980161
0.018633 0.009173 0.001514 0.970681
0.010989 0.005448 0.000731 0.982832
0.011323 0.005582 0.000764 0.982331
0.007115 0.003413 0.000451 0.989021
0.020548 0.009973 0.001749 0.967730
0.010798 0.005158 0.000732 0.983313
0.011059 0.005423 0.000719 0.982800
0.006370 0.003095 0.000380 0.990155
0.011128 0.005144 0.000756 0.982972
0.010990 0.004909 0.000716 0.983384
0.011991 0.005703 0.000816 0.981489
0.011846 0.005664 0.000786 0.981703
0.010158 0.004964 0.000621 0.984256
0.011360 0.005487 0.000758 0.982395
0.010554 0.005027 0.000672 0.983747
0.011001 0.005414 0.000720 0.982865
0.010737 0.005143 0.000724 0.983396
0.011365 0.005487 0.000762 0.982386
0.015044 0.007222 0.001105 0.976629
0.010743 0.005280 0.000709 0.983268
0.009937 0.004702 0.000645 0.984716
0.006606 0.003081 0.000417 0.989896
0.011988 0.005810 0.000817 0.981384
0.011835 0.005605 0.000797 0.981763
0.010418 0.005143 0.000664 0.983775
0.011267 0.005400 0.000745 0.982588
0.010539 0.004993 0.000669 0.983798
0.011964 0.005822 0.000812 0.981401
0.007575 0.003510 0.000460 0.988455
0.010712 0.005163 0.000699 0.983427
0.008600 0.003998 0.000543 0.986859
0.010325 0.004815 0.000688 0.984172
0.012322 0.005820 0.000848 0.981010
0.011830 0.005763 0.000805 0.981601
0.011960 0.005875 0.000808 0.981357
0.009914 0.004896 0.000625 0.984565
0.010441 0.005179 0.000665 0.983715
0.011419 0.005479 0.000756 0.982346
0.011144 0.005294 0.000741 0.982822
0.010879 0.005345 0.000720 0.983056
0.010167 0.004967 0.000644 0.984222
0.015901 0.007776 0.001197 0.975126
0.008383 0.003895 0.000532 0.987189
0.011296 0.005311 0.000701 0.982692
0.007988 0.003813 0.000509 0.987689
0.012239 0.005685 0.000829 0.981247
0.013062 0.005959 0.000933 0.980047
0.006852 0.003139 0.000426 0.989584
0.010328 0.005004 0.000657 0.984011
0.011326 0.005546 0.000754 0.982374
0.016153 0.007674 0.001230 0.974944
0.013807 0.006433 0.001010 0.978750
0.011185 0.005199 0.000780 0.982836
0.006608 0.003108 0.000403 0.989881
0.005999 0.002772 0.000374 0.990855
0.006333 0.002832 0.000421 0.990414
0.018512 0.008339 0.001529 0.971620
0.016182 0.007571 0.001249 0.974999
0.010501 0.005212 0.000671 0.983616
0.006012 0.002768 0.000363 0.990857
0.005956 0.002778 0.000359 0.990907
0.013487 0.006050 0.000972 0.979491
0.006572 0.002899 0.000407 0.990122
0.010319 0.005048 0.000657 0.983976
0.012191 0.005767 0.000792 0.981250
0.010320 0.004907 0.000660 0.984113
0.011753 0.005586 0.000748 0.981913
0.011098 0.005192 0.000742 0.982968
0.006541 0.002949 0.000393 0.990117
0.016092 0.007530 0.001202 0.975175
0.010720 0.005013 0.000689 0.983577
0.013814 0.006439 0.000989 0.978758
0.006888 0.003193 0.000432 0.989487
0.015368 0.007195 0.001186 0.976251
0.007225 0.003207 0.000481 0.989087
0.018600 0.008997 0.001494 0.970908
0.006088 0.002805 0.000396 0.990711
0.011708 0.005664 0.000765 0.981863
0.011206 0.005141 0.000855 0.982799
0.014548 0.006817 0.000994 0.977641
0.010652 0.004749 0.000725 0.983874
0.007595 0.003591 0.000476 0.988337
0.012701 0.006139 0.000908 0.980251
0.011256 0.005372 0.000770 0.982602
0.018170 0.008966 0.001465 0.971399
0.018795 0.009204 0.001536 0.970465
0.012203 0.006012 0.000858 0.980926
0.006791 0.003271 0.000420 0.989518
0.008759 0.004119 0.000609 0.986513
0.005717 0.002503 0.000368 0.991412
0.010115 0.004652 0.000649 0.984584
0.006096 0.002864 0.000380 0.990660
0.010975 0.005061 0.000725 0.983239
0.012203 0.005605 0.000861 0.981331
0.008920 0.004129 0.000554 0.986397
0.010623 0.004978 0.000695 0.983703
0.010992 0.005224 0.000698 0.983086
0.009913 0.004706 0.000615 0.984765
0.010437 0.005091 0.000659 0.983813
0.013147 0.006173 0.000885 0.979795
0.011587 0.005354 0.000763 0.982297
0.010860 0.005317 0.000739 0.983083
0.010287 0.004877 0.000656 0.984180
0.015365 0.007505 0.001113 0.976017
0.012221 0.005756 0.000822 0.981200
0.008630 0.003996 0.000562 0.986813
0.006957 0.003286 0.000445 0.989312
0.017611 0.008493 0.001377 0.972519
0.009991 0.004442 0.000673 0.984895
0.005337 0.002498 0.000321 0.991844
0.010587 0.004939 0.000780 0.983694
0.014993 0.006606 0.001243 0.977158
0.012735 0.005851 0.000893 0.980520
0.007323 0.003551 0.000431 0.988696
0.006292 0.002940 0.000385 0.990384
0.012947 0.005604 0.000941 0.980508
0.012095 0.005376 0.000831 0.981698
0.016298 0.007700 0.001243 0.974759
0.007006 0.003194 0.000455 0.989344
0.017074 0.007977 0.001314 0.973634
0.007307 0.003514 0.000476 0.988703
0.013189 0.006219 0.000888 0.979704
0.006319 0.002841 0.000381 0.990459
0.005766 0.002675 0.000348 0.991211
0.011479 0.004901 0.000797 0.982824
0.015320 0.006885 0.001196 0.976599
0.011987 0.005643 0.000807 0.981563
0.011306 0.005385 0.000749 0.982561
0.007059 0.003370 0.000467 0.989103
0.012149 0.005847 0.000837 0.981166
0.006691 0.002885 0.000438 0.989985
0.007451 0.003494 0.000487 0.988568
0.012010 0.005817 0.000796 0.981376
0.016311 0.007705 0.001283 0.974700
0.011996 0.005731 0.000800 0.981473
0.009929 0.004574 0.000640 0.984857
0.005905 0.002778 0.000370 0.990946
0.011181 0.005372 0.000737 0.982710
0.013326 0.005872 0.001002 0.979800
0.018062 0.008501 0.001438 0.971999
0.011217 0.005497 0.000732 0.982554
0.006385 0.003021 0.000398 0.990196
0.009155 0.004268 0.000653 0.985924
0.015114 0.006912 0.001100 0.976874
0.010256 0.004813 0.000671 0.984259
0.009520 0.004630 0.000685 0.985165
0.012580 0.005857 0.000873 0.980690
0.012185 0.005683 0.000830 0.981302
0.007588 0.003605 0.000497 0.988310
0.010969 0.005312 0.000710 0.983009
0.016514 0.007735 0.001298 0.974453
0.011691 0.005577 0.000780 0.981952
0.011010 0.005221 0.000710 0.983060
0.006027 0.002858 0.000362 0.990753
0.010347 0.004606 0.000774 0.984273
0.008397 0.003574 0.000605 0.987424
0.011394 0.005408 0.000749 0.982449
0.005731 0.002749 0.000333 0.991186
0.007294 0.003424 0.000456 0.988826
0.012225 0.005324 0.000874 0.981576
0.012611 0.005815 0.000870 0.980704
0.010822 0.005170 0.000681 0.983327
0.008873 0.004111 0.000556 0.986460
0.009064 0.004197 0.000581 0.986158
0.011210 0.005218 0.000749 0.982823
0.019334 0.009096 0.001522 0.970048
0.011678 0.005673 0.000793 0.981856
0.011539 0.005718 0.000749 0.981994
0.006264 0.002963 0.000379 0.990394
0.011519 0.005593 0.000763 0.982125
0.009079 0.004097 0.000621 0.986203
0.006507 0.002901 0.000405 0.990187
0.017819 0.008316 0.001379 0.972487
0.011268 0.005325 0.000728 0.982680
0.012299 0.005989 0.000848 0.980864
0.006282 0.002942 0.000384 0.990393
0.011100 0.005125 0.000711 0.983065
0.005822 0.002682 0.000350 0.991146
0.011562 0.005414 0.000783 0.982240
0.014289 0.006251 0.001094 0.978365
0.013928 0.006577 0.001026 0.978469
0.009180 0.004188 0.000593 0.986039
0.007718 0.003604 0.000537 0.988142
0.006955 0.003252 0.000434 0.989359
0.011248 0.005056 0.000767 0.982929
0.006421 0.002985 0.000385 0.990208
0.013523 0.006416 0.000935 0.979127
0.006360 0.002685 0.000411 0.990544
0.010409 0.005070 0.000663 0.983858
0.012207 0.005889 0.000841 0.981063
0.011336 0.005592 0.000720 0.982352
0.010633 0.005259 0.000672 0.983436
0.010737 0.005177 0.000681 0.983405
0.019583 0.009337 0.001542 0.969537
0.007359 0.003317 0.000467 0.988857
0.011884 0.005758 0.000849 0.981509
0.006777 0.003260 0.000430 0.989532
0.017057 0.008258 0.001301 0.973384
0.010033 0.004357 0.000773 0.984837
0.011589 0.005632 0.000768 0.982011
0.006447 0.003064 0.000423 0.990066
0.010066 0.004698 0.000747 0.984488
0.011057 0.005152 0.000737 0.983054
0.006205 0.002835 0.000372 0.990588
0.006770 0.003197 0.000406 0.989627
0.012265 0.005477 0.000868 0.981390
0.009083 0.003972 0.000570 0.986375
0.011688 0.005477 0.000796 0.982038
0.010918 0.005217 0.000723 0.983142
0.009827 0.004820 0.000623 0.984730
0.017525 0.008565 0.001351 0.972559
0.009254 0.004326 0.000589 0.985831
0.010401 0.005016 0.000645 0.983937
0.007002 0.003312 0.000435 0.989250
0.011554 0.005336 0.000716 0.982394
0.011762 0.005309 0.000804 0.982126
0.008590 0.004075 0.000542 0.986792
0.015695 0.007159 0.001224 0.975923
0.010520 0.004706 0.000779 0.983995
0.011473 0.005523 0.000771 0.982232
0.005661 0.002691 0.000346 0.991302
0.009188 0.004331 0.000638 0.985843
0.018135 0.008033 0.001538 0.972294
0.011090 0.005056 0.000746 0.983108
0.006468 0.003084 0.000391 0.990056
0.007152 0.003325 0.000460 0.989063
0.008645 0.003692 0.000601 0.987062
0.015652 0.007243 0.001129 0.975976
0.011513 0.005684 0.000773 0.982031
0.006214 0.002873 0.000364 0.990549
0.011889 0.005792 0.000820 0.981499
0.013551 0.006389 0.000991 0.979069
0.017055 0.008242 0.001383 0.973321
0.017208 0.008200 0.001326 0.973266
0.009827 0.004633 0.000693 0.984847
0.007152 0.003353 0.000454 0.989042
0.006464 0.002898 0.000401 0.990237
0.006639 0.002963 0.000425 0.989973
0.013226 0.005676 0.001077 0.980021
0.011054 0.004975 0.000756 0.983214
0.009268 0.004338 0.000602 0.985792
0.011191 0.005313 0.000842 0.982654
0.013436 0.006477 0.000948 0.979138
0.011613 0.005423 0.000808 0.982157
0.006660 0.003225 0.000405 0.989710
0.018110 0.008804 0.001443 0.971642
0.011708 0.005339 0.000813 0.982139
0.006872 0.003105 0.000443 0.989581
0.006726 0.003146 0.000419 0.989709
0.018144 0.008761 0.001464 0.971631
0.015433 0.006958 0.001088 0.976521
0.010110 0.004956 0.000630 0.984304
0.006404 0.003104 0.000384 0.990108
0.012382 0.005769 0.000845 0.981004
0.012184 0.005447 0.000846 0.981524
0.010502 0.005158 0.000681 0.983659
0.010644 0.004996 0.000687 0.983674
0.006197 0.002836 0.000376 0.990590
0.008448 0.003848 0.000539 0.987165
0.010472 0.004862 0.000644 0.984022
0.004971 0.002325 0.000284 0.992420
0.010873 0.005006 0.000722 0.983399
0.010890 0.004998 0.000723 0.983389
0.010948 0.005329 0.000725 0.982998
0.010720 0.004946 0.000707 0.983627
0.010552 0.005058 0.000657 0.983733
0.011076 0.005360 0.000731 0.982833
0.010921 0.005169 0.000718 0.983192
0.009943 0.004836 0.000602 0.984620
0.010613 0.005062 0.000671 0.983654
0.010296 0.004825 0.000664 0.984215
0.012456 0.005751 0.000882 0.980910
0.011242 0.005416 0.000741 0.982601
0.008809 0.004098 0.000550 0.986543
0.006274 0.002912 0.000391 0.990424
0.010519 0.004926 0.000707 0.983848
0.017823 0.008306 0.001481 0.972390
0.015379 0.007452 0.001136 0.976033
0.011008 0.005166 0.000715 0.983111
0.007087 0.003348 0.000421 0.989144
0.007174 0.003340 0.000433 0.989053
0.014575 0.006380 0.001049 0.977995
0.012026 0.005405 0.000849 0.981720
0.018412 0.008736 0.001468 0.971384
0.017480 0.008464 0.001412 0.972644
0.010791 0.005355 0.000704 0.983151
0.011132 0.005337 0.000803 0.982728
0.012111 0.005709 0.000905 0.981275
0.013705 0.006297 0.000967 0.979031
0.006838 0.003118 0.000426 0.989618
0.007161 0.003354 0.000456 0.989028
0.016320 0.007155 0.001248 0.975276
0.018147 0.008407 0.001560 0.971887
0.013987 0.006612 0.001023 0.978377
0.014123 0.006830 0.001037 0.978010
0.007456 0.003625 0.000493 0.988426
0.006306 0.002891 0.000418 0.990385
0.006718 0.002969 0.000438 0.989874
0.008625 0.003908 0.000597 0.986870
0.012434 0.005775 0.000875 0.980917
0.010712 0.004859 0.000683 0.983746
0.005554 0.002608 0.000332 0.991506
0.008925 0.004098 0.000562 0.986414
0.006462 0.002792 0.000405 0.990341
0.011028 0.005205 0.000698 0.983068
0.010964 0.005146 0.000715 0.983175
0.011386 0.005399 0.000744 0.982471
0.008521 0.003889 0.000563 0.987027
0.011612 0.005623 0.000768 0.981998
0.010244 0.004801 0.000658 0.984296
0.006675 0.003132 0.000402 0.989790
0.013528 0.006269 0.000973 0.979230
0.014494 0.006186 0.001184 0.978137
0.013784 0.006383 0.001034 0.978799
0.007953 0.003699 0.000564 0.987784
0.007249 0.003393 0.000461 0.988898
0.011244 0.005073 0.000865 0.982818
0.007534 0.003398 0.000492 0.988577
0.009668 0.004197 0.000628 0.985507
0.006406 0.002893 0.000384 0.990317
0.009272 0.004282 0.000571 0.985875
0.012577 0.005411 0.000911 0.981101
0.008795 0.004070 0.000568 0.986567
0.018847 0.009132 0.001545 0.970477
0.017220 0.008520 0.001351 0.972909
0.014296 0.007132 0.001089 0.977483
0.007000 0.003324 0.000451 0.989226
0.011415 0.005392 0.000846 0.982347
0.009281 0.004184 0.000670 0.985865
0.013868 0.006248 0.000979 0.978904
0.007277 0.003366 0.000460 0.988896
0.006474 0.003043 0.000417 0.990066
0.016080 0.007346 0.001205 0.975369
0.014020 0.006452 0.001043 0.978485
0.018282 0.008665 0.001488 0.971565
0.010734 0.005326 0.000684 0.983256
0.007111 0.003445 0.000466 0.988977
0.007131 0.003318 0.000458 0.989093
0.012705 0.005651 0.000889 0.980755
0.010498 0.004753 0.000829 0.983920
0.011695 0.005667 0.000778 0.981861
0.011535 0.005505 0.000729 0.982232
0.006277 0.003036 0.000366 0.990321
0.010915 0.005085 0.000737 0.983263
0.009050 0.003955 0.000584 0.986412
0.016228 0.007670 0.001191 0.974911
0.009008 0.004087 0.000591 0.986314
0.011363 0.005263 0.000732 0.982642
0.006662 0.003147 0.000424 0.989768
0.012192 0.005699 0.000808 0.981301
0.010295 0.004612 0.000656 0.984437
0.005695 0.002658 0.000339 0.991307
0.017678 0.008220 0.001386 0.972717
0.011882 0.005358 0.000825 0.981936
0.006565 0.002988 0.000406 0.990041
0.006557 0.003046 0.000404 0.989993
0.015782 0.007635 0.001183 0.975400
0.017479 0.007795 0.001493 0.973232
0.009102 0.004189 0.000584 0.986125
0.006793 0.003201 0.000416 0.989590
0.007487 0.003511 0.000489 0.988512
0.011433 0.005037 0.000777 0.982753
0.011739 0.005327 0.000822 0.982112
0.005817 0.002697 0.000333 0.991153
0.011107 0.005405 0.000687 0.982801
0.009575 0.004500 0.000590 0.985336
0.009756 0.004652 0.000592 0.985000
0.010852 0.005109 0.000691 0.983349
0.009900 0.004599 0.000633 0.984869
0.011351 0.005336 0.000799 0.982514
0.010258 0.004764 0.000633 0.984345
0.011373 0.005440 0.000769 0.982419
0.008515 0.003999 0.000535 0.986951
0.010305 0.004871 0.000635 0.984189
0.005935 0.002761 0.000366 0.990938
0.009323 0.004241 0.000605 0.985831
0.010954 0.005109 0.000721 0.983216
0.011389 0.005529 0.000748 0.982333
0.010067 0.004684 0.000664 0.984584
0.010737 0.005195 0.000700 0.983367
0.011828 0.005788 0.000787 0.981597
0.013077 0.006202 0.000862 0.979860
0.010523 0.005141 0.000677 0.983660
0.010850 0.005138 0.000712 0.983301
0.011212 0.005234 0.000730 0.982823
0.010171 0.004978 0.000636 0.984215
0.011744 0.005568 0.000812 0.981876
0.016038 0.007591 0.001185 0.975185
0.011087 0.005272 0.000743 0.982898
0.011676 0.005464 0.000764 0.982097
0.007670 0.003576 0.000503 0.988250
0.005519 0.002555 0.000347 0.991579
0.009564 0.004134 0.000634 0.985668
0.009034 0.004195 0.000653 0.986117
0.019341 0.009072 0.001601 0.969985
0.011389 0.005328 0.000778 0.982504
0.006866 0.003273 0.000437 0.989424
0.007005 0.003307 0.000439 0.989249
0.014545 0.006761 0.001040 0.977654
0.006688 0.002911 0.000439 0.989962
0.008656 0.003985 0.000539 0.986821
0.011425 0.005599 0.000727 0.982250
0.010081 0.004711 0.000656 0.984551
0.006105 0.002746 0.000362 0.990787
0.012229 0.005732 0.000800 0.981240
0.009077 0.004139 0.000591 0.986193
0.010965 0.005163 0.000712 0.983161
0.011084 0.005379 0.000730 0.982807
0.013100 0.006046 0.000992 0.979862
0.006792 0.003014 0.000449 0.989745
0.011288 0.005507 0.000738 0.982468
0.008263 0.003944 0.000569 0.987225
0.011872 0.005759 0.000807 0.981562
0.008313 0.003742 0.000529 0.987417
0.006353 0.003016 0.000376 0.990255
0.006274 0.002832 0.000374 0.990521
0.013271 0.005902 0.000959 0.979868
0.009647 0.004506 0.000623 0.985224
0.010241 0.004976 0.000645 0.984138
0.011801 0.005741 0.000785 0.981673
0.009549 0.004442 0.000612 0.985397
0.011665 0.005657 0.000789 0.981889
0.008637 0.004032 0.000557 0.986775
0.012024 0.005795 0.000801 0.981380
0.010144 0.004901 0.000671 0.984284
0.009730 0.004796 0.000599 0.984876
0.007615 0.003499 0.000514 0.988372
0.011587 0.005437 0.000785 0.982190
0.006795 0.003102 0.000424 0.989679
0.007556 0.003549 0.000491 0.988404
0.012470 0.005978 0.000861 0.980690
0.012357 0.005834 0.000863 0.980946
0.006398 0.002959 0.000381 0.990262
0.006090 0.002805 0.000363 0.990742
0.012687 0.005969 0.000893 0.980451
0.010567 0.005058 0.000658 0.983717
0.013531 0.006703 0.000946 0.978820
0.012451 0.005899 0.000828 0.980822
0.007504 0.003301 0.000465 0.988730
0.006933 0.003299 0.000431 0.989337
0.013000 0.006063 0.000901 0.980036
0.014171 0.006645 0.001020 0.978164
0.010442 0.005067 0.000695 0.983796
0.010364 0.004816 0.000706 0.984114
0.009864 0.004702 0.000693 0.984741
0.011832 0.005477 0.000800 0.981891
0.007366 0.003334 0.000483 0.988816
0.007192 0.003366 0.000452 0.988990
0.016344 0.007115 0.001310 0.975230
0.010893 0.005096 0.000724 0.983287
0.011492 0.005478 0.000704 0.982326
0.006679 0.003116 0.000452 0.989753
0.011134 0.005232 0.000738 0.982896
0.014471 0.006867 0.001051 0.977610
0.006779 0.003256 0.000416 0.989549
0.010939 0.005098 0.000743 0.983220
0.007091 0.003187 0.000447 0.989275
0.014701 0.006854 0.001051 0.977394
0.012311 0.005663 0.000872 0.981154
0.011399 0.005369 0.000736 0.982496
0.005605 0.002607 0.000335 0.991454
0.006367 0.002859 0.000411 0.990362
0.007385 0.003213 0.000480 0.988922
0.014407 0.006750 0.001067 0.977776
0.011968 0.005863 0.000794 0.981375
0.012589 0.006173 0.000849 0.980389
0.006518 0.003038 0.000407 0.990037
0.011429 0.005526 0.000798 0.982247
0.010790 0.005133 0.000706 0.983371
0.011896 0.005558 0.000824 0.981722
0.011564 0.005455 0.000774 0.982208
0.013920 0.006607 0.001051 0.978422
0.008416 0.003975 0.000581 0.987028
0.013980 0.006759 0.001031 0.978231
0.006122 0.002800 0.000387 0.990691
0.006941 0.003288 0.000416 0.989355
0.006791 0.003054 0.000445 0.989709
0.011639 0.005020 0.000861 0.982480
0.011701 0.005454 0.000783 0.982062
0.016525 0.007869 0.001182 0.974425
0.012123 0.005708 0.000797 0.981372
0.010090 0.004827 0.000606 0.984477
0.007019 0.003287 0.000436 0.989258
0.011310 0.005200 0.000707 0.982783
0.011461 0.005209 0.000815 0.982515
0.010346 0.004915 0.000697 0.984042
0.007575 0.003393 0.000507 0.988525
0.017636 0.008516 0.001395 0.972453
0.012974 0.006372 0.000844 0.979810
0.005441 0.002535 0.000333 0.991691
0.007369 0.003452 0.000492 0.988687
0.018874 0.008537 0.001564 0.971025
0.011356 0.005138 0.000772 0.982735
0.006611 0.003150 0.000400 0.989839
0.006019 0.002820 0.000361 0.990799
0.016127 0.006997 0.001294 0.975581
0.012573 0.005596 0.000882 0.980949
0.010098 0.004955 0.000617 0.984330
0.005652 0.002649 0.000334 0.991366
0.011463 0.005369 0.000741 0.982427
0.012230 0.005584 0.000846 0.981340
0.012170 0.005763 0.000827 0.981240
0.010348 0.005021 0.000663 0.983967
0.015544 0.007656 0.001193 0.975606
0.011562 0.005472 0.000786 0.982180
0.015821 0.007741 0.001211 0.975227
0.010689 0.005135 0.000794 0.983382
0.011486 0.005508 0.000774 0.982232
0.006371 0.002925 0.000389 0.990315
0.007691 0.003629 0.000495 0.988184
0.016421 0.007280 0.001194 0.975105
0.010654 0.004951 0.000702 0.983693
0.010488 0.004966 0.000666 0.983881
0.008778 0.004043 0.000545 0.986635
0.009339 0.004277 0.000600 0.985784
0.009567 0.004351 0.000656 0.985425
0.010634 0.004970 0.000682 0.983715
0.014053 0.006829 0.001029 0.978089
0.011224 0.005347 0.000740 0.982689
0.011671 0.005652 0.000774 0.981904
0.005101 0.002416 0.000300 0.992183
0.012401 0.005962 0.000830 0.980806
0.018247 0.008232 0.001595 0.971926
0.011595 0.005682 0.000753 0.981970
0.011514 0.005582 0.000759 0.982145
0.006350 0.003029 0.000382 0.990239
0.012098 0.005884 0.000861 0.981156
0.015213 0.006857 0.001106 0.976824
0.014909 0.007310 0.001097 0.976684
0.008679 0.004095 0.000551 0.986675
0.006345 0.002855 0.000384 0.990416
0.006835 0.003222 0.000435 0.989508
0.011035 0.005078 0.000730 0.983157
0.012759 0.005794 0.000884 0.980563
0.010139 0.005000 0.000637 0.984224
0.010313 0.004780 0.000707 0.984200
0.011549 0.005343 0.000780 0.982328
0.010549 0.005169 0.000682 0.983600
0.011467 0.005601 0.000740 0.982192
0.011488 0.005437 0.000774 0.982300
0.008344 0.003852 0.000531 0.987273
0.010664 0.005170 0.000684 0.983482
0.012226 0.006003 0.000813 0.980958
0.010580 0.004959 0.000691 0.983771
0.011469 0.005513 0.000718 0.982299
0.012118 0.006004 0.000841 0.981037
0.011821 0.005557 0.000776 0.981846
0.010289 0.004834 0.000637 0.984240
0.005844 0.002746 0.000341 0.991070
0.017600 0.008163 0.001397 0.972840
0.011953 0.005342 0.000834 0.981871
0.011192 0.005461 0.000755 0.982591
0.006030 0.002869 0.000368 0.990733
0.012508 0.005753 0.000869 0.980871
0.005522 0.002518 0.000342 0.991619
0.009165 0.004189 0.000575 0.986071
0.005809 0.002625 0.000349 0.991218
0.010319 0.004827 0.000645 0.984208
0.008670 0.003886 0.000560 0.986885
0.008830 0.004088 0.000550 0.986532
0.010049 0.004747 0.000637 0.984567
0.011451 0.005382 0.000758 0.982409
0.010245 0.004860 0.000643 0.984252
0.018503 0.008992 0.001419 0.971086
0.011585 0.005483 0.000782 0.982151
0.011148 0.005401 0.000740 0.982712
0.007323 0.003509 0.000445 0.988724
0.012100 0.005628 0.000816 0.981456
0.017618 0.007981 0.001490 0.972911
0.011642 0.005464 0.000782 0.982113
0.007095 0.003222 0.000454 0.989229
0.008201 0.003869 0.000521 0.987409
0.011715 0.005482 0.000779 0.982024
0.007124 0.003202 0.000462 0.989212
0.011981 0.005341 0.000923 0.981755
0.019291 0.009028 0.001603 0.970078
0.010981 0.005450 0.000721 0.982848
0.007232 0.003503 0.000432 0.988832
0.012354 0.005776 0.000962 0.980908
0.013720 0.006057 0.001007 0.979217
0.012373 0.005788 0.000853 0.980986
0.008034 0.003812 0.000553 0.987601
0.013735 0.006371 0.000981 0.978913
0.005872 0.002611 0.000396 0.991122
0.007452 0.003487 0.000501 0.988559
0.007558 0.003407 0.000513 0.988522
0.009023 0.003860 0.000654 0.986462
0.006840 0.003125 0.000424 0.989612
0.005540 0.002560 0.000328 0.991571
0.009004 0.004078 0.000615 0.986303
0.012005 0.005403 0.000831 0.981761
0.015561 0.006949 0.001250 0.976241
0.006926 0.003269 0.000429 0.989376
0.010814 0.005239 0.000698 0.983249
0.010383 0.004790 0.000812 0.984015
0.013565 0.006380 0.000915 0.979139
0.017083 0.007634 0.001374 0.973909
0.007973 0.003786 0.000500 0.987741
0.011918 0.005557 0.000776 0.981749
0.008477 0.003814 0.000534 0.987175
0.012573 0.005860 0.000875 0.980691
0.006649 0.002881 0.000401 0.990069
0.011153 0.005181 0.000797 0.982869
0.010977 0.005172 0.000733 0.983118
0.011335 0.005354 0.000727 0.982583
0.006653 0.003076 0.000458 0.989813
0.011483 0.005316 0.000798 0.982404
0.006720 0.003056 0.000444 0.989781
0.007382 0.003443 0.000490 0.988686
0.005518 0.002423 0.000356 0.991703
0.006160 0.002771 0.000378 0.990691
0.011960 0.005447 0.000912 0.981681
0.007563 0.003277 0.000494 0.988666
0.010325 0.004883 0.000669 0.984124
0.006725 0.003195 0.000403 0.989677
0.011410 0.005322 0.000750 0.982518
0.017137 0.007770 0.001479 0.973614
0.011358 0.005374 0.000770 0.982499
0.013364 0.006240 0.000938 0.979458
0.008277 0.003949 0.000595 0.987179
0.013032 0.006077 0.000862 0.980029
0.008640 0.003827 0.000635 0.986899
0.006721 0.003128 0.000424 0.989727
0.011777 0.005488 0.000800 0.981934
0.006173 0.002827 0.000389 0.990610
0.010806 0.005243 0.000698 0.983253
0.011738 0.005343 0.000814 0.982105
0.013542 0.006396 0.000976 0.979086
0.010742 0.005142 0.000703 0.983413
0.009927 0.004864 0.000615 0.984594
0.005617 0.002650 0.000334 0.991398
0.009591 0.004389 0.000602 0.985417
0.009876 0.004375 0.000645 0.985104
0.009299 0.004315 0.000580 0.985806
0.010008 0.004581 0.000669 0.984742
0.010498 0.004875 0.000675 0.983952
0.009693 0.004758 0.000603 0.984945
0.010344 0.004844 0.000667 0.984145
0.009596 0.004466 0.000597 0.985340
0.007598 0.003462 0.000474 0.988466
0.009117 0.004217 0.000556 0.986110
0.011018 0.005306 0.000682 0.982994
0.009748 0.004543 0.000605 0.985103
0.008203 0.003726 0.000507 0.987563
0.010763 0.005047 0.000701 0.983488
0.012545 0.005723 0.000940 0.980792
0.011016 0.005143 0.000793 0.983049
0.007784 0.003449 0.000529 0.988238
0.007593 0.003521 0.000523 0.988363
0.006059 0.002774 0.000386 0.990780
0.005788 0.002604 0.000348 0.991260
0.009404 0.004233 0.000681 0.985682
0.009533 0.004160 0.000632 0.985676
0.008228 0.003613 0.000515 0.987644
0.007196 0.003397 0.000421 0.988987
0.010887 0.005084 0.000707 0.983321
0.008645 0.003811 0.000554 0.986990
0.010374 0.004778 0.000670 0.984178
0.009275 0.004168 0.000589 0.985968
0.014933 0.007264 0.001184 0.976619
0.010904 0.005178 0.000707 0.983211
0.010394 0.004879 0.000662 0.984065
0.007354 0.003480 0.000459 0.988706
0.008865 0.004036 0.000557 0.986542
0.007326 0.003249 0.000499 0.988926
0.009610 0.004285 0.000694 0.985411
0.012027 0.005490 0.000814 0.981669
0.005605 0.002647 0.000340 0.991408
0.007155 0.003393 0.000443 0.989008
0.015233 0.006616 0.001234 0.976916
0.006412 0.002794 0.000405 0.990389
0.008205 0.003740 0.000495 0.987560
0.006868 0.003222 0.000423 0.989488
0.015426 0.007141 0.001196 0.976237
0.011285 0.005222 0.000806 0.982688
0.012179 0.005736 0.000827 0.981257
0.006825 0.003252 0.000426 0.989497
0.011535 0.005440 0.000772 0.982252
0.013585 0.005950 0.001051 0.979413
0.006200 0.002878 0.000389 0.990534
0.011749 0.005658 0.000798 0.981796
0.007658 0.003486 0.000509 0.988347
0.011965 0.005823 0.000776 0.981436
0.014496 0.006758 0.001017 0.977729
0.012096 0.005731 0.000797 0.981376
0.011000 0.005203 0.000700 0.983097
0.009936 0.004887 0.000610 0.984567
0.009136 0.004244 0.000607 0.986013
0.013476 0.006121 0.001023 0.979379
0.009766 0.004529 0.000664 0.985041
0.016006 0.007454 0.001235 0.975306
0.007021 0.003356 0.000436 0.989187
0.006116 0.002840 0.000381 0.990663
0.007136 0.003170 0.000456 0.989239
0.011927 0.005580 0.000802 0.981691
0.010356 0.004611 0.000707 0.984326
0.009399 0.004349 0.000611 0.985641
0.006619 0.002987 0.000402 0.989992
0.010517 0.004983 0.000681 0.983819
0.011124 0.005311 0.000740 0.982824
0.011375 0.005383 0.000771 0.982471
0.013587 0.006606 0.000909 0.978899
0.009955 0.004931 0.000620 0.984494
0.011042 0.005499 0.000721 0.982737
0.010165 0.004791 0.000653 0.984392
0.010935 0.005287 0.000713 0.983064
0.013412 0.006403 0.000977 0.979208
0.011961 0.005825 0.000762 0.981452
0.008905 0.004171 0.000563 0.986361
0.006770 0.003034 0.000420 0.989776
0.011478 0.005372 0.000728 0.982422
0.006350 0.003001 0.000399 0.990250
0.011105 0.005166 0.000792 0.982937
0.015634 0.007536 0.001141 0.975689
0.012109 0.005947 0.000828 0.981117
0.008868 0.004121 0.000560 0.986451
0.006840 0.003189 0.000436 0.989535
0.005534 0.002584 0.000337 0.991545
0.011665 0.005137 0.000827 0.982371
0.011738 0.005548 0.000749 0.981965
0.011152 0.005398 0.000749 0.982700
0.005366 0.002574 0.000323 0.991737
0.006587 0.002925 0.000399 0.990089
0.009451 0.004348 0.000692 0.985509
0.011994 0.005580 0.000853 0.981573
0.011921 0.005396 0.000787 0.981897
0.007177 0.003439 0.000463 0.988921
0.011531 0.005398 0.000766 0.982305
0.016342 0.007310 0.001264 0.975084
0.005942 0.002790 0.000365 0.990903
0.009429 0.004323 0.000633 0.985616
0.006932 0.003175 0.000443 0.989451
0.013969 0.006396 0.001023 0.978612
0.011038 0.005105 0.000748 0.983109
0.008606 0.004081 0.000514 0.986799
0.006094 0.002810 0.000376 0.990720
0.012057 0.005612 0.000781 0.981550
0.009852 0.004653 0.000610 0.984884
0.009240 0.004346 0.000565 0.985849
0.008792 0.004014 0.000533 0.986661
0.010125 0.004797 0.000619 0.984458
0.008950 0.004132 0.000578 0.986340
0.011649 0.005375 0.000765 0.982211
0.013626 0.006463 0.000961 0.978950
0.013800 0.006324 0.001057 0.978820
0.009619 0.004338 0.000636 0.985407
0.006615 0.003062 0.000415 0.989908
0.007958 0.003734 0.000514 0.987794
0.013114 0.005898 0.000932 0.980057
0.015147 0.006880 0.001137 0.976835
0.007279 0.003302 0.000458 0.988961
0.008471 0.003879 0.000520 0.987130
0.005717 0.002645 0.000354 0.991283
0.009626 0.004439 0.000630 0.985305
0.012349 0.005497 0.000894 0.981261
0.012151 0.005915 0.000832 0.981102
0.008923 0.004171 0.000566 0.986340
0.008680 0.004052 0.000595 0.986673
0.012723 0.006153 0.000859 0.980265
0.006759 0.003002 0.000434 0.989805
0.008119 0.003787 0.000544 0.987550
0.011515 0.005472 0.000767 0.982246
0.011675 0.005501 0.000824 0.982000
0.011035 0.005363 0.000717 0.982885
0.009078 0.004265 0.000570 0.986087
0.007565 0.003534 0.000518 0.988383
0.009454 0.004269 0.000612 0.985666
0.006964 0.003146 0.000431 0.989459
0.005825 0.002725 0.000345 0.991105
0.015208 0.006734 0.001219 0.976839
0.014699 0.006603 0.001152 0.977546
0.010111 0.004681 0.000659 0.984549
0.007549 0.003566 0.000527 0.988358
0.008530 0.003991 0.000547 0.986932
0.014935 0.006911 0.001085 0.977069
0.010789 0.005134 0.000739 0.983338
0.009817 0.004601 0.000626 0.984956
0.007130 0.003296 0.000501 0.989074
0.011062 0.005324 0.000777 0.982836
0.011605 0.005675 0.000747 0.981973
0.008228 0.003956 0.000565 0.987250
0.008125 0.003663 0.000509 0.987703
0.011986 0.005390 0.000799 0.981825
0.007196 0.003420 0.000442 0.988942
0.012526 0.005876 0.000921 0.980678
0.011094 0.005185 0.000707 0.983013
0.012826 0.006204 0.000923 0.980047
0.009378 0.004414 0.000591 0.985617
0.011645 0.005471 0.000850 0.982034
0.007104 0.003236 0.000477 0.989182
0.011062 0.005347 0.000754 0.982837
0.005346 0.002413 0.000338 0.991903
0.006766 0.003157 0.000434 0.989643
0.006897 0.003138 0.000477 0.989488
0.006648 0.002854 0.000429 0.990068
0.005974 0.002742 0.000359 0.990925
0.006365 0.002986 0.000383 0.990267
0.010712 0.004676 0.000728 0.983883
0.011890 0.005381 0.000824 0.981904
0.011281 0.005271 0.000758 0.982689
0.011316 0.005515 0.000757 0.982412
0.009646 0.004544 0.000627 0.985183
0.012794 0.006180 0.000868 0.980159
0.010201 0.005014 0.000632 0.984154
0.010365 0.005182 0.000624 0.983829
0.010274 0.004856 0.000666 0.984204
0.010967 0.005015 0.000687 0.983332
0.011085 0.005194 0.000711 0.983009
0.010492 0.005002 0.000654 0.983852
0.017442 0.008133 0.001426 0.972999
0.011278 0.005311 0.000746 0.982665
0.014383 0.006748 0.001101 0.977768
0.005876 0.002788 0.000368 0.990968
0.014528 0.006969 0.001045 0.977458
0.009363 0.004273 0.000656 0.985708
0.014496 0.006815 0.001046 0.977644
0.006079 0.002795 0.000380 0.990746
0.006882 0.003223 0.000425 0.989471
0.010914 0.004908 0.000912 0.983266
0.012823 0.005950 0.000957 0.980270
0.011195 0.005041 0.000830 0.982933
0.009069 0.004277 0.000636 0.986018
0.013167 0.006411 0.000952 0.979470
0.006525 0.002918 0.000405 0.990153
0.007384 0.003421 0.000440 0.988756
0.005850 0.002678 0.000356 0.991117
0.015304 0.006787 0.001090 0.976818
0.012273 0.005570 0.000850 0.981307
0.011668 0.005547 0.000776 0.982009
0.006340 0.002901 0.000393 0.990365
0.013308 0.006296 0.000911 0.979484
0.009454 0.004436 0.000643 0.985467
0.009215 0.004254 0.000586 0.985945
0.006899 0.003188 0.000437 0.989476
0.005470 0.002523 0.000336 0.991672
0.006781 0.002897 0.000437 0.989885
0.007319 0.003351 0.000439 0.988891
0.016164 0.007828 0.001225 0.974782
0.011507 0.005306 0.000793 0.982395
0.011211 0.005288 0.000696 0.982806
0.007572 0.003582 0.000505 0.988341
0.011848 0.005496 0.000811 0.981846
0.007173 0.003090 0.000458 0.989278
0.006332 0.003029 0.000418 0.990221
0.012709 0.006101 0.000891 0.980299
0.014098 0.006353 0.001025 0.978524
0.006088 0.002821 0.000396 0.990695
0.011224 0.005263 0.000731 0.982781
0.006712 0.003021 0.000427 0.989840
0.009115 0.004231 0.000699 0.985955
0.012245 0.005608 0.000864 0.981283
0.016213 0.007330 0.001171 0.975286
0.008233 0.003955 0.000508 0.987304
0.012394 0.005823 0.000824 0.980959
0.005473 0.002427 0.000327 0.991774
0.014981 0.007247 0.001139 0.976633
0.015383 0.006998 0.001242 0.976377
0.010316 0.005019 0.000660 0.984005
0.006745 0.003242 0.000435 0.989579
0.007434 0.003309 0.000499 0.988758
0.007622 0.003263 0.000535 0.988580
0.005453 0.002526 0.000328 0.991693
0.005618 0.002603 0.000333 0.991446
0.005919 0.002736 0.000356 0.990989
0.011377 0.005095 0.000780 0.982748
0.010666 0.004719 0.000710 0.983905
0.010618 0.005126 0.000672 0.983584
0.008474 0.003929 0.000516 0.987081
0.010470 0.004885 0.000660 0.983985
0.010437 0.004916 0.000666 0.983980
0.008941 0.004179 0.000571 0.986309
0.017470 0.008077 0.001398 0.973055
0.016379 0.007956 0.001272 0.974392
0.010921 0.005216 0.000702 0.983161
0.007171 0.003434 0.000446 0.988948
0.007041 0.003283 0.000442 0.989234
0.013727 0.006284 0.000969 0.979019
0.006734 0.002937 0.000437 0.989892
0.011625 0.005475 0.000805 0.982095
0.010080 0.004925 0.000625 0.984371
0.011217 0.005380 0.000746 0.982657
0.011633 0.005391 0.000769 0.982207
0.008962 0.004140 0.000555 0.986344
0.006276 0.002916 0.000394 0.990414
0.011664 0.005388 0.000773 0.982175
0.020775 0.009706 0.001782 0.967736
0.010805 0.005018 0.000689 0.983488
0.010411 0.004925 0.000680 0.983983
0.007256 0.003531 0.000459 0.988754
0.016726 0.007758 0.001314 0.974202
0.010256 0.004500 0.000704 0.984539
0.006964 0.003273 0.000456 0.989307
0.008441 0.003944 0.000597 0.987018
0.013242 0.005791 0.000975 0.979992
0.015372 0.007174 0.001184 0.976271
0.006070 0.002876 0.000373 0.990681
0.005255 0.002428 0.000310 0.992007
0.008282 0.003775 0.000543 0.987400
0.014614 0.006671 0.001070 0.977645
0.013658 0.006387 0.000970 0.978985
0.010284 0.005076 0.000647 0.983994
0.010318 0.004951 0.000660 0.984071
0.008568 0.003971 0.000542 0.986919
0.012096 0.005699 0.000797 0.981408
0.010182 0.004599 0.000678 0.984542
0.011970 0.005819 0.000794 0.981417
0.012391 0.005958 0.000834 0.980818
0.005940 0.002791 0.000345 0.990925
0.009510 0.004359 0.000655 0.985476
0.007465 0.003188 0.000488 0.988859
0.011265 0.005686 0.000758 0.982291
0.006577 0.003050 0.000423 0.989950
0.013962 0.006805 0.001026 0.978207
0.006185 0.002948 0.000378 0.990489
0.005848 0.002696 0.000340 0.991117
0.007378 0.003357 0.000453 0.988811
0.009715 0.004309 0.000638 0.985338
0.011410 0.005120 0.000754 0.982716
0.011695 0.005551 0.000726 0.982029
0.015328 0.007224 0.001133 0.976315
0.009964 0.004616 0.000649 0.984771
0.012471 0.005752 0.000907 0.980870
0.011940 0.005618 0.000990 0.981453
0.012141 0.005869 0.000859 0.981131
0.005581 0.002550 0.000337 0.991532
0.007634 0.003567 0.000508 0.988291
0.010426 0.004593 0.000712 0.984270
0.005698 0.002486 0.000380 0.991437
0.007688 0.003472 0.000496 0.988344
0.011225 0.005121 0.000754 0.982900
0.006748 0.003122 0.000429 0.989701
0.007272 0.003314 0.000447 0.988966
0.016012 0.006991 0.001318 0.975679
0.007315 0.003312 0.000465 0.988908
0.013937 0.006496 0.001061 0.978505
0.008382 0.003887 0.000591 0.987141
0.018645 0.008748 0.001450 0.971157
0.011134 0.005004 0.000907 0.982955
0.006593 0.003086 0.000415 0.989905
0.010859 0.004763 0.000809 0.983569
0.010991 0.005010 0.000843 0.983156
0.007204 0.003074 0.000486 0.989235
0.005998 0.002688 0.000378 0.990936
0.008299 0.003881 0.000559 0.987261
0.012356 0.005788 0.000874 0.980982
0.011500 0.005235 0.000756 0.982509
0.006696 0.003161 0.000400 0.989743
0.006608 0.002971 0.000411 0.990010
0.018616 0.008319 0.001573 0.971492
0.012370 0.005825 0.000831 0.980975
0.010293 0.005038 0.000652 0.984017
0.006717 0.003194 0.000418 0.989672
0.013585 0.006205 0.000999 0.979211
0.017812 0.008227 0.001421 0.972540
0.008706 0.004091 0.000555 0.986648
0.006813 0.003184 0.000426 0.989578
0.007956 0.003673 0.000538 0.987833
0.013320 0.006018 0.000941 0.979721
0.010852 0.005158 0.000740 0.983250
0.008974 0.004257 0.000570 0.986199
0.011485 0.005529 0.000769 0.982216
0.010764 0.004967 0.000727 0.983542
0.008502 0.003985 0.000529 0.986984
0.005973 0.002814 0.000358 0.990856
0.015072 0.006876 0.001181 0.976871
0.012045 0.005275 0.000842 0.981839
0.010408 0.005114 0.000661 0.983817
0.006635 0.003169 0.000405 0.989792
0.009861 0.004537 0.000609 0.984992
0.005415 0.002451 0.000334 0.991799
0.008418 0.003870 0.000533 0.987179
0.010978 0.005246 0.000728 0.983049
0.015512 0.007457 0.001140 0.975891
0.010527 0.005139 0.000677 0.983658
0.010775 0.005024 0.000759 0.983443
0.006392 0.002986 0.000396 0.990227
0.011077 0.005114 0.000742 0.983068
0.006589 0.002949 0.000424 0.990038
0.011125 0.005397 0.000715 0.982762
0.010019 0.004667 0.000618 0.984697
0.010439 0.004962 0.000631 0.983968
0.009294 0.004346 0.000586 0.985774
0.010244 0.004768 0.000620 0.984368
0.015061 0.007042 0.001066 0.976831
0.010065 0.004604 0.000665 0.984666
0.010246 0.004735 0.000671 0.984348
0.007713 0.003625 0.000500 0.988162
0.012386 0.005927 0.000858 0.980829
0.013589 0.006105 0.001013 0.979293
0.012480 0.006139 0.000848 0.980533
0.014787 0.007044 0.001094 0.977075
0.011404 0.005376 0.000740 0.982479
0.006347 0.002992 0.000389 0.990273
0.006334 0.002920 0.000397 0.990348
0.018229 0.008125 0.001603 0.972043
0.011572 0.005437 0.000793 0.982198
0.012979 0.006364 0.000898 0.979758
0.006697 0.003149 0.000422 0.989732
0.009520 0.004393 0.000586 0.985501
0.009028 0.004012 0.000648 0.986312
0.009554 0.004387 0.000618 0.985440
0.011957 0.005321 0.000844 0.981879
0.007172 0.003443 0.000458 0.988927
0.010639 0.005160 0.000646 0.983555
0.014858 0.006772 0.001103 0.977266
0.010928 0.005162 0.000697 0.983213
0.010262 0.004799 0.000643 0.984297
0.006338 0.002972 0.000400 0.990290
0.011351 0.005265 0.000728 0.982656
0.014129 0.006228 0.001095 0.978547
0.011888 0.005598 0.000799 0.981714
0.008807 0.004065 0.000560 0.986568
0.007995 0.003753 0.000538 0.987715
0.011275 0.005408 0.000793 0.982524
0.010395 0.004702 0.000674 0.984229
0.007831 0.003716 0.000512 0.987941
0.012031 0.005618 0.000806 0.981544
0.006750 0.002929 0.000429 0.989892
0.006285 0.002922 0.000379 0.990414
0.020281 0.009472 0.001607 0.968639
0.011727 0.005300 0.000791 0.982181
0.010670 0.005087 0.000690 0.983554
0.007804 0.003738 0.000518 0.987940
0.010043 0.004522 0.000748 0.984687
0.009196 0.003959 0.000707 0.986138
0.006384 0.003006 0.000387 0.990223
0.006765 0.003200 0.000413 0.989622
0.006384 0.002855 0.000406 0.990355
0.008858 0.003864 0.000559 0.986718
0.005663 0.002546 0.000341 0.991449
0.008407 0.003845 0.000540 0.987208
0.009185 0.004007 0.000591 0.986217
0.014808 0.006909 0.001128 0.977155
0.010939 0.005372 0.000721 0.982968
0.011580 0.005545 0.000763 0.982112
0.007574 0.003610 0.000477 0.988339
0.018304 0.008641 0.001490 0.971566
0.011717 0.005434 0.000770 0.982078
0.008904 0.004222 0.000540 0.986334
0.006823 0.003188 0.000437 0.989552
0.011330 0.005305 0.000714 0.982651
0.006441 0.002901 0.000438 0.990220
0.010963 0.005114 0.000761 0.983162
0.012611 0.006050 0.000833 0.980506
0.008596 0.004098 0.000587 0.986719
0.011920 0.005764 0.000778 0.981538
0.010405 0.004787 0.000666 0.984142
0.006182 0.002948 0.000368 0.990502
0.012320 0.005745 0.000894 0.981040
0.018013 0.008119 0.001563 0.972305
0.011940 0.005541 0.000818 0.981700
0.015182 0.007372 0.001139 0.976307
0.007316 0.003490 0.000460 0.988733
0.005619 0.002598 0.000332 0.991452
0.009337 0.004119 0.000692 0.985852
0.008779 0.003861 0.000572 0.986788
0.008787 0.003913 0.000569 0.986732
0.009185 0.004321 0.000637 0.985858
0.011864 0.005756 0.000788 0.981593
0.012920 0.005870 0.000861 0.980349
0.008591 0.004072 0.000602 0.986736
0.011784 0.005524 0.000780 0.981911
0.012205 0.005630 0.000848 0.981316
0.010698 0.005148 0.000680 0.983474
0.010832 0.005148 0.000721 0.983298
0.005591 0.002630 0.000332 0.991447
0.015147 0.007031 0.001064 0.976758
0.006902 0.003228 0.000434 0.989435
0.011761 0.005478 0.000784 0.981977
0.009646 0.004276 0.000728 0.985350
0.011437 0.005551 0.000754 0.982257
0.011319 0.005008 0.000809 0.982864
0.007033 0.003337 0.000422 0.989208
0.014689 0.006801 0.001076 0.977434
