0.005557 0.001552 0.000466 0.992424
0.008165 0.002263 0.000858 0.988715
0.006508 0.001593 0.000814 0.991085
0.008693 0.002616 0.000812 0.987879
0.008516 0.002430 0.000800 0.988254
0.008094 0.002429 0.000775 0.988701
0.009025 0.002952 0.000835 0.987188
0.007720 0.002519 0.000732 0.989029
0.006895 0.001947 0.000594 0.990564
0.007812 0.002292 0.000744 0.989153
0.005645 0.001530 0.000509 0.992316
0.009061 0.002845 0.000817 0.987276
0.010922 0.003566 0.000923 0.984589
0.008465 0.002541 0.000797 0.988197
0.009778 0.003330 0.000835 0.986058
0.006895 0.002282 0.000582 0.990242
0.007521 0.002162 0.000735 0.989582
0.009918 0.002995 0.000919 0.986168
0.008743 0.002565 0.000828 0.987863
0.009057 0.003180 0.000660 0.987103
0.005932 0.001567 0.000612 0.991889
0.005632 0.001490 0.000517 0.992361
0.007309 0.001981 0.000741 0.989969
0.005444 0.001468 0.000544 0.992545
0.007553 0.002228 0.000617 0.989603
0.006766 0.001746 0.000692 0.990796
0.011417 0.003997 0.000942 0.983644
0.008106 0.002568 0.000641 0.988685
0.007664 0.002338 0.000591 0.989407
0.007866 0.002427 0.000615 0.989092
0.008347 0.002663 0.000744 0.988246
0.008826 0.003305 0.000677 0.987192
0.007657 0.002324 0.000623 0.989396
0.008386 0.002763 0.000654 0.988197
0.009433 0.003345 0.000758 0.986463
0.007134 0.002014 0.000695 0.990157
0.008207 0.002485 0.000738 0.988570
0.008047 0.002499 0.000655 0.988799
0.008198 0.002595 0.000631 0.988576
0.009462 0.003393 0.000701 0.986444
0.009521 0.003182 0.000812 0.986485
0.010124 0.003377 0.000844 0.985655
0.007725 0.002385 0.000713 0.989178
0.009932 0.003652 0.000785 0.985631
0.011811 0.003760 0.001134 0.983294
0.008123 0.002468 0.000759 0.988650
0.007280 0.002166 0.000582 0.989971
0.004312 0.001523 0.000295 0.993871
0.015707 0.005581 0.001389 0.977323
0.009334 0.003087 0.000770 0.986809
0.005341 0.001480 0.000459 0.992720
0.006649 0.001753 0.000717 0.990881
0.009435 0.002869 0.000977 0.986719
0.006398 0.001910 0.000531 0.991162
0.007538 0.002232 0.000672 0.989558
0.015277 0.005460 0.001411 0.977852
0.007263 0.002177 0.000590 0.989970
0.007111 0.002014 0.000673 0.990202
0.005837 0.001544 0.000568 0.992050
0.010943 0.003229 0.001161 0.984668
0.008324 0.002284 0.000819 0.988574
0.007964 0.002366 0.000748 0.988923
0.006254 0.001700 0.000680 0.991365
0.007438 0.002159 0.000654 0.989750
0.011339 0.003225 0.001358 0.984078
0.006838 0.002050 0.000550 0.990562
0.008008 0.002433 0.000692 0.988866
0.006030 0.001634 0.000573 0.991763
0.007115 0.002006 0.000692 0.990188
0.007840 0.002090 0.000905 0.989165
0.008131 0.002482 0.000685 0.988702
0.012845 0.004048 0.001288 0.981819
0.007366 0.002198 0.000607 0.989828
0.008316 0.002486 0.000787 0.988410
0.005390 0.001662 0.000492 0.992456
0.008146 0.002404 0.000764 0.988686
0.007702 0.002136 0.000768 0.989394
0.012895 0.004093 0.001242 0.981770
0.007315 0.002213 0.000585 0.989886
0.009836 0.002995 0.001050 0.986119
0.005773 0.001538 0.000529 0.992160
0.009878 0.003208 0.000820 0.986094
0.005509 0.001395 0.000529 0.992567
0.008139 0.002477 0.000728 0.988655
0.011398 0.003068 0.001452 0.984082
0.010735 0.003259 0.001015 0.984991
0.008469 0.002670 0.000683 0.988178
0.006156 0.001681 0.000640 0.991523
0.006235 0.001658 0.000714 0.991393
0.011821 0.003107 0.001413 0.983659
0.008402 0.002447 0.000750 0.988402
0.006168 0.001622 0.000678 0.991532
0.005551 0.001477 0.000536 0.992437
0.011150 0.003016 0.001329 0.984505
0.012399 0.003617 0.001346 0.982638
0.006893 0.001937 0.000591 0.990579
0.004863 0.001420 0.000384 0.993334
0.004979 0.001349 0.000427 0.993245
0.009585 0.002957 0.000948 0.986511
0.013659 0.004083 0.001608 0.980650
0.007252 0.002105 0.000616 0.990028
0.007504 0.002250 0.000630 0.989616
0.005505 0.001614 0.000523 0.992359
0.008882 0.002545 0.000995 0.987578
0.008648 0.002436 0.000838 0.988079
0.008079 0.002393 0.000789 0.988739
0.005526 0.001490 0.000489 0.992495
0.006951 0.001969 0.000574 0.990506
0.008573 0.002550 0.000857 0.988020
0.008992 0.002893 0.000781 0.987335
0.007921 0.002452 0.000633 0.988994
0.008567 0.002724 0.000761 0.987948
0.009690 0.003571 0.000765 0.985974
0.009119 0.002908 0.000775 0.987198
0.007719 0.002372 0.000612 0.989297
0.009488 0.003356 0.000716 0.986440
0.005423 0.001483 0.000468 0.992626
0.009160 0.002865 0.000769 0.987206
0.010099 0.003057 0.000924 0.985919
0.008812 0.002962 0.000679 0.987547
0.007348 0.002544 0.000572 0.989536
0.006986 0.002037 0.000569 0.990407
0.008202 0.002529 0.000653 0.988615
0.009518 0.003510 0.000769 0.986203
0.008870 0.003080 0.000672 0.987378
0.008930 0.002848 0.000763 0.987459
0.008863 0.002779 0.000795 0.987562
0.009174 0.003078 0.000762 0.986986
0.008148 0.002637 0.000711 0.988504
0.011049 0.003431 0.001166 0.984354
0.008254 0.002412 0.000768 0.988566
0.008005 0.002468 0.000644 0.988883
0.005645 0.001521 0.000484 0.992350
0.005778 0.001565 0.000553 0.992104
0.014511 0.004485 0.001640 0.979364
0.007422 0.001980 0.000718 0.989879
0.007022 0.002036 0.000601 0.990341
0.004974 0.001390 0.000448 0.993188
0.013994 0.004717 0.001407 0.979882
0.007526 0.002008 0.000804 0.989662
0.008098 0.002395 0.000680 0.988828
0.005492 0.001480 0.000485 0.992544
0.004809 0.001266 0.000451 0.993474
0.008398 0.002585 0.000738 0.988279
0.010988 0.003080 0.001307 0.984626
0.007042 0.002024 0.000591 0.990342
0.008335 0.002644 0.000674 0.988348
0.005849 0.001515 0.000547 0.992090
0.009771 0.003012 0.001033 0.986184
0.008613 0.002539 0.000771 0.988077
0.007790 0.002587 0.000585 0.989038
0.005659 0.001530 0.000509 0.992302
0.008117 0.002501 0.000669 0.988712
0.014867 0.004936 0.001472 0.978724
0.005548 0.001514 0.000490 0.992447
0.007073 0.002047 0.000668 0.990212
0.006609 0.001674 0.000778 0.990939
0.012184 0.003924 0.001127 0.982766
0.009640 0.002781 0.000961 0.986618
0.008423 0.002709 0.000665 0.988203
0.005199 0.001504 0.000479 0.992818
0.005380 0.001447 0.000519 0.992654
0.006740 0.001771 0.000657 0.990831
0.005817 0.001482 0.000607 0.992094
0.006158 0.001663 0.000641 0.991538
0.010618 0.003105 0.001167 0.985110
0.010140 0.002839 0.000993 0.986028
0.007524 0.002247 0.000649 0.989580
0.009153 0.003081 0.000776 0.986991
0.007178 0.002018 0.000720 0.990083
0.013041 0.004135 0.001248 0.981576
0.007405 0.002300 0.000574 0.989722
0.008972 0.002895 0.000840 0.987292
0.005942 0.001575 0.000566 0.991916
0.008048 0.002380 0.000753 0.988819
0.008142 0.002195 0.000935 0.988728
0.008136 0.002479 0.000619 0.988767
0.011210 0.003674 0.001049 0.984067
0.008714 0.003045 0.000619 0.987622
0.008455 0.002657 0.000756 0.988132
0.006488 0.001716 0.000752 0.991044
0.008716 0.002787 0.000667 0.987831
0.008329 0.002492 0.000817 0.988361
0.005601 0.001513 0.000586 0.992299
0.008215 0.002436 0.000781 0.988568
0.012444 0.003783 0.001252 0.982521
0.008025 0.002364 0.000685 0.988926
0.009517 0.003385 0.000716 0.986382
0.005511 0.001450 0.000495 0.992545
0.008064 0.002385 0.000786 0.988766
0.013762 0.004498 0.001471 0.980269
0.007866 0.002422 0.000626 0.989087
0.008124 0.002413 0.000791 0.988672
0.005657 0.001534 0.000531 0.992277
0.008632 0.002726 0.000706 0.987936
0.008670 0.002649 0.000786 0.987895
0.007005 0.002012 0.000588 0.990395
0.008100 0.002463 0.000703 0.988735
0.011379 0.003532 0.001061 0.984029
0.007318 0.002192 0.000595 0.989896
0.008045 0.002424 0.000744 0.988787
0.005059 0.001551 0.000432 0.992958
0.007795 0.002303 0.000651 0.989251
0.008658 0.002608 0.000856 0.987878
0.007560 0.002248 0.000635 0.989557
0.009132 0.002883 0.000826 0.987160
0.010288 0.003660 0.000859 0.985193
0.008077 0.002420 0.000760 0.988743
0.008405 0.002570 0.000785 0.988240
0.011886 0.003685 0.001275 0.983153
0.007987 0.002302 0.000761 0.988949
0.009962 0.002974 0.000949 0.986115
0.005523 0.001469 0.000506 0.992502
0.006636 0.001779 0.000713 0.990871
0.006221 0.001536 0.000668 0.991575
0.007838 0.002133 0.000866 0.989162
0.007056 0.001908 0.000637 0.990398
0.010967 0.003345 0.001089 0.984599
0.009294 0.002962 0.000815 0.986929
0.008288 0.002641 0.000671 0.988400
0.005849 0.001558 0.000610 0.991983
0.005509 0.001522 0.000480 0.992489
0.008255 0.002410 0.000724 0.988611
0.006462 0.001622 0.000780 0.991136
0.008474 0.002723 0.000734 0.988069
0.007584 0.002098 0.000796 0.989522
0.007938 0.002420 0.000646 0.988996
0.007462 0.002240 0.000580 0.989718
0.009413 0.003218 0.000810 0.986559
0.008478 0.003137 0.000617 0.987768
0.007663 0.002227 0.000642 0.989468
0.008724 0.002645 0.000818 0.987813
0.007830 0.002467 0.000664 0.989038
0.008118 0.002668 0.000710 0.988503
0.007570 0.002262 0.000648 0.989520
0.011544 0.003531 0.001110 0.983815
0.008391 0.002787 0.000612 0.988211
0.006385 0.001789 0.000676 0.991150
0.005658 0.001501 0.000553 0.992288
0.008434 0.002463 0.000840 0.988262
0.008422 0.002429 0.000872 0.988277
0.013056 0.004180 0.001266 0.981498
0.007783 0.002321 0.000628 0.989268
0.007715 0.002374 0.000617 0.989295
0.006101 0.001601 0.000633 0.991665
0.011594 0.003893 0.000951 0.983562
0.007906 0.002179 0.000829 0.989087
0.009820 0.003329 0.000830 0.986021
0.007726 0.002355 0.000717 0.989202
0.010075 0.003160 0.000953 0.985812
0.008740 0.002843 0.000670 0.987747
0.008564 0.002586 0.000764 0.988086
0.005798 0.001536 0.000527 0.992140
0.008730 0.002870 0.000734 0.987666
0.006610 0.001646 0.000865 0.990879
0.007831 0.002299 0.000650 0.989220
0.011896 0.003398 0.001292 0.983414
0.004750 0.001290 0.000413 0.993547
0.009422 0.003258 0.000712 0.986608
0.006585 0.001672 0.000839 0.990904
0.008282 0.002599 0.000664 0.988455
0.008664 0.002541 0.000877 0.987918
0.005726 0.001513 0.000571 0.992190
0.007814 0.002291 0.000734 0.989161
0.007948 0.002191 0.000835 0.989026
0.008467 0.002746 0.000657 0.988130
0.007687 0.002390 0.000590 0.989332
0.009497 0.003168 0.000844 0.986491
0.007409 0.002289 0.000631 0.989670
0.009073 0.002840 0.000779 0.987308
0.006867 0.001939 0.000564 0.990630
0.008620 0.002758 0.000710 0.987912
0.008065 0.002557 0.000614 0.988764
0.011390 0.003549 0.001110 0.983951
0.014192 0.004820 0.001289 0.979698
0.007368 0.002206 0.000601 0.989825
0.006203 0.001691 0.000646 0.991460
0.006390 0.001736 0.000659 0.991215
0.010161 0.003007 0.000939 0.985893
0.008054 0.002349 0.000763 0.988835
0.009883 0.003569 0.000758 0.985789
0.008554 0.002746 0.000758 0.987942
0.008740 0.002760 0.000785 0.987715
0.008352 0.002493 0.000782 0.988373
0.011161 0.003486 0.001158 0.984195
0.007917 0.002499 0.000596 0.988987
0.008330 0.002576 0.000788 0.988306
0.005411 0.001490 0.000488 0.992610
0.011773 0.003669 0.001106 0.983452
0.009903 0.003204 0.000841 0.986053
0.005589 0.001502 0.000510 0.992399
0.005783 0.001548 0.000522 0.992147
0.010130 0.002946 0.001003 0.985921
0.008219 0.002400 0.000835 0.988546
0.007528 0.002169 0.000728 0.989575
0.010898 0.003370 0.001129 0.984603
0.008800 0.002581 0.000825 0.987794
0.008702 0.002775 0.000666 0.987857
0.006434 0.001695 0.000718 0.991153
0.005919 0.001569 0.000626 0.991886
0.013085 0.003836 0.001348 0.981731
0.010557 0.002985 0.001112 0.985347
0.008026 0.002724 0.000605 0.988646
0.006380 0.001714 0.000672 0.991234
0.005914 0.001568 0.000587 0.991932
0.006955 0.001897 0.000657 0.990490
0.006383 0.001638 0.000750 0.991229
0.005873 0.001550 0.000583 0.991994
0.007713 0.002083 0.000758 0.989446
0.010127 0.003380 0.000867 0.985627
0.006582 0.001748 0.000742 0.990928
0.009167 0.002978 0.000710 0.987144
0.007062 0.001833 0.000710 0.990395
0.009755 0.003375 0.000824 0.986046
0.009455 0.003543 0.000744 0.986258
0.007290 0.002078 0.000664 0.989967
0.008497 0.002685 0.000689 0.988129
0.014335 0.005022 0.001276 0.979366
0.006053 0.001632 0.000655 0.991660
0.008475 0.002660 0.000684 0.988181
0.005593 0.001432 0.000545 0.992429
0.009949 0.003372 0.000885 0.985794
0.006773 0.001981 0.000548 0.990698
0.008848 0.002890 0.000765 0.987497
0.008961 0.003016 0.000768 0.987254
0.007916 0.002365 0.000744 0.988974
0.009114 0.002909 0.000820 0.987157
0.008643 0.002793 0.000708 0.987855
0.008492 0.002551 0.000809 0.988148
0.007015 0.002024 0.000584 0.990377
0.009700 0.002803 0.000944 0.986553
0.009217 0.003089 0.000707 0.986987
0.009009 0.003211 0.000628 0.987152
0.006369 0.001694 0.000695 0.991242
0.009253 0.003190 0.000757 0.986800
0.011980 0.003489 0.001215 0.983316
0.008693 0.002768 0.000692 0.987847
0.008706 0.003068 0.000701 0.987526
0.005456 0.001461 0.000482 0.992601
0.010378 0.003147 0.001108 0.985367
0.013302 0.004058 0.001384 0.981255
0.007289 0.002110 0.000619 0.989981
0.006173 0.001697 0.000642 0.991489
0.006423 0.001766 0.000635 0.991176
0.008112 0.002190 0.000893 0.988805
0.009436 0.002736 0.001023 0.986805
0.007530 0.002232 0.000659 0.989579
0.010829 0.003471 0.001017 0.984683
0.007683 0.002210 0.000651 0.989456
0.007385 0.002139 0.000605 0.989872
0.004974 0.001360 0.000406 0.993259
0.008947 0.002882 0.000705 0.987466
0.013507 0.004289 0.001468 0.980736
0.008651 0.003052 0.000634 0.987662
0.008458 0.002733 0.000745 0.988064
0.006764 0.001811 0.000785 0.990639
0.011197 0.003500 0.001043 0.984259
0.007442 0.002068 0.000675 0.989815
0.004716 0.001428 0.000375 0.993481
0.006099 0.001643 0.000541 0.991717
0.011235 0.003763 0.001042 0.983960
0.009663 0.003273 0.000801 0.986263
0.008586 0.002731 0.000772 0.987911
0.009980 0.003210 0.000999 0.985811
0.008502 0.002686 0.000649 0.988163
0.009457 0.002990 0.000788 0.986765
0.005397 0.001501 0.000452 0.992649
0.010337 0.003623 0.000794 0.985246
0.012869 0.003886 0.001492 0.981753
0.009613 0.003417 0.000712 0.986259
0.007721 0.002371 0.000710 0.989198
0.005060 0.001402 0.000421 0.993117
0.008538 0.002670 0.000762 0.988029
0.009160 0.002885 0.000770 0.987184
0.008255 0.002625 0.000694 0.988426
0.008854 0.002975 0.000646 0.987525
0.008349 0.002635 0.000748 0.988268
0.013947 0.004588 0.001351 0.980115
0.007691 0.002356 0.000604 0.989348
0.008465 0.002794 0.000638 0.988104
0.005558 0.001498 0.000577 0.992367
0.008818 0.002812 0.000805 0.987565
0.011127 0.003039 0.001388 0.984447
0.007211 0.002109 0.000602 0.990077
0.007687 0.002309 0.000654 0.989350
0.006000 0.001609 0.000631 0.991760
0.009663 0.002877 0.001050 0.986410
0.007470 0.002139 0.000649 0.989743
0.008995 0.002915 0.000761 0.987329
0.005781 0.001691 0.000567 0.991961
0.008160 0.002452 0.000753 0.988635
0.008009 0.002160 0.000893 0.988937
0.008624 0.002778 0.000637 0.987962
0.008593 0.002674 0.000789 0.987944
0.008778 0.002944 0.000756 0.987522
0.008665 0.002638 0.000808 0.987889
0.010925 0.003494 0.000948 0.984633
0.008506 0.002759 0.000644 0.988091
0.009286 0.003192 0.000771 0.986751
0.005800 0.001590 0.000596 0.992014
0.012254 0.003721 0.001227 0.982798
0.011668 0.003239 0.001280 0.983814
0.005636 0.001529 0.000517 0.992318
0.005462 0.001479 0.000476 0.992584
0.006648 0.001667 0.000838 0.990847
0.006187 0.001533 0.000700 0.991580
0.010901 0.003009 0.001211 0.984878
0.004653 0.001360 0.000380 0.993608
0.005935 0.001599 0.000613 0.991853
0.005892 0.001454 0.000602 0.992052
0.006566 0.001692 0.000625 0.991118
0.005513 0.001376 0.000547 0.992563
0.009044 0.003020 0.000771 0.987166
0.008508 0.002556 0.000722 0.988213
0.007767 0.002352 0.000702 0.989178
0.008457 0.002871 0.000622 0.988051
0.008478 0.002661 0.000661 0.988200
0.009620 0.003283 0.000845 0.986252
0.009256 0.003103 0.000786 0.986854
0.007398 0.002243 0.000649 0.989710
0.008214 0.002476 0.000757 0.988553
0.009535 0.002766 0.000933 0.986766
0.008447 0.002688 0.000678 0.988187
0.005113 0.001371 0.000483 0.993032
0.005693 0.001582 0.000571 0.992153
0.010095 0.002684 0.001301 0.985921
0.007517 0.002038 0.000691 0.989754
0.008792 0.002798 0.000718 0.987692
0.005685 0.001517 0.000596 0.992202
0.008070 0.002387 0.000766 0.988777
0.013023 0.004090 0.001437 0.981449
0.007547 0.002301 0.000596 0.989556
0.008646 0.002795 0.000754 0.987805
0.006481 0.001766 0.000711 0.991042
0.010899 0.003415 0.000986 0.984700
0.008920 0.002499 0.000864 0.987716
0.009074 0.002767 0.000928 0.987231
0.005138 0.001366 0.000455 0.993042
0.008082 0.002464 0.000744 0.988709
0.006096 0.001569 0.000672 0.991663
0.012211 0.003669 0.001227 0.982893
0.006973 0.001848 0.000666 0.990513
0.006437 0.001688 0.000713 0.991162
0.006601 0.001784 0.000702 0.990912
0.007634 0.002036 0.000766 0.989564
0.007401 0.001985 0.000814 0.989800
0.007403 0.002079 0.000728 0.989791
0.010354 0.003115 0.001127 0.985404
0.008282 0.002669 0.000634 0.988414
0.007569 0.002401 0.000581 0.989449
0.006009 0.001604 0.000577 0.991809
0.011808 0.003989 0.001017 0.983185
0.007938 0.002259 0.000736 0.989067
0.008116 0.002562 0.000642 0.988679
0.006066 0.001633 0.000613 0.991688
0.010707 0.003837 0.000828 0.984628
0.007203 0.001937 0.000696 0.990164
0.005937 0.001578 0.000522 0.991963
0.010834 0.003191 0.001062 0.984913
0.007602 0.002292 0.000630 0.989476
0.008732 0.002812 0.000760 0.987696
0.004131 0.001378 0.000299 0.994192
0.008574 0.002750 0.000670 0.988006
0.010544 0.003233 0.001131 0.985092
0.005712 0.001511 0.000520 0.992257
0.007652 0.002227 0.000685 0.989436
0.005834 0.001461 0.000593 0.992112
0.008484 0.002690 0.000701 0.988125
0.008107 0.002455 0.000770 0.988669
0.008458 0.002823 0.000609 0.988110
0.008009 0.002467 0.000631 0.988892
0.009704 0.003515 0.000712 0.986069
0.009687 0.003336 0.000814 0.986162
0.013597 0.004736 0.001326 0.980340
0.006865 0.001947 0.000577 0.990611
0.007906 0.002435 0.000647 0.989012
0.006372 0.001749 0.000720 0.991159
0.014884 0.005483 0.001263 0.978370
0.010572 0.003023 0.001038 0.985366
0.005499 0.001488 0.000498 0.992515
0.005270 0.001477 0.000446 0.992808
0.009180 0.002659 0.000835 0.987326
0.005254 0.001444 0.000493 0.992809
0.008940 0.002963 0.000689 0.987408
0.013967 0.004594 0.001480 0.979959
0.005369 0.001484 0.000492 0.992655
0.010432 0.003183 0.000963 0.985421
0.005845 0.001464 0.000593 0.992099
0.005299 0.001437 0.000458 0.992806
0.006469 0.001656 0.000757 0.991119
0.011051 0.003615 0.001052 0.984282
0.008198 0.002472 0.000809 0.988521
0.007361 0.002229 0.000679 0.989732
0.011884 0.003642 0.001301 0.983174
0.008048 0.002434 0.000703 0.988815
0.007331 0.002211 0.000595 0.989862
0.006955 0.001874 0.000761 0.990410
0.005716 0.001509 0.000543 0.992231
0.007337 0.002042 0.000688 0.989933
0.009339 0.002964 0.000875 0.986822
0.006367 0.001723 0.000714 0.991196
0.007794 0.002354 0.000623 0.989230
0.008649 0.002498 0.000796 0.988057
0.005234 0.001469 0.000467 0.992830
0.009747 0.003274 0.000780 0.986200
0.006885 0.001817 0.000654 0.990644
0.012956 0.004213 0.001172 0.981659
0.008910 0.002908 0.000678 0.987504
0.008446 0.002842 0.000633 0.988079
0.006084 0.001625 0.000654 0.991637
0.009034 0.003016 0.000671 0.987279
0.011443 0.003542 0.001095 0.983920
0.009084 0.003141 0.000657 0.987118
0.009751 0.003411 0.000807 0.986031
0.006578 0.001767 0.000749 0.990906
0.008190 0.002662 0.000647 0.988500
0.010064 0.002757 0.001244 0.985936
0.005767 0.001570 0.000543 0.992120
0.007918 0.002232 0.000768 0.989082
0.005916 0.001481 0.000592 0.992010
0.005943 0.001571 0.000531 0.991956
0.005696 0.001429 0.000653 0.992221
0.009209 0.002883 0.000798 0.987109
0.011281 0.003253 0.001316 0.984150
0.010391 0.003307 0.000910 0.985392
0.007890 0.002445 0.000618 0.989046
0.005394 0.001502 0.000542 0.992562
0.005254 0.001428 0.000467 0.992851
0.010803 0.003017 0.001192 0.984988
0.007215 0.001993 0.000647 0.990145
0.009136 0.002926 0.000892 0.987045
0.005652 0.001446 0.000541 0.992361
0.007496 0.002268 0.000609 0.989627
0.005711 0.001572 0.000588 0.992129
0.010310 0.003661 0.000831 0.985199
0.008384 0.002455 0.000850 0.988311
0.007507 0.002271 0.000579 0.989642
0.007739 0.002337 0.000619 0.989305
0.013743 0.004689 0.001233 0.980335
0.008559 0.002808 0.000653 0.987980
0.009873 0.003507 0.000804 0.985816
0.006257 0.001695 0.000667 0.991381
0.008799 0.002691 0.000835 0.987674
0.008429 0.002592 0.000822 0.988157
0.009619 0.003046 0.000906 0.986430
0.008514 0.002761 0.000633 0.988092
0.010498 0.003311 0.000928 0.985262
0.005232 0.001376 0.000471 0.992921
0.009640 0.003228 0.000833 0.986300
0.005848 0.001619 0.000650 0.991883
0.007750 0.002320 0.000634 0.989296
0.008050 0.002271 0.000829 0.988850
0.005434 0.001445 0.000520 0.992601
0.006953 0.002001 0.000585 0.990461
0.014329 0.004790 0.001314 0.979568
0.005562 0.001483 0.000501 0.992454
0.010010 0.003050 0.001059 0.985881
0.005653 0.001399 0.000576 0.992372
0.010105 0.002998 0.000962 0.985935
0.006015 0.001534 0.000592 0.991859
0.008475 0.002743 0.000642 0.988139
0.005388 0.001390 0.000547 0.992675
0.010206 0.003348 0.000825 0.985622
0.010837 0.003042 0.001153 0.984968
0.009481 0.003255 0.000738 0.986525
0.009796 0.003406 0.000817 0.985981
0.006061 0.001620 0.000552 0.991767
0.009386 0.002850 0.000988 0.986776
0.004563 0.001232 0.000407 0.993797
0.008789 0.002749 0.000794 0.987668
0.006474 0.001687 0.000780 0.991059
0.007738 0.002337 0.000605 0.989319
0.007924 0.002211 0.000731 0.989134
0.006074 0.001606 0.000583 0.991737
0.010978 0.003704 0.000896 0.984422
0.008143 0.002324 0.000864 0.988669
0.005979 0.001599 0.000526 0.991896
0.010220 0.003096 0.001080 0.985603
0.012246 0.003686 0.001284 0.982784
0.007448 0.002173 0.000609 0.989770
0.005204 0.001435 0.000475 0.992885
0.004219 0.001280 0.000323 0.994179
0.009058 0.002825 0.000857 0.987260
0.007158 0.001779 0.000939 0.990123
0.007439 0.002200 0.000604 0.989757
0.007994 0.002326 0.000805 0.988875
0.005007 0.001391 0.000427 0.993175
0.011883 0.003587 0.001283 0.983247
0.009544 0.003246 0.000728 0.986481
0.008178 0.002731 0.000685 0.988406
0.005600 0.001482 0.000501 0.992418
0.012102 0.003807 0.001285 0.982806
0.007212 0.002244 0.000573 0.989971
0.007830 0.002499 0.000608 0.989063
0.004401 0.001548 0.000288 0.993763
0.011925 0.003850 0.001073 0.983152
0.008142 0.002460 0.000682 0.988717
0.006645 0.001761 0.000734 0.990860
0.006179 0.001628 0.000672 0.991520
0.007157 0.002015 0.000617 0.990211
0.008740 0.002576 0.000807 0.987877
0.006462 0.001760 0.000736 0.991042
0.007014 0.002025 0.000571 0.990390
0.008698 0.002591 0.000786 0.987925
0.005633 0.001491 0.000516 0.992360
0.006507 0.001866 0.000574 0.991053
0.011237 0.003702 0.000996 0.984064
0.008585 0.002526 0.000911 0.987978
0.008238 0.002573 0.000657 0.988532
0.008052 0.002347 0.000783 0.988818
0.005579 0.001492 0.000510 0.992420
0.008282 0.002557 0.000750 0.988412
0.008908 0.002977 0.000672 0.987443
0.008360 0.002722 0.000729 0.988189
0.007990 0.002759 0.000553 0.988698
0.009084 0.002877 0.000845 0.987194
0.009377 0.003162 0.000845 0.986616
0.007563 0.002198 0.000676 0.989563
0.009253 0.002930 0.000749 0.987068
0.007037 0.002035 0.000567 0.990361
0.007904 0.002455 0.000709 0.988932
0.008179 0.002560 0.000731 0.988531
0.009985 0.003211 0.000976 0.985828
0.007893 0.002497 0.000599 0.989011
0.009199 0.003020 0.000748 0.987033
0.005620 0.001510 0.000504 0.992365
0.008827 0.002930 0.000673 0.987570
0.005707 0.001467 0.000596 0.992230
0.008892 0.002845 0.000807 0.987456
0.009140 0.002765 0.000892 0.987202
0.008648 0.002718 0.000777 0.987857
0.008412 0.002678 0.000742 0.988167
0.007980 0.002406 0.000759 0.988855
0.008863 0.002555 0.000848 0.987734
0.008999 0.002862 0.000735 0.987404
0.009346 0.003167 0.000691 0.986796
0.005608 0.001720 0.000510 0.992163
0.009316 0.003068 0.000790 0.986827
0.007765 0.002236 0.000652 0.989346
0.007651 0.002330 0.000716 0.989303
0.010366 0.003549 0.000855 0.985230
0.010096 0.003082 0.000933 0.985889
0.009743 0.003113 0.000855 0.986290
0.005463 0.001464 0.000499 0.992575
0.006930 0.001833 0.000772 0.990465
0.005821 0.001476 0.000543 0.992159
0.007878 0.002330 0.000653 0.989139
0.007926 0.002442 0.000642 0.988989
0.013513 0.004559 0.001224 0.980703
0.009735 0.003373 0.000760 0.986133
0.007886 0.002516 0.000600 0.988999
0.005715 0.001546 0.000491 0.992248
0.006026 0.001611 0.000616 0.991747
0.012854 0.003985 0.001234 0.981926
0.006906 0.001859 0.000669 0.990566
0.006356 0.001726 0.000695 0.991222
0.011761 0.003687 0.001094 0.983459
0.007596 0.002147 0.000669 0.989588
0.005564 0.001493 0.000509 0.992434
0.004684 0.001427 0.000362 0.993527
0.008914 0.002760 0.000821 0.987505
0.005437 0.001379 0.000515 0.992669
0.012238 0.003872 0.001118 0.982773
0.008855 0.002784 0.000731 0.987630
0.008723 0.002844 0.000755 0.987678
0.005651 0.001584 0.000569 0.992197
0.008674 0.002720 0.000783 0.987823
0.009801 0.002852 0.001103 0.986244
0.008930 0.002775 0.000742 0.987553
0.007940 0.002308 0.000851 0.988901
0.004853 0.001284 0.000428 0.993435
0.010168 0.003072 0.001072 0.985689
0.005042 0.001393 0.000463 0.993102
0.007677 0.002298 0.000615 0.989410
0.006941 0.001734 0.000862 0.990463
0.007062 0.001840 0.000788 0.990310
0.009436 0.002680 0.000992 0.986893
0.007987 0.002293 0.000818 0.988903
0.008854 0.002523 0.000951 0.987673
0.010862 0.003448 0.000957 0.984733
0.008088 0.002519 0.000660 0.988733
0.005241 0.001416 0.000496 0.992847
0.005527 0.001527 0.000517 0.992429
0.007626 0.002108 0.000798 0.989468
0.007107 0.001934 0.000636 0.990323
0.005834 0.001542 0.000533 0.992092
0.013176 0.004698 0.001150 0.980976
0.008506 0.003834 0.000535 0.987126
0.006086 0.001526 0.000634 0.991754
0.005096 0.001424 0.000455 0.993025
0.005417 0.001403 0.000507 0.992672
0.006632 0.001632 0.000805 0.990932
0.006431 0.001631 0.000806 0.991132
0.008370 0.002409 0.000751 0.988470
0.011755 0.003323 0.001231 0.983691
0.005067 0.001349 0.000482 0.993103
0.007794 0.002399 0.000634 0.989173
0.006502 0.001702 0.000779 0.991017
0.005660 0.001521 0.000530 0.992289
0.009680 0.002880 0.000883 0.986557
0.006154 0.001610 0.000706 0.991530
0.005134 0.001431 0.000440 0.992995
0.008751 0.002391 0.000979 0.987880
0.009893 0.003248 0.000901 0.985958
0.007605 0.002430 0.000584 0.989381
0.008264 0.002675 0.000660 0.988401
0.011517 0.003626 0.001041 0.983816
0.009059 0.002647 0.000873 0.987421
0.008243 0.002656 0.000621 0.988480
0.006332 0.001681 0.000723 0.991264
0.005670 0.001505 0.000518 0.992307
0.009822 0.002822 0.001046 0.986310
0.005391 0.001382 0.000524 0.992704
0.008246 0.002563 0.000691 0.988501
0.005019 0.001332 0.000437 0.993211
0.008394 0.002564 0.000699 0.988343
0.010128 0.003113 0.001030 0.985729
0.007583 0.002244 0.000724 0.989449
0.008331 0.002666 0.000679 0.988325
0.012126 0.003676 0.001311 0.982888
0.007308 0.002103 0.000608 0.989981
0.008087 0.002556 0.000720 0.988637
0.005203 0.001392 0.000444 0.992961
0.011445 0.003526 0.001189 0.983840
0.007188 0.002118 0.000614 0.990079
0.008649 0.002671 0.000671 0.988009
0.006675 0.001760 0.000777 0.990787
0.009349 0.003335 0.000681 0.986635
0.008088 0.003337 0.000487 0.988087
0.005965 0.001823 0.000540 0.991671
0.009165 0.003076 0.000679 0.987079
0.009187 0.002749 0.000815 0.987249
0.004563 0.001360 0.000357 0.993721
0.013427 0.004513 0.001201 0.980859
0.009996 0.002769 0.001058 0.986178
0.005493 0.001454 0.000503 0.992550
0.005023 0.001335 0.000454 0.993188
0.005528 0.001433 0.000496 0.992544
0.015612 0.005145 0.001606 0.977637
0.008547 0.002844 0.000635 0.987974
0.007180 0.002377 0.000506 0.989937
0.005876 0.001595 0.000527 0.992002
0.015407 0.005158 0.001470 0.977966
0.010131 0.003457 0.000845 0.985567
0.007275 0.002143 0.000676 0.989905
0.006110 0.001615 0.000568 0.991707
0.011020 0.003373 0.001027 0.984580
0.008171 0.002472 0.000693 0.988664
0.006261 0.001643 0.000646 0.991451
0.006100 0.001599 0.000679 0.991623
0.006186 0.001638 0.000567 0.991609
0.011952 0.003647 0.001110 0.983292
0.005682 0.001495 0.000551 0.992272
0.011821 0.003724 0.001081 0.983374
0.005870 0.001474 0.000584 0.992072
0.004884 0.001406 0.000404 0.993307
0.004311 0.001341 0.000326 0.994021
0.013035 0.004265 0.001360 0.981340
0.005481 0.001788 0.000412 0.992319
0.011160 0.003708 0.000960 0.984172
0.005601 0.001409 0.000566 0.992424
0.005378 0.001437 0.000467 0.992719
0.005989 0.001468 0.000646 0.991897
0.014268 0.004504 0.001597 0.979631
0.010561 0.003507 0.000872 0.985060
0.008826 0.002696 0.000811 0.987667
0.006051 0.001644 0.000624 0.991682
0.006717 0.001973 0.000530 0.990780
0.012512 0.003778 0.001327 0.982383
0.013842 0.004351 0.001322 0.980485
0.007674 0.002312 0.000685 0.989330
0.005470 0.001478 0.000495 0.992557
0.006439 0.001730 0.000737 0.991093
0.005945 0.001469 0.000606 0.991980
0.010976 0.003325 0.001128 0.984571
0.005253 0.001369 0.000500 0.992878
0.009271 0.002836 0.000931 0.986961
0.005681 0.001406 0.000580 0.992333
0.008083 0.002464 0.000737 0.988716
0.006114 0.001532 0.000722 0.991632
0.009137 0.002764 0.000933 0.987166
0.008625 0.002560 0.000734 0.988081
0.008588 0.002623 0.000755 0.988033
0.005959 0.001540 0.000561 0.991940
0.010301 0.003617 0.000853 0.985230
0.006273 0.001583 0.000793 0.991351
0.007608 0.002208 0.000626 0.989557
0.012458 0.003584 0.001276 0.982682
0.005893 0.001576 0.000556 0.991975
0.007659 0.002496 0.000572 0.989273
0.005559 0.001408 0.000612 0.992421
0.005852 0.001557 0.000565 0.992026
0.010012 0.003353 0.000777 0.985858
0.007240 0.001866 0.000872 0.990022
0.006440 0.001703 0.000705 0.991152
0.013151 0.003769 0.001396 0.981684
0.007920 0.002272 0.000688 0.989120
0.012338 0.003946 0.001213 0.982502
0.004778 0.001295 0.000412 0.993515
0.012632 0.004550 0.001159 0.981659
0.006040 0.001602 0.000595 0.991763
0.007463 0.002154 0.000659 0.989724
0.005906 0.001419 0.000635 0.992041
0.005823 0.001535 0.000574 0.992068
0.005197 0.001341 0.000540 0.992923
0.008689 0.002555 0.000791 0.987965
0.010582 0.002966 0.001082 0.985370
0.006051 0.001605 0.000553 0.991791
0.009278 0.003197 0.000773 0.986753
0.004698 0.001235 0.000463 0.993604
0.014562 0.004626 0.001399 0.979412
0.011162 0.003046 0.001255 0.984537
0.009347 0.003429 0.000658 0.986566
0.005012 0.001606 0.000376 0.993006
0.005778 0.001512 0.000537 0.992173
0.008555 0.002598 0.000749 0.988098
0.010046 0.002851 0.001167 0.985936
0.011450 0.003990 0.000945 0.983615
0.008490 0.002614 0.000683 0.988213
0.007088 0.001911 0.000783 0.990219
0.006413 0.001660 0.000749 0.991177
0.007465 0.002089 0.000693 0.989753
0.008215 0.002414 0.000690 0.988681
0.006960 0.001877 0.000775 0.990388
0.008878 0.002959 0.000653 0.987509
0.009203 0.002630 0.000997 0.987170
0.005999 0.001566 0.000555 0.991880
0.008767 0.002672 0.000903 0.987657
0.005602 0.001393 0.000565 0.992440
0.009012 0.002925 0.000847 0.987216
0.005791 0.001447 0.000598 0.992163
0.008574 0.002685 0.000739 0.988003
0.005751 0.001396 0.000608 0.992245
0.006300 0.001669 0.000724 0.991307
0.005734 0.001453 0.000564 0.992249
0.008122 0.002345 0.000703 0.988830
0.006690 0.001703 0.000790 0.990818
0.009626 0.003228 0.000840 0.986306
0.006219 0.001865 0.000504 0.991412
0.010504 0.003120 0.001027 0.985349
0.014223 0.005119 0.001232 0.979426
0.011924 0.004410 0.000953 0.982713
0.005692 0.001534 0.000517 0.992257
0.006121 0.001619 0.000657 0.991603
0.006310 0.001589 0.000747 0.991353
0.012311 0.003394 0.001566 0.982729
0.007448 0.002051 0.000685 0.989816
0.007862 0.002402 0.000664 0.989071
0.004583 0.001344 0.000361 0.993711
0.008686 0.002799 0.000673 0.987842
0.013631 0.004276 0.001317 0.980775
0.009319 0.003184 0.000715 0.986781
0.010438 0.003579 0.000841 0.985142
0.005863 0.001572 0.000529 0.992036
0.009253 0.003156 0.000664 0.986927
0.006201 0.001602 0.000713 0.991485
0.008474 0.002855 0.000617 0.988053
0.010835 0.003093 0.001184 0.984887
0.013506 0.004552 0.001232 0.980710
0.007556 0.002293 0.000599 0.989552
0.005954 0.001605 0.000535 0.991906
0.006237 0.001666 0.000560 0.991537
0.009215 0.002909 0.000896 0.986980
0.004981 0.001318 0.000444 0.993257
0.009166 0.002610 0.000885 0.987339
0.013075 0.003915 0.001373 0.981637
0.007574 0.002473 0.000578 0.989375
0.006217 0.001664 0.000672 0.991446
0.006667 0.001734 0.000720 0.990879
0.007786 0.002234 0.000688 0.989292
0.008611 0.002500 0.000880 0.988009
0.005831 0.001548 0.000508 0.992112
0.010152 0.003021 0.001144 0.985682
0.007759 0.002398 0.000612 0.989231
0.008647 0.002790 0.000765 0.987797
0.005575 0.001648 0.000545 0.992233
0.007928 0.002432 0.000606 0.989034
0.011785 0.003469 0.001192 0.983554
0.005816 0.001550 0.000527 0.992107
0.009549 0.003144 0.000852 0.986455
0.005217 0.001332 0.000527 0.992925
0.007493 0.002260 0.000628 0.989619
0.009611 0.002674 0.001141 0.986574
0.011612 0.003699 0.001055 0.983634
0.008270 0.002516 0.000660 0.988554
0.005314 0.001478 0.000491 0.992717
0.004490 0.001387 0.000349 0.993774
0.008181 0.002263 0.000877 0.988679
0.011009 0.003096 0.001320 0.984575
0.008155 0.002561 0.000632 0.988652
0.009416 0.002868 0.000831 0.986886
0.005158 0.001490 0.000425 0.992927
0.009317 0.003216 0.000778 0.986689
0.004075 0.001181 0.000327 0.994418
0.008721 0.002715 0.000784 0.987781
0.012020 0.003853 0.001237 0.982889
0.007579 0.002291 0.000608 0.989522
0.009218 0.002738 0.000968 0.987076
0.005949 0.001549 0.000557 0.991945
0.008339 0.002711 0.000719 0.988231
0.005577 0.001509 0.000585 0.992329
0.007735 0.002259 0.000731 0.989275
0.011803 0.003546 0.001179 0.983472
0.009487 0.002835 0.000889 0.986789
0.005273 0.001404 0.000470 0.992853
0.005012 0.001401 0.000451 0.993136
0.005531 0.001391 0.000530 0.992548
0.012039 0.003345 0.001380 0.983236
0.013479 0.004219 0.001282 0.981019
0.008082 0.002622 0.000661 0.988636
0.005821 0.001634 0.000602 0.991944
0.008492 0.002614 0.000662 0.988232
0.013376 0.003873 0.001440 0.981311
0.010512 0.003752 0.000783 0.984952
0.008068 0.002644 0.000590 0.988698
0.005130 0.001525 0.000491 0.992853
0.015146 0.005120 0.001408 0.978327
0.008005 0.002309 0.000752 0.988934
0.005401 0.001455 0.000477 0.992667
0.006507 0.001758 0.000694 0.991042
0.007335 0.001801 0.000969 0.989896
0.010244 0.002819 0.001105 0.985831
0.008256 0.002429 0.000736 0.988579
0.006001 0.001663 0.000618 0.991718
0.006474 0.001711 0.000747 0.991068
0.009556 0.002839 0.000882 0.986722
0.008917 0.002472 0.000977 0.987633
0.004947 0.001371 0.000406 0.993276
0.008486 0.002635 0.000780 0.988099
0.009802 0.002899 0.001020 0.986279
0.008135 0.002338 0.000867 0.988659
0.007786 0.002406 0.000619 0.989189
0.008520 0.002780 0.000644 0.988057
0.005810 0.001528 0.000521 0.992141
0.008489 0.002918 0.000689 0.987903
0.009893 0.003012 0.000893 0.986201
0.011164 0.003491 0.001006 0.984339
0.009056 0.003309 0.000670 0.986964
0.007706 0.002541 0.000548 0.989205
0.006929 0.001849 0.000760 0.990462
0.014110 0.004902 0.001258 0.979730
0.006555 0.002514 0.000421 0.990509
0.011237 0.004446 0.000915 0.983402
0.006600 0.001833 0.000697 0.990871
0.008362 0.002685 0.000626 0.988327
0.005395 0.001341 0.000518 0.992747
0.010357 0.003652 0.000771 0.985220
0.009716 0.004568 0.000600 0.985117
0.006923 0.002090 0.000574 0.990413
0.008873 0.002891 0.000769 0.987467
0.006212 0.001747 0.000657 0.991384
0.012663 0.004142 0.001153 0.982042
0.010363 0.003070 0.001010 0.985557
0.005344 0.001439 0.000507 0.992710
0.005558 0.001508 0.000498 0.992436
0.005757 0.001433 0.000591 0.992219
0.006331 0.001599 0.000756 0.991314
0.007011 0.001874 0.000648 0.990467
0.009017 0.002516 0.000899 0.987568
0.010207 0.003449 0.000926 0.985419
0.009249 0.003334 0.000677 0.986741
0.008136 0.002538 0.000692 0.988634
0.011581 0.003604 0.001058 0.983757
0.008868 0.003013 0.000654 0.987465
0.008572 0.003041 0.000681 0.987706
0.005948 0.001591 0.000521 0.991940
0.010900 0.003557 0.000988 0.984555
0.007702 0.002445 0.000609 0.989245
0.007582 0.002343 0.000577 0.989498
0.006531 0.001705 0.000781 0.990983
0.008030 0.002490 0.000653 0.988828
0.008210 0.002345 0.000858 0.988586
0.005492 0.001478 0.000475 0.992555
0.007563 0.002219 0.000604 0.989614
0.009358 0.002878 0.000800 0.986963
0.008777 0.002878 0.000635 0.987710
0.008679 0.002931 0.000620 0.987770
0.008275 0.002935 0.000588 0.988202
0.007983 0.002691 0.000667 0.988659
0.011265 0.004165 0.000871 0.983700
0.011282 0.003804 0.000972 0.983943
0.008889 0.003011 0.000648 0.987452
0.006361 0.001701 0.000701 0.991238
0.005939 0.001609 0.000622 0.991830
0.008165 0.002322 0.000700 0.988813
0.007749 0.002151 0.000799 0.989300
0.009149 0.003289 0.000768 0.986794
0.008390 0.002681 0.000603 0.988327
0.012533 0.004119 0.001164 0.982183
0.008134 0.002595 0.000659 0.988612
0.008095 0.002492 0.000736 0.988677
0.007255 0.001933 0.000845 0.989967
0.008302 0.002716 0.000626 0.988356
0.008398 0.002482 0.000842 0.988278
0.006132 0.001618 0.000658 0.991592
0.008565 0.002482 0.000828 0.988125
0.010758 0.003319 0.000974 0.984949
0.010257 0.003677 0.000756 0.985310
0.005449 0.001465 0.000463 0.992622
0.007462 0.002236 0.000694 0.989608
0.008181 0.002539 0.000667 0.988613
0.009966 0.003141 0.000938 0.985955
0.008501 0.002771 0.000652 0.988076
0.007873 0.002473 0.000600 0.989055
0.006078 0.001620 0.000660 0.991643
0.009775 0.003492 0.000642 0.986091
0.008518 0.002620 0.000795 0.988067
0.007545 0.002489 0.000578 0.989388
0.007943 0.002469 0.000714 0.988874
0.015215 0.005475 0.001321 0.977989
0.007553 0.002302 0.000596 0.989549
0.008779 0.002849 0.000763 0.987609
0.006304 0.001723 0.000659 0.991315
0.007485 0.002213 0.000615 0.989687
0.008518 0.002631 0.000798 0.988053
0.010047 0.003629 0.000819 0.985506
0.008053 0.002595 0.000670 0.988681
0.006633 0.002052 0.000517 0.990797
0.011389 0.003603 0.001189 0.983819
0.005004 0.001452 0.000422 0.993121
0.008348 0.002496 0.000707 0.988449
0.005749 0.001455 0.000556 0.992239
0.006545 0.001718 0.000704 0.991032
0.009479 0.002851 0.000866 0.986804
0.011388 0.003231 0.001354 0.984026
0.005403 0.001473 0.000469 0.992656
0.011160 0.003453 0.000996 0.984391
0.005843 0.001483 0.000574 0.992100
0.009563 0.003214 0.000686 0.986537
0.005473 0.001378 0.000538 0.992611
0.008472 0.002779 0.000748 0.988001
0.014491 0.004830 0.001542 0.979138
0.007933 0.002293 0.000747 0.989027
0.008807 0.002669 0.000790 0.987733
0.005773 0.001542 0.000521 0.992164
0.006882 0.001815 0.000785 0.990518
0.005373 0.001396 0.000508 0.992723
0.006826 0.001955 0.000591 0.990627
0.005399 0.001450 0.000520 0.992631
0.014499 0.005041 0.001290 0.979170
0.013616 0.004542 0.001294 0.980549
0.005398 0.001480 0.000479 0.992643
0.005944 0.001546 0.000580 0.991930
0.004719 0.001368 0.000389 0.993523
0.009638 0.003020 0.000922 0.986419
0.005817 0.001457 0.000568 0.992158
0.007630 0.002217 0.000613 0.989540
0.008441 0.002710 0.000640 0.988208
0.012011 0.003919 0.001182 0.982888
0.008953 0.003042 0.000684 0.987321
0.010448 0.003350 0.001089 0.985113
0.005770 0.001567 0.000512 0.992151
0.012178 0.003838 0.001111 0.982872
0.005407 0.001380 0.000524 0.992688
0.008176 0.002443 0.000771 0.988610
0.006487 0.001588 0.000788 0.991137
0.007841 0.002330 0.000668 0.989161
0.006824 0.001909 0.000568 0.990699
0.006009 0.001606 0.000527 0.991857
0.008970 0.002878 0.000699 0.987453
0.008966 0.002773 0.000865 0.987396
0.007370 0.002216 0.000684 0.989730
0.010873 0.003609 0.001052 0.984467
0.008935 0.002859 0.000744 0.987462
0.011832 0.003857 0.001064 0.983248
0.004706 0.001425 0.000372 0.993497
0.006633 0.001724 0.000740 0.990903
0.005584 0.001442 0.000513 0.992461
0.007587 0.002127 0.000687 0.989599
0.009453 0.003098 0.000757 0.986692
0.012964 0.004415 0.001101 0.981519
0.008286 0.002921 0.000577 0.988216
0.009151 0.003218 0.000732 0.986899
0.005484 0.001600 0.000521 0.992394
0.010845 0.003221 0.001184 0.984750
0.007347 0.002083 0.000642 0.989928
0.012170 0.003905 0.001267 0.982658
0.005949 0.001596 0.000544 0.991911
0.008566 0.002754 0.000735 0.987946
0.005068 0.001306 0.000449 0.993177
0.007887 0.002413 0.000599 0.989100
0.008594 0.002819 0.000710 0.987877
0.008982 0.003101 0.000665 0.987252
0.009069 0.003204 0.000641 0.987086
0.008846 0.004196 0.000577 0.986381
0.007230 0.002855 0.000521 0.989393
0.007507 0.002573 0.000512 0.989407
0.011606 0.003484 0.001121 0.983789
0.007562 0.002245 0.000619 0.989574
0.009285 0.003220 0.000689 0.986807
0.005774 0.001518 0.000561 0.992147
0.010036 0.003499 0.000762 0.985702
0.007491 0.002048 0.000716 0.989744
0.009709 0.003126 0.000933 0.986232
0.008168 0.002675 0.000614 0.988542
0.010907 0.003453 0.001118 0.984522
0.005879 0.001592 0.000523 0.992006
0.008058 0.002611 0.000672 0.988658
0.005107 0.001288 0.000474 0.993131
0.009591 0.002939 0.000862 0.986609
0.013336 0.004421 0.001260 0.980982
0.008373 0.002889 0.000611 0.988127
0.005636 0.001480 0.000516 0.992369
0.006640 0.001780 0.000718 0.990862
0.010434 0.003119 0.001095 0.985352
0.007282 0.001930 0.000747 0.990041
0.009044 0.002853 0.000811 0.987292
0.007701 0.002175 0.000778 0.989346
0.007025 0.002103 0.000565 0.990307
0.007829 0.002499 0.000580 0.989092
0.008812 0.002788 0.000761 0.987639
