0.346014 0.183852 0.470134
0.046237 0.906427 0.047336
0.784455 0.120162 0.095383
0.658954 0.044830 0.296216
0.101634 0.838392 0.059974
0.227146 0.600985 0.171868
0.343581 0.330447 0.325972
0.426604 0.442372 0.131024
0.567512 0.062605 0.369883
0.234854 0.651463 0.113683
0.274132 0.611549 0.114319
0.554503 0.256395 0.189101
0.382900 0.511098 0.106002
0.233404 0.687417 0.079178
0.222517 0.677435 0.100049
0.506937 0.202341 0.290722
0.672195 0.176022 0.151784
0.303636 0.242556 0.453808
0.288087 0.474951 0.236962
0.591994 0.067418 0.340587
0.848086 0.025318 0.126596
0.341277 0.584314 0.074409
0.573829 0.105747 0.320424
0.510288 0.349989 0.139723
0.499953 0.402604 0.097443
0.232974 0.198982 0.568044
0.824780 0.069612 0.105608
0.402142 0.445788 0.152070
0.192401 0.606755 0.200845
0.036046 0.823555 0.140399
0.087270 0.886434 0.026296
0.722313 0.123319 0.154368
0.892023 0.035742 0.072235
0.443376 0.460284 0.096340
0.149269 0.750271 0.100460
0.768851 0.020210 0.210939
0.205373 0.509803 0.284824
0.284625 0.519643 0.195732
0.594940 0.273339 0.131721
0.407574 0.232452 0.359974
0.431101 0.366597 0.202301
0.577915 0.214982 0.207104
0.347191 0.185011 0.467798
0.045295 0.907165 0.047541
0.793249 0.116160 0.090590
0.658388 0.044882 0.296729
0.101802 0.838219 0.059980
0.226013 0.601407 0.172580
0.343467 0.331061 0.325471
0.414514 0.451323 0.134164
0.567055 0.062678 0.370266
0.233117 0.653147 0.113736
0.271275 0.613285 0.115440
0.559252 0.249697 0.191051
0.383906 0.511369 0.104725
0.234033 0.686887 0.079080
0.222904 0.677073 0.100024
0.503973 0.203642 0.292385
0.668013 0.178416 0.153571
0.303515 0.246114 0.450372
0.289934 0.473157 0.236909
0.590452 0.067810 0.341738
0.850551 0.024862 0.124586
0.338263 0.586992 0.074746
0.570778 0.106564 0.322658
0.510230 0.345247 0.144523
0.499323 0.403706 0.096970
0.199968 0.207410 0.592623
0.825377 0.069282 0.105341
0.404362 0.443860 0.151778
0.194025 0.605513 0.200462
0.036032 0.826008 0.137960
0.087527 0.886580 0.025893
0.720435 0.125717 0.153848
0.896040 0.034409 0.069551
0.440058 0.463346 0.096595
0.146258 0.752755 0.100987
0.774962 0.019607 0.205431
0.211409 0.504152 0.284439
0.259880 0.537644 0.202476
0.597221 0.271797 0.130982
0.408588 0.231783 0.359629
0.434518 0.364382 0.201100
0.574717 0.217960 0.207323
0.347171 0.182533 0.470296
0.045768 0.906794 0.047439
0.792584 0.116537 0.090880
0.661151 0.044538 0.294311
0.100230 0.839701 0.060070
0.227210 0.599573 0.173217
0.345207 0.328093 0.326700
0.422356 0.445290 0.132353
0.573866 0.061597 0.364537
0.230126 0.655619 0.114255
0.268266 0.616991 0.114743
0.554319 0.256086 0.189595
0.382996 0.511590 0.105414
0.237999 0.683348 0.078652
0.223460 0.676605 0.099935
0.497296 0.205818 0.296886
0.668719 0.177893 0.153389
0.306662 0.242023 0.451315
0.292578 0.472930 0.234492
0.587915 0.068237 0.343848
0.843604 0.026058 0.130338
0.343004 0.582786 0.074210
0.424676 0.142811 0.432513
0.506503 0.353345 0.140153
0.497007 0.404226 0.098766
0.207451 0.205697 0.586852
0.822867 0.070240 0.106893
0.403861 0.444869 0.151270
0.193712 0.605756 0.200532
0.036134 0.819371 0.144496
0.086816 0.887912 0.025272
0.692406 0.138393 0.169201
0.896164 0.034281 0.069555
0.439262 0.464196 0.096542
0.147720 0.751877 0.100404
0.769889 0.020091 0.210020
0.214118 0.502421 0.283462
0.279748 0.522942 0.197310
0.585036 0.279997 0.134968
0.412281 0.229683 0.358036
0.427900 0.368744 0.203356
0.575938 0.216879 0.207183
0.344755 0.183209 0.472037
0.045385 0.907152 0.047462
0.784120 0.121291 0.094588
0.657545 0.044840 0.297615
0.103567 0.836588 0.059845
0.228906 0.599478 0.171616
0.346483 0.327449 0.326068
0.420525 0.446831 0.132644
0.554718 0.064271 0.381012
0.232638 0.653380 0.113982
0.274995 0.610822 0.114183
0.548123 0.259825 0.192052
0.380622 0.513547 0.105831
0.237468 0.683786 0.078746
0.222614 0.677325 0.100062
0.507671 0.202163 0.290165
0.670557 0.176784 0.152659
0.302405 0.243209 0.454386
0.290731 0.473746 0.235523
0.589183 0.067750 0.343067
0.845932 0.025633 0.128436
0.347824 0.578505 0.073671
0.571788 0.106289 0.321923
0.511519 0.351712 0.136769
0.494636 0.406127 0.099237
0.204355 0.206520 0.589124
0.817784 0.072259 0.109957
0.408467 0.440742 0.150792
0.194851 0.605170 0.199979
0.036345 0.820395 0.143260
0.086711 0.887937 0.025352
0.715430 0.127850 0.156720
0.900584 0.032877 0.066539
0.433343 0.468670 0.097988
0.148090 0.751533 0.100377
0.773989 0.019651 0.206359
0.209496 0.505538 0.284966
0.256670 0.538923 0.204407
0.596075 0.272536 0.131389
0.404937 0.230486 0.364576
0.437631 0.362475 0.199895
0.576887 0.216980 0.206133
0.349372 0.182025 0.468603
0.046056 0.906520 0.047424
0.793858 0.115842 0.090300
0.654658 0.044657 0.300685
0.102199 0.837856 0.059945
0.226722 0.600312 0.172966
0.345977 0.327896 0.326127
0.420630 0.446840 0.132530
0.565420 0.062555 0.372025
0.230783 0.654934 0.114283
0.268996 0.615259 0.115746
0.552271 0.257000 0.190730
0.371813 0.521102 0.107085
0.236966 0.684048 0.078986
0.224067 0.676059 0.099874
0.500374 0.205372 0.294254
0.668229 0.177752 0.154019
0.305041 0.242546 0.452413
0.288407 0.474830 0.236762
0.587054 0.067865 0.345081
0.843127 0.026097 0.130775
0.347566 0.578732 0.073702
0.577289 0.104895 0.317816
0.512138 0.348752 0.139110
0.502522 0.399780 0.097698
0.198219 0.207804 0.593977
0.824360 0.069686 0.105955
0.404336 0.443920 0.151744
0.194061 0.606422 0.199517
0.036289 0.821452 0.142259
0.087071 0.887291 0.025638
0.720836 0.124529 0.154635
0.890986 0.036082 0.072932
0.434952 0.467533 0.097515
0.149630 0.749760 0.100610
0.772758 0.019778 0.207464
0.207640 0.505868 0.286492
0.258481 0.536669 0.204849
0.600721 0.269435 0.129844
0.403284 0.230787 0.365928
0.431914 0.366267 0.201819
0.575830 0.215977 0.208193
0.345370 0.183089 0.471541
0.045002 0.907451 0.047547
0.793509 0.116017 0.090474
0.654608 0.044162 0.301230
0.092332 0.847039 0.060629
0.227401 0.598678 0.173921
0.344100 0.328806 0.327094
0.419062 0.447953 0.132985
0.567610 0.062583 0.369808
0.230005 0.655955 0.114040
0.284827 0.602035 0.113138
0.555765 0.254780 0.189455
0.384765 0.509741 0.105494
0.238390 0.681679 0.079931
0.225100 0.675176 0.099724
0.500562 0.205057 0.294381
0.667434 0.178774 0.153792
0.305049 0.243117 0.451835
0.288341 0.475362 0.236297
0.634708 0.060469 0.304823
0.846194 0.025627 0.128180
0.339447 0.585943 0.074610
0.568923 0.107027 0.324050
0.504670 0.351573 0.143756
0.496148 0.405100 0.098752
0.198292 0.207768 0.593939
0.826433 0.068826 0.104741
0.410135 0.439705 0.150160
0.194436 0.606558 0.199006
0.035845 0.819333 0.144822
0.087837 0.886098 0.026065
0.699418 0.133423 0.167158
0.894414 0.034858 0.070727
0.434299 0.468383 0.097319
0.148408 0.750468 0.101124
0.774485 0.019890 0.205626
0.211055 0.505959 0.282986
0.281811 0.521758 0.196431
0.596269 0.272442 0.131289
0.410267 0.228403 0.361330
0.430174 0.367323 0.202503
0.573888 0.216751 0.209361
0.341835 0.185039 0.473127
0.045396 0.907189 0.047415
0.790856 0.117380 0.091764
0.658328 0.044906 0.296766
0.102387 0.837671 0.059941
0.227723 0.599331 0.172946
0.342623 0.330639 0.326739
0.422034 0.446138 0.131829
0.558165 0.063966 0.377870
0.231428 0.654409 0.114163
0.276687 0.608777 0.114536
0.545163 0.261211 0.193626
0.376103 0.517005 0.106892
0.238253 0.680937 0.080810
0.223843 0.676254 0.099903
0.495874 0.207008 0.297118
0.674996 0.174522 0.150483
0.307191 0.242028 0.450781
0.290695 0.473506 0.235799
0.589486 0.067970 0.342544
0.844037 0.025949 0.130014
0.342251 0.583449 0.074300
0.573609 0.105842 0.320550
0.513138 0.351149 0.135713
0.499833 0.401952 0.098215
0.197578 0.207989 0.594433
0.826205 0.068951 0.104844
0.406814 0.441973 0.151213
0.192963 0.606558 0.200479
0.035832 0.819621 0.144548
0.086376 0.888326 0.025298
0.724996 0.123484 0.151521
0.889328 0.036632 0.074040
0.441183 0.462105 0.096712
0.148782 0.751014 0.100204
0.773984 0.019865 0.206151
0.208142 0.506502 0.285356
0.268419 0.531193 0.200388
0.588338 0.277672 0.133990
0.407874 0.229330 0.362796
0.431404 0.366484 0.202112
0.575215 0.216105 0.208681
0.346045 0.183394 0.470561
0.045349 0.907192 0.047459
0.792690 0.115871 0.091439
0.656209 0.045188 0.298603
0.102722 0.837377 0.059901
0.228365 0.600240 0.171395
0.348625 0.326566 0.324809
0.419506 0.447488 0.133006
0.569033 0.062391 0.368575
0.237370 0.649334 0.113296
0.274787 0.610997 0.114216
0.548958 0.259267 0.191775
0.383008 0.511012 0.105980
0.238115 0.683222 0.078664
0.223190 0.676823 0.099987
0.503487 0.204085 0.292429
0.667110 0.178761 0.154129
0.306773 0.241795 0.451432
0.292636 0.473132 0.234231
0.592628 0.067511 0.339861
0.849031 0.025149 0.125821
0.329648 0.594627 0.075725
0.573082 0.105923 0.320995
0.510670 0.353093 0.136237
0.500933 0.401123 0.097945
0.197661 0.208021 0.594318
0.824062 0.069784 0.106154
0.401389 0.446004 0.152607
0.194936 0.605789 0.199275
0.036222 0.820448 0.143330
0.086834 0.887821 0.025345
0.723029 0.123454 0.153517
0.894417 0.034907 0.070676
0.443046 0.460533 0.096421
0.145550 0.753567 0.100883
0.775112 0.019552 0.205336
0.212720 0.504524 0.282755
0.255361 0.539783 0.204856
0.601071 0.268463 0.130466
0.410309 0.228472 0.361220
0.428718 0.368151 0.203131
0.577843 0.217155 0.205003
0.338106 0.186468 0.475425
0.046249 0.906296 0.047455
0.794330 0.114603 0.091067
0.658354 0.044886 0.296761
0.099485 0.840359 0.060156
0.228056 0.600370 0.171574
0.342887 0.329777 0.327336
0.427204 0.441707 0.131089
0.562171 0.063369 0.374460
0.231071 0.654897 0.114032
0.270359 0.613731 0.115910
0.553954 0.256389 0.189657
0.381175 0.512622 0.106203
0.235452 0.685624 0.078925
0.222657 0.677329 0.100014
0.497968 0.206301 0.295731
0.672156 0.176726 0.151118
0.301005 0.243836 0.455158
0.287650 0.476424 0.235925
0.642729 0.059082 0.298190
0.842327 0.026292 0.131382
0.350353 0.576262 0.073385
0.571686 0.106346 0.321968
0.513414 0.350986 0.135599
0.498261 0.403461 0.098278
0.195403 0.208436 0.596161
0.820012 0.071331 0.108657
0.417723 0.433814 0.148462
0.189319 0.610657 0.200024
0.036038 0.821610 0.142352
0.087440 0.887307 0.025253
0.722226 0.122222 0.155552
0.896783 0.034010 0.069207
0.434161 0.467910 0.097929
0.149776 0.749607 0.100617
0.771107 0.019913 0.208980
0.210488 0.504034 0.285478
0.275952 0.524024 0.200024
0.592447 0.273721 0.133833
0.404323 0.231572 0.364104
0.438049 0.362246 0.199705
0.574928 0.218422 0.206650
0.347734 0.182755 0.469510
0.045178 0.907317 0.047504
0.784355 0.121028 0.094617
0.656983 0.045084 0.297933
0.101858 0.838505 0.059637
0.227821 0.600319 0.171860
0.342688 0.329442 0.327870
0.424128 0.444244 0.131627
0.549453 0.065133 0.385414
0.227784 0.657505 0.114711
0.264001 0.620085 0.115914
0.558099 0.254270 0.187631
0.387234 0.508126 0.104640
0.237163 0.683963 0.078874
0.223975 0.676139 0.099887
0.503828 0.203632 0.292540
0.670828 0.176647 0.152525
0.308455 0.240858 0.450686
0.290920 0.473885 0.235195
0.587259 0.068322 0.344419
0.846221 0.025505 0.128274
0.345839 0.580268 0.073892
0.574406 0.105556 0.320038
0.507940 0.354712 0.137348
0.489721 0.410851 0.099427
0.197407 0.207997 0.594595
0.823519 0.070018 0.106463
0.407083 0.441822 0.151095
0.193934 0.606758 0.199308
0.036498 0.819558 0.143944
0.086641 0.888040 0.025318
0.720178 0.123359 0.156463
0.895107 0.034723 0.070170
0.435385 0.466882 0.097733
0.150322 0.749255 0.100423
0.775622 0.019538 0.204839
0.206488 0.507188 0.286324
0.261317 0.536605 0.202078
0.597106 0.271678 0.131216
0.408506 0.230214 0.361280
0.429728 0.367499 0.202773
0.577156 0.216789 0.206055
0.348467 0.183522 0.468010
0.045720 0.906788 0.047492
0.802191 0.110578 0.087231
0.662790 0.044310 0.292900
0.103161 0.838129 0.058710
0.227385 0.599860 0.172755
0.343969 0.329298 0.326733
0.413829 0.452580 0.133591
0.565341 0.062726 0.371932
0.230333 0.655438 0.114229
0.274217 0.610341 0.115442
0.557240 0.254400 0.188360
0.374167 0.518747 0.107086
0.233459 0.686726 0.079816
0.222113 0.677791 0.100096
0.502188 0.204468 0.293344
0.662101 0.181468 0.156430
0.300969 0.243685 0.455346
0.290265 0.473462 0.236274
0.592520 0.067452 0.340028
0.844812 0.025750 0.129438
0.342489 0.583023 0.074489
0.574635 0.105654 0.319712
0.510035 0.351763 0.138201
0.490288 0.410888 0.098824
0.203507 0.206414 0.590079
0.825458 0.069189 0.105354
0.407349 0.441283 0.151369
0.192047 0.609162 0.198791
0.036122 0.822015 0.141863
0.087618 0.887070 0.025312
0.726084 0.121550 0.152366
0.895545 0.034496 0.069958
0.442077 0.461332 0.096590
0.153008 0.745670 0.101322
0.771418 0.020166 0.208416
0.214572 0.504518 0.280910
0.272091 0.528816 0.199094
0.586644 0.278001 0.135355
0.401193 0.231809 0.366998
0.438666 0.361796 0.199539
0.578295 0.214674 0.207030
0.346919 0.184354 0.468727
0.045642 0.907014 0.047344
0.787090 0.118673 0.094237
0.660715 0.044563 0.294723
0.102670 0.839590 0.057741
0.226001 0.600257 0.173743
0.343570 0.331007 0.325423
0.415862 0.452054 0.132084
0.562841 0.062925 0.374234
0.231206 0.654837 0.113956
0.265057 0.619562 0.115380
0.548075 0.258422 0.193503
0.374936 0.517993 0.107071
0.237262 0.682851 0.079886
0.223948 0.676186 0.099866
0.503911 0.203720 0.292369
0.663462 0.180254 0.156284
0.304527 0.243683 0.451791
0.287743 0.474517 0.237740
0.590835 0.067806 0.341360
0.847619 0.025380 0.127001
0.348251 0.577087 0.074662
0.571482 0.107209 0.321310
0.510169 0.350020 0.139811
0.498529 0.403059 0.098412
0.197142 0.208411 0.594446
0.826723 0.068719 0.104558
0.401679 0.445640 0.152681
0.192001 0.608647 0.199352
0.036297 0.823687 0.140016
0.086876 0.887818 0.025306
0.728578 0.121937 0.149485
0.894229 0.034967 0.070804
0.438256 0.464523 0.097221
0.147346 0.752075 0.100579
0.776510 0.019432 0.204058
0.214577 0.502933 0.282489
0.260729 0.537032 0.202240
0.597345 0.269806 0.132849
0.405812 0.229964 0.364224
0.429735 0.367515 0.202750
0.576091 0.217325 0.206584
0.347621 0.183753 0.468626
0.046573 0.906018 0.047409
0.789866 0.118063 0.092071
0.661850 0.044423 0.293728
0.102164 0.839240 0.058596
0.230106 0.597274 0.172620
0.343632 0.329085 0.327283
0.423209 0.445510 0.131281
0.562228 0.063376 0.374396
0.229952 0.655943 0.114105
0.270135 0.615434 0.114431
0.553111 0.256651 0.190237
0.371309 0.520981 0.107710
0.237287 0.683868 0.078845
0.223580 0.676507 0.099913
0.502042 0.204248 0.293711
0.663811 0.180746 0.155443
0.306082 0.242086 0.451832
0.287069 0.476232 0.236700
0.594676 0.067090 0.338234
0.847816 0.025347 0.126836
0.338479 0.584763 0.076759
0.574610 0.107415 0.317975
0.505538 0.355022 0.139440
0.500571 0.401416 0.098013
0.196818 0.208640 0.594542
0.826281 0.068891 0.104828
0.408700 0.440421 0.150879
0.187951 0.611231 0.200817
0.035933 0.819178 0.144889
0.088411 0.886266 0.025323
0.700209 0.133187 0.166604
0.894661 0.034821 0.070518
0.445598 0.458420 0.095982
0.151036 0.748820 0.100144
0.770645 0.020028 0.209327
0.214348 0.503138 0.282514
0.277066 0.525185 0.197749
0.594652 0.272142 0.133206
0.407151 0.229411 0.363439
0.429968 0.367364 0.202668
0.576725 0.215991 0.207283
0.346896 0.183555 0.469549
0.044179 0.908353 0.047468
0.797896 0.113303 0.088801
0.657616 0.044959 0.297426
0.105690 0.835428 0.058882
0.228444 0.600140 0.171415
0.343576 0.329292 0.327132
0.419274 0.449982 0.130745
0.552538 0.064697 0.382766
0.230613 0.655593 0.113794
0.264409 0.620135 0.115456
0.553524 0.256306 0.190170
0.381212 0.513167 0.105621
0.236361 0.684017 0.079622
0.223623 0.676446 0.099931
0.502058 0.204183 0.293760
0.663580 0.181145 0.155276
0.308092 0.241664 0.450244
0.291243 0.473134 0.235623
0.589952 0.067731 0.342317
0.844938 0.025799 0.129263
0.346137 0.578767 0.075096
0.575985 0.106632 0.317383
0.508881 0.350915 0.140205
0.491386 0.408737 0.099877
0.201198 0.207233 0.591568
0.822982 0.070233 0.106786
0.408803 0.440226 0.150971
0.194838 0.607353 0.197809
0.036197 0.818910 0.144893
0.086352 0.887989 0.025659
0.720933 0.121354 0.157713
0.894142 0.035040 0.070818
0.434842 0.467346 0.097812
0.148148 0.751504 0.100348
0.779940 0.019218 0.200842
0.208446 0.505833 0.285721
0.283824 0.520321 0.195855
0.596000 0.271666 0.132334
0.405741 0.230086 0.364173
0.432333 0.365863 0.201804
0.577759 0.215894 0.206348
0.346720 0.182651 0.470629
0.045295 0.907319 0.047385
0.811244 0.104984 0.083772
0.658974 0.044800 0.296226
0.102195 0.837850 0.059955
0.227563 0.600227 0.172211
0.344080 0.329457 0.326463
0.428475 0.443364 0.128161
0.565410 0.062725 0.371865
0.233335 0.653054 0.113611
0.273031 0.613019 0.113949
0.554778 0.255825 0.189397
0.383111 0.511585 0.105304
0.237372 0.682166 0.080462
0.221648 0.678188 0.100164
0.500140 0.205095 0.294765
0.670959 0.176872 0.152169
0.302621 0.243234 0.454145
0.292414 0.473246 0.234339
0.588233 0.067729 0.344038
0.843112 0.026231 0.130657
0.345017 0.580208 0.074776
0.574869 0.106218 0.318913
0.512488 0.348733 0.138778
0.495900 0.405368 0.098732
0.199400 0.207451 0.593150
0.820322 0.071124 0.108554
0.404539 0.443404 0.152057
0.194351 0.607523 0.198126
0.035877 0.819341 0.144782
0.085650 0.888359 0.025991
0.717475 0.122582 0.159942
0.892438 0.035354 0.072208
0.440558 0.462589 0.096853
0.150052 0.749836 0.100112
0.774122 0.019650 0.206228
0.212975 0.504076 0.282949
0.263736 0.534790 0.201475
0.580149 0.280408 0.139443
0.408676 0.228912 0.362412
0.429483 0.367673 0.202843
0.574197 0.217519 0.208283
0.345578 0.183378 0.471044
0.046134 0.906640 0.047227
0.787170 0.117794 0.095037
0.656087 0.045173 0.298740
0.102183 0.837842 0.059975
0.227109 0.598947 0.173944
0.346117 0.328877 0.325006
0.421597 0.448127 0.130276
0.563480 0.062832 0.373687
0.231909 0.654129 0.113961
0.261938 0.622219 0.115843
0.554047 0.256378 0.189575
0.383738 0.510789 0.105473
0.238388 0.681787 0.079825
0.221000 0.678776 0.100223
0.501328 0.204975 0.293697
0.669995 0.177994 0.152011
0.304109 0.243476 0.452414
0.292544 0.473153 0.234303
0.586517 0.067898 0.345585
0.847296 0.025470 0.127234
0.334586 0.590258 0.075156
0.569955 0.108152 0.321893
0.509181 0.347096 0.143724
0.502666 0.399675 0.097659
0.234351 0.198730 0.566919
0.819692 0.071462 0.108847
0.410955 0.438595 0.150450
0.192619 0.608181 0.199200
0.036063 0.819468 0.144468
0.086766 0.887944 0.025289
0.724525 0.123570 0.151905
0.894460 0.034818 0.070722
0.444868 0.459024 0.096107
0.146152 0.753087 0.100761
0.778910 0.019422 0.201668
0.216522 0.500923 0.282555
0.285169 0.517692 0.197139
0.596173 0.270041 0.133787
0.414599 0.226670 0.358730
0.431640 0.366351 0.202009
0.573472 0.216461 0.210066
0.349631 0.181985 0.468383
0.045613 0.906874 0.047513
0.792394 0.116641 0.090965
0.654000 0.045446 0.300554
0.102644 0.837447 0.059909
0.225687 0.597403 0.176911
0.344131 0.328857 0.327013
0.423148 0.444674 0.132178
0.570835 0.062131 0.367034
0.232174 0.653225 0.114601
0.284129 0.603600 0.112271
0.559013 0.254028 0.186960
0.383358 0.511015 0.105627
0.235432 0.685646 0.078922
0.222075 0.677795 0.100130
0.499158 0.205631 0.295211
0.674257 0.174919 0.150824
0.299535 0.244293 0.456172
0.286713 0.477051 0.236236
0.591604 0.067634 0.340763
0.844979 0.025792 0.129229
0.333533 0.591192 0.075274
0.574753 0.106223 0.319024
0.507268 0.349399 0.143334
0.497886 0.403503 0.098611
0.200630 0.207194 0.592176
0.827795 0.068321 0.103885
0.396549 0.449625 0.153826
0.192428 0.607640 0.199932
0.036362 0.820973 0.142665
0.086865 0.887707 0.025428
0.726752 0.121016 0.152232
0.894475 0.034933 0.070591
0.437664 0.465001 0.097335
0.148426 0.751337 0.100237
0.771612 0.020273 0.208115
0.210541 0.503359 0.286100
0.258652 0.534577 0.206771
0.597236 0.271789 0.130975
0.404335 0.230584 0.365081
0.432961 0.365442 0.201597
0.578855 0.211950 0.209195
0.349042 0.182135 0.468823
0.046909 0.905547 0.047543
0.791798 0.116851 0.091351
0.658251 0.044902 0.296847
0.098013 0.841736 0.060251
0.223547 0.600857 0.175595
0.343391 0.329092 0.327517
0.416354 0.450369 0.133277
0.571971 0.061967 0.366062
0.228958 0.654903 0.116139
0.277721 0.608272 0.114008
0.566383 0.247870 0.185747
0.378646 0.515325 0.106029
0.235239 0.685895 0.078865
0.222607 0.677331 0.100062
0.496685 0.206891 0.296423
0.675491 0.174722 0.149787
0.304123 0.243890 0.451986
0.288316 0.475986 0.235698
0.589173 0.067517 0.343310
0.845389 0.025724 0.128887
0.338616 0.586560 0.074823
0.572093 0.107432 0.320476
0.507779 0.344892 0.147329
0.501851 0.400626 0.097522
0.201556 0.206550 0.591893
0.820531 0.071204 0.108265
0.405848 0.442806 0.151347
0.193115 0.607603 0.199281
0.036149 0.824578 0.139273
0.086173 0.887676 0.026151
0.721404 0.121762 0.156834
0.895154 0.034704 0.070142
0.435609 0.466655 0.097736
0.145962 0.753269 0.100768
0.774146 0.019890 0.205963
0.206301 0.506244 0.287455
0.258215 0.535272 0.206513
0.594509 0.273626 0.131864
0.469720 0.205108 0.325172
0.432469 0.365935 0.201597
0.576145 0.216781 0.207075
0.342745 0.184429 0.472826
0.045606 0.906902 0.047491
0.803187 0.110004 0.086809
0.660576 0.044229 0.295195
0.102345 0.837711 0.059944
0.225293 0.600380 0.174327
0.343829 0.329637 0.326534
0.427062 0.442199 0.130738
0.571219 0.062075 0.366706
0.230221 0.654531 0.115247
0.280412 0.605305 0.114283
0.557487 0.254044 0.188469
0.376492 0.516935 0.106573
0.234642 0.686402 0.078955
0.222603 0.677335 0.100061
0.504409 0.203676 0.291915
0.669071 0.177848 0.153081
0.305413 0.242737 0.451850
0.289394 0.475322 0.235284
0.586571 0.068413 0.345016
0.848686 0.025188 0.126126
0.326043 0.597102 0.076855
0.573847 0.105770 0.320383
0.512003 0.351737 0.136261
0.503124 0.400000 0.096876
0.200839 0.207527 0.591634
0.827190 0.068623 0.104187
0.402644 0.445070 0.152286
0.194123 0.605486 0.200391
0.036631 0.825659 0.137710
0.087026 0.885851 0.027123
0.724416 0.123821 0.151763
0.895488 0.034548 0.069964
0.437855 0.464828 0.097316
0.151438 0.748126 0.100436
0.773470 0.019756 0.206774
0.218933 0.500494 0.280573
0.256921 0.539935 0.203144
0.599832 0.269989 0.130179
0.404356 0.230711 0.364932
0.439876 0.361168 0.198956
0.576885 0.216926 0.206190
0.351147 0.183778 0.465075
0.045148 0.907616 0.047236
0.795737 0.113765 0.090498
0.648032 0.044791 0.307177
0.102318 0.837760 0.059921
0.226428 0.600918 0.172654
0.345526 0.329698 0.324776
0.416829 0.451283 0.131888
0.566801 0.062681 0.370518
0.230231 0.654616 0.115153
0.281732 0.604387 0.113881
0.554619 0.255837 0.189543
0.372238 0.520240 0.107522
0.235580 0.685358 0.079062
0.221998 0.677906 0.100096
0.501906 0.204324 0.293770
0.664757 0.181224 0.154019
0.307660 0.241719 0.450621
0.289785 0.474921 0.235294
0.589742 0.067769 0.342489
0.841615 0.026355 0.132030
0.339908 0.583797 0.076296
0.572474 0.106439 0.321087
0.510223 0.352372 0.137405
0.496269 0.405953 0.097778
0.199363 0.208015 0.592622
0.825755 0.069185 0.105059
0.416007 0.435598 0.148396
0.192973 0.606015 0.201012
0.036330 0.825373 0.138297
0.087696 0.885146 0.027158
0.725077 0.123703 0.151220
0.894322 0.034884 0.070794
0.441095 0.462092 0.096813
0.154644 0.743928 0.101428
0.767093 0.020342 0.212565
0.224554 0.497553 0.277893
0.264469 0.534284 0.201248
0.599424 0.269894 0.130681
0.408637 0.228110 0.363252
0.431484 0.367052 0.201464
0.577309 0.216156 0.206535
0.349397 0.184587 0.466015
0.045490 0.906970 0.047540
0.787041 0.118925 0.094034
0.645355 0.044217 0.310429
0.100864 0.839074 0.060062
0.228819 0.598292 0.172889
0.341896 0.332118 0.325986
0.422217 0.445365 0.132418
0.566714 0.062699 0.370587
0.224200 0.659227 0.116574
0.276428 0.608057 0.115515
0.557320 0.254017 0.188663
0.382800 0.511694 0.105507
0.237480 0.683161 0.079359
0.224527 0.675711 0.099762
0.502729 0.203740 0.293531
0.666082 0.179176 0.154742
0.303491 0.243319 0.453190
0.288978 0.474953 0.236069
0.587318 0.068341 0.344341
0.845438 0.025706 0.128856
0.351117 0.574088 0.074795
0.573926 0.107245 0.318829
0.512306 0.348047 0.139647
0.497951 0.404395 0.097654
0.224044 0.201352 0.574603
0.823021 0.070158 0.106822
0.416258 0.434910 0.148831
0.194428 0.605223 0.200349
0.036424 0.825577 0.137998
0.087655 0.884661 0.027684
0.704764 0.132740 0.162496
0.896877 0.034000 0.069124
0.443038 0.460555 0.096406
0.151590 0.748469 0.099941
0.768963 0.020087 0.210950
0.214303 0.501426 0.284271
0.270248 0.530166 0.199587
0.581395 0.280326 0.138279
0.411567 0.227797 0.360636
0.437822 0.362332 0.199846
0.576128 0.217168 0.206704
0.349625 0.183330 0.467045
0.044793 0.907814 0.047393
0.790379 0.116253 0.093368
0.658827 0.044811 0.296363
0.104082 0.836242 0.059675
0.229145 0.598655 0.172200
0.346939 0.328859 0.324202
0.415880 0.450768 0.133352
0.553158 0.064686 0.382156
0.229406 0.654658 0.115936
0.276635 0.609795 0.113570
0.548544 0.259274 0.192182
0.382434 0.512628 0.104938
0.237533 0.682572 0.079895
0.223612 0.676466 0.099922
0.506317 0.202843 0.290840
0.667190 0.178622 0.154188
0.307772 0.241790 0.450438
0.291174 0.471961 0.236865
0.586863 0.068364 0.344773
0.843523 0.026215 0.130262
0.349830 0.576735 0.073435
0.577100 0.108105 0.314796
0.506717 0.348962 0.144321
0.488775 0.413017 0.098208
0.196215 0.208623 0.595162
0.821614 0.070586 0.107800
0.409561 0.439917 0.150522
0.192569 0.606859 0.200572
0.035663 0.819408 0.144930
0.088278 0.884577 0.027146
0.721307 0.125214 0.153478
0.894091 0.034746 0.071162
0.443965 0.459838 0.096197
0.148006 0.751512 0.100482
0.766038 0.020486 0.213476
0.208738 0.507245 0.284017
0.361967 0.463462 0.174572
0.598554 0.267189 0.134258
0.407021 0.229358 0.363621
0.432063 0.366082 0.201855
0.505287 0.251996 0.242718
0.344487 0.185045 0.470468
0.046140 0.906362 0.047498
0.784793 0.119923 0.095285
0.655800 0.045211 0.298989
0.099116 0.841394 0.059490
0.226506 0.600239 0.173255
0.346358 0.329153 0.324489
0.424264 0.443807 0.131929
0.570599 0.062083 0.367318
0.232036 0.653142 0.114822
0.271544 0.614048 0.114408
0.558671 0.253815 0.187513
0.384143 0.510722 0.105135
0.239067 0.682372 0.078561
0.222659 0.676972 0.100369
0.500629 0.205697 0.293674
0.668933 0.177354 0.153713
0.275527 0.252890 0.471583
0.291014 0.470679 0.238307
0.592482 0.067484 0.340034
0.849430 0.025050 0.125520
0.408980 0.524258 0.066762
0.594145 0.103050 0.302805
0.504826 0.352752 0.142422
0.492255 0.409104 0.098641
0.198743 0.207692 0.593565
0.821377 0.070870 0.107753
0.408969 0.440343 0.150688
0.194722 0.605925 0.199354
0.036041 0.819546 0.144413
0.086703 0.887038 0.026259
0.722627 0.123569 0.153804
0.898941 0.033413 0.067646
0.435429 0.467104 0.097467
0.150787 0.749214 0.099999
0.772419 0.019938 0.207644
0.212423 0.506199 0.281377
0.265725 0.533402 0.200873
0.597384 0.270832 0.131783
0.405488 0.230648 0.363864
0.437882 0.362414 0.199704
0.579018 0.214154 0.206828
0.345418 0.185174 0.469408
0.044693 0.907812 0.047495
0.793018 0.116322 0.090660
0.657207 0.045017 0.297776
0.100257 0.840955 0.058788
0.228004 0.600252 0.171744
0.340755 0.333356 0.325889
0.416502 0.449972 0.133526
0.555280 0.064174 0.380546
0.229766 0.656425 0.113808
0.278124 0.608208 0.113668
0.543983 0.262408 0.193609
0.378081 0.517419 0.104500
0.238570 0.682800 0.078629
0.221447 0.677726 0.100827
0.509128 0.201663 0.289209
0.663598 0.181914 0.154488
0.304450 0.242655 0.452895
0.283359 0.473862 0.242779
0.590525 0.067620 0.341855
0.846389 0.025567 0.128044
0.338033 0.587198 0.074769
0.582108 0.106011 0.311881
0.512604 0.347285 0.140111
0.504125 0.399811 0.096063
0.201657 0.206935 0.591408
0.821400 0.070792 0.107809
0.409445 0.439929 0.150626
0.190658 0.609663 0.199678
0.036307 0.820503 0.143190
0.086846 0.886963 0.026191
0.727763 0.119867 0.152371
0.897231 0.033857 0.068911
0.432983 0.469551 0.097466
0.147493 0.751505 0.101002
0.770043 0.020087 0.209871
0.206301 0.506686 0.287013
0.248176 0.546117 0.205707
0.591196 0.273805 0.134998
0.408327 0.231693 0.359980
0.436177 0.363532 0.200292
0.577602 0.215049 0.207348
0.350139 0.183669 0.466192
0.045193 0.907289 0.047518
0.793664 0.115985 0.090350
0.660989 0.044549 0.294463
0.100591 0.840245 0.059164
0.226565 0.599728 0.173707
0.347670 0.327484 0.324846
0.422280 0.445558 0.132162
0.566119 0.062423 0.371458
0.231737 0.654067 0.114196
0.284126 0.602761 0.113114
0.556912 0.253908 0.189180
0.382647 0.511846 0.105507
0.236287 0.684887 0.078826
0.223205 0.676406 0.100388
0.499148 0.204703 0.296149
0.666598 0.179514 0.153887
0.303627 0.243835 0.452538
0.287228 0.474061 0.238711
0.586906 0.067726 0.345367
0.845564 0.025638 0.128798
0.334276 0.590538 0.075186
0.568895 0.107705 0.323400
0.509017 0.349100 0.141883
0.504407 0.400530 0.095063
0.200696 0.207386 0.591918
0.825602 0.069164 0.105234
0.393978 0.452173 0.153848
0.192770 0.607330 0.199900
0.035464 0.822148 0.142388
0.087504 0.885969 0.026527
0.720842 0.123099 0.156059
0.893793 0.035103 0.071104
0.443120 0.460737 0.096143
0.147995 0.750364 0.101640
0.773209 0.020116 0.206675
0.205911 0.511859 0.282230
0.263286 0.535646 0.201067
0.576134 0.284607 0.139259
0.404705 0.233504 0.361791
0.429475 0.367818 0.202707
0.574803 0.216470 0.208727
0.338699 0.188542 0.472759
0.045880 0.906755 0.047365
0.793929 0.115808 0.090263
0.675012 0.042389 0.282599
0.103610 0.836653 0.059737
0.225977 0.598036 0.175987
0.339912 0.337291 0.322797
0.413561 0.454078 0.132361
0.561035 0.063437 0.375527
0.235533 0.650333 0.114134
0.277776 0.607523 0.114701
0.549045 0.258696 0.192259
0.376443 0.518685 0.104872
0.238500 0.682814 0.078686
0.224345 0.675598 0.100058
0.497825 0.206024 0.296151
0.665011 0.179763 0.155226
0.308094 0.241862 0.450044
0.287763 0.472151 0.240086
0.589037 0.066177 0.344787
0.844333 0.025832 0.129835
0.345598 0.580487 0.073915
0.576893 0.106261 0.316846
0.518872 0.344211 0.136917
0.488002 0.412815 0.099182
0.200857 0.207255 0.591888
0.824743 0.069497 0.105760
0.406362 0.442679 0.150958
0.192737 0.608104 0.199159
0.035957 0.819491 0.144552
0.088229 0.884218 0.027554
0.728032 0.120483 0.151484
0.889940 0.036273 0.073787
0.440569 0.463142 0.096289
0.147742 0.751741 0.100518
0.772112 0.019911 0.207977
0.209313 0.506557 0.284130
0.265219 0.533306 0.201475
0.597685 0.271321 0.130994
0.406119 0.230092 0.363789
0.427801 0.368749 0.203450
0.575249 0.217995 0.206756
0.346078 0.183858 0.470064
0.045893 0.906743 0.047363
0.789000 0.118569 0.092431
0.651184 0.044379 0.304437
0.098395 0.841931 0.059674
0.227815 0.597774 0.174411
0.345682 0.330707 0.323611
0.421910 0.447038 0.131053
0.555308 0.064172 0.380520
0.229370 0.655210 0.115420
0.262209 0.621447 0.116344
0.554203 0.256853 0.188944
0.380330 0.513861 0.105808
0.234551 0.686440 0.079010
0.223102 0.676507 0.100390
0.503783 0.203727 0.292491
0.665434 0.178957 0.155609
0.305098 0.242301 0.452601
0.287976 0.475296 0.236729
0.589995 0.067954 0.342051
0.840594 0.026521 0.132886
0.352446 0.574273 0.073282
0.572541 0.106073 0.321386
0.511389 0.351818 0.136793
0.500918 0.401470 0.097612
0.200747 0.207452 0.591801
0.821393 0.070833 0.107774
0.407758 0.441516 0.150726
0.193193 0.607283 0.199525
0.036089 0.821085 0.142825
0.086767 0.886580 0.026652
0.722709 0.123797 0.153494
0.895711 0.034494 0.069794
0.438256 0.464481 0.097263
0.148856 0.750610 0.100534
0.778344 0.019374 0.202282
0.208309 0.505740 0.285950
0.458538 0.391753 0.149709
0.598917 0.269922 0.131160
0.408316 0.229593 0.362090
0.430914 0.366818 0.202268
0.575760 0.217086 0.207153
0.346373 0.183299 0.470328
0.046955 0.905597 0.047448
0.792520 0.116596 0.090884
0.668732 0.041354 0.289914
0.099017 0.841661 0.059322
0.227429 0.600737 0.171834
0.345971 0.329362 0.324666
0.424382 0.444597 0.131021
0.566701 0.062370 0.370930
0.227847 0.657418 0.114735
0.281289 0.604912 0.113799
0.548581 0.260265 0.191155
0.379537 0.514464 0.105999
0.236949 0.684348 0.078703
0.222323 0.677602 0.100075
0.508559 0.201623 0.289818
0.667308 0.178847 0.153845
0.302922 0.243197 0.453881
0.288798 0.475731 0.235471
0.592779 0.067007 0.340214
0.842921 0.026163 0.130917
0.344330 0.581014 0.074656
0.573382 0.105913 0.320705
0.514173 0.347352 0.138475
0.495525 0.406250 0.098225
0.200243 0.207218 0.592539
0.822981 0.070199 0.106819
0.409233 0.440370 0.150397
0.193635 0.608060 0.198305
0.036327 0.823202 0.140471
0.086049 0.887109 0.026843
0.720324 0.123651 0.156025
0.896783 0.034116 0.069101
0.443040 0.460644 0.096316
0.151363 0.748676 0.099961
0.770037 0.020135 0.209828
0.214130 0.502830 0.283039
0.257740 0.535649 0.206612
0.584680 0.278937 0.136383
0.407839 0.230351 0.361809
0.431064 0.366626 0.202310
0.576053 0.215299 0.208648
0.347069 0.184088 0.468843
0.045689 0.906950 0.047360
0.791331 0.117238 0.091431
0.656405 0.045147 0.298448
0.102616 0.837459 0.059925
0.227196 0.599401 0.173403
0.343167 0.330942 0.325891
0.423757 0.445465 0.130778
0.564808 0.063004 0.372188
0.230813 0.654881 0.114307
0.270155 0.615455 0.114390
0.562446 0.251290 0.186265
0.371081 0.521005 0.107914
0.235006 0.686010 0.078985
0.224374 0.675791 0.099834
0.499903 0.205175 0.294922
0.673191 0.175804 0.151005
0.304128 0.242917 0.452955
0.288356 0.475937 0.235707
0.589211 0.068026 0.342763
0.847399 0.025387 0.127214
0.341496 0.582864 0.075640
0.573871 0.106134 0.319996
0.509529 0.348005 0.142466
0.500064 0.402866 0.097071
0.199417 0.207560 0.593023
0.827020 0.068630 0.104350
0.406990 0.441546 0.151465
0.194528 0.606520 0.198953
0.036209 0.823291 0.140501
0.087221 0.886266 0.026513
0.722028 0.124068 0.153904
0.896111 0.034386 0.069503
0.434626 0.467856 0.097518
0.150130 0.749653 0.100217
0.771986 0.019930 0.208084
0.205262 0.508812 0.285926
0.260836 0.536923 0.202241
0.598434 0.270978 0.130587
0.406037 0.230059 0.363904
0.432515 0.365787 0.201699
0.576758 0.215663 0.207579
0.345471 0.184303 0.470226
0.045486 0.907025 0.047489
0.791843 0.116828 0.091329
0.657526 0.044987 0.297487
0.102724 0.837380 0.059896
0.226585 0.597482 0.175934
0.343722 0.334175 0.322104
0.423571 0.444481 0.131947
0.572104 0.061932 0.365964
0.227359 0.657830 0.114810
0.272074 0.613897 0.114029
0.552520 0.256673 0.190807
0.378280 0.516061 0.105659
0.237291 0.683954 0.078756
0.223481 0.676587 0.099932
0.503179 0.203021 0.293801
0.664811 0.179376 0.155814
0.304613 0.242681 0.452705
0.291391 0.473960 0.234649
0.586014 0.068237 0.345749
0.842856 0.026183 0.130962
0.348300 0.577127 0.074572
0.577333 0.106501 0.316165
0.518296 0.344556 0.137148
0.493436 0.408780 0.097784
0.198106 0.207815 0.594079
0.825602 0.069156 0.105243
0.401432 0.446292 0.152276
0.195006 0.604797 0.200197
0.036952 0.822616 0.140432
0.087999 0.884816 0.027185
0.723426 0.122653 0.153921
0.891360 0.035864 0.072776
0.435913 0.467021 0.097066
0.147704 0.751640 0.100656
0.772113 0.020531 0.207356
0.208396 0.506555 0.285049
0.261808 0.536304 0.201888
0.600815 0.269371 0.129814
0.405700 0.230017 0.364284
0.439182 0.361489 0.199329
0.581191 0.210790 0.208018
0.344037 0.183895 0.472068
0.044455 0.908045 0.047499
0.793505 0.115416 0.091080
0.658168 0.044892 0.296940
0.102977 0.837083 0.059941
0.225665 0.600962 0.173373
0.343972 0.329902 0.326126
0.421471 0.446164 0.132365
0.568349 0.062490 0.369161
0.229255 0.655388 0.115358
0.283320 0.603624 0.113056
0.555463 0.253330 0.191207
0.381351 0.512339 0.106310
0.237634 0.683633 0.078732
0.222908 0.677069 0.100023
0.491814 0.208510 0.299676
0.671191 0.176855 0.151954
0.304763 0.243446 0.451791
0.286370 0.477087 0.236543
0.586431 0.067830 0.345739
0.846308 0.025587 0.128105
0.334463 0.589400 0.076136
0.581412 0.107282 0.311306
0.511361 0.347684 0.140955
0.499819 0.402066 0.098115
0.205914 0.205880 0.588207
0.820192 0.071315 0.108493
0.400316 0.446500 0.153184
0.193256 0.606096 0.200648
0.035868 0.823198 0.140934
0.087470 0.887037 0.025493
0.721370 0.124191 0.154439
0.897124 0.034009 0.068867
0.441618 0.461740 0.096642
0.149023 0.750412 0.100565
0.771111 0.019931 0.208959
0.208347 0.507167 0.284486
0.257849 0.538673 0.203477
0.601031 0.269182 0.129787
0.399114 0.232574 0.368312
0.435901 0.363639 0.200461
0.576232 0.217249 0.206519
0.349105 0.182939 0.467956
0.046200 0.906370 0.047429
0.789151 0.117488 0.093362
0.657007 0.044876 0.298117
0.098985 0.840831 0.060184
0.225900 0.601424 0.172676
0.343922 0.330180 0.325899
0.426418 0.442587 0.130994
0.563620 0.063069 0.373311
0.230005 0.655962 0.114033
0.284069 0.603520 0.112411
0.546436 0.260541 0.193022
0.368468 0.523256 0.108276
0.240357 0.681178 0.078465
0.221625 0.678203 0.100172
0.501519 0.203829 0.294652
0.667777 0.178934 0.153288
0.300781 0.244306 0.454913
0.290164 0.473932 0.235904
0.596615 0.066266 0.337118
0.848723 0.025125 0.126152
0.341123 0.582763 0.076114
0.575139 0.107756 0.317105
0.506026 0.350347 0.143627
0.498439 0.403566 0.097996
0.198637 0.207689 0.593673
0.824650 0.069535 0.105814
0.406336 0.442200 0.151464
0.193051 0.606276 0.200673
0.035913 0.821723 0.142364
0.087610 0.886572 0.025817
0.720584 0.122577 0.156839
0.892475 0.035499 0.072026
0.443460 0.460211 0.096329
0.148823 0.750856 0.100321
0.775125 0.019625 0.205250
0.209799 0.504920 0.285281
0.260489 0.534997 0.204514
0.591030 0.275897 0.133073
0.404516 0.230703 0.364781
0.429742 0.367478 0.202781
0.576322 0.216131 0.207547
0.346150 0.183311 0.470539
0.045047 0.907390 0.047563
0.790116 0.117940 0.091944
0.653672 0.044782 0.301546
0.103327 0.836970 0.059703
0.227058 0.598762 0.174181
0.346620 0.329025 0.324356
0.420267 0.447030 0.132703
0.569756 0.062090 0.368154
0.232739 0.652515 0.114746
0.284246 0.603518 0.112236
0.555804 0.255392 0.188804
0.380549 0.513343 0.106108
0.242784 0.679104 0.078111
0.220933 0.678820 0.100248
0.500261 0.205246 0.294492
0.664404 0.180481 0.155116
0.300859 0.244184 0.454958
0.290275 0.473156 0.236569
0.588186 0.067950 0.343864
0.845524 0.025584 0.128892
0.336921 0.587209 0.075871
0.573412 0.105883 0.320705
0.505087 0.349561 0.145352
0.496640 0.405640 0.097719
0.199990 0.207145 0.592866
0.826910 0.068724 0.104366
0.403441 0.444592 0.151967
0.194046 0.605491 0.200462
0.036064 0.820334 0.143602
0.086796 0.886473 0.026731
0.717836 0.121681 0.160483
0.896311 0.034294 0.069395
0.445452 0.458531 0.096017
0.147619 0.751260 0.101121
0.769804 0.020200 0.209996
0.214812 0.502517 0.282671
0.257324 0.535869 0.206807
0.602737 0.268038 0.129225
0.409050 0.228247 0.362702
0.430297 0.367299 0.202404
0.579712 0.214209 0.206079
