0.126915 0.441568 0.431517
0.323938 0.350500 0.325562
0.703883 0.143407 0.152711
0.258704 0.350958 0.390339
0.468128 0.280794 0.251079
0.749550 0.128957 0.121493
0.325098 0.343106 0.331796
0.295429 0.360026 0.344545
0.387948 0.293706 0.318345
0.618575 0.197438 0.183987
0.601944 0.197339 0.200717
0.795011 0.103817 0.101172
0.599615 0.214456 0.185928
0.741812 0.136872 0.121316
0.583839 0.213746 0.202415
0.376151 0.311645 0.312204
0.762194 0.116884 0.120923
0.428717 0.284592 0.286691
0.261202 0.358940 0.379859
0.241933 0.360736 0.397331
0.452886 0.264913 0.282201
0.842195 0.081797 0.076008
0.342763 0.315467 0.341770
0.449312 0.261624 0.289065
0.323350 0.354170 0.322480
0.220882 0.373369 0.405750
0.764526 0.113721 0.121754
0.548907 0.234801 0.216293
0.411918 0.305326 0.282757
0.425253 0.300846 0.273901
0.557153 0.232888 0.209959
0.756252 0.119889 0.123859
0.574006 0.205455 0.220540
0.471000 0.270514 0.258486
0.336833 0.342744 0.320423
0.298340 0.343082 0.358578
0.134137 0.442109 0.423754
0.812452 0.095445 0.092102
0.282042 0.366891 0.351067
0.745757 0.130822 0.123420
0.497301 0.250539 0.252160
0.254313 0.368018 0.377669
0.116828 0.445932 0.437240
0.533004 0.242268 0.224728
0.706662 0.142122 0.151216
0.395253 0.284333 0.320414
0.617351 0.202595 0.180054
0.775196 0.115843 0.108961
0.410645 0.299625 0.289731
0.362335 0.326088 0.311577
0.324688 0.322761 0.352551
0.704307 0.153035 0.142658
0.568613 0.213729 0.217658
0.873178 0.064086 0.062735
0.585563 0.220745 0.193692
0.426510 0.303781 0.269708
0.620126 0.195056 0.184818
0.268793 0.365681 0.365526
0.832898 0.082072 0.085030
0.380249 0.308860 0.310891
0.248032 0.365937 0.386031
0.340077 0.314148 0.345775
0.505240 0.238571 0.256189
0.698350 0.156266 0.145384
0.402708 0.285863 0.311429
0.449255 0.261952 0.288793
0.505220 0.259220 0.235560
0.246622 0.361295 0.392083
0.577887 0.203539 0.218574
0.450020 0.286190 0.263790
0.352310 0.336868 0.310822
0.245842 0.395186 0.358973
0.404091 0.313635 0.282274
0.529871 0.230763 0.239367
0.582216 0.200890 0.216893
0.449416 0.281277 0.269306
0.294054 0.364888 0.341058
0.507056 0.241073 0.251870
0.111469 0.453814 0.434717
0.695058 0.154855 0.150087
0.300813 0.357426 0.341761
0.757022 0.124885 0.118093
0.490854 0.254158 0.254987
0.234256 0.377642 0.388102
0.112963 0.448276 0.438760
0.493878 0.262924 0.243198
0.660375 0.164752 0.174872
0.329088 0.315916 0.354996
0.616909 0.203355 0.179736
0.769281 0.118933 0.111786
0.400750 0.304849 0.294402
0.217878 0.400638 0.381484
0.411426 0.282497 0.306077
0.585474 0.214491 0.200035
0.554918 0.220264 0.224818
0.852194 0.074737 0.073070
0.597450 0.215211 0.187338
0.830509 0.090333 0.079158
0.593229 0.208871 0.197900
0.285917 0.357343 0.356740
0.832369 0.082504 0.085127
0.365263 0.316531 0.318206
0.362540 0.309804 0.327656
0.227387 0.366196 0.406417
0.483341 0.250173 0.266485
0.800120 0.103606 0.096275
0.329331 0.322205 0.348463
0.428972 0.271729 0.299299
0.429909 0.299283 0.270808
0.252649 0.356353 0.390998
0.636767 0.175773 0.187460
0.535063 0.242575 0.222362
0.416216 0.302538 0.281246
0.285632 0.374682 0.339686
0.613771 0.202803 0.183426
0.854311 0.071397 0.074292
0.752691 0.119949 0.127361
0.431859 0.290329 0.277811
0.305919 0.357272 0.336809
0.306917 0.338973 0.354110
0.070356 0.475144 0.454500
0.636769 0.184136 0.179095
0.467632 0.271442 0.260926
0.790672 0.107597 0.101730
0.408126 0.294342 0.297532
0.221219 0.384008 0.394772
0.236098 0.386517 0.377385
0.534312 0.243622 0.222066
0.654469 0.167357 0.178174
0.306837 0.326601 0.366561
0.548162 0.238421 0.213417
0.782061 0.112452 0.105487
0.218339 0.397904 0.383757
0.244465 0.386587 0.368948
0.538747 0.221598 0.239655
0.540984 0.237603 0.221414
0.537927 0.229161 0.232912
0.794022 0.104039 0.101939
0.611266 0.207765 0.180969
0.735304 0.140584 0.124112
0.621781 0.194260 0.183959
0.244447 0.377698 0.377855
0.726777 0.134397 0.138826
0.459260 0.269311 0.271429
0.241026 0.369724 0.389250
0.226388 0.367834 0.405778
0.551898 0.216697 0.231406
0.822969 0.091746 0.085285
0.438299 0.269560 0.292141
0.421812 0.273967 0.304221
0.445709 0.289053 0.265238
0.206604 0.380090 0.413306
0.766805 0.112464 0.120731
0.444078 0.290222 0.265700
0.471605 0.274702 0.253693
0.256850 0.389422 0.353728
0.431057 0.297908 0.271035
0.575739 0.207934 0.216327
0.660482 0.163866 0.175652
0.420163 0.296577 0.283259
0.175516 0.426420 0.398065
0.459646 0.264259 0.276096
0.185462 0.415633 0.398905
0.753439 0.125057 0.121504
0.306360 0.354264 0.339375
0.781363 0.112490 0.106147
0.500594 0.249703 0.249703
0.216682 0.386443 0.396876
0.116858 0.447141 0.436001
0.545779 0.236710 0.217511
0.685175 0.152901 0.161924
0.292487 0.334474 0.373038
0.570376 0.227719 0.201906
0.787866 0.109447 0.102687
0.357367 0.326647 0.315986
0.231681 0.393596 0.374723
0.588368 0.197432 0.214200
0.565433 0.225162 0.209405
0.524559 0.235638 0.239803
0.821421 0.090292 0.088287
0.454709 0.292838 0.252453
0.717290 0.150333 0.132377
0.613681 0.197933 0.188386
0.324308 0.337512 0.338180
0.809498 0.093756 0.096746
0.437276 0.280306 0.282418
0.273480 0.353018 0.373502
0.182491 0.388838 0.428671
0.478922 0.252256 0.268822
0.663537 0.173708 0.162756
0.339756 0.316195 0.344049
0.438703 0.265844 0.295453
0.394929 0.318602 0.286469
0.264035 0.352195 0.383771
0.780760 0.105972 0.113267
0.556827 0.229943 0.213231
0.412609 0.305464 0.281928
0.267702 0.384413 0.347885
0.587064 0.216860 0.196076
0.548173 0.222025 0.229802
0.722468 0.134510 0.143022
0.457655 0.276740 0.265605
0.226853 0.400156 0.372991
0.295894 0.343800 0.360306
0.190481 0.413636 0.395884
0.665702 0.169572 0.164725
0.406895 0.302286 0.290819
0.783605 0.110981 0.105414
0.433778 0.282341 0.283881
0.235033 0.377267 0.387700
0.154776 0.426931 0.418293
0.482823 0.268351 0.248826
0.680206 0.155007 0.164787
0.305078 0.329274 0.365647
0.585473 0.218909 0.195618
0.778265 0.114443 0.107292
0.272179 0.369760 0.358061
0.159965 0.429361 0.410674
0.498833 0.241179 0.259988
0.475507 0.271232 0.253262
0.529898 0.233071 0.237031
0.880435 0.060394 0.059171
0.588278 0.220854 0.190868
0.828306 0.090930 0.080764
0.627539 0.191176 0.181284
0.332725 0.333342 0.333933
0.784353 0.106196 0.109451
0.336644 0.330634 0.332723
0.379580 0.301800 0.318620
0.302529 0.332252 0.365219
0.586759 0.199565 0.213676
0.787167 0.109945 0.102888
0.339390 0.317438 0.343172
0.433109 0.269341 0.297550
0.366073 0.331793 0.302134
0.202419 0.382371 0.415210
0.780878 0.105706 0.113416
0.453462 0.285324 0.261214
0.391256 0.315958 0.292786
0.371205 0.329711 0.299084
0.473938 0.276640 0.249421
0.541047 0.225272 0.233680
0.672281 0.157513 0.170206
0.416411 0.298461 0.285128
0.184201 0.420895 0.394904
0.540016 0.224959 0.235024
0.121107 0.448101 0.430791
0.832993 0.084747 0.082260
0.372216 0.321674 0.306111
0.805656 0.099994 0.094351
0.522750 0.238006 0.239243
0.181435 0.403363 0.415202
0.166563 0.421427 0.412010
0.377839 0.324173 0.297988
0.696846 0.146641 0.156514
0.373786 0.294516 0.331698
0.420060 0.306996 0.272944
0.769672 0.118697 0.111631
0.331682 0.339821 0.328497
0.217334 0.401244 0.381422
0.416525 0.280736 0.302739
0.497255 0.260412 0.242332
0.530456 0.232771 0.236773
0.874516 0.063419 0.062064
0.655483 0.184448 0.160069
0.535796 0.247580 0.216624
0.560990 0.225575 0.213435
0.284061 0.357839 0.358100
0.785460 0.105772 0.108767
0.477171 0.260457 0.262372
0.267826 0.355602 0.376572
0.196976 0.380487 0.422536
0.472689 0.255302 0.272009
0.828927 0.088545 0.082528
0.316118 0.329100 0.354782
0.453210 0.259384 0.287406
0.304985 0.366652 0.328363
0.310681 0.328833 0.360486
0.760242 0.115794 0.123963
0.444040 0.289277 0.266683
0.407474 0.306968 0.285558
0.419299 0.304807 0.275894
0.493724 0.266566 0.239710
0.565628 0.213120 0.221252
0.583331 0.202191 0.214478
0.416155 0.298166 0.285679
0.207108 0.408139 0.384753
0.462157 0.262493 0.275350
0.144018 0.436977 0.419005
0.699783 0.152236 0.147981
0.289330 0.361859 0.348811
0.777843 0.113993 0.108163
0.441389 0.278290 0.280321
0.263578 0.363384 0.373038
0.277535 0.364430 0.358035
0.534429 0.242206 0.223365
0.665336 0.161659 0.173006
0.332770 0.316486 0.350744
0.420661 0.306326 0.273013
0.583191 0.214772 0.202037
0.236190 0.388689 0.375121
0.316668 0.349572 0.333759
0.388592 0.292757 0.318651
0.554984 0.230159 0.214857
0.547765 0.224007 0.228228
0.860227 0.070561 0.069212
0.580866 0.223315 0.195819
0.618992 0.202525 0.178484
0.640654 0.184598 0.174749
0.303790 0.347645 0.348566
0.811698 0.092596 0.095706
0.317545 0.339201 0.343254
0.286429 0.347105 0.366466
0.222393 0.370190 0.407417
0.541743 0.221682 0.236575
0.816377 0.094658 0.088965
0.350963 0.311451 0.337586
0.381531 0.293841 0.324628
0.331299 0.348721 0.319980
0.206097 0.380546 0.413357
0.780233 0.106124 0.113642
0.487580 0.266194 0.246226
0.436950 0.292367 0.270682
0.432744 0.296334 0.270922
0.462982 0.282824 0.254194
0.722530 0.136285 0.141184
0.576021 0.204527 0.219452
0.433228 0.289466 0.277306
0.381897 0.319380 0.298723
0.388817 0.299095 0.312088
0.163785 0.426711 0.409504
0.698414 0.153009 0.148576
0.271950 0.371339 0.356711
0.797157 0.104299 0.098544
0.492053 0.253150 0.254797
0.245667 0.372267 0.382066
0.174521 0.416990 0.408489
0.425567 0.299293 0.275140
0.705125 0.142826 0.152049
0.393641 0.285440 0.320918
0.580435 0.222479 0.197085
0.774533 0.115842 0.109625
0.348754 0.331383 0.319863
0.359750 0.328133 0.312118
0.312985 0.328972 0.358043
0.551675 0.231877 0.216448
0.518176 0.238493 0.243331
0.875478 0.063009 0.061512
0.652158 0.185502 0.162340
0.572484 0.227693 0.199823
0.568779 0.221323 0.209897
0.207798 0.396071 0.396131
0.670228 0.162263 0.167509
0.403095 0.296832 0.300073
0.282439 0.348639 0.368922
0.252421 0.354674 0.392906
0.625857 0.180395 0.193748
0.796242 0.105607 0.098152
0.356886 0.308895 0.334220
0.469706 0.250878 0.279416
0.404454 0.312701 0.282845
0.256799 0.354429 0.388773
0.568558 0.208126 0.223316
0.467111 0.278054 0.254835
0.367279 0.328224 0.304497
0.234326 0.401016 0.364658
0.501117 0.262095 0.236788
0.529830 0.230793 0.239377
0.638535 0.173900 0.187564
0.465371 0.273362 0.261268
0.191233 0.416678 0.392088
0.460660 0.263333 0.276008
0.260620 0.377478 0.361901
0.774076 0.114552 0.111373
0.273833 0.371166 0.355001
0.789664 0.108047 0.102290
0.499747 0.248527 0.251726
0.255569 0.367526 0.376905
0.138397 0.435138 0.426464
0.390891 0.317204 0.291905
0.727366 0.132474 0.140160
0.373278 0.299054 0.327668
0.432671 0.300005 0.267324
0.736279 0.135574 0.128147
0.324961 0.343218 0.331820
0.376582 0.318960 0.304459
0.267947 0.351872 0.380181
0.597986 0.207554 0.194459
0.566512 0.214935 0.218553
0.884837 0.058231 0.056932
0.621347 0.201336 0.177317
0.663340 0.179088 0.157572
0.607276 0.201622 0.191102
0.181379 0.408686 0.409936
0.828045 0.084556 0.087399
0.410219 0.293241 0.296541
0.351871 0.315435 0.332694
0.346005 0.310807 0.343189
0.498006 0.243059 0.258935
0.790392 0.108389 0.101220
0.424615 0.276132 0.299252
0.442173 0.265645 0.292183
0.379966 0.323244 0.296790
0.208084 0.378427 0.413489
0.791637 0.100682 0.107681
0.497649 0.261022 0.241329
0.445138 0.288403 0.266459
0.440109 0.292766 0.267125
0.607504 0.205274 0.187221
0.715083 0.139764 0.145153
0.734171 0.128427 0.137401
0.422523 0.294755 0.282722
0.260388 0.382034 0.357578
0.271284 0.356188 0.372529
0.110335 0.454173 0.435492
0.839003 0.081945 0.079052
0.258058 0.378683 0.363260
0.758333 0.124000 0.117667
0.505420 0.246890 0.247690
0.207576 0.390531 0.401893
0.212631 0.397415 0.389955
0.380836 0.322224 0.296940
0.702967 0.143935 0.153098
0.360339 0.303127 0.336535
0.553261 0.236886 0.209852
0.745874 0.130705 0.123421
0.255518 0.378620 0.365862
0.343306 0.335480 0.321214
0.411946 0.281899 0.306155
0.590750 0.210993 0.198258
0.552980 0.221591 0.225429
0.836345 0.082870 0.080785
0.694460 0.163052 0.142488
0.629033 0.196687 0.174280
0.640536 0.184492 0.174972
0.241711 0.378254 0.380035
0.824329 0.086410 0.089261
0.433525 0.282700 0.283775
0.248919 0.365146 0.385935
0.337984 0.316980 0.345036
0.510312 0.237054 0.252634
0.805594 0.100713 0.093694
0.503789 0.237660 0.258551
0.426487 0.272969 0.300544
0.412181 0.308609 0.279210
0.254289 0.358150 0.387561
0.546330 0.218921 0.234749
0.439213 0.292247 0.268539
0.394131 0.314666 0.291203
0.239984 0.398027 0.361989
0.469113 0.278311 0.252576
0.532882 0.229121 0.237997
0.608534 0.189349 0.202117
0.407837 0.302566 0.289597
0.188038 0.419693 0.392269
0.631337 0.180167 0.188496
0.168246 0.424383 0.407371
0.797155 0.103123 0.099722
0.518413 0.245077 0.236510
0.800401 0.102692 0.096907
0.500277 0.249935 0.249789
0.243591 0.372753 0.383656
0.224888 0.391415 0.383697
0.361670 0.330847 0.307483
0.804867 0.094473 0.100660
0.329039 0.316057 0.354904
0.493579 0.268547 0.237873
0.765691 0.120801 0.113508
0.327833 0.342260 0.329907
0.330025 0.342881 0.327095
0.537313 0.221103 0.241585
0.515123 0.250696 0.234181
0.595316 0.200559 0.204125
0.844867 0.078483 0.076650
0.584084 0.221448 0.194469
0.685117 0.167333 0.147550
0.603155 0.203813 0.193033
0.284565 0.357059 0.358376
0.664740 0.164984 0.170276
0.340063 0.328975 0.330962
0.329431 0.325902 0.344667
0.191843 0.384920 0.423237
0.567847 0.209037 0.223116
0.816822 0.094859 0.088319
0.361779 0.306494 0.331727
0.444845 0.264904 0.290251
0.292221 0.368329 0.339450
0.258331 0.354701 0.386968
0.804946 0.094087 0.100967
0.495394 0.262205 0.242400
0.423959 0.299005 0.277036
0.421533 0.302191 0.276276
0.400616 0.313575 0.285809
0.521596 0.235388 0.243016
0.602257 0.192509 0.205234
0.445608 0.283024 0.271368
0.233331 0.395809 0.370860
0.334996 0.325652 0.339352
0.260664 0.376946 0.362390
0.846177 0.078209 0.075614
0.261476 0.376358 0.362167
0.611118 0.199661 0.189221
0.512821 0.243035 0.244145
0.243938 0.373040 0.383022
0.287708 0.359855 0.352436
0.337421 0.343659 0.318920
0.710107 0.140830 0.149063
0.421735 0.276446 0.301819
0.557051 0.235081 0.207868
0.666605 0.171659 0.161736
0.242676 0.385371 0.371953
0.221532 0.398052 0.380416
0.325468 0.323582 0.350950
0.366814 0.327324 0.305862
0.541005 0.226866 0.232129
0.846303 0.077743 0.075954
0.480585 0.276121 0.243294
0.478451 0.275992 0.245557
0.650920 0.179153 0.169927
0.249130 0.374896 0.375974
0.791381 0.102667 0.105952
0.406132 0.295443 0.298425
0.253132 0.363159 0.383709
0.310622 0.329315 0.360062
0.681197 0.153981 0.164822
0.824544 0.090781 0.084675
0.486628 0.246589 0.266784
0.485193 0.244083 0.270724
0.414267 0.305479 0.280254
0.227940 0.370929 0.401132
0.795309 0.098707 0.105984
0.563330 0.227293 0.209376
0.448435 0.286029 0.265535
0.315517 0.358387 0.326095
0.602112 0.208649 0.189239
0.547704 0.222320 0.229976
0.354525 0.310190 0.335286
0.431888 0.290513 0.277599
0.155508 0.435254 0.409238
0.466800 0.260599 0.272601
0.156312 0.430265 0.413423
0.835551 0.083403 0.081047
0.472788 0.269555 0.257657
0.738490 0.134522 0.126988
0.465323 0.265369 0.269309
0.265196 0.362862 0.371942
0.179501 0.413877 0.406622
0.481778 0.268686 0.249536
0.670676 0.159492 0.169831
0.339280 0.311024 0.349696
0.426796 0.302064 0.271140
0.640494 0.184875 0.174630
0.517092 0.245629 0.237279
0.365311 0.324840 0.309849
0.287510 0.341032 0.371458
0.686814 0.162093 0.151093
0.560338 0.217965 0.221697
0.888817 0.056153 0.055030
0.607098 0.209373 0.183529
0.789183 0.112278 0.098538
0.607560 0.201533 0.190907
0.369579 0.313234 0.317187
0.735660 0.130124 0.134216
0.353783 0.320815 0.325402
0.427412 0.278283 0.294305
0.287985 0.337769 0.374246
0.468635 0.256383 0.274982
0.765290 0.121257 0.113453
0.414257 0.281881 0.303863
0.439249 0.266088 0.294663
0.354902 0.339131 0.305967
0.220028 0.371685 0.408287
0.726051 0.132168 0.141781
0.550457 0.233055 0.216488
0.471195 0.273789 0.255016
0.385572 0.320913 0.293515
0.603711 0.208442 0.187846
0.708086 0.143413 0.148501
0.481175 0.249565 0.269260
0.478907 0.265688 0.255405
0.274082 0.374471 0.351447
0.620844 0.185480 0.193676
0.246147 0.384628 0.369225
0.729197 0.137952 0.132852
0.465726 0.272910 0.261364
0.794571 0.105558 0.099871
0.448428 0.274847 0.276724
0.249570 0.369981 0.380449
0.170407 0.418170 0.411422
0.614688 0.199598 0.185715
0.702603 0.144254 0.153143
0.275560 0.344562 0.379879
0.561667 0.231735 0.206599
0.761965 0.122407 0.115628
0.199414 0.406737 0.393850
0.353980 0.329936 0.316084
0.554991 0.214074 0.230935
0.505811 0.255812 0.238377
0.600316 0.197735 0.201950
0.817932 0.091979 0.090089
0.634924 0.193515 0.171560
0.777595 0.117826 0.104579
0.545614 0.233403 0.220983
0.283150 0.357561 0.359289
0.765047 0.115549 0.119404
0.316758 0.340382 0.342860
0.238330 0.370487 0.391183
0.357629 0.306584 0.335787
0.504912 0.240080 0.255008
0.830585 0.087508 0.081907
0.381922 0.295936 0.322142
0.490262 0.243325 0.266413
0.323144 0.352871 0.323985
0.249033 0.360285 0.390681
0.819337 0.087391 0.093272
0.557543 0.229597 0.212860
0.480967 0.269553 0.249480
0.444282 0.290641 0.265077
0.431319 0.298619 0.270063
0.681646 0.156274 0.162080
0.583135 0.201850 0.215014
0.465270 0.272742 0.261988
0.227588 0.399508 0.372903
0.335862 0.324769 0.339368
0.061308 0.478572 0.460121
0.693232 0.156023 0.150745
0.399921 0.305847 0.294232
0.793567 0.105827 0.100606
0.408700 0.294908 0.296392
0.237505 0.376000 0.386495
0.196963 0.404480 0.398557
0.489391 0.264362 0.246247
0.774986 0.109144 0.115870
0.304077 0.330738 0.365185
0.546508 0.239144 0.214349
0.760790 0.122924 0.116286
0.453092 0.277815 0.269093
0.256773 0.379251 0.363977
0.265941 0.351079 0.382980
0.634060 0.189071 0.176868
0.468769 0.262986 0.268245
0.868468 0.066542 0.064990
0.520537 0.254356 0.225107
0.468651 0.280698 0.250652
0.653669 0.177761 0.168570
0.267610 0.365951 0.366439
0.857650 0.070042 0.072308
0.368972 0.314354 0.316674
0.326814 0.327329 0.345858
0.325517 0.322166 0.352317
0.539171 0.223163 0.237666
0.754649 0.126825 0.118525
0.390517 0.292970 0.316514
0.511520 0.232872 0.255609
0.472590 0.274421 0.252989
0.220713 0.374823 0.404464
0.714420 0.137966 0.147614
0.509900 0.255580 0.234520
0.494007 0.261987 0.244006
0.228529 0.403892 0.367578
0.485666 0.268334 0.246000
0.534505 0.228113 0.237382
0.642578 0.173244 0.184178
0.518587 0.245824 0.235590
0.176484 0.426262 0.397254
0.326117 0.329542 0.344341
0.187087 0.414442 0.398470
0.795372 0.103909 0.100719
0.497808 0.255750 0.246443
0.811931 0.096511 0.091558
0.495873 0.250313 0.253814
0.220593 0.384613 0.394793
0.152210 0.428019 0.419771
0.461027 0.280343 0.258630
0.739167 0.126407 0.134425
0.512801 0.231270 0.255929
0.569924 0.226439 0.203637
0.767852 0.119448 0.112700
0.208746 0.402334 0.388920
0.305885 0.355552 0.338563
0.250229 0.359014 0.390757
0.546851 0.234213 0.218936
0.531537 0.231896 0.236567
0.817685 0.092265 0.090050
0.619071 0.201761 0.179168
0.836648 0.087012 0.076340
0.660136 0.174454 0.165409
0.510706 0.244246 0.245047
0.860088 0.068692 0.071220
0.387241 0.305539 0.307220
0.345223 0.318294 0.336483
0.324207 0.320295 0.355498
0.490333 0.245847 0.263820
0.735196 0.136725 0.128079
0.401452 0.287538 0.311010
0.460327 0.257112 0.282560
0.437630 0.291402 0.270968
0.275348 0.345041 0.379611
0.734597 0.128100 0.137303
0.533627 0.242792 0.223581
0.411032 0.305694 0.283275
0.240663 0.396948 0.362390
0.534878 0.242151 0.222970
0.544070 0.223385 0.232545
0.723777 0.133772 0.142450
0.408795 0.302042 0.289164
0.164938 0.430640 0.404421
0.297512 0.344163 0.358325
0.152733 0.432188 0.415079
0.819593 0.091602 0.088805
0.333822 0.340153 0.326025
0.791178 0.107245 0.101577
0.515644 0.240428 0.243928
0.218939 0.384818 0.396243
0.201244 0.402795 0.395961
0.501952 0.259401 0.238647
0.811744 0.091270 0.096987
0.317645 0.323977 0.358377
0.580788 0.220942 0.198270
0.780227 0.113107 0.106666
0.290677 0.361833 0.347491
0.328459 0.342473 0.329068
0.279018 0.346858 0.374124
0.381554 0.319924 0.298522
0.493322 0.251138 0.255540
0.888141 0.056655 0.055204
0.582979 0.221669 0.195352
0.683748 0.166781 0.149472
0.672667 0.168040 0.159293
0.269432 0.364424 0.366144
0.817324 0.089914 0.092762
0.372151 0.312983 0.314866
0.335586 0.322889 0.341525
0.223903 0.371188 0.404909
0.578755 0.203675 0.217570
0.758003 0.124995 0.117002
0.522334 0.230300 0.247366
0.467749 0.253157 0.279094
0.418152 0.302186 0.279662
0.205056 0.382409 0.412535
0.798921 0.097033 0.104045
0.482903 0.269155 0.247943
0.448753 0.285790 0.265457
0.309374 0.360974 0.329652
0.393400 0.317455 0.289145
0.598753 0.196610 0.204637
0.726331 0.132384 0.141285
0.376294 0.318784 0.304921
0.241315 0.390655 0.368030
0.271718 0.356387 0.371895
0.170250 0.423114 0.406636
0.854528 0.073781 0.071692
0.294603 0.360628 0.344769
0.765642 0.120524 0.113834
0.471283 0.263438 0.265279
0.207100 0.391876 0.401024
0.162925 0.423206 0.413869
0.551237 0.233321 0.215442
0.780859 0.106155 0.112986
0.328878 0.318814 0.352308
0.582958 0.220972 0.196070
0.735563 0.136303 0.128135
0.319441 0.346769 0.333790
0.337506 0.338914 0.323580
0.207089 0.380346 0.412565
0.592229 0.211185 0.196586
0.487506 0.253699 0.258795
0.870474 0.065447 0.064079
0.541351 0.243100 0.215549
0.825363 0.092420 0.082217
0.591361 0.209993 0.198645
0.303647 0.347478 0.348876
0.841837 0.077709 0.080454
0.372285 0.312470 0.315245
0.228810 0.374915 0.396275
0.348923 0.310497 0.340580
0.533532 0.225577 0.240891
0.855339 0.074817 0.069845
0.547408 0.217298 0.235294
0.410826 0.279067 0.310107
0.426123 0.299309 0.274568
0.218025 0.373863 0.408112
0.572573 0.206242 0.221185
0.511200 0.254026 0.234774
0.498331 0.260691 0.240978
0.333827 0.349356 0.316817
0.479513 0.273230 0.247258
0.629015 0.182130 0.188856
0.600626 0.193313 0.206062
0.561578 0.224043 0.214379
0.353487 0.333952 0.312561
0.418926 0.283643 0.297431
0.206244 0.404865 0.388891
0.671807 0.165474 0.162719
0.276281 0.369231 0.354489
0.777000 0.114727 0.108273
0.525112 0.235792 0.239096
0.292577 0.349243 0.358180
0.155495 0.426870 0.417635
0.355677 0.338616 0.305708
0.690849 0.149564 0.159587
0.437487 0.265071 0.297442
0.475728 0.277130 0.247142
0.648171 0.180971 0.170859
0.372128 0.318861 0.309011
0.272740 0.372106 0.355153
0.444104 0.267226 0.288669
0.372243 0.324974 0.302783
0.483197 0.256418 0.260386
0.836954 0.082859 0.080187
0.428081 0.304729 0.267190
0.756880 0.128857 0.114262
0.661629 0.173735 0.164637
0.335360 0.332373 0.332267
0.825679 0.085856 0.088466
0.350246 0.323440 0.326314
0.360511 0.310879 0.328611
0.342220 0.315309 0.342471
0.474956 0.254019 0.271025
0.845162 0.080122 0.074716
0.469323 0.255899 0.274778
0.474155 0.249715 0.276129
0.333867 0.348506 0.317628
0.245542 0.362342 0.392116
0.688000 0.150639 0.161362
0.520570 0.249457 0.229973
0.405434 0.307968 0.286599
0.282042 0.374405 0.343553
0.519648 0.252409 0.227943
0.538806 0.226481 0.234713
0.544553 0.219615 0.235832
0.427842 0.292228 0.279931
0.341036 0.339238 0.319725
0.491015 0.249274 0.259711
0.236313 0.389934 0.373753
0.790346 0.106235 0.103418
0.253997 0.381550 0.364453
0.697122 0.155413 0.147464
0.524971 0.236425 0.238604
0.187902 0.400821 0.411277
0.118590 0.445445 0.435965
0.410800 0.306145 0.283054
0.672815 0.158717 0.168468
0.388551 0.289304 0.322146
0.606711 0.208221 0.185068
0.701085 0.153995 0.144920
0.242086 0.384393 0.373522
0.262038 0.377020 0.360941
0.381457 0.297406 0.321137
0.444958 0.287167 0.267875
0.549438 0.222984 0.227578
0.760014 0.121290 0.118695
0.600808 0.213362 0.185829
0.490024 0.270098 0.239879
0.674808 0.166978 0.158214
0.265248 0.366601 0.368152
0.843096 0.077167 0.079736
0.369171 0.314618 0.316210
0.265866 0.357606 0.376528
0.308851 0.331755 0.359394
0.499746 0.242085 0.258170
0.836731 0.084376 0.078893
0.332495 0.319759 0.347746
0.447611 0.263457 0.288932
0.387826 0.318792 0.293382
0.202366 0.383767 0.413867
0.788370 0.102107 0.109523
0.414133 0.304628 0.281239
0.449704 0.285930 0.264366
0.439647 0.292849 0.267504
0.498257 0.263499 0.238244
0.599884 0.196189 0.203928
0.563580 0.209995 0.226425
0.492321 0.259108 0.248572
0.290117 0.366856 0.343027
0.406921 0.290460 0.302619
0.132127 0.442863 0.425011
0.665109 0.170075 0.164816
0.292995 0.361370 0.345635
0.763475 0.121588 0.114938
0.488891 0.255513 0.255596
0.189445 0.399180 0.411375
0.194824 0.406604 0.398572
0.460213 0.279227 0.260561
0.826209 0.084195 0.089596
0.290190 0.335526 0.374284
0.583790 0.220464 0.195745
0.783485 0.111386 0.105129
0.278535 0.366635 0.354830
0.197018 0.409412 0.393570
0.413490 0.281185 0.305324
0.479320 0.269552 0.251128
0.588458 0.203541 0.208001
0.890402 0.055323 0.054275
0.670414 0.175121 0.154465
0.470712 0.280369 0.248919
0.655415 0.177026 0.167559
0.238528 0.379756 0.381716
0.831996 0.082710 0.085294
0.398093 0.299298 0.302608
0.264723 0.358169 0.377108
0.281523 0.343360 0.375118
0.481066 0.251407 0.267526
0.827489 0.089415 0.083097
0.453484 0.261707 0.284809
0.493002 0.239929 0.267069
0.360097 0.332129 0.307775
0.222630 0.373423 0.403946
0.764802 0.113576 0.121622
0.518739 0.250591 0.230670
0.478445 0.270533 0.251021
0.323105 0.354293 0.322602
0.395624 0.317615 0.286761
0.535957 0.227592 0.236452
0.596337 0.195676 0.207987
0.481687 0.264668 0.253645
0.221405 0.401936 0.376659
0.544466 0.222607 0.232927
0.216410 0.399391 0.384200
0.829841 0.086495 0.083663
0.442271 0.283827 0.273902
0.728915 0.139219 0.131865
0.509252 0.244290 0.246459
0.193218 0.397745 0.409036
0.119833 0.444312 0.435855
0.488264 0.265105 0.246631
0.646272 0.171536 0.182192
0.352386 0.307894 0.339720
0.606888 0.207965 0.185147
0.599341 0.206643 0.194016
0.450566 0.279236 0.270198
0.166370 0.425485 0.408145
0.247442 0.360782 0.391776
0.469373 0.274132 0.256496
0.599112 0.198217 0.202671
0.878712 0.061256 0.060032
0.493269 0.269158 0.237573
0.428401 0.302804 0.268796
0.641742 0.183737 0.174521
0.238193 0.380630 0.381177
0.790503 0.103040 0.106457
0.360730 0.318671 0.320599
0.355145 0.313423 0.331432
0.199045 0.382720 0.418235
0.661754 0.163752 0.174494
0.643119 0.184658 0.172223
0.324715 0.323866 0.351419
0.451312 0.261519 0.287169
0.389565 0.317341 0.293095
0.227935 0.369880 0.402185
0.650261 0.168900 0.180839
0.507079 0.255857 0.237064
0.376922 0.323594 0.299484
0.274778 0.379644 0.345578
0.619312 0.201075 0.179613
0.547870 0.221860 0.230270
0.609200 0.188968 0.201832
0.485906 0.262218 0.251876
0.406873 0.305917 0.287210
0.445071 0.271592 0.283337
0.168393 0.423738 0.407869
0.715757 0.143864 0.140380
0.253860 0.380378 0.365763
0.767380 0.119475 0.113145
0.454805 0.271065 0.274130
0.278079 0.355847 0.366074
0.153544 0.427967 0.418489
0.524726 0.248662 0.226612
0.740303 0.125994 0.133703
0.344462 0.310171 0.345367
0.431603 0.300142 0.268254
0.761710 0.122739 0.115551
0.437003 0.286497 0.276499
0.286287 0.365213 0.348499
0.338900 0.316467 0.344633
0.482126 0.267386 0.250488
0.536122 0.229862 0.234016
0.870629 0.065439 0.063932
0.421868 0.307673 0.270460
0.785208 0.113935 0.100857
0.645992 0.181817 0.172191
0.311848 0.343970 0.344182
0.680942 0.156904 0.162154
0.372509 0.312519 0.314972
0.361826 0.310455 0.327719
0.245806 0.360437 0.393756
0.583479 0.200822 0.215700
0.775486 0.116363 0.108151
0.369210 0.303445 0.327345
0.475185 0.249329 0.275486
0.368211 0.328418 0.303371
0.251168 0.359233 0.389599
0.805418 0.093846 0.100736
0.426737 0.299355 0.273909
0.455237 0.282530 0.262233
0.386651 0.321072 0.292278
0.384256 0.323794 0.291950
0.504419 0.243157 0.252424
0.740794 0.125119 0.134087
0.372331 0.320990 0.306679
0.161991 0.431956 0.406053
0.263434 0.360708 0.375858
0.196119 0.409314 0.394567
0.831389 0.085371 0.083241
0.272773 0.371327 0.355901
0.780033 0.113208 0.106759
0.492545 0.252709 0.254746
0.226839 0.381731 0.391430
0.266453 0.370663 0.362883
0.350193 0.337441 0.312366
0.694537 0.148276 0.157187
0.337728 0.314369 0.347903
0.446103 0.292613 0.261284
0.802973 0.101518 0.095509
0.306089 0.352621 0.341289
0.348958 0.332225 0.318817
0.545207 0.218862 0.235931
0.456659 0.281518 0.261823
0.552232 0.222149 0.225619
0.818721 0.091617 0.089662
0.449079 0.292680 0.258241
0.809324 0.101144 0.089532
0.629071 0.190449 0.180481
0.275172 0.361156 0.363672
0.843341 0.077029 0.079630
0.475403 0.261215 0.263381
0.316515 0.332478 0.351006
0.372092 0.300057 0.327851
0.487182 0.248354 0.264464
0.861203 0.071766 0.067032
0.493085 0.242844 0.264072
0.462111 0.255154 0.282735
0.339417 0.346782 0.313801
0.232366 0.368777 0.398856
0.699566 0.145027 0.155407
0.487725 0.265987 0.246288
0.417329 0.302861 0.279810
0.279279 0.377824 0.342897
0.421042 0.303597 0.275361
0.528598 0.231355 0.240046
0.718553 0.136273 0.145173
0.363396 0.324953 0.311650
0.153856 0.437778 0.408366
0.438866 0.274412 0.286722
0.198384 0.409353 0.392263
0.832391 0.085474 0.082135
0.263754 0.375199 0.361047
0.787664 0.109133 0.103203
0.466113 0.267456 0.266431
0.192096 0.399012 0.408892
0.189928 0.408610 0.401463
0.499790 0.258848 0.241362
0.702400 0.144348 0.153252
0.295590 0.332642 0.371768
0.535381 0.246134 0.218485
0.650969 0.179394 0.169637
0.312008 0.349894 0.338098
0.221946 0.397451 0.380603
0.508853 0.236248 0.254898
0.536113 0.239880 0.224006
0.546621 0.224784 0.228595
0.808337 0.096879 0.094784
0.510645 0.261505 0.227849
0.692314 0.163112 0.144574
0.578203 0.216429 0.205367
0.192463 0.402701 0.404836
0.629592 0.182432 0.187976
0.502281 0.247673 0.250047
0.238041 0.371496 0.390463
0.270395 0.349279 0.380325
0.540658 0.222488 0.236854
0.834313 0.085660 0.080027
0.517754 0.231518 0.250728
0.462124 0.254246 0.283631
0.464858 0.279137 0.256006
0.203391 0.382127 0.414482
0.734305 0.128306 0.137389
0.459893 0.280651 0.259456
0.430202 0.295631 0.274167
0.382055 0.323656 0.294289
0.402068 0.312688 0.285244
0.613350 0.190166 0.196484
0.594984 0.195627 0.209388
0.374311 0.319474 0.306216
0.260663 0.382153 0.357184
0.586892 0.201788 0.211321
0.171213 0.421895 0.406892
0.825368 0.089047 0.085585
0.464278 0.273359 0.262363
0.801516 0.102125 0.096358
0.505379 0.247215 0.247407
0.198444 0.395599 0.405957
0.171666 0.417467 0.410867
0.306931 0.358248 0.334821
0.683721 0.153919 0.162360
0.292334 0.332876 0.374790
0.361420 0.336859 0.301722
0.772467 0.117389 0.110144
0.238458 0.387259 0.374283
0.210848 0.402659 0.386493
0.612337 0.186680 0.200983
0.634748 0.188922 0.176330
0.504065 0.245502 0.250433
0.854558 0.073467 0.071975
0.550996 0.237813 0.211191
0.800659 0.105355 0.093986
0.650365 0.179454 0.170181
0.328149 0.336050 0.335801
0.730015 0.133215 0.136771
0.402929 0.297685 0.299386
0.390075 0.296635 0.313290
0.179630 0.390763 0.429606
0.422163 0.280179 0.297658
0.785391 0.111301 0.103308
0.472292 0.254306 0.273402
0.463561 0.254152 0.282287
0.373762 0.325860 0.300379
0.225099 0.371473 0.403428
0.734992 0.128101 0.136907
0.545906 0.236820 0.217274
0.415466 0.303014 0.281520
0.328653 0.352765 0.318583
0.550862 0.236176 0.212962
0.531267 0.230309 0.238424
0.572189 0.206094 0.221716
0.480545 0.265598 0.253856
0.302076 0.359898 0.338026
0.313349 0.335293 0.351359
0.166272 0.425654 0.408074
0.689526 0.158006 0.152469
0.265622 0.375192 0.359186
0.802822 0.101478 0.095700
0.527840 0.234605 0.237555
0.282213 0.354121 0.363666
0.133553 0.436441 0.430006
0.408491 0.306455 0.285055
0.739070 0.126896 0.134034
0.354847 0.303792 0.341361
0.586997 0.217703 0.195299
0.722143 0.143013 0.134844
0.426499 0.290643 0.282858
0.233903 0.391271 0.374826
0.388187 0.295018 0.316795
0.553056 0.231330 0.215615
0.552292 0.221370 0.226338
0.843335 0.079378 0.077287
0.545908 0.241189 0.212903
0.532983 0.247621 0.219397
0.574497 0.218301 0.207202
0.171911 0.414263 0.413826
0.851245 0.073301 0.075455
0.378105 0.310265 0.311630
0.248282 0.365933 0.385785
0.312471 0.328205 0.359324
0.563301 0.211702 0.224997
0.847124 0.079277 0.073600
0.344500 0.315326 0.340174
0.492201 0.242740 0.265060
0.496197 0.260315 0.243488
0.240026 0.364466 0.395508
0.746127 0.122718 0.131155
0.531989 0.244226 0.223785
0.419291 0.300807 0.279902
0.334510 0.348060 0.317429
0.515296 0.255888 0.228816
0.562315 0.214834 0.222851
0.684658 0.152395 0.162947
0.396491 0.308584 0.294925
0.176882 0.423541 0.399576
0.545438 0.222370 0.232192
0.169376 0.423267 0.407357
0.792822 0.105116 0.102061
0.491827 0.259392 0.248781
0.783040 0.111661 0.105298
0.498749 0.248957 0.252294
0.264388 0.362482 0.373130
0.234661 0.385036 0.380302
0.400597 0.311458 0.287945
0.811663 0.091526 0.096811
0.456562 0.256306 0.287131
0.524527 0.250891 0.224583
0.655968 0.177115 0.166917
0.332338 0.338842 0.328820
0.325015 0.345254 0.329731
0.243383 0.363568 0.393049
0.367813 0.327150 0.305037
0.423396 0.285416 0.291189
0.862441 0.069349 0.068209
0.561376 0.232388 0.206236
0.623533 0.200003 0.176464
0.595750 0.207627 0.196623
0.288914 0.354742 0.356344
0.807203 0.094722 0.098076
0.437326 0.280238 0.282436
0.239481 0.369814 0.390706
0.316359 0.324924 0.358717
0.585295 0.200918 0.213787
0.830620 0.087699 0.081681
0.420554 0.278144 0.301301
0.477829 0.248834 0.273337
0.357681 0.333774 0.308545
0.198176 0.383339 0.418485
0.801755 0.095737 0.102508
0.458187 0.281903 0.259910
0.458192 0.281152 0.260656
0.431718 0.296946 0.271336
0.490669 0.267990 0.241341
0.566195 0.212621 0.221185
0.724042 0.133735 0.142223
0.486163 0.262451 0.251386
0.172185 0.426279 0.401536
0.335713 0.325038 0.339249
0.257171 0.378699 0.364130
0.791616 0.105978 0.102405
0.374835 0.318251 0.306914
0.815535 0.094857 0.089609
0.439051 0.279505 0.281444
0.238483 0.375048 0.386470
0.124669 0.441823 0.433508
0.596335 0.210086 0.193580
0.719739 0.135712 0.144549
0.243381 0.356741 0.399878
0.584127 0.219491 0.196382
0.798495 0.103880 0.097624
0.305983 0.353238 0.340779
0.362165 0.326444 0.311392
0.518725 0.230937 0.250339
0.581472 0.216511 0.202017
0.582706 0.206730 0.210563
0.786574 0.108345 0.105080
0.569763 0.228128 0.202108
0.859485 0.074658 0.065857
0.612873 0.198840 0.188286
0.245812 0.377477 0.376711
0.754476 0.120769 0.124756
0.520611 0.239027 0.240362
0.262906 0.359568 0.377526
0.313032 0.327986 0.358982
0.519897 0.232381 0.247722
0.864145 0.070220 0.065635
0.347037 0.313234 0.339729
0.433886 0.269891 0.296222
0.355769 0.333474 0.310757
0.202948 0.382106 0.414946
0.772113 0.110017 0.117870
0.502809 0.258377 0.238814
0.424246 0.298870 0.276885
0.458784 0.282669 0.258547
0.488543 0.268464 0.242993
0.616494 0.187731 0.195774
0.546417 0.219718 0.233864
0.451760 0.279852 0.268388
0.358238 0.331775 0.309988
0.533309 0.228621 0.238070
0.211736 0.401437 0.386826
0.669011 0.167875 0.163114
0.552887 0.227642 0.219472
0.827983 0.088357 0.083660
0.454659 0.271664 0.273678
0.187525 0.400408 0.412066
0.160367 0.423833 0.415799
0.479739 0.270857 0.249404
0.765791 0.113394 0.120815
0.381772 0.291548 0.326680
0.609923 0.205749 0.184328
0.798087 0.104122 0.097791
0.256498 0.378556 0.364946
0.154074 0.432083 0.413842
0.544022 0.218649 0.237329
0.477467 0.270786 0.251748
0.520584 0.237629 0.241787
0.870253 0.065670 0.064077
0.665930 0.177370 0.156700
0.784023 0.114434 0.101544
0.602429 0.204277 0.193294
0.212950 0.392726 0.394323
0.836648 0.080328 0.083025
0.403237 0.297560 0.299203
0.346494 0.317764 0.335743
0.315783 0.326538 0.357678
0.571579 0.207081 0.221339
0.702514 0.154053 0.143433
0.479378 0.249820 0.270802
0.449407 0.263147 0.287446
0.347155 0.340764 0.312082
0.224834 0.372123 0.403044
0.623005 0.181820 0.195176
0.410773 0.306726 0.282500
0.430507 0.296431 0.273062
0.442283 0.291228 0.266489
0.418031 0.306620 0.275348
0.625980 0.183002 0.191018
0.607532 0.189309 0.203158
0.418731 0.296766 0.284503
0.301679 0.361525 0.336796
0.447725 0.270626 0.281648
0.160179 0.428354 0.411467
0.785244 0.108949 0.105806
0.556181 0.226862 0.216957
0.790722 0.107483 0.101795
0.479556 0.259078 0.261366
0.204632 0.391555 0.403813
0.187713 0.410546 0.401742
0.489582 0.266130 0.244288
0.685794 0.152665 0.161541
0.456261 0.257849 0.285890
0.527720 0.248995 0.223285
0.789829 0.108404 0.101767
0.334824 0.338753 0.326424
0.306907 0.355307 0.337786
0.279559 0.345815 0.374626
0.363549 0.329228 0.307223
0.557097 0.219340 0.223563
0.900236 0.050445 0.049319
0.435208 0.301122 0.263670
0.753374 0.131451 0.115175
0.624680 0.192717 0.182603
0.376769 0.311020 0.312212
0.723579 0.136228 0.140192
0.354915 0.320951 0.324134
0.356733 0.313171 0.330095
0.310567 0.327194 0.362239
0.512678 0.235465 0.251857
0.778634 0.114381 0.106985
0.326985 0.324099 0.348916
0.455777 0.256616 0.287607
0.459698 0.281075 0.259227
0.209967 0.376693 0.413340
0.585479 0.199875 0.214646
0.394316 0.314437 0.291246
0.497247 0.260499 0.242254
0.236663 0.400709 0.362628
0.369025 0.331892 0.299083
0.539156 0.226280 0.234564
0.607532 0.188623 0.203845
0.441119 0.285268 0.273613
0.336990 0.341774 0.321237
0.555464 0.217314 0.227222
0.132054 0.442398 0.425548
0.679755 0.162165 0.158081
0.314622 0.350634 0.334744
0.776075 0.115044 0.108881
0.387361 0.304167 0.308471
0.179859 0.404950 0.415192
0.205392 0.402515 0.392092
0.502727 0.260122 0.237151
0.656499 0.166446 0.177055
0.516918 0.228728 0.254353
0.419419 0.306106 0.274475
0.713092 0.148001 0.138907
0.371686 0.319113 0.309202
0.372761 0.321677 0.305562
0.214727 0.376109 0.409164
0.439748 0.288920 0.271333
0.517730 0.239293 0.242977
0.891860 0.054628 0.053512
0.512606 0.260243 0.227151
0.769259 0.122713 0.108028
0.598262 0.206472 0.195267
0.217708 0.390983 0.391309
0.778103 0.109176 0.112721
0.393175 0.302139 0.304686
0.245126 0.367558 0.387316
0.253637 0.356390 0.389973
0.493368 0.244684 0.261947
0.840257 0.082740 0.077002
0.491782 0.244443 0.263776
0.456507 0.256717 0.286776
0.325771 0.353111 0.321118
0.231215 0.368389 0.400396
0.750729 0.120120 0.129152
0.500892 0.260275 0.238833
0.414115 0.304039 0.281846
0.396262 0.315577 0.288161
0.587203 0.216484 0.196313
0.519742 0.235489 0.244769
0.598170 0.193321 0.208509
0.474651 0.268592 0.256757
0.354085 0.333246 0.312668
0.467015 0.260869 0.272116
0.104118 0.457740 0.438142
0.731575 0.136274 0.132150
0.256273 0.379934 0.363794
0.780810 0.112757 0.106433
0.494885 0.251895 0.253219
0.246427 0.371695 0.381878
