0.034406 0.449499 0.516095
0.039041 0.465204 0.495755
0.928678 0.037202 0.034121
0.909161 0.047615 0.043224
0.080595 0.418003 0.501402
0.108074 0.404773 0.487153
0.052821 0.470294 0.476885
0.625993 0.194978 0.179029
0.920270 0.044659 0.035071
0.520500 0.243195 0.236305
0.505980 0.238497 0.255523
0.045959 0.383975 0.570066
0.851831 0.073911 0.074259
0.352288 0.335438 0.312274
0.405003 0.305573 0.289424
0.040887 0.438545 0.520568
0.752360 0.117242 0.130398
0.425299 0.302526 0.272175
0.364860 0.293882 0.341258
0.856979 0.082772 0.060248
0.928585 0.040858 0.030557
0.866867 0.070201 0.062933
0.831877 0.084533 0.083590
0.023444 0.388463 0.588094
0.029854 0.424909 0.545237
0.588554 0.216414 0.195033
0.948049 0.029490 0.022461
0.399530 0.318208 0.282262
0.130429 0.454142 0.415429
0.031566 0.455439 0.512994
0.038197 0.406464 0.555339
0.031078 0.349099 0.619824
0.985706 0.008494 0.005800
0.077188 0.413421 0.509392
0.658726 0.180133 0.161141
0.065144 0.454735 0.480120
0.048718 0.412554 0.538728
0.050514 0.466612 0.482873
0.816884 0.096519 0.086597
0.580147 0.235712 0.184141
0.287016 0.350772 0.362212
0.033717 0.416257 0.550026
0.035457 0.446607 0.517936
0.030538 0.396158 0.573305
0.928184 0.037619 0.034198
0.921911 0.041978 0.036111
0.087659 0.406286 0.506056
0.116407 0.400187 0.483406
0.052851 0.466845 0.480304
0.631101 0.192622 0.176276
0.917204 0.046681 0.036115
0.517960 0.243208 0.238833
0.504750 0.236199 0.259051
0.046280 0.382989 0.570731
0.852027 0.074097 0.073875
0.354405 0.334284 0.311312
0.411177 0.301891 0.286932
0.041644 0.435044 0.523313
0.728174 0.129675 0.142151
0.421253 0.303084 0.275663
0.367064 0.292868 0.340069
0.854885 0.084132 0.060984
0.931321 0.040019 0.028660
0.868411 0.070029 0.061560
0.833487 0.085618 0.080895
0.023560 0.393566 0.582873
0.029394 0.410657 0.559949
0.579976 0.222667 0.197357
0.948403 0.029238 0.022359
0.373059 0.333142 0.293799
0.124479 0.457412 0.418110
0.034869 0.465333 0.499799
0.041224 0.403359 0.555417
0.030666 0.341928 0.627407
0.986360 0.008313 0.005327
0.090799 0.409014 0.500187
0.672661 0.172410 0.154929
0.062119 0.457348 0.480533
0.042961 0.412940 0.544099
0.046813 0.467430 0.485757
0.800314 0.104797 0.094889
0.585042 0.232900 0.182058
0.291987 0.345066 0.362947
0.033106 0.418244 0.548650
0.037364 0.450091 0.512545
0.036259 0.382011 0.581729
0.929507 0.037340 0.033153
0.925361 0.038234 0.036405
0.077731 0.407748 0.514520
0.110933 0.397369 0.491698
0.055293 0.466824 0.477882
0.618307 0.198725 0.182968
0.917388 0.045987 0.036625
0.529034 0.238275 0.232691
0.501906 0.237078 0.261016
0.047051 0.383960 0.568989
0.849900 0.075413 0.074687
0.370964 0.324129 0.304907
0.390164 0.312139 0.297697
0.040208 0.420843 0.538949
0.753762 0.116287 0.129951
0.412458 0.302728 0.284814
0.364150 0.293494 0.342355
0.856526 0.083440 0.060034
0.928969 0.041801 0.029230
0.863911 0.071533 0.064556
0.836420 0.085816 0.077764
0.023134 0.387972 0.588894
0.029146 0.406972 0.563882
0.586375 0.217094 0.196532
0.945372 0.030659 0.023969
0.376632 0.331589 0.291779
0.125683 0.457701 0.416616
0.042047 0.470656 0.487296
0.041321 0.390048 0.568630
0.030146 0.345925 0.623929
0.984740 0.009316 0.005944
0.092401 0.419845 0.487754
0.654685 0.181673 0.163642
0.065082 0.455672 0.479246
0.043416 0.416923 0.539662
0.047539 0.474216 0.478244
0.801055 0.104375 0.094569
0.623650 0.211614 0.164736
0.301615 0.341604 0.356782
0.033647 0.415145 0.551208
0.035778 0.452200 0.512023
0.030785 0.388890 0.580325
0.923338 0.040952 0.035711
0.925504 0.039070 0.035425
0.088179 0.413484 0.498337
0.111001 0.398789 0.490211
0.055115 0.466238 0.478647
0.629490 0.192984 0.177525
0.919929 0.045819 0.034253
0.517828 0.244532 0.237639
0.504054 0.235871 0.260075
0.046941 0.383706 0.569352
0.844585 0.076580 0.078835
0.337339 0.337699 0.324961
0.386732 0.314498 0.298770
0.040640 0.427289 0.532070
0.752764 0.117002 0.130234
0.417250 0.298406 0.284344
0.358893 0.295663 0.345444
0.855123 0.083622 0.061255
0.928379 0.041843 0.029778
0.874800 0.066501 0.058700
0.833909 0.085418 0.080673
0.022766 0.384066 0.593167
0.030184 0.411851 0.557966
0.574411 0.218686 0.206903
0.947232 0.029200 0.023568
0.406660 0.313202 0.280138
0.124856 0.460157 0.414987
0.031667 0.475234 0.493099
0.039358 0.402954 0.557688
0.031192 0.355371 0.613437
0.986330 0.008402 0.005269
0.090521 0.413070 0.496409
0.667825 0.175063 0.157112
0.065817 0.454069 0.480114
0.043357 0.410543 0.546100
0.046319 0.476067 0.477614
0.801841 0.104245 0.093915
0.582973 0.234118 0.182910
0.285778 0.349632 0.364589
0.033242 0.422180 0.544578
0.035042 0.445129 0.519829
0.030698 0.387629 0.581673
0.930915 0.036669 0.032416
0.927042 0.037324 0.035635
0.080579 0.417907 0.501514
0.118084 0.410239 0.471677
0.051866 0.460989 0.487145
0.623203 0.195005 0.181792
0.917993 0.046666 0.035342
0.531770 0.236511 0.231719
0.505185 0.237174 0.257642
0.048383 0.396643 0.554974
0.852965 0.072471 0.074565
0.361504 0.325158 0.313338
0.408440 0.304343 0.287217
0.040040 0.424556 0.535405
0.738714 0.124984 0.136302
0.417963 0.302614 0.279424
0.364309 0.295302 0.340388
0.852543 0.082958 0.064500
0.928243 0.042061 0.029696
0.881171 0.062539 0.056289
0.828029 0.089140 0.082832
0.022902 0.386326 0.590772
0.029984 0.404660 0.565357
0.574662 0.216507 0.208831
0.948290 0.028443 0.023266
0.396744 0.320453 0.282804
0.150500 0.435455 0.414045
0.033251 0.477170 0.489579
0.041180 0.390291 0.568529
0.029893 0.366055 0.604052
0.982988 0.010439 0.006573
0.089194 0.405863 0.504943
0.648350 0.184964 0.166686
0.064025 0.452514 0.483461
0.043231 0.418572 0.538197
0.046396 0.478893 0.474711
0.806744 0.102540 0.090716
0.593971 0.228540 0.177489
0.292210 0.347675 0.360115
0.034316 0.425196 0.540487
0.034160 0.444595 0.521245
0.031304 0.409711 0.558985
0.928820 0.037689 0.033491
0.910475 0.047355 0.042169
0.080107 0.419578 0.500315
0.109185 0.399188 0.491626
0.052015 0.467344 0.480641
0.631554 0.191176 0.177269
0.920346 0.044864 0.034790
0.505739 0.249739 0.244523
0.502971 0.236883 0.260146
0.049366 0.404199 0.546435
0.833325 0.082855 0.083820
0.357215 0.331222 0.311563
0.412253 0.302314 0.285433
0.039902 0.423868 0.536230
0.750610 0.118490 0.130900
0.404020 0.310181 0.285800
0.358887 0.295476 0.345637
0.842958 0.086485 0.070557
0.930028 0.041627 0.028344
0.882789 0.061693 0.055517
0.831637 0.087571 0.080792
0.022620 0.391822 0.585558
0.031027 0.432880 0.536094
0.574040 0.223046 0.202915
0.948027 0.029139 0.022834
0.346322 0.344544 0.309133
0.133729 0.451568 0.414703
0.031994 0.481585 0.486421
0.040090 0.417148 0.542761
0.032854 0.391344 0.575803
0.984396 0.009443 0.006162
0.084614 0.407556 0.507830
0.645314 0.186411 0.168276
0.064537 0.452783 0.482681
0.044448 0.426435 0.529117
0.046046 0.483215 0.470740
0.808587 0.101703 0.089710
0.593673 0.227230 0.179097
0.284959 0.352496 0.362546
0.034369 0.430807 0.534825
0.034757 0.444299 0.520943
0.038081 0.406618 0.555301
0.920615 0.041830 0.037555
0.908137 0.049056 0.042807
0.091686 0.417178 0.491136
0.107000 0.401764 0.491237
0.050937 0.471800 0.477264
0.627848 0.193083 0.179069
0.918486 0.045523 0.035992
0.526708 0.239641 0.233651
0.510091 0.238108 0.251802
0.049299 0.407000 0.543700
0.834789 0.082335 0.082877
0.342004 0.336458 0.321538
0.381147 0.318360 0.300494
0.038429 0.427036 0.534535
0.753788 0.117904 0.128308
0.413733 0.301537 0.284730
0.362438 0.295702 0.341860
0.851690 0.082776 0.065535
0.924904 0.045150 0.029946
0.880112 0.063019 0.056869
0.833396 0.086844 0.079760
0.024038 0.412061 0.563902
0.033279 0.421663 0.545058
0.586121 0.218675 0.195204
0.947895 0.029694 0.022410
0.391507 0.323187 0.285306
0.123783 0.457290 0.418927
0.031183 0.464474 0.504342
0.040600 0.420362 0.539038
0.031922 0.379618 0.588460
0.985003 0.008939 0.006058
0.091040 0.418540 0.490420
0.602967 0.208473 0.188561
0.064093 0.452586 0.483321
0.043374 0.420217 0.536409
0.044424 0.480409 0.475167
0.802454 0.104691 0.092855
0.624133 0.209494 0.166373
0.273922 0.356284 0.369794
0.034517 0.431708 0.533775
0.035989 0.427546 0.536466
0.031506 0.394096 0.574398
0.921665 0.041270 0.037065
0.900368 0.052934 0.046698
0.081114 0.426625 0.492261
0.114717 0.407586 0.477697
0.052837 0.464508 0.482655
0.626867 0.194306 0.178826
0.917112 0.045489 0.037399
0.518362 0.244642 0.236996
0.507957 0.239027 0.253015
0.049363 0.403061 0.547576
0.836053 0.082361 0.081585
0.332971 0.340529 0.326500
0.413296 0.301764 0.284940
0.041537 0.434871 0.523592
0.763512 0.111322 0.125166
0.406987 0.306589 0.286424
0.366158 0.291509 0.342333
0.852999 0.085595 0.061406
0.933407 0.039524 0.027069
0.883577 0.061524 0.054900
0.832639 0.085074 0.082287
0.024631 0.420691 0.554678
0.029722 0.402578 0.567700
0.579788 0.225432 0.194780
0.946589 0.030282 0.023130
0.356008 0.342891 0.301100
0.123684 0.458160 0.418156
0.036514 0.456218 0.507268
0.042152 0.427760 0.530087
0.031383 0.356396 0.612220
0.981579 0.010861 0.007560
0.095464 0.426716 0.477820
0.645858 0.187368 0.166774
0.065083 0.453828 0.481089
0.042853 0.410213 0.546934
0.046287 0.484051 0.469663
0.801414 0.104560 0.094026
0.608493 0.219496 0.172011
0.294094 0.347280 0.358626
0.034476 0.432273 0.533251
0.037568 0.444331 0.518101
0.034423 0.384260 0.581317
0.927728 0.037691 0.034581
0.920375 0.041541 0.038084
0.080195 0.420277 0.499528
0.110731 0.416016 0.473253
0.055834 0.462836 0.481330
0.616215 0.199386 0.184399
0.915505 0.045317 0.039178
0.509711 0.248282 0.242007
0.506710 0.237270 0.256020
0.048123 0.405114 0.546763
0.858068 0.073027 0.068905
0.360955 0.326108 0.312938
0.399690 0.308870 0.291440
0.039545 0.435055 0.525400
0.718230 0.134606 0.147164
0.423176 0.299208 0.277616
0.364485 0.295881 0.339634
0.849428 0.086846 0.063726
0.930519 0.041007 0.028474
0.870143 0.068088 0.061769
0.830059 0.084426 0.085515
0.024563 0.408607 0.566831
0.029984 0.412817 0.557199
0.586425 0.219745 0.193829
0.950975 0.027522 0.021503
0.401668 0.315382 0.282951
0.134650 0.453041 0.412310
0.036439 0.465778 0.497784
0.044681 0.471858 0.483461
0.030760 0.357453 0.611787
0.985316 0.008701 0.005982
0.094857 0.416372 0.488771
0.669932 0.174075 0.155994
0.065280 0.455240 0.479480
0.044630 0.415744 0.539626
0.045243 0.483379 0.471377
0.804722 0.102487 0.092791
0.628956 0.208075 0.162969
0.280475 0.352279 0.367246
0.034140 0.428372 0.537489
0.037790 0.438284 0.523926
0.030233 0.389449 0.580318
0.926665 0.037944 0.035391
0.925366 0.039360 0.035275
0.089090 0.410225 0.500685
0.106628 0.403209 0.490162
0.051501 0.469116 0.479384
0.623372 0.193979 0.182649
0.919487 0.044665 0.035848
0.524324 0.241373 0.234303
0.506125 0.237529 0.256346
0.046619 0.393214 0.560167
0.845695 0.079676 0.074629
0.339568 0.336964 0.323468
0.381884 0.317721 0.300396
0.039374 0.436032 0.524594
0.755406 0.115932 0.128661
0.417870 0.299207 0.282923
0.362033 0.295262 0.342704
0.853048 0.084084 0.062868
0.921540 0.045688 0.032772
0.870413 0.068531 0.061056
0.832020 0.085552 0.082428
0.023448 0.398697 0.577856
0.029744 0.421139 0.549117
0.581953 0.221394 0.196653
0.942479 0.031544 0.025977
0.394048 0.319875 0.286078
0.125313 0.455488 0.419199
0.030808 0.467675 0.501517
0.045195 0.463222 0.491583
0.032095 0.386107 0.581798
0.986319 0.008252 0.005429
0.090613 0.402625 0.506763
0.669916 0.174086 0.155998
0.064790 0.453980 0.481230
0.043277 0.418838 0.537885
0.046949 0.477214 0.475837
0.803600 0.103340 0.093060
0.597081 0.224689 0.178229
0.285512 0.347829 0.366658
0.033837 0.420521 0.545642
0.034669 0.444596 0.520735
0.038737 0.393116 0.568147
0.926607 0.037878 0.035514
0.919800 0.042636 0.037564
0.078948 0.404938 0.516114
0.108652 0.386433 0.504915
0.052856 0.468486 0.478658
0.619613 0.196068 0.184318
0.916736 0.045895 0.037368
0.525523 0.240236 0.234241
0.501294 0.238194 0.260512
0.046868 0.381167 0.571965
0.849973 0.073899 0.076128
0.350864 0.328865 0.320272
0.392726 0.311627 0.295647
0.042067 0.440621 0.517313
0.755796 0.117374 0.126830
0.414796 0.302797 0.282407
0.363689 0.293612 0.342699
0.854443 0.084503 0.061054
0.923768 0.043855 0.032376
0.864762 0.071205 0.064033
0.835249 0.085839 0.078912
0.022774 0.384936 0.592290
0.029230 0.407581 0.563189
0.587206 0.219695 0.193098
0.947874 0.029582 0.022545
0.395885 0.319159 0.284956
0.125093 0.457132 0.417775
0.030918 0.465533 0.503549
0.042274 0.428663 0.529063
0.035719 0.409814 0.554467
0.985480 0.008711 0.005809
0.092401 0.412116 0.495483
0.668948 0.175175 0.155877
0.066020 0.457284 0.476695
0.045614 0.405361 0.549025
0.046546 0.475055 0.478399
0.801260 0.105016 0.093724
0.637951 0.202988 0.159061
0.288708 0.347760 0.363532
0.033641 0.417520 0.548839
0.035288 0.443265 0.521447
0.030821 0.394560 0.574619
0.929175 0.036846 0.033979
0.928920 0.036480 0.034600
0.077486 0.415372 0.507142
0.105611 0.394654 0.499734
0.053209 0.463831 0.482960
0.616251 0.199403 0.184346
0.915546 0.046605 0.037849
0.524841 0.240999 0.234160
0.504861 0.235291 0.259848
0.046322 0.381635 0.572043
0.846047 0.076143 0.077810
0.363248 0.324760 0.311992
0.395847 0.308672 0.295481
0.039667 0.438330 0.522003
0.751270 0.117637 0.131093
0.419943 0.302397 0.277660
0.361458 0.295119 0.343422
0.854727 0.084100 0.061173
0.932265 0.039186 0.028549
0.877274 0.064982 0.057744
0.835549 0.085910 0.078542
0.023197 0.382600 0.594203
0.030761 0.424056 0.545183
0.588547 0.216719 0.194733
0.952656 0.026549 0.020794
0.369453 0.332085 0.298463
0.125101 0.458672 0.416227
0.031176 0.453377 0.515447
0.042191 0.420514 0.537295
0.036352 0.401843 0.561805
0.985375 0.008787 0.005838
0.092661 0.424664 0.482675
0.660309 0.181036 0.158654
0.065257 0.454283 0.480460
0.042908 0.414298 0.542794
0.047226 0.467580 0.485194
0.803209 0.103389 0.093402
0.606912 0.221100 0.171988
0.296464 0.349795 0.353741
0.033847 0.418704 0.547449
0.035350 0.453363 0.511287
0.034826 0.403734 0.561440
0.929374 0.037067 0.033559
0.917231 0.042978 0.039791
0.079061 0.414278 0.506661
0.107536 0.400728 0.491737
0.056192 0.461866 0.481942
0.620662 0.197384 0.181953
0.916330 0.046960 0.036711
0.516297 0.244172 0.239531
0.504322 0.235983 0.259695
0.045773 0.386167 0.568060
0.831706 0.081814 0.086480
0.366418 0.325827 0.307755
0.412504 0.299910 0.287586
0.040041 0.447396 0.512563
0.735071 0.124438 0.140491
0.424723 0.298543 0.276734
0.359617 0.297136 0.343247
0.854559 0.084570 0.060871
0.931917 0.040416 0.027667
0.870239 0.068330 0.061431
0.833784 0.087969 0.078247
0.022963 0.390191 0.586846
0.035284 0.440227 0.524489
0.564264 0.221545 0.214190
0.944100 0.030659 0.025242
0.369914 0.332871 0.297215
0.125270 0.458443 0.416287
0.035427 0.459092 0.505481
0.041696 0.390524 0.567780
0.033784 0.379303 0.586912
0.984471 0.009378 0.006150
0.086798 0.419821 0.493381
0.640503 0.191765 0.167733
0.064802 0.451288 0.483910
0.044084 0.419152 0.536765
0.046865 0.471866 0.481269
0.801294 0.104770 0.093935
0.637149 0.202705 0.160146
0.312759 0.336529 0.350712
0.034255 0.425389 0.540356
0.036680 0.453846 0.509473
0.039324 0.406972 0.553705
0.928084 0.038707 0.033209
0.920390 0.040851 0.038760
0.081809 0.409315 0.508876
0.112815 0.421519 0.465666
0.055518 0.466849 0.477633
0.620068 0.197364 0.182568
0.919236 0.046580 0.034184
0.513621 0.244792 0.241588
0.506881 0.237808 0.255311
0.047484 0.382697 0.569819
0.828766 0.085230 0.086004
0.364323 0.326017 0.309660
0.384222 0.312774 0.303003
0.041362 0.450359 0.508278
0.757918 0.115329 0.126753
0.410999 0.303629 0.285373
0.361875 0.296432 0.341692
0.851086 0.087203 0.061711
0.922567 0.045893 0.031540
0.879940 0.063359 0.056701
0.835877 0.085528 0.078595
0.024602 0.415100 0.560298
0.034364 0.467124 0.498512
0.571965 0.212778 0.215257
0.941869 0.030152 0.027979
0.375490 0.330601 0.293909
0.133574 0.446704 0.419722
0.035433 0.455477 0.509091
0.039386 0.402272 0.558341
0.029961 0.352229 0.617810
0.985811 0.008444 0.005744
0.079731 0.400981 0.519288
0.644264 0.187346 0.168390
0.064905 0.453171 0.481924
0.044130 0.420192 0.535677
0.045521 0.475361 0.479118
0.806086 0.102921 0.090993
0.609290 0.214010 0.176700
0.272583 0.353738 0.373680
0.034064 0.429374 0.536562
0.035234 0.454541 0.510225
0.030097 0.411212 0.558692
0.928843 0.038015 0.033142
0.927978 0.037507 0.034515
0.078791 0.402664 0.518545
0.115853 0.411911 0.472236
0.057579 0.464104 0.478317
0.621006 0.196247 0.182748
0.918159 0.046060 0.035780
0.525367 0.240730 0.233903
0.507579 0.240055 0.252366
0.048992 0.404445 0.546563
0.856810 0.075170 0.068020
0.347919 0.336113 0.315967
0.402505 0.306822 0.290673
0.040684 0.437450 0.521866
0.734802 0.128208 0.136990
0.417191 0.299911 0.282898
0.362828 0.296134 0.341038
0.853347 0.084688 0.061965
0.926598 0.042525 0.030877
0.879383 0.063806 0.056811
0.834846 0.086432 0.078721
0.024811 0.418063 0.557126
0.030447 0.405561 0.563992
0.576828 0.217360 0.205812
0.943816 0.028825 0.027360
0.351942 0.342566 0.305491
0.125603 0.457740 0.416656
0.031539 0.475600 0.492861
0.037932 0.389742 0.572326
0.030542 0.359834 0.609623
0.985365 0.008674 0.005960
0.082340 0.399032 0.518628
0.597197 0.212097 0.190707
0.066207 0.455150 0.478642
0.043040 0.420657 0.536303
0.045299 0.477412 0.477289
0.802013 0.105776 0.092211
0.634417 0.198114 0.167469
0.294423 0.348840 0.356737
0.034804 0.437009 0.528187
0.035037 0.459896 0.505067
0.041101 0.412029 0.546870
0.918433 0.043171 0.038396
0.927731 0.037006 0.035263
0.080195 0.413334 0.506471
0.110196 0.407715 0.482089
0.053428 0.459632 0.486939
0.631773 0.191102 0.177125
0.916271 0.046271 0.037458
0.508050 0.249343 0.242607
0.503829 0.237540 0.258631
0.051213 0.433810 0.514977
0.861822 0.073527 0.064651
0.367685 0.321664 0.310650
0.412691 0.301837 0.285472
0.038930 0.424936 0.536133
0.736927 0.125124 0.137949
0.423506 0.296271 0.280222
0.361338 0.298275 0.340387
0.852528 0.083812 0.063660
0.927717 0.042279 0.030004
0.871998 0.066972 0.061030
0.834987 0.084914 0.080099
0.023661 0.399568 0.576770
0.030080 0.407817 0.562104
0.595224 0.216225 0.188550
0.944931 0.030241 0.024828
0.397440 0.320165 0.282395
0.129732 0.457003 0.413265
0.032862 0.469038 0.498099
0.038532 0.389501 0.571968
0.030447 0.350601 0.618952
0.985108 0.009091 0.005801
0.086562 0.404817 0.508622
0.644939 0.188704 0.166357
0.064963 0.453811 0.481226
0.044421 0.425302 0.530277
0.048216 0.466943 0.484841
0.801934 0.104794 0.093272
0.608711 0.217676 0.173614
0.290225 0.349240 0.360536
0.034886 0.434591 0.530523
0.038803 0.452201 0.508996
0.038925 0.421075 0.539999
0.928606 0.038259 0.033134
0.910898 0.045718 0.043385
0.090553 0.425282 0.484164
0.110989 0.396864 0.492147
0.052182 0.472787 0.475031
0.619007 0.198777 0.182216
0.914368 0.046889 0.038743
0.528422 0.239794 0.231784
0.501500 0.237199 0.261301
0.050470 0.425757 0.523772
0.834842 0.085976 0.079182
0.361451 0.322973 0.315576
0.405356 0.305906 0.288738
0.040620 0.426363 0.533017
0.757633 0.113901 0.128466
0.417223 0.301182 0.281595
0.365461 0.293320 0.341219
0.850785 0.084854 0.064362
0.927845 0.042449 0.029706
0.871841 0.067403 0.060756
0.835555 0.084043 0.080402
0.023897 0.398171 0.577933
0.030041 0.421651 0.548308
0.593275 0.219273 0.187452
0.945081 0.030767 0.024152
0.370930 0.331881 0.297189
0.124085 0.459643 0.416271
0.035296 0.459474 0.505231
0.040352 0.385561 0.574087
0.029691 0.354687 0.615622
0.986404 0.008190 0.005405
0.089161 0.394769 0.516070
0.667407 0.174827 0.157765
0.065362 0.452158 0.482479
0.044606 0.428163 0.527231
0.047185 0.468363 0.484452
0.800138 0.105093 0.094769
0.595742 0.226954 0.177305
0.283542 0.351463 0.364995
0.034533 0.419944 0.545522
0.036045 0.445559 0.518396
0.037339 0.409470 0.553191
0.925877 0.039512 0.034611
0.913151 0.044422 0.042427
0.077238 0.427490 0.495272
0.109937 0.403736 0.486327
0.052815 0.464973 0.482212
0.637381 0.188200 0.174419
0.914453 0.047697 0.037850
0.519068 0.244166 0.236766
0.504105 0.235679 0.260216
0.046885 0.389885 0.563230
0.854600 0.075034 0.070365
0.364585 0.325040 0.310375
0.405358 0.305937 0.288705
0.039008 0.425792 0.535200
0.740787 0.124515 0.134698
0.415084 0.303899 0.281017
0.361617 0.296765 0.341618
0.845305 0.085343 0.069352
0.931309 0.039920 0.028770
0.875304 0.065914 0.058781
0.833235 0.086797 0.079968
0.024143 0.404955 0.570902
0.029261 0.410947 0.559793
0.586618 0.218877 0.194505
0.951554 0.027419 0.021027
0.394932 0.320772 0.284295
0.132401 0.454081 0.413518
0.032236 0.460843 0.506921
0.040789 0.397996 0.561216
0.032432 0.361324 0.606243
0.983499 0.009678 0.006823
0.083418 0.396503 0.520080
0.654382 0.181534 0.164084
0.064659 0.455368 0.479973
0.043746 0.428753 0.527501
0.044381 0.478181 0.477438
0.801747 0.104148 0.094105
0.597126 0.225199 0.177675
0.293682 0.348214 0.358104
0.033634 0.421270 0.545096
0.034440 0.450261 0.515299
0.038811 0.416930 0.544259
0.931716 0.036587 0.031697
0.924160 0.038085 0.037755
0.086912 0.409153 0.503935
0.113407 0.394695 0.491898
0.058010 0.458009 0.483980
0.627876 0.192505 0.179618
0.921003 0.044387 0.034610
0.532014 0.238058 0.229927
0.503301 0.235922 0.260777
0.046376 0.379030 0.574594
0.823716 0.086358 0.089926
0.366673 0.325257 0.308071
0.408022 0.304363 0.287615
0.041350 0.420085 0.538564
0.735630 0.124552 0.139818
0.416669 0.302232 0.281099
0.360949 0.297478 0.341573
0.843908 0.084013 0.072078
0.928086 0.042304 0.029610
0.881269 0.062695 0.056035
0.833622 0.085856 0.080522
0.024393 0.411066 0.564541
0.029503 0.408696 0.561800
0.587855 0.214094 0.198051
0.947428 0.029621 0.022951
0.373399 0.333484 0.293117
0.129127 0.457111 0.413762
0.032272 0.449017 0.518712
0.040197 0.401535 0.558268
0.033287 0.399603 0.567110
0.982597 0.010418 0.006985
0.087097 0.391125 0.521778
0.642529 0.187735 0.169736
0.064166 0.453850 0.481984
0.043871 0.428399 0.527730
0.047154 0.476574 0.476272
0.804648 0.103594 0.091758
0.590540 0.228240 0.181221
0.299213 0.344319 0.356468
0.034196 0.431388 0.534416
0.037042 0.441523 0.521435
0.037500 0.411855 0.550645
0.919825 0.042392 0.037783
0.904475 0.047533 0.047991
0.084588 0.424354 0.491058
0.116259 0.395895 0.487846
0.052656 0.470408 0.476936
0.628246 0.192582 0.179172
0.919274 0.045545 0.035182
0.510457 0.249143 0.240400
0.503376 0.238219 0.258405
0.047322 0.394801 0.557877
0.850811 0.073777 0.075413
0.366598 0.329069 0.304333
0.410375 0.303207 0.286419
0.041218 0.432599 0.526183
0.753750 0.116229 0.130021
0.412140 0.302099 0.285761
0.361325 0.295685 0.342990
0.847350 0.084666 0.067985
0.931374 0.040086 0.028540
0.871483 0.067731 0.060787
0.834369 0.085120 0.080511
0.023663 0.401996 0.574341
0.028755 0.407071 0.564175
0.570771 0.224087 0.205142
0.944604 0.030800 0.024596
0.408054 0.314459 0.277487
0.130889 0.451649 0.417462
0.037493 0.452426 0.510081
0.039460 0.411087 0.549452
0.034895 0.414013 0.551091
0.983721 0.009773 0.006507
0.089704 0.391075 0.519221
0.652554 0.182831 0.164615
0.065900 0.456504 0.477596
0.044881 0.442679 0.512440
0.047354 0.477721 0.474924
0.807272 0.102010 0.090718
0.608105 0.219567 0.172327
0.273040 0.356283 0.370677
0.035136 0.434578 0.530286
0.036247 0.450751 0.513001
0.037731 0.399866 0.562402
0.930265 0.037064 0.032671
0.921767 0.039869 0.038364
0.088251 0.413579 0.498170
0.114338 0.407149 0.478513
0.053207 0.467524 0.479269
0.618138 0.198052 0.183811
0.918603 0.045056 0.036341
0.519762 0.244020 0.236219
0.506239 0.237076 0.256685
0.047400 0.389274 0.563326
0.831304 0.082393 0.086303
0.345581 0.336499 0.317920
0.401141 0.307994 0.290864
0.043177 0.416502 0.540321
0.733646 0.127179 0.139175
0.424090 0.291811 0.284099
0.364203 0.294541 0.341256
0.849991 0.083193 0.066816
0.929702 0.039961 0.030338
0.869093 0.068819 0.062089
0.831460 0.085659 0.082880
0.024116 0.410440 0.565444
0.028089 0.415687 0.556224
0.592478 0.213783 0.193738
0.948714 0.028826 0.022460
0.400816 0.317539 0.281644
0.126548 0.454678 0.418775
0.030208 0.470330 0.499461
0.041005 0.410154 0.548841
0.031212 0.360010 0.608778
0.986069 0.008398 0.005533
0.088859 0.399657 0.511484
0.666705 0.175018 0.158278
0.064200 0.456344 0.479455
0.044639 0.426195 0.529167
0.045368 0.474575 0.480057
0.802847 0.103769 0.093384
0.637665 0.202705 0.159630
0.286513 0.349339 0.364148
0.033943 0.426494 0.539563
0.035532 0.452125 0.512343
0.029956 0.396281 0.573763
0.926094 0.039197 0.034709
0.901257 0.049889 0.048854
0.078002 0.411128 0.510870
0.114163 0.402570 0.483267
0.052334 0.465956 0.481710
0.625524 0.193288 0.181188
0.917620 0.045093 0.037287
0.512280 0.248979 0.238741
0.503307 0.238430 0.258263
0.046207 0.380218 0.573575
0.843372 0.077546 0.079082
0.373610 0.317693 0.308697
0.412738 0.302180 0.285082
0.040421 0.424063 0.535516
0.743750 0.121139 0.135111
0.416280 0.294007 0.289713
0.363150 0.294860 0.341991
0.850007 0.084993 0.065000
0.929952 0.040215 0.029832
0.874490 0.066988 0.058521
0.834629 0.084499 0.080872
0.022853 0.399846 0.577302
0.029512 0.400189 0.570300
0.579091 0.222801 0.198108
0.944699 0.031273 0.024028
0.398737 0.317600 0.283663
0.132064 0.451522 0.416414
0.036154 0.474577 0.489270
0.043413 0.403916 0.552672
0.030727 0.337132 0.632141
0.986243 0.008248 0.005509
0.090146 0.399714 0.510140
0.618033 0.201333 0.180633
0.065658 0.452567 0.481775
0.043252 0.421095 0.535653
0.046334 0.471258 0.482408
0.805740 0.102008 0.092252
0.604685 0.220044 0.175271
0.291794 0.345484 0.362722
0.033355 0.419789 0.546856
0.034238 0.450544 0.515218
0.055017 0.375603 0.569379
0.923177 0.040625 0.036198
0.912965 0.044155 0.042880
0.088836 0.409286 0.501878
0.107062 0.386375 0.506563
0.051333 0.471200 0.477467
0.616453 0.199217 0.184330
0.917994 0.045923 0.036084
0.509805 0.248586 0.241609
0.502033 0.237996 0.259971
0.050952 0.393355 0.555693
0.847157 0.075707 0.077136
0.379071 0.320727 0.300202
0.405505 0.305821 0.288674
0.040228 0.429137 0.530635
0.757575 0.115490 0.126935
0.412478 0.299442 0.288080
0.362859 0.296896 0.340245
0.851034 0.084614 0.064352
0.929432 0.041700 0.028869
0.887019 0.059128 0.053853
0.835639 0.084679 0.079682
0.022987 0.403223 0.573790
0.030269 0.427894 0.541838
0.580975 0.220527 0.198497
0.945034 0.031157 0.023808
0.363896 0.338367 0.297737
0.135010 0.445528 0.419462
0.038596 0.474706 0.486698
0.039491 0.395644 0.564865
0.029257 0.353168 0.617575
0.984433 0.009468 0.006098
0.090697 0.403055 0.506248
0.641460 0.188555 0.169986
0.064809 0.454109 0.481083
0.044129 0.417033 0.538838
0.046261 0.473359 0.480381
0.815583 0.096840 0.087578
0.580878 0.235629 0.183493
0.293079 0.344811 0.362110
0.034343 0.429713 0.535944
0.034875 0.442566 0.522558
0.030653 0.397826 0.571522
0.922414 0.040961 0.036625
0.908224 0.047737 0.044039
0.075470 0.412747 0.511783
0.109137 0.393439 0.497424
0.052490 0.466170 0.481341
0.623465 0.195015 0.181520
0.920484 0.045428 0.034088
0.521656 0.242612 0.235732
0.502140 0.237484 0.260376
0.050424 0.418700 0.530876
0.854987 0.074024 0.070989
0.336938 0.335500 0.327563
0.389637 0.314027 0.296336
0.039921 0.444559 0.515520
0.727969 0.129948 0.142083
0.421928 0.296756 0.281316
0.362772 0.296509 0.340719
0.849930 0.084314 0.065755
0.924343 0.045135 0.030522
0.871557 0.068544 0.059899
0.833280 0.084887 0.081833
0.024631 0.413930 0.561439
0.031262 0.417036 0.551702
0.568396 0.215994 0.215610
0.951427 0.027585 0.020988
0.373529 0.330700 0.295771
0.132747 0.450859 0.416394
0.031349 0.466141 0.502511
0.038142 0.389849 0.572009
0.033599 0.379523 0.586878
0.985736 0.008773 0.005491
0.089009 0.397642 0.513349
0.638536 0.190359 0.171105
0.064595 0.453836 0.481569
0.042496 0.422638 0.534866
0.046523 0.477905 0.475572
0.803543 0.103092 0.093366
0.596807 0.226076 0.177117
0.300899 0.346564 0.352537
0.035103 0.432681 0.532216
0.035046 0.445203 0.519751
0.033445 0.415526 0.551029
0.922347 0.041459 0.036195
0.918335 0.042974 0.038692
0.085078 0.405691 0.509231
0.108233 0.402184 0.489583
0.057185 0.460211 0.482604
0.620315 0.195986 0.183699
0.920383 0.044948 0.034670
0.526539 0.239229 0.234232
0.511569 0.234670 0.253760
0.049417 0.414961 0.535622
0.846463 0.076309 0.077228
0.318677 0.353547 0.327776
0.401729 0.307750 0.290521
0.042742 0.443293 0.513965
0.734980 0.127418 0.137602
0.410412 0.300869 0.288719
0.363060 0.294588 0.342352
0.848036 0.085580 0.066384
0.929451 0.041853 0.028696
0.872841 0.067179 0.059979
0.829552 0.087339 0.083109
0.023780 0.405694 0.570526
0.031263 0.428654 0.540083
0.553471 0.219052 0.227477
0.952638 0.026776 0.020586
0.370103 0.335441 0.294456
0.125922 0.458108 0.415970
0.032412 0.456132 0.511456
0.040404 0.416396 0.543200
0.033803 0.378308 0.587890
0.983188 0.010298 0.006514
0.092982 0.407179 0.499838
0.668479 0.175672 0.155850
0.065012 0.452715 0.482273
0.045831 0.420307 0.533862
0.047687 0.472813 0.479500
0.802243 0.104436 0.093321
0.593148 0.227952 0.178900
0.274915 0.358569 0.366516
0.034295 0.428804 0.536901
0.038583 0.429584 0.531833
0.032846 0.429015 0.538138
0.924065 0.039981 0.035954
0.909218 0.047521 0.043261
0.074445 0.418422 0.507133
0.110766 0.401606 0.487628
0.052390 0.461432 0.486178
0.625340 0.194347 0.180312
0.916845 0.046562 0.036593
0.514780 0.245162 0.240058
0.505060 0.235570 0.259371
0.046440 0.369649 0.583911
0.853462 0.073021 0.073518
0.368935 0.320412 0.310653
0.401542 0.307580 0.290879
0.040838 0.424718 0.534445
0.739568 0.124192 0.136239
0.393624 0.310189 0.296187
0.356172 0.304810 0.339018
0.851452 0.085911 0.062637
0.931997 0.039527 0.028475
0.880953 0.062945 0.056102
0.830864 0.086532 0.082604
0.023227 0.392430 0.584343
0.031249 0.411533 0.557217
0.580665 0.210519 0.208816
0.948020 0.028788 0.023192
0.335236 0.350898 0.313867
0.131017 0.453368 0.415615
0.037203 0.447789 0.515008
0.043904 0.439827 0.516269
0.030173 0.351749 0.618078
0.984171 0.009459 0.006370
0.087901 0.408933 0.503166
0.626153 0.197024 0.176823
0.064157 0.454126 0.481717
0.044464 0.438676 0.516860
0.046683 0.478834 0.474483
0.799847 0.105464 0.094689
0.588965 0.228439 0.182596
0.281412 0.356644 0.361944
0.034216 0.429981 0.535803
0.034153 0.454785 0.511062
0.036580 0.420802 0.542618
0.919399 0.042516 0.038085
0.914036 0.044632 0.041332
0.091702 0.422220 0.486078
0.111755 0.408553 0.479692
0.052121 0.469557 0.478322
0.628296 0.193116 0.178588
0.920289 0.044832 0.034879
0.512296 0.247184 0.240521
0.504345 0.237693 0.257961
0.046112 0.390496 0.563392
0.839463 0.079431 0.081106
0.366443 0.328539 0.305019
0.408721 0.303637 0.287642
0.039508 0.410334 0.550159
0.738818 0.125431 0.135752
0.407610 0.302284 0.290106
0.359389 0.300749 0.339862
0.852470 0.083993 0.063537
0.931415 0.039035 0.029550
0.867877 0.069052 0.063071
0.832369 0.084617 0.083014
0.023762 0.403096 0.573142
0.031811 0.416292 0.551896
0.584175 0.222449 0.193376
0.948945 0.028992 0.022063
0.374825 0.332128 0.293046
0.129143 0.457507 0.413350
0.035619 0.455070 0.509311
0.046725 0.444774 0.508501
0.030758 0.357161 0.612081
0.986434 0.008173 0.005393
0.089081 0.402447 0.508472
0.625798 0.197052 0.177150
0.065246 0.450114 0.484640
0.046996 0.421636 0.531368
0.047088 0.486198 0.466714
0.813615 0.098502 0.087882
0.594100 0.226273 0.179626
0.294576 0.345971 0.359453
0.035313 0.446194 0.518493
0.036328 0.444392 0.519280
0.031928 0.400595 0.567478
0.915387 0.044603 0.040010
0.910745 0.046093 0.043163
0.080064 0.425931 0.494005
0.111527 0.404515 0.483958
0.053228 0.471991 0.474781
0.619897 0.196295 0.183809
0.920685 0.045159 0.034156
0.504894 0.252066 0.243040
0.505701 0.238157 0.256141
0.049544 0.396095 0.554361
0.840407 0.078365 0.081228
0.359543 0.333336 0.307121
0.405464 0.304481 0.290054
0.041494 0.422808 0.535698
0.741809 0.123252 0.134939
0.404966 0.301165 0.293869
0.362812 0.295964 0.341224
0.850469 0.084456 0.065075
0.922937 0.044088 0.032975
0.881292 0.062905 0.055802
0.829868 0.085407 0.084725
0.024551 0.422607 0.552842
0.030061 0.434529 0.535410
0.573666 0.222294 0.204041
0.946112 0.030735 0.023153
0.384451 0.325681 0.289868
0.125135 0.457752 0.417112
0.033706 0.464585 0.501709
0.045090 0.455620 0.499290
0.029270 0.350655 0.620075
0.985569 0.008631 0.005800
0.086356 0.403081 0.510563
0.663686 0.177999 0.158315
0.065944 0.452023 0.482033
0.044355 0.426953 0.528692
0.047964 0.476175 0.475860
0.801300 0.104583 0.094117
0.638603 0.202255 0.159142
0.274724 0.354501 0.370775
0.034727 0.446280 0.518993
0.037927 0.446180 0.515892
0.031077 0.388556 0.580367
0.931119 0.036143 0.032739
0.912576 0.042875 0.044549
0.080725 0.432912 0.486363
0.116766 0.414809 0.468425
0.055666 0.468809 0.475525
0.615990 0.198537 0.185473
0.922687 0.043917 0.033396
0.521683 0.241992 0.236325
0.504014 0.236711 0.259275
0.049702 0.401377 0.548921
0.861890 0.068929 0.069181
0.352772 0.338351 0.308877
0.395267 0.310163 0.294570
0.041145 0.417686 0.541170
0.735895 0.127059 0.137047
0.410553 0.302643 0.286804
0.362685 0.298476 0.338839
0.846570 0.087901 0.065529
0.928552 0.041783 0.029665
0.884454 0.060271 0.055274
0.830621 0.085807 0.083572
0.025697 0.430279 0.544024
0.032962 0.402865 0.564173
0.586483 0.218110 0.195407
0.951498 0.027192 0.021310
0.371529 0.332365 0.296106
0.127982 0.456856 0.415163
0.033263 0.468359 0.498378
0.041381 0.392683 0.565936
0.030808 0.371082 0.598109
0.986194 0.008128 0.005678
0.090794 0.414107 0.495099
0.637273 0.190044 0.172683
0.065176 0.454789 0.480035
0.044599 0.423331 0.532070
0.045997 0.478040 0.475963
0.801347 0.104292 0.094361
0.638145 0.202867 0.158988
0.288541 0.352086 0.359373
0.034246 0.433402 0.532352
0.037394 0.453445 0.509161
0.036656 0.371608 0.591736
0.923443 0.039977 0.036580
0.922772 0.038347 0.038881
0.085028 0.407374 0.507599
0.130990 0.419769 0.449241
0.053788 0.455942 0.490270
0.620784 0.195727 0.183489
0.918174 0.046436 0.035390
0.516658 0.245739 0.237603
0.501864 0.237741 0.260395
0.048382 0.404269 0.547348
0.855161 0.071705 0.073134
0.347358 0.327976 0.324666
0.401398 0.306208 0.292394
0.042605 0.416757 0.540638
0.745897 0.121601 0.132502
0.424520 0.299705 0.275775
0.362754 0.294332 0.342914
0.847392 0.087139 0.065469
0.924814 0.043879 0.031307
0.868572 0.068946 0.062481
0.835083 0.083503 0.081415
0.024780 0.416359 0.558862
0.031813 0.444627 0.523560
0.580878 0.217545 0.201577
0.945833 0.030447 0.023720
0.403666 0.316159 0.280175
0.124773 0.458547 0.416679
0.035914 0.464549 0.499537
0.040155 0.428122 0.531723
0.034667 0.403043 0.562289
0.986207 0.008391 0.005403
0.091135 0.422062 0.486803
0.647784 0.186481 0.165735
0.065717 0.455185 0.479098
0.048176 0.428175 0.523649
0.047834 0.473890 0.478276
0.803395 0.103286 0.093319
0.633451 0.204184 0.162365
0.275608 0.357475 0.366917
0.034899 0.436116 0.528985
0.036281 0.451653 0.512066
0.031488 0.405457 0.563055
0.925825 0.039527 0.034648
0.919904 0.041517 0.038579
0.079660 0.414390 0.505950
0.116745 0.429619 0.453636
0.053033 0.463601 0.483367
0.624850 0.192281 0.182869
0.918058 0.046123 0.035819
0.513048 0.247572 0.239380
0.502320 0.236602 0.261078
0.048267 0.395181 0.556552
0.855018 0.076009 0.068973
0.336967 0.339841 0.323192
0.400086 0.307226 0.292689
0.038517 0.421470 0.540013
0.737769 0.127446 0.134784
0.412495 0.307316 0.280189
0.357068 0.308363 0.334569
0.849573 0.085308 0.065118
0.928773 0.041885 0.029342
0.866135 0.070798 0.063068
0.829297 0.086594 0.084109
0.022677 0.390915 0.586408
0.034789 0.386995 0.578216
0.576108 0.211783 0.212109
0.948745 0.029019 0.022237
0.399353 0.320331 0.280317
0.131156 0.453367 0.415477
0.033924 0.462567 0.503509
0.041349 0.416463 0.542188
0.038931 0.430490 0.530578
0.982815 0.010604 0.006581
0.091655 0.414897 0.493448
0.625329 0.199016 0.175655
0.065423 0.447902 0.486675
0.049409 0.446379 0.504212
0.047890 0.468864 0.483245
0.803154 0.103386 0.093460
0.612644 0.217041 0.170314
0.281686 0.356998 0.361316
0.033324 0.421444 0.545232
0.039837 0.437347 0.522816
0.034464 0.433407 0.532129
0.930553 0.037021 0.032426
0.893873 0.052678 0.053448
0.079561 0.418697 0.501742
0.110295 0.393963 0.495741
0.053615 0.456154 0.490232
0.618328 0.195909 0.185763
0.919159 0.044573 0.036268
0.511459 0.247114 0.241427
0.504168 0.236306 0.259526
0.048382 0.394362 0.557256
0.863663 0.071006 0.065331
0.370842 0.319860 0.309298
0.411784 0.301677 0.286539
0.040302 0.418761 0.540938
0.747205 0.119302 0.133492
0.407488 0.311393 0.281119
0.362093 0.295649 0.342258
0.849348 0.086785 0.063867
0.929310 0.041560 0.029130
0.875351 0.065271 0.059378
0.838068 0.080229 0.081703
0.024133 0.396305 0.579562
0.033562 0.474276 0.492161
0.584127 0.205590 0.210283
0.945824 0.030797 0.023379
0.344929 0.348434 0.306637
0.125372 0.460530 0.414099
0.034916 0.469331 0.495753
0.046259 0.432642 0.521099
0.036127 0.425552 0.538320
0.985605 0.008812 0.005583
0.090791 0.408736 0.500474
0.580696 0.223286 0.196018
0.065473 0.455474 0.479053
0.047512 0.435047 0.517441
0.046592 0.475829 0.477579
0.801004 0.104542 0.094454
0.609184 0.219345 0.171471
0.292306 0.347967 0.359727
0.033163 0.421151 0.545687
0.035134 0.431384 0.533483
0.038549 0.429091 0.532360
0.917742 0.044171 0.038087
0.917650 0.041657 0.040693
0.077376 0.429964 0.492660
0.113393 0.395745 0.490862
0.052781 0.468906 0.478313
0.619490 0.195816 0.184694
0.915682 0.046358 0.037960
0.502181 0.252431 0.245388
0.505576 0.239092 0.255332
0.048394 0.403631 0.547975
0.850190 0.078917 0.070893
0.341267 0.337652 0.321081
0.408510 0.302407 0.289083
0.039918 0.426675 0.533407
0.736849 0.124964 0.138187
0.415607 0.303109 0.281284
0.363176 0.299220 0.337604
0.846514 0.084266 0.069220
0.924122 0.044232 0.031646
0.872734 0.067126 0.060139
0.835570 0.083896 0.080535
0.025272 0.422784 0.551943
0.036042 0.463707 0.500251
0.570759 0.215766 0.213476
0.946554 0.030293 0.023153
0.386056 0.324504 0.289440
0.139180 0.440612 0.420207
0.035681 0.469798 0.494521
0.043837 0.449763 0.506400
0.034945 0.393156 0.571899
0.986334 0.008292 0.005374
0.086072 0.407153 0.506775
0.642272 0.187443 0.170284
0.065516 0.452648 0.481837
0.045378 0.445071 0.509550
0.046656 0.477989 0.475354
0.810167 0.099746 0.090087
0.616954 0.214048 0.168998
0.301143 0.343645 0.355212
0.034007 0.427458 0.538535
