0.638178 0.204774 0.157048
0.880933 0.057826 0.061240
0.917568 0.044819 0.037613
0.536180 0.203592 0.260229
0.084713 0.452233 0.463055
0.082633 0.435106 0.482261
0.532428 0.257109 0.210463
0.800487 0.110247 0.089266
0.845042 0.089570 0.065388
0.116411 0.392714 0.490874
0.090534 0.398125 0.511342
0.041111 0.429826 0.529063
0.923151 0.043894 0.032955
0.886486 0.065881 0.047633
0.772014 0.133604 0.094383
0.308542 0.314459 0.376999
0.034929 0.420033 0.545038
0.055283 0.462331 0.482386
0.097234 0.401905 0.500861
0.819084 0.104356 0.076561
0.823909 0.103557 0.072534
0.934312 0.036275 0.029413
0.079542 0.410188 0.510270
0.019688 0.422917 0.557395
0.138023 0.383894 0.478083
0.836957 0.094046 0.068998
0.916070 0.048807 0.035123
0.097646 0.415336 0.487018
0.075600 0.476927 0.447473
0.027728 0.466051 0.506221
0.177451 0.391833 0.430716
0.639899 0.157024 0.203077
0.970937 0.019580 0.009484
0.240648 0.353827 0.405525
0.009721 0.387116 0.603163
0.650600 0.186874 0.162526
0.090717 0.411393 0.497889
0.870798 0.080406 0.048797
0.892162 0.060356 0.047482
0.290037 0.403999 0.305964
0.289366 0.318768 0.391866
0.029112 0.388345 0.582543
0.640405 0.204802 0.154792
0.881513 0.058198 0.060289
0.916917 0.045033 0.038050
0.544855 0.198113 0.257032
0.084597 0.451507 0.463895
0.083252 0.440710 0.476038
0.532938 0.255398 0.211665
0.800895 0.110421 0.088683
0.846356 0.090220 0.063423
0.114276 0.395117 0.490606
0.090369 0.396997 0.512634
0.042049 0.435251 0.522700
0.922492 0.043612 0.033897
0.887491 0.065249 0.047261
0.758475 0.140271 0.101254
0.311305 0.312462 0.376233
0.035310 0.423346 0.541344
0.056182 0.474062 0.469755
0.097979 0.402781 0.499240
0.817606 0.104556 0.077839
0.824103 0.103495 0.072402
0.934026 0.036866 0.029108
0.081978 0.417135 0.500887
0.020125 0.419444 0.560431
0.129602 0.365734 0.504664
0.837764 0.094881 0.067354
0.916515 0.048899 0.034586
0.098560 0.426955 0.474484
0.077718 0.485966 0.436316
0.028033 0.471987 0.499980
0.175974 0.381383 0.442643
0.604709 0.173363 0.221929
0.970973 0.019551 0.009476
0.241402 0.355213 0.403384
0.009314 0.373154 0.617531
0.653338 0.188483 0.158180
0.092145 0.417431 0.490424
0.870607 0.080525 0.048867
0.903823 0.053511 0.042665
0.288857 0.404403 0.306740
0.287282 0.317997 0.394720
0.028336 0.380272 0.591392
0.639471 0.205191 0.155339
0.879589 0.058282 0.062129
0.917302 0.045013 0.037685
0.536459 0.201784 0.261757
0.084030 0.456401 0.459569
0.082955 0.433654 0.483390
0.536841 0.257683 0.205477
0.801709 0.110483 0.087808
0.848039 0.089309 0.062652
0.113413 0.390291 0.496296
0.088266 0.391389 0.520345
0.042111 0.426751 0.531138
0.923090 0.043629 0.033282
0.886636 0.065547 0.047816
0.770476 0.133298 0.096226
0.310060 0.317726 0.372215
0.031498 0.375221 0.593280
0.056984 0.480059 0.462957
0.097046 0.396686 0.506269
0.819559 0.104925 0.075516
0.823950 0.103640 0.072411
0.934395 0.036264 0.029341
0.078767 0.399531 0.521702
0.019095 0.415631 0.565273
0.127881 0.354347 0.517771
0.837405 0.094410 0.068185
0.917879 0.048325 0.033795
0.094889 0.401792 0.503319
0.076106 0.467982 0.455912
0.027566 0.454240 0.518194
0.171637 0.367737 0.460625
0.604997 0.173421 0.221582
0.970466 0.019692 0.009841
0.240164 0.353968 0.405868
0.009366 0.363895 0.626739
0.649101 0.190592 0.160306
0.093168 0.421107 0.485726
0.870940 0.080372 0.048689
0.889892 0.060838 0.049270
0.291595 0.408574 0.299831
0.287202 0.317784 0.395015
0.031199 0.417320 0.551481
0.637323 0.205811 0.156866
0.881315 0.058305 0.060380
0.918674 0.044516 0.036810
0.536098 0.202862 0.261040
0.084776 0.444595 0.470629
0.080457 0.427430 0.492113
0.534961 0.257420 0.207620
0.801549 0.110571 0.087881
0.848156 0.089149 0.062695
0.113294 0.389164 0.497542
0.087301 0.388479 0.524220
0.041618 0.429567 0.528815
0.922954 0.044488 0.032558
0.884187 0.066749 0.049063
0.759156 0.141269 0.099575
0.308495 0.315547 0.375957
0.031996 0.381945 0.586059
0.054830 0.457597 0.487573
0.098110 0.400786 0.501104
0.808766 0.110286 0.080948
0.823764 0.103787 0.072449
0.934270 0.036478 0.029252
0.078868 0.401496 0.519637
0.019535 0.407643 0.572821
0.129900 0.364919 0.505181
0.836862 0.094461 0.068678
0.917346 0.048746 0.033908
0.089329 0.383300 0.527371
0.075098 0.464754 0.460148
0.027056 0.453818 0.519127
0.172645 0.377468 0.449887
0.603999 0.172236 0.223765
0.970416 0.019599 0.009985
0.242700 0.354899 0.402400
0.009342 0.372973 0.617686
0.650536 0.188417 0.161048
0.092183 0.417576 0.490241
0.870610 0.080530 0.048860
0.890617 0.060416 0.048967
0.292833 0.407686 0.299480
0.290795 0.322435 0.386770
0.034366 0.462635 0.502998
0.637014 0.205845 0.157141
0.881989 0.058011 0.060000
0.917844 0.044973 0.037182
0.539393 0.201699 0.258909
0.083529 0.442899 0.473572
0.080358 0.429040 0.490602
0.535135 0.256399 0.208465
0.802127 0.110300 0.087573
0.839697 0.093567 0.066736
0.114537 0.393458 0.492005
0.088411 0.391357 0.520232
0.041753 0.419675 0.538572
0.923174 0.043903 0.032923
0.885944 0.065073 0.048983
0.772463 0.133939 0.093598
0.307755 0.315091 0.377154
0.034308 0.411917 0.553775
0.054941 0.460885 0.484174
0.099697 0.400521 0.499782
0.818065 0.103602 0.078333
0.823583 0.103876 0.072541
0.933027 0.036558 0.030415
0.078322 0.401993 0.519686
0.019079 0.414517 0.566404
0.123178 0.349487 0.527336
0.834019 0.094878 0.071103
0.917652 0.048510 0.033838
0.089398 0.380337 0.530264
0.075620 0.471622 0.452758
0.027542 0.455366 0.517092
0.177113 0.373311 0.449577
0.607287 0.170830 0.221883
0.971011 0.019496 0.009493
0.240232 0.353747 0.406020
0.009693 0.388253 0.602054
0.651845 0.190436 0.157720
0.092303 0.416368 0.491329
0.870421 0.080716 0.048863
0.892122 0.060407 0.047470
0.291182 0.407736 0.301082
0.291414 0.322253 0.386333
0.032816 0.439643 0.527541
0.639793 0.205703 0.154504
0.882383 0.057584 0.060033
0.918535 0.044280 0.037185
0.536517 0.203282 0.260200
0.082900 0.447265 0.469835
0.080931 0.417019 0.502049
0.534273 0.257557 0.208170
0.802299 0.110015 0.087686
0.845932 0.089055 0.065013
0.114709 0.392182 0.493110
0.088106 0.389127 0.522767
0.042349 0.429523 0.528128
0.922553 0.044284 0.033162
0.887256 0.064928 0.047817
0.773319 0.133609 0.093071
0.308530 0.314862 0.376608
0.034973 0.419083 0.545943
0.056157 0.469405 0.474437
0.097552 0.403642 0.498805
0.817165 0.104851 0.077984
0.823790 0.103708 0.072501
0.932794 0.036391 0.030815
0.079355 0.402690 0.517955
0.019151 0.401569 0.579281
0.127985 0.350315 0.521700
0.833258 0.094579 0.072163
0.917597 0.048553 0.033850
0.089276 0.378747 0.531976
0.076262 0.478788 0.444950
0.028114 0.471788 0.500099
0.175868 0.368974 0.455158
0.605829 0.174402 0.219768
0.971010 0.019530 0.009460
0.241763 0.354888 0.403349
0.009657 0.381387 0.608956
0.646926 0.182706 0.170367
0.092877 0.417398 0.489725
0.869193 0.080922 0.049885
0.892185 0.060355 0.047460
0.289642 0.404517 0.305842
0.289122 0.318761 0.392117
0.033063 0.448754 0.518183
0.638185 0.206762 0.155053
0.881362 0.058548 0.060090
0.922118 0.042172 0.035710
0.535666 0.203996 0.260338
0.082527 0.447336 0.470136
0.080423 0.426650 0.492927
0.532061 0.257679 0.210260
0.801508 0.110684 0.087808
0.847959 0.088844 0.063197
0.113247 0.389994 0.496759
0.089568 0.395429 0.515003
0.041193 0.427001 0.531807
0.924351 0.043486 0.032163
0.887364 0.064570 0.048066
0.759047 0.142066 0.098887
0.310278 0.315569 0.374154
0.032568 0.388020 0.579413
0.055096 0.461231 0.483673
0.098337 0.407308 0.494356
0.819375 0.105151 0.075474
0.824064 0.103504 0.072432
0.931961 0.036293 0.031746
0.077014 0.393006 0.529980
0.019318 0.404157 0.576525
0.129401 0.358171 0.512427
0.836719 0.094191 0.069090
0.917675 0.048588 0.033737
0.089236 0.380320 0.530443
0.077381 0.477530 0.445089
0.028911 0.471318 0.499771
0.174500 0.365958 0.459542
0.610876 0.174203 0.214921
0.970820 0.019665 0.009514
0.241809 0.357557 0.400634
0.009071 0.359307 0.631622
0.640595 0.189385 0.170020
0.091530 0.412579 0.495891
0.868395 0.080518 0.051086
0.892197 0.060332 0.047471
0.289822 0.406189 0.303990
0.287664 0.318040 0.394296
0.033050 0.438101 0.528849
0.639380 0.205249 0.155371
0.881809 0.058147 0.060044
0.917077 0.045023 0.037900
0.536294 0.203364 0.260342
0.082674 0.449719 0.467607
0.081377 0.429712 0.488911
0.532604 0.255874 0.211521
0.801303 0.110893 0.087804
0.847243 0.089890 0.062867
0.112792 0.390242 0.496966
0.088087 0.388973 0.522939
0.041325 0.417184 0.541491
0.923227 0.043800 0.032973
0.886877 0.065760 0.047363
0.772595 0.133271 0.094134
0.311303 0.316035 0.372662
0.031416 0.375247 0.593337
0.054708 0.455740 0.489552
0.098865 0.405480 0.495655
0.819738 0.104730 0.075532
0.823899 0.103643 0.072458
0.934755 0.036597 0.028648
0.076917 0.396555 0.526528
0.018755 0.394597 0.586648
0.127223 0.353858 0.518919
0.838504 0.094266 0.067230
0.917516 0.048555 0.033929
0.089452 0.378752 0.531796
0.076646 0.470202 0.453152
0.028973 0.487466 0.483560
0.177164 0.380668 0.442168
0.600550 0.171325 0.228125
0.970658 0.019779 0.009563
0.240081 0.353821 0.406098
0.009082 0.353824 0.637094
0.649292 0.189713 0.160995
0.091310 0.412277 0.496413
0.869336 0.080513 0.050151
0.904626 0.053215 0.042160
0.293085 0.408299 0.298616
0.285792 0.315011 0.399197
0.028984 0.386756 0.584259
0.641311 0.203976 0.154713
0.881172 0.058293 0.060535
0.930194 0.038199 0.031608
0.539534 0.201824 0.258642
0.084097 0.447609 0.468294
0.082959 0.435360 0.481681
0.537006 0.257597 0.205397
0.801986 0.110303 0.087711
0.840393 0.093694 0.065913
0.113671 0.390160 0.496169
0.090560 0.399049 0.510391
0.040611 0.418532 0.540858
0.922926 0.043154 0.033920
0.887263 0.065411 0.047326
0.771692 0.133449 0.094858
0.311240 0.315323 0.373437
0.033016 0.393342 0.573642
0.055479 0.465726 0.478795
0.098443 0.406290 0.495268
0.819842 0.104998 0.075160
0.823791 0.103712 0.072496
0.934119 0.036902 0.028979
0.077191 0.392044 0.530764
0.018865 0.401939 0.579196
0.126507 0.348588 0.524905
0.836870 0.093961 0.069169
0.917239 0.048709 0.034052
0.090024 0.385957 0.524019
0.075310 0.472278 0.452412
0.027491 0.456663 0.515845
0.177362 0.386547 0.436091
0.604457 0.172523 0.223020
0.970916 0.019594 0.009490
0.239752 0.354429 0.405819
0.009351 0.368686 0.621963
0.646579 0.189479 0.163942
0.091978 0.414277 0.493745
0.871134 0.080320 0.048546
0.890317 0.060980 0.048703
0.292520 0.408165 0.299315
0.287121 0.318910 0.393969
0.028515 0.382396 0.589089
0.638670 0.204355 0.156974
0.880745 0.057693 0.061562
0.917606 0.045107 0.037286
0.538416 0.200270 0.261313
0.084743 0.455994 0.459263
0.082034 0.432602 0.485365
0.534892 0.256706 0.208402
0.801288 0.110246 0.088466
0.846900 0.090094 0.063006
0.112820 0.382190 0.504990
0.089389 0.397312 0.513299
0.041055 0.426438 0.532507
0.922652 0.043495 0.033853
0.887389 0.065307 0.047304
0.772664 0.133097 0.094239
0.310697 0.317307 0.371996
0.032514 0.386528 0.580957
0.056834 0.478309 0.464857
0.095448 0.403805 0.500747
0.809714 0.110703 0.079583
0.823320 0.104087 0.072593
0.934559 0.036552 0.028889
0.077687 0.394844 0.527468
0.019250 0.398618 0.582132
0.131239 0.362355 0.506405
0.833956 0.095138 0.070905
0.916843 0.049106 0.034051
0.092558 0.395992 0.511451
0.074312 0.465782 0.459906
0.026606 0.450242 0.523153
0.178294 0.389200 0.432506
0.606633 0.171344 0.222023
0.970922 0.019600 0.009478
0.240269 0.352685 0.407046
0.009619 0.379245 0.611136
0.648334 0.185194 0.166472
0.092011 0.415295 0.492694
0.869085 0.080913 0.050003
0.890299 0.060882 0.048819
0.289899 0.404326 0.305775
0.287000 0.316395 0.396605
0.028969 0.385947 0.585085
0.638464 0.204437 0.157099
0.881137 0.058552 0.060311
0.918145 0.044510 0.037346
0.535360 0.201495 0.263145
0.084130 0.456730 0.459140
0.080747 0.427856 0.491397
0.534681 0.257132 0.208187
0.800038 0.110602 0.089360
0.847577 0.089490 0.062933
0.112742 0.385349 0.501909
0.086946 0.385234 0.527820
0.040679 0.415938 0.543383
0.922473 0.044098 0.033429
0.887723 0.064944 0.047333
0.771707 0.133658 0.094635
0.310050 0.317216 0.372734
0.031078 0.370546 0.598376
0.056349 0.468903 0.474748
0.097477 0.401082 0.501441
0.820174 0.104650 0.075175
0.823641 0.103821 0.072538
0.934320 0.036268 0.029411
0.078578 0.404004 0.517417
0.019542 0.402759 0.577698
0.130981 0.366933 0.502085
0.836867 0.094776 0.068357
0.917762 0.048396 0.033842
0.093947 0.402060 0.503994
0.074075 0.463002 0.462923
0.026501 0.446360 0.527140
0.177392 0.392319 0.430290
0.609208 0.170472 0.220320
0.970891 0.019617 0.009491
0.241878 0.352733 0.405389
0.009271 0.365958 0.624772
0.648148 0.185917 0.165935
0.091402 0.413557 0.495042
0.869491 0.080374 0.050135
0.891881 0.060096 0.048023
0.288693 0.401831 0.309476
0.291424 0.321609 0.386966
0.026918 0.355796 0.617286
0.639490 0.205709 0.154801
0.881863 0.058141 0.059996
0.916886 0.044684 0.038431
0.534703 0.205061 0.260235
0.083322 0.450912 0.465766
0.080130 0.423334 0.496535
0.534360 0.257454 0.208186
0.800927 0.110323 0.088750
0.848425 0.088986 0.062589
0.113891 0.388022 0.498087
0.088527 0.389933 0.521539
0.039448 0.399181 0.561371
0.922056 0.044004 0.033939
0.887786 0.064891 0.047323
0.771701 0.133433 0.094866
0.310124 0.315421 0.374456
0.031995 0.381373 0.586632
0.056533 0.472412 0.471054
0.097520 0.399876 0.502604
0.819750 0.104939 0.075311
0.823869 0.103563 0.072568
0.933952 0.036473 0.029575
0.079680 0.403324 0.516996
0.019009 0.398934 0.582057
0.128224 0.360957 0.510818
0.838897 0.094206 0.066897
0.918109 0.048259 0.033632
0.092763 0.396486 0.510750
0.075380 0.470704 0.453916
0.026782 0.446298 0.526920
0.176811 0.379567 0.443622
0.604489 0.173064 0.222447
0.971011 0.019519 0.009471
0.241944 0.355680 0.402376
0.008961 0.357300 0.633740
0.648357 0.190894 0.160749
0.090660 0.410502 0.498838
0.870603 0.080671 0.048727
0.891395 0.060462 0.048143
0.289471 0.401440 0.309089
0.292064 0.320882 0.387055
0.027587 0.368791 0.603622
0.637718 0.205480 0.156802
0.881745 0.058125 0.060129
0.915753 0.045214 0.039033
0.537700 0.204325 0.257974
0.082683 0.448814 0.468503
0.080548 0.423151 0.496302
0.534521 0.257220 0.208258
0.801523 0.110490 0.087987
0.846681 0.090224 0.063095
0.113804 0.390495 0.495701
0.089144 0.397164 0.513692
0.039198 0.398849 0.561953
0.922715 0.043994 0.033292
0.887278 0.065402 0.047320
0.772922 0.133106 0.093972
0.309140 0.315603 0.375257
0.031935 0.379631 0.588434
0.055096 0.461501 0.483403
0.097471 0.399345 0.503184
0.819012 0.105166 0.075822
0.823904 0.103644 0.072452
0.933711 0.036091 0.030198
0.077630 0.402249 0.520121
0.019118 0.408271 0.572612
0.127662 0.354130 0.518209
0.830513 0.099036 0.070450
0.917475 0.048634 0.033891
0.092397 0.393782 0.513820
0.075345 0.463292 0.461363
0.027275 0.457889 0.514837
0.173552 0.369990 0.456458
0.605554 0.173484 0.220962
0.970778 0.019696 0.009526
0.241259 0.354712 0.404028
0.009112 0.352893 0.637994
0.651139 0.189340 0.159521
0.090878 0.410125 0.498997
0.870264 0.080755 0.048981
0.892100 0.060205 0.047695
0.290228 0.402850 0.306922
0.290429 0.320082 0.389490
0.028388 0.378365 0.593247
0.636478 0.205105 0.158417
0.881425 0.057281 0.061295
0.917636 0.044858 0.037506
0.535459 0.204464 0.260077
0.082681 0.447199 0.470120
0.081608 0.433294 0.485098
0.534258 0.257709 0.208033
0.801998 0.110333 0.087669
0.846607 0.090359 0.063034
0.114752 0.395597 0.489651
0.088510 0.392068 0.519422
0.039496 0.407670 0.552833
0.923334 0.044167 0.032499
0.887309 0.065277 0.047415
0.773362 0.133320 0.093318
0.310049 0.311755 0.378196
0.031919 0.379918 0.588163
0.055961 0.466738 0.477300
0.098307 0.402238 0.499455
0.816908 0.106560 0.076532
0.822787 0.103555 0.073658
0.932075 0.036255 0.031670
0.077381 0.393274 0.529346
0.019324 0.414720 0.565956
0.124284 0.347750 0.527966
0.835106 0.095171 0.069723
0.917113 0.048801 0.034086
0.095589 0.405746 0.498665
0.076147 0.474122 0.449732
0.027955 0.466276 0.505769
0.173891 0.375147 0.450962
0.608595 0.170251 0.221153
0.970642 0.019587 0.009771
0.241153 0.354477 0.404370
0.009108 0.355402 0.635490
0.647641 0.187855 0.164504
0.090821 0.409842 0.499337
0.870223 0.080863 0.048914
0.892895 0.059350 0.047755
0.291672 0.406179 0.302149
0.293735 0.324836 0.381428
0.027498 0.366636 0.605866
0.639890 0.204589 0.155521
0.880351 0.057824 0.061825
0.917533 0.044813 0.037653
0.536169 0.201019 0.262812
0.083899 0.445376 0.470725
0.085014 0.446437 0.468549
0.534587 0.257133 0.208281
0.800433 0.109829 0.089739
0.847939 0.089267 0.062794
0.116283 0.401651 0.482066
0.090236 0.401123 0.508642
0.039923 0.412763 0.547315
0.924705 0.042861 0.032434
0.886995 0.065531 0.047474
0.772620 0.133813 0.093567
0.310034 0.314029 0.375937
0.032040 0.379560 0.588400
0.056836 0.475614 0.467551
0.098071 0.405129 0.496800
0.816202 0.105834 0.077964
0.822249 0.103544 0.074207
0.933759 0.036703 0.029538
0.077354 0.403947 0.518699
0.018825 0.401207 0.579968
0.125662 0.350223 0.524115
0.834632 0.094777 0.070591
0.920538 0.046795 0.032667
0.094270 0.403169 0.502562
0.075671 0.468846 0.455483
0.027872 0.469488 0.502640
0.175036 0.390234 0.434730
0.606593 0.172326 0.221080
0.970258 0.019711 0.010031
0.241644 0.356337 0.402018
0.009202 0.363347 0.627451
0.646025 0.190170 0.163804
0.090795 0.410485 0.498720
0.870433 0.080698 0.048869
0.891474 0.060007 0.048519
0.292106 0.407702 0.300192
0.354095 0.300011 0.345894
0.026838 0.359126 0.614037
0.639206 0.204783 0.156011
0.883370 0.057550 0.059080
0.917420 0.044487 0.038093
0.536484 0.201852 0.261664
0.083843 0.450231 0.465926
0.086783 0.456184 0.457033
0.533554 0.258219 0.208227
0.797435 0.110038 0.092527
0.847181 0.089874 0.062945
0.114259 0.392847 0.492894
0.088758 0.392955 0.518288
0.040410 0.415241 0.544349
0.921691 0.044308 0.034001
0.886777 0.065464 0.047759
0.773031 0.133777 0.093191
0.309756 0.316063 0.374181
0.031789 0.380619 0.587592
0.056216 0.469064 0.474720
0.097893 0.403161 0.498946
0.809799 0.110499 0.079702
0.819359 0.104776 0.075864
0.933283 0.036129 0.030588
0.078504 0.408609 0.512887
0.019019 0.411742 0.569239
0.127530 0.351212 0.521258
0.838019 0.094026 0.067955
0.919920 0.047158 0.032921
0.091278 0.382130 0.526593
0.075120 0.467276 0.457605
0.027303 0.451331 0.521366
0.179397 0.387556 0.433047
0.602339 0.172621 0.225039
0.970659 0.019720 0.009621
0.239402 0.352275 0.408323
0.009374 0.368604 0.622022
0.646051 0.184966 0.168984
0.090832 0.410101 0.499066
0.870753 0.080362 0.048885
0.892124 0.060003 0.047873
0.290809 0.405646 0.303544
0.295880 0.326647 0.377473
0.027211 0.361777 0.611012
0.637884 0.205411 0.156705
0.882468 0.057855 0.059677
0.916360 0.044967 0.038673
0.535389 0.203134 0.261478
0.086114 0.446935 0.466950
0.085178 0.449683 0.465140
0.533687 0.257001 0.209313
0.797160 0.109589 0.093250
0.842010 0.092877 0.065113
0.115024 0.393919 0.491058
0.091118 0.405150 0.503732
0.040944 0.434222 0.524834
0.923612 0.043174 0.033214
0.886873 0.064894 0.048233
0.772245 0.134060 0.093695
0.310436 0.315084 0.374479
0.031871 0.380827 0.587302
0.056799 0.473075 0.470126
0.096106 0.398735 0.505159
0.819304 0.105497 0.075199
0.819000 0.103866 0.077134
0.933307 0.036465 0.030228
0.077447 0.403555 0.518998
0.019604 0.416477 0.563919
0.129661 0.358184 0.512155
0.836221 0.095168 0.068611
0.916976 0.048612 0.034413
0.091155 0.387704 0.521141
0.077592 0.475352 0.447056
0.026788 0.448590 0.524622
0.175641 0.368841 0.455518
0.640737 0.156979 0.202284
0.970708 0.019736 0.009557
0.242127 0.356243 0.401630
0.009570 0.378689 0.611741
0.646522 0.185506 0.167972
0.090958 0.409405 0.499637
0.870556 0.080564 0.048880
0.892474 0.060243 0.047283
0.290053 0.404589 0.305358
0.294880 0.328014 0.377106
0.027072 0.363031 0.609897
0.638347 0.203814 0.157839
0.882427 0.057880 0.059693
0.916350 0.045155 0.038495
0.537401 0.202702 0.259897
0.085363 0.452643 0.461994
0.082337 0.436023 0.481639
0.530818 0.257364 0.211818
0.800796 0.109977 0.089227
0.845560 0.089701 0.064739
0.116193 0.396061 0.487745
0.091539 0.403644 0.504817
0.041704 0.428658 0.529638
0.923306 0.043690 0.033004
0.887725 0.064333 0.047942
0.773597 0.133203 0.093200
0.311197 0.316602 0.372200
0.032441 0.391610 0.575949
0.055484 0.466128 0.478388
0.097691 0.404758 0.497551
0.818704 0.105835 0.075461
0.822027 0.103980 0.073993
0.934190 0.036763 0.029047
0.077806 0.396478 0.525715
0.019216 0.400113 0.580671
0.126914 0.354663 0.518423
0.836863 0.094565 0.068572
0.916704 0.048304 0.034992
0.089506 0.383251 0.527243
0.076480 0.480135 0.443385
0.027284 0.451140 0.521576
0.172635 0.365621 0.461744
0.604242 0.173126 0.222631
0.970695 0.019753 0.009552
0.239946 0.353447 0.406607
0.009918 0.390803 0.599279
0.646864 0.186662 0.166475
0.090969 0.408794 0.500236
0.869397 0.080717 0.049886
0.891985 0.060353 0.047662
0.287894 0.401160 0.310945
0.292761 0.329943 0.377297
0.027281 0.360809 0.611910
0.636106 0.203648 0.160247
0.883207 0.057602 0.059191
0.918881 0.044113 0.037006
0.537810 0.201478 0.260711
0.086390 0.429822 0.483788
0.082679 0.434355 0.482966
0.532122 0.256790 0.211088
0.800972 0.109857 0.089171
0.843955 0.089012 0.067033
0.112769 0.387676 0.499555
0.090709 0.405798 0.503493
0.040910 0.420912 0.538177
0.921671 0.043913 0.034415
0.886564 0.064795 0.048641
0.773546 0.133432 0.093023
0.310587 0.315440 0.373973
0.033360 0.399368 0.567272
0.055479 0.464619 0.479901
0.098956 0.408799 0.492245
0.820226 0.104749 0.075025
0.823838 0.103207 0.072955
0.934277 0.036020 0.029703
0.078898 0.404089 0.517012
0.018882 0.390831 0.590287
0.127740 0.354170 0.518090
0.838056 0.093794 0.068151
0.916023 0.048503 0.035474
0.089411 0.380587 0.530002
0.076858 0.487013 0.436129
0.027051 0.455444 0.517504
0.173395 0.375720 0.450884
0.604343 0.173066 0.222591
0.969322 0.020640 0.010039
0.239664 0.351952 0.408384
0.010100 0.410055 0.579845
0.648802 0.185250 0.165949
0.091519 0.410283 0.498199
0.867459 0.080439 0.052102
0.891008 0.060555 0.048437
0.288787 0.400641 0.310573
0.288522 0.317193 0.394285
0.026881 0.356582 0.616537
0.638130 0.205265 0.156605
0.880366 0.057832 0.061802
0.917519 0.044962 0.037519
0.533288 0.203991 0.262721
0.082557 0.441803 0.475639
0.081245 0.429312 0.489443
0.535249 0.257326 0.207424
0.801389 0.110043 0.088568
0.846060 0.089261 0.064679
0.116226 0.399409 0.484366
0.088594 0.392916 0.518490
0.040153 0.407917 0.551929
0.923548 0.043329 0.033122
0.885930 0.065505 0.048565
0.771984 0.134292 0.093724
0.309285 0.315593 0.375121
0.032138 0.380818 0.587044
0.055164 0.464699 0.480137
0.098050 0.405975 0.495974
0.810283 0.110254 0.079462
0.822431 0.103408 0.074161
0.933897 0.036261 0.029842
0.079812 0.410360 0.509828
0.018480 0.391812 0.589709
0.132353 0.365844 0.501803
0.837424 0.093973 0.068603
0.914847 0.048444 0.036709
0.090746 0.388493 0.520761
0.078518 0.480907 0.440575
0.027061 0.452952 0.519987
0.174919 0.379961 0.445120
0.604828 0.173551 0.221621
0.970467 0.019698 0.009836
0.242250 0.355978 0.401772
0.010679 0.418902 0.570419
0.642763 0.191447 0.165790
0.091468 0.412806 0.495725
0.867796 0.080480 0.051723
0.891330 0.060501 0.048170
0.292350 0.404357 0.303293
0.289390 0.323714 0.386897
0.026359 0.353002 0.620640
0.639366 0.204322 0.156312
0.877692 0.058352 0.063956
0.918074 0.044913 0.037013
0.535301 0.203850 0.260850
0.084135 0.443116 0.472749
0.080371 0.416829 0.502800
0.534860 0.256570 0.208570
0.801438 0.110632 0.087931
0.847809 0.089457 0.062734
0.117513 0.406310 0.476177
0.088219 0.388395 0.523386
0.040936 0.414606 0.544459
0.923458 0.043704 0.032838
0.887050 0.064709 0.048241
0.771771 0.133798 0.094431
0.309075 0.313598 0.377327
0.032652 0.394126 0.573222
0.056224 0.469923 0.473853
0.096947 0.398457 0.504596
0.819871 0.104980 0.075149
0.825009 0.103313 0.071678
0.932232 0.036283 0.031485
0.080563 0.417444 0.501994
0.018790 0.399492 0.581718
0.128676 0.358980 0.512345
0.836434 0.094137 0.069428
0.915313 0.048282 0.036405
0.094059 0.405964 0.499978
0.080092 0.491305 0.428603
0.028003 0.468798 0.503200
0.177361 0.377606 0.445032
0.606016 0.172720 0.221264
0.970299 0.019688 0.010013
0.241252 0.356184 0.402564
0.010886 0.432392 0.556722
0.645417 0.186218 0.168366
0.091987 0.415308 0.492706
0.869164 0.080813 0.050023
0.891235 0.060847 0.047918
0.291396 0.407135 0.301468
0.290187 0.316857 0.392956
0.026827 0.359566 0.613607
0.638246 0.204832 0.156922
0.883176 0.057402 0.059423
0.917594 0.045245 0.037161
0.537150 0.202323 0.260527
0.083444 0.449641 0.466915
0.079607 0.424664 0.495729
0.532565 0.256180 0.211255
0.802534 0.109921 0.087546
0.848074 0.089590 0.062336
0.115423 0.401778 0.482798
0.090876 0.400630 0.508494
0.040607 0.424107 0.535287
0.922565 0.044243 0.033192
0.887176 0.064998 0.047827
0.770625 0.133264 0.096111
0.308665 0.315678 0.375657
0.035107 0.422313 0.542579
0.055800 0.464250 0.479949
0.097647 0.403617 0.498736
0.818276 0.106131 0.075593
0.822930 0.103277 0.073793
0.932187 0.036505 0.031308
0.078315 0.399927 0.521758
0.019737 0.414950 0.565312
0.126851 0.354496 0.518653
0.833731 0.093890 0.072379
0.920149 0.046369 0.033481
0.094676 0.401415 0.503908
0.076129 0.474958 0.448913
0.028659 0.476989 0.494352
0.176878 0.380445 0.442676
0.601356 0.172641 0.226003
0.970825 0.019605 0.009570
0.238276 0.351569 0.410156
0.009619 0.377827 0.612554
0.643712 0.189471 0.166817
0.091559 0.412233 0.496208
0.869244 0.080609 0.050147
0.891717 0.060402 0.047881
0.292304 0.407171 0.300526
0.287972 0.320074 0.391954
0.027168 0.361367 0.611465
0.638917 0.206430 0.154653
0.882948 0.057730 0.059321
0.918084 0.044893 0.037024
0.535348 0.205069 0.259583
0.083146 0.444318 0.472536
0.080969 0.424153 0.494878
0.536387 0.258342 0.205271
0.801567 0.110227 0.088206
0.847444 0.089636 0.062920
0.113568 0.389094 0.497338
0.091055 0.403691 0.505254
0.041135 0.423399 0.535465
0.922894 0.044301 0.032805
0.886743 0.065149 0.048108
0.769277 0.133985 0.096738
0.308929 0.315565 0.375505
0.035741 0.424511 0.539748
0.055540 0.464002 0.480458
0.098744 0.408196 0.493060
0.818467 0.105982 0.075551
0.822477 0.103409 0.074115
0.933018 0.036522 0.030460
0.077429 0.396937 0.525634
0.019071 0.407746 0.573183
0.126306 0.349476 0.524218
0.834665 0.093843 0.071493
0.916046 0.048315 0.035639
0.091715 0.389828 0.518457
0.076101 0.476633 0.447266
0.028562 0.476729 0.494709
0.174592 0.378960 0.446448
0.604175 0.173589 0.222236
0.970767 0.019689 0.009544
0.240959 0.355695 0.403346
0.009494 0.374803 0.615703
0.649679 0.186672 0.163649
0.090938 0.408460 0.500603
0.870693 0.080595 0.048712
0.892705 0.059668 0.047627
0.291263 0.404541 0.304196
0.287373 0.319775 0.392852
0.027263 0.362390 0.610347
0.638576 0.206038 0.155386
0.879614 0.058469 0.061917
0.917988 0.044998 0.037014
0.536181 0.206109 0.257710
0.083767 0.440100 0.476132
0.079560 0.420603 0.499838
0.532311 0.257343 0.210346
0.800585 0.109860 0.089555
0.834908 0.097068 0.068024
0.113030 0.382977 0.503994
0.089518 0.397090 0.513392
0.042155 0.436609 0.521236
0.923177 0.043490 0.033332
0.887472 0.065111 0.047417
0.771603 0.133929 0.094468
0.310529 0.316206 0.373264
0.032234 0.385572 0.582194
0.056456 0.472166 0.471378
0.097625 0.400419 0.501956
0.818643 0.104703 0.076654
0.824378 0.103955 0.071667
0.933761 0.036564 0.029675
0.076577 0.392860 0.530562
0.018765 0.403909 0.577326
0.133104 0.365930 0.500966
0.837652 0.094243 0.068106
0.914887 0.048740 0.036373
0.092064 0.398707 0.509229
0.075812 0.471014 0.453174
0.027101 0.451509 0.521390
0.173814 0.370740 0.455446
0.605555 0.173101 0.221344
0.970804 0.019677 0.009519
0.240898 0.357548 0.401554
0.009573 0.380238 0.610189
0.647048 0.187548 0.165404
0.090841 0.410260 0.498899
0.870478 0.080678 0.048845
0.891311 0.060466 0.048223
0.289448 0.405277 0.305275
0.287946 0.318783 0.393270
0.027844 0.373871 0.598284
0.638515 0.204515 0.156970
0.880938 0.057594 0.061468
0.916705 0.045788 0.037507
0.540169 0.201082 0.258748
0.083773 0.445132 0.471095
0.079781 0.425086 0.495134
0.532411 0.256127 0.211462
0.799564 0.110097 0.090339
0.847286 0.089215 0.063499
0.112409 0.387931 0.499660
0.089815 0.398033 0.512151
0.043855 0.453292 0.502853
0.922789 0.043947 0.033264
0.886757 0.065453 0.047790
0.772455 0.134016 0.093530
0.310309 0.315214 0.374477
0.031955 0.380384 0.587662
0.056753 0.473589 0.469657
0.097204 0.400608 0.502188
0.816312 0.104763 0.078925
0.822978 0.103251 0.073771
0.933896 0.036579 0.029525
0.077003 0.391187 0.531809
0.018382 0.402228 0.579390
0.133457 0.367692 0.498851
0.838700 0.094178 0.067122
0.915609 0.048760 0.035631
0.093836 0.398201 0.507963
0.077199 0.489328 0.433473
0.027731 0.459465 0.512804
0.170475 0.369569 0.459956
0.612029 0.171062 0.216908
0.970258 0.019846 0.009896
0.240135 0.353734 0.406131
0.010117 0.401595 0.588288
0.648080 0.188455 0.163465
0.091535 0.412847 0.495618
0.870642 0.080441 0.048918
0.891747 0.060604 0.047649
0.290001 0.406214 0.303785
0.288217 0.318770 0.393013
0.030028 0.404318 0.565654
0.637801 0.204858 0.157341
0.880205 0.057820 0.061975
0.917815 0.045035 0.037150
0.536799 0.198857 0.264344
0.084956 0.440436 0.474608
0.082306 0.433451 0.484243
0.534972 0.258719 0.206308
0.800312 0.110345 0.089342
0.845437 0.089426 0.065137
0.113165 0.390643 0.496193
0.088762 0.393434 0.517805
0.044664 0.479703 0.475633
0.924539 0.042126 0.033335
0.887301 0.064631 0.048068
0.771681 0.133078 0.095241
0.308526 0.314260 0.377214
0.031740 0.375681 0.592580
0.055536 0.461062 0.483401
0.098437 0.403087 0.498475
0.815523 0.104999 0.079478
0.821760 0.104190 0.074050
0.934110 0.036457 0.029433
0.076169 0.390867 0.532964
0.018744 0.402748 0.578508
0.125549 0.347751 0.526700
0.836945 0.094679 0.068376
0.920702 0.046531 0.032766
0.091105 0.386557 0.522339
0.077201 0.482387 0.440413
0.027749 0.463168 0.509082
0.172103 0.370716 0.457182
0.606572 0.171649 0.221779
0.970264 0.019699 0.010037
0.239758 0.352345 0.407897
0.010442 0.416325 0.573233
0.649321 0.183118 0.167560
0.091511 0.412938 0.495551
0.869506 0.080803 0.049691
0.891473 0.060750 0.047777
0.293570 0.406778 0.299652
0.288145 0.316612 0.395242
0.031608 0.421993 0.546399
0.636542 0.201871 0.161587
0.881453 0.058163 0.060383
0.917720 0.045278 0.037002
0.533795 0.205419 0.260786
0.082958 0.440939 0.476103
0.083314 0.440986 0.475700
0.534128 0.255882 0.209991
0.801356 0.109669 0.088974
0.843124 0.090122 0.066754
0.114853 0.391601 0.493547
0.088803 0.396972 0.514226
0.044740 0.467966 0.487294
0.923869 0.042223 0.033908
0.886994 0.065584 0.047422
0.769168 0.133398 0.097434
0.308485 0.316643 0.374873
0.030779 0.365349 0.603872
0.054359 0.455613 0.490028
0.096168 0.398954 0.504878
0.818886 0.103630 0.077484
0.823795 0.104553 0.071652
0.934542 0.036239 0.029218
0.076241 0.394914 0.528844
0.018444 0.398022 0.583533
0.127707 0.351369 0.520924
0.836111 0.094699 0.069191
0.916360 0.048953 0.034688
0.093894 0.395319 0.510787
0.077300 0.479282 0.443417
0.027132 0.448376 0.524492
0.172190 0.377479 0.450331
0.611564 0.173147 0.215289
0.970468 0.019644 0.009888
0.241894 0.356779 0.401327
0.010778 0.428299 0.560923
0.645181 0.187673 0.167146
0.092109 0.417892 0.489999
0.869945 0.080111 0.049944
0.890981 0.061136 0.047883
0.293010 0.407017 0.299973
0.289640 0.318036 0.392324
0.029562 0.392188 0.578250
0.632244 0.201548 0.166208
0.882032 0.057936 0.060032
0.916863 0.045224 0.037913
0.537176 0.203526 0.259298
0.084492 0.441418 0.474091
0.082860 0.441176 0.475964
0.532786 0.258717 0.208497
0.799967 0.111120 0.088914
0.839029 0.089276 0.071695
0.115144 0.396622 0.488235
0.090358 0.399256 0.510387
0.043901 0.461192 0.494907
0.922599 0.043541 0.033860
0.887427 0.065260 0.047313
0.771358 0.132574 0.096069
0.309695 0.313433 0.376871
0.031054 0.367433 0.601513
0.054964 0.457355 0.487682
0.097521 0.400209 0.502270
0.818358 0.104765 0.076877
0.823991 0.103600 0.072409
0.934145 0.036143 0.029713
0.076870 0.394538 0.528592
0.018552 0.393895 0.587553
0.128138 0.356009 0.515853
0.837026 0.094411 0.068564
0.915487 0.049335 0.035178
0.098537 0.411055 0.490408
0.076508 0.475217 0.448274
0.027181 0.455495 0.517323
0.173770 0.375569 0.450661
0.603069 0.171226 0.225705
0.970303 0.019656 0.010041
0.242531 0.356066 0.401402
0.011470 0.455776 0.532754
0.650296 0.193089 0.156615
0.093512 0.416932 0.489555
0.870368 0.080900 0.048732
0.891372 0.060703 0.047925
0.292983 0.407437 0.299580
0.296643 0.324987 0.378371
0.026486 0.352899 0.620615
0.633599 0.203329 0.163072
0.882192 0.057790 0.060019
0.916491 0.045118 0.038391
0.534888 0.207578 0.257534
0.083704 0.456008 0.460287
0.083065 0.437425 0.479510
0.532866 0.255690 0.211443
0.801889 0.110265 0.087846
0.838248 0.089163 0.072589
0.115101 0.399235 0.485663
0.090110 0.397593 0.512298
0.042552 0.434077 0.523371
0.923352 0.043288 0.033360
0.887359 0.065168 0.047473
0.772181 0.132485 0.095335
0.313939 0.312369 0.373691
0.031232 0.373871 0.594897
0.053965 0.454326 0.491709
0.097331 0.402812 0.499857
0.816289 0.106045 0.077666
0.824028 0.103510 0.072462
0.933090 0.036651 0.030259
0.077124 0.399426 0.523450
0.019837 0.415425 0.564738
0.129091 0.359526 0.511383
0.835192 0.094866 0.069942
0.916280 0.049199 0.034521
0.098606 0.419623 0.481771
0.075103 0.459236 0.465661
0.027715 0.461484 0.510801
0.170442 0.377164 0.452393
0.606298 0.174144 0.219558
0.970616 0.019544 0.009840
0.240928 0.355416 0.403656
0.010811 0.421652 0.567537
0.648566 0.191106 0.160328
0.091798 0.415254 0.492949
0.870310 0.080717 0.048974
0.890248 0.060820 0.048932
0.293508 0.406476 0.300016
0.291872 0.324658 0.383470
0.027023 0.363557 0.609420
0.637636 0.204216 0.158147
0.882794 0.057802 0.059404
0.915594 0.045061 0.039345
0.537434 0.204275 0.258291
0.084782 0.447062 0.468157
0.082008 0.435452 0.482540
0.535007 0.258636 0.206356
0.800180 0.110695 0.089124
0.845308 0.089569 0.065124
0.113461 0.391395 0.495144
0.090359 0.399146 0.510496
0.041731 0.429779 0.528490
0.922322 0.044235 0.033443
0.886950 0.065554 0.047496
0.769016 0.133089 0.097895
0.314775 0.319445 0.365780
0.032429 0.385855 0.581716
0.054435 0.457470 0.488095
0.097414 0.402077 0.500509
0.820141 0.104597 0.075262
0.823504 0.102744 0.073752
0.934025 0.036856 0.029119
0.077115 0.397280 0.525605
0.020389 0.436240 0.543371
0.134090 0.372352 0.493558
0.837184 0.093982 0.068833
0.917355 0.048626 0.034019
0.093226 0.398869 0.507904
0.075340 0.467443 0.457217
0.027466 0.457289 0.515244
0.173574 0.376309 0.450117
0.602054 0.170711 0.227235
0.970328 0.019625 0.010047
0.240214 0.355768 0.404018
0.009872 0.394772 0.595356
0.645274 0.192470 0.162256
0.091823 0.416055 0.492122
0.870320 0.080781 0.048899
0.889596 0.061037 0.049367
0.293027 0.407192 0.299781
0.287267 0.313801 0.398932
0.028902 0.386704 0.584394
0.637971 0.205308 0.156721
0.882055 0.057928 0.060017
0.916007 0.045080 0.038913
0.534527 0.202732 0.262742
0.083678 0.454117 0.462205
0.081440 0.430598 0.487962
0.531866 0.256041 0.212093
0.798826 0.110313 0.090861
0.846933 0.090185 0.062882
0.112335 0.384828 0.502837
0.091886 0.406055 0.502060
0.040548 0.426834 0.532618
0.922954 0.043880 0.033166
0.887932 0.064315 0.047753
0.753904 0.141703 0.104393
0.313844 0.320621 0.365535
0.032878 0.388332 0.578789
0.055204 0.461833 0.482963
0.097336 0.398655 0.504009
0.817251 0.106525 0.076224
0.822353 0.103608 0.074039
0.934304 0.036405 0.029291
0.077503 0.392963 0.529535
0.020890 0.431002 0.548108
0.128269 0.356757 0.514975
0.838731 0.094027 0.067242
0.917620 0.048622 0.033758
0.096381 0.415185 0.488433
0.073990 0.459454 0.466556
0.026729 0.449579 0.523692
0.176623 0.375523 0.447854
0.605879 0.173082 0.221039
0.970717 0.019688 0.009596
0.239063 0.351607 0.409331
0.009975 0.391853 0.598172
0.653973 0.191413 0.154613
0.091696 0.411581 0.496724
0.870714 0.080381 0.048905
0.903901 0.053372 0.042727
0.291208 0.407705 0.301086
0.292453 0.319583 0.387963
0.030222 0.402700 0.567078
0.639840 0.205720 0.154440
0.881605 0.057672 0.060723
0.917393 0.044938 0.037670
0.536654 0.204444 0.258902
0.083956 0.450481 0.465563
0.080618 0.425649 0.493733
0.533175 0.255250 0.211575
0.799988 0.110039 0.089972
0.846466 0.089635 0.063899
0.112565 0.386166 0.501270
0.089853 0.396823 0.513323
0.041174 0.417216 0.541610
0.923781 0.043317 0.032902
0.886628 0.065323 0.048049
0.770803 0.134324 0.094872
0.310246 0.315630 0.374124
0.032416 0.386696 0.580888
0.055693 0.466218 0.478089
0.097580 0.404680 0.497740
0.820589 0.104304 0.075108
0.822551 0.103047 0.074402
0.934380 0.036741 0.028880
0.076262 0.395477 0.528260
0.020362 0.427718 0.551920
0.129325 0.347821 0.522854
0.837292 0.095230 0.067479
0.918057 0.048160 0.033783
0.098921 0.421878 0.479201
0.074853 0.458454 0.466692
0.026717 0.445084 0.528199
0.182421 0.392980 0.424599
0.604954 0.173430 0.221616
0.970731 0.019725 0.009545
0.240832 0.356446 0.402722
0.009845 0.384739 0.605417
0.651073 0.188114 0.160812
0.091805 0.413968 0.494227
0.870516 0.080622 0.048862
0.904042 0.053349 0.042609
0.290240 0.406636 0.303123
0.285551 0.320992 0.393457
0.028575 0.377065 0.594361
0.639685 0.204868 0.155447
0.881976 0.057806 0.060218
0.918554 0.044565 0.036881
0.539074 0.201646 0.259281
0.083043 0.446562 0.470394
0.079380 0.422125 0.498496
0.532391 0.258099 0.209509
0.801941 0.110365 0.087694
0.846121 0.088981 0.064897
0.113007 0.385672 0.501322
0.090411 0.398027 0.511562
0.040096 0.414430 0.545474
0.923665 0.043109 0.033225
0.887495 0.065079 0.047426
0.772962 0.133827 0.093211
0.308515 0.314567 0.376919
0.033124 0.393415 0.573461
0.056137 0.467630 0.476233
0.098182 0.403892 0.497926
0.819905 0.104727 0.075368
0.821000 0.103187 0.075813
0.934419 0.036535 0.029046
0.076350 0.396311 0.527339
0.020018 0.419442 0.560540
0.132048 0.364486 0.503466
0.837074 0.093743 0.069183
0.916886 0.048999 0.034115
0.092902 0.389177 0.517921
0.074768 0.456710 0.468522
0.026821 0.451584 0.521595
0.180811 0.388330 0.430860
0.603970 0.172206 0.223825
0.970881 0.019624 0.009496
0.241545 0.356021 0.402434
0.009656 0.376910 0.613434
0.652979 0.190661 0.156360
0.092067 0.414974 0.492959
0.870274 0.080813 0.048913
0.891906 0.060223 0.047872
0.291416 0.404954 0.303630
0.285385 0.315215 0.399400
0.027250 0.360859 0.611891
