0.097689 0.451769 0.450542
0.611263 0.208291 0.180447
0.617951 0.172168 0.209881
0.248589 0.293686 0.457725
0.198549 0.467831 0.333620
0.205555 0.414373 0.380072
0.160621 0.447578 0.391800
0.509518 0.265788 0.224695
0.499901 0.213304 0.286795
0.170634 0.438176 0.391189
0.794744 0.100699 0.104556
0.123886 0.447138 0.428977
0.115310 0.537963 0.346727
0.191209 0.494080 0.314711
0.422152 0.299830 0.278018
0.410572 0.292752 0.296675
0.483303 0.212505 0.304192
0.153812 0.399665 0.446524
0.243326 0.289722 0.466953
0.301935 0.321399 0.376666
0.400499 0.268719 0.330781
0.635807 0.214393 0.149800
0.488844 0.217075 0.294081
0.682080 0.119368 0.198552
0.680605 0.188238 0.131157
0.162200 0.354424 0.483376
0.740552 0.116745 0.142703
0.232533 0.432200 0.335267
0.101393 0.508325 0.390282
0.162344 0.456337 0.381319
0.069160 0.524601 0.406239
0.165503 0.350558 0.483939
0.759642 0.111789 0.128568
0.470501 0.268419 0.261080
0.352711 0.353793 0.293495
0.638271 0.185058 0.176671
0.146616 0.441878 0.411505
0.336871 0.353335 0.309794
0.405805 0.329395 0.264799
0.284558 0.395981 0.319461
0.607180 0.197378 0.195442
0.305171 0.324535 0.370294
0.105934 0.449058 0.445009
0.626630 0.202884 0.170486
0.622101 0.170453 0.207447
0.229001 0.299994 0.471005
0.190419 0.473725 0.335856
0.225700 0.403634 0.370666
0.147005 0.454267 0.398728
0.541722 0.248832 0.209446
0.491756 0.216503 0.291741
0.178860 0.433913 0.387227
0.778996 0.107726 0.113278
0.203266 0.405372 0.391362
0.116739 0.536901 0.346360
0.170746 0.505992 0.323261
0.430023 0.295663 0.274315
0.418843 0.287871 0.293285
0.485413 0.211711 0.302876
0.167524 0.392191 0.440285
0.243360 0.288389 0.468251
0.296682 0.323302 0.380016
0.526458 0.212542 0.261000
0.645924 0.210271 0.143805
0.572908 0.177777 0.249315
0.691568 0.113964 0.194468
0.682583 0.187193 0.130225
0.178761 0.344664 0.476575
0.732775 0.120660 0.146565
0.228832 0.434682 0.336486
0.100693 0.510873 0.388435
0.171230 0.454870 0.373900
0.070580 0.526802 0.402619
0.156666 0.360320 0.483014
0.778844 0.102902 0.118253
0.382424 0.313114 0.304462
0.378459 0.342541 0.279000
0.651624 0.177733 0.170643
0.142708 0.445874 0.411418
0.375895 0.329743 0.294361
0.407013 0.329196 0.263791
0.299930 0.387774 0.312296
0.699412 0.150105 0.150483
0.277838 0.335875 0.386288
0.115520 0.445421 0.439059
0.613276 0.209574 0.177150
0.598186 0.178173 0.223641
0.221857 0.300908 0.477235
0.194305 0.473743 0.331952
0.295478 0.368358 0.336164
0.142875 0.458048 0.399077
0.587278 0.222591 0.190131
0.541709 0.195011 0.263280
0.168036 0.437763 0.394200
0.769868 0.112637 0.117495
0.192896 0.410544 0.396559
0.120672 0.536119 0.343208
0.156331 0.517532 0.326137
0.437663 0.292115 0.270222
0.406742 0.294143 0.299115
0.475967 0.214606 0.309427
0.161588 0.395759 0.442653
0.225016 0.296863 0.478121
0.241299 0.348777 0.409924
0.416159 0.260715 0.323125
0.618196 0.225800 0.156004
0.515152 0.204976 0.279872
0.677366 0.120892 0.201743
0.675332 0.190803 0.133865
0.173305 0.345958 0.480737
0.736151 0.118776 0.145072
0.212975 0.443978 0.343047
0.116674 0.505372 0.377955
0.165993 0.456573 0.377433
0.074610 0.520253 0.405136
0.157022 0.363569 0.479408
0.770930 0.107616 0.121454
0.403649 0.302426 0.293925
0.378471 0.340261 0.281269
0.626253 0.190355 0.183392
0.228408 0.402046 0.369546
0.332692 0.355153 0.312155
0.458797 0.300382 0.240821
0.330480 0.369602 0.299919
0.659070 0.170194 0.170736
0.257873 0.344561 0.397567
0.109692 0.446619 0.443689
0.617127 0.209611 0.173262
0.588842 0.182689 0.228469
0.238299 0.298859 0.462842
0.190965 0.480173 0.328862
0.221398 0.408133 0.370468
0.136699 0.460275 0.403026
0.477679 0.283297 0.239024
0.513691 0.207669 0.278640
0.168503 0.436698 0.394799
0.847680 0.074274 0.078046
0.180397 0.417579 0.402023
0.119036 0.543082 0.337882
0.205941 0.488233 0.305826
0.410913 0.305879 0.283208
0.410683 0.293083 0.296235
0.468909 0.215971 0.315120
0.184680 0.384958 0.430361
0.234905 0.285843 0.479253
0.293224 0.323430 0.383346
0.429913 0.254228 0.315859
0.657498 0.201212 0.141290
0.531273 0.197356 0.271371
0.668349 0.123568 0.208083
0.704782 0.175625 0.119593
0.165387 0.346350 0.488264
0.747981 0.113349 0.138670
0.241977 0.426946 0.331077
0.115008 0.502876 0.382116
0.170317 0.451458 0.378226
0.076589 0.518062 0.405349
0.166823 0.345609 0.487568
0.766225 0.109899 0.123876
0.420302 0.293201 0.286497
0.351591 0.354274 0.294135
0.630266 0.189323 0.180411
0.149528 0.442503 0.407969
0.371218 0.334809 0.293974
0.406768 0.329571 0.263661
0.349648 0.356313 0.294038
0.690642 0.153284 0.156074
0.289336 0.332242 0.378422
0.103912 0.452289 0.443799
0.647756 0.193367 0.158877
0.633541 0.162521 0.203937
0.228702 0.303135 0.468163
0.181998 0.481259 0.336743
0.220937 0.407218 0.371845
0.135000 0.458369 0.406630
0.522042 0.260271 0.217687
0.508049 0.210694 0.281258
0.169947 0.434492 0.395562
0.802916 0.096426 0.100658
0.154274 0.432987 0.412739
0.136686 0.524244 0.339070
0.185396 0.500525 0.314079
0.440757 0.290667 0.268576
0.448909 0.272376 0.278715
0.467255 0.217197 0.315548
0.164204 0.395557 0.440239
0.218160 0.301573 0.480267
0.280928 0.326786 0.392285
0.438583 0.251563 0.309854
0.629569 0.215430 0.155002
0.532623 0.197892 0.269485
0.688765 0.117148 0.194086
0.694852 0.178286 0.126862
0.168836 0.345248 0.485916
0.743626 0.116083 0.140291
0.237708 0.426918 0.335374
0.107624 0.505960 0.386416
0.174682 0.448872 0.376446
0.057050 0.529705 0.413245
0.165062 0.347653 0.487285
0.787863 0.100482 0.111655
0.396517 0.305652 0.297831
0.404778 0.325350 0.269872
0.648826 0.179938 0.171236
0.188299 0.420922 0.390779
0.305968 0.367668 0.326364
0.442671 0.308641 0.248688
0.303899 0.381214 0.314887
0.614149 0.191718 0.194133
0.287620 0.333931 0.378449
0.105989 0.449577 0.444434
0.627109 0.202168 0.170722
0.645837 0.157043 0.197120
0.245427 0.301657 0.452916
0.189240 0.478213 0.332547
0.230685 0.403616 0.365699
0.139593 0.458240 0.402168
0.531715 0.254691 0.213594
0.510886 0.209097 0.280017
0.160770 0.447438 0.391792
0.781378 0.106751 0.111871
0.156227 0.431204 0.412569
0.127301 0.525231 0.347469
0.188875 0.495587 0.315537
0.409347 0.306992 0.283661
0.399530 0.298368 0.302102
0.482643 0.209655 0.307702
0.158784 0.396910 0.444307
0.240531 0.293365 0.466104
0.300985 0.317747 0.381267
0.441074 0.249464 0.309462
0.652026 0.204718 0.143257
0.478700 0.215971 0.305330
0.674613 0.119856 0.205531
0.680341 0.184430 0.135228
0.180230 0.344057 0.475713
0.734346 0.119608 0.146047
0.226569 0.436578 0.336853
0.102163 0.514482 0.383356
0.164514 0.458702 0.376785
0.076812 0.523478 0.399710
0.166067 0.346516 0.487417
0.762648 0.111963 0.125389
0.461276 0.273532 0.265192
0.370601 0.345950 0.283450
0.629983 0.189977 0.180041
0.174591 0.427276 0.398132
0.336408 0.352372 0.311220
0.414465 0.324838 0.260698
0.327212 0.372610 0.300178
0.697696 0.150653 0.151652
0.300577 0.326186 0.373237
0.140472 0.430311 0.429217
0.640974 0.193100 0.165927
0.626682 0.165773 0.207545
0.231337 0.301969 0.466693
0.182810 0.481198 0.335992
0.244623 0.395131 0.360245
0.136511 0.456434 0.407055
0.588655 0.222836 0.188509
0.498615 0.214058 0.287326
0.175649 0.433320 0.391032
0.763710 0.115429 0.120861
0.121123 0.449014 0.429863
0.140984 0.507442 0.351574
0.192408 0.493814 0.313778
0.439945 0.290931 0.269123
0.457949 0.269864 0.272187
0.463338 0.222482 0.314181
0.157246 0.395855 0.446899
0.242787 0.302533 0.454680
0.241461 0.347691 0.410848
0.431437 0.254095 0.314468
0.639787 0.210855 0.149357
0.502298 0.209914 0.287788
0.688065 0.112723 0.199213
0.703492 0.170755 0.125754
0.173622 0.347764 0.478614
0.742514 0.117461 0.140025
0.224584 0.432328 0.343088
0.097448 0.511435 0.391117
0.166049 0.457094 0.376857
0.073709 0.518478 0.407813
0.168278 0.351232 0.480490
0.742691 0.121709 0.135599
0.437929 0.283876 0.278195
0.381864 0.339244 0.278892
0.644920 0.181977 0.173103
0.176897 0.426671 0.396431
0.387765 0.323545 0.288690
0.426133 0.318922 0.254945
0.361026 0.352897 0.286077
0.691817 0.153804 0.154379
0.249237 0.347923 0.402841
0.135560 0.431311 0.433129
0.633734 0.197562 0.168704
0.620322 0.169210 0.210468
0.238133 0.296987 0.464880
0.187203 0.476622 0.336175
0.261888 0.386009 0.352103
0.135014 0.454575 0.410411
0.589588 0.220997 0.189415
0.555567 0.189774 0.254658
0.160070 0.445359 0.394571
0.762449 0.116039 0.121512
0.180633 0.416329 0.403038
0.141342 0.506072 0.352586
0.205214 0.483637 0.311149
0.447581 0.286836 0.265582
0.435478 0.278779 0.285743
0.458676 0.220299 0.321025
0.169114 0.392855 0.438032
0.223571 0.312107 0.464322
0.300721 0.323213 0.376066
0.523604 0.212722 0.263674
0.615028 0.229249 0.155723
0.491207 0.214139 0.294654
0.682981 0.115468 0.201552
0.699069 0.172475 0.128456
0.173087 0.350264 0.476650
0.738509 0.118529 0.142963
0.237227 0.430707 0.332066
0.086457 0.521724 0.391819
0.163364 0.459788 0.376848
0.072129 0.515135 0.412736
0.164861 0.360759 0.474380
0.766732 0.110392 0.122876
0.454853 0.275825 0.269323
0.369310 0.349056 0.281634
0.627001 0.190828 0.182171
0.175248 0.426808 0.397944
0.362622 0.339010 0.298368
0.404629 0.330188 0.265183
0.332986 0.366336 0.300678
0.644518 0.177179 0.178303
0.275594 0.335659 0.388747
0.111415 0.443292 0.445292
0.634464 0.196934 0.168602
0.638653 0.161497 0.199850
0.241588 0.292936 0.465476
0.187344 0.477771 0.334886
0.269049 0.382327 0.348624
0.138016 0.455099 0.406885
0.569487 0.231293 0.199220
0.541819 0.197516 0.260665
0.177625 0.434599 0.387775
0.770336 0.111921 0.117743
0.187514 0.414045 0.398440
0.121871 0.530055 0.348074
0.169230 0.510919 0.319851
0.447579 0.286432 0.265989
0.425750 0.283289 0.290961
0.476942 0.216364 0.306694
0.169740 0.391638 0.438621
0.237879 0.296125 0.465997
0.277156 0.334667 0.388177
0.429085 0.255298 0.315617
0.659947 0.202059 0.137994
0.495465 0.214144 0.290391
0.677738 0.116959 0.205303
0.700167 0.174381 0.125452
0.171313 0.351794 0.476893
0.742452 0.117068 0.140480
0.224603 0.434924 0.340472
0.102126 0.505939 0.391935
0.168463 0.457485 0.374052
0.085400 0.511153 0.403446
0.162810 0.359462 0.477729
0.769309 0.108057 0.122634
0.398938 0.302223 0.298839
0.376148 0.340983 0.282870
0.638806 0.184225 0.176970
0.171100 0.429969 0.398931
0.363884 0.337160 0.298956
0.464005 0.299966 0.236029
0.324203 0.370926 0.304870
0.704364 0.147245 0.148391
0.247668 0.349020 0.403311
0.103147 0.449059 0.447794
0.602230 0.213706 0.184065
0.619889 0.170391 0.209720
0.243514 0.296305 0.460180
0.197398 0.466669 0.335934
0.247209 0.394479 0.358312
0.133849 0.459775 0.406377
0.557605 0.236971 0.205424
0.522155 0.204694 0.273151
0.160708 0.442101 0.397191
0.807139 0.094490 0.098371
0.104505 0.456359 0.439136
0.127523 0.515297 0.357180
0.201852 0.486937 0.311211
0.456395 0.281882 0.261723
0.415875 0.288222 0.295903
0.464908 0.220797 0.314295
0.164929 0.393921 0.441150
0.205052 0.324743 0.470205
0.257676 0.340915 0.401409
0.497147 0.225739 0.277114
0.652495 0.204821 0.142684
0.513307 0.209489 0.277204
0.672822 0.122512 0.204666
0.644951 0.204066 0.150983
0.172669 0.346739 0.480592
0.747473 0.115207 0.137319
0.233827 0.428813 0.337359
0.104076 0.505856 0.390068
0.170042 0.450968 0.378990
0.073132 0.513392 0.413476
0.165163 0.349283 0.485554
0.778395 0.103657 0.117947
0.410654 0.297834 0.291512
0.365585 0.350585 0.283830
0.656697 0.174672 0.168631
0.160395 0.434041 0.405564
0.387705 0.326532 0.285762
0.433567 0.314701 0.251732
0.306945 0.382724 0.310331
0.597042 0.201669 0.201288
0.298375 0.328665 0.372959
0.101587 0.447669 0.450744
0.618492 0.206713 0.174795
0.622314 0.168675 0.209012
0.228925 0.300787 0.470288
0.181026 0.476117 0.342857
0.244060 0.394515 0.361425
0.140039 0.458151 0.401810
0.495885 0.272602 0.231513
0.543170 0.195329 0.261501
0.174955 0.437106 0.387940
0.757447 0.118160 0.124393
0.132393 0.443165 0.424442
0.137529 0.528291 0.334180
0.193135 0.497214 0.309650
0.439439 0.291126 0.269435
0.405530 0.294444 0.300026
0.480478 0.215007 0.304515
0.175473 0.389482 0.435045
0.242908 0.293135 0.463957
0.248595 0.343338 0.408067
0.422568 0.257719 0.319712
0.642749 0.211509 0.145742
0.524516 0.205297 0.270188
0.675383 0.119759 0.204858
0.690789 0.180719 0.128492
0.172455 0.345897 0.481647
0.747545 0.114072 0.138383
0.210373 0.444798 0.344829
0.106356 0.497312 0.396332
0.168970 0.455762 0.375268
0.074184 0.518787 0.407029
0.154770 0.355977 0.489253
0.777135 0.104554 0.118310
0.392287 0.307134 0.300579
0.404156 0.322536 0.273308
0.647271 0.180762 0.171967
0.154797 0.435488 0.409715
0.311824 0.365551 0.322625
0.418866 0.321670 0.259464
0.384777 0.338346 0.276877
0.685203 0.156958 0.157839
0.248112 0.350756 0.401132
0.125682 0.438211 0.436107
0.645264 0.190323 0.164413
0.626342 0.167716 0.205942
0.232110 0.301868 0.466022
0.184291 0.458141 0.357568
0.242511 0.395113 0.362376
0.134161 0.457464 0.408376
0.502398 0.266150 0.231452
0.559986 0.190648 0.249367
0.181445 0.430193 0.388363
0.781814 0.107496 0.110691
0.190548 0.416023 0.393430
0.132314 0.517432 0.350254
0.187798 0.491245 0.320957
0.445824 0.287547 0.266629
0.441686 0.276934 0.281380
0.475538 0.220541 0.303921
0.165146 0.395492 0.439362
0.240549 0.302498 0.456954
0.249301 0.345255 0.405444
0.443165 0.250267 0.306568
0.610254 0.230006 0.159740
0.495412 0.216898 0.287690
0.653579 0.128884 0.217536
0.670287 0.191053 0.138659
0.169681 0.354207 0.476112
0.738744 0.118216 0.143040
0.241899 0.426319 0.331782
0.109565 0.500087 0.390348
0.167315 0.452833 0.379852
0.071133 0.511322 0.417545
0.165621 0.357871 0.476508
0.764883 0.109875 0.125242
0.450908 0.277475 0.271617
0.353642 0.354833 0.291525
0.629164 0.189903 0.180933
0.149134 0.441819 0.409047
0.363471 0.341741 0.294788
0.438844 0.313674 0.247481
0.391056 0.334214 0.274729
0.642727 0.179642 0.177631
0.262675 0.344451 0.392874
0.096840 0.451775 0.451386
0.617679 0.205553 0.176768
0.622658 0.167648 0.209693
0.237768 0.303142 0.459089
0.188550 0.470540 0.340910
0.281844 0.373416 0.344740
0.133690 0.463980 0.402330
0.525671 0.255836 0.218494
0.509899 0.208123 0.281978
0.152445 0.446000 0.401555
0.802598 0.096684 0.100719
0.143467 0.437457 0.419076
0.128068 0.532424 0.339508
0.199176 0.493156 0.307668
0.450579 0.285188 0.264232
0.411704 0.291079 0.297217
0.479371 0.214871 0.305758
0.167612 0.392077 0.440311
0.225361 0.295149 0.479490
0.286071 0.329795 0.384134
0.419781 0.258650 0.321569
0.646234 0.207795 0.145970
0.509547 0.207731 0.282722
0.657256 0.127509 0.215235
0.652665 0.203748 0.143587
0.165506 0.356454 0.478040
0.740640 0.117005 0.142354
0.238103 0.428388 0.333509
0.088083 0.515487 0.396431
0.172920 0.453581 0.373499
0.066521 0.524774 0.408705
0.172712 0.356792 0.470496
0.780177 0.103654 0.116169
0.418339 0.294151 0.287509
0.407217 0.326706 0.266076
0.634365 0.187245 0.178390
0.148845 0.442947 0.408208
0.356274 0.341192 0.302534
0.438807 0.311754 0.249439
0.274116 0.398522 0.327362
0.669984 0.165203 0.164813
0.308526 0.322637 0.368838
0.094045 0.453491 0.452464
0.618149 0.203527 0.178323
0.638459 0.160906 0.200635
0.232381 0.303493 0.464125
0.181136 0.480888 0.337976
0.293708 0.366213 0.340079
0.146403 0.450805 0.402792
0.543710 0.243395 0.212894
0.506590 0.210960 0.282451
0.167244 0.435496 0.397260
0.761943 0.116502 0.121554
0.148433 0.433551 0.418016
0.138039 0.515199 0.346762
0.206206 0.476049 0.317745
0.434360 0.293429 0.272211
0.435554 0.278603 0.285843
0.467098 0.218962 0.313940
0.168458 0.395321 0.436221
0.246604 0.291316 0.462081
0.248254 0.351368 0.400377
0.426270 0.258097 0.315633
0.612348 0.225623 0.162028
0.477689 0.219082 0.303229
0.684598 0.119992 0.195410
0.702385 0.174186 0.123430
0.175927 0.350730 0.473342
0.736159 0.119596 0.144246
0.231346 0.431494 0.337160
0.083272 0.522211 0.394517
0.172373 0.446776 0.380851
0.071100 0.522329 0.406571
0.161367 0.365175 0.473458
0.769808 0.108597 0.121595
0.422143 0.291470 0.286386
0.358837 0.353790 0.287373
0.658409 0.173929 0.167663
0.166575 0.434661 0.398764
0.444969 0.296755 0.258276
0.414527 0.324445 0.261028
0.316131 0.375058 0.308811
0.688203 0.154491 0.157306
0.254919 0.348664 0.396417
0.112064 0.446130 0.441806
0.645705 0.190877 0.163419
0.646391 0.158502 0.195107
0.232161 0.309702 0.458138
0.185938 0.481221 0.332841
0.262460 0.384134 0.353406
0.134805 0.461087 0.404108
0.537429 0.249286 0.213285
0.496083 0.215946 0.287971
0.179681 0.433276 0.387043
0.779873 0.107608 0.112518
0.150127 0.436060 0.413813
0.120902 0.532186 0.346911
0.177017 0.499983 0.323000
0.441879 0.289714 0.268407
0.425413 0.285295 0.289293
0.454913 0.221574 0.323513
0.173423 0.389898 0.436679
0.223895 0.299300 0.476805
0.283230 0.329630 0.387140
0.441181 0.249742 0.309077
0.606562 0.228004 0.165434
0.481179 0.217919 0.300902
0.673112 0.121797 0.205091
0.679776 0.187197 0.133027
0.170148 0.349071 0.480781
0.739067 0.117383 0.143551
0.229594 0.433480 0.336926
0.105632 0.509112 0.385255
0.177241 0.446806 0.375953
0.078787 0.517159 0.404054
0.169591 0.353194 0.477216
0.762716 0.111086 0.126199
0.377383 0.313511 0.309107
0.379722 0.338812 0.281466
0.643192 0.181623 0.175185
0.230342 0.400927 0.368730
0.424125 0.305588 0.270288
0.413286 0.326549 0.260165
0.316028 0.374965 0.309007
0.683322 0.157157 0.159520
0.301037 0.329569 0.369395
0.085408 0.459807 0.454785
0.624948 0.202956 0.172096
0.627230 0.167428 0.205342
0.230697 0.310222 0.459081
0.193682 0.472241 0.334077
0.264981 0.380454 0.354565
0.140822 0.454056 0.405122
0.553684 0.242386 0.203930
0.521230 0.203813 0.274957
0.163550 0.443528 0.392922
0.765559 0.114520 0.119921
0.193382 0.411561 0.395057
0.124797 0.520850 0.354352
0.186164 0.503879 0.309957
0.450703 0.284686 0.264611
0.425792 0.283702 0.290506
0.471954 0.214810 0.313236
0.153471 0.403099 0.443430
0.216422 0.307017 0.476561
0.254903 0.342104 0.402992
0.412772 0.263174 0.324054
0.639887 0.210464 0.149649
0.474571 0.217910 0.307519
0.673843 0.131224 0.194933
0.682854 0.185441 0.131705
0.178339 0.340643 0.481018
0.735986 0.119493 0.144521
0.227896 0.431657 0.340448
0.102490 0.514436 0.383074
0.202366 0.428820 0.368814
0.074009 0.523197 0.402794
0.170277 0.345717 0.484006
0.770588 0.106631 0.122782
0.401660 0.302359 0.295981
0.345873 0.359799 0.294328
0.638693 0.183628 0.177679
0.143396 0.447185 0.409419
0.265501 0.388581 0.345918
0.428752 0.319585 0.251662
0.307825 0.379573 0.312602
0.677450 0.161287 0.161262
0.228611 0.363860 0.407529
0.111387 0.444960 0.443653
0.644379 0.191960 0.163661
0.608495 0.174316 0.217189
0.225037 0.306917 0.468047
0.190226 0.467950 0.341824
0.256675 0.386049 0.357276
0.136797 0.458771 0.404431
0.583092 0.225583 0.191325
0.513241 0.205423 0.281335
0.161934 0.441657 0.396409
0.769110 0.112778 0.118112
0.126200 0.446939 0.426861
0.133658 0.515594 0.350749
0.177602 0.504657 0.317741
0.434257 0.293848 0.271894
0.426135 0.286601 0.287264
0.455563 0.227625 0.316812
0.168834 0.391190 0.439976
0.224281 0.310284 0.465435
0.239173 0.350585 0.410242
0.421509 0.260384 0.318107
0.638258 0.209321 0.152421
0.527233 0.202861 0.269906
0.648020 0.130425 0.221555
0.709152 0.165810 0.125038
0.161972 0.349875 0.488153
0.745834 0.115757 0.138409
0.241509 0.423601 0.334889
0.102552 0.505122 0.392327
0.176214 0.447111 0.376675
0.069752 0.519477 0.410772
0.168444 0.345760 0.485796
0.782642 0.102228 0.115130
0.401897 0.302111 0.295992
0.376605 0.341641 0.281754
0.643784 0.182024 0.174192
0.172826 0.427218 0.399956
0.308163 0.368087 0.323751
0.421360 0.318045 0.260595
0.359548 0.352178 0.288274
0.686216 0.156701 0.157084
0.292660 0.331465 0.375875
0.091904 0.455505 0.452591
0.639894 0.194629 0.165477
0.583539 0.187712 0.228749
0.257295 0.294014 0.448692
0.190531 0.470610 0.338859
0.251912 0.388424 0.359664
0.138832 0.454338 0.406831
0.506158 0.269403 0.224439
0.499344 0.215649 0.285008
0.164166 0.445821 0.390013
0.805610 0.095167 0.099224
0.155546 0.430928 0.413526
0.133342 0.499619 0.367039
0.189027 0.501637 0.309336
0.430254 0.294832 0.274914
0.411041 0.293215 0.295744
0.463159 0.223059 0.313782
0.152944 0.401663 0.445393
0.234373 0.313035 0.452592
0.256508 0.340677 0.402816
0.438528 0.252339 0.309133
0.650860 0.205170 0.143970
0.494698 0.212090 0.293213
0.656270 0.128594 0.215136
0.699507 0.170165 0.130328
0.160646 0.354296 0.485057
0.741323 0.117483 0.141194
0.223416 0.435255 0.341329
0.096659 0.514726 0.388615
0.168476 0.449877 0.381647
0.080572 0.503454 0.415974
0.164650 0.354887 0.480463
0.778576 0.103170 0.118255
0.363497 0.321270 0.315233
0.393729 0.335509 0.270762
0.615517 0.196744 0.187739
0.255160 0.384634 0.360206
0.272221 0.386134 0.341645
0.406664 0.329543 0.263793
0.374962 0.340517 0.284521
0.699215 0.149786 0.150999
0.261658 0.344810 0.393532
0.113761 0.441675 0.444564
0.631391 0.197606 0.171004
0.586816 0.184502 0.228682
0.244043 0.304562 0.451396
0.183850 0.475666 0.340484
0.257941 0.387879 0.354180
0.136112 0.451633 0.412255
0.546317 0.246108 0.207575
0.612479 0.164490 0.223030
0.174497 0.435526 0.389977
0.776615 0.109004 0.114381
0.183764 0.417254 0.398982
0.129478 0.491096 0.379426
0.187798 0.505060 0.307141
0.448114 0.286667 0.265219
0.428492 0.284304 0.287204
0.474188 0.219783 0.306029
0.155176 0.399556 0.445268
0.210389 0.335904 0.453707
0.243057 0.348187 0.408755
0.388886 0.272990 0.338125
0.651455 0.203552 0.144993
0.486687 0.218449 0.294864
0.665332 0.126286 0.208382
0.699349 0.165907 0.134744
0.168672 0.347234 0.484094
0.735705 0.120266 0.144029
0.222130 0.434200 0.343670
0.099507 0.507235 0.393258
0.168425 0.452065 0.379510
0.078429 0.502699 0.418872
0.153528 0.359987 0.486484
0.773219 0.105182 0.121599
0.393242 0.303810 0.302948
0.380616 0.342049 0.277335
0.645226 0.180997 0.173777
0.172306 0.418514 0.409180
0.395203 0.318736 0.286061
0.402152 0.330176 0.267671
0.301134 0.379763 0.319103
0.668281 0.166035 0.165684
0.262318 0.347818 0.389864
0.118316 0.439748 0.441936
0.613401 0.207488 0.179111
0.620548 0.169832 0.209620
0.230863 0.305136 0.464001
0.191027 0.470947 0.338026
0.263867 0.382973 0.353160
0.155463 0.441297 0.403239
0.535143 0.251050 0.213807
0.526324 0.203906 0.269769
0.163340 0.442439 0.394221
0.798670 0.098365 0.102965
0.191303 0.411474 0.397223
0.143106 0.497966 0.358928
0.209277 0.478391 0.312332
0.449811 0.284079 0.266110
0.448854 0.273063 0.278083
0.453884 0.223442 0.322674
0.162891 0.393618 0.443491
0.230963 0.315169 0.453868
0.296613 0.324761 0.378625
0.395876 0.272467 0.331657
0.656420 0.202615 0.140965
0.565273 0.182203 0.252525
0.677198 0.120992 0.201811
0.693329 0.170596 0.136075
0.158049 0.356962 0.484989
0.735646 0.120307 0.144047
0.244421 0.422862 0.332717
0.096485 0.518226 0.385290
0.194062 0.436192 0.369746
0.065178 0.512200 0.422622
0.165952 0.354542 0.479506
0.770564 0.107484 0.121953
0.369938 0.317925 0.312137
0.385848 0.337861 0.276292
0.644377 0.180672 0.174951
0.166564 0.427105 0.406330
0.385122 0.327318 0.287561
0.426250 0.317101 0.256649
0.347926 0.355469 0.296605
0.648818 0.174980 0.176203
0.272847 0.341845 0.385308
0.100384 0.450207 0.449409
0.658417 0.183574 0.158009
0.593331 0.181744 0.224925
0.236705 0.306156 0.457139
0.175587 0.487240 0.337173
0.272083 0.378889 0.349028
0.139251 0.450590 0.410158
0.493416 0.273525 0.233060
0.540907 0.195407 0.263687
0.154366 0.446037 0.399598
0.816737 0.089604 0.093659
0.125015 0.444187 0.430798
0.148519 0.484140 0.367341
0.182816 0.500979 0.316205
0.436342 0.292275 0.271383
0.422733 0.286043 0.291223
0.449380 0.224576 0.326044
0.153857 0.398467 0.447676
0.238949 0.321000 0.440052
0.251670 0.343664 0.404666
0.436010 0.253191 0.310799
0.653520 0.200393 0.146088
0.494576 0.212923 0.292502
0.673303 0.119943 0.206754
0.743949 0.143172 0.112880
0.159586 0.355076 0.485338
0.740450 0.118118 0.141432
0.227414 0.430942 0.341645
0.100798 0.510521 0.388681
0.171347 0.451238 0.377415
0.063082 0.509632 0.427287
0.160112 0.354682 0.485206
0.771604 0.107815 0.120581
0.436609 0.284679 0.278711
0.393380 0.332446 0.274174
0.648728 0.179253 0.172020
0.175246 0.424055 0.400699
0.314323 0.364393 0.321284
0.421433 0.321500 0.257067
0.376977 0.341595 0.281427
0.679714 0.159568 0.160718
0.270144 0.338502 0.391354
0.094724 0.451878 0.453397
0.653159 0.185641 0.161200
0.633359 0.165338 0.201304
0.237567 0.300239 0.462195
0.181928 0.478867 0.339205
0.255096 0.388072 0.356833
0.132314 0.457264 0.410422
0.529329 0.250518 0.220153
0.525810 0.202815 0.271375
0.161905 0.444189 0.393906
0.754578 0.119950 0.125472
0.146000 0.435077 0.418923
0.131672 0.515480 0.352849
0.160706 0.504333 0.334960
0.434487 0.293111 0.272402
0.458274 0.268232 0.273494
0.450398 0.225825 0.323777
0.173000 0.388686 0.438314
0.222155 0.303962 0.473884
0.236422 0.356042 0.407535
0.430527 0.255705 0.313768
0.586464 0.243378 0.170158
0.508494 0.206445 0.285060
0.668505 0.121007 0.210488
0.687172 0.182433 0.130395
0.167408 0.355635 0.476957
0.742876 0.115754 0.141370
0.215262 0.441696 0.343043
0.090163 0.518742 0.391095
0.169431 0.453252 0.377318
0.063742 0.524062 0.412196
0.166718 0.357719 0.475563
0.771723 0.106321 0.121956
0.332564 0.336284 0.331152
0.384176 0.335544 0.280279
0.647671 0.179438 0.172891
0.159044 0.437107 0.403850
0.354111 0.344435 0.301454
0.405429 0.331495 0.263076
0.333094 0.368163 0.298743
0.709931 0.144169 0.145900
0.241730 0.353659 0.404611
0.121286 0.438752 0.439962
0.625368 0.203201 0.171430
0.616222 0.172714 0.211063
0.235833 0.305408 0.458759
0.186187 0.475152 0.338661
0.275533 0.375844 0.348623
0.139671 0.457751 0.402578
0.587043 0.221619 0.191339
0.563566 0.185956 0.250478
0.176867 0.436855 0.386278
0.793362 0.100895 0.105743
0.169423 0.420635 0.409941
0.138676 0.511386 0.349938
0.199714 0.485237 0.315049
0.449814 0.285660 0.264526
0.445721 0.274662 0.279616
0.466075 0.219547 0.314378
0.158869 0.396728 0.444403
0.224591 0.308641 0.466768
0.238579 0.352704 0.408718
0.429727 0.256535 0.313738
0.625543 0.218380 0.156076
0.500399 0.211051 0.288550
0.691510 0.115004 0.193486
0.700295 0.172059 0.127647
0.154068 0.360798 0.485134
0.737686 0.118450 0.143864
0.236550 0.425138 0.338311
0.102332 0.511022 0.386646
0.175266 0.447135 0.377599
0.065128 0.507231 0.427641
0.160982 0.367172 0.471847
0.786093 0.100599 0.113308
0.377079 0.312892 0.310029
0.394938 0.333712 0.271350
0.648956 0.179026 0.172019
0.151753 0.434494 0.413753
0.384884 0.328038 0.287078
0.423869 0.320776 0.255355
0.336524 0.361692 0.301784
0.622933 0.188466 0.188601
0.230777 0.361211 0.408011
0.127493 0.434160 0.438347
0.642737 0.191527 0.165736
0.642103 0.161058 0.196839
0.225952 0.309999 0.464049
0.173288 0.483229 0.343483
0.251908 0.388749 0.359343
0.138098 0.451873 0.410030
0.524263 0.256106 0.219631
0.530472 0.200526 0.269003
0.179783 0.435729 0.384488
0.762785 0.115811 0.121404
0.134481 0.440435 0.425084
0.122960 0.524534 0.352506
0.197702 0.490945 0.311353
0.443985 0.287994 0.268021
0.417857 0.288500 0.293643
0.474272 0.215417 0.310311
0.158287 0.394735 0.446978
0.228561 0.299909 0.471531
0.274789 0.333873 0.391339
0.417895 0.260424 0.321681
0.659845 0.202408 0.137747
0.568765 0.183080 0.248155
0.649260 0.129373 0.221367
0.696067 0.176844 0.127089
0.174173 0.348218 0.477609
0.748652 0.113921 0.137427
0.248381 0.423332 0.328287
0.097629 0.506158 0.396213
0.160595 0.460032 0.379373
0.072261 0.519158 0.408582
0.150119 0.370388 0.479493
0.772095 0.107090 0.120814
0.391136 0.307195 0.301670
0.412903 0.321042 0.266055
0.625814 0.191168 0.183017
0.154736 0.437115 0.408149
0.401866 0.317889 0.280246
0.409600 0.328646 0.261754
0.401859 0.327683 0.270458
0.707862 0.145172 0.146966
0.270384 0.342085 0.387532
0.096604 0.452929 0.450467
0.647413 0.189043 0.163544
0.622430 0.169520 0.208050
0.228817 0.305283 0.465901
0.169145 0.479954 0.350902
0.244820 0.391523 0.363657
0.135584 0.457578 0.406838
0.499029 0.268411 0.232560
0.529693 0.199854 0.270453
0.177909 0.431370 0.390721
0.818454 0.088989 0.092557
0.177259 0.419958 0.402783
0.128250 0.519888 0.351862
0.200544 0.477963 0.321492
0.444480 0.287079 0.268441
0.400956 0.294899 0.304144
0.480612 0.214624 0.304764
0.185962 0.383416 0.430622
0.241004 0.301135 0.457860
0.242133 0.352126 0.405740
0.429844 0.255929 0.314227
0.655865 0.201402 0.142732
0.504044 0.210060 0.285896
0.685977 0.117810 0.196213
0.681073 0.183720 0.135207
0.163128 0.358183 0.478690
0.737902 0.118410 0.143688
0.239336 0.427307 0.333357
0.089112 0.516582 0.394306
0.169239 0.450802 0.379959
0.074505 0.508213 0.417282
0.124209 0.376348 0.499443
0.777442 0.104130 0.118428
0.398098 0.302887 0.299015
0.344011 0.364913 0.291077
0.637035 0.184989 0.177976
0.264129 0.380793 0.355079
0.357099 0.341505 0.301396
0.416538 0.325823 0.257639
0.318141 0.375400 0.306459
0.690516 0.154423 0.155061
0.245033 0.353906 0.401061
0.107581 0.444509 0.447909
0.644873 0.191940 0.163187
0.633685 0.163811 0.202504
0.233030 0.305993 0.460977
0.184651 0.476817 0.338532
0.257423 0.384815 0.357762
0.132438 0.458448 0.409113
0.514380 0.261623 0.223998
0.516991 0.206687 0.276322
0.169082 0.436698 0.394220
0.800778 0.097571 0.101652
0.166897 0.423863 0.409240
0.141279 0.507212 0.351509
0.179729 0.500762 0.319509
0.440465 0.290021 0.269514
0.430300 0.281667 0.288033
0.462337 0.225836 0.311827
0.167426 0.392717 0.439857
0.238936 0.305602 0.455462
0.188832 0.370258 0.440910
0.436310 0.253037 0.310653
0.652222 0.203486 0.144292
0.480951 0.223085 0.295965
0.660961 0.126097 0.212942
0.690996 0.178451 0.130552
0.179151 0.343501 0.477349
0.744901 0.115890 0.139209
0.223381 0.436940 0.339679
0.104596 0.504867 0.390538
0.158157 0.459195 0.382648
0.061636 0.519667 0.418697
0.161872 0.356046 0.482083
0.778802 0.103682 0.117516
0.405325 0.300598 0.294077
0.402443 0.329392 0.268165
0.648107 0.179773 0.172119
0.162818 0.434654 0.402527
0.301237 0.372506 0.326256
0.432340 0.317153 0.250506
0.306033 0.380376 0.313591
0.671807 0.164401 0.163792
0.248208 0.350112 0.401680
0.101309 0.448936 0.449755
0.628400 0.198793 0.172807
0.644046 0.160212 0.195742
0.235530 0.306868 0.457602
0.186383 0.469990 0.343627
0.247163 0.391807 0.361030
0.147599 0.451178 0.401223
0.537715 0.246072 0.216213
0.523062 0.203466 0.273473
0.165672 0.439388 0.394940
0.774227 0.110554 0.115219
0.123485 0.449791 0.426724
0.119669 0.524463 0.355868
0.193255 0.480969 0.325775
0.437432 0.291806 0.270762
0.415036 0.290209 0.294754
0.477388 0.216457 0.306155
0.162251 0.394608 0.443141
0.220527 0.306352 0.473121
0.236639 0.350057 0.413304
0.396937 0.269317 0.333747
0.637797 0.212141 0.150062
0.506988 0.208942 0.284071
0.631096 0.138647 0.230257
0.675845 0.188276 0.135879
0.182253 0.344921 0.472826
0.738695 0.117699 0.143606
0.225231 0.436417 0.338352
0.107974 0.506477 0.385549
0.161827 0.455362 0.382812
0.062995 0.531297 0.405708
0.146984 0.360044 0.492972
0.769579 0.108362 0.122059
0.360663 0.323464 0.315873
0.384142 0.339925 0.275934
0.636572 0.184548 0.178880
0.166199 0.432192 0.401609
0.359673 0.342574 0.297754
0.424076 0.321017 0.254907
0.293252 0.389982 0.316767
0.690269 0.154433 0.155299
0.245354 0.353443 0.401203
0.118850 0.441563 0.439587
0.651438 0.189548 0.159015
0.588094 0.184354 0.227552
0.244867 0.297007 0.458126
0.184442 0.471476 0.344082
0.246641 0.391800 0.361558
0.141305 0.453079 0.405615
0.529320 0.255662 0.215017
0.504949 0.211836 0.283214
0.164939 0.441391 0.393671
0.779151 0.108141 0.112708
0.156407 0.433432 0.410162
0.135316 0.501729 0.362954
0.184975 0.501852 0.313172
0.453253 0.283509 0.263238
0.425723 0.284078 0.290198
0.459281 0.226618 0.314101
0.158121 0.397642 0.444236
0.221077 0.321640 0.457283
0.288638 0.323605 0.387756
0.432062 0.253218 0.314720
0.651114 0.204543 0.144344
0.472550 0.226415 0.301035
0.693192 0.114764 0.192045
0.722848 0.153515 0.123637
0.182026 0.343245 0.474730
0.740144 0.117502 0.142354
0.245055 0.424498 0.330447
0.106192 0.497985 0.395823
0.169631 0.454246 0.376123
0.062694 0.519658 0.417648
0.162453 0.354564 0.482983
0.764052 0.110498 0.125450
0.450584 0.277898 0.271518
0.366678 0.347940 0.285382
0.637458 0.185928 0.176614
0.150328 0.432347 0.417325
0.392872 0.320939 0.286189
0.420336 0.323958 0.255706
0.311356 0.379610 0.309033
0.674113 0.162555 0.163332
0.295970 0.329420 0.374610
0.100700 0.449660 0.449640
0.664465 0.180762 0.154774
0.626782 0.165961 0.207256
0.242455 0.302218 0.455328
0.180575 0.476894 0.342531
0.256906 0.386950 0.356144
0.137340 0.450634 0.412026
0.553826 0.240370 0.205804
0.568254 0.184460 0.247287
0.160309 0.443097 0.396594
0.786432 0.104445 0.109123
0.187780 0.414720 0.397501
0.136791 0.503470 0.359739
0.203144 0.488097 0.308758
0.437410 0.292080 0.270510
0.425756 0.284699 0.289545
0.462792 0.219112 0.318096
0.162736 0.396230 0.441034
0.236660 0.311213 0.452127
0.260117 0.340707 0.399176
0.413120 0.262778 0.324102
0.654575 0.201035 0.144390
0.580589 0.176607 0.242804
0.697883 0.111805 0.190312
0.711644 0.162398 0.125959
0.165599 0.351577 0.482824
0.738713 0.118990 0.142297
0.222868 0.434739 0.342392
0.105778 0.507338 0.386884
0.165473 0.455040 0.379487
0.077384 0.518151 0.404466
0.161469 0.359776 0.478756
0.769614 0.108641 0.121745
0.341042 0.333792 0.325166
0.349454 0.359912 0.290634
0.644702 0.181949 0.173349
0.157382 0.435580 0.407038
0.342023 0.349318 0.308659
0.410503 0.327846 0.261650
0.345772 0.360828 0.293400
0.684307 0.157685 0.158007
0.226001 0.360965 0.413034
0.096875 0.451684 0.451440
0.611824 0.210969 0.177206
0.602625 0.177430 0.219945
0.250550 0.297301 0.452149
0.179826 0.479854 0.340320
0.283815 0.372610 0.343575
0.129644 0.457719 0.412636
0.525684 0.258277 0.216038
0.629619 0.158303 0.212078
0.157077 0.446852 0.396071
0.780320 0.107197 0.112483
0.187745 0.414340 0.397915
0.146682 0.488582 0.364736
0.197610 0.498320 0.304071
0.432733 0.294625 0.272642
0.454150 0.270611 0.275239
0.476975 0.215952 0.307073
0.163093 0.393652 0.443255
0.228145 0.321059 0.450796
0.255779 0.340207 0.404014
0.421021 0.259217 0.319762
0.651921 0.204775 0.143304
0.484483 0.217559 0.297958
0.674936 0.117563 0.207501
0.717412 0.158168 0.124420
0.174735 0.341948 0.483317
0.731332 0.121362 0.147306
0.229510 0.431161 0.339329
0.107333 0.502331 0.390336
0.167602 0.455533 0.376865
0.085142 0.506569 0.408289
0.161628 0.350825 0.487548
0.774589 0.106003 0.119409
0.408989 0.299260 0.291751
0.381800 0.338054 0.280146
0.661189 0.173797 0.165014
0.155683 0.437915 0.406402
0.360938 0.340502 0.298560
0.411541 0.326597 0.261863
0.350460 0.358606 0.290934
0.679580 0.159689 0.160731
0.303069 0.324238 0.372694
0.118467 0.440783 0.440750
0.656115 0.184751 0.159134
0.640611 0.160913 0.198476
0.238964 0.297626 0.463410
0.187540 0.474194 0.338266
0.276460 0.376628 0.346912
0.140875 0.452180 0.406945
0.503414 0.268502 0.228084
0.523306 0.205009 0.271684
0.161219 0.442808 0.395974
0.791756 0.101966 0.106278
0.124181 0.446259 0.429560
0.133596 0.504885 0.361520
0.184975 0.495228 0.319797
0.433605 0.293613 0.272782
0.421874 0.286076 0.292049
0.467612 0.219775 0.312613
0.168151 0.392216 0.439633
0.230114 0.306931 0.462955
0.255365 0.343381 0.401255
0.430020 0.255094 0.314886
0.653335 0.202472 0.144192
0.541276 0.194896 0.263828
0.660831 0.124829 0.214340
0.696571 0.175697 0.127732
0.171684 0.349516 0.478800
0.743989 0.115673 0.140338
0.215126 0.438862 0.346012
0.104645 0.509000 0.386355
0.170132 0.453967 0.375901
0.087640 0.515354 0.397006
0.162079 0.353433 0.484488
0.765763 0.109754 0.124483
0.447664 0.278456 0.273880
0.371266 0.342338 0.286397
0.651716 0.178244 0.170039
0.157397 0.440549 0.402055
0.380950 0.330162 0.288887
0.429597 0.318746 0.251657
0.396314 0.329839 0.273847
0.677576 0.161530 0.160895
0.255473 0.346248 0.398278
0.140890 0.430930 0.428180
0.640300 0.192663 0.167037
0.625643 0.166882 0.207475
0.218834 0.309828 0.471338
0.173026 0.479895 0.347079
0.270709 0.380316 0.348975
0.140395 0.456160 0.403445
0.532465 0.254082 0.213453
0.570210 0.184072 0.245718
0.170987 0.438005 0.391008
0.754520 0.119901 0.125579
0.139334 0.437827 0.422838
0.124217 0.523005 0.352777
0.204721 0.486278 0.309000
0.438576 0.291172 0.270252
0.430303 0.281675 0.288022
0.474378 0.219203 0.306420
0.153386 0.398143 0.448471
0.230819 0.299937 0.469244
0.262456 0.340238 0.397306
0.417235 0.260167 0.322598
0.612698 0.228100 0.159201
0.504493 0.209342 0.286165
0.689400 0.114082 0.196518
0.686905 0.179789 0.133306
0.170788 0.349706 0.479507
0.756747 0.110034 0.133220
0.196264 0.452335 0.351401
0.095924 0.516089 0.387986
0.171626 0.454441 0.373933
0.058137 0.528941 0.412922
0.159238 0.359411 0.481350
0.776197 0.105353 0.118449
0.329399 0.338806 0.331795
0.381573 0.340088 0.278338
0.635153 0.185524 0.179323
0.186385 0.420908 0.392707
0.360757 0.338060 0.301183
0.433551 0.313759 0.252690
0.302796 0.382398 0.314806
0.685339 0.158145 0.156516
0.208835 0.368900 0.422265
0.123687 0.440531 0.435781
0.614090 0.203202 0.182707
0.475694 0.235760 0.288546
0.225139 0.303729 0.471133
0.170343 0.484906 0.344751
0.292287 0.370025 0.337688
0.130643 0.461497 0.407860
0.524236 0.252899 0.222865
0.528252 0.204724 0.267024
0.164292 0.438458 0.397250
0.804582 0.095808 0.099610
0.147575 0.432888 0.419537
0.125485 0.516383 0.358132
0.199025 0.474141 0.326835
0.450369 0.284359 0.265271
0.424374 0.283582 0.292044
0.467546 0.219405 0.313049
0.158827 0.395870 0.445303
0.225456 0.304567 0.469977
0.232840 0.363371 0.403789
0.414993 0.262814 0.322193
0.644965 0.207218 0.147818
0.558587 0.186743 0.254670
0.680891 0.116612 0.202497
0.652017 0.200178 0.147805
0.168152 0.365452 0.466396
0.735057 0.119100 0.145843
0.234075 0.432867 0.333058
0.106613 0.504000 0.389388
0.180623 0.447166 0.372211
0.075037 0.522620 0.402343
0.166713 0.370194 0.463093
0.734487 0.124356 0.141157
0.408973 0.297793 0.293234
0.377721 0.339077 0.283202
0.634251 0.186928 0.178822
0.232386 0.399914 0.367700
0.313082 0.366894 0.320025
0.410555 0.328251 0.261194
0.340927 0.362907 0.296166
0.684522 0.157576 0.157902
0.254113 0.347668 0.398218
