0.476731 0.254329 0.268940
0.093773 0.860715 0.045512
0.916050 0.044034 0.039915
0.662469 0.157864 0.179667
0.080164 0.834416 0.085420
0.337520 0.375626 0.286854
0.551212 0.134305 0.314482
0.188743 0.432167 0.379090
0.282465 0.331405 0.386130
0.246623 0.585387 0.167989
0.262179 0.495359 0.242462
0.675671 0.082959 0.241370
0.106907 0.873253 0.019840
0.291849 0.647054 0.061097
0.368743 0.488408 0.142848
0.540986 0.178591 0.280422
0.050283 0.917055 0.032662
0.780841 0.081784 0.137375
0.184029 0.526373 0.289598
0.463006 0.027874 0.509120
0.555209 0.176833 0.267957
0.421885 0.408173 0.169942
0.575095 0.105107 0.319798
0.399793 0.182761 0.417446
0.036321 0.932305 0.031374
0.368091 0.219232 0.412676
0.317632 0.266753 0.415616
0.272102 0.685297 0.042601
0.484191 0.275135 0.240674
0.307270 0.414704 0.278026
0.333408 0.496197 0.170395
0.532572 0.345398 0.122029
0.719951 0.055890 0.224159
0.391766 0.208714 0.399519
0.052532 0.886937 0.060531
0.685566 0.027404 0.287031
0.099992 0.761721 0.138286
0.907502 0.057385 0.035114
0.609232 0.205612 0.185156
0.483267 0.366703 0.150029
0.368466 0.503686 0.127848
0.618036 0.150292 0.231672
0.346135 0.317803 0.336061
0.041609 0.911396 0.046995
0.883117 0.062145 0.054738
0.506044 0.224060 0.269895
0.083285 0.831959 0.084756
0.497841 0.288651 0.213508
0.532039 0.140043 0.327918
0.280264 0.383413 0.336323
0.229425 0.354177 0.416397
0.259628 0.583713 0.156659
0.338135 0.426831 0.235034
0.746119 0.063650 0.190231
0.079689 0.899866 0.020445
0.277901 0.659799 0.062301
0.355530 0.499153 0.145317
0.484791 0.200374 0.314835
0.187976 0.782117 0.029908
0.670088 0.123114 0.206798
0.242763 0.488484 0.268753
0.546651 0.023532 0.429817
0.675412 0.137777 0.186811
0.407987 0.417995 0.174018
0.430529 0.139996 0.429475
0.411200 0.179203 0.409597
0.088263 0.882054 0.029683
0.420614 0.201010 0.378376
0.216412 0.305416 0.478172
0.386673 0.577500 0.035827
0.339060 0.354011 0.306929
0.314346 0.413451 0.272202
0.225648 0.576412 0.197941
0.566671 0.320202 0.113127
0.723093 0.052701 0.224206
0.380627 0.214025 0.405348
0.081932 0.840179 0.077889
0.761003 0.021013 0.217984
0.137511 0.729967 0.132522
0.864199 0.084249 0.051552
0.556783 0.225100 0.218117
0.491614 0.358854 0.149532
0.287665 0.584417 0.127918
0.647968 0.138617 0.213415
0.418063 0.282844 0.299093
0.058033 0.895778 0.046190
0.853429 0.078091 0.068480
0.662362 0.152704 0.184934
0.058939 0.855047 0.086014
0.502251 0.285188 0.212561
0.679843 0.095811 0.224346
0.213413 0.419025 0.367562
0.278604 0.331586 0.389810
0.297891 0.553075 0.149034
0.252637 0.504900 0.242464
0.760598 0.060149 0.179254
0.109706 0.870516 0.019778
0.235084 0.698921 0.065995
0.320046 0.528029 0.151926
0.462443 0.228936 0.308622
0.096547 0.874426 0.029027
0.651618 0.125913 0.222469
0.404219 0.384331 0.211450
0.539771 0.023889 0.436339
0.697467 0.129398 0.173135
0.501983 0.349654 0.148363
0.420759 0.142264 0.436977
0.418087 0.177905 0.404008
0.069234 0.900464 0.030302
0.447225 0.191778 0.360997
0.190404 0.318150 0.491446
0.303059 0.654568 0.042373
0.333623 0.368631 0.297746
0.321626 0.403120 0.275254
0.248554 0.559348 0.192097
0.398450 0.444506 0.157044
0.726297 0.053145 0.220558
0.333244 0.238591 0.428165
0.082386 0.844563 0.073051
0.595694 0.035793 0.368513
0.079390 0.779158 0.141452
0.898019 0.063268 0.038714
0.551430 0.229931 0.218638
0.515737 0.333863 0.150400
0.301509 0.562115 0.136375
0.657117 0.136593 0.206290
0.422606 0.280636 0.296758
0.077937 0.876850 0.045214
0.896000 0.064550 0.039450
0.667539 0.148588 0.183873
0.089003 0.827379 0.083619
0.533394 0.268089 0.198517
0.706455 0.087848 0.205698
0.171008 0.441615 0.387377
0.364827 0.298871 0.336302
0.235164 0.601572 0.163264
0.271007 0.492645 0.236348
0.650023 0.087655 0.262322
0.080877 0.898704 0.020418
0.222890 0.710063 0.067047
0.335486 0.513882 0.150633
0.399218 0.234475 0.366307
0.175082 0.797554 0.027364
0.665329 0.124890 0.209781
0.341635 0.423330 0.235035
0.684733 0.016365 0.298902
0.590531 0.170560 0.238909
0.388022 0.419952 0.192026
0.569910 0.105315 0.324775
0.404485 0.181333 0.414182
0.065291 0.904223 0.030485
0.395497 0.209724 0.394779
0.192540 0.325817 0.481643
0.284530 0.671910 0.043560
0.477344 0.280412 0.242244
0.191751 0.483859 0.324390
0.292288 0.526748 0.180964
0.524923 0.351051 0.124026
0.721597 0.053042 0.225361
0.299423 0.251906 0.448671
0.055985 0.862040 0.081975
0.772446 0.019832 0.207722
0.135920 0.731388 0.132691
0.847496 0.094611 0.057893
0.682686 0.161205 0.156109
0.507952 0.339709 0.152340
0.291756 0.583856 0.124389
0.654629 0.136368 0.209003
0.356341 0.312833 0.330826
0.092691 0.862818 0.044490
0.822255 0.094772 0.082973
0.572172 0.193894 0.233934
0.055429 0.856933 0.087638
0.342300 0.377882 0.279818
0.527815 0.141703 0.330482
0.192772 0.430021 0.377207
0.280362 0.330766 0.388872
0.268725 0.576608 0.154667
0.262017 0.489538 0.248445
0.639183 0.090370 0.270447
0.078448 0.901650 0.019902
0.225060 0.708080 0.066860
0.300901 0.541464 0.157634
0.469461 0.206420 0.324119
0.164717 0.807536 0.027747
0.734299 0.099152 0.166548
0.235645 0.488219 0.276136
0.573889 0.022118 0.403993
0.715040 0.121081 0.163879
0.500423 0.352722 0.146855
0.537528 0.115135 0.347336
0.411979 0.179051 0.408970
0.084865 0.885701 0.029434
0.456604 0.188524 0.354872
0.229224 0.300563 0.470213
0.292734 0.665873 0.041394
0.456398 0.289445 0.254157
0.221444 0.466084 0.312473
0.229761 0.573297 0.196942
0.423752 0.425810 0.150438
0.734775 0.050535 0.214690
0.384865 0.211083 0.404053
0.099423 0.822855 0.077722
0.691837 0.026857 0.281306
0.142101 0.715709 0.142190
0.886706 0.070286 0.043008
0.647939 0.178837 0.173223
0.467960 0.377182 0.154858
0.339827 0.544996 0.115177
0.669568 0.130470 0.199962
0.473822 0.257957 0.268221
0.057866 0.895937 0.046198
0.844882 0.082696 0.072422
0.655976 0.156125 0.187899
0.056445 0.856054 0.087501
0.372059 0.360784 0.267157
0.691351 0.091524 0.217125
0.200487 0.425911 0.373602
0.248737 0.343155 0.408108
0.233805 0.604142 0.162053
0.345761 0.442193 0.212046
0.759693 0.060187 0.180120
0.095462 0.884608 0.019930
0.281233 0.656753 0.062013
0.297913 0.542152 0.159935
0.515091 0.188667 0.296243
0.103702 0.866575 0.029723
0.692693 0.114679 0.192628
0.355019 0.410884 0.234097
0.563268 0.022670 0.414062
0.707884 0.123344 0.168772
0.405331 0.419860 0.174808
0.424598 0.141526 0.433876
0.385772 0.187031 0.427197
0.032362 0.936135 0.031503
0.363688 0.220760 0.415552
0.350947 0.253993 0.395060
0.263924 0.692997 0.043080
0.336498 0.354892 0.308609
0.191049 0.484279 0.324672
0.323065 0.503896 0.173039
0.572232 0.316093 0.111675
0.713104 0.054915 0.231981
0.323266 0.232223 0.444511
0.062931 0.855858 0.081211
0.775188 0.019593 0.205219
0.076480 0.781621 0.141899
0.859448 0.087196 0.053356
0.645065 0.184915 0.170020
0.479211 0.369206 0.151583
0.242768 0.625121 0.132111
0.601907 0.157185 0.240908
0.442618 0.270909 0.286473
0.085105 0.870033 0.044862
0.881254 0.066282 0.052464
0.528197 0.214113 0.257690
0.083654 0.831935 0.084411
0.506250 0.283693 0.210057
0.690546 0.092608 0.216846
0.193033 0.429882 0.377085
0.282484 0.334627 0.382889
0.253154 0.588885 0.157961
0.352324 0.437670 0.210006
0.635649 0.091256 0.273096
0.145946 0.835081 0.018973
0.220827 0.711948 0.067225
0.303878 0.536473 0.159649
0.525196 0.184735 0.290069
0.171216 0.801284 0.027500
0.749138 0.093615 0.157247
0.228245 0.497849 0.273905
0.584717 0.021556 0.393727
0.715033 0.118188 0.166779
0.430321 0.400931 0.168749
0.424891 0.141403 0.433706
0.415495 0.177980 0.406525
0.076980 0.892970 0.030050
0.458242 0.187956 0.353802
0.189629 0.316165 0.494205
0.270810 0.686558 0.042631
0.335383 0.355545 0.309072
0.224550 0.464224 0.311226
0.310716 0.513089 0.176195
0.558022 0.326593 0.115385
0.698372 0.057463 0.244165
0.319135 0.233610 0.447255
0.069098 0.850914 0.079988
0.769099 0.020102 0.210800
0.137965 0.729583 0.132452
0.737945 0.162575 0.099480
0.559068 0.224007 0.216925
0.523921 0.337497 0.138581
0.344636 0.539258 0.116106
0.680159 0.126226 0.193615
0.319691 0.330657 0.349653
0.098078 0.857696 0.044226
0.836845 0.086993 0.076162
0.630312 0.167773 0.201915
0.058526 0.855285 0.086189
0.439501 0.322122 0.238377
0.729531 0.080941 0.189527
0.260352 0.394020 0.345628
0.291778 0.325519 0.382702
0.253063 0.588941 0.157996
0.255443 0.503031 0.241527
0.734391 0.066575 0.199034
0.080743 0.898835 0.020421
0.217814 0.714699 0.067487
0.365867 0.491147 0.142986
0.498780 0.194815 0.306405
0.118775 0.852022 0.029203
0.761283 0.089049 0.149669
0.226900 0.498717 0.274383
0.562015 0.022735 0.415251
0.820244 0.076300 0.103455
0.328181 0.471545 0.200274
0.467746 0.133216 0.399038
0.513019 0.148246 0.338735
0.030893 0.937557 0.031550
0.421647 0.200652 0.377701
0.213018 0.307040 0.479942
0.334285 0.626558 0.039158
0.469727 0.280376 0.249896
0.222550 0.463144 0.314306
0.294003 0.525530 0.180468
0.591477 0.301871 0.106652
0.724332 0.052517 0.223151
0.370896 0.216514 0.412590
0.066069 0.854779 0.079152
0.757754 0.021111 0.221135
0.138321 0.729282 0.132397
0.903105 0.060112 0.036783
0.579609 0.213571 0.206820
0.479996 0.355680 0.164323
0.341357 0.539982 0.118661
0.601631 0.158017 0.240352
0.457569 0.263642 0.278788
0.097339 0.858104 0.044557
0.837131 0.086840 0.076029
0.651891 0.167231 0.180878
0.084925 0.831023 0.084053
0.463880 0.306103 0.230018
0.539696 0.137752 0.322553
0.226341 0.412443 0.361216
0.343266 0.301854 0.354880
0.252974 0.581727 0.165299
0.345498 0.442371 0.212132
0.642677 0.081939 0.275383
0.106401 0.873747 0.019851
0.225370 0.707790 0.066840
0.368111 0.489409 0.142480
0.389164 0.247547 0.363289
0.168632 0.803802 0.027566
0.713629 0.101761 0.184611
0.372474 0.404809 0.222717
0.558124 0.022952 0.418924
0.712393 0.122080 0.165527
0.378658 0.435280 0.186062
0.421198 0.142363 0.436439
0.409716 0.179134 0.411151
0.083376 0.886782 0.029842
0.465105 0.185617 0.349278
0.227795 0.301275 0.470930
0.294745 0.663833 0.041422
0.497382 0.268839 0.233779
0.334512 0.394952 0.270536
0.251194 0.557396 0.191410
0.744277 0.188384 0.067340
0.722319 0.052901 0.224780
0.391683 0.223753 0.384564
0.066875 0.852256 0.080869
0.760659 0.021812 0.217529
0.120213 0.744608 0.135180
0.903418 0.059785 0.036797
0.646824 0.179424 0.173752
0.486051 0.351600 0.162348
0.335373 0.548673 0.115954
0.677934 0.128273 0.193792
0.479716 0.252878 0.267406
0.061324 0.891882 0.046794
0.916500 0.044521 0.038978
0.663291 0.158669 0.178040
0.058053 0.854595 0.087352
0.538539 0.259254 0.202207
0.668034 0.099355 0.232612
0.179653 0.434256 0.386091
0.252643 0.343507 0.403850
0.228157 0.602736 0.169107
0.349271 0.439820 0.210908
0.645424 0.090567 0.264009
0.075106 0.904347 0.020546
0.217451 0.715313 0.067236
0.347772 0.505162 0.147066
0.492007 0.203448 0.304545
0.155913 0.816099 0.027988
0.668718 0.122501 0.208781
0.182427 0.527405 0.290168
0.681172 0.016342 0.302486
0.609131 0.165911 0.224958
0.429216 0.402955 0.167829
0.439742 0.137802 0.422456
0.374272 0.242914 0.382814
0.033161 0.935359 0.031480
0.380888 0.218557 0.400555
0.228077 0.301165 0.470758
0.341367 0.620106 0.038528
0.469378 0.283817 0.246804
0.298877 0.432202 0.268920
0.324180 0.503066 0.172754
0.367659 0.462314 0.170028
0.678533 0.061242 0.260224
0.317829 0.234119 0.448052
0.060043 0.858496 0.081461
0.779897 0.020422 0.199681
0.099362 0.762766 0.137872
0.776825 0.137827 0.085348
0.559734 0.223668 0.216598
0.480047 0.368408 0.151545
0.359560 0.528696 0.111744
0.637658 0.151201 0.211141
0.477815 0.253968 0.268217
0.053333 0.899124 0.047543
0.848038 0.081025 0.070937
0.616136 0.174662 0.209201
0.117022 0.801095 0.081883
0.686641 0.174024 0.139335
0.733756 0.079729 0.186515
0.234648 0.407713 0.357639
0.329903 0.307996 0.362101
0.250364 0.586082 0.163554
0.326686 0.455084 0.218229
0.751301 0.062289 0.186410
0.079686 0.899933 0.020381
0.268617 0.668281 0.063102
0.353102 0.501034 0.145864
0.379053 0.242175 0.378772
0.173462 0.799132 0.027406
0.718293 0.105126 0.176582
0.377799 0.401145 0.221057
0.561839 0.022744 0.415417
0.721266 0.118313 0.160421
0.355848 0.455179 0.188973
0.550691 0.110512 0.338796
0.478643 0.158752 0.362605
0.039197 0.928949 0.031855
0.434749 0.196106 0.369144
0.237606 0.297447 0.464947
0.304711 0.653679 0.041610
0.478329 0.279800 0.241870
0.283483 0.428944 0.287573
0.260136 0.549379 0.190485
0.403014 0.441133 0.155852
0.727262 0.051959 0.220779
0.297419 0.254969 0.447612
0.061225 0.857454 0.081321
0.765075 0.020474 0.214450
0.137797 0.729566 0.132636
0.900515 0.061719 0.037766
0.566967 0.219994 0.213040
0.516443 0.332742 0.150815
0.349703 0.536792 0.113505
0.620240 0.149946 0.229814
0.436228 0.275396 0.288376
0.087216 0.868025 0.044759
0.845463 0.082398 0.072139
0.624318 0.176415 0.199267
0.096164 0.820063 0.083773
0.480680 0.298376 0.220944
0.827487 0.051822 0.120691
0.297673 0.374139 0.328188
0.282245 0.329901 0.387854
0.275654 0.560109 0.164237
0.329411 0.453187 0.217402
0.638519 0.090537 0.270944
0.121810 0.855670 0.022521
0.220716 0.712050 0.067235
0.333243 0.516415 0.150342
0.387791 0.239390 0.372819
0.103344 0.866662 0.029994
0.707618 0.109109 0.183273
0.221935 0.497457 0.280608
0.641676 0.018600 0.339725
0.720951 0.118447 0.160602
0.350526 0.459722 0.189751
0.501533 0.122335 0.376132
0.389410 0.185923 0.424667
0.035233 0.934760 0.030008
0.441491 0.193767 0.364741
0.192164 0.315176 0.492660
0.276968 0.680566 0.042466
0.364784 0.340415 0.294801
0.205409 0.477334 0.317257
0.301923 0.508072 0.190006
0.545093 0.336146 0.118761
0.669033 0.063052 0.267915
0.327194 0.247470 0.425336
0.066892 0.852457 0.080651
0.658880 0.029745 0.311375
0.133004 0.723177 0.143819
0.857121 0.088640 0.054239
0.695740 0.154573 0.149687
0.541126 0.313925 0.144948
0.299127 0.578271 0.122602
0.561241 0.173214 0.265544
0.473778 0.279314 0.246908
0.057484 0.896299 0.046217
0.861077 0.074073 0.064851
0.559071 0.207781 0.233148
0.105739 0.804965 0.089296
0.461126 0.309675 0.229199
0.710428 0.091108 0.198464
0.314476 0.365196 0.320328
0.255847 0.342020 0.402132
0.258323 0.579953 0.161724
0.348992 0.434976 0.216032
0.752351 0.062081 0.185568
0.101241 0.877126 0.021633
0.222454 0.709897 0.067649
0.438051 0.435240 0.126710
0.418367 0.233109 0.348524
0.166126 0.806060 0.027813
0.637033 0.135356 0.227610
0.468956 0.340779 0.190265
0.569282 0.022362 0.408356
0.763021 0.100590 0.136389
0.355901 0.454760 0.189339
0.549540 0.112076 0.338383
0.399438 0.180332 0.420230
0.041754 0.927865 0.030381
0.397607 0.208983 0.393410
0.244322 0.294827 0.460852
0.386768 0.577342 0.035890
0.396542 0.322576 0.280882
0.199263 0.479997 0.320740
0.364677 0.472921 0.162402
0.478632 0.385185 0.136183
0.649212 0.066828 0.283960
0.320330 0.233228 0.446442
0.095421 0.826225 0.078355
0.785610 0.018703 0.195687
0.079363 0.779181 0.141456
0.877403 0.075833 0.046765
0.685208 0.159215 0.155578
0.463203 0.380554 0.156242
0.328605 0.554220 0.117175
0.598888 0.158773 0.242339
0.464588 0.260231 0.275181
0.057056 0.896731 0.046214
0.916293 0.044604 0.039103
0.654472 0.156807 0.188720
0.079145 0.835494 0.085361
0.365184 0.353786 0.281030
0.702256 0.089104 0.208640
0.270122 0.386530 0.343348
0.247074 0.345981 0.406945
0.206868 0.625382 0.167750
0.340196 0.444929 0.214875
0.767022 0.058340 0.174638
0.097454 0.882496 0.020050
0.215669 0.715403 0.068928
0.324942 0.522844 0.152214
0.505530 0.192387 0.302083
0.105030 0.864946 0.030024
0.713651 0.102472 0.183877
0.246955 0.485746 0.267299
0.531396 0.024622 0.443982
0.708417 0.123796 0.167787
0.540339 0.324539 0.135121
0.427906 0.143123 0.428970
0.485551 0.155490 0.358958
0.068445 0.901227 0.030328
0.398937 0.207913 0.393151
0.189593 0.313476 0.496931
0.385582 0.578458 0.035960
0.339229 0.352878 0.307893
0.268538 0.438741 0.292721
0.219474 0.581007 0.199519
0.575732 0.308547 0.115722
0.719542 0.054347 0.226111
0.354588 0.221472 0.423940
0.084423 0.836295 0.079281
0.789748 0.018324 0.191928
0.084641 0.774726 0.140632
0.883228 0.071759 0.045013
0.551488 0.227358 0.221154
0.476390 0.371206 0.152404
0.300754 0.575737 0.123509
0.658132 0.134985 0.206883
0.219069 0.379563 0.401367
0.048224 0.904536 0.047240
0.818260 0.097195 0.084545
0.628277 0.168695 0.203028
0.085025 0.827772 0.087203
0.629471 0.212888 0.157641
0.823934 0.052829 0.123237
0.282122 0.374144 0.343734
0.341514 0.303484 0.355002
0.318830 0.537100 0.144070
0.336668 0.444369 0.218963
0.749132 0.062833 0.188036
0.093283 0.886570 0.020147
0.283944 0.646161 0.069895
0.355321 0.501669 0.143010
0.545847 0.176700 0.277453
0.109927 0.860259 0.029814
0.671881 0.122445 0.205674
0.342142 0.424186 0.233672
0.529311 0.025697 0.444992
0.717976 0.115308 0.166716
0.409308 0.417053 0.173639
0.427903 0.144969 0.427129
0.488157 0.155855 0.355988
0.035582 0.932999 0.031418
0.405731 0.210056 0.384213
0.189929 0.318407 0.491664
0.272406 0.685010 0.042583
0.328380 0.360226 0.311394
0.211394 0.473739 0.314867
0.218920 0.581310 0.199771
0.430656 0.416341 0.153003
0.728313 0.054045 0.217643
0.401715 0.205300 0.392984
0.067872 0.851383 0.080745
0.766014 0.020403 0.213583
0.137485 0.730333 0.132182
0.898501 0.061667 0.039832
0.570863 0.221030 0.208107
0.463966 0.380014 0.156020
0.347883 0.538294 0.113823
0.645886 0.139798 0.214316
0.390711 0.295494 0.313795
0.101266 0.854664 0.044070
0.914495 0.045584 0.039921
0.549816 0.204300 0.245884
0.090118 0.825549 0.084334
0.427485 0.329007 0.243508
0.504382 0.148145 0.347473
0.212419 0.419555 0.368026
0.232284 0.350650 0.417066
0.270610 0.575121 0.154269
0.248515 0.507857 0.243628
0.752930 0.061936 0.185134
0.079784 0.899792 0.020424
0.367987 0.577485 0.054528
0.349569 0.502263 0.148168
0.432668 0.220735 0.346597
0.103800 0.866221 0.029979
0.677184 0.120384 0.202432
0.422937 0.368422 0.208641
0.667301 0.017269 0.315429
0.726332 0.115554 0.158114
0.372116 0.443311 0.184572
0.552228 0.109893 0.337878
0.402299 0.179473 0.418228
0.082907 0.887140 0.029954
0.458896 0.187729 0.353375
0.189955 0.316993 0.493052
0.419812 0.546232 0.033956
0.483488 0.276801 0.239711
0.317206 0.409297 0.273497
0.310864 0.509534 0.179603
0.408312 0.437218 0.154469
0.715202 0.054513 0.230285
0.305921 0.237883 0.456197
0.059834 0.858895 0.081270
0.742637 0.022454 0.234910
0.089928 0.764879 0.145193
0.865766 0.083277 0.050957
0.544086 0.236575 0.219338
0.467918 0.377314 0.154768
0.252238 0.616958 0.130804
0.654705 0.136679 0.208617
0.540589 0.241011 0.218400
0.061623 0.892364 0.046013
0.898541 0.056610 0.044849
0.412756 0.266427 0.320817
0.061302 0.844963 0.093734
0.408162 0.329835 0.262003
0.532934 0.145171 0.321895
0.264574 0.391771 0.343655
0.295796 0.328329 0.375875
0.255363 0.587093 0.157544
0.339060 0.441615 0.219324
0.758726 0.060419 0.180856
0.098860 0.881036 0.020104
0.224427 0.708659 0.066914
0.327355 0.518374 0.154271
0.497358 0.195552 0.307090
0.101260 0.868764 0.029977
0.701883 0.106683 0.191434
0.236571 0.489904 0.273525
0.564843 0.022588 0.412569
0.646994 0.146424 0.206582
0.338600 0.464616 0.196784
0.442082 0.138506 0.419412
0.396829 0.180530 0.422641
0.035793 0.933637 0.030570
0.424832 0.199547 0.375621
0.190758 0.313026 0.496216
0.408548 0.556823 0.034629
0.340245 0.352520 0.307235
0.304520 0.417535 0.277944
0.299615 0.521352 0.179033
0.458230 0.400332 0.141437
0.725516 0.053186 0.221298
0.445641 0.191526 0.362832
0.096565 0.825139 0.078296
0.742694 0.022434 0.234872
0.134424 0.732580 0.132996
0.839326 0.099679 0.060994
0.635207 0.184919 0.179874
0.484689 0.363663 0.151648
0.254688 0.615280 0.130031
0.665526 0.132049 0.202425
0.494375 0.245753 0.259872
0.059251 0.894619 0.046130
0.912548 0.046769 0.040682
0.667527 0.151261 0.181211
0.056650 0.855869 0.087481
0.413640 0.336906 0.249455
0.675443 0.097128 0.227430
0.175899 0.439009 0.385092
0.268125 0.337308 0.394567
0.277255 0.575062 0.147683
0.249333 0.507367 0.243300
0.771262 0.057077 0.171662
0.082022 0.897585 0.020393
0.220818 0.711956 0.067226
0.336617 0.516224 0.147159
0.452290 0.226298 0.321411
0.084196 0.885235 0.030569
0.732156 0.098698 0.169145
0.181499 0.528005 0.290496
0.654579 0.017933 0.327487
0.694563 0.124791 0.180646
0.572672 0.301342 0.125986
0.424715 0.141391 0.433894
0.389954 0.178798 0.431247
0.080397 0.889664 0.029939
0.351914 0.224845 0.423241
0.243875 0.297447 0.458678
0.413005 0.551439 0.035556
0.492636 0.271504 0.235859
0.132556 0.516482 0.350962
0.323070 0.503892 0.173037
0.372835 0.463433 0.163732
0.708299 0.058014 0.233687
0.361462 0.227007 0.411532
0.060303 0.858290 0.081406
0.743643 0.022344 0.234014
0.142438 0.725797 0.131765
0.904552 0.059214 0.036233
0.632609 0.189238 0.178153
0.507976 0.348813 0.143211
0.233857 0.632412 0.133730
0.605520 0.162046 0.232434
0.404185 0.289589 0.306226
0.094513 0.861086 0.044401
0.847223 0.081459 0.071318
0.574650 0.191651 0.233700
0.085434 0.829587 0.084980
0.518220 0.270547 0.211233
0.670815 0.098513 0.230673
0.175946 0.440090 0.383964
0.259443 0.340381 0.400175
0.251265 0.590418 0.158317
0.348441 0.438867 0.212692
0.748777 0.063828 0.187395
0.107286 0.872883 0.019832
0.212860 0.719158 0.067982
0.360428 0.495360 0.144212
0.383056 0.239923 0.377021
0.163390 0.808138 0.028472
0.712129 0.103412 0.184459
0.335073 0.428936 0.235991
0.663149 0.017501 0.319350
0.775696 0.095210 0.129094
0.365120 0.448216 0.186664
0.625683 0.092279 0.282039
0.377092 0.180338 0.442570
0.073135 0.896690 0.030175
0.415472 0.202787 0.381741
0.192129 0.315190 0.492681
0.388074 0.576117 0.035809
0.332399 0.356736 0.310865
0.216258 0.472599 0.311143
0.207424 0.589977 0.202599
0.408242 0.437190 0.154568
0.672635 0.062366 0.264999
0.331756 0.229350 0.438894
0.077636 0.846247 0.076117
0.583672 0.036604 0.379724
0.134955 0.732142 0.132903
0.860320 0.087228 0.052452
0.637063 0.184383 0.178554
0.512546 0.342996 0.144458
0.287260 0.584167 0.128573
0.583661 0.163938 0.252401
0.467580 0.258777 0.273643
0.043289 0.908486 0.048225
0.834362 0.088317 0.077321
0.634620 0.163301 0.202079
0.054949 0.856270 0.088781
0.388785 0.350199 0.261016
0.793667 0.061748 0.144585
0.255446 0.395586 0.348969
0.285700 0.328313 0.385987
0.214232 0.618036 0.167732
0.344725 0.438213 0.217063
0.762128 0.059764 0.178108
0.108334 0.871860 0.019806
0.218733 0.713892 0.067374
0.384498 0.476718 0.138785
0.353762 0.252207 0.394031
0.104521 0.864369 0.031110
0.783510 0.078244 0.138246
0.386202 0.395952 0.217846
0.609019 0.020401 0.370581
0.743638 0.108817 0.147545
0.566215 0.297670 0.136115
0.469843 0.130796 0.399361
0.392790 0.185639 0.421571
0.055228 0.914008 0.030763
0.429403 0.194502 0.376095
0.190386 0.315870 0.493744
0.391127 0.571804 0.037070
0.478007 0.278816 0.243178
0.203075 0.473568 0.323356
0.237731 0.567352 0.194917
0.562597 0.317106 0.120297
0.700221 0.057110 0.242668
0.286712 0.256479 0.456810
0.085473 0.839046 0.075481
0.695683 0.026941 0.277376
0.139116 0.728707 0.132178
0.907944 0.056877 0.035179
0.671055 0.167114 0.161831
0.506136 0.340961 0.152903
0.257188 0.608895 0.133917
0.600157 0.159284 0.240559
0.459896 0.263049 0.277054
0.053712 0.898588 0.047700
0.854771 0.077435 0.067794
0.652862 0.156529 0.190608
0.058648 0.852865 0.088487
0.377228 0.357815 0.264958
0.700985 0.089581 0.209435
0.184106 0.425136 0.390758
0.233106 0.352472 0.414421
0.251476 0.590252 0.158272
0.255417 0.499238 0.245345
0.769630 0.057698 0.172672
0.110114 0.869941 0.019945
0.221576 0.710300 0.068124
0.251974 0.579359 0.168666
0.448967 0.214291 0.336742
0.090746 0.878094 0.031160
0.673678 0.121775 0.204547
0.470860 0.337889 0.191251
0.657898 0.017757 0.324344
0.755105 0.103950 0.140945
0.358332 0.453008 0.188660
0.551119 0.110407 0.338474
0.519694 0.146239 0.334066
0.035728 0.933416 0.030856
0.381052 0.218970 0.399977
0.194942 0.314092 0.490966
0.289975 0.668475 0.041550
0.333689 0.356395 0.309916
0.292259 0.423691 0.284051
0.220800 0.578617 0.200583
0.446505 0.385453 0.168042
0.722419 0.052882 0.224699
0.304711 0.238632 0.456657
0.063558 0.855481 0.080961
0.732682 0.023297 0.244020
0.141580 0.726720 0.131700
0.910014 0.056253 0.033734
0.561060 0.222006 0.216935
0.463254 0.377680 0.159066
0.347306 0.538828 0.113865
0.667768 0.131180 0.201052
0.372214 0.319390 0.308396
0.061022 0.887102 0.051876
0.867081 0.070827 0.062092
0.625728 0.167275 0.206997
0.059192 0.853622 0.087186
0.418319 0.334206 0.247475
0.567984 0.127672 0.304344
0.276969 0.378026 0.345006
0.284601 0.328737 0.386663
0.222001 0.611925 0.166074
0.340716 0.445537 0.213747
0.756634 0.061080 0.182287
0.080902 0.898611 0.020487
0.258491 0.675622 0.065887
0.340861 0.510514 0.148624
0.515050 0.189268 0.295682
0.108281 0.862139 0.029580
0.667598 0.124117 0.208285
0.400320 0.396754 0.202926
0.547054 0.023511 0.429434
0.715813 0.120656 0.163531
0.354740 0.442791 0.202469
0.419987 0.142026 0.437987
0.421007 0.176205 0.402788
0.032888 0.935277 0.031835
0.364638 0.220430 0.414932
0.192567 0.312326 0.495107
0.294649 0.662407 0.042944
0.332316 0.358222 0.309462
0.326064 0.403497 0.270438
0.221898 0.576717 0.201385
0.370505 0.465155 0.164339
0.732683 0.051797 0.215520
0.380173 0.222871 0.396956
0.053738 0.864092 0.082170
0.797438 0.017661 0.184902
0.148187 0.717466 0.134347
0.853182 0.091084 0.055734
0.674370 0.165067 0.160563
0.533718 0.321920 0.144362
0.242129 0.624766 0.133104
0.676914 0.127514 0.195572
0.607180 0.190576 0.202244
0.060209 0.893708 0.046083
0.896014 0.055612 0.048374
0.582656 0.189143 0.228201
0.060661 0.852186 0.087153
0.410572 0.338415 0.251013
0.543939 0.136482 0.319579
0.269821 0.388976 0.341203
0.262835 0.339746 0.397419
0.228042 0.608686 0.163272
0.254580 0.494471 0.250949
0.762895 0.060172 0.176933
0.091850 0.888025 0.020125
0.350223 0.593716 0.056061
0.320788 0.528541 0.150670
0.520708 0.186481 0.292811
0.102600 0.867590 0.029810
0.708408 0.107912 0.183680
0.393200 0.391340 0.215460
0.644667 0.018444 0.336889
0.720726 0.114102 0.165172
0.473402 0.371791 0.154807
0.424492 0.143276 0.432231
0.399407 0.180584 0.420009
0.036329 0.932279 0.031392
0.441435 0.193787 0.364778
0.295927 0.276970 0.427103
0.433801 0.533062 0.033137
0.494556 0.269127 0.236317
0.317827 0.419193 0.262980
0.311720 0.512299 0.175981
0.630291 0.273191 0.096518
0.724269 0.054838 0.220893
0.387635 0.209877 0.402489
0.096500 0.825526 0.077975
0.702304 0.026601 0.271095
0.130230 0.736166 0.133604
0.909524 0.056130 0.034346
0.549718 0.231934 0.218348
0.477217 0.370719 0.152063
0.322429 0.559358 0.118212
0.610920 0.157975 0.231104
0.343087 0.321960 0.334953
0.041203 0.911775 0.047023
0.859205 0.075071 0.065724
0.631873 0.167016 0.201111
0.078139 0.836372 0.085489
0.414523 0.331939 0.253537
0.810360 0.057075 0.132565
0.266208 0.390901 0.342891
0.236952 0.350719 0.412329
0.224124 0.610653 0.165223
0.312794 0.464475 0.222731
0.667400 0.084935 0.247664
0.087430 0.892498 0.020072
0.223066 0.709902 0.067032
0.369688 0.488188 0.142124
0.369790 0.245004 0.385206
0.178015 0.794730 0.027255
0.673538 0.120299 0.206163
0.228285 0.496521 0.275195
0.587676 0.021403 0.390921
0.600102 0.169743 0.230155
0.364168 0.446596 0.189236
0.541586 0.112745 0.345670
0.397708 0.176526 0.425766
0.076827 0.893314 0.029859
0.466657 0.185036 0.348307
0.188644 0.316550 0.494806
0.313345 0.646472 0.040184
0.514083 0.259906 0.226011
0.370314 0.374919 0.254767
0.229853 0.568742 0.201405
0.808840 0.140758 0.050401
0.666565 0.063522 0.269913
0.450148 0.190000 0.359852
0.085299 0.835429 0.079272
0.712886 0.025027 0.262088
0.139381 0.722151 0.138468
0.905429 0.058694 0.035877
0.652709 0.176434 0.170857
0.493011 0.357722 0.149267
0.299546 0.578249 0.122205
0.603312 0.163519 0.233169
0.573181 0.207303 0.219515
0.049639 0.903708 0.046652
0.876735 0.065724 0.057541
0.433453 0.258467 0.308080
0.061352 0.851602 0.087046
0.595546 0.227018 0.177436
0.521320 0.142407 0.336273
0.184668 0.434400 0.380932
0.270169 0.335451 0.394380
0.224520 0.611512 0.163968
0.329883 0.451703 0.218415
0.763474 0.060041 0.176485
0.100407 0.879617 0.019977
0.226488 0.706792 0.066720
0.307856 0.536078 0.156066
0.383802 0.255771 0.360427
0.167541 0.804835 0.027624
0.715091 0.102353 0.182556
0.223408 0.500970 0.275622
0.653438 0.018136 0.328426
0.718306 0.119570 0.162124
0.387220 0.432297 0.180484
0.552139 0.110104 0.337757
0.485892 0.147871 0.366237
0.037198 0.931457 0.031345
0.365734 0.222051 0.412215
0.192762 0.314932 0.492306
0.385434 0.578034 0.036531
0.507778 0.263362 0.228860
0.293223 0.423399 0.283378
0.238444 0.566887 0.194670
0.389168 0.445296 0.165535
0.701714 0.056826 0.241460
0.402184 0.237353 0.360463
0.095571 0.826079 0.078350
0.757061 0.021181 0.221758
0.143179 0.725170 0.131651
0.899342 0.062265 0.038393
0.614709 0.195739 0.189552
0.513073 0.334754 0.152173
0.345268 0.540532 0.114199
0.626377 0.147505 0.226118
0.352175 0.314868 0.332957
0.049348 0.904004 0.046648
0.839414 0.085623 0.074963
0.581481 0.196444 0.222075
0.052939 0.860126 0.086935
0.397926 0.345934 0.256140
0.710198 0.086727 0.203075
0.262399 0.391577 0.346024
0.263038 0.338729 0.398233
0.230228 0.593951 0.175821
0.331048 0.448664 0.220287
0.643650 0.088902 0.267448
0.088701 0.891057 0.020242
0.222152 0.710635 0.067213
0.312439 0.532175 0.155386
0.409588 0.230770 0.359642
0.165341 0.806963 0.027696
0.780465 0.080897 0.138638
0.232823 0.494895 0.272282
0.613649 0.020968 0.365383
0.719234 0.119235 0.161531
0.368480 0.446424 0.185096
0.642990 0.087998 0.269012
0.486469 0.150511 0.363019
0.039742 0.928996 0.031262
0.362439 0.225277 0.412284
0.219594 0.304435 0.475972
0.398819 0.565194 0.035987
0.332016 0.352261 0.315723
0.374875 0.372203 0.252922
0.215046 0.584303 0.200651
0.413873 0.422566 0.163561
0.735876 0.050323 0.213800
0.334478 0.241533 0.423989
0.066761 0.855090 0.078148
0.684394 0.027507 0.288098
0.141627 0.726484 0.131889
0.908663 0.056667 0.034670
0.569136 0.218939 0.211925
0.515998 0.333169 0.150833
0.326546 0.552135 0.121319
0.614347 0.158969 0.226684
0.311719 0.335168 0.353113
0.096495 0.859168 0.044337
0.841627 0.084686 0.073686
0.641337 0.167748 0.190915
0.076470 0.837401 0.086129
0.398202 0.337784 0.264014
0.732667 0.080069 0.187263
0.260421 0.396048 0.343532
0.255003 0.343418 0.401579
0.244327 0.587197 0.168476
0.256553 0.495105 0.248342
0.642595 0.090723 0.266682
0.083117 0.896533 0.020350
0.279899 0.658573 0.061528
0.287581 0.548412 0.164007
0.470725 0.205929 0.323347
0.104473 0.865834 0.029693
0.725147 0.098741 0.176112
0.177998 0.530082 0.291920
0.652476 0.018265 0.329259
0.763933 0.100104 0.135963
0.373242 0.442517 0.184241
0.441021 0.137478 0.421501
0.511393 0.141544 0.347063
0.036154 0.932470 0.031376
0.410327 0.206056 0.383617
0.189967 0.316512 0.493521
0.325810 0.634732 0.039458
0.330575 0.358061 0.311365
0.417255 0.348861 0.233884
0.222365 0.577703 0.199931
0.431233 0.420168 0.148599
0.668545 0.065083 0.266372
0.369888 0.216222 0.413890
0.056630 0.861613 0.081757
0.760733 0.020853 0.218414
0.077563 0.781338 0.141099
0.859327 0.089492 0.051182
0.542540 0.242230 0.215230
0.473069 0.373560 0.153371
0.367912 0.521810 0.110278
0.676214 0.127845 0.195941
0.486590 0.248845 0.264565
0.056062 0.897447 0.046491
0.865882 0.074048 0.060070
0.554493 0.202180 0.243327
0.094533 0.821498 0.083968
0.474549 0.301899 0.223552
0.781742 0.065181 0.153077
0.248607 0.392537 0.358856
0.305427 0.323428 0.371145
0.335032 0.524325 0.140643
0.259228 0.499329 0.241444
0.626010 0.093670 0.280320
0.086013 0.893768 0.020219
0.260257 0.676556 0.063188
0.323531 0.519148 0.157320
0.501113 0.194105 0.304782
0.164075 0.808186 0.027739
0.710241 0.108130 0.181629
0.373161 0.415810 0.211028
0.654933 0.018608 0.326459
0.601937 0.168965 0.229099
0.357973 0.453298 0.188730
0.437826 0.138207 0.423967
0.412618 0.178856 0.408526
0.076247 0.894366 0.029388
0.453090 0.189786 0.357124
0.188885 0.316455 0.494659
0.386101 0.577970 0.035929
0.329642 0.358673 0.311685
0.285527 0.429205 0.285268
0.271543 0.539897 0.188560
0.590375 0.301758 0.107867
0.727482 0.051917 0.220601
0.377498 0.213610 0.408891
0.090775 0.830460 0.078765
0.636007 0.031740 0.332253
0.144244 0.720806 0.134950
0.901144 0.061192 0.037664
0.582383 0.212162 0.205455
0.447375 0.391776 0.160849
0.265392 0.606476 0.128132
0.576800 0.167072 0.256128
0.477504 0.253490 0.269007
0.043534 0.908785 0.047681
0.844447 0.082940 0.072613
0.579044 0.191038 0.229918
0.058575 0.855008 0.086418
0.350477 0.373262 0.276262
0.639680 0.107831 0.252489
0.269268 0.386818 0.343915
0.280941 0.330501 0.388559
0.240804 0.598624 0.160572
0.343265 0.440471 0.216264
0.745178 0.063879 0.190943
0.077940 0.901576 0.020483
0.221941 0.711209 0.066850
0.373708 0.485074 0.141218
0.366084 0.246642 0.387274
0.117007 0.853693 0.029300
0.720781 0.104126 0.175094
0.205020 0.511174 0.283807
0.683052 0.016245 0.300703
0.680262 0.135718 0.184020
0.356645 0.454235 0.189120
0.425767 0.141540 0.432692
0.398557 0.180597 0.420846
0.036692 0.931884 0.031423
0.379020 0.219216 0.401763
0.191128 0.315581 0.493292
0.323276 0.637118 0.039606
0.488419 0.269782 0.241799
0.315463 0.410342 0.274195
0.236268 0.568382 0.195349
0.428387 0.417914 0.153699
0.716693 0.053972 0.229335
0.335287 0.228095 0.436618
0.063093 0.858452 0.078455
0.708454 0.025433 0.266113
0.077596 0.780858 0.141546
0.872731 0.078598 0.048671
0.632781 0.186558 0.180661
0.484495 0.365460 0.150045
0.273065 0.595982 0.130954
0.613465 0.153003 0.233532
0.333892 0.323790 0.342319
0.087727 0.866458 0.045815
0.845942 0.082142 0.071916
0.681587 0.144502 0.173911
0.059692 0.852615 0.087693
0.552099 0.249618 0.198284
0.680157 0.096013 0.223830
0.276429 0.385456 0.338116
0.257687 0.341189 0.401124
0.212061 0.621288 0.166652
0.260377 0.492559 0.247064
0.780252 0.055039 0.164709
0.081460 0.898447 0.020093
0.216872 0.715562 0.067566
0.325818 0.522166 0.152016
0.342979 0.255623 0.401398
0.185602 0.787395 0.027003
0.691844 0.110275 0.197881
0.190553 0.511857 0.297589
0.655141 0.017901 0.326958
0.730344 0.114460 0.155196
0.584867 0.293101 0.122032
0.425564 0.141289 0.433147
0.387941 0.184991 0.427068
0.041613 0.928083 0.030304
0.494184 0.175486 0.330330
0.190665 0.315761 0.493574
0.313927 0.645920 0.040153
0.369391 0.337298 0.293311
0.220279 0.467690 0.312032
0.264106 0.547519 0.188375
0.415974 0.431557 0.152469
0.730834 0.051279 0.217888
0.367282 0.217116 0.415602
0.067247 0.851916 0.080837
0.758175 0.021076 0.220750
0.149306 0.709160 0.141534
0.898212 0.063148 0.038640
0.568630 0.219149 0.212221
0.500229 0.354306 0.145466
0.283001 0.591908 0.125091
0.673315 0.128541 0.198144
0.432827 0.309758 0.257415
0.062334 0.891688 0.045979
0.904664 0.050832 0.044504
0.542270 0.206238 0.251492
0.053976 0.858294 0.087730
0.367406 0.363628 0.268967
0.686421 0.098806 0.214772
0.259540 0.394453 0.346007
0.238631 0.349947 0.411422
0.256616 0.586198 0.157186
0.247230 0.508789 0.243981
0.749655 0.062764 0.187581
0.091011 0.886803 0.022186
0.353445 0.590770 0.055785
0.329458 0.519347 0.151195
0.386758 0.238483 0.374759
0.170773 0.801728 0.027499
0.699180 0.112258 0.188562
0.379863 0.389026 0.231111
0.664036 0.017439 0.318525
0.751801 0.105352 0.142847
0.353472 0.456439 0.190089
0.432385 0.139611 0.428004
0.456096 0.165539 0.378365
0.033919 0.935439 0.030642
0.385444 0.213212 0.401344
0.360392 0.249542 0.390065
0.276575 0.681091 0.042334
0.502339 0.266188 0.231473
0.310682 0.415678 0.273639
0.332062 0.497159 0.170779
0.527574 0.349092 0.123335
0.726413 0.052121 0.221466
0.325003 0.231365 0.443632
0.056522 0.861711 0.081766
0.757275 0.021341 0.221385
0.157099 0.713629 0.129272
0.896705 0.064083 0.039212
0.614609 0.195790 0.189601
0.542886 0.321743 0.135371
0.281832 0.592872 0.125295
0.590207 0.161360 0.248433
0.466503 0.258700 0.274798
0.091998 0.863181 0.044821
0.831900 0.089629 0.078470
0.595751 0.180621 0.223628
0.089669 0.826474 0.083857
0.512609 0.279253 0.208137
0.826290 0.051909 0.121800
0.270012 0.389162 0.340826
0.405209 0.273383 0.321408
0.272056 0.572504 0.155440
0.311582 0.465201 0.223217
0.760570 0.060156 0.179274
0.076886 0.902860 0.020255
0.235903 0.698166 0.065931
0.319359 0.527169 0.153473
0.421023 0.225950 0.353027
0.160522 0.811623 0.027855
0.713157 0.103737 0.183106
0.372705 0.404414 0.222881
0.665170 0.017392 0.317438
0.729306 0.114901 0.155794
0.382747 0.419711 0.197542
0.438138 0.138146 0.423716
0.492840 0.155029 0.352131
0.078471 0.891038 0.030491
0.433657 0.196530 0.369813
0.257378 0.289733 0.452889
0.301131 0.656114 0.042755
0.472077 0.282419 0.245504
0.301851 0.416786 0.281363
0.309025 0.511210 0.179765
0.430961 0.419194 0.149845
0.727588 0.051897 0.220515
0.349922 0.235432 0.414646
0.059099 0.860054 0.080847
0.749957 0.022162 0.227881
0.159308 0.707017 0.133675
0.894662 0.065205 0.040133
0.552425 0.227381 0.220193
0.549497 0.309720 0.140784
0.295450 0.579730 0.124820
0.629445 0.147621 0.222935
0.507183 0.238700 0.254117
0.058258 0.894796 0.046947
0.844908 0.082694 0.072398
0.612704 0.176056 0.211240
0.085276 0.830984 0.083740
0.487338 0.294754 0.217908
0.687451 0.092879 0.219670
0.272288 0.385219 0.342493
0.276190 0.332684 0.391126
0.232668 0.610538 0.156794
0.336245 0.448440 0.215316
0.756460 0.062669 0.180871
0.077653 0.901857 0.020490
0.216922 0.715796 0.067281
0.339200 0.511801 0.148999
0.511979 0.201635 0.286386
0.112224 0.858356 0.029420
0.670584 0.121347 0.208069
0.343643 0.423408 0.232949
0.661740 0.017338 0.320922
0.584275 0.176461 0.239264
0.369756 0.444437 0.185807
0.558276 0.110558 0.331166
0.429246 0.170538 0.400216
0.037061 0.931589 0.031350
0.365151 0.224112 0.410736
0.268658 0.285332 0.446010
0.284937 0.671750 0.043313
0.472071 0.279137 0.248792
0.299678 0.418721 0.281601
0.290523 0.528120 0.181357
0.418510 0.425135 0.156354
0.737233 0.050059 0.212707
0.310764 0.245029 0.444207
0.060304 0.860056 0.079640
0.701577 0.026729 0.271694
0.074228 0.783540 0.142233
0.869405 0.080652 0.049943
0.555883 0.225625 0.218493
0.472243 0.374146 0.153611
0.293201 0.579462 0.127337
0.638409 0.148440 0.213151
