0.196090 0.355216 0.448694
0.131662 0.604952 0.263386
0.855086 0.064112 0.080802
0.517911 0.176722 0.305368
0.364945 0.447708 0.187347
0.330151 0.354909 0.314941
0.326366 0.260891 0.412743
0.301861 0.498104 0.200035
0.469413 0.139996 0.390591
0.355595 0.328117 0.316288
0.492187 0.250266 0.257547
0.653596 0.152659 0.193744
0.772874 0.143077 0.084050
0.652606 0.254879 0.092515
0.692678 0.185493 0.121829
0.233029 0.396743 0.370228
0.767424 0.112413 0.120163
0.266560 0.242958 0.490482
0.202696 0.382731 0.414573
0.603300 0.086874 0.309826
0.736650 0.052276 0.211074
0.844217 0.096490 0.059293
0.404827 0.264569 0.330604
0.560984 0.133979 0.305038
0.214835 0.622945 0.162220
0.431677 0.140573 0.427750
0.820398 0.090233 0.089369
0.365089 0.389846 0.245065
0.367394 0.342902 0.289704
0.039989 0.630454 0.329557
0.638408 0.242113 0.119478
0.728049 0.123511 0.148441
0.970641 0.007875 0.021484
0.245843 0.502187 0.251970
0.328711 0.421986 0.249303
0.644823 0.147888 0.207289
0.185466 0.512907 0.301627
0.669528 0.134341 0.196131
0.286022 0.369071 0.344907
0.555630 0.260921 0.183449
0.282669 0.439829 0.277501
0.256581 0.355793 0.387627
0.238978 0.298732 0.462290
0.076836 0.773731 0.149433
0.860417 0.062384 0.077199
0.577164 0.115357 0.307479
0.219638 0.666658 0.113705
0.334152 0.331881 0.333967
0.362291 0.177260 0.460449
0.325928 0.463790 0.210281
0.467608 0.141608 0.390784
0.344703 0.348878 0.306419
0.454042 0.315511 0.230448
0.636089 0.174117 0.189793
0.559156 0.380272 0.060572
0.679259 0.224454 0.096287
0.653866 0.209437 0.136697
0.330242 0.342268 0.327490
0.764212 0.128368 0.107420
0.246894 0.294862 0.458244
0.201731 0.385678 0.412591
0.602639 0.087003 0.310359
0.758215 0.048028 0.193757
0.811619 0.131245 0.057136
0.467137 0.163880 0.368984
0.575768 0.112160 0.312072
0.317760 0.443895 0.238346
0.433449 0.137517 0.429035
0.834367 0.075229 0.090405
0.448468 0.367444 0.184088
0.363005 0.363454 0.273541
0.038091 0.664120 0.297788
0.699019 0.171738 0.129243
0.724739 0.125493 0.149768
0.969562 0.008955 0.021484
0.231296 0.512370 0.256334
0.290375 0.490821 0.218804
0.749649 0.077578 0.172773
0.225639 0.399401 0.374959
0.672798 0.136099 0.191103
0.287596 0.372227 0.340178
0.520542 0.296209 0.183249
0.282037 0.447599 0.270364
0.294886 0.313112 0.392002
0.184596 0.409324 0.406080
0.051292 0.824924 0.123784
0.860960 0.061473 0.077566
0.602766 0.097446 0.299788
0.180678 0.724895 0.094427
0.344356 0.328466 0.327178
0.288085 0.347026 0.364889
0.318966 0.469780 0.211254
0.465290 0.146178 0.388532
0.345309 0.347054 0.307636
0.470903 0.291346 0.237751
0.636847 0.173679 0.189474
0.772908 0.142573 0.084519
0.668987 0.232187 0.098825
0.640977 0.224967 0.134056
0.332808 0.333996 0.333197
0.764677 0.126081 0.109242
0.252239 0.277315 0.470447
0.202007 0.380615 0.417377
0.599176 0.091288 0.309536
0.746914 0.050447 0.202639
0.785880 0.154289 0.059832
0.464275 0.165848 0.369878
0.565494 0.126209 0.308297
0.227124 0.602030 0.170846
0.433195 0.137850 0.428954
0.820509 0.090447 0.089044
0.306699 0.469711 0.223590
0.358102 0.362671 0.279227
0.036266 0.680399 0.283335
0.629194 0.246469 0.124337
0.717614 0.128419 0.153967
0.970637 0.007874 0.021489
0.245144 0.503392 0.251464
0.327430 0.425997 0.246572
0.716411 0.078712 0.204877
0.367138 0.393195 0.239667
0.601022 0.169003 0.229976
0.286369 0.375209 0.338421
0.554015 0.262711 0.183274
0.291712 0.420821 0.287467
0.319757 0.251821 0.428422
0.197594 0.348434 0.453972
0.065015 0.808488 0.126497
0.861171 0.061737 0.077092
0.593093 0.112536 0.294371
0.319052 0.548249 0.132699
0.311638 0.375676 0.312687
0.335762 0.242143 0.422095
0.294490 0.505052 0.200458
0.463439 0.151256 0.385306
0.352319 0.334559 0.313123
0.459749 0.301832 0.238419
0.651137 0.154095 0.194768
0.682352 0.243588 0.074060
0.649385 0.258483 0.092132
0.722738 0.159956 0.117306
0.319369 0.353044 0.327587
0.767395 0.121815 0.110790
0.289085 0.225606 0.485309
0.203490 0.378943 0.417567
0.598006 0.070527 0.331467
0.735273 0.055923 0.208804
0.825860 0.116783 0.057357
0.477489 0.163398 0.359114
0.579493 0.103950 0.316557
0.205266 0.635760 0.158974
0.449021 0.105043 0.445936
0.820609 0.090027 0.089364
0.308411 0.466935 0.224655
0.358569 0.360389 0.281042
0.035813 0.684368 0.279819
0.621111 0.263296 0.115593
0.724377 0.124804 0.150819
0.971286 0.007634 0.021080
0.248687 0.501617 0.249696
0.315099 0.444008 0.240893
0.689873 0.087369 0.222758
0.178850 0.523148 0.298002
0.670068 0.135889 0.194044
0.287872 0.368538 0.343590
0.553332 0.260420 0.186248
0.304959 0.402645 0.292396
0.348144 0.244422 0.407434
0.214111 0.322993 0.462895
0.079869 0.763568 0.156563
0.860008 0.062750 0.077242
0.590622 0.116139 0.293239
0.233069 0.650065 0.116866
0.325575 0.370654 0.303771
0.351402 0.200680 0.447917
0.404167 0.411974 0.183859
0.458887 0.144781 0.396332
0.352465 0.333960 0.313575
0.446403 0.320812 0.232785
0.652453 0.152539 0.195007
0.565815 0.373082 0.061103
0.673712 0.230677 0.095611
0.698039 0.179854 0.122108
0.332909 0.331892 0.335200
0.743131 0.149985 0.106884
0.264842 0.245608 0.489550
0.204212 0.378141 0.417647
0.614097 0.071118 0.314785
0.735783 0.055708 0.208509
0.857740 0.082860 0.059399
0.480255 0.140998 0.378747
0.559716 0.138369 0.301915
0.182649 0.679959 0.137391
0.444012 0.116012 0.439977
0.826884 0.082890 0.090225
0.350035 0.392989 0.256976
0.350509 0.374313 0.275179
0.041150 0.622137 0.336713
0.641517 0.238724 0.119759
0.682285 0.143708 0.174007
0.970576 0.007983 0.021441
0.244877 0.483295 0.271828
0.296436 0.481826 0.221739
0.665120 0.118999 0.215881
0.188186 0.500389 0.311425
0.677733 0.132378 0.189889
0.280391 0.374554 0.345054
0.545344 0.272752 0.181904
0.296451 0.417627 0.285922
0.301566 0.299734 0.398699
0.198166 0.349638 0.452196
0.064897 0.808641 0.126462
0.859995 0.062791 0.077214
0.609580 0.086395 0.304025
0.223876 0.660014 0.116110
0.243744 0.416603 0.339653
0.356471 0.224635 0.418893
0.294839 0.506001 0.199159
0.468835 0.139586 0.391579
0.324370 0.371582 0.304048
0.441286 0.329530 0.229183
0.658244 0.146698 0.195059
0.618685 0.314147 0.067168
0.666503 0.239111 0.094385
0.658879 0.203614 0.137507
0.320640 0.341169 0.338192
0.728440 0.168751 0.102810
0.274915 0.218418 0.506667
0.186496 0.386078 0.427426
0.612235 0.072817 0.314949
0.734349 0.056637 0.209013
0.795182 0.148201 0.056617
0.487865 0.126399 0.385736
0.564094 0.110199 0.325707
0.211469 0.629622 0.158909
0.439765 0.123274 0.436962
0.826692 0.082970 0.090338
0.301107 0.466894 0.232000
0.342683 0.388079 0.269237
0.037358 0.681891 0.280752
0.658286 0.219529 0.122185
0.663467 0.153226 0.183307
0.970518 0.007985 0.021497
0.254590 0.488816 0.256594
0.260870 0.541927 0.197203
0.692354 0.086829 0.220817
0.207655 0.446504 0.345841
0.669692 0.134470 0.195837
0.285619 0.373047 0.341334
0.555648 0.258993 0.185359
0.296429 0.414502 0.289068
0.319988 0.249994 0.430018
0.186761 0.385785 0.427454
0.078153 0.769434 0.152413
0.859927 0.062860 0.077214
0.580950 0.131222 0.287828
0.331450 0.496708 0.171843
0.308390 0.383828 0.307782
0.301352 0.314836 0.383812
0.321993 0.464285 0.213722
0.466876 0.142812 0.390311
0.356883 0.327223 0.315895
0.490663 0.260338 0.249000
0.656552 0.147105 0.196343
0.746178 0.172876 0.080946
0.668516 0.231680 0.099804
0.662901 0.201695 0.135405
0.322916 0.353320 0.323764
0.782173 0.108436 0.109391
0.274570 0.218693 0.506736
0.203124 0.381153 0.415722
0.604811 0.082158 0.313030
0.754313 0.051985 0.193701
0.814237 0.128557 0.057207
0.457918 0.182882 0.359200
0.581590 0.101802 0.316608
0.176527 0.690665 0.132808
0.436860 0.132922 0.430219
0.819923 0.091097 0.088980
0.324703 0.437073 0.238224
0.357375 0.363645 0.278980
0.035551 0.686868 0.277581
0.620060 0.264668 0.115273
0.722316 0.127824 0.149860
0.970743 0.007787 0.021470
0.252768 0.488422 0.258811
0.306775 0.460207 0.233017
0.693880 0.085038 0.221082
0.187318 0.506451 0.306232
0.664894 0.138822 0.196283
0.282409 0.369994 0.347597
0.594278 0.215740 0.189982
0.292420 0.420411 0.287169
0.265108 0.300523 0.434369
0.202039 0.329288 0.468673
0.050210 0.850703 0.099087
0.859005 0.063873 0.077121
0.528789 0.173512 0.297698
0.297737 0.567270 0.134993
0.254972 0.375177 0.369851
0.349293 0.205923 0.444784
0.319741 0.472819 0.207440
0.467224 0.143264 0.389511
0.354860 0.326379 0.318761
0.454354 0.305587 0.240059
0.633626 0.177215 0.189159
0.619760 0.313796 0.066443
0.675094 0.227346 0.097560
0.670679 0.189594 0.139727
0.306642 0.358718 0.334640
0.747548 0.149194 0.103258
0.239340 0.325579 0.435082
0.205105 0.375627 0.419268
0.580423 0.115839 0.303739
0.724494 0.066024 0.209482
0.825610 0.116428 0.057961
0.473726 0.129101 0.397173
0.521801 0.182454 0.295745
0.095672 0.809430 0.094897
0.253182 0.220864 0.525954
0.825289 0.080774 0.093937
0.302065 0.473773 0.224162
0.344347 0.384307 0.271346
0.044123 0.607339 0.348538
0.621964 0.261225 0.116811
0.722355 0.126419 0.151226
0.970941 0.007916 0.021142
0.245360 0.503533 0.251107
0.286032 0.498564 0.215404
0.676801 0.108904 0.214295
0.199171 0.471232 0.329597
0.655784 0.151455 0.192761
0.286676 0.370258 0.343066
0.534259 0.287324 0.178417
0.295143 0.416241 0.288617
0.310593 0.271550 0.417857
0.192661 0.359966 0.447373
0.107224 0.685836 0.206940
0.859367 0.063490 0.077143
0.594677 0.100367 0.304956
0.258428 0.607757 0.133815
0.307688 0.382874 0.309438
0.325073 0.262397 0.412531
0.310451 0.476917 0.212632
0.470679 0.136387 0.392934
0.345621 0.346449 0.307929
0.440526 0.299678 0.259796
0.656061 0.150092 0.193847
0.692561 0.232180 0.075259
0.675214 0.228935 0.095851
0.639517 0.226953 0.133530
0.327685 0.350087 0.322228
0.765727 0.122622 0.111651
0.273640 0.230736 0.495624
0.204268 0.377261 0.418470
0.602498 0.081507 0.315995
0.739925 0.052043 0.208032
0.798183 0.145673 0.056144
0.465398 0.164406 0.370196
0.580953 0.105069 0.313978
0.142327 0.750115 0.107558
0.449278 0.104889 0.445833
0.788125 0.107170 0.104705
0.300546 0.473813 0.225641
0.357650 0.361811 0.280539
0.035644 0.685962 0.278394
0.619492 0.265375 0.115133
0.723316 0.126860 0.149823
0.970534 0.008288 0.021178
0.241415 0.507919 0.250666
0.366577 0.380107 0.253316
0.687201 0.092653 0.220146
0.186106 0.505768 0.308126
0.674918 0.140964 0.184118
0.288468 0.371425 0.340107
0.531329 0.292667 0.176004
0.321092 0.370660 0.308248
0.287219 0.331480 0.381300
0.195226 0.352358 0.452416
0.084268 0.748945 0.166787
0.860670 0.061905 0.077425
0.535197 0.179741 0.285062
0.337016 0.494035 0.168950
0.334996 0.330870 0.334135
0.311495 0.292959 0.395546
0.314296 0.473716 0.211988
0.451939 0.170776 0.377285
0.353794 0.329799 0.316407
0.463546 0.285789 0.250665
0.744507 0.129865 0.125628
0.752323 0.166548 0.081129
0.675183 0.229077 0.095740
0.755693 0.135408 0.108899
0.324124 0.345064 0.330812
0.762601 0.130801 0.106597
0.222998 0.364654 0.412348
0.199998 0.382796 0.417207
0.608547 0.078637 0.312816
0.725832 0.064674 0.209495
0.852177 0.087971 0.059852
0.470657 0.156926 0.372417
0.538687 0.170306 0.291007
0.262668 0.540052 0.197280
0.447651 0.103936 0.448414
0.835296 0.073573 0.091131
0.348592 0.390748 0.260661
0.354694 0.366377 0.278929
0.041034 0.638365 0.320601
0.643957 0.228249 0.127795
0.721168 0.128438 0.150394
0.969058 0.009942 0.020999
0.241386 0.504980 0.253634
0.316756 0.445259 0.237985
0.660864 0.102266 0.236870
0.222742 0.469349 0.307908
0.672357 0.138324 0.189319
0.436365 0.293835 0.269801
0.526623 0.292266 0.181111
0.311203 0.390187 0.298609
0.319616 0.252595 0.427789
0.205772 0.339449 0.454779
0.134350 0.749288 0.116362
0.861444 0.061343 0.077213
0.603377 0.094966 0.301657
0.318511 0.516496 0.164993
0.324105 0.350998 0.324897
0.337946 0.235440 0.426614
0.343429 0.432015 0.224555
0.467138 0.140486 0.392376
0.342547 0.350098 0.307355
0.456771 0.311697 0.231532
0.645715 0.161539 0.192746
0.679777 0.250760 0.069463
0.726572 0.170304 0.103123
0.641029 0.226798 0.132174
0.333877 0.332566 0.333557
0.752450 0.142897 0.104653
0.262578 0.252060 0.485362
0.194913 0.387405 0.417682
0.561687 0.148690 0.289622
0.742091 0.051714 0.206195
0.799828 0.143949 0.056223
0.488726 0.125940 0.385334
0.574342 0.111728 0.313930
0.296862 0.588133 0.115006
0.414229 0.174549 0.411222
0.813647 0.094343 0.092010
0.364162 0.430806 0.205032
0.343520 0.386219 0.270261
0.037809 0.666985 0.295206
0.682095 0.190110 0.127795
0.723232 0.126097 0.150672
0.971560 0.007587 0.020853
0.245158 0.503171 0.251671
0.249176 0.560882 0.189942
0.688847 0.088188 0.222965
0.370895 0.351839 0.277266
0.663041 0.137230 0.199729
0.292870 0.359247 0.347883
0.533322 0.288428 0.178250
0.276823 0.457847 0.265331
0.320410 0.254920 0.424670
0.223255 0.366965 0.409781
0.050937 0.848746 0.100317
0.841201 0.072155 0.086644
0.604045 0.094747 0.301208
0.202039 0.705432 0.092529
0.306708 0.380903 0.312389
0.306367 0.317257 0.376376
0.404070 0.425496 0.170433
0.462063 0.142841 0.395096
0.344909 0.348030 0.307061
0.429977 0.347429 0.222593
0.649027 0.157519 0.193454
0.766291 0.151096 0.082613
0.650864 0.256175 0.092962
0.659423 0.202331 0.138245
0.327605 0.345403 0.326992
0.708085 0.179271 0.112644
0.303740 0.220688 0.475572
0.203231 0.381569 0.415201
0.679724 0.060651 0.259624
0.735731 0.056304 0.207964
0.794596 0.147714 0.057690
0.489246 0.124886 0.385868
0.578363 0.105933 0.315704
0.216910 0.619923 0.163166
0.441056 0.122358 0.436585
0.829717 0.080056 0.090227
0.321821 0.452217 0.225961
0.352542 0.387769 0.259689
0.039534 0.661181 0.299285
0.654355 0.224123 0.121522
0.724452 0.125272 0.150276
0.969028 0.009564 0.021408
0.252015 0.489271 0.258714
0.327069 0.501435 0.171496
0.683982 0.098338 0.217680
0.202828 0.488243 0.308929
0.665102 0.138408 0.196490
0.287590 0.374759 0.337651
0.553691 0.261151 0.185158
0.278368 0.453941 0.267691
0.311783 0.280816 0.407401
0.200133 0.342661 0.457206
0.044759 0.855265 0.099977
0.792717 0.092316 0.114967
0.525933 0.150324 0.323743
0.184689 0.718792 0.096519
0.322425 0.355169 0.322406
0.349868 0.203957 0.446175
0.287921 0.520941 0.191137
0.441980 0.170263 0.387757
0.350327 0.333090 0.316583
0.429632 0.348486 0.221882
0.647502 0.159063 0.193435
0.601983 0.333100 0.064917
0.628810 0.281763 0.089427
0.681608 0.175906 0.142486
0.322840 0.352090 0.325070
0.760087 0.133640 0.106273
0.269403 0.231771 0.498826
0.206303 0.372060 0.421637
0.619922 0.058327 0.321751
0.799615 0.054401 0.145984
0.808813 0.132363 0.058824
0.438464 0.214039 0.347497
0.576782 0.112434 0.310784
0.117659 0.793500 0.088842
0.420947 0.124722 0.454332
0.825770 0.080629 0.093601
0.322282 0.437677 0.240041
0.364917 0.348009 0.287074
0.035667 0.685907 0.278427
0.617847 0.254604 0.127549
0.693105 0.138955 0.167940
0.970681 0.008418 0.020901
0.243044 0.505238 0.251718
0.340674 0.404016 0.255310
0.685763 0.096341 0.217896
0.196775 0.468171 0.335054
0.655400 0.139122 0.205478
0.253166 0.393160 0.353674
0.534531 0.288440 0.177029
0.322479 0.365813 0.311708
0.308265 0.282432 0.409303
0.190847 0.372641 0.436512
0.062930 0.814380 0.122690
0.859289 0.062424 0.078287
0.593396 0.113031 0.293573
0.404645 0.385593 0.209762
0.318356 0.359431 0.322213
0.323111 0.280724 0.396165
0.290863 0.511399 0.197738
0.455181 0.154220 0.390599
0.350833 0.334467 0.314700
0.476106 0.275156 0.248738
0.658850 0.147627 0.193523
0.785294 0.130212 0.084494
0.642145 0.265391 0.092464
0.671942 0.188077 0.139981
0.326010 0.344931 0.329059
0.778797 0.113922 0.107280
0.268433 0.279515 0.452052
0.201963 0.382255 0.415782
0.628458 0.069727 0.301814
0.743276 0.059458 0.197265
0.830524 0.111061 0.058415
0.476100 0.174868 0.349032
0.548419 0.142962 0.308619
0.271980 0.522142 0.205877
0.429237 0.145009 0.425754
0.816450 0.089660 0.093890
0.331310 0.425818 0.242872
0.353319 0.373587 0.273094
0.041913 0.630620 0.327466
0.675351 0.198038 0.126611
0.728460 0.122843 0.148696
0.966952 0.011731 0.021317
0.246728 0.500997 0.252275
0.250461 0.560439 0.189100
0.671107 0.112492 0.216401
0.211623 0.437156 0.351221
0.668967 0.134012 0.197021
0.286547 0.368047 0.345406
0.544481 0.273311 0.182208
0.287861 0.435397 0.276742
0.277893 0.321861 0.400246
0.201711 0.354073 0.444216
0.062490 0.816222 0.121288
0.859673 0.063023 0.077304
0.597805 0.096888 0.305307
0.268777 0.591949 0.139274
0.321309 0.356317 0.322374
0.340573 0.251466 0.407961
0.303345 0.486899 0.209756
0.440323 0.192430 0.367247
0.345149 0.348518 0.306333
0.466630 0.292886 0.240484
0.707273 0.133416 0.159311
0.660764 0.268419 0.070818
0.652142 0.255418 0.092440
0.688606 0.171526 0.139868
0.334191 0.340703 0.325106
0.773668 0.117997 0.108335
0.260878 0.267882 0.471240
0.192488 0.387856 0.419655
0.614295 0.067132 0.318573
0.747813 0.050353 0.201833
0.825265 0.116759 0.057976
0.467770 0.198563 0.333666
0.567833 0.125765 0.306402
0.242189 0.579887 0.177924
0.437712 0.118083 0.444205
0.824411 0.085675 0.089914
0.344665 0.407723 0.247612
0.356805 0.360822 0.282372
0.052008 0.604798 0.343195
0.666887 0.208801 0.124313
0.674261 0.149421 0.176318
0.970459 0.008051 0.021490
0.243187 0.475481 0.281332
0.312676 0.454043 0.233281
0.654773 0.135838 0.209389
0.193528 0.480724 0.325748
0.663806 0.139682 0.196512
0.368331 0.325417 0.306252
0.573883 0.229406 0.196712
0.306336 0.403448 0.290217
0.292415 0.326192 0.381394
0.200486 0.348597 0.450916
0.049002 0.853812 0.097187
0.847304 0.068315 0.084381
0.585496 0.140062 0.274442
0.323815 0.519088 0.157097
0.332053 0.332851 0.335096
0.369381 0.179960 0.450659
0.544853 0.302942 0.152205
0.447145 0.154631 0.398224
0.356546 0.328278 0.315176
0.470415 0.293597 0.235988
0.632308 0.178602 0.189090
0.727353 0.194060 0.078587
0.742225 0.152352 0.105423
0.681415 0.175724 0.142862
0.331555 0.336308 0.332137
0.647360 0.184026 0.168614
0.252535 0.274524 0.472940
0.203755 0.379970 0.416275
0.537982 0.185721 0.276297
0.722082 0.077102 0.200816
0.846428 0.089658 0.063914
0.458313 0.182870 0.358817
0.565262 0.117332 0.317406
0.282587 0.503416 0.213997
0.381800 0.239090 0.379110
0.733198 0.123375 0.143427
0.353605 0.392330 0.254065
0.357217 0.362703 0.280080
0.043497 0.660398 0.296105
0.681773 0.190689 0.127538
0.725918 0.127366 0.146716
0.970584 0.008355 0.021061
0.257358 0.479517 0.263124
0.309377 0.457590 0.233034
0.692147 0.093160 0.214694
0.241571 0.438839 0.319590
0.663230 0.141206 0.195564
0.289463 0.374391 0.336146
0.526638 0.299151 0.174211
0.301863 0.407415 0.290722
0.304285 0.286047 0.409668
0.206823 0.326249 0.466928
0.061337 0.814003 0.124661
0.859132 0.063404 0.077464
0.554570 0.099122 0.346309
0.268916 0.598170 0.132914
0.321363 0.353026 0.325612
0.351940 0.205321 0.442739
0.314796 0.474927 0.210277
0.449480 0.174475 0.376045
0.333633 0.368776 0.297591
0.468468 0.294876 0.236656
0.649604 0.159018 0.191378
0.623922 0.309223 0.066854
0.697968 0.202795 0.099238
0.696629 0.159613 0.143758
0.330069 0.336526 0.333406
0.771550 0.115038 0.113412
0.264224 0.247453 0.488323
0.205162 0.375782 0.419055
0.582043 0.114944 0.303013
0.689727 0.114869 0.195404
0.831779 0.109755 0.058465
0.452365 0.191843 0.355792
0.574741 0.113023 0.312236
0.245557 0.655224 0.099219
0.401843 0.177237 0.420920
0.832243 0.076235 0.091522
0.361191 0.374524 0.264286
0.365708 0.351450 0.282842
0.038310 0.662173 0.299517
0.620109 0.264511 0.115380
0.716571 0.128925 0.154503
0.969049 0.009598 0.021354
0.284496 0.424747 0.290757
0.333690 0.414971 0.251339
0.661165 0.107361 0.231475
0.171849 0.531975 0.296176
0.656155 0.138073 0.205772
0.287481 0.374605 0.337914
0.581454 0.226035 0.192510
0.316560 0.379597 0.303843
0.306969 0.283434 0.409597
0.201128 0.325180 0.473692
0.062995 0.814560 0.122445
0.859099 0.063103 0.077797
0.519982 0.141799 0.338218
0.329808 0.503097 0.167095
0.319015 0.359869 0.321116
0.347665 0.210603 0.441733
0.294610 0.510013 0.195377
0.465472 0.151642 0.382886
0.358187 0.332997 0.308815
0.466975 0.283571 0.249453
0.653161 0.151611 0.195228
0.625198 0.307333 0.067469
0.624487 0.284636 0.090877
0.669067 0.189328 0.141605
0.218636 0.398208 0.383156
0.725382 0.137445 0.137173
0.271578 0.228995 0.499427
0.204412 0.376325 0.419263
0.611376 0.069673 0.318951
0.731770 0.062424 0.205807
0.804774 0.134143 0.061083
0.435349 0.215396 0.349254
0.565660 0.118493 0.315848
0.133505 0.760090 0.106404
0.429029 0.145081 0.425890
0.824387 0.085301 0.090313
0.326141 0.442593 0.231266
0.285361 0.400487 0.314152
0.038866 0.657475 0.303659
0.607918 0.278709 0.113373
0.725918 0.124110 0.149972
0.971430 0.007732 0.020838
0.409668 0.394290 0.196042
0.315507 0.469738 0.214755
0.679868 0.100567 0.219565
0.178968 0.522424 0.298608
0.657094 0.147197 0.195708
0.288540 0.375445 0.336015
0.385175 0.403808 0.211017
0.305637 0.400131 0.294232
0.292148 0.306370 0.401482
0.204187 0.336417 0.459396
0.099982 0.706937 0.193082
0.860204 0.062337 0.077460
0.608572 0.089463 0.301964
0.278839 0.577041 0.144120
0.321741 0.355272 0.322987
0.380270 0.219926 0.399804
0.338768 0.441428 0.219804
0.436265 0.200283 0.363452
0.336525 0.364766 0.298709
0.481185 0.270243 0.248573
0.757340 0.110213 0.132447
0.664900 0.266532 0.068568
0.675467 0.228142 0.096391
0.767509 0.125237 0.107254
0.332025 0.334896 0.333079
0.775079 0.114454 0.110467
0.267002 0.251020 0.481978
0.199517 0.380680 0.419803
0.602853 0.086869 0.310278
0.723308 0.072647 0.204045
0.816223 0.126576 0.057201
0.440184 0.211821 0.347995
0.570934 0.113936 0.315130
0.097235 0.771264 0.131501
0.435959 0.121211 0.442831
0.823072 0.086544 0.090385
0.318072 0.447116 0.234811
0.357696 0.360115 0.282188
0.036180 0.681965 0.281855
0.620038 0.265493 0.114469
0.722065 0.127528 0.150407
0.970451 0.008055 0.021493
0.245896 0.501361 0.252743
0.291629 0.485935 0.222436
0.712555 0.078686 0.208759
0.192003 0.502977 0.305020
0.664913 0.138146 0.196941
0.279907 0.369094 0.350999
0.574113 0.249812 0.176075
0.287803 0.435296 0.276901
0.318587 0.253377 0.428036
0.196934 0.351170 0.451896
0.050097 0.851848 0.098055
0.849764 0.068755 0.081481
0.525790 0.149934 0.324276
0.219387 0.666910 0.113703
0.330096 0.363897 0.306007
0.299089 0.321191 0.379720
0.407933 0.434669 0.157398
0.382715 0.173205 0.444080
0.351396 0.334365 0.314239
0.440112 0.341163 0.218725
0.647062 0.160331 0.192607
0.817716 0.111204 0.071080
0.444327 0.413978 0.141694
0.671819 0.188431 0.139750
0.330663 0.346788 0.322549
0.728712 0.167838 0.103449
0.258437 0.273079 0.468484
0.178879 0.390931 0.430190
0.583254 0.113676 0.303070
0.720103 0.075839 0.204057
0.826348 0.115604 0.058048
0.484276 0.135623 0.380101
0.677993 0.096215 0.225792
0.269653 0.483483 0.246864
0.407152 0.179718 0.413131
0.828128 0.078544 0.093328
0.314810 0.451996 0.233194
0.347634 0.380211 0.272155
0.044230 0.658991 0.296779
0.697394 0.172186 0.130420
0.725417 0.125240 0.149343
0.969204 0.009340 0.021456
0.242706 0.506271 0.251023
0.270250 0.523503 0.206247
0.690724 0.094655 0.214622
0.386347 0.346712 0.266941
0.653897 0.150882 0.195221
0.288880 0.374293 0.336827
0.505560 0.325893 0.168548
0.274340 0.447488 0.278172
0.368694 0.230327 0.400979
0.191412 0.369938 0.438650
0.095838 0.717805 0.186356
0.853594 0.065696 0.080711
0.610093 0.086349 0.303558
0.210125 0.680941 0.108934
0.302548 0.402505 0.294947
0.365655 0.251685 0.382659
0.303795 0.484127 0.212078
0.436267 0.200971 0.362762
0.339443 0.360087 0.300471
0.428607 0.351013 0.220379
0.652975 0.149991 0.197034
0.700607 0.223123 0.076270
0.675370 0.228776 0.095854
0.697662 0.159101 0.143237
0.331311 0.340876 0.327813
0.721771 0.172141 0.106088
0.271425 0.230245 0.498330
0.205181 0.375441 0.419378
0.601270 0.106312 0.292419
0.678018 0.129258 0.192723
0.826845 0.113219 0.059936
0.502527 0.131358 0.366114
0.579282 0.105759 0.314960
0.139733 0.754860 0.105407
0.413373 0.146640 0.439987
0.833185 0.075918 0.090897
0.357076 0.378654 0.264270
0.351960 0.371617 0.276423
0.038481 0.662655 0.298864
0.600144 0.288531 0.111324
0.608366 0.178062 0.213572
0.967845 0.011159 0.020996
0.279301 0.432510 0.288189
0.312461 0.453620 0.233919
0.679197 0.110281 0.210521
0.178408 0.527619 0.293973
0.659437 0.146205 0.194359
0.268690 0.382491 0.348819
0.570135 0.239914 0.189951
0.320469 0.371776 0.307754
0.297845 0.309593 0.392562
0.200978 0.329503 0.469518
0.127575 0.624309 0.248116
0.860144 0.062202 0.077654
0.548661 0.131022 0.320317
0.413927 0.373178 0.212895
0.248569 0.373887 0.377545
0.348549 0.208097 0.443354
0.343038 0.431275 0.225687
0.460434 0.153566 0.385999
0.338735 0.342316 0.318949
0.493238 0.253935 0.252828
0.630718 0.177737 0.191545
0.608437 0.325880 0.065683
0.696271 0.205026 0.098702
0.679311 0.178273 0.142417
0.332968 0.332243 0.334789
0.782022 0.108122 0.109856
0.256289 0.271494 0.472216
0.204488 0.376926 0.418587
0.604113 0.083737 0.312150
0.717901 0.078571 0.203529
0.815402 0.127149 0.057449
0.444518 0.207215 0.348267
0.576937 0.111105 0.311958
0.119243 0.791393 0.089364
0.440853 0.115691 0.443456
0.834707 0.074546 0.090747
0.319420 0.446211 0.234369
0.442082 0.313347 0.244570
0.040149 0.646205 0.313646
0.621910 0.262142 0.115948
0.723770 0.127430 0.148800
0.968827 0.009870 0.021302
0.227520 0.515995 0.256485
0.293156 0.486974 0.219870
0.683826 0.101298 0.214876
0.198137 0.472449 0.329413
0.664952 0.138815 0.196232
0.283608 0.373970 0.342421
0.402578 0.352642 0.244780
0.288292 0.434400 0.277307
0.305593 0.287865 0.406543
0.191746 0.370008 0.438246
0.077032 0.770963 0.152005
0.860124 0.062398 0.077479
0.595154 0.108842 0.296005
0.218544 0.668293 0.113163
0.323435 0.355396 0.321168
0.317000 0.284416 0.398584
0.322309 0.464589 0.213102
0.356046 0.172635 0.471319
0.341890 0.351423 0.306687
0.445680 0.300766 0.253554
0.647599 0.156257 0.196144
0.729955 0.191374 0.078670
0.741070 0.154012 0.104919
0.661948 0.200157 0.137895
0.325137 0.346174 0.328688
0.767466 0.124907 0.107626
0.271443 0.228374 0.500183
0.200665 0.382064 0.417271
0.536055 0.188736 0.275208
0.735852 0.056348 0.207800
0.843709 0.097012 0.059278
0.444511 0.171889 0.383600
0.575926 0.107131 0.316943
0.141136 0.753136 0.105729
0.383229 0.237655 0.379117
0.826923 0.083231 0.089847
0.342383 0.401457 0.256161
0.355627 0.369440 0.274933
0.035043 0.680162 0.284795
0.605791 0.272596 0.121613
0.713847 0.130193 0.155960
0.970620 0.007917 0.021463
0.266142 0.460790 0.273068
0.303776 0.467290 0.228934
0.689705 0.095083 0.215212
0.471259 0.288289 0.240452
0.666811 0.136446 0.196743
0.289588 0.367458 0.342954
0.563706 0.244971 0.191323
0.291070 0.430615 0.278315
0.296390 0.307681 0.395929
0.181420 0.399596 0.418984
0.043831 0.856089 0.100079
0.857739 0.063661 0.078600
0.578276 0.132382 0.289343
0.224546 0.657560 0.117894
0.334474 0.334094 0.331432
0.291074 0.337737 0.371190
0.283440 0.524629 0.191931
0.466291 0.141584 0.392125
0.351982 0.336516 0.311503
0.441085 0.325446 0.233468
0.638881 0.170392 0.190727
0.785203 0.129995 0.084802
0.630527 0.280085 0.089388
0.655163 0.207448 0.137390
0.327893 0.343779 0.328328
0.751557 0.145025 0.103418
0.254752 0.273946 0.471302
0.192867 0.386736 0.420398
0.688174 0.047092 0.264735
0.769858 0.046013 0.184129
0.799959 0.138584 0.061457
0.490174 0.124953 0.384873
0.578867 0.110371 0.310762
0.173540 0.694741 0.131719
0.449208 0.104467 0.446326
0.816973 0.092943 0.090085
0.311024 0.454612 0.234364
0.340899 0.390814 0.268287
0.037744 0.666804 0.295452
0.625320 0.260658 0.114022
0.727991 0.125144 0.146865
0.970706 0.007804 0.021490
0.212779 0.526469 0.260752
0.277372 0.512709 0.209919
0.697287 0.085980 0.216733
0.175563 0.526870 0.297567
0.675460 0.134541 0.189999
0.286975 0.366455 0.346570
0.505393 0.326279 0.168328
0.294573 0.420797 0.284631
0.317571 0.256167 0.426262
0.123333 0.358889 0.517778
0.078369 0.767426 0.154205
0.858566 0.064605 0.076829
0.523157 0.107575 0.369268
0.325423 0.506073 0.168504
0.311294 0.377230 0.311477
0.339015 0.230031 0.430954
0.368622 0.431874 0.199504
0.404938 0.159785 0.435277
0.342795 0.359482 0.297723
0.473158 0.282149 0.244693
0.650796 0.155259 0.193945
0.624995 0.307239 0.067766
0.676964 0.226979 0.096057
0.674057 0.184354 0.141589
0.334000 0.333236 0.332764
0.765552 0.123683 0.110764
0.269129 0.231943 0.498928
0.219767 0.376759 0.403474
0.588103 0.109938 0.301959
0.726416 0.066504 0.207080
0.791471 0.150032 0.058497
0.474358 0.141525 0.384117
0.574745 0.107144 0.318111
0.264914 0.536130 0.198955
0.418517 0.165259 0.416224
0.835055 0.073841 0.091105
0.311741 0.458618 0.229641
0.352272 0.377936 0.269792
0.034694 0.683735 0.281571
0.690228 0.180931 0.128841
0.727062 0.123758 0.149181
0.969255 0.009773 0.020972
0.227680 0.516217 0.256103
0.272105 0.524945 0.202950
0.696747 0.083221 0.220033
0.218091 0.444204 0.337705
0.668594 0.134954 0.196453
0.276309 0.377568 0.346123
0.570465 0.237601 0.191935
0.297634 0.416684 0.285682
0.366549 0.233567 0.399884
0.196093 0.365556 0.438351
0.075002 0.778576 0.146421
0.859565 0.062837 0.077598
0.578071 0.134964 0.286964
0.410204 0.446706 0.143091
0.313017 0.375904 0.311080
0.329247 0.250086 0.420667
0.297870 0.503157 0.198973
0.466671 0.141089 0.392240
0.352353 0.330866 0.316781
0.487016 0.271930 0.241055
0.689210 0.135519 0.175271
0.738023 0.181320 0.080657
0.649812 0.256857 0.093331
0.639161 0.227080 0.133759
0.308815 0.357054 0.334131
0.776826 0.112501 0.110674
0.264553 0.246582 0.488865
0.189792 0.390311 0.419897
0.610631 0.071065 0.318304
0.739972 0.051843 0.208185
0.793718 0.129845 0.076436
0.417695 0.240276 0.342029
0.576859 0.113134 0.310006
0.213935 0.625752 0.160313
0.435071 0.119204 0.445725
0.819905 0.090918 0.089177
0.317463 0.447345 0.235193
0.366495 0.344434 0.289071
0.041446 0.635090 0.323464
0.667459 0.207307 0.125235
0.719136 0.127514 0.153351
0.971050 0.007721 0.021229
0.244184 0.494688 0.261128
0.353633 0.379469 0.266898
0.679898 0.114463 0.205639
0.199489 0.466870 0.333640
0.654629 0.146189 0.199182
0.284683 0.366581 0.348736
0.551450 0.264085 0.184465
0.327507 0.358256 0.314237
0.288620 0.325099 0.386281
0.201761 0.352118 0.446121
0.084512 0.749956 0.165532
0.853153 0.066769 0.080079
0.593386 0.112071 0.294543
0.409864 0.377763 0.212373
0.328317 0.340637 0.331046
0.385862 0.234080 0.380057
0.318460 0.472010 0.209530
0.472877 0.134877 0.392246
0.350883 0.337533 0.311584
0.463418 0.274439 0.262143
0.645355 0.163021 0.191624
0.735447 0.185129 0.079424
0.668947 0.236097 0.094956
0.639988 0.227102 0.132910
0.328724 0.347068 0.324208
0.774809 0.115603 0.109587
0.264058 0.246577 0.489365
0.199111 0.385942 0.414946
0.620078 0.079807 0.300115
0.758527 0.048205 0.193268
0.814265 0.128540 0.057195
0.467856 0.162110 0.370034
0.573218 0.114230 0.312552
0.307701 0.461826 0.230473
0.439055 0.123408 0.437538
0.817291 0.093857 0.088853
0.313338 0.453037 0.233625
0.348963 0.373384 0.277653
0.036576 0.665176 0.298248
0.703447 0.167561 0.128993
0.724263 0.125309 0.150427
0.970947 0.007795 0.021258
0.200689 0.532879 0.266432
0.260682 0.540462 0.198856
0.685537 0.098182 0.216280
0.223286 0.405777 0.370936
0.666893 0.135548 0.197559
0.285270 0.377204 0.337526
0.523045 0.295995 0.180960
0.253055 0.457351 0.289594
0.270542 0.290203 0.439255
0.178109 0.404017 0.417874
0.074522 0.777737 0.147740
0.859672 0.062742 0.077587
0.556552 0.107070 0.336378
0.306416 0.554217 0.139367
0.334009 0.369623 0.296368
0.297991 0.325875 0.376134
0.523805 0.328232 0.147963
0.450997 0.172527 0.376476
0.365835 0.334030 0.300136
0.472334 0.287702 0.239965
0.654154 0.153407 0.192439
0.765556 0.152219 0.082225
0.679608 0.223889 0.096503
0.702012 0.161593 0.136396
0.325472 0.350154 0.324374
0.766172 0.126324 0.107504
0.259865 0.268050 0.472085
0.202950 0.382275 0.414775
0.563925 0.096722 0.339353
0.721639 0.073701 0.204660
0.831628 0.109923 0.058448
0.478650 0.141830 0.379519
0.561248 0.136200 0.302552
0.312831 0.449256 0.237913
0.434484 0.136585 0.428932
0.835396 0.075123 0.089481
0.331583 0.422956 0.245460
0.351253 0.378025 0.270722
0.044641 0.606602 0.348758
0.617405 0.229188 0.153407
0.726677 0.123389 0.149934
0.970087 0.008669 0.021244
0.242944 0.498975 0.258081
0.248861 0.561867 0.189272
0.666548 0.136488 0.196964
0.214528 0.438236 0.347236
0.675808 0.133357 0.190834
0.288570 0.373264 0.338166
0.535685 0.290691 0.173624
0.274329 0.455650 0.270021
0.294024 0.319129 0.386846
0.189503 0.366936 0.443561
0.128243 0.753556 0.118201
0.860769 0.062191 0.077041
0.526468 0.129267 0.344265
0.189647 0.712393 0.097960
0.319725 0.358089 0.322186
0.341129 0.229601 0.429270
0.296751 0.506722 0.196526
0.449704 0.173744 0.376553
0.344450 0.351016 0.304534
0.447168 0.316750 0.236082
0.653479 0.152733 0.193788
0.714259 0.209975 0.075766
0.644763 0.263763 0.091474
0.670793 0.188368 0.140840
0.326221 0.344839 0.328940
0.674499 0.175266 0.150236
0.257781 0.283704 0.458515
0.183539 0.391895 0.424565
0.635108 0.053241 0.311651
0.732252 0.062680 0.205068
0.845611 0.095047 0.059341
0.471292 0.164694 0.364014
0.558655 0.137379 0.303966
0.218442 0.615936 0.165622
0.450538 0.103519 0.445942
0.826278 0.084032 0.089690
0.359441 0.375703 0.264856
0.278055 0.411140 0.310806
0.047290 0.569032 0.383679
0.670066 0.204511 0.125423
0.721625 0.127998 0.150377
0.971504 0.007644 0.020852
0.261633 0.464208 0.274159
0.292936 0.487437 0.219627
0.646054 0.150077 0.203869
0.198089 0.465423 0.336488
0.657389 0.148637 0.193974
0.296030 0.360513 0.343457
0.554163 0.251239 0.194598
0.282492 0.439617 0.277891
0.271215 0.351544 0.377241
0.190824 0.365126 0.444049
0.102393 0.694475 0.203132
0.858260 0.064492 0.077248
0.597412 0.103275 0.299313
0.191460 0.709368 0.099172
0.335109 0.331333 0.333558
0.328609 0.263156 0.408235
0.361468 0.394310 0.244221
0.475993 0.140275 0.383732
0.347548 0.347852 0.304600
0.403703 0.340712 0.255585
0.640529 0.167842 0.191629
0.748644 0.172595 0.078761
0.719134 0.175782 0.105084
0.667830 0.196428 0.135743
0.331873 0.334606 0.333522
0.750076 0.141811 0.108113
0.262029 0.248469 0.489502
0.202854 0.382216 0.414930
0.572430 0.131669 0.295901
0.734634 0.056886 0.208480
0.797424 0.146045 0.056531
0.484503 0.141640 0.373857
0.546583 0.117651 0.335765
0.310218 0.446424 0.243358
0.434722 0.136121 0.429158
0.825123 0.085321 0.089556
0.320964 0.459350 0.219686
0.355414 0.373422 0.271163
0.035645 0.684625 0.279730
0.694427 0.176407 0.129165
0.724726 0.125119 0.150154
0.970151 0.008358 0.021491
0.246329 0.503115 0.250556
0.269840 0.527091 0.203069
0.643521 0.098720 0.257759
0.215368 0.430714 0.353919
0.664697 0.139499 0.195804
0.289254 0.370535 0.340211
0.535185 0.288086 0.176729
0.278766 0.452852 0.268382
0.297787 0.306195 0.396018
0.212566 0.368242 0.419191
0.083450 0.753490 0.163060
0.859775 0.062873 0.077352
0.588992 0.116818 0.294189
0.190558 0.710260 0.099183
0.348542 0.324010 0.327449
0.297048 0.322384 0.380568
0.310439 0.481789 0.207773
0.465635 0.151742 0.382623
0.352543 0.336046 0.311411
0.438752 0.340845 0.220403
0.631279 0.181031 0.187689
0.775121 0.147325 0.077553
0.689149 0.213293 0.097558
0.691358 0.171711 0.136930
0.328005 0.343422 0.328572
0.729621 0.165720 0.104659
0.235124 0.327384 0.437492
0.202938 0.381689 0.415373
0.610253 0.072546 0.317201
0.709717 0.069730 0.220553
0.832225 0.109169 0.058606
0.488232 0.126286 0.385482
0.533568 0.172858 0.293574
0.202654 0.644712 0.152634
0.438076 0.123081 0.438843
0.820200 0.083529 0.096271
0.345677 0.403751 0.250572
0.344978 0.386070 0.268952
0.050098 0.576301 0.373601
0.633163 0.248498 0.118338
0.714038 0.130614 0.155348
0.970926 0.008260 0.020814
0.252886 0.487616 0.259498
0.252652 0.560422 0.186927
0.683294 0.122909 0.193797
0.191255 0.534415 0.274330
0.663537 0.140716 0.195747
0.288679 0.369477 0.341843
0.572679 0.239509 0.187812
0.276011 0.459276 0.264713
0.337537 0.303804 0.358659
0.207292 0.311798 0.480910
0.061088 0.812746 0.126166
0.848446 0.068425 0.083129
0.594604 0.111052 0.294344
0.183539 0.721478 0.094983
0.328998 0.339671 0.331330
0.351303 0.204846 0.443852
0.329201 0.464280 0.206519
0.466686 0.140556 0.392758
0.350897 0.335932 0.313171
0.446047 0.319784 0.234169
0.644766 0.164447 0.190787
0.614698 0.302366 0.082937
0.664352 0.237828 0.097820
0.656772 0.206889 0.136339
0.258512 0.379165 0.362323
0.748736 0.143683 0.107581
0.264458 0.246707 0.488836
0.195409 0.384802 0.419789
0.586052 0.111155 0.302793
0.729867 0.062272 0.207862
0.811100 0.131887 0.057014
0.480167 0.141255 0.378579
0.625566 0.112138 0.262295
0.224201 0.608050 0.167749
0.428287 0.146295 0.425418
0.830558 0.078781 0.090661
0.339416 0.447433 0.213151
0.362508 0.368648 0.268844
0.037178 0.658461 0.304360
0.650411 0.223918 0.125671
0.723256 0.125569 0.151175
0.970532 0.008373 0.021095
0.244089 0.505549 0.250362
0.317791 0.472141 0.210069
0.685713 0.097784 0.216504
0.200999 0.478950 0.320051
0.670316 0.132471 0.197213
0.420474 0.303736 0.275790
0.430241 0.375347 0.194412
0.288242 0.435407 0.276351
0.312238 0.273109 0.414653
0.210850 0.347524 0.441626
0.059615 0.824684 0.115701
0.859459 0.062901 0.077641
0.611956 0.087409 0.300636
0.222454 0.662269 0.115277
0.363708 0.337521 0.298771
0.364600 0.245368 0.390032
0.294524 0.518002 0.187474
0.438809 0.195565 0.365626
0.320696 0.372417 0.306887
0.491677 0.258201 0.250122
0.651505 0.154433 0.194062
0.666755 0.261203 0.072042
0.626689 0.283003 0.090308
0.686570 0.169561 0.143869
0.331089 0.339560 0.329351
0.773051 0.115206 0.111743
0.267313 0.248096 0.484591
0.181148 0.391164 0.427688
0.616673 0.068334 0.314993
0.771112 0.069748 0.159140
0.831921 0.109679 0.058400
0.436614 0.218438 0.344948
0.560892 0.132990 0.306119
0.172766 0.697592 0.129641
0.382771 0.151772 0.465457
0.831260 0.078719 0.090021
0.343985 0.402997 0.253018
0.364346 0.349354 0.286301
0.049809 0.632584 0.317607
0.669699 0.205957 0.124344
0.691053 0.142395 0.166551
0.970533 0.009113 0.020354
0.263104 0.467306 0.269590
0.327864 0.423305 0.248831
0.694812 0.094804 0.210384
0.207780 0.439808 0.352412
0.653427 0.153783 0.192790
0.282379 0.372383 0.345239
0.585737 0.218263 0.196000
0.296469 0.416669 0.286862
0.309894 0.275276 0.414830
