0.484330 0.303682 0.211988
0.063858 0.792517 0.143625
0.613443 0.331876 0.054681
0.048539 0.928291 0.023170
0.172973 0.174216 0.652811
0.113861 0.516326 0.369813
0.602417 0.141363 0.256220
0.401008 0.118663 0.480330
0.301958 0.604312 0.093731
0.290581 0.333937 0.375482
0.271024 0.423275 0.305702
0.452349 0.090978 0.456673
0.818757 0.135960 0.045283
0.738473 0.204976 0.056550
0.207008 0.612222 0.180770
0.224286 0.493538 0.282176
0.259073 0.654883 0.086044
0.335855 0.332645 0.331500
0.318153 0.269544 0.412303
0.571128 0.329072 0.099800
0.817296 0.069424 0.113279
0.786470 0.097681 0.115850
0.088178 0.010897 0.900926
0.060261 0.415975 0.523764
0.349736 0.240132 0.410132
0.377462 0.242686 0.379852
0.648945 0.183768 0.167287
0.325508 0.596588 0.077904
0.596674 0.175295 0.228030
0.055407 0.382848 0.561745
0.638804 0.143561 0.217635
0.612161 0.149995 0.237844
0.682284 0.140257 0.177459
0.024520 0.015578 0.959902
0.151673 0.576365 0.271962
0.751276 0.127466 0.121258
0.300422 0.604056 0.095523
0.406545 0.552141 0.041314
0.511583 0.229740 0.258677
0.298941 0.411802 0.289258
0.298148 0.562141 0.139711
0.401873 0.343448 0.254679
0.496720 0.298003 0.205278
0.065841 0.789761 0.144398
0.664212 0.291835 0.043953
0.045322 0.928003 0.026676
0.168196 0.168538 0.663266
0.116278 0.510920 0.372802
0.594556 0.144836 0.260608
0.383290 0.117109 0.499602
0.310736 0.600912 0.088352
0.299018 0.328071 0.372911
0.253795 0.450181 0.296025
0.438394 0.087806 0.473801
0.817493 0.136883 0.045624
0.751052 0.194438 0.054510
0.206592 0.612669 0.180740
0.226505 0.484653 0.288842
0.255727 0.667103 0.077170
0.332478 0.330402 0.337121
0.317821 0.270461 0.411718
0.573735 0.328267 0.097998
0.825014 0.066527 0.108459
0.811593 0.075371 0.113036
0.082849 0.010732 0.906420
0.062046 0.417949 0.520005
0.368205 0.229223 0.402572
0.368532 0.243464 0.388003
0.652487 0.182233 0.165280
0.308443 0.614688 0.076869
0.574096 0.206157 0.219747
0.059399 0.381757 0.558843
0.642709 0.138805 0.218486
0.613683 0.150567 0.235750
0.685739 0.140449 0.173813
0.020997 0.011109 0.967894
0.139671 0.594601 0.265729
0.745856 0.128975 0.125169
0.289917 0.614429 0.095654
0.387100 0.570241 0.042659
0.523209 0.224237 0.252554
0.300311 0.417515 0.282174
0.321288 0.533259 0.145452
0.399269 0.364473 0.236259
0.508472 0.289497 0.202032
0.066438 0.790888 0.142674
0.637520 0.315355 0.047125
0.047533 0.929685 0.022781
0.166209 0.172213 0.661578
0.119531 0.500914 0.379555
0.615879 0.137317 0.246804
0.390160 0.114187 0.495653
0.304429 0.606485 0.089085
0.318043 0.323101 0.358856
0.287557 0.416962 0.295481
0.432604 0.086450 0.480946
0.816652 0.137928 0.045420
0.763596 0.185948 0.050456
0.209612 0.610101 0.180288
0.221399 0.485070 0.293530
0.272692 0.646071 0.081237
0.334895 0.323874 0.341232
0.319095 0.267750 0.413155
0.579809 0.320316 0.099875
0.819306 0.068592 0.112102
0.794602 0.084486 0.120912
0.084412 0.010752 0.904836
0.058728 0.390073 0.551199
0.360704 0.233586 0.405710
0.373462 0.242017 0.384521
0.643579 0.186414 0.170006
0.309424 0.612665 0.077911
0.598547 0.190014 0.211438
0.053379 0.392042 0.554579
0.617681 0.146703 0.235616
0.594579 0.154825 0.250595
0.680054 0.141585 0.178361
0.019803 0.011243 0.968954
0.140491 0.592409 0.267100
0.758469 0.123796 0.117735
0.280508 0.620585 0.098908
0.391692 0.565446 0.042863
0.517413 0.226998 0.255588
0.308870 0.410801 0.280329
0.315845 0.543020 0.141135
0.413825 0.344187 0.241989
0.487176 0.303525 0.209299
0.065776 0.790281 0.143944
0.656747 0.298515 0.044738
0.046106 0.927567 0.026327
0.174434 0.175897 0.649669
0.115221 0.519538 0.365241
0.607904 0.140370 0.251726
0.349853 0.122922 0.527225
0.307344 0.604012 0.088644
0.297088 0.330496 0.372416
0.278729 0.434547 0.286724
0.445790 0.088545 0.465665
0.811131 0.142969 0.045899
0.767504 0.181664 0.050832
0.210916 0.608838 0.180246
0.215812 0.487410 0.296778
0.264585 0.658151 0.077264
0.329427 0.326888 0.343684
0.304541 0.294384 0.401075
0.587119 0.314503 0.098378
0.816816 0.069555 0.113630
0.796943 0.086583 0.116475
0.086511 0.011247 0.902242
0.064869 0.395664 0.539467
0.355541 0.260310 0.384149
0.360143 0.253003 0.386854
0.646038 0.185699 0.168263
0.326159 0.600028 0.073813
0.575058 0.206316 0.218626
0.057685 0.395408 0.546907
0.638513 0.142517 0.218970
0.591802 0.167393 0.240804
0.689927 0.138825 0.171249
0.023214 0.012194 0.964592
0.131365 0.597391 0.271244
0.756468 0.124774 0.118759
0.288012 0.608751 0.103237
0.394650 0.561672 0.043677
0.532578 0.219682 0.247740
0.308367 0.409433 0.282201
0.316634 0.537442 0.145924
0.421466 0.333253 0.245281
0.492004 0.300411 0.207585
0.064458 0.794924 0.140618
0.645580 0.307866 0.046554
0.044373 0.928927 0.026700
0.168201 0.182200 0.649599
0.117316 0.516199 0.366485
0.600375 0.143207 0.256419
0.373959 0.118629 0.507411
0.305817 0.605095 0.089088
0.295245 0.332296 0.372459
0.284846 0.421040 0.294114
0.447710 0.086818 0.465471
0.819235 0.136114 0.044651
0.762313 0.185885 0.051802
0.206441 0.610586 0.182973
0.216498 0.510428 0.273075
0.263357 0.655026 0.081616
0.337546 0.331768 0.330687
0.317357 0.268234 0.414408
0.570297 0.329527 0.100176
0.816903 0.069611 0.113486
0.794359 0.089959 0.115682
0.084775 0.015137 0.900088
0.059674 0.409695 0.530631
0.325415 0.258017 0.416568
0.366174 0.248227 0.385598
0.644690 0.186322 0.168988
0.318409 0.604453 0.077138
0.626762 0.152561 0.220677
0.060609 0.369483 0.569909
0.641969 0.144952 0.213079
0.612102 0.156754 0.231144
0.676672 0.144500 0.178827
0.024600 0.013429 0.961971
0.161820 0.527886 0.310293
0.747297 0.128397 0.124306
0.304431 0.592765 0.102804
0.411249 0.544779 0.043972
0.538880 0.216867 0.244253
0.298322 0.421185 0.280492
0.310334 0.536840 0.152826
0.398704 0.366773 0.234523
0.492894 0.301325 0.205781
0.066103 0.789541 0.144356
0.635828 0.316294 0.047878
0.044762 0.932697 0.022541
0.190703 0.179879 0.629418
0.120205 0.500912 0.378883
0.607512 0.141113 0.251376
0.377795 0.118151 0.504053
0.303248 0.607513 0.089239
0.294427 0.333439 0.372134
0.281746 0.428217 0.290037
0.466057 0.080963 0.452980
0.815609 0.138538 0.045853
0.759937 0.187451 0.052612
0.209310 0.610485 0.180205
0.228383 0.485702 0.285915
0.261970 0.644384 0.093646
0.340175 0.327250 0.332575
0.304950 0.289976 0.405074
0.569185 0.331866 0.098949
0.817315 0.069345 0.113340
0.809129 0.079991 0.110880
0.090202 0.011189 0.898609
0.058836 0.413433 0.527731
0.337657 0.273251 0.389092
0.371253 0.243954 0.384793
0.648045 0.183950 0.168005
0.326299 0.595209 0.078492
0.556518 0.220783 0.222699
0.055381 0.346436 0.598183
0.637331 0.149975 0.212693
0.605729 0.154773 0.239498
0.667892 0.146907 0.185201
0.024338 0.016085 0.959576
0.140424 0.590801 0.268775
0.754112 0.124004 0.121884
0.291756 0.607428 0.100816
0.438991 0.521966 0.039044
0.519107 0.226083 0.254810
0.303556 0.406082 0.290362
0.299220 0.561912 0.138867
0.397106 0.354086 0.248808
0.486624 0.303917 0.209458
0.065949 0.789651 0.144400
0.614674 0.333177 0.052149
0.052367 0.919765 0.027868
0.154312 0.157653 0.688035
0.115837 0.511938 0.372224
0.603231 0.141406 0.255362
0.382745 0.116612 0.500643
0.303400 0.607510 0.089090
0.287373 0.341831 0.370796
0.256660 0.474709 0.268631
0.449097 0.097309 0.453595
0.820930 0.134163 0.044907
0.746956 0.198416 0.054628
0.210497 0.610052 0.179451
0.212446 0.525613 0.261941
0.221944 0.695176 0.082880
0.330660 0.329388 0.339952
0.319696 0.268931 0.411373
0.570340 0.329553 0.100107
0.819495 0.068487 0.112018
0.792479 0.091151 0.116369
0.093238 0.011685 0.895076
0.067638 0.408232 0.524130
0.364416 0.234243 0.401341
0.365870 0.244732 0.389398
0.653565 0.180983 0.165452
0.324195 0.596019 0.079786
0.564285 0.214799 0.220916
0.055415 0.385461 0.559125
0.643353 0.139967 0.216680
0.609625 0.152086 0.238290
0.685228 0.141363 0.173409
0.022051 0.012513 0.965436
0.141190 0.591773 0.267037
0.754010 0.126107 0.119882
0.290397 0.614280 0.095323
0.405723 0.552900 0.041377
0.523992 0.223630 0.252378
0.314811 0.396998 0.288191
0.317474 0.544006 0.138519
0.420948 0.337264 0.241788
0.509686 0.290968 0.199347
0.067266 0.790197 0.142537
0.625825 0.321431 0.052743
0.046514 0.929088 0.024398
0.160974 0.163099 0.675926
0.118747 0.513698 0.367555
0.600260 0.143571 0.256168
0.369635 0.119214 0.511152
0.309109 0.601649 0.089241
0.292478 0.334651 0.372871
0.280553 0.430827 0.288621
0.451429 0.088951 0.459619
0.819311 0.135145 0.045545
0.745696 0.199303 0.055001
0.208062 0.611064 0.180873
0.227006 0.486226 0.286768
0.257300 0.658801 0.083899
0.329426 0.325910 0.344665
0.315244 0.271084 0.413673
0.575438 0.325573 0.098989
0.816262 0.069719 0.114019
0.806967 0.076661 0.116372
0.089884 0.011557 0.898559
0.064716 0.419187 0.516098
0.368232 0.242297 0.389471
0.363532 0.241717 0.394751
0.642171 0.187414 0.170415
0.318101 0.604700 0.077199
0.634942 0.179068 0.185990
0.054756 0.375623 0.569621
0.632075 0.144709 0.223216
0.601420 0.159109 0.239471
0.683289 0.142159 0.174552
0.017855 0.011366 0.970778
0.139308 0.594724 0.265967
0.746867 0.129712 0.123421
0.286937 0.615589 0.097473
0.387257 0.570081 0.042662
0.543031 0.214508 0.242461
0.290160 0.424927 0.284913
0.313233 0.542317 0.144450
0.411799 0.337311 0.250890
0.517247 0.283212 0.199541
0.064534 0.792507 0.142959
0.617405 0.332284 0.050311
0.044110 0.932989 0.022901
0.162938 0.175894 0.661168
0.117974 0.520828 0.361199
0.600771 0.141364 0.257865
0.377484 0.117865 0.504651
0.306688 0.602003 0.091309
0.292661 0.336584 0.370755
0.278586 0.430168 0.291246
0.435375 0.092758 0.471867
0.817273 0.136863 0.045864
0.741185 0.202825 0.055991
0.206004 0.611643 0.182353
0.218004 0.509456 0.272541
0.258003 0.663900 0.078097
0.335138 0.332580 0.332282
0.313794 0.276690 0.409516
0.568707 0.329734 0.101560
0.818149 0.068988 0.112864
0.798407 0.084867 0.116726
0.088161 0.011930 0.899909
0.059792 0.412536 0.527673
0.358475 0.249287 0.392239
0.369716 0.241761 0.388523
0.641348 0.187293 0.171360
0.325111 0.597094 0.077795
0.573356 0.197136 0.229508
0.056015 0.381615 0.562370
0.631446 0.141340 0.227214
0.607033 0.154234 0.238733
0.682531 0.142510 0.174959
0.018253 0.011762 0.969985
0.139009 0.592458 0.268533
0.756272 0.124774 0.118954
0.281869 0.621368 0.096763
0.388888 0.568729 0.042383
0.535681 0.218178 0.246141
0.292643 0.418889 0.288468
0.310964 0.548390 0.140646
0.428401 0.327629 0.243970
0.502313 0.294323 0.203364
0.064712 0.792256 0.143032
0.625723 0.325216 0.049060
0.045273 0.927608 0.027119
0.186840 0.181384 0.631775
0.117618 0.523438 0.358943
0.607636 0.140656 0.251708
0.383596 0.115614 0.500790
0.309941 0.597412 0.092647
0.301209 0.343369 0.355422
0.279029 0.429875 0.291096
0.444684 0.095237 0.460079
0.817845 0.137140 0.045015
0.741392 0.203478 0.055130
0.209182 0.611218 0.179600
0.196052 0.535641 0.268308
0.263377 0.648662 0.087960
0.334551 0.328596 0.336853
0.310293 0.277438 0.412270
0.575818 0.321847 0.102334
0.814410 0.069936 0.115654
0.769787 0.116861 0.113352
0.094025 0.012192 0.893782
0.063241 0.415414 0.521345
0.353380 0.246385 0.400235
0.378728 0.243139 0.378133
0.650038 0.183278 0.166684
0.322615 0.596526 0.080859
0.567141 0.209820 0.223039
0.054671 0.377219 0.568110
0.637328 0.143520 0.219153
0.599827 0.155865 0.244308
0.688721 0.140229 0.171050
0.024995 0.012448 0.962557
0.143890 0.592095 0.264015
0.758408 0.121964 0.119629
0.288870 0.614304 0.096827
0.389896 0.567632 0.042472
0.535427 0.218525 0.246048
0.287761 0.424145 0.288094
0.307858 0.554539 0.137603
0.421163 0.344858 0.233979
0.494316 0.298431 0.207253
0.063713 0.791604 0.144683
0.618471 0.331920 0.049609
0.044525 0.928254 0.027221
0.188175 0.187806 0.624019
0.118906 0.513656 0.367437
0.604271 0.140821 0.254909
0.362937 0.120974 0.516090
0.311499 0.600367 0.088134
0.297409 0.329336 0.373255
0.277803 0.425937 0.296260
0.473367 0.088793 0.437840
0.816704 0.137476 0.045820
0.754251 0.191889 0.053860
0.211666 0.609266 0.179068
0.217898 0.495212 0.286890
0.273578 0.631499 0.094922
0.330922 0.324864 0.344214
0.315928 0.270445 0.413627
0.569620 0.331071 0.099309
0.814911 0.068832 0.116257
0.798528 0.083505 0.117967
0.082846 0.011181 0.905973
0.058778 0.417586 0.523637
0.368671 0.224324 0.407005
0.369311 0.245530 0.385160
0.648278 0.184173 0.167549
0.326968 0.593718 0.079314
0.604125 0.181454 0.214421
0.056885 0.381944 0.561171
0.652528 0.135801 0.211670
0.607019 0.158241 0.234740
0.680169 0.144088 0.175743
0.022147 0.011882 0.965970
0.152400 0.569369 0.278232
0.759982 0.120987 0.119031
0.275534 0.627608 0.096858
0.416277 0.543124 0.040599
0.521549 0.224060 0.254390
0.301249 0.413740 0.285011
0.305639 0.554642 0.139719
0.417178 0.349517 0.233305
0.488743 0.301048 0.210208
0.064928 0.791048 0.144025
0.668231 0.288267 0.043502
0.047807 0.927685 0.024508
0.184948 0.211372 0.603680
0.118340 0.498935 0.382725
0.611533 0.137815 0.250652
0.386612 0.116641 0.496747
0.301981 0.608530 0.089489
0.298765 0.328102 0.373132
0.257821 0.450924 0.291254
0.476360 0.076223 0.447417
0.814194 0.139355 0.046451
0.747202 0.197478 0.055320
0.208050 0.611621 0.180329
0.231667 0.469419 0.298914
0.244127 0.665112 0.090761
0.329208 0.323345 0.347447
0.312677 0.276819 0.410504
0.573772 0.324562 0.101666
0.807975 0.070029 0.121996
0.805607 0.079935 0.114458
0.089296 0.011189 0.899515
0.067502 0.430282 0.502216
0.350861 0.240931 0.408207
0.367460 0.245951 0.386589
0.644620 0.186045 0.169335
0.346831 0.580432 0.072738
0.591308 0.192027 0.216665
0.057206 0.383188 0.559607
0.627389 0.147975 0.224636
0.637064 0.148273 0.214663
0.695950 0.136934 0.167116
0.017244 0.011157 0.971599
0.149481 0.578677 0.271841
0.749131 0.127297 0.123571
0.302176 0.600705 0.097119
0.381009 0.575154 0.043837
0.518699 0.222627 0.258674
0.297656 0.420696 0.281648
0.287197 0.572812 0.139991
0.406258 0.345207 0.248534
0.514368 0.287084 0.198548
0.062371 0.801438 0.136191
0.648915 0.305407 0.045678
0.044046 0.926640 0.029313
0.172821 0.173252 0.653927
0.116139 0.510059 0.373801
0.610693 0.138250 0.251057
0.368819 0.118836 0.512345
0.308152 0.603395 0.088452
0.303411 0.325946 0.370642
0.265475 0.445599 0.288926
0.451009 0.084107 0.464884
0.822677 0.132981 0.044341
0.736586 0.207193 0.056221
0.211123 0.609071 0.179806
0.225857 0.478299 0.295844
0.254155 0.654984 0.090861
0.335075 0.325925 0.339000
0.325598 0.268205 0.406197
0.582749 0.312120 0.105130
0.821990 0.067555 0.110455
0.800847 0.083618 0.115535
0.085886 0.010659 0.903455
0.056454 0.430473 0.513073
0.353275 0.239280 0.407445
0.373517 0.240884 0.385599
0.641973 0.187092 0.170934
0.316182 0.605265 0.078553
0.566885 0.212758 0.220356
0.054334 0.368098 0.577568
0.643296 0.141696 0.215008
0.618531 0.154734 0.226735
0.684351 0.141811 0.173839
0.021073 0.011862 0.967066
0.141488 0.596796 0.261715
0.753446 0.124928 0.121626
0.284027 0.612491 0.103482
0.385885 0.569234 0.044882
0.528442 0.214737 0.256821
0.302765 0.412883 0.284352
0.312236 0.545183 0.142581
0.419742 0.337125 0.243133
0.489326 0.301764 0.208910
0.063986 0.799990 0.136024
0.627177 0.323801 0.049022
0.045761 0.926628 0.027611
0.180049 0.172846 0.647105
0.113564 0.509773 0.376663
0.599085 0.142876 0.258038
0.379575 0.117527 0.502898
0.311557 0.600421 0.088022
0.317540 0.320099 0.362361
0.283914 0.425922 0.290164
0.439762 0.093121 0.467117
0.818544 0.135623 0.045833
0.732133 0.212010 0.055858
0.206570 0.613239 0.180192
0.233908 0.473640 0.292453
0.251614 0.662339 0.086047
0.334156 0.328781 0.337063
0.315179 0.275106 0.409715
0.588375 0.310542 0.101084
0.816912 0.069459 0.113630
0.800598 0.079890 0.119512
0.089500 0.011390 0.899110
0.058759 0.421244 0.519997
0.345753 0.241360 0.412887
0.367627 0.242796 0.389577
0.645542 0.185634 0.168824
0.314215 0.610627 0.075158
0.572662 0.207512 0.219827
0.056187 0.364730 0.579084
0.645896 0.142491 0.211614
0.604003 0.158048 0.237948
0.685527 0.141629 0.172844
0.022130 0.011000 0.966871
0.143299 0.596567 0.260134
0.757020 0.124271 0.118708
0.292532 0.602746 0.104722
0.389971 0.563017 0.047012
0.533005 0.219549 0.247446
0.287799 0.428407 0.283794
0.310620 0.540777 0.148603
0.389594 0.370875 0.239530
0.490906 0.300786 0.208308
0.065037 0.790943 0.144021
0.602906 0.343352 0.053742
0.043167 0.933842 0.022992
0.158374 0.177076 0.664550
0.122698 0.493577 0.383725
0.602448 0.142158 0.255394
0.376719 0.121337 0.501944
0.305748 0.605463 0.088790
0.304009 0.325750 0.370240
0.283507 0.418682 0.297812
0.450453 0.087086 0.462461
0.815941 0.136843 0.047216
0.755734 0.191886 0.052380
0.209198 0.611215 0.179586
0.208705 0.516658 0.274637
0.245165 0.670718 0.084116
0.325479 0.326888 0.347633
0.317471 0.272617 0.409912
0.585358 0.311942 0.102700
0.818857 0.068727 0.112416
0.788826 0.092697 0.118478
0.087599 0.011423 0.900978
0.064716 0.426414 0.508869
0.350629 0.240662 0.408709
0.356281 0.261456 0.382263
0.645711 0.185079 0.169210
0.322822 0.602244 0.074933
0.612334 0.183050 0.204615
0.059531 0.374521 0.565948
0.621197 0.150054 0.228749
0.577791 0.190323 0.231886
0.692033 0.138305 0.169661
0.017790 0.011270 0.970940
0.142413 0.581962 0.275625
0.759189 0.122257 0.118553
0.297249 0.601956 0.100795
0.420725 0.535060 0.044215
0.524332 0.223470 0.252197
0.287513 0.429688 0.282799
0.325536 0.522306 0.152158
0.400245 0.345341 0.254413
0.501031 0.294818 0.204150
0.066648 0.796062 0.137290
0.608656 0.336379 0.054965
0.045021 0.934141 0.020838
0.153494 0.177929 0.668577
0.116904 0.518319 0.364777
0.603753 0.141208 0.255038
0.393904 0.120619 0.485477
0.303015 0.607872 0.089113
0.318062 0.317626 0.364312
0.248834 0.480954 0.270212
0.438861 0.094377 0.466762
0.817519 0.137185 0.045296
0.746020 0.197660 0.056320
0.208268 0.611925 0.179808
0.223350 0.478895 0.297755
0.228778 0.690143 0.081079
0.335459 0.329389 0.335152
0.315822 0.268238 0.415940
0.573609 0.326875 0.099516
0.817288 0.068852 0.113860
0.808432 0.077032 0.114537
0.086576 0.011909 0.901515
0.063876 0.406028 0.530096
0.360547 0.230459 0.408994
0.373355 0.245731 0.380914
0.645485 0.185768 0.168747
0.332316 0.593081 0.074604
0.583215 0.208318 0.208467
0.056727 0.410466 0.532808
0.656395 0.133941 0.209665
0.606962 0.156587 0.236451
0.685583 0.141643 0.172774
0.023100 0.010981 0.965919
0.139292 0.592823 0.267886
0.756835 0.124891 0.118274
0.279436 0.623087 0.097477
0.419552 0.540159 0.040289
0.536822 0.217869 0.245309
0.297817 0.424758 0.277425
0.310331 0.549150 0.140519
0.424507 0.334749 0.240744
0.488789 0.302167 0.209044
0.067415 0.790478 0.142107
0.606778 0.341519 0.051703
0.044173 0.932714 0.023113
0.159752 0.176022 0.664226
0.114709 0.518018 0.367273
0.603606 0.141646 0.254748
0.361066 0.124438 0.514497
0.305628 0.604659 0.089712
0.308936 0.323552 0.367512
0.248942 0.483462 0.267596
0.448066 0.090635 0.461299
0.815844 0.138562 0.045594
0.777783 0.174159 0.048058
0.206582 0.613020 0.180399
0.220607 0.496472 0.282920
0.214095 0.703721 0.082184
0.331046 0.329343 0.339611
0.321434 0.272240 0.406327
0.567596 0.331796 0.100607
0.813972 0.069225 0.116803
0.782634 0.101491 0.115874
0.082655 0.011446 0.905900
0.057714 0.397658 0.544628
0.354878 0.249035 0.396088
0.377286 0.243698 0.379015
0.642862 0.187332 0.169806
0.333072 0.587446 0.079482
0.602478 0.190890 0.206632
0.060617 0.388398 0.550985
0.642247 0.140310 0.217443
0.599096 0.156139 0.244764
0.664463 0.151118 0.184419
0.020906 0.011842 0.967251
0.138361 0.591884 0.269756
0.763547 0.120395 0.116058
0.290472 0.610313 0.099215
0.408650 0.550260 0.041090
0.526218 0.222392 0.251390
0.302857 0.412327 0.284816
0.315602 0.541377 0.143021
0.388542 0.389768 0.221689
0.501195 0.294209 0.204597
0.064713 0.790753 0.144534
0.643346 0.307299 0.049355
0.046085 0.927192 0.026722
0.174695 0.169010 0.656295
0.116517 0.502875 0.380607
0.603262 0.141656 0.255082
0.365208 0.131117 0.503676
0.306234 0.602081 0.091686
0.311538 0.324578 0.363884
0.273309 0.436493 0.290198
0.455832 0.092807 0.451361
0.819949 0.135283 0.044769
0.774136 0.176401 0.049462
0.209930 0.608407 0.181664
0.219196 0.497339 0.283465
0.234519 0.676687 0.088794
0.340258 0.318994 0.340748
0.313369 0.272133 0.414498
0.564408 0.335715 0.099878
0.815794 0.066831 0.117375
0.795653 0.084825 0.119522
0.083897 0.010812 0.905291
0.057985 0.411041 0.530974
0.351179 0.233544 0.415278
0.374191 0.249734 0.376075
0.651182 0.182649 0.166169
0.333614 0.590653 0.075732
0.571838 0.204634 0.223528
0.056734 0.401437 0.541829
0.629012 0.142020 0.228968
0.631320 0.160678 0.208001
0.684978 0.139781 0.175240
0.023713 0.012385 0.963902
0.138436 0.594356 0.267208
0.755502 0.124815 0.119683
0.295749 0.610115 0.094136
0.392797 0.564535 0.042667
0.516931 0.226609 0.256460
0.299946 0.415425 0.284629
0.316705 0.538733 0.144562
0.423794 0.336844 0.239362
0.496674 0.296261 0.207064
0.067813 0.793765 0.138422
0.617421 0.328251 0.054329
0.048184 0.928935 0.022882
0.176125 0.175227 0.648648
0.114030 0.510202 0.375769
0.603305 0.141891 0.254805
0.387863 0.132832 0.479304
0.308875 0.598115 0.093009
0.292428 0.342648 0.364924
0.286301 0.422321 0.291378
0.443737 0.091407 0.464857
0.816301 0.137634 0.046065
0.779459 0.172251 0.048290
0.211699 0.607264 0.181037
0.200791 0.534568 0.264641
0.242667 0.675238 0.082094
0.329425 0.325638 0.344937
0.315795 0.272647 0.411557
0.572820 0.329088 0.098092
0.818725 0.068310 0.112965
0.791470 0.095069 0.113462
0.087619 0.011636 0.900746
0.066089 0.414827 0.519084
0.329855 0.247434 0.422710
0.362912 0.245510 0.391578
0.643408 0.186680 0.169912
0.345517 0.579713 0.074770
0.589514 0.186032 0.224454
0.060011 0.396007 0.543982
0.630039 0.143097 0.226864
0.634147 0.144881 0.220972
0.676549 0.145673 0.177778
0.020974 0.014362 0.964663
0.143177 0.589888 0.266935
0.752600 0.125658 0.121741
0.282559 0.617855 0.099587
0.410822 0.548191 0.040987
0.518162 0.222876 0.258962
0.297615 0.416713 0.285673
0.294372 0.561797 0.143830
0.396807 0.371593 0.231599
0.488254 0.303581 0.208165
0.065816 0.791419 0.142764
0.612804 0.335646 0.051550
0.049798 0.924560 0.025642
0.175121 0.175624 0.649255
0.122682 0.487213 0.390105
0.612088 0.139264 0.248648
0.393528 0.118081 0.488391
0.300077 0.610331 0.089591
0.289460 0.347436 0.363104
0.272609 0.429635 0.297756
0.463758 0.075300 0.460943
0.811343 0.140346 0.048311
0.766675 0.182796 0.050529
0.211231 0.608952 0.179816
0.187793 0.574743 0.237464
0.249788 0.667059 0.083153
0.328738 0.318666 0.352595
0.309805 0.277666 0.412529
0.571034 0.329025 0.099942
0.814519 0.068549 0.116932
0.762697 0.125177 0.112126
0.091600 0.011517 0.896883
0.062531 0.422998 0.514471
0.349488 0.238539 0.411973
0.369077 0.243183 0.387740
0.644246 0.186001 0.169753
0.523949 0.351189 0.124862
0.590307 0.197860 0.211833
0.057434 0.387160 0.555405
0.622079 0.152332 0.225589
0.608713 0.152523 0.238764
0.686121 0.140932 0.172947
0.021193 0.036531 0.942276
0.139498 0.600013 0.260489
0.755847 0.123356 0.120797
0.289695 0.608058 0.102247
0.391397 0.566373 0.042230
0.516346 0.220013 0.263641
0.303463 0.394988 0.301549
0.314772 0.543701 0.141527
0.393971 0.371633 0.234396
0.492273 0.301389 0.206338
0.065176 0.791365 0.143459
0.620836 0.324743 0.054421
0.048962 0.922834 0.028205
0.185236 0.169688 0.645076
0.119158 0.491096 0.389745
0.599760 0.143879 0.256361
0.355554 0.125767 0.518679
0.309292 0.601897 0.088810
0.302312 0.340586 0.357101
0.257197 0.459750 0.283054
0.453932 0.083178 0.462889
0.817072 0.133748 0.049180
0.744937 0.201104 0.053960
0.210386 0.609780 0.179834
0.220653 0.494513 0.284834
0.224273 0.705120 0.070606
0.332417 0.323772 0.343811
0.322449 0.267118 0.410434
0.571847 0.326107 0.102046
0.809695 0.067258 0.123047
0.794464 0.088491 0.117045
0.088070 0.017541 0.894389
0.059625 0.403267 0.537108
0.333097 0.240512 0.426391
0.370095 0.245887 0.384017
0.643542 0.186209 0.170248
0.345680 0.579281 0.075038
0.585790 0.185071 0.229139
0.056613 0.393360 0.550027
0.638023 0.142359 0.219618
0.613290 0.147153 0.239557
0.673995 0.145718 0.180287
0.020810 0.012307 0.966883
0.139574 0.597154 0.263272
0.754406 0.125242 0.120353
0.285113 0.616299 0.098588
0.387403 0.569946 0.042651
0.520135 0.225807 0.254059
0.298068 0.422254 0.279678
0.309455 0.545266 0.145279
0.401752 0.353498 0.244750
0.490116 0.302613 0.207271
0.065122 0.792048 0.142830
0.595156 0.341783 0.063061
0.045025 0.928954 0.026020
0.176647 0.182565 0.640788
0.119087 0.494585 0.386328
0.602327 0.143750 0.253923
0.352392 0.122479 0.525129
0.311622 0.599724 0.088654
0.295369 0.327932 0.376699
0.283655 0.417948 0.298396
0.463526 0.087279 0.449195
0.814085 0.137239 0.048676
0.758452 0.189222 0.052326
0.211512 0.608176 0.180312
0.221497 0.479686 0.298817
0.264418 0.652105 0.083477
0.331621 0.328891 0.339487
0.315770 0.269750 0.414480
0.570246 0.329939 0.099815
0.810588 0.067457 0.121955
0.799283 0.084538 0.116179
0.079631 0.010097 0.910272
0.060818 0.414040 0.525142
0.357190 0.237296 0.405513
0.363086 0.243245 0.393668
0.647432 0.184631 0.167937
0.327644 0.592254 0.080102
0.593465 0.202373 0.204161
0.061202 0.388313 0.550485
0.626955 0.146779 0.226266
0.616752 0.154327 0.228921
0.680237 0.143555 0.176207
0.020737 0.011883 0.967379
0.142537 0.596868 0.260595
0.753318 0.125353 0.121329
0.296910 0.600650 0.102440
0.423276 0.536612 0.040112
0.536372 0.217893 0.245735
0.314348 0.406696 0.278957
0.327211 0.527311 0.145478
0.403486 0.355668 0.240846
0.490781 0.302981 0.206238
0.068592 0.787920 0.143489
0.627412 0.317914 0.054673
0.046750 0.926391 0.026858
0.162544 0.168018 0.669438
0.118651 0.500472 0.380877
0.608894 0.140245 0.250862
0.378380 0.118052 0.503568
0.308884 0.602472 0.088645
0.291344 0.332659 0.375997
0.273735 0.429878 0.296386
0.488626 0.083550 0.427824
0.808877 0.141743 0.049380
0.746399 0.197744 0.055857
0.211824 0.608719 0.179457
0.222453 0.486365 0.291182
0.232603 0.698408 0.068989
0.328073 0.325537 0.346390
0.305925 0.286957 0.407119
0.574383 0.326352 0.099265
0.810795 0.068866 0.120339
0.806897 0.079067 0.114036
0.081999 0.013892 0.904109
0.060638 0.417834 0.521528
0.355324 0.244163 0.400513
0.369772 0.243543 0.386686
0.646439 0.184699 0.168862
0.311063 0.609448 0.079488
0.605499 0.168311 0.226191
0.062058 0.343168 0.594774
0.611953 0.160153 0.227895
0.615072 0.155853 0.229075
0.688955 0.139688 0.171357
0.019460 0.011351 0.969189
0.140533 0.595732 0.263735
0.761018 0.122371 0.116611
0.299779 0.594460 0.105761
0.390030 0.567605 0.042364
0.529467 0.221058 0.249475
0.309722 0.413985 0.276293
0.307274 0.545640 0.147086
0.391970 0.374988 0.233042
0.502074 0.295314 0.202612
0.063958 0.795700 0.140343
0.631221 0.316983 0.051796
0.044398 0.933333 0.022269
0.173932 0.176288 0.649780
0.114720 0.498448 0.386832
0.607599 0.141693 0.250709
0.362058 0.121985 0.515958
0.315267 0.597186 0.087547
0.312263 0.327731 0.360006
0.276565 0.430628 0.292808
0.474614 0.080971 0.444414
0.812243 0.137486 0.050271
0.746974 0.197118 0.055908
0.210206 0.610094 0.179700
0.203601 0.521979 0.274421
0.214654 0.716062 0.069284
0.339934 0.319210 0.340856
0.312296 0.268292 0.419412
0.569573 0.329871 0.100555
0.820314 0.068170 0.111516
0.790733 0.091440 0.117827
0.087560 0.021366 0.891074
0.059555 0.434421 0.506024
0.355204 0.232805 0.411992
0.372124 0.237723 0.390153
0.652022 0.182246 0.165732
0.335801 0.586336 0.077863
0.625342 0.156835 0.217823
0.058933 0.372215 0.568852
0.639689 0.140865 0.219445
0.621152 0.155112 0.223736
0.667253 0.149524 0.183224
0.021535 0.011238 0.967227
0.142466 0.574745 0.282790
0.753916 0.125076 0.121008
0.295109 0.604829 0.100062
0.385680 0.571779 0.042541
0.521788 0.223946 0.254266
0.296195 0.418635 0.285170
0.293657 0.559318 0.147025
0.409319 0.333809 0.256873
0.501567 0.294765 0.203668
0.060787 0.802271 0.136942
0.634840 0.317465 0.047695
0.047090 0.926223 0.026687
0.164548 0.175656 0.659796
0.110915 0.525271 0.363814
0.603425 0.141834 0.254741
0.380956 0.117843 0.501201
0.310220 0.601431 0.088349
0.302656 0.330568 0.366777
0.281473 0.427974 0.290553
0.427212 0.095728 0.477060
0.812257 0.140344 0.047398
0.754016 0.193619 0.052365
0.209166 0.609226 0.181608
0.214062 0.508897 0.277041
0.261870 0.647684 0.090447
0.328998 0.329343 0.341658
0.306476 0.280371 0.413153
0.582140 0.313795 0.104065
0.825269 0.066362 0.108368
0.779732 0.106933 0.113335
0.087849 0.010987 0.901164
0.065293 0.417008 0.517699
0.360282 0.244502 0.395215
0.361382 0.249944 0.388674
0.645487 0.185549 0.168964
0.335623 0.580853 0.083524
0.589599 0.202043 0.208359
0.058895 0.392799 0.548306
0.623176 0.146491 0.230333
0.601179 0.164053 0.234768
0.675764 0.143516 0.180720
0.018755 0.012638 0.968608
0.144872 0.589475 0.265653
0.758261 0.123654 0.118085
0.294221 0.602856 0.102923
0.393642 0.563417 0.042940
0.517633 0.222109 0.260258
0.309011 0.401636 0.289354
0.311777 0.552075 0.136148
0.411911 0.351656 0.236433
0.497934 0.298653 0.203413
0.060900 0.807244 0.131856
0.651687 0.302339 0.045974
0.050799 0.914329 0.034872
0.173825 0.166682 0.659493
0.120079 0.490072 0.389849
0.601863 0.144156 0.253981
0.394136 0.120720 0.485144
0.306042 0.605069 0.088889
0.311889 0.325722 0.362389
0.263127 0.451804 0.285069
0.450147 0.076722 0.473131
0.806171 0.145318 0.048511
0.769271 0.181393 0.049336
0.212961 0.601508 0.185531
0.208809 0.502118 0.289073
0.226838 0.695341 0.077820
0.331662 0.318261 0.350077
0.290232 0.293960 0.415808
0.590315 0.306556 0.103130
0.818344 0.068289 0.113367
0.788407 0.102380 0.109213
0.095705 0.012047 0.892248
0.059440 0.440968 0.499592
0.351766 0.251251 0.396983
0.358848 0.245982 0.395170
0.641985 0.186693 0.171323
0.349959 0.568896 0.081145
0.582612 0.193636 0.223752
0.063161 0.380661 0.556179
0.641220 0.152219 0.206560
0.603221 0.160832 0.235947
0.683352 0.139595 0.177054
0.019409 0.012840 0.967751
0.145651 0.587481 0.266868
0.745043 0.128699 0.126258
0.327650 0.549427 0.122924
0.434742 0.522852 0.042405
0.526582 0.211428 0.261990
0.320749 0.383896 0.295355
0.317374 0.539310 0.143316
0.404704 0.346877 0.248419
0.510501 0.278134 0.211364
0.062906 0.800245 0.136849
0.606380 0.341833 0.051787
0.059849 0.904686 0.035465
0.177011 0.166090 0.656899
0.111144 0.500068 0.388789
0.608129 0.140234 0.251637
0.388878 0.118943 0.492179
0.302873 0.607896 0.089231
0.314888 0.328897 0.356215
0.271058 0.432869 0.296073
0.436732 0.086959 0.476309
0.803787 0.147267 0.048946
0.740869 0.204659 0.054472
0.210646 0.609255 0.180099
0.214154 0.508255 0.277591
0.257558 0.659452 0.082990
0.333320 0.328590 0.338090
0.310731 0.276446 0.412823
0.577235 0.315240 0.107525
0.819271 0.067251 0.113478
0.794062 0.087166 0.118772
0.087913 0.011437 0.900650
0.057445 0.433926 0.508628
0.329888 0.258306 0.411806
0.369640 0.246598 0.383762
0.649362 0.183216 0.167422
0.319870 0.603541 0.076588
0.591767 0.185584 0.222650
0.066318 0.359813 0.573869
0.628385 0.147176 0.224439
0.580944 0.175250 0.243806
0.676411 0.145288 0.178301
0.021713 0.011856 0.966430
0.147840 0.574866 0.277294
0.755553 0.122824 0.121622
0.285127 0.612003 0.102870
0.420608 0.528695 0.050697
0.519764 0.215231 0.265005
0.295233 0.420244 0.284523
0.310003 0.550016 0.139981
0.370538 0.392902 0.236560
0.493414 0.299906 0.206680
0.056484 0.810800 0.132716
0.622599 0.325068 0.052334
0.044795 0.932235 0.022970
0.179888 0.169109 0.651004
0.114622 0.493339 0.392039
0.610485 0.139297 0.250217
0.401078 0.116388 0.482534
0.303688 0.606052 0.090259
0.300632 0.334240 0.365129
0.270448 0.434251 0.295301
0.420400 0.152387 0.427213
0.814440 0.139181 0.046379
0.734285 0.215162 0.050553
0.205925 0.611330 0.182745
0.227983 0.492111 0.279906
0.260808 0.652715 0.086478
0.340058 0.322896 0.337046
0.314869 0.270326 0.414805
0.623093 0.256558 0.120349
0.813427 0.067626 0.118946
0.796593 0.086578 0.116829
0.086653 0.011245 0.902102
0.048543 0.426650 0.524806
0.352937 0.234123 0.412940
0.365388 0.255487 0.379124
0.652668 0.181676 0.165656
0.326836 0.599531 0.073633
0.569468 0.211139 0.219393
0.062848 0.396334 0.540818
0.637466 0.140919 0.221614
0.583301 0.171385 0.245314
0.691142 0.136904 0.171953
0.024424 0.013533 0.962042
0.145336 0.592306 0.262358
0.746645 0.131151 0.122204
0.281047 0.620069 0.098885
0.411684 0.538328 0.049988
0.521741 0.216180 0.262079
0.315799 0.403192 0.281009
0.330879 0.526362 0.142758
0.407352 0.363117 0.229532
0.488136 0.302064 0.209800
0.061920 0.797505 0.140575
0.649353 0.298536 0.052111
0.048259 0.925103 0.026638
0.173515 0.167789 0.658696
0.120185 0.478434 0.401380
0.613765 0.138221 0.248014
0.380542 0.114850 0.504608
0.301583 0.606266 0.092152
0.299588 0.336575 0.363837
0.273700 0.430855 0.295445
0.400591 0.175970 0.423439
0.811776 0.140636 0.047588
0.745029 0.201180 0.053791
0.210046 0.607807 0.182147
0.213039 0.521857 0.265104
0.232343 0.694536 0.073121
0.319767 0.341432 0.338801
0.314994 0.272347 0.412659
0.581741 0.314510 0.103749
0.818840 0.068873 0.112287
0.789913 0.096646 0.113441
0.086481 0.013378 0.900141
0.057929 0.438067 0.504005
0.364089 0.234717 0.401195
0.372333 0.241338 0.386329
0.649424 0.183308 0.167268
0.328142 0.596718 0.075140
0.592935 0.193107 0.213958
0.062930 0.413825 0.523245
0.639817 0.141150 0.219033
0.587657 0.164775 0.247568
0.676733 0.143187 0.180079
0.022317 0.013053 0.964631
0.177325 0.482122 0.340552
0.751945 0.127178 0.120876
0.283275 0.610529 0.106196
0.437554 0.523499 0.038947
0.532785 0.215394 0.251821
0.295266 0.422119 0.282615
0.306238 0.541249 0.152512
0.403621 0.348755 0.247623
0.495737 0.299271 0.204992
0.064998 0.792777 0.142225
0.604742 0.337164 0.058093
0.043391 0.930823 0.025786
0.156748 0.166034 0.677218
0.115091 0.515485 0.369424
0.599134 0.144931 0.255935
0.352478 0.122861 0.524661
0.301541 0.604846 0.093612
0.297956 0.326081 0.375963
0.253418 0.444739 0.301843
0.423617 0.091857 0.484526
0.809065 0.142620 0.048315
0.750028 0.194516 0.055457
0.209377 0.608166 0.182456
0.229687 0.478290 0.292023
0.244446 0.677305 0.078249
0.326673 0.326138 0.347189
0.300966 0.285049 0.413984
0.578937 0.319077 0.101985
0.821218 0.066664 0.112117
0.807984 0.077271 0.114745
0.086063 0.012477 0.901460
0.063915 0.398660 0.537425
0.353891 0.258033 0.388076
0.368330 0.247596 0.384075
0.643431 0.187599 0.168970
0.332502 0.593888 0.073610
0.596524 0.170397 0.233079
0.057334 0.395631 0.547035
0.634898 0.150926 0.214175
0.628503 0.154819 0.216679
0.667837 0.145730 0.186434
0.020854 0.012503 0.966643
0.170069 0.517060 0.312871
0.747634 0.129895 0.122472
0.294804 0.594208 0.110988
0.423069 0.536607 0.040324
0.508823 0.222610 0.268567
0.304943 0.410643 0.284414
0.379179 0.454476 0.166345
0.393210 0.364050 0.242740
0.505650 0.292295 0.202055
0.060364 0.807457 0.132179
0.641583 0.307871 0.050546
0.051184 0.927708 0.021108
0.167806 0.180229 0.651965
0.119836 0.489178 0.390986
0.602157 0.144569 0.253275
0.364685 0.119501 0.515814
0.308096 0.602398 0.089506
0.293130 0.337347 0.369523
0.259213 0.439724 0.301062
0.451780 0.082175 0.466044
0.812986 0.139228 0.047786
0.740822 0.203207 0.055971
0.212292 0.608271 0.179438
0.218213 0.499884 0.281903
0.246701 0.661649 0.091650
0.343653 0.322004 0.334343
0.311953 0.263472 0.424575
0.572419 0.324689 0.102893
0.818065 0.068612 0.113323
0.800449 0.080011 0.119541
0.089450 0.010883 0.899666
0.059646 0.421801 0.518553
0.374727 0.229887 0.395386
0.371305 0.240946 0.387750
0.645951 0.185667 0.168382
0.309032 0.613457 0.077511
0.585300 0.202454 0.212246
0.058948 0.372303 0.568748
0.637110 0.140992 0.221897
0.618981 0.153096 0.227923
0.672703 0.147037 0.180260
0.017701 0.012568 0.969731
0.140569 0.589069 0.270362
0.756926 0.123948 0.119127
0.291633 0.603760 0.104607
0.398732 0.559526 0.041742
0.515776 0.223819 0.260405
0.302572 0.414238 0.283190
0.305986 0.553640 0.140374
0.400676 0.349324 0.250000
0.500508 0.290599 0.208892
0.064838 0.791941 0.143222
0.640724 0.312441 0.046834
0.050022 0.927006 0.022972
0.181391 0.173511 0.645099
0.112889 0.503781 0.383330
0.600421 0.145277 0.254302
0.382587 0.116982 0.500431
0.306284 0.602540 0.091175
0.297231 0.334500 0.368269
0.258513 0.459510 0.281977
0.450137 0.094230 0.455632
0.803460 0.150098 0.046442
0.764672 0.183158 0.052171
0.207881 0.611529 0.180590
0.224412 0.494140 0.281448
0.233551 0.686844 0.079605
0.344971 0.328597 0.326432
0.288596 0.293457 0.417947
0.568643 0.332178 0.099179
0.813502 0.069021 0.117477
0.803463 0.081639 0.114898
0.084425 0.020556 0.895020
0.057026 0.418778 0.524196
0.330664 0.261593 0.407742
0.375919 0.240245 0.383836
0.646173 0.184467 0.169360
0.345620 0.579341 0.075039
0.608451 0.166379 0.225170
0.057687 0.366133 0.576180
0.620381 0.148504 0.231115
0.621248 0.145165 0.233587
0.690837 0.136843 0.172320
0.016564 0.011614 0.971823
0.146824 0.565006 0.288170
0.758777 0.122399 0.118824
0.332484 0.552911 0.114605
0.408327 0.550504 0.041169
0.507347 0.225057 0.267596
0.298874 0.417539 0.283587
0.308774 0.550817 0.140409
0.390009 0.378970 0.231021
0.516477 0.259435 0.224088
0.064983 0.790533 0.144484
0.657408 0.296962 0.045630
0.047589 0.926717 0.025694
0.185948 0.189102 0.624950
0.118395 0.487459 0.394146
0.608867 0.142813 0.248320
0.354737 0.120593 0.524670
0.297431 0.607916 0.094653
0.307007 0.330279 0.362714
0.279004 0.421039 0.299957
0.465848 0.081598 0.452554
0.803210 0.150789 0.046001
0.757534 0.191345 0.051121
0.211749 0.607820 0.180432
0.215584 0.508598 0.275819
0.239775 0.681971 0.078254
0.339685 0.329087 0.331228
0.296570 0.303859 0.399571
0.577704 0.321396 0.100900
0.806932 0.069312 0.123757
0.793945 0.090161 0.115895
0.091245 0.011502 0.897253
0.056451 0.407581 0.535968
0.340126 0.256555 0.403319
0.374847 0.239362 0.385791
0.644721 0.186176 0.169103
0.338762 0.578898 0.082340
0.615247 0.181458 0.203295
0.058020 0.362021 0.579960
0.637611 0.140142 0.222247
0.588591 0.156499 0.254911
0.679422 0.140731 0.179847
0.019609 0.012513 0.967879
0.131859 0.597524 0.270617
0.762393 0.120066 0.117541
0.287581 0.613352 0.099066
0.407255 0.551533 0.041213
0.533991 0.218958 0.247051
0.299351 0.416025 0.284624
0.296298 0.558819 0.144883
0.406074 0.352221 0.241705
