0.242668 0.367507 0.389825
0.313195 0.560797 0.126007
0.815552 0.024893 0.159556
0.515895 0.251049 0.233056
0.451911 0.332734 0.215354
0.803228 0.128945 0.067827
0.311792 0.219052 0.469156
0.607311 0.308294 0.084395
0.209773 0.447021 0.343206
0.462444 0.300701 0.236854
0.573964 0.108995 0.317041
0.264800 0.451062 0.284138
0.120956 0.830782 0.048262
0.478516 0.245889 0.275595
0.496697 0.320245 0.183058
0.243739 0.060764 0.695497
0.213314 0.578660 0.208026
0.298803 0.057736 0.643461
0.301131 0.059400 0.639469
0.573677 0.184038 0.242285
0.374495 0.147097 0.478408
0.840858 0.102815 0.056327
0.034056 0.042975 0.922969
0.742931 0.019941 0.237128
0.435441 0.342285 0.222274
0.035576 0.677394 0.287029
0.667023 0.178472 0.154505
0.388775 0.321717 0.289509
0.468106 0.124446 0.407448
0.175947 0.711422 0.112631
0.891313 0.010044 0.098642
0.365890 0.015381 0.618729
0.879718 0.061094 0.059187
0.561497 0.268717 0.169786
0.547159 0.273183 0.179658
0.841795 0.053423 0.104782
0.330535 0.566642 0.102823
0.827615 0.005494 0.166890
0.409854 0.362502 0.227644
0.774063 0.042381 0.183556
0.237104 0.351461 0.411435
0.113957 0.129974 0.756069
0.242886 0.366310 0.390804
0.313178 0.560669 0.126152
0.816452 0.024613 0.158935
0.516124 0.251510 0.232365
0.444075 0.336980 0.218945
0.802361 0.130949 0.066690
0.313832 0.220945 0.465222
0.611052 0.305053 0.083895
0.208853 0.447357 0.343790
0.457183 0.304264 0.238553
0.574849 0.108001 0.317149
0.264696 0.448436 0.286868
0.128761 0.823605 0.047634
0.485684 0.244041 0.270275
0.494872 0.321162 0.183966
0.240771 0.059712 0.699517
0.205579 0.584148 0.210273
0.297650 0.058237 0.644113
0.301230 0.059637 0.639133
0.573694 0.181296 0.245010
0.379281 0.144979 0.475740
0.845192 0.097769 0.057039
0.035108 0.044046 0.920846
0.742615 0.019335 0.238050
0.445314 0.337793 0.216893
0.035110 0.680682 0.284208
0.673621 0.174884 0.151495
0.386692 0.322328 0.290980
0.465807 0.124965 0.409228
0.166236 0.720550 0.113214
0.893411 0.009754 0.096834
0.357477 0.015544 0.626979
0.879292 0.061294 0.059413
0.561955 0.268121 0.169924
0.550083 0.269299 0.180618
0.841291 0.053425 0.105285
0.342426 0.555983 0.101591
0.821362 0.005678 0.172959
0.423705 0.352924 0.223370
0.759037 0.045281 0.195681
0.238386 0.350870 0.410744
0.112350 0.130010 0.757640
0.239285 0.371814 0.388902
0.309756 0.562006 0.128238
0.816488 0.024741 0.158771
0.514840 0.251205 0.233955
0.436696 0.342676 0.220628
0.803863 0.129226 0.066911
0.311262 0.219857 0.468880
0.609357 0.307084 0.083559
0.209638 0.447282 0.343080
0.462116 0.301309 0.236575
0.571916 0.108843 0.319241
0.261899 0.453150 0.284951
0.121405 0.829448 0.049147
0.509981 0.226104 0.263914
0.498116 0.319400 0.182483
0.241878 0.060922 0.697200
0.208367 0.576384 0.215250
0.297808 0.057567 0.644625
0.296618 0.059764 0.643618
0.565647 0.191184 0.243169
0.376174 0.145487 0.478339
0.839386 0.103981 0.056632
0.032309 0.044630 0.923061
0.738731 0.020258 0.241011
0.434951 0.339196 0.225854
0.036274 0.674360 0.289365
0.668078 0.178025 0.153897
0.386750 0.322544 0.290706
0.457842 0.127802 0.414356
0.169265 0.715774 0.114960
0.893679 0.009880 0.096441
0.354732 0.015458 0.629811
0.879964 0.060989 0.059048
0.574243 0.260593 0.165164
0.549710 0.271824 0.178465
0.841241 0.053176 0.105583
0.335378 0.563449 0.101173
0.834832 0.005259 0.159910
0.419571 0.355864 0.224565
0.761103 0.045055 0.193842
0.242189 0.349424 0.408387
0.113896 0.130181 0.755923
0.241925 0.367302 0.390773
0.305793 0.567588 0.126619
0.816069 0.024757 0.159174
0.519192 0.251163 0.229644
0.456108 0.328465 0.215426
0.802036 0.131255 0.066709
0.308335 0.219299 0.472366
0.605679 0.310586 0.083735
0.209530 0.446959 0.343512
0.461500 0.300962 0.237538
0.570592 0.110614 0.318794
0.264176 0.450674 0.285150
0.125511 0.826497 0.047992
0.505298 0.232610 0.262092
0.496722 0.320025 0.183253
0.239294 0.060888 0.699818
0.209471 0.588264 0.202265
0.297020 0.058140 0.644840
0.302366 0.059458 0.638175
0.568617 0.185298 0.246085
0.375010 0.147099 0.477891
0.841051 0.102751 0.056198
0.035344 0.042492 0.922164
0.735097 0.019604 0.245299
0.433519 0.347699 0.218782
0.034367 0.677614 0.288019
0.671812 0.176149 0.152039
0.389511 0.320739 0.289751
0.468841 0.124299 0.406860
0.164788 0.723293 0.111919
0.889148 0.010341 0.100512
0.352302 0.015316 0.632381
0.879472 0.061248 0.059280
0.570649 0.262978 0.166373
0.550536 0.270534 0.178930
0.847193 0.052065 0.100742
0.334729 0.563712 0.101559
0.825071 0.005630 0.169300
0.407769 0.362670 0.229561
0.762644 0.044844 0.192512
0.239519 0.349412 0.411069
0.112587 0.128150 0.759263
0.241864 0.370458 0.387678
0.311508 0.562207 0.126285
0.815925 0.024840 0.159234
0.516923 0.252645 0.230432
0.458508 0.328353 0.213139
0.803756 0.130795 0.065449
0.311555 0.220187 0.468258
0.606728 0.310155 0.083117
0.210516 0.446722 0.342762
0.456547 0.303097 0.240357
0.573761 0.108193 0.318045
0.263001 0.448830 0.288169
0.126649 0.825208 0.048143
0.500907 0.233460 0.265633
0.496355 0.320282 0.183363
0.243474 0.059766 0.696759
0.215599 0.569809 0.214593
0.296796 0.057861 0.645343
0.304415 0.059212 0.636373
0.565904 0.188503 0.245593
0.375153 0.145997 0.478850
0.842143 0.102298 0.055560
0.033321 0.045325 0.921355
0.748305 0.019304 0.232391
0.425816 0.350945 0.223239
0.035759 0.675504 0.288738
0.673749 0.174839 0.151413
0.377690 0.327445 0.294865
0.470168 0.124326 0.405507
0.173753 0.712153 0.114094
0.886137 0.010433 0.103431
0.361775 0.015315 0.622910
0.882161 0.059829 0.058010
0.570579 0.264716 0.164705
0.539506 0.280552 0.179941
0.840430 0.052894 0.106676
0.341761 0.556790 0.101449
0.828883 0.005460 0.165657
0.420825 0.355599 0.223575
0.756759 0.046780 0.196461
0.238198 0.350388 0.411415
0.113182 0.132040 0.754777
0.241303 0.369571 0.389125
0.308364 0.564157 0.127478
0.817200 0.024721 0.158079
0.518028 0.248938 0.233033
0.453690 0.329504 0.216806
0.806931 0.127550 0.065518
0.314344 0.219316 0.466340
0.607640 0.308653 0.083707
0.209578 0.446174 0.344247
0.460234 0.302853 0.236912
0.573982 0.109062 0.316956
0.258925 0.455331 0.285744
0.119640 0.832074 0.048286
0.503289 0.232234 0.264477
0.496329 0.320451 0.183220
0.243519 0.059578 0.696903
0.214825 0.571162 0.214012
0.297464 0.057864 0.644672
0.303248 0.060044 0.636708
0.573813 0.184462 0.241725
0.376106 0.145515 0.478380
0.846048 0.097530 0.056422
0.034358 0.044048 0.921594
0.739819 0.019848 0.240333
0.450305 0.334982 0.214713
0.033894 0.678815 0.287291
0.672553 0.175636 0.151811
0.380923 0.324950 0.294127
0.454921 0.127143 0.417936
0.170608 0.718384 0.111008
0.893667 0.009771 0.096562
0.358518 0.015709 0.625773
0.880855 0.060602 0.058543
0.570024 0.264657 0.165319
0.548349 0.275309 0.176342
0.842399 0.053185 0.104416
0.342007 0.556013 0.101981
0.839366 0.005132 0.155503
0.413975 0.358989 0.227036
0.761509 0.045192 0.193299
0.237593 0.351909 0.410498
0.113192 0.127959 0.758849
0.246091 0.357353 0.396555
0.305039 0.568153 0.126808
0.816133 0.024660 0.159207
0.514361 0.251732 0.233906
0.455386 0.328914 0.215699
0.798677 0.135779 0.065544
0.311171 0.220843 0.467986
0.612091 0.303226 0.084683
0.209534 0.447505 0.342961
0.457000 0.305042 0.237958
0.570643 0.109029 0.320328
0.259983 0.451549 0.288468
0.125185 0.825399 0.049416
0.485042 0.244098 0.270860
0.496213 0.320349 0.183439
0.243778 0.059828 0.696394
0.215239 0.571674 0.213088
0.296264 0.057653 0.646083
0.294855 0.060387 0.644758
0.573267 0.182227 0.244506
0.371978 0.147445 0.480576
0.842851 0.100975 0.056174
0.032958 0.043581 0.923462
0.744926 0.019801 0.235274
0.441007 0.336812 0.222181
0.034050 0.680301 0.285648
0.673399 0.175380 0.151221
0.379289 0.325199 0.295512
0.465522 0.126199 0.408279
0.170816 0.716645 0.112539
0.893044 0.009886 0.097070
0.377075 0.015425 0.607500
0.882014 0.059956 0.058030
0.571494 0.262692 0.165814
0.539613 0.282245 0.178142
0.840653 0.053106 0.106241
0.336848 0.562858 0.100294
0.841583 0.005063 0.153354
0.405642 0.364545 0.229814
0.759094 0.045845 0.195061
0.241977 0.348709 0.409315
0.119736 0.129267 0.750996
0.247262 0.354617 0.398121
0.311559 0.562490 0.125950
0.817560 0.024479 0.157961
0.516849 0.251471 0.231679
0.455881 0.328545 0.215574
0.805985 0.128823 0.065193
0.309322 0.219762 0.470917
0.611780 0.303641 0.084579
0.209424 0.447745 0.342831
0.459054 0.304636 0.236310
0.574532 0.107959 0.317509
0.257840 0.460457 0.281703
0.130262 0.821419 0.048319
0.502040 0.235779 0.262181
0.496435 0.319466 0.184099
0.240137 0.060501 0.699362
0.203994 0.582499 0.213507
0.296568 0.057696 0.645736
0.301039 0.059784 0.639177
0.569015 0.184575 0.246410
0.371677 0.148490 0.479833
0.843175 0.100371 0.056454
0.034014 0.043191 0.922795
0.738720 0.020454 0.240826
0.434843 0.346224 0.218933
0.035056 0.679463 0.285481
0.671366 0.176340 0.152294
0.377799 0.326227 0.295975
0.457425 0.126893 0.415681
0.169422 0.718646 0.111932
0.901345 0.009388 0.089267
0.371508 0.015715 0.612777
0.882856 0.059531 0.057613
0.559570 0.270358 0.170072
0.556246 0.266441 0.177313
0.841010 0.053223 0.105767
0.341474 0.556704 0.101822
0.827551 0.005521 0.166928
0.418370 0.356178 0.225452
0.760538 0.045161 0.194301
0.242850 0.348851 0.408299
0.119968 0.127618 0.752414
0.247607 0.353197 0.399196
0.306855 0.565801 0.127343
0.815168 0.024877 0.159955
0.516034 0.250569 0.233397
0.451549 0.334022 0.214430
0.800847 0.133902 0.065251
0.305092 0.222823 0.472085
0.612902 0.302640 0.084459
0.209765 0.446208 0.344028
0.459024 0.302451 0.238526
0.574097 0.109013 0.316890
0.259652 0.453739 0.286609
0.126565 0.824007 0.049428
0.489119 0.242046 0.268836
0.497743 0.318813 0.183443
0.242535 0.060965 0.696499
0.205290 0.587274 0.207436
0.296670 0.057960 0.645370
0.301429 0.059777 0.638794
0.568370 0.185837 0.245793
0.384252 0.143792 0.471956
0.839953 0.103494 0.056553
0.033434 0.044062 0.922504
0.747501 0.019311 0.233188
0.446426 0.330938 0.222636
0.034759 0.679146 0.286096
0.673281 0.175160 0.151559
0.387819 0.321885 0.290296
0.471977 0.124458 0.403565
0.172936 0.716023 0.111040
0.900759 0.009315 0.089925
0.373805 0.015239 0.610955
0.885149 0.058295 0.056556
0.566064 0.266495 0.167442
0.554886 0.266402 0.178713
0.839473 0.053653 0.106874
0.333601 0.564753 0.101645
0.842434 0.005008 0.152558
0.421043 0.355227 0.223731
0.758789 0.045512 0.195699
0.237685 0.350660 0.411656
0.121273 0.126931 0.751795
0.242566 0.364917 0.392517
0.308889 0.563849 0.127263
0.816236 0.025040 0.158724
0.516996 0.251215 0.231789
0.453902 0.331545 0.214553
0.805363 0.129285 0.065351
0.309094 0.219690 0.471217
0.609549 0.305576 0.084874
0.209780 0.444950 0.345270
0.457089 0.306302 0.236609
0.573686 0.108207 0.318107
0.263349 0.451794 0.284857
0.125545 0.827527 0.046929
0.510832 0.229941 0.259227
0.498311 0.318307 0.183382
0.244039 0.059164 0.696797
0.204839 0.584966 0.210195
0.296855 0.057961 0.645184
0.298575 0.060199 0.641226
0.577538 0.179442 0.243020
0.384920 0.144313 0.470767
0.843928 0.099660 0.056413
0.033968 0.044896 0.921136
0.753989 0.018976 0.227035
0.430584 0.349850 0.219566
0.033886 0.680861 0.285254
0.672952 0.174709 0.152339
0.385933 0.321913 0.292154
0.459093 0.127813 0.413094
0.169689 0.720019 0.110292
0.890385 0.010284 0.099330
0.349905 0.015331 0.634764
0.884547 0.058777 0.056676
0.557980 0.271064 0.170956
0.549234 0.273231 0.177535
0.844952 0.052065 0.102983
0.334830 0.561416 0.103754
0.826040 0.005597 0.168364
0.406763 0.363305 0.229932
0.758924 0.045763 0.195313
0.241976 0.347724 0.410300
0.121461 0.126976 0.751563
0.240487 0.370436 0.389077
0.306428 0.566009 0.127563
0.816779 0.024732 0.158489
0.518363 0.250874 0.230763
0.451875 0.333588 0.214537
0.803821 0.131584 0.064595
0.308357 0.221676 0.469968
0.600986 0.315839 0.083175
0.207911 0.447156 0.344934
0.464056 0.300408 0.235536
0.573330 0.108519 0.318151
0.261640 0.449471 0.288889
0.124479 0.827863 0.047657
0.480546 0.240391 0.279063
0.497449 0.319585 0.182966
0.240552 0.060230 0.699219
0.202460 0.587501 0.210039
0.297716 0.057932 0.644352
0.299706 0.059931 0.640363
0.571179 0.189209 0.239611
0.384127 0.143742 0.472131
0.840582 0.103347 0.056071
0.034994 0.043472 0.921533
0.745368 0.019082 0.235550
0.450729 0.327999 0.221272
0.035044 0.672834 0.292122
0.667765 0.177732 0.154503
0.390227 0.320786 0.288987
0.461970 0.126654 0.411377
0.166265 0.721127 0.112608
0.892786 0.009872 0.097342
0.344277 0.015309 0.640414
0.881208 0.060389 0.058403
0.571244 0.262384 0.166372
0.550957 0.269700 0.179343
0.841960 0.053313 0.104727
0.338526 0.561750 0.099725
0.837579 0.005172 0.157249
0.409855 0.361797 0.228348
0.761715 0.045106 0.193178
0.237207 0.349945 0.412848
0.114914 0.128674 0.756412
0.251268 0.346003 0.402728
0.311972 0.561702 0.126326
0.816684 0.024664 0.158652
0.516914 0.250784 0.232303
0.435125 0.342726 0.222149
0.800575 0.133075 0.066350
0.306373 0.222739 0.470888
0.607594 0.308518 0.083888
0.208766 0.447326 0.343908
0.456889 0.304508 0.238603
0.574434 0.107514 0.318052
0.258480 0.454536 0.286984
0.130195 0.821232 0.048572
0.483155 0.241609 0.275236
0.496550 0.320532 0.182917
0.244080 0.061116 0.694804
0.212685 0.579247 0.208068
0.296266 0.057958 0.645776
0.298203 0.059876 0.641921
0.567798 0.186688 0.245514
0.371984 0.146766 0.481250
0.841444 0.102186 0.056370
0.032918 0.044511 0.922571
0.746019 0.019235 0.234746
0.435704 0.342944 0.221351
0.035059 0.678084 0.286857
0.675614 0.173897 0.150488
0.378655 0.326299 0.295045
0.465770 0.125373 0.408857
0.170151 0.718750 0.111099
0.899000 0.009437 0.091563
0.365007 0.015235 0.619758
0.887428 0.057149 0.055423
0.559437 0.269818 0.170745
0.554917 0.266361 0.178721
0.840027 0.053832 0.106142
0.331713 0.565948 0.102339
0.826966 0.005515 0.167520
0.408182 0.363456 0.228362
0.756405 0.046074 0.197521
0.237598 0.350835 0.411567
0.121075 0.126731 0.752194
0.240569 0.368928 0.390503
0.311798 0.562344 0.125858
0.817120 0.024753 0.158127
0.515272 0.252034 0.232693
0.454971 0.330690 0.214339
0.802065 0.131206 0.066729
0.311621 0.218818 0.469561
0.607725 0.307917 0.084358
0.208265 0.447200 0.344535
0.460548 0.301243 0.238210
0.575067 0.107951 0.316982
0.263311 0.450413 0.286276
0.124964 0.827689 0.047347
0.483959 0.245257 0.270785
0.497116 0.319859 0.183025
0.243254 0.061456 0.695291
0.211013 0.584886 0.204101
0.298543 0.057211 0.644246
0.295873 0.059772 0.644355
0.576118 0.180979 0.242903
0.375503 0.146780 0.477717
0.842881 0.100777 0.056343
0.035233 0.042685 0.922083
0.751800 0.019481 0.228719
0.430232 0.348670 0.221098
0.033776 0.680925 0.285300
0.672693 0.175457 0.151849
0.383939 0.322513 0.293548
0.461760 0.126575 0.411665
0.171293 0.717301 0.111406
0.896034 0.009695 0.094271
0.355657 0.015599 0.628745
0.881417 0.060243 0.058340
0.568711 0.264558 0.166730
0.557271 0.264034 0.178696
0.842555 0.052792 0.104653
0.335406 0.562341 0.102253
0.841091 0.005094 0.153815
0.408352 0.363458 0.228190
0.763860 0.043971 0.192170
0.238016 0.350658 0.411325
0.113104 0.128426 0.758470
0.238998 0.373662 0.387340
0.312251 0.560843 0.126906
0.816213 0.024649 0.159138
0.514990 0.253406 0.231605
0.454541 0.331818 0.213641
0.802227 0.132609 0.065164
0.313475 0.217683 0.468842
0.611170 0.305074 0.083756
0.210158 0.446759 0.343083
0.457927 0.302982 0.239091
0.577964 0.106991 0.315045
0.265401 0.448778 0.285821
0.125384 0.827322 0.047294
0.514721 0.228779 0.256500
0.497394 0.319679 0.182927
0.242657 0.060917 0.696426
0.215419 0.575630 0.208952
0.298289 0.058116 0.643595
0.299595 0.059720 0.640685
0.568770 0.186701 0.244529
0.376344 0.146171 0.477485
0.840896 0.101206 0.057897
0.032474 0.044715 0.922810
0.740940 0.019907 0.239153
0.400892 0.367125 0.231982
0.034023 0.679179 0.286799
0.672738 0.175408 0.151854
0.380170 0.324110 0.295720
0.468573 0.124561 0.406867
0.125727 0.758170 0.116103
0.887268 0.010410 0.102322
0.357601 0.015519 0.626880
0.879756 0.061117 0.059127
0.561243 0.268479 0.170278
0.556921 0.264969 0.178110
0.848099 0.051378 0.100523
0.341604 0.557071 0.101325
0.827644 0.005436 0.166920
0.418414 0.356810 0.224776
0.762828 0.044729 0.192443
0.242309 0.349073 0.408618
0.117608 0.128400 0.753992
0.244074 0.362873 0.393053
0.313091 0.559756 0.127152
0.816918 0.024753 0.158329
0.515724 0.252809 0.231467
0.459482 0.327685 0.212834
0.803966 0.128749 0.067285
0.309367 0.223625 0.467007
0.606475 0.309175 0.084350
0.210049 0.446369 0.343582
0.460751 0.302891 0.236358
0.576957 0.107749 0.315294
0.260931 0.455721 0.283347
0.124921 0.826059 0.049020
0.498668 0.233763 0.267568
0.497055 0.319945 0.183001
0.243614 0.061053 0.695332
0.214845 0.580161 0.204993
0.298656 0.057605 0.643740
0.300964 0.059760 0.639276
0.569739 0.188376 0.241885
0.374946 0.145902 0.479152
0.843052 0.099998 0.056950
0.035526 0.044229 0.920246
0.738528 0.020246 0.241226
0.428405 0.346631 0.224964
0.035646 0.677044 0.287310
0.667418 0.178377 0.154205
0.386310 0.321018 0.292672
0.469610 0.124443 0.405947
0.171219 0.716405 0.112376
0.895587 0.009570 0.094843
0.358695 0.015733 0.625572
0.881898 0.060007 0.058095
0.559890 0.270490 0.169620
0.549448 0.270049 0.180503
0.840766 0.053541 0.105693
0.340473 0.556859 0.102668
0.836735 0.005180 0.158085
0.420320 0.355414 0.224265
0.756122 0.046000 0.197878
0.237193 0.350887 0.411920
0.115096 0.129850 0.755054
0.242291 0.370784 0.386924
0.315467 0.558035 0.126497
0.817415 0.024577 0.158009
0.514319 0.249724 0.235957
0.455609 0.330482 0.213909
0.802541 0.130878 0.066582
0.307016 0.219289 0.473694
0.608115 0.307749 0.084137
0.210169 0.446300 0.343531
0.458091 0.303210 0.238699
0.576582 0.106444 0.316974
0.259423 0.453903 0.286674
0.120477 0.831754 0.047769
0.503135 0.233321 0.263544
0.497230 0.319642 0.183127
0.240209 0.060571 0.699220
0.212173 0.578938 0.208889
0.298396 0.058208 0.643396
0.301187 0.058791 0.640022
0.571820 0.186872 0.241309
0.378344 0.146104 0.475552
0.846822 0.096408 0.056770
0.032809 0.044938 0.922253
0.742123 0.019787 0.238089
0.451713 0.329812 0.218476
0.035664 0.677191 0.287145
0.672337 0.175864 0.151800
0.387873 0.321209 0.290917
0.456944 0.128402 0.414654
0.167311 0.721475 0.111214
0.899561 0.009635 0.090804
0.370539 0.015418 0.614043
0.880507 0.060745 0.058748
0.561797 0.268969 0.169234
0.545933 0.276426 0.177641
0.848696 0.050862 0.100441
0.336019 0.561633 0.102349
0.839042 0.005151 0.155807
0.418726 0.355168 0.226106
0.762699 0.044372 0.192929
0.238924 0.349388 0.411688
0.116279 0.128659 0.755062
0.243717 0.365554 0.390730
0.310800 0.563002 0.126198
0.816341 0.024653 0.159007
0.512412 0.251560 0.236027
0.451838 0.331880 0.216281
0.805203 0.128519 0.066278
0.306730 0.218432 0.474838
0.612233 0.303952 0.083815
0.209182 0.448054 0.342764
0.460070 0.301998 0.237932
0.571082 0.109618 0.319301
0.259707 0.454198 0.286096
0.124016 0.827880 0.048104
0.508380 0.232287 0.259333
0.496099 0.320545 0.183357
0.242323 0.060650 0.697027
0.208321 0.581082 0.210597
0.297809 0.057467 0.644724
0.295722 0.059569 0.644710
0.572873 0.182795 0.244333
0.376331 0.145728 0.477941
0.836605 0.105918 0.057478
0.033922 0.043523 0.922554
0.751859 0.019476 0.228665
0.444669 0.337406 0.217925
0.035531 0.678450 0.286020
0.671951 0.175858 0.152191
0.387223 0.322521 0.290256
0.468551 0.125433 0.406016
0.168977 0.719740 0.111283
0.905155 0.009032 0.085813
0.366361 0.015361 0.618278
0.878083 0.061874 0.060043
0.572716 0.262682 0.164602
0.547398 0.273810 0.178792
0.841440 0.053584 0.104976
0.337648 0.561471 0.100881
0.823365 0.005623 0.171012
0.418669 0.356810 0.224521
0.756552 0.045644 0.197803
0.242287 0.348045 0.409669
0.119351 0.126500 0.754149
0.245950 0.358612 0.395438
0.307811 0.564507 0.127682
0.814886 0.024878 0.160236
0.517514 0.252617 0.229868
0.453994 0.330531 0.215475
0.802419 0.131194 0.066387
0.314578 0.217281 0.468141
0.606656 0.309926 0.083418
0.212540 0.444307 0.343153
0.459524 0.304071 0.236406
0.570927 0.110043 0.319030
0.264748 0.447376 0.287876
0.129529 0.821748 0.048723
0.514921 0.224963 0.260116
0.495880 0.320720 0.183400
0.243921 0.060188 0.695891
0.217613 0.570404 0.211983
0.297470 0.057162 0.645368
0.292866 0.059671 0.647463
0.566057 0.190391 0.243552
0.373062 0.149739 0.477199
0.839650 0.103662 0.056688
0.034806 0.045759 0.919435
0.746923 0.019698 0.233379
0.434342 0.344387 0.221271
0.034457 0.675469 0.290074
0.674782 0.174258 0.150961
0.384427 0.323832 0.291741
0.466391 0.126196 0.407412
0.171834 0.716354 0.111811
0.898642 0.009486 0.091872
0.353185 0.015604 0.631210
0.881775 0.060238 0.057987
0.568781 0.266666 0.164553
0.551461 0.269666 0.178873
0.842035 0.052865 0.105101
0.338843 0.560091 0.101066
0.837379 0.005170 0.157452
0.417136 0.357781 0.225083
0.762024 0.044464 0.193513
0.238718 0.351036 0.410246
0.120686 0.129021 0.750293
0.245975 0.360047 0.393978
0.306460 0.566518 0.127021
0.813722 0.024760 0.161518
0.518230 0.250548 0.231222
0.434664 0.342423 0.222913
0.801765 0.131858 0.066377
0.304719 0.223244 0.472037
0.609666 0.307038 0.083296
0.209907 0.445791 0.344302
0.456669 0.307788 0.235543
0.572737 0.107458 0.319804
0.262046 0.453369 0.284584
0.128518 0.823216 0.048266
0.490579 0.239556 0.269865
0.496277 0.320389 0.183334
0.242699 0.060636 0.696666
0.218453 0.569171 0.212376
0.296955 0.058186 0.644859
0.298861 0.060169 0.640970
0.566228 0.186787 0.246985
0.373439 0.147161 0.479400
0.843272 0.100205 0.056523
0.032886 0.046593 0.920521
0.746100 0.019462 0.234437
0.445918 0.336749 0.217333
0.034406 0.677894 0.287700
0.669193 0.177072 0.153734
0.388928 0.320857 0.290215
0.461417 0.128602 0.409981
0.169543 0.717087 0.113370
0.893327 0.009691 0.096982
0.353535 0.015466 0.630999
0.879194 0.061458 0.059348
0.570445 0.265614 0.163941
0.550602 0.271445 0.177954
0.843063 0.052210 0.104727
0.342451 0.555531 0.102018
0.823857 0.005626 0.170517
0.420804 0.355937 0.223259
0.775526 0.043134 0.181340
0.237814 0.350431 0.411756
0.122818 0.129949 0.747233
0.242844 0.365192 0.391964
0.308548 0.564655 0.126797
0.816966 0.024464 0.158570
0.516495 0.247954 0.235551
0.457036 0.328738 0.214226
0.799849 0.133412 0.066739
0.306068 0.224350 0.469582
0.607534 0.308007 0.084459
0.209435 0.446653 0.343912
0.455158 0.305751 0.239091
0.573612 0.108574 0.317815
0.260661 0.458214 0.281124
0.123082 0.827433 0.049485
0.502230 0.234626 0.263144
0.496140 0.320692 0.183168
0.242711 0.059819 0.697471
0.214030 0.577283 0.208686
0.297413 0.057961 0.644626
0.306219 0.059360 0.634421
0.569571 0.184018 0.246411
0.378295 0.145748 0.475957
0.849082 0.094361 0.056557
0.035014 0.044135 0.920850
0.753281 0.019256 0.227463
0.443563 0.335594 0.220842
0.035345 0.678817 0.285838
0.667664 0.178369 0.153966
0.387686 0.321037 0.291277
0.467665 0.125995 0.406339
0.169142 0.716718 0.114141
0.891335 0.009881 0.098784
0.358638 0.015440 0.625923
0.880206 0.060857 0.058938
0.567876 0.265632 0.166492
0.551305 0.272217 0.176478
0.849281 0.050363 0.100356
0.328197 0.568146 0.103657
0.829368 0.005386 0.165246
0.418992 0.356519 0.224490
0.764600 0.045154 0.190246
0.238903 0.350311 0.410786
0.116607 0.129723 0.753670
0.241572 0.369541 0.388887
0.308524 0.563779 0.127697
0.816738 0.024736 0.158527
0.511469 0.248524 0.240008
0.453773 0.331430 0.214796
0.801607 0.132314 0.066078
0.312916 0.219162 0.467922
0.610166 0.305946 0.083888
0.210951 0.446315 0.342734
0.462407 0.297250 0.240343
0.572765 0.109444 0.317790
0.264471 0.454220 0.281309
0.129677 0.821265 0.049058
0.501382 0.233235 0.265383
0.496552 0.320217 0.183231
0.243672 0.059583 0.696745
0.216334 0.570490 0.213176
0.298395 0.057364 0.644241
0.300354 0.059139 0.640507
0.570434 0.186225 0.243341
0.376148 0.146209 0.477643
0.840514 0.102252 0.057234
0.033189 0.044457 0.922354
0.744831 0.019799 0.235369
0.450882 0.333147 0.215972
0.035432 0.678299 0.286269
0.675365 0.173925 0.150710
0.389388 0.320959 0.289654
0.457984 0.128721 0.413295
0.168475 0.718777 0.112748
0.893970 0.009792 0.096238
0.369289 0.015364 0.615346
0.882503 0.059716 0.057781
0.558527 0.270609 0.170864
0.549319 0.274989 0.175692
0.843001 0.053627 0.103372
0.337704 0.559967 0.102329
0.827336 0.005458 0.167205
0.418140 0.356705 0.225155
0.763061 0.045039 0.191900
0.239355 0.349753 0.410892
0.113419 0.127662 0.758919
0.244204 0.362683 0.393113
0.313401 0.560513 0.126087
0.817499 0.024672 0.157830
0.515773 0.253007 0.231220
0.439905 0.337400 0.222694
0.803596 0.132256 0.064148
0.311385 0.218211 0.470404
0.608921 0.306706 0.084373
0.205969 0.448641 0.345390
0.457895 0.303959 0.238146
0.573313 0.107262 0.319425
0.261984 0.451120 0.286895
0.118998 0.832699 0.048302
0.478964 0.244816 0.276220
0.496955 0.319610 0.183435
0.243291 0.060800 0.695909
0.210755 0.571744 0.217501
0.299507 0.057041 0.643452
0.300586 0.060539 0.638875
0.574508 0.183873 0.241618
0.376220 0.145856 0.477924
0.842397 0.099867 0.057736
0.032769 0.043858 0.923373
0.754092 0.019536 0.226372
0.438776 0.345883 0.215340
0.035644 0.678231 0.286126
0.671703 0.176151 0.152146
0.379785 0.325433 0.294782
0.468296 0.124454 0.407250
0.171898 0.711688 0.116413
0.894537 0.009715 0.095748
0.359937 0.015735 0.624328
0.881232 0.060378 0.058390
0.565594 0.266214 0.168192
0.542970 0.278918 0.178113
0.844620 0.051403 0.103977
0.336772 0.559601 0.103627
0.840064 0.005090 0.154847
0.418790 0.355892 0.225318
0.760989 0.044883 0.194129
0.241539 0.348869 0.409591
0.119315 0.133072 0.747613
0.248712 0.351961 0.399327
0.310131 0.563590 0.126279
0.815065 0.024638 0.160297
0.516517 0.254559 0.228924
0.451172 0.330555 0.218272
0.802477 0.130536 0.066987
0.303873 0.227278 0.468848
0.606122 0.308778 0.085100
0.209466 0.446727 0.343807
0.461093 0.300850 0.238058
0.573641 0.107326 0.319033
0.252465 0.461774 0.285761
0.141453 0.806507 0.052039
0.481582 0.243997 0.274421
0.497432 0.319746 0.182822
0.243350 0.060741 0.695909
0.217631 0.566483 0.215886
0.297378 0.057784 0.644839
0.294387 0.064416 0.641197
0.573246 0.184466 0.242288
0.377408 0.147143 0.475449
0.839888 0.103678 0.056433
0.032990 0.044882 0.922128
0.740919 0.019738 0.239344
0.439598 0.335827 0.224574
0.034357 0.679029 0.286614
0.673418 0.175442 0.151139
0.387652 0.321601 0.290748
0.464748 0.125207 0.410044
0.164574 0.728045 0.107381
0.883817 0.010142 0.106041
0.356747 0.015712 0.627541
0.880347 0.060756 0.058896
0.567854 0.264901 0.167244
0.545884 0.275614 0.178502
0.842179 0.053552 0.104269
0.339939 0.557293 0.102768
0.837231 0.005190 0.157579
0.407920 0.363445 0.228634
0.760315 0.045026 0.194659
0.240687 0.349897 0.409415
0.118341 0.127397 0.754262
0.241355 0.371374 0.387271
0.310676 0.563325 0.125999
0.817600 0.024440 0.157960
0.517360 0.251440 0.231200
0.453847 0.330133 0.216020
0.797867 0.136008 0.066125
0.311974 0.220780 0.467245
0.608603 0.307136 0.084261
0.205556 0.448617 0.345827
0.460588 0.301760 0.237653
0.574407 0.109081 0.316513
0.259956 0.450246 0.289798
0.128629 0.823692 0.047679
0.505691 0.235620 0.258689
0.496017 0.320216 0.183767
0.242262 0.060977 0.696761
0.215548 0.576314 0.208138
0.296177 0.058729 0.645093
0.297552 0.061151 0.641297
0.571950 0.182270 0.245779
0.383405 0.144102 0.472493
0.839970 0.103311 0.056719
0.036221 0.044041 0.919737
0.747122 0.019668 0.233210
0.435976 0.346296 0.217728
0.035120 0.679358 0.285522
0.673724 0.174350 0.151926
0.389141 0.320658 0.290201
0.469552 0.124018 0.406430
0.167155 0.728682 0.104163
0.890688 0.009596 0.099716
0.362233 0.015558 0.622209
0.887226 0.057427 0.055347
0.567795 0.265226 0.166979
0.549946 0.271545 0.178509
0.842562 0.052756 0.104682
0.345988 0.550975 0.103038
0.823858 0.005623 0.170519
0.420594 0.354715 0.224691
0.770558 0.043664 0.185778
0.238122 0.351076 0.410802
0.118599 0.131861 0.749540
0.241092 0.368717 0.390191
0.313508 0.557995 0.128497
0.818059 0.024523 0.157418
0.516344 0.249768 0.233888
0.456603 0.330952 0.212444
0.819161 0.115548 0.065291
0.305062 0.230641 0.464296
0.610538 0.306103 0.083358
0.207308 0.447037 0.345656
0.460565 0.300039 0.239397
0.573467 0.107413 0.319121
0.259555 0.453332 0.287114
0.141952 0.804338 0.053710
0.485085 0.240977 0.273937
0.497581 0.319666 0.182753
0.242854 0.060958 0.696187
0.223123 0.561606 0.215271
0.290804 0.079395 0.629801
0.306806 0.063510 0.629684
0.558809 0.199238 0.241953
0.386599 0.143774 0.469627
0.843964 0.098722 0.057314
0.034536 0.044674 0.920790
0.734370 0.030463 0.235167
0.448734 0.329515 0.221751
0.037282 0.667517 0.295201
0.668240 0.178145 0.153615
0.389844 0.319957 0.290199
0.467451 0.125116 0.407433
0.191046 0.698201 0.110753
0.840520 0.014319 0.145161
0.354972 0.015752 0.629275
0.879835 0.061190 0.058974
0.566950 0.265784 0.167267
0.556761 0.263635 0.179604
0.872723 0.043539 0.083739
0.332352 0.562272 0.105376
0.826701 0.005510 0.167789
0.421968 0.354801 0.223231
0.762526 0.044403 0.193072
0.237874 0.350437 0.411689
0.112442 0.128310 0.759248
0.252672 0.343454 0.403874
0.316141 0.555556 0.128303
0.816807 0.024517 0.158676
0.511496 0.252697 0.235807
0.456651 0.329071 0.214278
0.807231 0.127434 0.065335
0.310121 0.220401 0.469478
0.611893 0.304716 0.083391
0.209347 0.447091 0.343562
0.457121 0.303582 0.239297
0.576932 0.101429 0.321639
0.258490 0.456901 0.284609
0.125100 0.824218 0.050682
0.514380 0.225590 0.260030
0.496417 0.320548 0.183036
0.244161 0.059622 0.696217
0.220565 0.565141 0.214294
0.298314 0.057708 0.643978
0.296947 0.061069 0.641984
0.564286 0.191708 0.244006
0.384634 0.144500 0.470866
0.843962 0.099217 0.056822
0.033644 0.047505 0.918851
0.745002 0.020560 0.234438
0.450791 0.330751 0.218457
0.034897 0.676562 0.288542
0.675137 0.174152 0.150711
0.389349 0.320446 0.290205
0.465627 0.123665 0.410708
0.173191 0.711803 0.115006
0.897818 0.009613 0.092569
0.371044 0.015458 0.613498
0.879266 0.061373 0.059361
0.569804 0.263516 0.166680
0.538179 0.280799 0.181022
0.843628 0.053145 0.103227
0.340018 0.556738 0.103244
0.823855 0.005585 0.170560
0.420669 0.355367 0.223964
0.760631 0.045711 0.193658
0.240528 0.348179 0.411293
0.120027 0.128554 0.751419
0.243094 0.361850 0.395056
0.305373 0.567421 0.127206
0.816947 0.024683 0.158370
0.518664 0.251217 0.230119
0.453618 0.331678 0.214705
0.801057 0.131500 0.067443
0.305647 0.223148 0.471205
0.610930 0.304934 0.084136
0.209130 0.446064 0.344805
0.460346 0.301970 0.237683
0.574336 0.108905 0.316760
0.263052 0.450449 0.286499
0.123066 0.827676 0.049258
0.476660 0.247850 0.275490
0.495059 0.320851 0.184090
0.241876 0.060265 0.697858
0.207527 0.582371 0.210103
0.296969 0.058035 0.644996
0.300227 0.060328 0.639445
0.569255 0.183637 0.247108
0.373608 0.147170 0.479222
0.840276 0.103434 0.056290
0.035475 0.041995 0.922530
0.739810 0.019707 0.240483
0.453112 0.332378 0.214510
0.034061 0.680677 0.285261
0.671354 0.176271 0.152375
0.390009 0.320537 0.289454
0.465374 0.124652 0.409974
0.172551 0.714833 0.112616
0.899582 0.009250 0.091168
0.361195 0.015714 0.623092
0.880394 0.060858 0.058748
0.569358 0.264304 0.166338
0.543494 0.277303 0.179203
0.839559 0.054079 0.106362
0.346003 0.549652 0.104345
0.826446 0.005577 0.167976
0.420346 0.355301 0.224353
0.758005 0.045828 0.196167
0.235921 0.352220 0.411860
0.119749 0.131194 0.749057
0.243239 0.367438 0.389323
0.305703 0.566973 0.127324
0.815788 0.024957 0.159256
0.516611 0.251596 0.231793
0.457610 0.328371 0.214019
0.810482 0.124114 0.065404
0.308433 0.222894 0.468673
0.607795 0.308527 0.083678
0.209737 0.444816 0.345446
0.458207 0.303878 0.237915
0.571123 0.108810 0.320067
0.260718 0.456039 0.283243
0.132734 0.817210 0.050055
0.513828 0.228802 0.257370
0.494903 0.321356 0.183742
0.244022 0.059737 0.696241
0.211367 0.576462 0.212171
0.296412 0.057592 0.645995
0.300657 0.061052 0.638291
0.566256 0.188960 0.244784
0.371806 0.147843 0.480351
0.844469 0.099128 0.056404
0.033262 0.045150 0.921589
0.740844 0.020334 0.238822
0.450825 0.330829 0.218346
0.034634 0.675010 0.290356
0.672703 0.174763 0.152534
0.380433 0.325324 0.294243
0.467388 0.125798 0.406814
0.171152 0.715152 0.113695
0.898122 0.009487 0.092391
0.357873 0.015674 0.626453
0.883326 0.059372 0.057301
0.571230 0.263315 0.165455
0.538636 0.282176 0.179188
0.840465 0.053593 0.105941
0.340994 0.553463 0.105543
0.826949 0.005473 0.167578
0.418173 0.357753 0.224074
0.760717 0.045770 0.193512
0.238258 0.350818 0.410923
0.120941 0.130746 0.748312
0.246197 0.356459 0.397344
0.312573 0.560484 0.126942
0.815144 0.024864 0.159992
0.514542 0.250933 0.234525
0.454736 0.331078 0.214185
0.805449 0.127762 0.066790
0.311549 0.220779 0.467672
0.612843 0.304174 0.082982
0.208809 0.444801 0.346390
0.456534 0.304554 0.238912
0.572969 0.107801 0.319230
0.262767 0.452958 0.284275
0.132077 0.814966 0.052957
0.503811 0.232660 0.263529
0.497810 0.318932 0.183258
0.243444 0.059525 0.697031
0.207437 0.573121 0.219443
0.297274 0.057985 0.644741
0.294432 0.062340 0.643228
0.568396 0.185866 0.245738
0.374741 0.146672 0.478587
0.842352 0.100807 0.056842
0.033637 0.045128 0.921235
0.748606 0.019440 0.231954
0.434725 0.340161 0.225114
0.034725 0.679423 0.285851
0.673823 0.174528 0.151649
0.386722 0.321594 0.291684
0.465952 0.125334 0.408714
0.176768 0.711919 0.111314
0.896634 0.009542 0.093823
0.358803 0.015369 0.625827
0.887522 0.057147 0.055331
0.568689 0.264575 0.166736
0.557671 0.266617 0.175712
0.848072 0.050528 0.101399
0.332144 0.561039 0.106817
0.827569 0.005531 0.166899
0.419724 0.356071 0.224205
0.760314 0.046304 0.193381
0.237804 0.351724 0.410472
0.118798 0.130696 0.750506
0.243481 0.364902 0.391617
0.312532 0.561409 0.126059
0.816410 0.024759 0.158831
0.517180 0.247485 0.235335
0.452498 0.332387 0.215114
0.800940 0.131691 0.067369
0.305861 0.223139 0.471001
0.607649 0.307852 0.084498
0.207214 0.447793 0.344994
0.460660 0.299193 0.240146
0.571459 0.111141 0.317400
0.259862 0.457971 0.282167
0.130639 0.819632 0.049729
0.478116 0.245985 0.275900
0.496085 0.319472 0.184443
0.243753 0.060425 0.695821
0.209546 0.576802 0.213652
0.297107 0.057596 0.645297
0.302011 0.060059 0.637930
0.567337 0.185362 0.247301
0.373981 0.148781 0.477239
0.843602 0.099994 0.056404
0.032952 0.044906 0.922141
0.748494 0.019878 0.231628
0.446806 0.330972 0.222222
0.034558 0.678818 0.286624
0.673420 0.174734 0.151846
0.391069 0.320130 0.288801
0.466834 0.125626 0.407541
0.169553 0.716969 0.113478
0.899914 0.009052 0.091033
0.350878 0.015566 0.633556
0.880078 0.061038 0.058884
0.569331 0.263915 0.166754
0.548816 0.276563 0.174622
0.843664 0.052313 0.104023
0.341147 0.557887 0.100966
0.828088 0.005491 0.166421
0.407987 0.362940 0.229073
0.758072 0.046022 0.195906
0.238049 0.350771 0.411180
0.121258 0.129349 0.749393
0.249880 0.346921 0.403200
0.316055 0.556189 0.127756
0.815870 0.024578 0.159551
0.513161 0.253050 0.233789
0.461682 0.325167 0.213151
0.797758 0.135470 0.066773
0.308682 0.223481 0.467837
0.603981 0.312288 0.083730
0.207733 0.446938 0.345329
0.458561 0.300792 0.240647
0.571658 0.109036 0.319305
0.260812 0.455626 0.283562
0.128217 0.822222 0.049561
0.502917 0.230285 0.266798
0.496588 0.319076 0.184336
0.244251 0.060417 0.695332
0.218298 0.566067 0.215635
0.296667 0.058028 0.645305
0.297424 0.060876 0.641700
0.560442 0.195184 0.244374
0.384368 0.142911 0.472721
0.840161 0.102157 0.057683
0.033481 0.045392 0.921128
0.750427 0.018964 0.230608
0.440736 0.338179 0.221085
0.036574 0.672948 0.290478
0.666566 0.178757 0.154678
0.392131 0.319192 0.288677
0.463739 0.124232 0.412029
0.166321 0.721583 0.112096
0.885298 0.010246 0.104456
0.349010 0.015581 0.635409
0.880804 0.060561 0.058635
0.573896 0.261522 0.164583
0.546735 0.274657 0.178608
0.845743 0.051865 0.102391
0.343794 0.554877 0.101328
0.829148 0.005454 0.165397
0.421090 0.352322 0.226588
0.773425 0.042803 0.183773
0.237695 0.351132 0.411173
0.119593 0.129658 0.750749
0.242076 0.367756 0.390168
0.306461 0.566081 0.127459
0.816450 0.024908 0.158642
0.516746 0.250940 0.232314
0.452746 0.330887 0.216367
0.808292 0.125925 0.065783
0.309280 0.224447 0.466273
0.610159 0.306271 0.083571
0.208857 0.448698 0.342445
0.461347 0.299497 0.239155
0.577459 0.105379 0.317162
0.253829 0.461071 0.285101
0.130627 0.821335 0.048038
0.484332 0.242852 0.272816
0.496766 0.318815 0.184419
0.243242 0.061006 0.695752
0.217375 0.565761 0.216864
0.297899 0.058018 0.644083
0.300686 0.060311 0.639003
0.569315 0.186654 0.244031
0.372953 0.147285 0.479763
0.843527 0.099400 0.057073
0.032873 0.046495 0.920632
0.731854 0.020735 0.247411
0.450045 0.333191 0.216764
0.034651 0.677094 0.288255
0.667387 0.178059 0.154554
0.385484 0.322852 0.291664
0.464338 0.125837 0.409825
0.169071 0.720447 0.110482
0.893736 0.009533 0.096731
0.369823 0.015430 0.614747
0.886241 0.057818 0.055942
0.570983 0.262360 0.166657
0.542924 0.278195 0.178881
0.848278 0.050542 0.101180
0.333704 0.562718 0.103578
0.827081 0.005465 0.167454
0.418351 0.355685 0.225965
0.762793 0.044667 0.192540
0.238589 0.350692 0.410719
0.121557 0.129414 0.749029
0.244466 0.360695 0.394839
0.306632 0.565586 0.127782
0.816676 0.024857 0.158467
0.512812 0.253650 0.233538
0.459365 0.326066 0.214569
0.806881 0.127002 0.066117
0.310830 0.222127 0.467044
0.611869 0.304975 0.083156
0.208638 0.447772 0.343591
0.456900 0.303686 0.239414
0.567435 0.110352 0.322212
0.259257 0.457537 0.283206
0.127534 0.822489 0.049977
0.512363 0.229591 0.258045
0.495229 0.319827 0.184944
0.242661 0.060752 0.696587
0.201917 0.589295 0.208788
0.295858 0.058253 0.645889
0.301334 0.060724 0.637942
0.567451 0.187017 0.245532
0.376001 0.145530 0.478469
0.842579 0.100601 0.056819
0.033686 0.043024 0.923290
0.735444 0.020219 0.244337
0.451210 0.329393 0.219396
0.034258 0.678919 0.286823
0.671812 0.175969 0.152219
0.386156 0.321709 0.292135
0.464019 0.126107 0.409874
0.171539 0.718683 0.109778
0.899620 0.009322 0.091058
0.373042 0.015510 0.611448
0.881326 0.060156 0.058518
0.569235 0.263833 0.166932
0.538814 0.283453 0.177733
0.840453 0.054694 0.104853
0.332578 0.563748 0.103674
0.827903 0.005492 0.166605
0.419554 0.356635 0.223811
0.759439 0.045600 0.194961
0.238454 0.349143 0.412404
0.120599 0.127324 0.752077
