0.509868 0.183259 0.306873
0.024730 0.945978 0.029292
0.293344 0.486369 0.220287
0.252469 0.337764 0.409767
0.072798 0.869965 0.057236
0.772874 0.150979 0.076147
0.728738 0.041438 0.229825
0.196517 0.570062 0.233421
0.401193 0.194351 0.404456
0.214026 0.527591 0.258383
0.455039 0.345293 0.199668
0.755405 0.084718 0.159877
0.060220 0.875783 0.063996
0.171349 0.603160 0.225491
0.244474 0.637703 0.117823
0.524154 0.187378 0.288468
0.066225 0.804338 0.129437
0.876201 0.031579 0.092220
0.220513 0.474618 0.304869
0.459081 0.043080 0.497838
0.760974 0.040371 0.198654
0.341988 0.391541 0.266471
0.768059 0.045039 0.186901
0.627058 0.136884 0.236058
0.032805 0.869177 0.098018
0.337057 0.112373 0.550570
0.203844 0.422946 0.373209
0.290791 0.532904 0.176305
0.489812 0.342096 0.168092
0.276328 0.613877 0.109795
0.194835 0.596292 0.208873
0.619419 0.132180 0.248401
0.846526 0.053312 0.100162
0.451230 0.292826 0.255943
0.074910 0.778721 0.146369
0.826457 0.021186 0.152357
0.132368 0.659626 0.208006
0.948691 0.030867 0.020442
0.684808 0.146912 0.168280
0.837711 0.097829 0.064461
0.090316 0.677966 0.231718
0.455283 0.136304 0.408413
0.547186 0.159508 0.293307
0.026895 0.942456 0.030648
0.347914 0.425316 0.226770
0.274304 0.294872 0.430824
0.068706 0.878800 0.052494
0.779184 0.147226 0.073591
0.801429 0.030665 0.167906
0.198706 0.563366 0.237928
0.381131 0.207886 0.410984
0.225277 0.510249 0.264474
0.461550 0.338561 0.199889
0.751611 0.084215 0.164174
0.070718 0.863900 0.065382
0.172467 0.610500 0.217033
0.214934 0.668438 0.116627
0.549897 0.178189 0.271915
0.063581 0.810602 0.125817
0.846308 0.036509 0.117183
0.225111 0.471681 0.303208
0.459288 0.042225 0.498487
0.780549 0.035199 0.184252
0.280288 0.428218 0.291494
0.746111 0.047867 0.206022
0.636557 0.112454 0.250989
0.027686 0.876459 0.095855
0.389162 0.100509 0.510330
0.160074 0.459008 0.380917
0.305017 0.503654 0.191329
0.430092 0.378226 0.191682
0.240474 0.643213 0.116313
0.187528 0.594657 0.217815
0.616398 0.132275 0.251327
0.854912 0.050662 0.094426
0.355602 0.336172 0.308226
0.079027 0.775380 0.145593
0.828254 0.024974 0.146772
0.114448 0.667391 0.218161
0.938965 0.034629 0.026406
0.717649 0.132289 0.150062
0.791895 0.126106 0.081998
0.101668 0.670406 0.227926
0.412057 0.139201 0.448742
0.522555 0.176676 0.300769
0.022869 0.948300 0.028831
0.296930 0.463131 0.239939
0.265801 0.324389 0.409810
0.064566 0.881647 0.053787
0.797895 0.135276 0.066829
0.762530 0.035284 0.202186
0.199231 0.569138 0.231631
0.384177 0.209818 0.406005
0.221411 0.511247 0.267343
0.456793 0.342669 0.200538
0.736039 0.095403 0.168558
0.096788 0.835044 0.068168
0.153909 0.624712 0.221379
0.265310 0.624122 0.110569
0.542719 0.183088 0.274193
0.083640 0.791507 0.124853
0.834707 0.036999 0.128294
0.217056 0.485062 0.297882
0.465738 0.044287 0.489974
0.800391 0.031921 0.167688
0.337052 0.395894 0.267053
0.757872 0.044136 0.197992
0.652648 0.106947 0.240405
0.031886 0.868202 0.099913
0.329808 0.129581 0.540611
0.213299 0.430150 0.356551
0.384236 0.443664 0.172100
0.497291 0.332304 0.170405
0.204309 0.669934 0.125757
0.222465 0.575655 0.201880
0.564831 0.153244 0.281925
0.841135 0.057988 0.100876
0.353494 0.343369 0.303137
0.083174 0.771398 0.145428
0.829310 0.025749 0.144940
0.127193 0.669919 0.202887
0.950308 0.026894 0.022798
0.652150 0.159966 0.187884
0.752379 0.151809 0.095811
0.071723 0.697263 0.231014
0.423628 0.144064 0.432309
0.513695 0.193531 0.292774
0.019221 0.952194 0.028585
0.292265 0.482279 0.225456
0.253231 0.347560 0.399209
0.063251 0.881836 0.054913
0.820628 0.118758 0.060613
0.768561 0.040998 0.190441
0.176531 0.587926 0.235542
0.386363 0.200517 0.413119
0.220501 0.515666 0.263833
0.459446 0.339857 0.200697
0.768911 0.078570 0.152519
0.087414 0.844362 0.068224
0.187024 0.584498 0.228478
0.233661 0.650857 0.115483
0.579771 0.166512 0.253718
0.134116 0.745827 0.120057
0.879952 0.028317 0.091730
0.235435 0.472271 0.292295
0.466970 0.042814 0.490216
0.752472 0.040613 0.206915
0.222778 0.474850 0.302372
0.730306 0.052353 0.217342
0.653291 0.104108 0.242601
0.030071 0.869875 0.100054
0.377555 0.106881 0.515563
0.184431 0.450935 0.364634
0.334796 0.478824 0.186380
0.581340 0.280678 0.137982
0.229303 0.652558 0.118139
0.196312 0.590120 0.213568
0.573676 0.145385 0.280939
0.832269 0.061618 0.106113
0.448577 0.293139 0.258284
0.065137 0.790458 0.144405
0.756435 0.038403 0.205163
0.115481 0.664584 0.219934
0.939055 0.033775 0.027170
0.667456 0.152711 0.179833
0.789997 0.129748 0.080256
0.092798 0.675330 0.231871
0.427869 0.137954 0.434177
0.509805 0.193635 0.296560
0.026123 0.945354 0.028522
0.312533 0.454437 0.233030
0.269481 0.323272 0.407248
0.060616 0.886623 0.052761
0.749698 0.167724 0.082577
0.703046 0.046185 0.250768
0.194348 0.576352 0.229300
0.376676 0.210975 0.412349
0.299038 0.460948 0.240013
0.464215 0.336651 0.199134
0.766249 0.082202 0.151548
0.089215 0.843633 0.067152
0.180997 0.589725 0.229278
0.227198 0.662635 0.110167
0.531803 0.187468 0.280730
0.119351 0.764120 0.116530
0.879759 0.027982 0.092260
0.209025 0.490487 0.300488
0.477623 0.042013 0.480365
0.774297 0.036827 0.188875
0.252564 0.443798 0.303637
0.747619 0.043986 0.208395
0.769528 0.071864 0.158608
0.029924 0.872532 0.097544
0.384470 0.105368 0.510161
0.162109 0.453656 0.384235
0.340914 0.487692 0.171394
0.445336 0.363574 0.191090
0.310241 0.584152 0.105607
0.199129 0.602348 0.198522
0.601606 0.135993 0.262402
0.845212 0.053905 0.100883
0.360909 0.341872 0.297219
0.078939 0.774783 0.146277
0.778811 0.035786 0.185403
0.120722 0.666122 0.213156
0.939179 0.033834 0.026987
0.660267 0.157406 0.182328
0.824449 0.107503 0.068048
0.087835 0.688991 0.223174
0.476485 0.123879 0.399636
0.528192 0.166891 0.304917
0.026682 0.941636 0.031682
0.309834 0.456334 0.233833
0.242850 0.328668 0.428482
0.060939 0.884186 0.054875
0.764809 0.157811 0.077381
0.764756 0.038390 0.196854
0.194173 0.576251 0.229576
0.454284 0.184748 0.360968
0.208443 0.522534 0.269024
0.475809 0.329427 0.194764
0.768990 0.080565 0.150445
0.056733 0.877120 0.066147
0.145172 0.620086 0.234742
0.250677 0.642483 0.106840
0.512875 0.192472 0.294653
0.090339 0.783759 0.125902
0.839171 0.037091 0.123738
0.202162 0.487102 0.310736
0.416322 0.046424 0.537254
0.766648 0.038075 0.195277
0.232510 0.470119 0.297371
0.735978 0.048394 0.215627
0.608288 0.128238 0.263474
0.032193 0.867741 0.100067
0.369529 0.113776 0.516695
0.160844 0.454564 0.384592
0.251483 0.553354 0.195163
0.444485 0.356980 0.198534
0.202112 0.678372 0.119516
0.184076 0.613338 0.202585
0.593554 0.138800 0.267646
0.802397 0.067935 0.129668
0.429982 0.305361 0.264658
0.065688 0.793968 0.140345
0.831728 0.022007 0.146265
0.117453 0.667862 0.214685
0.948073 0.029452 0.022476
0.651872 0.161945 0.186183
0.792224 0.126692 0.081083
0.085518 0.692322 0.222160
0.425983 0.143405 0.430612
0.583649 0.151719 0.264633
0.023606 0.947522 0.028873
0.285696 0.471503 0.242801
0.246747 0.323028 0.430225
0.067283 0.875118 0.057599
0.769274 0.148981 0.081744
0.727668 0.040347 0.231985
0.174365 0.587179 0.238456
0.447459 0.186388 0.366153
0.230750 0.505182 0.264069
0.429103 0.361602 0.209295
0.747258 0.087763 0.164979
0.075082 0.859150 0.065768
0.187186 0.586698 0.226116
0.280126 0.613073 0.106801
0.556201 0.177275 0.266523
0.073484 0.798016 0.128500
0.869271 0.032290 0.098439
0.220840 0.479699 0.299461
0.464341 0.045806 0.489854
0.804322 0.031533 0.164145
0.279681 0.430529 0.289790
0.728503 0.052705 0.218792
0.636126 0.136052 0.227822
0.031830 0.867701 0.100470
0.345003 0.124363 0.530634
0.180058 0.448849 0.371093
0.257529 0.534312 0.208159
0.524401 0.317835 0.157764
0.203927 0.680092 0.115981
0.198606 0.587634 0.213760
0.590648 0.153964 0.255388
0.813145 0.067854 0.119002
0.411693 0.315456 0.272851
0.073997 0.779004 0.146999
0.822078 0.023415 0.154507
0.126676 0.680670 0.192654
0.951526 0.030568 0.017906
0.693562 0.141514 0.164925
0.800656 0.122176 0.077167
0.094116 0.670481 0.235402
0.448767 0.139104 0.412129
0.560641 0.168220 0.271139
0.026663 0.939460 0.033877
0.352425 0.427471 0.220105
0.251242 0.337044 0.411714
0.056444 0.890825 0.052731
0.790209 0.139392 0.070398
0.809234 0.031064 0.159702
0.198038 0.543787 0.258175
0.434063 0.188018 0.377920
0.213132 0.516897 0.269971
0.377316 0.391364 0.231319
0.742817 0.090008 0.167175
0.091155 0.842412 0.066433
0.169730 0.619766 0.210504
0.214102 0.669746 0.116152
0.623204 0.150254 0.226542
0.079649 0.792770 0.127581
0.861634 0.033466 0.104900
0.207525 0.490195 0.302280
0.384783 0.048741 0.566476
0.764326 0.037778 0.197895
0.276468 0.428169 0.295362
0.762135 0.045998 0.191867
0.691496 0.094983 0.213521
0.028389 0.868480 0.103130
0.353430 0.110872 0.535698
0.161883 0.457770 0.380347
0.306377 0.502763 0.190861
0.456814 0.360519 0.182668
0.287455 0.601643 0.110902
0.200517 0.592601 0.206882
0.591686 0.139325 0.268990
0.855030 0.053219 0.091751
0.414285 0.315056 0.270659
0.056528 0.802218 0.141254
0.816030 0.027449 0.156521
0.118721 0.666845 0.214434
0.941278 0.033433 0.025289
0.680161 0.149519 0.170320
0.833751 0.100863 0.065386
0.100150 0.669196 0.230655
0.454732 0.131141 0.414127
0.574836 0.152306 0.272859
0.019797 0.949857 0.030346
0.298523 0.467590 0.233887
0.245225 0.331052 0.423723
0.060042 0.885325 0.054633
0.753935 0.163640 0.082424
0.745399 0.041235 0.213366
0.175058 0.589806 0.235135
0.438227 0.186866 0.374908
0.254576 0.497252 0.248172
0.480861 0.323947 0.195192
0.752156 0.085786 0.162058
0.093648 0.840576 0.065776
0.183716 0.590351 0.225933
0.237834 0.647887 0.114279
0.523361 0.188214 0.288425
0.077392 0.796671 0.125937
0.872100 0.029020 0.098880
0.199224 0.490119 0.310657
0.410762 0.046531 0.542707
0.751313 0.039692 0.208995
0.309590 0.413981 0.276428
0.715141 0.047906 0.236953
0.644777 0.110970 0.244252
0.032444 0.867763 0.099793
0.394356 0.100213 0.505431
0.166960 0.423237 0.409803
0.308797 0.497716 0.193487
0.461792 0.340982 0.197227
0.214931 0.665585 0.119484
0.214311 0.584022 0.201666
0.624134 0.126940 0.248926
0.864769 0.047980 0.087251
0.508788 0.256704 0.234508
0.058151 0.800300 0.141548
0.791735 0.031877 0.176387
0.117434 0.670839 0.211727
0.929603 0.040048 0.030349
0.695057 0.138802 0.166141
0.808365 0.117970 0.073666
0.092541 0.695752 0.211707
0.466750 0.126033 0.407217
0.560842 0.155504 0.283654
0.022656 0.949068 0.028277
0.278977 0.488527 0.232496
0.260344 0.329678 0.409978
0.058891 0.885434 0.055674
0.772486 0.151721 0.075793
0.786125 0.034695 0.179179
0.161488 0.596117 0.242395
0.467265 0.162746 0.369989
0.251694 0.496293 0.252013
0.376748 0.397210 0.226042
0.749573 0.086879 0.163548
0.056830 0.880179 0.062991
0.172409 0.606425 0.221166
0.263141 0.623471 0.113388
0.609261 0.153287 0.237452
0.081345 0.791590 0.127066
0.868070 0.030396 0.101534
0.463253 0.329918 0.206829
0.466212 0.048087 0.485701
0.795031 0.033361 0.171607
0.338776 0.399031 0.262193
0.734142 0.051515 0.214344
0.663703 0.103509 0.232788
0.031096 0.869854 0.099051
0.314765 0.159360 0.525875
0.188785 0.365065 0.446150
0.342449 0.476806 0.180745
0.591841 0.271885 0.136274
0.226774 0.654478 0.118749
0.196761 0.606105 0.197135
0.614223 0.141467 0.244310
0.875468 0.039157 0.085375
0.381207 0.322697 0.296097
0.069404 0.796458 0.134138
0.823333 0.026868 0.149799
0.134518 0.654389 0.211093
0.951904 0.026094 0.022002
0.702974 0.143497 0.153529
0.787291 0.129884 0.082825
0.106765 0.664881 0.228354
0.412184 0.139013 0.448803
0.553821 0.155473 0.290706
0.023210 0.949085 0.027706
0.338128 0.433712 0.228160
0.235015 0.343602 0.421383
0.060381 0.883557 0.056062
0.722729 0.187229 0.090042
0.710516 0.041873 0.247611
0.207325 0.564076 0.228599
0.402521 0.206006 0.391473
0.225037 0.511519 0.263444
0.316446 0.435261 0.248293
0.708018 0.101913 0.190069
0.059891 0.874497 0.065612
0.160181 0.603654 0.236165
0.239219 0.646999 0.113783
0.548037 0.179383 0.272580
0.077328 0.799027 0.123645
0.884636 0.026101 0.089264
0.243901 0.454070 0.302029
0.459266 0.043560 0.497173
0.762408 0.038059 0.199532
0.309383 0.413125 0.277492
0.742628 0.050226 0.207146
0.635217 0.116476 0.248307
0.028258 0.878618 0.093124
0.348178 0.111739 0.540083
0.164042 0.455184 0.380774
0.254559 0.550371 0.195069
0.422079 0.387746 0.190174
0.272677 0.616722 0.110601
0.183548 0.615469 0.200983
0.580915 0.145148 0.273937
0.840519 0.059562 0.099920
0.384710 0.324001 0.291289
0.074925 0.778623 0.146452
0.580568 0.063665 0.355767
0.130600 0.652027 0.217373
0.937278 0.035199 0.027523
0.663061 0.153983 0.182956
0.785232 0.130329 0.084439
0.106318 0.666010 0.227672
0.417848 0.139995 0.442157
0.508376 0.173342 0.318282
0.027398 0.943566 0.029036
0.287734 0.486746 0.225520
0.266641 0.335610 0.397749
0.067188 0.879773 0.053039
0.824543 0.115730 0.059727
0.731104 0.050422 0.218475
0.201854 0.569888 0.228259
0.398283 0.186486 0.415231
0.226344 0.514382 0.259274
0.282270 0.450929 0.266802
0.758005 0.078320 0.163675
0.083150 0.847063 0.069787
0.157057 0.608842 0.234102
0.210545 0.667945 0.121510
0.531577 0.184071 0.284352
0.067932 0.804267 0.127801
0.857822 0.033852 0.108325
0.226352 0.470813 0.302834
0.452642 0.044109 0.503249
0.763340 0.038019 0.198641
0.302131 0.422061 0.275808
0.765860 0.044146 0.189994
0.585984 0.141671 0.272346
0.027720 0.877870 0.094410
0.345455 0.111137 0.543408
0.159574 0.464711 0.375715
0.302982 0.510596 0.186422
0.526449 0.315401 0.158150
0.226999 0.656122 0.116880
0.220198 0.581350 0.198453
0.615102 0.130977 0.253921
0.869329 0.042832 0.087839
0.349805 0.343022 0.307173
0.077171 0.773240 0.149589
0.776491 0.029207 0.194302
0.133652 0.659901 0.206446
0.949584 0.028386 0.022030
0.664494 0.155033 0.180473
0.750956 0.154067 0.094977
0.081589 0.682978 0.235433
0.441642 0.135672 0.422686
0.523583 0.170778 0.305639
0.020968 0.950388 0.028645
0.313425 0.454760 0.231815
0.257149 0.321097 0.421755
0.059068 0.888362 0.052570
0.783367 0.144990 0.071644
0.745776 0.041395 0.212829
0.157499 0.601170 0.241332
0.421322 0.184972 0.393706
0.210435 0.518557 0.271009
0.476398 0.328917 0.194685
0.741002 0.091574 0.167424
0.070432 0.858951 0.070618
0.168242 0.604894 0.226863
0.201582 0.681034 0.117384
0.596138 0.161509 0.242353
0.071778 0.796577 0.131646
0.883245 0.026863 0.089893
0.217125 0.482289 0.300586
0.372877 0.051234 0.575889
0.752972 0.040530 0.206497
0.256184 0.440078 0.303738
0.746583 0.049059 0.204358
0.793545 0.063398 0.143057
0.025858 0.873216 0.100925
0.362526 0.119192 0.518282
0.161860 0.455924 0.382215
0.267235 0.560736 0.172028
0.457978 0.341006 0.201016
0.252122 0.632724 0.115155
0.218604 0.571409 0.209988
0.604024 0.143888 0.252088
0.827215 0.055438 0.117347
0.388722 0.329510 0.281769
0.070127 0.798073 0.131800
0.845558 0.023009 0.131432
0.116478 0.663918 0.219604
0.936246 0.036847 0.026907
0.688428 0.144939 0.166632
0.730218 0.162856 0.106926
0.090796 0.686004 0.223200
0.412187 0.143587 0.444226
0.475300 0.222448 0.302252
0.023114 0.944232 0.032654
0.365113 0.419081 0.215806
0.253741 0.304252 0.442008
0.062731 0.878260 0.059009
0.817995 0.121229 0.060776
0.725316 0.045219 0.229465
0.149559 0.590244 0.260196
0.351091 0.218914 0.429995
0.206236 0.523165 0.270599
0.443792 0.360231 0.195977
0.767243 0.080533 0.152224
0.084171 0.844209 0.071620
0.170297 0.612135 0.217569
0.216321 0.667412 0.116267
0.591740 0.161254 0.247006
0.072211 0.802588 0.125200
0.863053 0.032468 0.104480
0.227786 0.476763 0.295450
0.457497 0.043486 0.499017
0.789225 0.033951 0.176824
0.257187 0.443258 0.299555
0.754350 0.047362 0.198288
0.725921 0.085594 0.188484
0.027102 0.880009 0.092889
0.354809 0.110127 0.535063
0.160725 0.459282 0.379993
0.315502 0.492515 0.191982
0.494277 0.336462 0.169262
0.215566 0.664343 0.120091
0.211987 0.583381 0.204632
0.603482 0.134357 0.262161
0.843443 0.056855 0.099702
0.371137 0.335942 0.292921
0.062370 0.801443 0.136186
0.818678 0.029017 0.152305
0.114227 0.679616 0.206156
0.952346 0.027001 0.020653
0.683027 0.146151 0.170823
0.816941 0.112236 0.070823
0.076458 0.681618 0.241924
0.468049 0.125802 0.406149
0.511167 0.198246 0.290587
0.024521 0.946407 0.029072
0.289964 0.468588 0.241448
0.225469 0.343928 0.430603
0.061451 0.884881 0.053668
0.758522 0.161807 0.079671
0.714300 0.053956 0.231743
0.189498 0.572073 0.238428
0.441311 0.188419 0.370270
0.272595 0.478490 0.248915
0.470261 0.335675 0.194063
0.751571 0.089052 0.159377
0.060832 0.870772 0.068396
0.160723 0.630682 0.208596
0.220322 0.664015 0.115663
0.534154 0.185956 0.279890
0.076136 0.796477 0.127387
0.855672 0.034906 0.109422
0.202744 0.493783 0.303473
0.438430 0.052370 0.509200
0.753956 0.039634 0.206410
0.259182 0.439829 0.300990
0.768624 0.044929 0.186447
0.774153 0.073615 0.152232
0.023924 0.878475 0.097601
0.345493 0.130832 0.523674
0.160410 0.457509 0.382082
0.280228 0.522706 0.197065
0.491016 0.328408 0.180575
0.237911 0.644415 0.117674
0.180124 0.603142 0.216734
0.617907 0.136386 0.245707
0.836401 0.060450 0.103150
0.388326 0.318649 0.293025
0.102160 0.768959 0.128881
0.824164 0.025886 0.149950
0.135096 0.651207 0.213698
0.947458 0.028248 0.024295
0.625922 0.172070 0.202008
0.780694 0.133818 0.085488
0.097925 0.678882 0.223193
0.486683 0.126529 0.386788
0.546361 0.160967 0.292672
0.024676 0.946980 0.028344
0.299492 0.462688 0.237820
0.261408 0.330323 0.408269
0.063960 0.877008 0.059032
0.812115 0.123668 0.064217
0.725884 0.040326 0.233791
0.175236 0.588115 0.236649
0.438123 0.190123 0.371754
0.228263 0.508862 0.262875
0.467849 0.343062 0.189089
0.521171 0.150815 0.328014
0.075198 0.856167 0.068635
0.180198 0.589191 0.230611
0.254302 0.639423 0.106275
0.528004 0.186671 0.285325
0.074950 0.796146 0.128905
0.865151 0.033105 0.101744
0.208877 0.490339 0.300784
0.456421 0.050160 0.493419
0.791487 0.033327 0.175186
0.323041 0.416346 0.260612
0.732178 0.050382 0.217439
0.613875 0.130263 0.255863
0.034205 0.863724 0.102070
0.370287 0.118607 0.511107
0.158084 0.456563 0.385353
0.365853 0.456524 0.177623
0.460953 0.358102 0.180945
0.236246 0.645996 0.117758
0.185461 0.603638 0.210901
0.618193 0.131813 0.249994
0.818952 0.065488 0.115561
0.409489 0.315175 0.275336
0.064048 0.786137 0.149815
0.821517 0.024233 0.154250
0.103554 0.682414 0.214031
0.955063 0.024303 0.020634
0.679710 0.148085 0.172205
0.814138 0.113584 0.072278
0.092796 0.682082 0.225122
0.427916 0.134496 0.437588
0.531140 0.167873 0.300988
0.021995 0.950389 0.027616
0.313769 0.453808 0.232423
0.282435 0.321670 0.395895
0.077283 0.865159 0.057559
0.762785 0.159582 0.077633
0.712998 0.047675 0.239327
0.177127 0.585677 0.237196
0.473838 0.168089 0.358073
0.222192 0.510873 0.266935
0.372198 0.395097 0.232706
0.765820 0.079215 0.154965
0.086628 0.846240 0.067132
0.174936 0.593866 0.231198
0.271553 0.620957 0.107491
0.506576 0.197164 0.296260
0.076002 0.799596 0.124401
0.865674 0.031994 0.102332
0.203627 0.493394 0.302979
0.354721 0.059148 0.586131
0.755787 0.040959 0.203253
0.241303 0.447333 0.311364
0.737111 0.050615 0.212274
0.652066 0.106529 0.241405
0.032968 0.862540 0.104492
0.375322 0.114438 0.510241
0.243526 0.398571 0.357903
0.351525 0.466837 0.181637
0.438837 0.376475 0.184688
0.227932 0.652909 0.119159
0.201573 0.597272 0.201156
0.588137 0.144786 0.267077
0.856733 0.046561 0.096706
0.569196 0.234076 0.196728
0.067734 0.785805 0.146461
0.815329 0.028791 0.155880
0.093625 0.689436 0.216939
0.936834 0.036190 0.026975
0.658203 0.159322 0.182475
0.770742 0.140212 0.089045
0.091007 0.673065 0.235929
0.413788 0.140722 0.445490
0.550875 0.160805 0.288319
0.021673 0.944974 0.033352
0.333005 0.435040 0.231955
0.256621 0.326148 0.417231
0.060002 0.889394 0.050604
0.778165 0.148580 0.073255
0.710681 0.048943 0.240375
0.193802 0.565241 0.240957
0.445694 0.186197 0.368109
0.275383 0.482966 0.241652
0.394714 0.377971 0.227315
0.736220 0.092740 0.171040
0.090622 0.840632 0.068746
0.164433 0.623641 0.211926
0.271352 0.621065 0.107582
0.508505 0.195550 0.295945
0.082020 0.790062 0.127918
0.865467 0.030926 0.103607
0.194492 0.491863 0.313645
0.377996 0.049764 0.572240
0.739581 0.041774 0.218645
0.326596 0.407538 0.265866
0.739778 0.048031 0.212190
0.636882 0.110888 0.252230
0.025865 0.874577 0.099557
0.371272 0.118116 0.510612
0.198911 0.438183 0.362906
0.317254 0.491933 0.190813
0.468517 0.344163 0.187320
0.196391 0.683552 0.120057
0.181166 0.608848 0.209986
0.593277 0.140576 0.266147
0.819953 0.062855 0.117192
0.408076 0.310444 0.281480
0.054490 0.815767 0.129742
0.788620 0.032938 0.178443
0.112879 0.671600 0.215521
0.939728 0.033522 0.026750
0.696451 0.142204 0.161345
0.811945 0.116802 0.071253
0.091728 0.689242 0.219030
0.457284 0.129093 0.413623
0.525655 0.191961 0.282384
0.019200 0.952174 0.028626
0.329573 0.442784 0.227642
0.281159 0.331264 0.387577
0.066284 0.874572 0.059144
0.787168 0.141691 0.071141
0.788952 0.036231 0.174817
0.175685 0.587812 0.236502
0.344396 0.222247 0.433358
0.271886 0.481986 0.246128
0.440041 0.363960 0.195999
0.757297 0.084985 0.157718
0.087157 0.845286 0.067557
0.171773 0.602625 0.225602
0.250838 0.633538 0.115624
0.582569 0.165549 0.251882
0.156743 0.724270 0.118987
0.884298 0.028109 0.087593
0.261889 0.448521 0.289591
0.375184 0.050425 0.574391
0.806820 0.030985 0.162194
0.242968 0.459104 0.297928
0.755664 0.037889 0.206447
0.715375 0.092009 0.192615
0.027179 0.879572 0.093250
0.319165 0.112189 0.568646
0.160704 0.458664 0.380632
0.296898 0.519561 0.183541
0.467305 0.345076 0.187619
0.224301 0.658554 0.117145
0.193955 0.595318 0.210727
0.604060 0.135803 0.260137
0.862357 0.048062 0.089581
0.484389 0.283199 0.232412
0.083859 0.773333 0.142807
0.821161 0.025396 0.153442
0.121794 0.670068 0.208138
0.946280 0.030140 0.023580
0.666046 0.156211 0.177743
0.791446 0.125428 0.083126
0.079654 0.690002 0.230343
0.460063 0.130300 0.409637
0.545147 0.159550 0.295303
0.026109 0.942680 0.031212
0.311208 0.453587 0.235206
0.278160 0.314274 0.407566
0.069578 0.873960 0.056461
0.831435 0.111542 0.057023
0.745934 0.044512 0.209554
0.155794 0.599567 0.244639
0.398482 0.204873 0.396645
0.205262 0.522725 0.272013
0.330190 0.425688 0.244122
0.755322 0.086064 0.158614
0.084509 0.842401 0.073090
0.147839 0.658101 0.194059
0.265432 0.624032 0.110536
0.505829 0.204007 0.290164
0.120534 0.758402 0.121065
0.856732 0.031938 0.111330
0.195094 0.487163 0.317743
0.396981 0.056697 0.546322
0.791146 0.033401 0.175454
0.262046 0.477811 0.260143
0.752314 0.042437 0.205249
0.628571 0.124519 0.246910
0.024038 0.881597 0.094364
0.325798 0.135512 0.538691
0.163344 0.455643 0.381014
0.273503 0.535553 0.190944
0.465012 0.344927 0.190061
0.258774 0.628503 0.112723
0.193415 0.606635 0.199950
0.617206 0.137556 0.245238
0.854665 0.053641 0.091694
0.460462 0.286805 0.252733
0.064678 0.810970 0.124352
0.831370 0.025012 0.143617
0.122118 0.667421 0.210460
0.940708 0.036348 0.022944
0.682760 0.145522 0.171717
0.793044 0.125183 0.081773
0.089566 0.691144 0.219290
0.432697 0.137289 0.430014
0.513786 0.174165 0.312049
0.024135 0.941281 0.034584
0.303022 0.475800 0.221178
0.271635 0.342287 0.386078
0.068490 0.872798 0.058712
0.782293 0.142941 0.074767
0.755091 0.034819 0.210090
0.175431 0.567875 0.256695
0.447668 0.181310 0.371022
0.259623 0.497522 0.242855
0.294446 0.456243 0.249311
0.743048 0.080676 0.176276
0.068544 0.862050 0.069406
0.139172 0.665707 0.195121
0.232018 0.654945 0.113037
0.601818 0.159223 0.238960
0.149750 0.739429 0.110821
0.854821 0.035436 0.109742
0.216164 0.481231 0.302604
0.476787 0.050252 0.472961
0.757887 0.039881 0.202232
0.297751 0.448254 0.253995
0.738780 0.049123 0.212097
0.620816 0.132711 0.246474
0.027874 0.870862 0.101264
0.376193 0.117466 0.506342
0.170028 0.455404 0.374568
0.303909 0.510443 0.185648
0.441145 0.373949 0.184906
0.361565 0.544228 0.094207
0.208220 0.582813 0.208966
0.574723 0.149389 0.275887
0.855685 0.049615 0.094700
0.412906 0.311524 0.275570
0.060570 0.803419 0.136011
0.831139 0.022544 0.146317
0.116492 0.685229 0.198279
0.952601 0.026944 0.020455
0.694417 0.142145 0.163438
0.728941 0.163444 0.107614
0.083175 0.690674 0.226150
0.439920 0.135794 0.424286
0.579771 0.161173 0.259055
0.026522 0.939982 0.033496
0.309277 0.455938 0.234785
0.263468 0.320002 0.416530
0.054382 0.893055 0.052563
0.778991 0.147597 0.073413
0.698342 0.068456 0.233201
0.176374 0.583628 0.239998
0.399239 0.202671 0.398090
0.224044 0.510703 0.265253
0.289685 0.446910 0.263405
0.634111 0.130743 0.235146
0.088593 0.828782 0.082625
0.164435 0.627198 0.208367
0.214913 0.668612 0.116476
0.536343 0.185666 0.277992
0.117488 0.759591 0.122920
0.855591 0.032553 0.111856
0.266517 0.433306 0.300177
0.446341 0.045592 0.508067
0.789639 0.033903 0.176458
0.285330 0.415623 0.299047
0.752992 0.045472 0.201535
0.616256 0.120708 0.263036
0.023231 0.888426 0.088343
0.393363 0.113932 0.492705
0.162168 0.458256 0.379576
0.296965 0.519438 0.183597
0.455412 0.359688 0.184900
0.213268 0.664738 0.121994
0.197531 0.609519 0.192950
0.635354 0.125810 0.238836
0.853492 0.053192 0.093316
0.423285 0.304796 0.271919
0.058994 0.804783 0.136224
0.814728 0.028792 0.156479
0.124641 0.663971 0.211387
0.947904 0.028697 0.023398
0.696412 0.140003 0.163585
0.760113 0.145000 0.094886
0.089950 0.682984 0.227067
0.431365 0.140776 0.427859
0.524186 0.175194 0.300620
0.017858 0.953613 0.028529
0.296325 0.464336 0.239339
0.290176 0.319683 0.390141
0.063389 0.881425 0.055186
0.774747 0.149371 0.075882
0.695129 0.052864 0.252007
0.205672 0.566612 0.227716
0.376679 0.207746 0.415575
0.221201 0.519816 0.258984
0.463561 0.344584 0.191855
0.805952 0.063750 0.130297
0.104320 0.826314 0.069366
0.161908 0.610038 0.228054
0.213123 0.672655 0.114222
0.593166 0.159043 0.247791
0.073415 0.802791 0.123794
0.868492 0.031976 0.099532
0.218543 0.472619 0.308838
0.442141 0.045590 0.512269
0.745733 0.040482 0.213784
0.242466 0.477003 0.280531
0.771349 0.040912 0.187739
0.703883 0.091883 0.204234
0.028550 0.878152 0.093298
0.373388 0.114172 0.512440
0.162815 0.455553 0.381631
0.369608 0.453438 0.176954
0.432620 0.376347 0.191033
0.316441 0.578171 0.105388
0.204414 0.593944 0.201642
0.581281 0.145819 0.272900
0.868809 0.048627 0.082564
0.383597 0.333214 0.283189
0.055320 0.810031 0.134648
0.828855 0.026350 0.144795
0.122059 0.670508 0.207434
0.956509 0.025190 0.018301
0.644313 0.166931 0.188756
0.785352 0.131279 0.083369
0.097309 0.679458 0.223233
0.412327 0.141442 0.446230
0.545859 0.162897 0.291243
0.023434 0.946920 0.029646
0.296134 0.486985 0.216881
0.299276 0.310333 0.390391
0.069610 0.876068 0.054322
0.805618 0.130008 0.064375
0.766259 0.038327 0.195414
0.229461 0.509565 0.260974
0.465494 0.173447 0.361059
0.275567 0.477163 0.247270
0.426818 0.363318 0.209864
0.720155 0.098023 0.181822
0.076174 0.856006 0.067820
0.160512 0.644402 0.195086
0.255946 0.629578 0.114476
0.625599 0.150567 0.223835
0.101693 0.780392 0.117915
0.859194 0.034465 0.106342
0.215285 0.481927 0.302789
0.446944 0.046724 0.506332
0.800950 0.033062 0.165988
0.351558 0.374003 0.274439
0.738671 0.049261 0.212067
0.646185 0.111315 0.242499
0.029907 0.871944 0.098148
0.344373 0.131791 0.523836
0.160356 0.460623 0.379021
0.316806 0.500286 0.182908
0.471074 0.352068 0.176858
0.218565 0.662010 0.119425
0.211833 0.581085 0.207082
0.606730 0.141609 0.251661
0.851754 0.053792 0.094455
0.352050 0.340697 0.307254
0.061212 0.801756 0.137032
0.823488 0.027687 0.148825
0.109469 0.684081 0.206450
0.929114 0.040346 0.030539
0.642906 0.164914 0.192179
0.827050 0.106171 0.066779
0.083596 0.689870 0.226533
0.489041 0.120287 0.390672
0.532047 0.173223 0.294730
0.027170 0.944704 0.028127
0.344654 0.433298 0.222048
0.254931 0.341422 0.403647
0.071248 0.874648 0.054104
0.776943 0.149199 0.073858
0.688334 0.049897 0.261769
0.206275 0.563130 0.230595
0.405065 0.201092 0.393843
0.283727 0.479080 0.237193
0.463389 0.340040 0.196571
0.751353 0.087723 0.160924
0.081902 0.850779 0.067319
0.162428 0.610038 0.227534
0.270044 0.625386 0.104570
0.556079 0.173694 0.270227
0.068532 0.799188 0.132280
0.854214 0.034422 0.111365
0.211797 0.486977 0.301226
0.503739 0.042862 0.453399
0.787861 0.035512 0.176627
0.286303 0.466728 0.246970
0.732949 0.051727 0.215324
0.641274 0.118680 0.240046
0.033393 0.863537 0.103069
0.315666 0.145015 0.539319
0.206400 0.410978 0.382622
0.280540 0.518128 0.201332
0.487083 0.343968 0.168949
0.358532 0.542673 0.098794
0.214122 0.586658 0.199220
0.622123 0.135908 0.241969
0.863618 0.044468 0.091915
0.395517 0.326607 0.277876
0.077916 0.780232 0.141852
0.815384 0.025483 0.159133
0.110678 0.668593 0.220729
0.940226 0.032944 0.026829
0.680525 0.148323 0.171152
0.689475 0.189977 0.120548
0.084354 0.677162 0.238483
0.428847 0.141667 0.429486
0.623188 0.133527 0.243285
0.022268 0.950016 0.027717
0.358836 0.416308 0.224855
0.292947 0.313033 0.394020
0.076854 0.863047 0.060099
0.831304 0.110802 0.057895
0.704672 0.045984 0.249345
0.145011 0.604849 0.250139
0.406637 0.200347 0.393016
0.434095 0.371667 0.194238
0.319262 0.429381 0.251358
0.752118 0.080379 0.167503
0.066300 0.861146 0.072554
0.147962 0.632977 0.219061
0.254952 0.634899 0.110150
0.523174 0.190454 0.286372
0.074100 0.805786 0.120114
0.859635 0.033359 0.107006
0.201796 0.479392 0.318812
0.380838 0.052506 0.566656
0.746737 0.040632 0.212632
0.348400 0.375006 0.276594
0.757364 0.042297 0.200339
0.635785 0.113249 0.250967
0.029953 0.880254 0.089793
0.356537 0.119051 0.524412
0.208458 0.399030 0.392512
0.287250 0.520543 0.192207
0.499947 0.331775 0.168278
0.251670 0.632731 0.115599
0.191167 0.623175 0.185659
0.571904 0.151847 0.276249
0.816836 0.064632 0.118532
0.393185 0.330232 0.276583
0.070516 0.777849 0.151635
0.841107 0.023911 0.134981
0.125469 0.638920 0.235611
0.941930 0.034256 0.023814
0.669827 0.154164 0.176010
0.797460 0.123191 0.079349
0.104120 0.673474 0.222407
0.420265 0.136833 0.442901
0.504192 0.195964 0.299843
0.023185 0.946073 0.030742
0.331721 0.437878 0.230401
0.285041 0.309735 0.405224
0.058997 0.888150 0.052853
0.830776 0.112718 0.056505
0.745891 0.043536 0.210573
0.195683 0.568498 0.235818
0.462376 0.180882 0.356741
0.270537 0.479501 0.249962
0.474290 0.325521 0.200189
0.713825 0.097896 0.188279
0.063078 0.867373 0.069548
0.180406 0.599659 0.219936
0.246346 0.642044 0.111610
0.550604 0.179686 0.269710
0.071674 0.808037 0.120289
0.820411 0.041637 0.137952
0.231195 0.471186 0.297619
0.463251 0.042218 0.494531
0.820826 0.028214 0.150960
0.348889 0.361221 0.289890
0.755352 0.041476 0.203172
0.639943 0.110592 0.249465
0.028729 0.872246 0.099025
0.351964 0.116142 0.531894
0.162253 0.457630 0.380117
0.283977 0.528304 0.187718
0.608901 0.256421 0.134678
0.300188 0.591964 0.107848
0.176294 0.608862 0.214844
0.570507 0.147507 0.281985
0.856955 0.050606 0.092439
0.384609 0.330027 0.285364
0.087880 0.763470 0.148650
0.780655 0.034410 0.184936
0.100486 0.683940 0.215574
0.929404 0.039210 0.031386
0.623739 0.181044 0.195217
0.789814 0.127069 0.083117
0.083364 0.691000 0.225636
0.443627 0.133884 0.422490
0.624721 0.137342 0.237937
0.027688 0.935625 0.036687
0.333666 0.445157 0.221177
0.289479 0.287013 0.423508
0.061942 0.883275 0.054782
0.816887 0.122981 0.060133
0.760835 0.040499 0.198666
0.197553 0.565476 0.236972
0.470407 0.165224 0.364369
0.221595 0.512149 0.266257
0.405091 0.370430 0.224479
0.708218 0.102927 0.188855
0.094260 0.840841 0.064899
0.178014 0.602362 0.219624
0.227943 0.648268 0.123788
0.538898 0.183324 0.277778
0.088115 0.783230 0.128655
0.865336 0.031075 0.103588
0.213935 0.486162 0.299904
0.457519 0.043021 0.499460
0.794809 0.034176 0.171015
0.239205 0.450991 0.309804
0.742586 0.046034 0.211380
0.652122 0.106976 0.240902
0.025677 0.871737 0.102586
0.331005 0.123982 0.545013
0.159994 0.461609 0.378396
0.289306 0.531177 0.179517
0.576036 0.274688 0.149276
0.234829 0.646509 0.118662
0.209308 0.582767 0.207925
0.633250 0.124470 0.242280
0.859369 0.050866 0.089766
0.529312 0.261031 0.209657
0.078319 0.783282 0.138398
0.818395 0.028714 0.152891
0.116631 0.667724 0.215645
0.943912 0.032191 0.023896
0.613529 0.175500 0.210971
0.753676 0.148054 0.098270
0.086673 0.686764 0.226563
0.414278 0.143926 0.441795
0.581396 0.145056 0.273547
0.026616 0.943367 0.030017
0.341461 0.436934 0.221605
0.257901 0.321245 0.420854
0.080035 0.860464 0.059501
0.755430 0.163432 0.081138
0.726241 0.040370 0.233389
0.187240 0.571671 0.241089
0.443849 0.186173 0.369978
0.223974 0.511576 0.264450
0.319860 0.434725 0.245415
0.758149 0.082938 0.158913
0.077939 0.853140 0.068921
0.137098 0.645730 0.217171
0.259798 0.633786 0.106416
0.596261 0.159920 0.243819
0.071431 0.809329 0.119240
0.824424 0.043688 0.131888
0.211773 0.487847 0.300380
0.475451 0.044774 0.479776
0.757816 0.039473 0.202711
0.271335 0.402079 0.326585
0.733908 0.049315 0.216776
0.635776 0.113064 0.251159
0.032986 0.862736 0.104278
0.349051 0.151547 0.499403
0.188344 0.379023 0.432633
0.293388 0.541508 0.165103
0.451678 0.366287 0.182035
0.275027 0.613121 0.111852
0.206221 0.596542 0.197237
0.577833 0.168297 0.253870
0.843754 0.044151 0.112095
0.423183 0.301217 0.275600
0.070969 0.778551 0.150480
0.815047 0.028662 0.156291
0.124720 0.665448 0.209833
0.923933 0.049480 0.026587
0.697036 0.148351 0.154613
0.794487 0.122821 0.082693
0.080040 0.692723 0.227237
0.437116 0.134840 0.428044
0.535218 0.163523 0.301259
0.036290 0.912915 0.050795
0.319702 0.440362 0.239936
0.269958 0.264164 0.465878
0.056926 0.889478 0.053597
0.738604 0.174739 0.086656
0.826884 0.029442 0.143674
0.240910 0.454619 0.304472
0.461739 0.182974 0.355286
0.224125 0.511748 0.264127
0.468847 0.333719 0.197434
0.723652 0.096787 0.179561
0.058507 0.868132 0.073361
0.128661 0.715645 0.155694
0.233470 0.643611 0.122918
0.552626 0.175685 0.271689
0.073260 0.796050 0.130690
0.841071 0.040397 0.118533
0.217550 0.472487 0.309963
0.455283 0.048441 0.496276
0.825684 0.028462 0.145854
0.332798 0.398471 0.268731
0.750586 0.047058 0.202356
0.620811 0.121951 0.257238
0.026465 0.878373 0.095162
0.341104 0.127543 0.531354
0.159089 0.459547 0.381364
0.353926 0.465503 0.180572
0.444358 0.371105 0.184537
0.202476 0.676734 0.120791
0.184283 0.621748 0.193969
0.611924 0.136974 0.251103
0.852344 0.051901 0.095754
0.462894 0.287528 0.249579
0.087931 0.767375 0.144695
0.820186 0.026238 0.153576
0.130071 0.655270 0.214660
0.948362 0.028457 0.023181
0.638254 0.169507 0.192240
0.799594 0.122759 0.077647
0.084591 0.679635 0.235775
0.438749 0.133348 0.427902
0.545030 0.178613 0.276358
0.024605 0.947044 0.028351
0.341464 0.433728 0.224809
0.284517 0.331630 0.383853
0.060524 0.885809 0.053667
0.676255 0.216654 0.107091
0.801660 0.035951 0.162389
0.156892 0.601155 0.241953
0.423370 0.196420 0.380209
0.204875 0.526125 0.269000
0.375947 0.395489 0.228564
0.751682 0.085182 0.163136
0.088524 0.841327 0.070149
0.171102 0.607890 0.221008
0.274838 0.616034 0.109128
0.509348 0.194379 0.296273
0.089230 0.778950 0.131820
0.880468 0.029309 0.090223
0.204639 0.484912 0.310448
0.390067 0.050585 0.559348
0.738041 0.041338 0.220621
0.322690 0.407186 0.270123
0.751627 0.044892 0.203481
0.767579 0.073379 0.159041
0.025574 0.877969 0.096457
0.369697 0.118834 0.511469
0.160166 0.458396 0.381438
0.334962 0.477948 0.187089
0.544227 0.290275 0.165498
0.246893 0.636800 0.116307
0.206855 0.583055 0.210090
0.601782 0.139587 0.258632
0.838513 0.059340 0.102147
0.376997 0.336824 0.286180
0.062385 0.820255 0.117361
0.721339 0.040526 0.238135
0.124257 0.682599 0.193144
0.960434 0.021500 0.018067
0.653077 0.159400 0.187523
0.792095 0.128015 0.079889
0.087417 0.693696 0.218887
0.432265 0.137096 0.430639
0.513430 0.181479 0.305091
0.021926 0.949532 0.028543
0.292162 0.483228 0.224610
0.310835 0.308081 0.381084
0.069804 0.867335 0.062862
0.746684 0.168751 0.084565
0.691850 0.048905 0.259245
0.192848 0.573201 0.233951
0.444178 0.171404 0.384418
0.244326 0.508066 0.247607
0.450487 0.362130 0.187383
0.760854 0.083729 0.155417
0.079100 0.850332 0.070567
0.176171 0.599287 0.224542
0.260454 0.630269 0.109277
0.549828 0.177402 0.272770
0.075928 0.800342 0.123730
0.861510 0.031645 0.106845
0.208079 0.487592 0.304329
0.475496 0.042374 0.482130
0.793396 0.033596 0.173008
0.281362 0.426300 0.292339
0.734921 0.049178 0.215901
0.621334 0.114072 0.264593
0.031099 0.866804 0.102097
0.324997 0.115993 0.559010
0.164593 0.466280 0.369128
0.316196 0.501425 0.182379
0.446130 0.366864 0.187005
0.302630 0.591017 0.106353
0.213532 0.578336 0.208132
0.584757 0.142293 0.272950
0.786281 0.073985 0.139735
0.431586 0.289193 0.279221
0.076669 0.774080 0.149251
0.818436 0.026790 0.154774
0.069980 0.716676 0.213343
0.950654 0.027624 0.021722
0.653399 0.159214 0.187387
0.794353 0.125128 0.080519
0.098443 0.673387 0.228170
0.417907 0.139967 0.442125
0.533605 0.183473 0.282922
0.026257 0.942995 0.030748
0.288566 0.504297 0.207137
0.268808 0.312134 0.419058
0.054997 0.891613 0.053391
0.757186 0.161948 0.080866
0.744234 0.058906 0.196860
0.189754 0.576973 0.233273
0.487741 0.162625 0.349634
0.222134 0.510886 0.266979
0.484741 0.323555 0.191703
0.737986 0.092762 0.169252
0.083108 0.840554 0.076338
0.178156 0.608400 0.213445
0.242408 0.640859 0.116734
0.526600 0.188669 0.284731
0.085835 0.789498 0.124667
0.876097 0.027604 0.096299
0.206631 0.481132 0.312237
0.437729 0.052018 0.510253
0.759744 0.040076 0.200180
0.295634 0.416480 0.287885
0.749778 0.048463 0.201759
0.656270 0.106188 0.237542
0.031187 0.877638 0.091174
0.363016 0.125336 0.511648
0.156378 0.476035 0.367587
0.306652 0.501375 0.191973
0.516966 0.317856 0.165178
0.240927 0.642365 0.116708
0.186268 0.602855 0.210877
0.590314 0.150729 0.258957
0.813290 0.070492 0.116218
0.391915 0.319425 0.288661
0.071878 0.786930 0.141192
0.823949 0.027604 0.148448
0.111414 0.677292 0.211294
0.950808 0.027969 0.021222
0.684546 0.145191 0.170263
0.800055 0.123026 0.076919
0.090303 0.677106 0.232591
0.403932 0.142791 0.453277
