0.089531 0.452005 0.458463
0.088398 0.430510 0.481092
0.877710 0.064237 0.058053
0.076094 0.396980 0.526926
0.850680 0.080005 0.069315
0.068014 0.448236 0.483750
0.108035 0.432027 0.459938
0.419272 0.264496 0.316232
0.865624 0.075978 0.058398
0.501636 0.241181 0.257183
0.134462 0.400360 0.465177
0.101084 0.407197 0.491719
0.681895 0.167050 0.151055
0.792341 0.117450 0.090209
0.853137 0.078105 0.068758
0.463020 0.290529 0.246452
0.679026 0.149894 0.171079
0.470717 0.275512 0.253771
0.141767 0.387195 0.471038
0.740811 0.143169 0.116020
0.514811 0.258597 0.226592
0.280121 0.339986 0.379893
0.085880 0.405995 0.508125
0.460992 0.247461 0.291547
0.758106 0.124033 0.117861
0.235289 0.379206 0.385505
0.817531 0.099934 0.082534
0.165517 0.410035 0.424448
0.095249 0.469766 0.434985
0.083447 0.422966 0.493587
0.840002 0.082587 0.077411
0.027399 0.406366 0.566235
0.913980 0.050302 0.035718
0.085757 0.385789 0.528454
0.282635 0.348024 0.369341
0.338236 0.337945 0.323819
0.203077 0.342471 0.454452
0.045251 0.458276 0.496474
0.217470 0.396784 0.385745
0.405105 0.334503 0.260392
0.069904 0.441135 0.488961
0.083428 0.449595 0.466977
0.097079 0.447647 0.455274
0.082123 0.394465 0.523412
0.865059 0.070597 0.064344
0.073778 0.385010 0.541212
0.815985 0.097893 0.086122
0.071182 0.450247 0.478570
0.111083 0.431158 0.457758
0.300336 0.322032 0.377632
0.847188 0.084991 0.067821
0.494668 0.240766 0.264567
0.158399 0.395000 0.446601
0.108893 0.404105 0.487002
0.624816 0.199493 0.175691
0.722678 0.156168 0.121154
0.861498 0.073083 0.065419
0.510007 0.264320 0.225674
0.667111 0.155041 0.177848
0.479182 0.272494 0.248323
0.148502 0.384809 0.466689
0.727716 0.146760 0.125524
0.510910 0.255666 0.233425
0.323156 0.339875 0.336969
0.044220 0.426352 0.529428
0.470131 0.245502 0.284366
0.827123 0.088480 0.084397
0.234998 0.377957 0.387045
0.825769 0.095301 0.078931
0.251908 0.378825 0.369267
0.095579 0.459062 0.445360
0.122665 0.410267 0.467068
0.867140 0.069113 0.063747
0.032243 0.398593 0.569164
0.907647 0.053615 0.038738
0.075421 0.392254 0.532325
0.231519 0.363777 0.404704
0.349426 0.332566 0.318008
0.199077 0.342402 0.458521
0.037719 0.460892 0.501388
0.224411 0.386286 0.389303
0.392696 0.337179 0.270125
0.070434 0.440543 0.489023
0.071077 0.457469 0.471454
0.086187 0.455906 0.457908
0.091240 0.379483 0.529277
0.885798 0.060166 0.054036
0.083929 0.381339 0.534732
0.811015 0.101661 0.087323
0.067128 0.444779 0.488093
0.057825 0.454903 0.487272
0.392944 0.278793 0.328264
0.865024 0.076276 0.058700
0.390048 0.292436 0.317516
0.126854 0.400989 0.472157
0.063526 0.431127 0.505347
0.688956 0.164302 0.146742
0.803177 0.110712 0.086111
0.854072 0.077264 0.068664
0.373049 0.335853 0.291097
0.789038 0.097897 0.113064
0.475563 0.273383 0.251054
0.143018 0.385478 0.471504
0.808289 0.102926 0.088785
0.513904 0.254157 0.231939
0.274092 0.356053 0.369855
0.051996 0.419951 0.528053
0.470489 0.246935 0.282577
0.751484 0.127079 0.121437
0.274425 0.358674 0.366900
0.824665 0.095318 0.080018
0.168403 0.419309 0.412288
0.101109 0.468031 0.430860
0.086202 0.434675 0.479123
0.823457 0.094086 0.082457
0.027411 0.392947 0.579643
0.911144 0.051640 0.037216
0.078900 0.392687 0.528413
0.300863 0.329867 0.369269
0.336065 0.339864 0.324071
0.123178 0.380309 0.496513
0.041265 0.475895 0.482840
0.225600 0.390053 0.384347
0.507972 0.274497 0.217531
0.066314 0.441135 0.492551
0.092040 0.444819 0.463140
0.093679 0.448187 0.458134
0.087738 0.395809 0.516453
0.875848 0.064483 0.059670
0.080680 0.387852 0.531468
0.824140 0.093424 0.082436
0.066096 0.425126 0.508779
0.110254 0.430047 0.459699
0.312858 0.319933 0.367209
0.864666 0.074883 0.060450
0.498484 0.240807 0.260709
0.170578 0.383363 0.446060
0.063964 0.434431 0.501605
0.631362 0.194756 0.173882
0.719321 0.158306 0.122373
0.868761 0.069438 0.061801
0.364625 0.344541 0.290835
0.657429 0.160656 0.181915
0.479106 0.273048 0.247846
0.140820 0.390129 0.469051
0.733652 0.141947 0.124401
0.506747 0.257098 0.236155
0.313370 0.325249 0.361381
0.040849 0.427525 0.531626
0.485735 0.232943 0.281322
0.746067 0.130250 0.123683
0.247668 0.372771 0.379561
0.818193 0.097569 0.084238
0.261382 0.372450 0.366168
0.086029 0.473099 0.440872
0.080955 0.441339 0.477706
0.838949 0.083325 0.077726
0.024643 0.409064 0.566293
0.930463 0.039723 0.029814
0.093266 0.397979 0.508755
0.239009 0.357188 0.403804
0.399237 0.310059 0.290704
0.119642 0.391198 0.489160
0.038774 0.469521 0.491705
0.211189 0.396061 0.392750
0.409362 0.332215 0.258424
0.069640 0.440721 0.489640
0.075809 0.455180 0.469012
0.078912 0.458584 0.462504
0.089410 0.375972 0.534619
0.891575 0.056556 0.051869
0.074492 0.381856 0.543651
0.858056 0.075996 0.065949
0.073816 0.432352 0.493832
0.047302 0.460574 0.492123
0.408886 0.271629 0.319485
0.857465 0.079358 0.063177
0.504370 0.240777 0.254852
0.131774 0.403775 0.464451
0.102228 0.407390 0.490382
0.699350 0.157703 0.142947
0.799946 0.111019 0.089035
0.859413 0.074522 0.066065
0.358859 0.341906 0.299235
0.790637 0.097066 0.112297
0.475906 0.270998 0.253096
0.146210 0.388910 0.464879
0.814312 0.101778 0.083909
0.411970 0.310827 0.277203
0.261672 0.348802 0.389525
0.043561 0.423436 0.533003
0.423861 0.262844 0.313295
0.767355 0.118895 0.113750
0.238075 0.378375 0.383551
0.816083 0.101129 0.082788
0.173179 0.412200 0.414621
0.093322 0.473518 0.433160
0.113506 0.420636 0.465858
0.858460 0.075280 0.066260
0.024344 0.406479 0.569178
0.908178 0.053018 0.038805
0.070993 0.404389 0.524618
0.297321 0.333845 0.368835
0.345425 0.336485 0.318091
0.210443 0.353555 0.436002
0.043190 0.470289 0.486521
0.221337 0.389417 0.389246
0.479390 0.291030 0.229581
0.067972 0.441399 0.490629
0.073309 0.454722 0.471970
0.088706 0.450703 0.460591
0.073901 0.415037 0.511062
0.871483 0.067840 0.060678
0.073020 0.388759 0.538221
0.817214 0.096563 0.086223
0.065035 0.426827 0.508138
0.060226 0.457409 0.482365
0.402722 0.275227 0.322051
0.844363 0.086864 0.068773
0.386673 0.297169 0.316158
0.163873 0.390581 0.445547
0.069165 0.427510 0.503326
0.633150 0.193010 0.173840
0.733713 0.148678 0.117609
0.858718 0.074509 0.066773
0.359155 0.341356 0.299489
0.686706 0.146371 0.166923
0.471592 0.274721 0.253686
0.141463 0.389644 0.468893
0.802377 0.107444 0.090180
0.406011 0.308017 0.285972
0.317008 0.328301 0.354691
0.043064 0.428952 0.527984
0.448957 0.250949 0.300093
0.749931 0.127732 0.122337
0.274810 0.358729 0.366461
0.819409 0.095016 0.085575
0.168875 0.417166 0.413959
0.093911 0.470559 0.435530
0.080370 0.447950 0.471680
0.846111 0.079389 0.074500
0.023356 0.414727 0.561917
0.907201 0.052037 0.040762
0.075925 0.405589 0.518487
0.258899 0.353351 0.387750
0.345784 0.336039 0.318178
0.126260 0.408581 0.465159
0.036935 0.463548 0.499517
0.239233 0.380087 0.380680
0.502234 0.280995 0.216771
0.074823 0.443771 0.481406
0.086260 0.454293 0.459447
0.159796 0.419509 0.420694
0.084939 0.411465 0.503596
0.860009 0.074324 0.065667
0.083379 0.381614 0.535006
0.813709 0.100184 0.086107
0.065076 0.437569 0.497355
0.112554 0.427581 0.459865
0.322402 0.322020 0.355577
0.843352 0.089640 0.067008
0.346934 0.320318 0.332749
0.132876 0.398131 0.468993
0.058856 0.443620 0.497525
0.692078 0.160738 0.147184
0.804560 0.108523 0.086917
0.857363 0.075656 0.066980
0.501845 0.269931 0.228224
0.788139 0.098780 0.113081
0.472732 0.270472 0.256796
0.142577 0.387897 0.469526
0.725473 0.149284 0.125243
0.387905 0.323801 0.288294
0.258902 0.359335 0.381763
0.082942 0.410032 0.507026
0.462757 0.244532 0.292710
0.759726 0.122903 0.117371
0.240890 0.377919 0.381191
0.818651 0.096687 0.084662
0.198477 0.400489 0.401034
0.088615 0.472673 0.438711
0.078656 0.450078 0.471266
0.863109 0.072065 0.064825
0.028929 0.419714 0.551357
0.932851 0.038357 0.028792
0.066999 0.401712 0.531289
0.256945 0.346518 0.396537
0.359398 0.328301 0.312301
0.210729 0.362896 0.426375
0.042756 0.449372 0.507872
0.210034 0.397834 0.392133
0.403640 0.333358 0.263002
0.070896 0.444124 0.484980
0.088245 0.445385 0.466370
0.158771 0.418689 0.422540
0.094426 0.384104 0.521470
0.839773 0.084591 0.075636
0.074053 0.392071 0.533876
0.808276 0.102000 0.089724
0.067750 0.436211 0.496039
0.108085 0.430444 0.461472
0.316276 0.320920 0.362804
0.862759 0.077307 0.059934
0.491589 0.245517 0.262894
0.138816 0.399559 0.461625
0.101518 0.408032 0.490450
0.713640 0.150468 0.135892
0.732093 0.148989 0.118918
0.842418 0.083808 0.073773
0.479515 0.277086 0.243399
0.759518 0.113083 0.127399
0.477341 0.269707 0.252952
0.173694 0.373133 0.453172
0.719032 0.156547 0.124421
0.509005 0.251090 0.239905
0.274268 0.351443 0.374289
0.042972 0.426041 0.530987
0.456008 0.249247 0.294745
0.759446 0.123576 0.116978
0.249329 0.371209 0.379462
0.818631 0.098123 0.083245
0.273935 0.372589 0.353475
0.098001 0.474120 0.427879
0.128193 0.413389 0.458417
0.843559 0.080412 0.076028
0.029920 0.411617 0.558463
0.937593 0.035256 0.027151
0.085117 0.387717 0.527166
0.256536 0.344977 0.398487
0.357782 0.325851 0.316367
0.184839 0.360038 0.455123
0.041574 0.461652 0.496774
0.213771 0.395499 0.390731
0.498528 0.274827 0.226645
0.071766 0.444413 0.483821
0.096072 0.442812 0.461116
0.176692 0.409562 0.413746
0.081339 0.386840 0.531821
0.883109 0.061777 0.055114
0.073153 0.397275 0.529572
0.849331 0.080156 0.070512
0.069956 0.436743 0.493301
0.060439 0.456117 0.483444
0.311614 0.314323 0.374063
0.840542 0.090544 0.068914
0.388888 0.293691 0.317421
0.178036 0.383662 0.438302
0.052002 0.433946 0.514051
0.682641 0.168266 0.149093
0.729088 0.151534 0.119378
0.872843 0.067705 0.059452
0.488562 0.278858 0.232580
0.671693 0.153122 0.175185
0.471211 0.273736 0.255053
0.137174 0.388398 0.474428
0.733304 0.147743 0.118952
0.395365 0.306114 0.298521
0.354750 0.307761 0.337489
0.031306 0.427864 0.540830
0.470548 0.245848 0.283604
0.761949 0.121333 0.116718
0.272006 0.358622 0.369372
0.832814 0.089852 0.077333
0.262012 0.378861 0.359127
0.093049 0.466980 0.439971
0.081584 0.433267 0.485149
0.826317 0.090553 0.083130
0.032050 0.395512 0.572438
0.911902 0.050384 0.037714
0.077833 0.384356 0.537811
0.245463 0.351475 0.403062
0.337855 0.330423 0.331722
0.131534 0.388068 0.480398
0.041273 0.474978 0.483750
0.276839 0.369132 0.354029
0.410407 0.321139 0.268454
0.071442 0.442316 0.486243
0.090661 0.447219 0.462120
0.089874 0.450980 0.459146
0.090095 0.392007 0.517897
0.848554 0.080601 0.070846
0.073872 0.391305 0.534822
0.850444 0.080613 0.068943
0.066341 0.421897 0.511761
0.110562 0.431158 0.458279
0.304941 0.320078 0.374981
0.849895 0.084334 0.065770
0.349644 0.311479 0.338877
0.177487 0.382337 0.440175
0.052435 0.425407 0.522157
0.657255 0.181076 0.161668
0.740360 0.145715 0.113925
0.866469 0.071091 0.062440
0.378946 0.338006 0.283049
0.725837 0.126387 0.147776
0.466237 0.272421 0.261342
0.137296 0.392712 0.469992
0.730709 0.148366 0.120924
0.494656 0.262612 0.242732
0.261532 0.353061 0.385407
0.092953 0.395294 0.511753
0.475001 0.241444 0.283555
0.768811 0.118787 0.112403
0.273441 0.361077 0.365482
0.824837 0.091968 0.083195
0.173314 0.422567 0.404119
0.098623 0.473822 0.427556
0.122607 0.427776 0.449616
0.861677 0.072139 0.066184
0.031698 0.405992 0.562310
0.904706 0.055294 0.040001
0.082447 0.381709 0.535844
0.298334 0.333008 0.368658
0.336384 0.334220 0.329396
0.129040 0.379011 0.491948
0.041524 0.467375 0.491101
0.230616 0.385952 0.383431
0.542451 0.251491 0.206058
0.071317 0.442647 0.486036
0.086987 0.445914 0.467098
0.091986 0.450522 0.457492
0.076751 0.400326 0.522923
0.874190 0.067377 0.058433
0.087075 0.389782 0.523143
0.817507 0.096722 0.085771
0.065043 0.417316 0.517640
0.057593 0.452030 0.490377
0.316718 0.313626 0.369656
0.857376 0.079081 0.063543
0.350742 0.310948 0.338310
0.173597 0.380304 0.446099
0.063406 0.415574 0.521021
0.637195 0.191359 0.171445
0.789371 0.117661 0.092968
0.861741 0.073845 0.064414
0.508471 0.266575 0.224955
0.749291 0.116571 0.134138
0.470789 0.271538 0.257673
0.155913 0.385105 0.458982
0.758680 0.134086 0.107234
0.507796 0.264502 0.227702
0.310753 0.326496 0.362751
0.042887 0.424707 0.532406
0.477703 0.240825 0.281473
0.760218 0.122559 0.117223
0.283062 0.354899 0.362039
0.821218 0.097029 0.081753
0.170171 0.422931 0.406898
0.080354 0.483336 0.436310
0.080741 0.452926 0.466334
0.850185 0.078276 0.071539
0.026736 0.414175 0.559089
0.930143 0.041189 0.028668
0.070922 0.389110 0.539968
0.293506 0.337068 0.369425
0.359132 0.326684 0.314184
0.128831 0.382060 0.489109
0.038049 0.468001 0.493950
0.217621 0.390939 0.391440
0.409597 0.323849 0.266554
0.073286 0.442851 0.483863
0.089443 0.451262 0.459295
0.098511 0.448981 0.452508
0.087674 0.399201 0.513125
0.831744 0.089239 0.079016
0.078796 0.388891 0.532313
0.861463 0.074415 0.064122
0.067554 0.433129 0.499317
0.056288 0.455518 0.488195
0.297447 0.327352 0.375201
0.845285 0.085748 0.068967
0.359989 0.308161 0.331850
0.157924 0.390548 0.451528
0.053666 0.428630 0.517704
0.616603 0.201251 0.182146
0.726406 0.153359 0.120234
0.846849 0.080496 0.072654
0.467592 0.280965 0.251443
0.784596 0.100647 0.114757
0.466195 0.271306 0.262499
0.174544 0.373493 0.451963
0.806639 0.106620 0.086740
0.516299 0.250981 0.232721
0.331550 0.325564 0.342886
0.084970 0.404422 0.510608
0.456898 0.246570 0.296532
0.837047 0.082977 0.079977
0.231664 0.380472 0.387864
0.820748 0.094889 0.084363
0.257678 0.377630 0.364692
0.090972 0.471547 0.437481
0.119984 0.433606 0.446410
0.850174 0.079776 0.070050
0.030030 0.414310 0.555660
0.916132 0.049187 0.034681
0.087453 0.386563 0.525985
0.292543 0.330426 0.377031
0.360693 0.324687 0.314620
0.133008 0.386209 0.480783
0.039811 0.460532 0.499657
0.219678 0.398827 0.381496
0.398822 0.333903 0.267275
0.070570 0.440866 0.488564
0.080953 0.450404 0.468643
0.090890 0.450096 0.459014
0.089671 0.389012 0.521317
0.825446 0.091728 0.082826
0.075999 0.396887 0.527113
0.823093 0.094616 0.082291
0.070697 0.430467 0.498836
0.105514 0.436662 0.457823
0.399764 0.276527 0.323709
0.865966 0.075329 0.058706
0.349559 0.320360 0.330081
0.150403 0.396905 0.452692
0.107590 0.404960 0.487451
0.694152 0.159947 0.145901
0.736344 0.147502 0.116154
0.865403 0.070997 0.063600
0.471827 0.280472 0.247701
0.776756 0.102957 0.120287
0.472965 0.273046 0.253989
0.144019 0.388520 0.467461
0.819112 0.099610 0.081278
0.417328 0.308079 0.274593
0.247583 0.353628 0.398788
0.037286 0.419385 0.543329
0.483722 0.239402 0.276877
0.770115 0.118138 0.111747
0.233115 0.377980 0.388906
0.827240 0.093447 0.079313
0.175698 0.413486 0.410815
0.083279 0.482361 0.434360
0.121551 0.417635 0.460814
0.861728 0.072336 0.065936
0.031801 0.405069 0.563130
0.905987 0.055006 0.039008
0.065467 0.388494 0.546039
0.256102 0.347496 0.396402
0.344671 0.335807 0.319523
0.205856 0.356745 0.437399
0.040451 0.476367 0.483182
0.234942 0.386015 0.379043
0.479772 0.295583 0.224644
0.073556 0.443044 0.483401
0.088982 0.445288 0.465730
0.165087 0.415833 0.419080
0.083332 0.417382 0.499285
0.855276 0.076218 0.068505
0.084431 0.385268 0.530301
0.808367 0.102842 0.088790
0.063592 0.424560 0.511848
0.112970 0.434939 0.452090
0.394262 0.281070 0.324668
0.850378 0.084536 0.065086
0.377811 0.299244 0.322946
0.162891 0.386444 0.450665
0.065896 0.423365 0.510740
0.636207 0.189660 0.174132
0.732392 0.148805 0.118803
0.871502 0.067923 0.060574
0.459345 0.282341 0.258314
0.668730 0.152917 0.178353
0.476159 0.273646 0.250195
0.173894 0.375506 0.450600
0.751424 0.137652 0.110924
0.510719 0.257465 0.231816
0.251274 0.366692 0.382034
0.037733 0.420121 0.542145
0.412110 0.272017 0.315873
0.759516 0.121980 0.118504
0.296898 0.350363 0.352739
0.816347 0.101270 0.082383
0.268315 0.369869 0.361815
0.084183 0.480119 0.435698
0.081536 0.447459 0.471004
0.851887 0.076794 0.071320
0.024626 0.418362 0.557013
0.935039 0.037693 0.027267
0.077360 0.384675 0.537965
0.299422 0.333394 0.367183
0.419068 0.294853 0.286079
0.145768 0.377873 0.476360
0.037348 0.460898 0.501754
0.228307 0.386232 0.385460
0.407818 0.332088 0.260093
0.077723 0.445379 0.476898
0.072790 0.458849 0.468361
0.158735 0.417479 0.423786
0.087327 0.385301 0.527371
0.826307 0.090758 0.082935
0.068738 0.389862 0.541400
0.820343 0.096741 0.082917
0.063978 0.429755 0.506267
0.058493 0.465239 0.476267
0.414838 0.273850 0.311312
0.871029 0.072531 0.056439
0.358074 0.309859 0.332067
0.132911 0.403598 0.463491
0.063688 0.430676 0.505636
0.712154 0.153061 0.134785
0.785763 0.120197 0.094040
0.865166 0.071440 0.063394
0.351894 0.339960 0.308147
0.691355 0.144172 0.164474
0.473340 0.271602 0.255058
0.146588 0.388874 0.464538
0.715532 0.154789 0.129680
0.510237 0.252109 0.237654
0.274890 0.350526 0.374583
0.083721 0.403219 0.513060
0.474699 0.238748 0.286554
0.745464 0.130472 0.124063
0.244967 0.374989 0.380044
0.816855 0.098699 0.084446
0.166856 0.421419 0.411725
0.085833 0.471200 0.442967
0.089457 0.447345 0.463198
0.835652 0.084942 0.079406
0.022676 0.408931 0.568394
0.932942 0.038946 0.028113
0.058614 0.398808 0.542578
0.233614 0.364399 0.401986
0.346477 0.325730 0.327793
0.198510 0.343603 0.457887
0.041635 0.458398 0.499967
0.267652 0.375003 0.357345
0.463444 0.293931 0.242625
0.068691 0.444384 0.486925
0.087890 0.447403 0.464707
0.086570 0.455382 0.458048
0.083035 0.400052 0.516914
0.865646 0.070636 0.063718
0.075712 0.384558 0.539730
0.811056 0.101189 0.087755
0.068744 0.419091 0.512165
0.113562 0.435867 0.450572
0.292858 0.324592 0.382550
0.851264 0.083129 0.065608
0.496595 0.247661 0.255743
0.134778 0.406179 0.459043
0.107140 0.409373 0.483487
0.661194 0.178861 0.159945
0.781753 0.122703 0.095544
0.854105 0.077277 0.068619
0.468290 0.275796 0.255915
0.791490 0.097303 0.111208
0.476816 0.274080 0.249103
0.172657 0.376563 0.450780
0.728569 0.146247 0.125184
0.431641 0.297575 0.270784
0.316786 0.332077 0.351137
0.045109 0.416990 0.537901
0.458334 0.249412 0.292254
0.812440 0.095947 0.091613
0.244329 0.374530 0.381142
0.825705 0.092624 0.081671
0.284327 0.354778 0.360895
0.078293 0.474440 0.447267
0.087872 0.446020 0.466108
0.839951 0.082176 0.077873
0.028793 0.405014 0.566193
0.932610 0.038343 0.029047
0.064431 0.405320 0.530249
0.255468 0.347161 0.397371
0.360987 0.326070 0.312943
0.198685 0.345690 0.455625
0.044281 0.460198 0.495521
0.271011 0.365297 0.363692
0.482673 0.283761 0.233566
0.072969 0.440608 0.486422
0.089369 0.451557 0.459074
0.161005 0.418236 0.420759
0.095451 0.377785 0.526765
0.874379 0.066747 0.058874
0.077577 0.389978 0.532445
0.829714 0.091388 0.078899
0.066875 0.426984 0.506141
0.110485 0.445734 0.443780
0.308869 0.314459 0.376671
0.860481 0.079394 0.060125
0.500844 0.245730 0.253426
0.202051 0.370320 0.427629
0.050159 0.437278 0.512563
0.617426 0.205253 0.177322
0.737986 0.145365 0.116649
0.857926 0.075889 0.066185
0.458132 0.287361 0.254508
0.782285 0.099240 0.118475
0.475456 0.270682 0.253862
0.144928 0.383606 0.471465
0.820771 0.098051 0.081178
0.513972 0.259098 0.226930
0.319146 0.331768 0.349086
0.089712 0.397684 0.512604
0.423855 0.264387 0.311758
0.805453 0.098471 0.096076
0.235104 0.376948 0.387947
0.822022 0.097413 0.080564
0.178128 0.414290 0.407582
0.086586 0.477495 0.435919
0.086542 0.438881 0.474577
0.849767 0.077549 0.072684
0.023655 0.401938 0.574407
0.914483 0.049223 0.036295
0.073871 0.398774 0.527355
0.288493 0.330959 0.380548
0.348815 0.330721 0.320464
0.200588 0.350499 0.448913
0.041527 0.472858 0.485615
0.215130 0.399320 0.385550
0.488658 0.274590 0.236752
0.075191 0.447640 0.477170
0.094508 0.447023 0.458469
0.093184 0.452250 0.454566
0.080025 0.399490 0.520485
0.884937 0.059408 0.055654
0.070007 0.391668 0.538325
0.811828 0.100656 0.087516
0.066729 0.422398 0.510874
0.068411 0.464541 0.467048
0.317211 0.310381 0.372408
0.849499 0.082735 0.067767
0.382696 0.298858 0.318445
0.140009 0.399241 0.460749
0.070209 0.435159 0.494632
0.716737 0.150162 0.133101
0.781072 0.122873 0.096055
0.868781 0.069773 0.061446
0.519787 0.260718 0.219495
0.759937 0.112076 0.127988
0.466692 0.271660 0.261648
0.145549 0.386203 0.468248
0.733835 0.146737 0.119428
0.510043 0.256455 0.233502
0.289250 0.333839 0.376911
0.040264 0.430611 0.529125
0.480583 0.241797 0.277620
0.755552 0.125251 0.119198
0.240307 0.375708 0.383984
0.818359 0.099267 0.082373
0.184037 0.407550 0.408413
0.086214 0.466406 0.447379
0.123929 0.422942 0.453129
0.865032 0.070106 0.064862
0.025023 0.403134 0.571843
0.929111 0.041541 0.029348
0.062988 0.394854 0.542157
0.246901 0.350183 0.402916
0.336887 0.334479 0.328635
0.211745 0.349024 0.439231
0.043363 0.471494 0.485144
0.231537 0.383127 0.385336
0.478885 0.284691 0.236424
0.065273 0.443032 0.491696
0.077689 0.452839 0.469472
0.164439 0.416198 0.419363
0.087831 0.406471 0.505698
0.870810 0.067339 0.061851
0.084119 0.379462 0.536419
0.823099 0.094129 0.082772
0.063122 0.427743 0.509135
0.109852 0.436250 0.453899
0.315933 0.312221 0.371846
0.863713 0.076199 0.060088
0.356976 0.317774 0.325250
0.156870 0.389630 0.453500
0.067840 0.442428 0.489732
0.681291 0.167702 0.151007
0.717157 0.157679 0.125164
0.866886 0.070667 0.062448
0.368987 0.341690 0.289323
0.769835 0.107112 0.123053
0.466550 0.269191 0.264259
0.160252 0.380196 0.459551
0.800496 0.110042 0.089462
0.511997 0.255530 0.232473
0.314646 0.342956 0.342399
0.085797 0.402385 0.511817
0.464243 0.247736 0.288021
0.750298 0.127612 0.122090
0.248344 0.374233 0.377423
0.816230 0.095421 0.088350
0.192271 0.410304 0.397424
0.078220 0.494095 0.427685
0.092278 0.448258 0.459463
0.838604 0.084047 0.077349
0.032998 0.413983 0.553019
0.933445 0.038289 0.028266
0.066149 0.402873 0.530979
0.258150 0.354864 0.386986
0.399895 0.303516 0.296589
0.202356 0.361330 0.436314
0.037910 0.465754 0.496336
0.281886 0.360362 0.357753
0.500091 0.276449 0.223460
0.069807 0.442601 0.487592
0.083176 0.446772 0.470051
0.156164 0.417572 0.426264
0.085600 0.396961 0.517439
0.884526 0.060928 0.054547
0.083964 0.385894 0.530142
0.848668 0.079824 0.071509
0.064968 0.424723 0.510309
0.110688 0.441985 0.447327
0.275597 0.333459 0.390945
0.841550 0.089743 0.068707
0.348553 0.323172 0.328275
0.134741 0.403185 0.462074
0.064850 0.446837 0.488312
0.625219 0.200385 0.174396
0.730475 0.151664 0.117860
0.862126 0.073597 0.064276
0.495594 0.273790 0.230616
0.683111 0.149034 0.167856
0.467911 0.269935 0.262155
0.145084 0.387915 0.467001
0.716606 0.149045 0.134348
0.435675 0.294704 0.269621
0.283236 0.347617 0.369148
0.085266 0.405584 0.509150
0.413968 0.267463 0.318569
0.820282 0.091209 0.088509
0.249974 0.369441 0.380585
0.815855 0.099460 0.084686
0.300379 0.352314 0.347307
0.095863 0.474052 0.430084
0.133178 0.427823 0.438999
0.837000 0.085871 0.077129
0.034243 0.403716 0.562042
0.929796 0.040474 0.029730
0.094207 0.380370 0.525423
0.254424 0.363941 0.381634
0.392638 0.312183 0.295178
0.237416 0.345042 0.417542
0.038043 0.463679 0.498277
0.213965 0.395375 0.390660
0.508184 0.274144 0.217672
0.072594 0.440665 0.486740
0.071457 0.451310 0.477233
0.148429 0.426058 0.425513
0.095693 0.382426 0.521881
0.830936 0.088258 0.080806
0.086709 0.388777 0.524513
0.821866 0.096012 0.082122
0.070630 0.421514 0.507856
0.060355 0.460488 0.479156
0.395717 0.277715 0.326567
0.838034 0.089011 0.072955
0.497508 0.241049 0.261443
0.135191 0.403434 0.461375
0.108113 0.412638 0.479250
0.719276 0.149547 0.131177
0.793060 0.114704 0.092236
0.856349 0.076470 0.067181
0.445261 0.296913 0.257826
0.793304 0.095753 0.110943
0.470936 0.271894 0.257171
0.164044 0.376125 0.459830
0.745617 0.136529 0.117854
0.425947 0.296297 0.277756
0.349614 0.310162 0.340223
0.040009 0.430753 0.529238
0.450402 0.250584 0.299014
0.758609 0.123875 0.117516
0.276805 0.356771 0.366424
0.829187 0.093183 0.077629
0.174822 0.421429 0.403749
0.095000 0.459372 0.445628
0.084590 0.444549 0.470861
0.870181 0.067183 0.062636
0.030680 0.405721 0.563599
0.919472 0.047077 0.033452
0.065292 0.401552 0.533156
0.291746 0.339814 0.368439
0.339933 0.334457 0.325610
0.193260 0.354565 0.452174
0.041461 0.466559 0.491980
0.222637 0.390909 0.386454
0.501189 0.269246 0.229564
0.073438 0.442441 0.484121
0.092171 0.447828 0.460001
0.094414 0.449292 0.456294
0.087309 0.417295 0.495395
0.871285 0.066886 0.061829
0.084732 0.383274 0.531993
0.864285 0.072360 0.063355
0.066990 0.423139 0.509871
0.110854 0.432434 0.456713
0.299794 0.326715 0.373491
0.844013 0.085482 0.070505
0.499762 0.239202 0.261035
0.175235 0.381236 0.443530
0.092584 0.411923 0.495493
0.625035 0.200209 0.174757
0.793426 0.114205 0.092369
0.864887 0.071717 0.063396
0.445399 0.295224 0.259377
0.692627 0.144740 0.162633
0.470284 0.269163 0.260554
0.140560 0.387725 0.471715
0.805183 0.107298 0.087519
0.421414 0.298868 0.279719
0.265071 0.352124 0.382805
0.041801 0.430392 0.527808
0.501995 0.225750 0.272255
0.757842 0.123091 0.119067
0.279753 0.358794 0.361453
0.814203 0.101022 0.084774
0.167526 0.418125 0.414349
0.093667 0.464101 0.442232
0.078338 0.442328 0.479334
0.854523 0.075818 0.069659
0.024448 0.417548 0.558004
0.929726 0.040891 0.029383
0.090974 0.410832 0.498195
0.271706 0.340637 0.387657
0.404505 0.300895 0.294600
0.186482 0.367988 0.445530
0.037293 0.459934 0.502774
0.238462 0.381772 0.379766
0.398588 0.325680 0.275732
0.072212 0.444375 0.483413
0.096618 0.445576 0.457806
0.093755 0.450410 0.455835
0.079000 0.384087 0.536913
0.862555 0.072200 0.065245
0.085005 0.384212 0.530782
0.866730 0.071597 0.061674
0.068861 0.428861 0.502278
0.115566 0.427792 0.456642
0.299798 0.321599 0.378603
0.838985 0.091414 0.069601
0.346316 0.316616 0.337069
0.131010 0.402622 0.466369
0.069194 0.426152 0.504654
0.622819 0.196981 0.180200
0.791150 0.115562 0.093288
0.872137 0.068452 0.059410
0.475406 0.282136 0.242459
0.696833 0.140679 0.162487
0.470863 0.270660 0.258476
0.134154 0.395702 0.470144
0.809730 0.105013 0.085257
0.413583 0.314491 0.271925
0.324181 0.318239 0.357579
0.041049 0.425739 0.533212
0.437543 0.257961 0.304496
0.760568 0.123307 0.116125
0.241541 0.373645 0.384814
0.799395 0.110612 0.089993
0.188014 0.406942 0.405043
0.088978 0.471337 0.439685
0.082913 0.421603 0.495484
0.829622 0.089604 0.080774
0.032328 0.396820 0.570852
0.930938 0.040306 0.028757
0.104178 0.411107 0.484716
0.254792 0.355028 0.390180
0.406758 0.297930 0.295312
0.116535 0.388859 0.494606
0.045254 0.473193 0.481554
0.219842 0.391600 0.388558
0.493625 0.284924 0.221452
0.069018 0.445453 0.485528
0.085827 0.448078 0.466095
0.172655 0.409461 0.417883
0.086838 0.400624 0.512538
0.880236 0.062709 0.057055
0.085666 0.391760 0.522574
0.847754 0.081260 0.070986
0.067505 0.429030 0.503465
0.061665 0.459047 0.479288
0.374835 0.284127 0.341038
0.864064 0.075300 0.060636
0.510272 0.239583 0.250145
0.166098 0.391271 0.442631
0.054505 0.423727 0.521768
0.692071 0.160455 0.147473
0.720520 0.155839 0.123640
0.860573 0.073946 0.065481
0.471644 0.277822 0.250533
0.690833 0.144502 0.164665
0.474699 0.274790 0.250511
0.147329 0.387536 0.465135
0.761396 0.131001 0.107604
0.510869 0.249305 0.239827
0.264111 0.361725 0.374163
0.037022 0.430551 0.532427
0.450341 0.250679 0.298980
0.744202 0.129996 0.125802
0.288089 0.349608 0.362302
0.810292 0.102289 0.087420
0.260174 0.371992 0.367833
0.093681 0.463365 0.442954
0.121450 0.423288 0.455262
0.852142 0.075343 0.072515
0.024317 0.410681 0.565002
0.908150 0.053329 0.038521
0.088637 0.406671 0.504692
0.313105 0.334874 0.352022
0.383967 0.309899 0.306134
0.120272 0.377775 0.501953
0.037731 0.471976 0.490293
0.284472 0.360890 0.354638
0.536779 0.259048 0.204173
0.068508 0.443930 0.487561
0.074228 0.458425 0.467347
0.085858 0.453066 0.461076
0.088164 0.398934 0.512902
0.846933 0.080083 0.072984
0.084888 0.398157 0.516955
0.858989 0.075275 0.065735
0.061999 0.434547 0.503454
0.066737 0.462266 0.470997
0.308713 0.315571 0.375716
0.862433 0.075097 0.062470
0.337667 0.320596 0.341738
0.126039 0.406195 0.467766
0.066473 0.421186 0.512341
0.634236 0.195413 0.170351
0.786147 0.117504 0.096350
0.868118 0.069547 0.062335
0.358106 0.340923 0.300971
0.750119 0.118373 0.131508
0.469275 0.272310 0.258414
0.139140 0.394549 0.466311
0.737462 0.143696 0.118842
0.502569 0.246793 0.250638
0.298628 0.331471 0.369901
0.082393 0.413739 0.503868
0.477805 0.238458 0.283737
0.745794 0.129032 0.125174
0.246298 0.371216 0.382486
0.824613 0.093247 0.082139
0.176734 0.410351 0.412915
0.085985 0.455765 0.458251
0.083275 0.434978 0.481747
0.846766 0.079478 0.073756
0.031803 0.414914 0.553283
0.930690 0.039561 0.029749
0.095111 0.389827 0.515062
0.312462 0.336975 0.350563
0.397269 0.308017 0.294714
0.116858 0.382166 0.500976
0.045325 0.469276 0.485400
0.219857 0.387709 0.392434
0.525389 0.257048 0.217563
0.071074 0.437854 0.491071
0.072561 0.456718 0.470721
0.084557 0.455427 0.460015
0.098343 0.384904 0.516753
0.812052 0.101212 0.086736
0.077007 0.390003 0.532991
0.863633 0.072316 0.064051
0.068478 0.427898 0.503624
0.064593 0.462746 0.472661
0.306895 0.320094 0.373011
0.842039 0.090296 0.067665
0.498935 0.241080 0.259985
0.122383 0.402639 0.474978
0.058767 0.428166 0.513066
0.628618 0.195428 0.175954
0.801879 0.108619 0.089503
0.859528 0.074925 0.065546
0.500610 0.264862 0.234528
0.776179 0.104234 0.119587
0.467995 0.265664 0.266341
0.143109 0.397965 0.458926
0.805596 0.106990 0.087414
0.415878 0.311311 0.272811
0.345179 0.312164 0.342656
0.085591 0.407304 0.507105
0.474198 0.237160 0.288642
0.760434 0.121431 0.118135
0.238726 0.378415 0.382860
0.815202 0.099319 0.085480
0.186246 0.407470 0.406284
0.080942 0.477264 0.441794
0.082837 0.466758 0.450405
0.847078 0.078391 0.074531
0.028240 0.426596 0.545164
0.916063 0.049043 0.034894
0.088935 0.387295 0.523770
0.287097 0.344618 0.368285
0.422272 0.295454 0.282274
0.215469 0.359274 0.425256
0.044921 0.453869 0.501210
0.223702 0.389139 0.387159
0.504951 0.273277 0.221773
0.067824 0.445653 0.486523
0.077290 0.450587 0.472123
0.161133 0.419430 0.419437
0.094763 0.379526 0.525711
0.883278 0.061684 0.055038
0.077828 0.391259 0.530912
0.819050 0.098334 0.082616
0.070110 0.432477 0.497413
0.114462 0.435920 0.449618
0.307874 0.315777 0.376349
0.857476 0.080224 0.062300
0.511331 0.234141 0.254528
0.162529 0.390703 0.446768
0.065623 0.414667 0.519711
0.696517 0.158043 0.145440
0.791155 0.115823 0.093022
0.863893 0.072122 0.063985
0.373496 0.340793 0.285711
0.773061 0.104813 0.122127
0.466340 0.270067 0.263593
0.142578 0.392725 0.464696
0.808786 0.102946 0.088268
0.515669 0.251821 0.232510
0.289931 0.335179 0.374890
0.050694 0.413012 0.536294
0.406962 0.274144 0.318895
0.778678 0.112564 0.108757
0.291820 0.347502 0.360678
0.818253 0.097044 0.084703
0.168170 0.427483 0.404347
0.083223 0.479131 0.437645
0.117394 0.417276 0.465330
0.844760 0.080331 0.074909
0.031347 0.407791 0.560863
0.921534 0.045793 0.032673
0.080800 0.393900 0.525300
0.321239 0.320627 0.358134
0.403255 0.304481 0.292264
0.143206 0.410898 0.445896
0.043803 0.463856 0.492341
0.294364 0.353799 0.351836
0.481760 0.292559 0.225680
0.069262 0.446944 0.483794
0.079353 0.451968 0.468679
0.093237 0.450304 0.456458
0.087892 0.393264 0.518844
0.884448 0.061116 0.054436
0.073030 0.394953 0.532017
0.821002 0.096461 0.082537
0.072798 0.438728 0.488474
0.114570 0.441088 0.444342
0.306918 0.316759 0.376323
0.857390 0.080278 0.062333
0.385540 0.295233 0.319227
0.175529 0.380703 0.443767
0.060424 0.430139 0.509437
0.623566 0.195994 0.180440
0.718237 0.154174 0.127588
0.868278 0.069780 0.061942
0.487844 0.279735 0.232421
0.790003 0.097449 0.112548
0.474930 0.269310 0.255760
0.139918 0.387302 0.472779
0.799254 0.110012 0.090734
0.410585 0.304108 0.285307
0.336572 0.315995 0.347433
0.045522 0.426317 0.528161
0.446007 0.255364 0.298629
0.740823 0.130946 0.128232
0.276794 0.358682 0.364523
0.813951 0.101236 0.084814
0.181265 0.422892 0.395844
0.091067 0.463927 0.445006
0.141369 0.407798 0.450833
0.856219 0.075510 0.068271
0.031057 0.411396 0.557547
0.905502 0.054415 0.040083
0.084699 0.390594 0.524706
0.252833 0.359739 0.387428
0.353970 0.332359 0.313671
0.221709 0.378839 0.399451
0.042204 0.462465 0.495331
0.279634 0.362058 0.358308
0.482014 0.291692 0.226294
0.069383 0.441196 0.489421
0.084602 0.448397 0.467002
0.167599 0.412544 0.419857
0.081649 0.399027 0.519324
0.884092 0.061042 0.054865
0.086010 0.393080 0.520910
0.824261 0.093450 0.082289
0.067287 0.431882 0.500830
0.069876 0.461843 0.468281
0.312134 0.318155 0.369710
0.862662 0.077360 0.059979
0.501319 0.239324 0.259357
0.160536 0.388031 0.451433
0.111795 0.415204 0.473001
0.637028 0.190264 0.172707
0.707836 0.161311 0.130852
0.873331 0.067391 0.059278
0.491295 0.275903 0.232802
0.675848 0.151188 0.172964
0.472893 0.272071 0.255035
0.140932 0.389672 0.469396
0.737325 0.143517 0.119158
0.430848 0.297769 0.271383
0.325833 0.323714 0.350453
0.045931 0.427087 0.526982
0.444842 0.256112 0.299046
0.751170 0.127126 0.121704
0.283430 0.357023 0.359547
0.820764 0.097351 0.081885
0.170984 0.419563 0.409453
0.096650 0.469915 0.433435
0.083317 0.449796 0.466887
0.856078 0.074785 0.069136
0.029877 0.413425 0.556698
0.928524 0.041983 0.029493
0.080881 0.383446 0.535673
0.246396 0.366900 0.386703
0.416994 0.297533 0.285472
0.210955 0.360530 0.428514
0.042580 0.452609 0.504810
0.216675 0.392688 0.390637
0.414671 0.329064 0.256265
0.069747 0.451291 0.478962
0.081630 0.447599 0.470771
0.090448 0.452348 0.457204
0.091146 0.404528 0.504326
0.884922 0.060503 0.054575
0.078023 0.400726 0.521252
0.849496 0.080680 0.069824
0.066311 0.425334 0.508355
0.115409 0.433885 0.450707
0.323887 0.312572 0.363541
0.842036 0.088297 0.069667
0.496962 0.240520 0.262518
0.148027 0.395062 0.456910
0.056330 0.421642 0.522028
0.701314 0.157237 0.141449
0.804511 0.109301 0.086189
0.864948 0.071497 0.063555
0.525518 0.252270 0.222212
0.741976 0.121298 0.136726
0.474580 0.277004 0.248416
0.140382 0.391223 0.468395
0.753071 0.133211 0.113718
0.511516 0.247818 0.240666
0.308199 0.332163 0.359638
0.047249 0.427748 0.525003
0.456173 0.248268 0.295559
0.734726 0.135350 0.129925
0.281967 0.353010 0.365023
0.820911 0.095644 0.083445
0.182285 0.416205 0.401510
0.090388 0.471072 0.438539
0.084100 0.430016 0.485884
0.842864 0.081903 0.075233
0.032223 0.408634 0.559143
0.907234 0.053589 0.039178
0.062236 0.393128 0.544636
0.238284 0.371722 0.389993
0.386208 0.313917 0.299875
0.174566 0.358719 0.466715
0.043031 0.462829 0.494140
0.273090 0.365135 0.361776
0.406076 0.328594 0.265330
0.064923 0.450151 0.484927
0.091637 0.447476 0.460888
0.088044 0.450924 0.461032
0.090634 0.416134 0.493232
0.866779 0.070830 0.062391
0.083665 0.398414 0.517921
0.854617 0.078927 0.066456
0.065971 0.435978 0.498051
0.059690 0.456833 0.483477
0.312873 0.313744 0.373383
0.843877 0.087929 0.068194
0.494952 0.242018 0.263030
0.124366 0.407460 0.468173
0.060607 0.430694 0.508699
0.705344 0.157594 0.137062
0.734192 0.146826 0.118982
0.840627 0.085091 0.074282
0.358935 0.342997 0.298068
0.772996 0.107180 0.119824
0.473051 0.275138 0.251812
0.138769 0.394515 0.466716
0.713920 0.157927 0.128153
0.428722 0.302483 0.268795
0.306286 0.328742 0.364973
0.083999 0.412705 0.503296
0.461572 0.247349 0.291079
0.767001 0.119397 0.113601
0.271517 0.360651 0.367832
0.827845 0.093089 0.079066
0.165616 0.426234 0.408151
0.087592 0.462239 0.450169
0.111110 0.419974 0.468917
0.851129 0.077806 0.071065
0.021853 0.422271 0.555875
0.911505 0.049260 0.039235
0.066661 0.396055 0.537284
0.261013 0.354669 0.384317
0.356558 0.328716 0.314727
0.204685 0.355132 0.440183
0.038512 0.466511 0.494977
0.221651 0.392406 0.385943
0.392785 0.332085 0.275130
0.069543 0.438880 0.491577
0.086626 0.450535 0.462838
0.080798 0.458209 0.460993
0.093801 0.380105 0.526094
0.826200 0.090785 0.083015
0.074791 0.392183 0.533026
0.819528 0.095695 0.084777
0.067927 0.432812 0.499261
0.113446 0.425850 0.460705
0.395971 0.275912 0.328117
0.853893 0.081319 0.064788
0.510390 0.235364 0.254246
0.137277 0.396415 0.466307
0.068302 0.431848 0.499850
0.693666 0.161063 0.145271
0.792829 0.113407 0.093764
0.864628 0.072177 0.063195
0.482250 0.278450 0.239300
0.752832 0.114914 0.132254
0.475480 0.274421 0.250100
0.137625 0.390059 0.472316
0.755746 0.136083 0.108171
0.517280 0.255373 0.227347
0.267017 0.355000 0.377983
0.042698 0.424255 0.533046
0.522271 0.217753 0.259975
0.764674 0.120284 0.115042
0.244253 0.372929 0.382818
0.827746 0.093938 0.078316
0.182690 0.415645 0.401664
0.089710 0.479799 0.430490
0.106496 0.419120 0.474384
0.849110 0.076811 0.074079
0.024889 0.418591 0.556520
0.931363 0.038197 0.030440
0.080168 0.385589 0.534243
0.285776 0.335944 0.378280
0.442287 0.287362 0.270351
0.182770 0.364083 0.453147
0.045191 0.462984 0.491825
0.283679 0.359367 0.356954
0.416816 0.317789 0.265395
0.069632 0.446940 0.483427
0.093043 0.446718 0.460239
0.093733 0.450884 0.455383
0.090299 0.385083 0.524618
0.827015 0.091344 0.081641
0.075291 0.399368 0.525340
0.845186 0.082802 0.072013
0.068994 0.434878 0.496128
0.117198 0.431271 0.451531
0.303675 0.322085 0.374240
0.855092 0.081938 0.062970
0.360370 0.311249 0.328381
0.153980 0.393589 0.452431
0.069736 0.433282 0.496983
0.629596 0.196932 0.173473
0.798013 0.110142 0.091846
0.860614 0.074327 0.065059
0.449958 0.295826 0.254217
0.777889 0.103698 0.118413
0.476200 0.273312 0.250489
0.146889 0.384088 0.469023
0.718539 0.155514 0.125947
0.406295 0.313864 0.279841
0.296335 0.328244 0.375421
0.047822 0.420096 0.532082
0.376110 0.289932 0.333958
0.796231 0.103288 0.100482
0.234069 0.377975 0.387955
0.810476 0.104265 0.085260
0.259947 0.372096 0.367957
0.086713 0.474863 0.438424
0.119771 0.421728 0.458500
0.826534 0.089842 0.083624
0.025656 0.410423 0.563920
0.911220 0.050306 0.038474
0.073730 0.394311 0.531959
0.259856 0.352067 0.388078
0.353962 0.329136 0.316901
0.120141 0.387450 0.492409
0.034888 0.480384 0.484728
0.283787 0.360293 0.355920
0.516007 0.267949 0.216044
0.066540 0.445495 0.487965
0.080582 0.452094 0.467324
