0.222178 0.501735 0.276087
0.351569 0.593284 0.055147
0.766612 0.192282 0.041107
0.427455 0.376283 0.196262
0.044817 0.866211 0.088972
0.673204 0.169098 0.157697
0.478500 0.181934 0.339566
0.553804 0.160639 0.285557
0.315536 0.253456 0.431008
0.318012 0.392592 0.289396
0.423588 0.261983 0.314429
0.569176 0.153741 0.277083
0.081174 0.891512 0.027314
0.047582 0.907667 0.044751
0.159314 0.630426 0.210260
0.746449 0.170663 0.082888
0.045279 0.925185 0.029537
0.510785 0.082174 0.407041
0.311016 0.398613 0.290371
0.531857 0.077016 0.391127
0.554124 0.135178 0.310699
0.497768 0.338286 0.163947
0.629199 0.051370 0.319431
0.385190 0.193065 0.421745
0.182140 0.780942 0.036918
0.206809 0.346863 0.446329
0.369735 0.201560 0.428705
0.274949 0.619908 0.105143
0.141336 0.449143 0.409521
0.167388 0.610768 0.221844
0.143560 0.592236 0.264204
0.693052 0.205361 0.101588
0.498705 0.116500 0.384795
0.616326 0.158450 0.225224
0.039498 0.900920 0.059581
0.819569 0.034287 0.146145
0.184103 0.512395 0.303502
0.424748 0.446237 0.129014
0.735362 0.140724 0.123914
0.485735 0.305002 0.209263
0.370295 0.506399 0.123306
0.705258 0.123563 0.171179
0.223015 0.501041 0.275943
0.370489 0.571489 0.058022
0.766303 0.192556 0.041142
0.423792 0.382634 0.193574
0.045414 0.864903 0.089683
0.671574 0.168268 0.160158
0.480119 0.180025 0.339857
0.551674 0.163900 0.284427
0.319095 0.244761 0.436144
0.314962 0.399545 0.285493
0.424337 0.260064 0.315599
0.569629 0.153371 0.277000
0.082833 0.889378 0.027789
0.045549 0.911905 0.042547
0.156956 0.636130 0.206914
0.747245 0.169995 0.082760
0.045408 0.924977 0.029614
0.510754 0.082686 0.406560
0.309454 0.401320 0.289225
0.531729 0.076967 0.391303
0.554749 0.133692 0.311559
0.487541 0.351500 0.160959
0.630314 0.049192 0.320495
0.391910 0.201467 0.406623
0.177487 0.786218 0.036295
0.204292 0.355752 0.439957
0.369679 0.201613 0.428708
0.291782 0.596998 0.111219
0.137762 0.460276 0.401962
0.174526 0.596326 0.229147
0.145300 0.584553 0.270147
0.695320 0.204132 0.100547
0.504208 0.115975 0.379817
0.613015 0.165010 0.221975
0.041860 0.895749 0.062391
0.820442 0.033657 0.145900
0.183581 0.512368 0.304051
0.425383 0.445101 0.129516
0.736709 0.138834 0.124456
0.488349 0.301728 0.209923
0.369108 0.507612 0.123280
0.704934 0.123591 0.171475
0.223917 0.500628 0.275455
0.366760 0.575479 0.057761
0.768544 0.190699 0.040757
0.438956 0.367013 0.194031
0.044290 0.866823 0.088887
0.671093 0.170377 0.158531
0.479580 0.180056 0.340364
0.553012 0.161291 0.285697
0.313428 0.259594 0.426978
0.321944 0.391139 0.286917
0.424362 0.259399 0.316239
0.567109 0.157420 0.275471
0.083615 0.888406 0.027979
0.047721 0.907696 0.044584
0.161462 0.625016 0.213522
0.746952 0.170212 0.082837
0.045383 0.925047 0.029570
0.508995 0.082891 0.408114
0.309060 0.402387 0.288553
0.531782 0.076610 0.391609
0.552455 0.135630 0.311915
0.492323 0.345162 0.162515
0.630323 0.049820 0.319857
0.391742 0.200319 0.407939
0.173873 0.790336 0.035790
0.210926 0.336114 0.452960
0.369674 0.201611 0.428715
0.284966 0.606487 0.108547
0.139471 0.454928 0.405601
0.171292 0.605161 0.223547
0.145959 0.581516 0.272525
0.693915 0.204759 0.101327
0.500645 0.115514 0.383841
0.613360 0.162765 0.223876
0.039563 0.900913 0.059524
0.819613 0.034391 0.145996
0.183038 0.514294 0.302668
0.418827 0.451731 0.129442
0.737354 0.139087 0.123559
0.487807 0.302045 0.210148
0.371312 0.505161 0.123527
0.703851 0.123988 0.172162
0.222076 0.502084 0.275839
0.368141 0.574198 0.057661
0.767623 0.190729 0.041648
0.438302 0.367662 0.194036
0.045275 0.864488 0.090237
0.663172 0.179582 0.157246
0.479588 0.180485 0.339927
0.553174 0.160801 0.286025
0.310785 0.264953 0.424262
0.322502 0.389499 0.287999
0.422756 0.261471 0.315773
0.566486 0.157516 0.275998
0.082842 0.889307 0.027851
0.046800 0.909511 0.043689
0.162789 0.624237 0.212974
0.746226 0.171269 0.082506
0.045457 0.924928 0.029615
0.509287 0.082983 0.407730
0.309545 0.401613 0.288842
0.530389 0.077021 0.392590
0.555093 0.128864 0.316043
0.486608 0.352597 0.160796
0.630906 0.049114 0.319979
0.391472 0.196549 0.411979
0.176592 0.787509 0.035899
0.208884 0.342109 0.449008
0.369829 0.201493 0.428678
0.291693 0.596971 0.111336
0.138327 0.460361 0.401313
0.172724 0.601926 0.225350
0.146370 0.582646 0.270983
0.694125 0.205888 0.099987
0.498751 0.118634 0.382615
0.605944 0.165935 0.228121
0.041376 0.895907 0.062717
0.820041 0.034182 0.145777
0.182570 0.515892 0.301538
0.418028 0.453723 0.128248
0.736897 0.139581 0.123521
0.482870 0.308755 0.208375
0.370147 0.506495 0.123358
0.701946 0.123091 0.174963
0.228489 0.488559 0.282952
0.363125 0.580029 0.056846
0.767368 0.190373 0.042258
0.429924 0.379889 0.190187
0.044508 0.867273 0.088219
0.670736 0.172165 0.157099
0.482967 0.175094 0.341939
0.554675 0.159427 0.285898
0.316298 0.252700 0.431002
0.317286 0.399667 0.283047
0.425509 0.259445 0.315046
0.567313 0.156675 0.276012
0.084619 0.886872 0.028508
0.047938 0.907615 0.044448
0.159302 0.630298 0.210400
0.752059 0.164872 0.083069
0.044900 0.925790 0.029310
0.509621 0.081182 0.409197
0.308737 0.402491 0.288772
0.530408 0.076828 0.392764
0.554982 0.132087 0.312931
0.494806 0.340454 0.164740
0.628788 0.052123 0.319089
0.396045 0.183849 0.420106
0.176660 0.787528 0.035812
0.206707 0.348370 0.444923
0.369406 0.201736 0.428858
0.279381 0.613784 0.106836
0.142957 0.441447 0.415596
0.192452 0.554412 0.253136
0.147578 0.582051 0.270370
0.694117 0.204800 0.101082
0.499507 0.116662 0.383831
0.613090 0.162197 0.224713
0.038059 0.904602 0.057339
0.823909 0.029645 0.146446
0.179586 0.522925 0.297489
0.424096 0.447590 0.128314
0.736540 0.140113 0.123347
0.484273 0.307754 0.207973
0.377488 0.496728 0.125785
0.703105 0.121396 0.175499
0.225646 0.493819 0.280534
0.369592 0.572287 0.058121
0.767297 0.191316 0.041388
0.435778 0.371722 0.192500
0.045334 0.865349 0.089317
0.671114 0.170960 0.157926
0.483159 0.174453 0.342387
0.552147 0.163714 0.284139
0.316105 0.253241 0.430654
0.321074 0.392662 0.286264
0.424865 0.260340 0.314796
0.568954 0.154077 0.276969
0.083835 0.888013 0.028153
0.046259 0.910564 0.043177
0.159722 0.630352 0.209926
0.747385 0.169773 0.082843
0.045256 0.925239 0.029505
0.509405 0.082363 0.408232
0.308475 0.402123 0.289403
0.530683 0.077250 0.392066
0.554901 0.135599 0.309500
0.491533 0.344787 0.163680
0.630155 0.050202 0.319643
0.391958 0.200912 0.407130
0.176068 0.788360 0.035573
0.207347 0.344608 0.448045
0.369709 0.201800 0.428491
0.292014 0.596914 0.111072
0.140116 0.452315 0.407569
0.171817 0.603482 0.224701
0.146690 0.582682 0.270628
0.693073 0.204675 0.102252
0.501543 0.113480 0.384977
0.610608 0.165969 0.223423
0.039428 0.900986 0.059585
0.819937 0.034213 0.145850
0.181940 0.517320 0.300740
0.419284 0.453630 0.127086
0.731406 0.144415 0.124179
0.487934 0.302233 0.209833
0.370275 0.506399 0.123326
0.705819 0.123267 0.170915
0.226507 0.493045 0.280448
0.361662 0.581372 0.056966
0.767513 0.191775 0.040712
0.438682 0.367269 0.194049
0.045400 0.864907 0.089693
0.674263 0.167153 0.158584
0.485591 0.171570 0.342839
0.554665 0.160754 0.284581
0.319758 0.244989 0.435254
0.322649 0.389441 0.287909
0.425013 0.259947 0.315040
0.569734 0.153115 0.277151
0.084415 0.887015 0.028570
0.046447 0.910379 0.043173
0.156473 0.638204 0.205323
0.746672 0.170593 0.082735
0.045374 0.925020 0.029606
0.508848 0.083291 0.407860
0.310115 0.400398 0.289488
0.530938 0.076981 0.392081
0.553609 0.135846 0.310545
0.491337 0.346542 0.162121
0.630771 0.049129 0.320100
0.391783 0.200856 0.407361
0.178371 0.785578 0.036051
0.206691 0.346817 0.446491
0.369654 0.201773 0.428572
0.285487 0.605914 0.108599
0.138290 0.459932 0.401779
0.170836 0.602800 0.226364
0.145424 0.591652 0.262924
0.693322 0.205409 0.101269
0.501373 0.113429 0.385198
0.606577 0.164594 0.228829
0.041484 0.896173 0.062344
0.819824 0.034372 0.145804
0.182861 0.516274 0.300865
0.423004 0.448942 0.128054
0.733499 0.142944 0.123557
0.484549 0.307506 0.207945
0.370068 0.506682 0.123250
0.705187 0.123677 0.171136
0.228713 0.486775 0.284512
0.365015 0.577819 0.057166
0.767470 0.191876 0.040654
0.434726 0.373282 0.191992
0.044575 0.866492 0.088932
0.660035 0.181842 0.158124
0.488532 0.166518 0.344950
0.554431 0.159945 0.285624
0.318348 0.247204 0.434448
0.321068 0.392886 0.286046
0.425275 0.259634 0.315092
0.563219 0.162524 0.274257
0.084046 0.887558 0.028396
0.046808 0.909806 0.043385
0.159593 0.631730 0.208676
0.747452 0.169855 0.082692
0.045476 0.924828 0.029696
0.507913 0.085331 0.406756
0.308552 0.401426 0.290022
0.529820 0.076919 0.393261
0.558084 0.130782 0.311134
0.486985 0.351882 0.161133
0.630841 0.049125 0.320034
0.391159 0.201014 0.407827
0.178872 0.784993 0.036135
0.203903 0.355246 0.440851
0.369832 0.201376 0.428793
0.292768 0.596174 0.111058
0.138418 0.459881 0.401700
0.169048 0.605432 0.225520
0.144332 0.594558 0.261110
0.694620 0.205084 0.100295
0.494083 0.119773 0.386145
0.610479 0.166092 0.223430
0.041499 0.896099 0.062402
0.820161 0.034216 0.145623
0.183997 0.512554 0.303449
0.423825 0.448200 0.127975
0.734039 0.141223 0.124738
0.487721 0.302121 0.210158
0.372365 0.505018 0.122617
0.705474 0.123841 0.170685
0.222065 0.501773 0.276162
0.365372 0.577485 0.057142
0.767268 0.191982 0.040751
0.439070 0.366884 0.194046
0.044273 0.866922 0.088805
0.668177 0.171510 0.160313
0.479120 0.182003 0.338877
0.552649 0.161128 0.286223
0.320717 0.244414 0.434869
0.321856 0.391191 0.286953
0.424772 0.259255 0.315973
0.565187 0.159195 0.275618
0.081510 0.891033 0.027457
0.046657 0.909906 0.043438
0.156498 0.638234 0.205268
0.746928 0.170184 0.082889
0.045384 0.924732 0.029884
0.511099 0.083335 0.405566
0.310524 0.398348 0.291128
0.531223 0.076885 0.391893
0.555219 0.135542 0.309239
0.492696 0.344839 0.162465
0.631020 0.048875 0.320104
0.389394 0.200392 0.410214
0.182032 0.781187 0.036781
0.203738 0.356233 0.440029
0.369892 0.201677 0.428431
0.285220 0.606239 0.108540
0.138733 0.459097 0.402170
0.168993 0.605886 0.225121
0.144652 0.592887 0.262461
0.693045 0.204606 0.102349
0.501434 0.113501 0.385065
0.612916 0.162989 0.224095
0.040112 0.899269 0.060618
0.819904 0.034241 0.145855
0.183773 0.513209 0.303018
0.423998 0.447241 0.128761
0.733126 0.142776 0.124098
0.486740 0.302940 0.210320
0.371835 0.504324 0.123841
0.706297 0.122931 0.170771
0.225897 0.493405 0.280698
0.370679 0.571318 0.058003
0.766856 0.192416 0.040728
0.438802 0.366926 0.194272
0.046490 0.861179 0.092331
0.672576 0.168107 0.159316
0.484849 0.171624 0.343526
0.553097 0.163026 0.283876
0.319502 0.244903 0.435595
0.322450 0.389356 0.288194
0.418422 0.268407 0.313171
0.567354 0.156228 0.276417
0.084637 0.886842 0.028521
0.047009 0.909141 0.043850
0.157388 0.636096 0.206516
0.746485 0.170601 0.082914
0.045968 0.923639 0.030393
0.510314 0.082568 0.407118
0.309786 0.401138 0.289076
0.531113 0.077238 0.391649
0.555706 0.133405 0.310889
0.491353 0.346526 0.162121
0.629416 0.051237 0.319347
0.389093 0.199083 0.411824
0.179076 0.784804 0.036120
0.209526 0.338421 0.452052
0.369764 0.201314 0.428922
0.285563 0.605821 0.108616
0.141383 0.448749 0.409868
0.167446 0.612144 0.220411
0.144910 0.589294 0.265796
0.692532 0.203059 0.104410
0.499140 0.118470 0.382390
0.613238 0.162260 0.224502
0.038934 0.902203 0.058863
0.819881 0.034453 0.145667
0.183508 0.513576 0.302917
0.418005 0.454516 0.127479
0.735197 0.139715 0.125088
0.484895 0.307246 0.207859
0.369397 0.507397 0.123206
0.705797 0.123730 0.170473
0.226079 0.492667 0.281254
0.361243 0.582193 0.056564
0.767747 0.191515 0.040737
0.439055 0.366593 0.194352
0.045544 0.864608 0.089848
0.668546 0.174202 0.157253
0.486589 0.170154 0.343257
0.555524 0.160188 0.284288
0.314130 0.259237 0.426633
0.322219 0.388763 0.289018
0.423503 0.260901 0.315596
0.567013 0.156967 0.276020
0.084528 0.887071 0.028402
0.048997 0.905334 0.045668
0.159307 0.630225 0.210468
0.746110 0.171106 0.082784
0.045339 0.925181 0.029481
0.509481 0.083748 0.406771
0.308905 0.402725 0.288371
0.530803 0.076499 0.392698
0.555101 0.133678 0.311222
0.485406 0.353147 0.161447
0.630234 0.050078 0.319688
0.391465 0.201403 0.407132
0.173919 0.790784 0.035298
0.212641 0.329066 0.458293
0.369734 0.201580 0.428686
0.289975 0.599660 0.110366
0.139822 0.455519 0.404659
0.171308 0.604493 0.224199
0.145987 0.582924 0.271089
0.695802 0.200862 0.103336
0.499597 0.116474 0.383930
0.612352 0.163267 0.224381
0.040113 0.898970 0.060916
0.818762 0.035005 0.146233
0.183171 0.514133 0.302696
0.416492 0.455591 0.127917
0.734835 0.140862 0.124303
0.484458 0.306540 0.209002
0.370320 0.506377 0.123303
0.705140 0.124236 0.170623
0.222184 0.501738 0.276078
0.362827 0.580284 0.056889
0.767816 0.191537 0.040647
0.434750 0.373392 0.191858
0.045340 0.864823 0.089837
0.659827 0.182120 0.158054
0.480291 0.181127 0.338582
0.553885 0.161248 0.284868
0.320835 0.244642 0.434523
0.319818 0.392051 0.288131
0.423671 0.260935 0.315395
0.564311 0.161042 0.274646
0.081649 0.890746 0.027604
0.046158 0.911274 0.042567
0.156331 0.638138 0.205531
0.744795 0.171971 0.083234
0.045402 0.925015 0.029583
0.508006 0.084139 0.407855
0.307796 0.402257 0.289947
0.530385 0.077186 0.392428
0.555435 0.135537 0.309028
0.485898 0.352936 0.161165
0.630784 0.049370 0.319846
0.391108 0.200198 0.408694
0.179317 0.784485 0.036198
0.203974 0.355469 0.440558
0.369382 0.202106 0.428512
0.292291 0.596692 0.111017
0.138532 0.456897 0.404570
0.174556 0.594786 0.230657
0.145269 0.585936 0.268795
0.694374 0.204630 0.100995
0.503627 0.113050 0.383323
0.612184 0.165272 0.222543
0.040408 0.899099 0.060493
0.820806 0.033342 0.145852
0.182965 0.514291 0.302744
0.425860 0.445728 0.128412
0.732863 0.143532 0.123605
0.488405 0.301649 0.209946
0.372232 0.504812 0.122956
0.704208 0.124309 0.171482
0.221909 0.501493 0.276598
0.369842 0.572130 0.058028
0.767074 0.192158 0.040768
0.438648 0.366983 0.194369
0.045039 0.865652 0.089309
0.671691 0.169901 0.158408
0.481168 0.177909 0.340923
0.551056 0.163820 0.285123
0.316548 0.251268 0.432184
0.322478 0.389699 0.287823
0.424792 0.259753 0.315455
0.565976 0.158875 0.275150
0.084732 0.886794 0.028474
0.046342 0.910443 0.043214
0.160145 0.630474 0.209381
0.745915 0.171259 0.082826
0.045490 0.924876 0.029633
0.509889 0.085320 0.404790
0.309191 0.401984 0.288825
0.531869 0.077058 0.391073
0.556523 0.132739 0.310738
0.487046 0.351811 0.161144
0.631996 0.049392 0.318612
0.387692 0.199035 0.413272
0.175891 0.788593 0.035515
0.206716 0.346970 0.446314
0.370157 0.201803 0.428040
0.293008 0.595936 0.111056
0.139280 0.456655 0.404065
0.165508 0.613375 0.221118
0.145460 0.580656 0.273883
0.692736 0.205063 0.102201
0.502024 0.113359 0.384617
0.610687 0.166158 0.223154
0.039971 0.899447 0.060581
0.818877 0.034975 0.146149
0.184252 0.512088 0.303660
0.424264 0.446706 0.129030
0.732889 0.143178 0.123932
0.488499 0.301564 0.209937
0.370064 0.506653 0.123284
0.705992 0.123169 0.170839
0.224134 0.498215 0.277651
0.369209 0.572698 0.058093
0.767688 0.191782 0.040530
0.437938 0.367668 0.194395
0.045516 0.863982 0.090501
0.669635 0.172310 0.158056
0.484703 0.172783 0.342513
0.552598 0.163453 0.283948
0.316329 0.251420 0.432251
0.322107 0.390816 0.287076
0.423726 0.261742 0.314532
0.567413 0.156255 0.276333
0.084395 0.887193 0.028411
0.046168 0.910602 0.043230
0.159454 0.630177 0.210369
0.746615 0.170643 0.082743
0.045290 0.925030 0.029679
0.512115 0.082360 0.405525
0.307332 0.403722 0.288946
0.531765 0.076973 0.391262
0.557994 0.130651 0.311355
0.492093 0.344308 0.163599
0.631959 0.051004 0.317036
0.386395 0.196798 0.416807
0.176239 0.788251 0.035510
0.206747 0.346223 0.447030
0.370087 0.201579 0.428334
0.285233 0.606219 0.108548
0.139340 0.455744 0.404917
0.169229 0.606865 0.223906
0.144897 0.589701 0.265402
0.693516 0.205205 0.101279
0.499496 0.116808 0.383696
0.615068 0.160248 0.224684
0.040091 0.899658 0.060252
0.819750 0.034433 0.145816
0.183013 0.515485 0.301502
0.423592 0.446806 0.129602
0.734581 0.140526 0.124894
0.482635 0.309097 0.208268
0.373561 0.503254 0.123185
0.703694 0.123971 0.172336
0.228200 0.487756 0.284044
0.370544 0.571352 0.058104
0.767095 0.192203 0.040702
0.427440 0.381266 0.191294
0.045348 0.864929 0.089723
0.665888 0.175156 0.158956
0.487016 0.168902 0.344081
0.552452 0.163430 0.284118
0.315913 0.253330 0.430757
0.315866 0.402216 0.281918
0.423825 0.261826 0.314349
0.563424 0.161297 0.275279
0.083986 0.887612 0.028401
0.045862 0.911241 0.042897
0.159727 0.630477 0.209797
0.752826 0.163914 0.083260
0.045326 0.924933 0.029741
0.511290 0.083169 0.405541
0.309538 0.400681 0.289781
0.531472 0.076974 0.391554
0.553602 0.135685 0.310713
0.496998 0.336500 0.166502
0.631148 0.049740 0.319112
0.393642 0.197285 0.409073
0.178758 0.785023 0.036219
0.207630 0.343957 0.448413
0.370147 0.201616 0.428237
0.283145 0.610507 0.106349
0.140144 0.452764 0.407092
0.184253 0.571412 0.244335
0.145755 0.584107 0.270139
0.694472 0.205629 0.099899
0.500956 0.113691 0.385353
0.608710 0.162960 0.228329
0.039198 0.901303 0.059499
0.821331 0.031862 0.146808
0.183737 0.513625 0.302638
0.416293 0.455058 0.128649
0.734052 0.142026 0.123922
0.484572 0.307349 0.208080
0.371088 0.505178 0.123734
0.702841 0.124149 0.173010
0.225378 0.494253 0.280369
0.358002 0.585837 0.056160
0.766980 0.192305 0.040715
0.430338 0.375895 0.193768
0.044987 0.865637 0.089376
0.670448 0.170729 0.158823
0.482840 0.175774 0.341386
0.555901 0.158986 0.285114
0.316422 0.253030 0.430547
0.320880 0.392768 0.286351
0.424991 0.259965 0.315044
0.565643 0.158028 0.276328
0.080980 0.891794 0.027227
0.046975 0.909130 0.043895
0.160169 0.629990 0.209841
0.747233 0.169855 0.082912
0.045273 0.925167 0.029561
0.508770 0.083118 0.408112
0.310541 0.398080 0.291379
0.530527 0.076833 0.392640
0.555431 0.131034 0.313534
0.491537 0.344747 0.163716
0.632398 0.051169 0.316433
0.391312 0.202082 0.406606
0.181592 0.781549 0.036859
0.206648 0.346487 0.446865
0.369829 0.201540 0.428631
0.293420 0.595747 0.110833
0.141330 0.448264 0.410407
0.171173 0.602319 0.226508
0.144862 0.588609 0.266530
0.694494 0.205729 0.099777
0.499750 0.116451 0.383799
0.610305 0.165959 0.223736
0.038797 0.902329 0.058874
0.819552 0.034212 0.146236
0.183190 0.514836 0.301974
0.419300 0.451201 0.129499
0.734129 0.141222 0.124650
0.487300 0.302360 0.210341
0.372123 0.505266 0.122612
0.705749 0.123844 0.170406
0.227694 0.489127 0.283179
0.369407 0.572466 0.058127
0.767720 0.191619 0.040661
0.439241 0.366626 0.194133
0.046346 0.862257 0.091396
0.668288 0.174849 0.156862
0.485961 0.169749 0.344290
0.551918 0.163534 0.284547
0.319238 0.245223 0.435538
0.322512 0.389678 0.287810
0.423172 0.263861 0.312967
0.567213 0.156242 0.276545
0.083846 0.887916 0.028238
0.046000 0.911039 0.042961
0.156894 0.637872 0.205234
0.745794 0.171298 0.082908
0.045689 0.924353 0.029958
0.510013 0.082592 0.407396
0.308284 0.401828 0.289887
0.530755 0.077117 0.392128
0.554292 0.135789 0.309919
0.486863 0.352274 0.160863
0.633342 0.052785 0.313873
0.390177 0.199975 0.409849
0.178281 0.785536 0.036183
0.205740 0.347939 0.446321
0.370099 0.201675 0.428226
0.291882 0.597044 0.111075
0.139459 0.455542 0.404999
0.175303 0.592598 0.232099
0.145527 0.581764 0.272709
0.694380 0.205603 0.100018
0.499621 0.113981 0.386397
0.610295 0.165968 0.223738
0.040093 0.899411 0.060496
0.819298 0.033913 0.146789
0.181505 0.518970 0.299525
0.419603 0.451649 0.128748
0.733578 0.143274 0.123148
0.486107 0.303063 0.210830
0.369885 0.506844 0.123270
0.704717 0.124469 0.170814
0.230344 0.483200 0.286456
0.370326 0.571547 0.058127
0.767955 0.191425 0.040620
0.439064 0.366741 0.194195
0.045854 0.863293 0.090853
0.663411 0.180707 0.155883
0.488744 0.165234 0.346022
0.551578 0.163725 0.284697
0.319742 0.244805 0.435453
0.322753 0.389541 0.287706
0.422967 0.264105 0.312929
0.563501 0.162106 0.274393
0.083907 0.887783 0.028309
0.045595 0.911927 0.042477
0.155870 0.638709 0.205422
0.746071 0.171112 0.082818
0.045184 0.925114 0.029701
0.508551 0.085454 0.405995
0.308801 0.401446 0.289753
0.531050 0.076917 0.392034
0.553873 0.135925 0.310202
0.486880 0.352151 0.160969
0.632508 0.050431 0.317060
0.388232 0.199901 0.411867
0.178449 0.785306 0.036245
0.203858 0.357090 0.439052
0.369952 0.201722 0.428325
0.292060 0.596875 0.111065
0.139326 0.457386 0.403289
0.166508 0.613558 0.219934
0.144955 0.586762 0.268283
0.693263 0.205914 0.100823
0.500922 0.113687 0.385390
0.609613 0.166272 0.224116
0.040272 0.899126 0.060602
0.819707 0.034825 0.145468
0.184018 0.512186 0.303796
0.424705 0.447761 0.127534
0.733786 0.142851 0.123363
0.487658 0.302149 0.210193
0.370402 0.506322 0.123276
0.705205 0.123815 0.170980
0.221996 0.502299 0.275705
0.360489 0.582845 0.056666
0.767586 0.191717 0.040698
0.438845 0.366832 0.194323
0.045480 0.864468 0.090052
0.667708 0.175920 0.156372
0.479545 0.181841 0.338615
0.555360 0.158823 0.285817
0.319913 0.244753 0.435334
0.322865 0.389441 0.287695
0.424441 0.260720 0.314839
0.566305 0.157643 0.276052
0.082150 0.890171 0.027679
0.050413 0.902659 0.046928
0.156462 0.638174 0.205364
0.745519 0.171496 0.082985
0.045078 0.925494 0.029427
0.508476 0.083287 0.408237
0.309010 0.401953 0.289037
0.530798 0.075564 0.393638
0.553170 0.136029 0.310802
0.487674 0.351142 0.161184
0.630821 0.050311 0.318868
0.387455 0.194111 0.418434
0.176752 0.787452 0.035796
0.213316 0.329274 0.457410
0.365378 0.202945 0.431678
0.292562 0.596409 0.111028
0.139383 0.457162 0.403455
0.175255 0.594951 0.229794
0.147568 0.582254 0.270178
0.694929 0.203403 0.101668
0.498735 0.116027 0.385238
0.610333 0.165940 0.223727
0.041425 0.896306 0.062270
0.819504 0.033916 0.146579
0.178006 0.528104 0.293889
0.416931 0.456746 0.126323
0.735518 0.141056 0.123426
0.486597 0.304245 0.209158
0.369260 0.507779 0.122962
0.705804 0.122676 0.171520
0.231128 0.482439 0.286432
0.357812 0.586137 0.056051
0.767149 0.192134 0.040717
0.435316 0.372118 0.192566
0.045312 0.864363 0.090325
0.670216 0.172362 0.157422
0.485122 0.169568 0.345310
0.549757 0.164386 0.285857
0.316871 0.252268 0.430861
0.320734 0.392471 0.286795
0.422857 0.262375 0.314767
0.568436 0.154373 0.277191
0.083741 0.887899 0.028361
0.045761 0.911384 0.042854
0.156540 0.637980 0.205480
0.747841 0.169124 0.083036
0.045318 0.925114 0.029568
0.510118 0.082318 0.407564
0.309873 0.400615 0.289512
0.530964 0.076973 0.392062
0.554102 0.135944 0.309955
0.494361 0.340596 0.165044
0.632685 0.051406 0.315909
0.387359 0.194928 0.417713
0.178503 0.785288 0.036209
0.203811 0.355376 0.440813
0.369979 0.201908 0.428114
0.285506 0.605869 0.108625
0.139786 0.455562 0.404653
0.171512 0.605445 0.223043
0.145166 0.586953 0.267881
0.693742 0.205226 0.101033
0.500823 0.113707 0.385470
0.612576 0.162538 0.224886
0.040493 0.898606 0.060901
0.818851 0.034857 0.146293
0.184586 0.511261 0.304153
0.420181 0.452856 0.126963
0.733599 0.143179 0.123222
0.484548 0.307468 0.207984
0.369707 0.507014 0.123280
0.705565 0.123576 0.170859
0.221953 0.502719 0.275327
0.358567 0.585257 0.056176
0.767772 0.191594 0.040634
0.439744 0.366088 0.194168
0.045779 0.862835 0.091385
0.668811 0.174374 0.156814
0.479022 0.182082 0.338897
0.553348 0.159936 0.286716
0.317357 0.250989 0.431654
0.322301 0.388719 0.288980
0.421211 0.263594 0.315196
0.567142 0.155990 0.276867
0.081229 0.891420 0.027351
0.049081 0.904826 0.046092
0.159729 0.630915 0.209356
0.746054 0.171142 0.082804
0.045274 0.925167 0.029559
0.510543 0.082346 0.407111
0.310524 0.399645 0.289831
0.530768 0.076830 0.392402
0.555869 0.132829 0.311302
0.487042 0.352038 0.160920
0.632477 0.050206 0.317317
0.391595 0.199507 0.408898
0.179709 0.783890 0.036401
0.206193 0.347431 0.446377
0.370268 0.201662 0.428070
0.290624 0.598999 0.110377
0.139047 0.460274 0.400679
0.174764 0.596888 0.228348
0.147515 0.583826 0.268658
0.692649 0.204951 0.102400
0.500208 0.113780 0.386011
0.611283 0.163859 0.224858
0.041069 0.896459 0.062472
0.820818 0.033415 0.145767
0.179822 0.524256 0.295922
0.426860 0.444927 0.128213
0.733604 0.143290 0.123106
0.485243 0.306331 0.208426
0.369559 0.507478 0.122963
0.705596 0.123691 0.170713
0.231909 0.481634 0.286457
0.370677 0.571366 0.057957
0.768350 0.191094 0.040556
0.433861 0.373545 0.192594
0.044545 0.866786 0.088669
0.670750 0.170821 0.158429
0.486039 0.170888 0.343073
0.551419 0.163866 0.284715
0.319671 0.245049 0.435281
0.320000 0.391035 0.288965
0.424381 0.258718 0.316901
0.567147 0.156612 0.276242
0.081996 0.890476 0.027529
0.046361 0.910427 0.043212
0.157177 0.637654 0.205168
0.746659 0.170543 0.082798
0.045152 0.925197 0.029651
0.508437 0.085177 0.406386
0.311072 0.398636 0.290292
0.530966 0.077203 0.391831
0.553892 0.135709 0.310399
0.491122 0.346918 0.161960
0.631036 0.048911 0.320053
0.389413 0.199462 0.411125
0.182338 0.780814 0.036848
0.206832 0.347647 0.445521
0.369740 0.201822 0.428438
0.286084 0.604985 0.108931
0.140752 0.459237 0.400011
0.166144 0.618559 0.215296
0.143336 0.590748 0.265916
0.692529 0.205062 0.102409
0.500419 0.113622 0.385959
0.613024 0.162036 0.224940
0.039608 0.900649 0.059743
0.819686 0.034762 0.145552
0.184966 0.510976 0.304058
0.423630 0.448134 0.128236
0.732984 0.143649 0.123366
0.481387 0.310725 0.207888
0.371789 0.504337 0.123874
0.706167 0.123192 0.170641
0.225201 0.497063 0.277735
0.367850 0.574503 0.057647
0.767106 0.192156 0.040738
0.437347 0.366988 0.195665
0.046328 0.861266 0.092406
0.670242 0.170304 0.159453
0.486410 0.169735 0.343855
0.553776 0.161724 0.284500
0.318972 0.246794 0.434234
0.320055 0.389383 0.290563
0.413651 0.275673 0.310676
0.572833 0.148461 0.278706
0.084196 0.887296 0.028508
0.047450 0.908146 0.044404
0.158097 0.633177 0.208727
0.746746 0.170529 0.082725
0.046615 0.922592 0.030793
0.510758 0.082938 0.406304
0.308444 0.403331 0.288225
0.532184 0.076966 0.390850
0.554836 0.132915 0.312249
0.494953 0.341820 0.163226
0.627972 0.054047 0.317981
0.392742 0.186929 0.420330
0.173502 0.791572 0.034927
0.209528 0.339203 0.451270
0.370393 0.201581 0.428025
0.278665 0.614872 0.106463
0.144000 0.443843 0.412157
0.187308 0.573796 0.238896
0.146395 0.577551 0.276054
0.693304 0.204372 0.102324
0.498383 0.116444 0.385173
0.615303 0.158681 0.226016
0.039235 0.901533 0.059232
0.820685 0.033483 0.145832
0.182186 0.517580 0.300234
0.416412 0.457265 0.126323
0.734557 0.142064 0.123379
0.484571 0.306516 0.208913
0.371672 0.504447 0.123881
0.706191 0.123147 0.170662
0.228094 0.488177 0.283728
0.357137 0.586927 0.055936
0.766275 0.193135 0.040590
0.424351 0.385052 0.190598
0.046581 0.861118 0.092300
0.672785 0.165732 0.161483
0.484955 0.171159 0.343886
0.554649 0.160585 0.284766
0.315387 0.257824 0.426789
0.309679 0.407769 0.282552
0.420385 0.268881 0.310735
0.567631 0.155194 0.277176
0.082883 0.888945 0.028172
0.047225 0.908052 0.044723
0.163937 0.620749 0.215314
0.748837 0.168274 0.082889
0.046405 0.922924 0.030671
0.508311 0.082622 0.409067
0.311197 0.398302 0.290502
0.530392 0.077307 0.392301
0.556985 0.128590 0.314424
0.492460 0.344864 0.162676
0.630753 0.051336 0.317911
0.387602 0.197962 0.414436
0.181680 0.781542 0.036778
0.207072 0.344099 0.448829
0.369947 0.201628 0.428425
0.285993 0.604971 0.109036
0.140518 0.453352 0.406130
0.174577 0.596728 0.228695
0.144982 0.589637 0.265381
0.693659 0.204940 0.101400
0.500464 0.116596 0.382940
0.607864 0.167044 0.225092
0.041565 0.896160 0.062275
0.820203 0.033757 0.146040
0.182529 0.516314 0.301156
0.420469 0.452355 0.127176
0.737059 0.139884 0.123057
0.488546 0.301610 0.209844
0.368874 0.507839 0.123287
0.705278 0.123042 0.171680
0.229140 0.486360 0.284500
0.362552 0.580403 0.057044
0.767740 0.191563 0.040698
0.440005 0.365580 0.194415
0.045278 0.864871 0.089851
0.678768 0.161031 0.160201
0.487911 0.165851 0.346238
0.554230 0.161196 0.284574
0.312643 0.260387 0.426970
0.322911 0.389459 0.287630
0.424443 0.261530 0.314027
0.572302 0.149903 0.277795
0.084668 0.886775 0.028557
0.045775 0.911199 0.043025
0.161572 0.624758 0.213671
0.745851 0.171308 0.082841
0.045153 0.925384 0.029464
0.508464 0.083087 0.408448
0.308723 0.402280 0.288997
0.531066 0.077104 0.391830
0.553553 0.136010 0.310437
0.485445 0.353317 0.161238
0.631970 0.050254 0.317775
0.388864 0.199886 0.411250
0.176158 0.788300 0.035542
0.207495 0.345499 0.447006
0.369766 0.201782 0.428452
0.292176 0.596358 0.111466
0.138205 0.460912 0.400884
0.167284 0.611302 0.221414
0.145129 0.587153 0.267718
0.694137 0.206022 0.099842
0.501221 0.113617 0.385162
0.610510 0.165743 0.223747
0.041427 0.896293 0.062280
0.819829 0.034482 0.145690
0.184482 0.511596 0.303922
0.416881 0.455410 0.127709
0.733704 0.143206 0.123089
0.488126 0.302085 0.209789
0.369703 0.506966 0.123331
0.705179 0.123321 0.171500
0.222650 0.500513 0.276838
0.360855 0.582514 0.056631
0.767771 0.191575 0.040654
0.437137 0.367439 0.195425
0.044952 0.866093 0.088955
0.670943 0.171655 0.157402
0.481577 0.177407 0.341017
0.555536 0.159230 0.285234
0.319514 0.245114 0.435372
0.321728 0.391514 0.286758
0.424621 0.261073 0.314305
0.567263 0.156466 0.276271
0.083057 0.888996 0.027947
0.046412 0.909804 0.043784
0.157197 0.637643 0.205160
0.747215 0.169733 0.083052
0.045091 0.925348 0.029561
0.510394 0.083526 0.406080
0.308551 0.401248 0.290201
0.531093 0.076876 0.392031
0.555816 0.135321 0.308863
0.496349 0.338419 0.165233
0.630499 0.050285 0.319215
0.386516 0.196610 0.416874
0.178806 0.785050 0.036144
0.208764 0.343019 0.448218
0.369571 0.201844 0.428585
0.275332 0.619292 0.105376
0.140470 0.453976 0.405554
0.171260 0.605273 0.223467
0.145497 0.588802 0.265701
0.693783 0.205765 0.100452
0.500931 0.113553 0.385515
0.614370 0.160340 0.225289
0.040133 0.899529 0.060338
0.820119 0.033938 0.145943
0.182755 0.516528 0.300717
0.416823 0.457154 0.126023
0.733006 0.143583 0.123411
0.483143 0.309375 0.207482
0.370597 0.505832 0.123570
0.704631 0.123467 0.171902
0.228182 0.488050 0.283768
0.345803 0.599985 0.054212
0.767763 0.191564 0.040673
0.429756 0.376646 0.193598
0.046163 0.862680 0.091157
0.667613 0.173409 0.158977
0.485272 0.170890 0.343838
0.553484 0.160049 0.286468
0.319574 0.245035 0.435391
0.319439 0.395569 0.284991
0.423330 0.263184 0.313486
0.567652 0.156153 0.276195
0.082466 0.889607 0.027927
0.050735 0.900737 0.048528
0.157118 0.637714 0.205168
0.748807 0.168155 0.083038
0.045198 0.924975 0.029827
0.509066 0.083549 0.407384
0.310099 0.399229 0.290672
0.530327 0.076953 0.392720
0.553979 0.135619 0.310402
0.496563 0.337862 0.165575
0.631623 0.050113 0.318264
0.383468 0.198160 0.418372
0.181747 0.781385 0.036868
0.206035 0.349365 0.444601
0.369075 0.201976 0.428950
0.286315 0.604408 0.109278
0.140661 0.456764 0.402576
0.166402 0.622681 0.210917
0.144551 0.584226 0.271223
0.692980 0.204311 0.102709
0.501184 0.113291 0.385525
0.604838 0.168877 0.226286
0.041230 0.896821 0.061949
0.819216 0.034993 0.145791
0.181817 0.518355 0.299828
0.424826 0.446526 0.128648
0.732958 0.143281 0.123760
0.488143 0.302073 0.209784
0.369344 0.507288 0.123369
0.705181 0.123169 0.171650
0.230286 0.482929 0.286785
0.369900 0.572116 0.057984
0.767122 0.192196 0.040682
0.438523 0.367778 0.193699
0.045864 0.862632 0.091505
0.665039 0.176188 0.158773
0.491788 0.161362 0.346850
0.552877 0.162008 0.285115
0.319794 0.248363 0.431843
0.320806 0.392461 0.286733
0.421941 0.266216 0.311843
0.574000 0.145043 0.280957
0.083806 0.887760 0.028435
0.048198 0.906868 0.044934
0.161286 0.627526 0.211188
0.748976 0.168061 0.082964
0.046198 0.923454 0.030348
0.506550 0.087726 0.405724
0.308116 0.402669 0.289215
0.531522 0.076715 0.391763
0.558611 0.128791 0.312598
0.499925 0.335127 0.164948
0.630106 0.053451 0.316443
0.400067 0.168157 0.431777
0.173767 0.791053 0.035181
0.210597 0.334290 0.455113
0.370080 0.201252 0.428668
0.273036 0.623082 0.103882
0.141559 0.448680 0.409761
0.196489 0.555992 0.247519
0.145880 0.575126 0.278994
0.692643 0.203216 0.104141
0.501920 0.119756 0.378324
0.614986 0.159921 0.225094
0.039546 0.901282 0.059172
0.819869 0.033806 0.146325
0.183608 0.514091 0.302301
0.425972 0.445479 0.128549
0.734126 0.141230 0.124644
0.483192 0.309251 0.207558
0.370763 0.505407 0.123830
0.703732 0.123991 0.172277
0.225408 0.494359 0.280233
0.370211 0.571660 0.058128
0.767272 0.192023 0.040705
0.434516 0.373326 0.192158
0.044229 0.866807 0.088965
0.664014 0.176392 0.159594
0.482654 0.175202 0.342144
0.552059 0.163858 0.284083
0.318987 0.246711 0.434302
0.320196 0.391997 0.287807
0.424910 0.259994 0.315096
0.564815 0.159256 0.275928
0.083220 0.888721 0.028059
0.045605 0.911822 0.042573
0.158633 0.632717 0.208650
0.747031 0.170161 0.082808
0.045275 0.925185 0.029540
0.509333 0.083555 0.407112
0.311046 0.397215 0.291739
0.531427 0.076847 0.391726
0.555605 0.133088 0.311307
0.485558 0.353060 0.161382
0.630495 0.049150 0.320355
0.389930 0.200224 0.409846
0.182055 0.781117 0.036828
0.206071 0.349130 0.444800
0.369776 0.201734 0.428489
0.290830 0.598933 0.110238
0.138287 0.460628 0.401085
0.176793 0.589168 0.234039
0.144216 0.593997 0.261788
0.693646 0.205581 0.100774
0.498006 0.116558 0.385435
0.612268 0.163303 0.224429
0.041531 0.896129 0.062340
0.820741 0.033280 0.145980
0.183990 0.513096 0.302914
0.418351 0.454962 0.126687
0.733686 0.143135 0.123179
0.483851 0.307655 0.208494
0.369437 0.507217 0.123346
0.704459 0.123517 0.172024
0.225099 0.495448 0.279453
0.363865 0.579129 0.057006
0.767354 0.191940 0.040706
0.433771 0.372984 0.193245
0.044761 0.865874 0.089365
0.671943 0.167754 0.160303
0.485681 0.171528 0.342791
0.552315 0.163637 0.284048
0.318680 0.250276 0.431044
0.319490 0.391233 0.289278
0.424360 0.261288 0.314352
0.565788 0.159045 0.275168
0.084546 0.887061 0.028393
0.046208 0.910613 0.043180
0.159863 0.630867 0.209270
0.745870 0.171263 0.082866
0.045364 0.925147 0.029488
0.508953 0.083832 0.407215
0.308553 0.401343 0.290104
0.530803 0.077242 0.391955
0.555861 0.132845 0.311294
0.486963 0.352102 0.160936
0.630496 0.050061 0.319443
0.388244 0.199796 0.411960
0.178810 0.785116 0.036073
0.207429 0.344453 0.448119
0.370097 0.201720 0.428184
0.292769 0.597302 0.109929
0.139364 0.456466 0.404170
0.166607 0.612938 0.220456
0.144436 0.590796 0.264768
0.693920 0.204774 0.101306
0.497405 0.114466 0.388129
0.613351 0.162181 0.224468
0.041521 0.896112 0.062367
0.819515 0.034864 0.145620
0.183034 0.514869 0.302097
0.420916 0.452311 0.126774
0.734065 0.142714 0.123222
0.484999 0.305908 0.209093
0.369908 0.506800 0.123292
0.704562 0.124202 0.171236
0.228812 0.489045 0.282144
0.361612 0.581392 0.056997
0.768101 0.191288 0.040611
0.432482 0.371913 0.195605
0.044599 0.866472 0.088928
0.662897 0.180599 0.156504
0.488836 0.166394 0.344770
0.553713 0.161292 0.284995
0.321949 0.243783 0.434268
0.320186 0.391581 0.288233
0.425257 0.259646 0.315098
0.564102 0.161158 0.274740
0.084273 0.887224 0.028504
0.045765 0.911630 0.042605
0.157113 0.637583 0.205304
0.745793 0.171346 0.082861
0.045376 0.925011 0.029613
0.508271 0.084333 0.407396
0.307273 0.404552 0.288175
0.530850 0.077075 0.392075
0.553248 0.136094 0.310658
0.491860 0.345816 0.162324
0.631352 0.049023 0.319624
0.390902 0.200348 0.408750
0.172195 0.792701 0.035105
0.203351 0.356174 0.440474
0.370080 0.201634 0.428286
0.284173 0.608885 0.106942
0.139572 0.459384 0.401044
0.175365 0.592803 0.231832
0.148804 0.576680 0.274515
0.694859 0.205069 0.100072
0.500205 0.115626 0.384169
0.614768 0.160131 0.225101
0.041505 0.895954 0.062541
0.820449 0.033514 0.146037
0.177178 0.529855 0.292967
0.424903 0.446649 0.128448
0.736029 0.140382 0.123589
0.483976 0.307845 0.208178
0.369134 0.507634 0.123233
0.704879 0.123323 0.171798
0.235828 0.472085 0.292087
0.368287 0.573988 0.057725
0.767302 0.192002 0.040695
0.428989 0.375065 0.195945
0.044554 0.866526 0.088920
0.666055 0.175003 0.158942
0.488708 0.165781 0.345511
0.552722 0.161764 0.285514
0.313958 0.257290 0.428752
0.323072 0.389358 0.287570
0.424407 0.259553 0.316040
0.565487 0.159973 0.274540
0.084980 0.886215 0.028804
0.046285 0.910043 0.043672
0.159759 0.630359 0.209882
0.746210 0.171039 0.082751
0.045256 0.925217 0.029527
0.507375 0.085101 0.407524
0.309920 0.400106 0.289973
0.531021 0.077199 0.391780
0.555201 0.132602 0.312197
0.486131 0.352508 0.161361
0.631496 0.050071 0.318433
0.391294 0.202901 0.405804
0.179951 0.783714 0.036334
0.206722 0.348360 0.444919
0.370390 0.201641 0.427969
0.292525 0.596289 0.111187
0.139430 0.454704 0.405867
0.175320 0.592623 0.232056
0.148876 0.581911 0.269213
0.693142 0.206209 0.100648
0.498937 0.116185 0.384878
0.610730 0.166036 0.223234
0.039290 0.900883 0.059828
0.822022 0.031986 0.145992
0.177316 0.529486 0.293197
0.422101 0.450330 0.127569
0.736386 0.139795 0.123819
0.488527 0.301595 0.209878
0.369307 0.507336 0.123357
0.705999 0.122711 0.171290
0.231783 0.479938 0.288279
0.364034 0.578817 0.057148
0.768566 0.190289 0.041145
0.438554 0.367528 0.193918
0.045775 0.862837 0.091387
0.679016 0.157820 0.163164
0.489205 0.163756 0.347040
0.553665 0.160348 0.285987
0.304001 0.271063 0.424935
0.322297 0.390827 0.286875
0.421327 0.263906 0.314766
0.572084 0.150545 0.277371
0.084818 0.886935 0.028247
0.047345 0.908146 0.044509
0.164488 0.618567 0.216945
0.746281 0.170803 0.082916
0.045219 0.925277 0.029504
0.507911 0.082918 0.409171
0.308853 0.401378 0.289769
0.531762 0.076598 0.391639
0.556705 0.128208 0.315087
0.492460 0.345173 0.162367
0.632052 0.050253 0.317695
0.392947 0.200771 0.406282
0.176718 0.787724 0.035558
0.211542 0.332993 0.455465
0.370513 0.201374 0.428113
0.284920 0.606240 0.108840
0.137943 0.460108 0.401950
0.167860 0.612071 0.220069
0.146130 0.589865 0.264005
0.696889 0.201370 0.101742
0.499337 0.118432 0.382230
0.614307 0.161842 0.223851
0.041517 0.896141 0.062342
0.819916 0.034360 0.145724
0.182468 0.515302 0.302230
0.416653 0.457018 0.126328
0.737344 0.139356 0.123300
0.485119 0.305631 0.209250
0.369947 0.506779 0.123274
0.705852 0.123421 0.170727
