0.346140 0.324791 0.329069
0.658450 0.190897 0.150653
0.629192 0.178843 0.191965
0.403884 0.269658 0.326458
0.624672 0.210452 0.164876
0.440452 0.290323 0.269224
0.377745 0.300385 0.321870
0.305472 0.371179 0.323349
0.391045 0.272643 0.336312
0.566014 0.237471 0.196515
0.289889 0.348726 0.361385
0.628376 0.187621 0.184003
0.822820 0.120323 0.056857
0.684957 0.182692 0.132350
0.526135 0.259386 0.214480
0.532334 0.245895 0.221772
0.857906 0.070880 0.071213
0.220716 0.383440 0.395844
0.613310 0.194300 0.192390
0.263705 0.300848 0.435447
0.201006 0.340829 0.458165
0.459134 0.292593 0.248273
0.211915 0.361520 0.426565
0.437069 0.250448 0.312483
0.844122 0.101442 0.054437
0.342325 0.245313 0.412363
0.240129 0.354320 0.405552
0.650059 0.209075 0.140866
0.374012 0.329902 0.296086
0.468523 0.302940 0.228538
0.476713 0.304050 0.219237
0.600793 0.199424 0.199784
0.218380 0.299866 0.481753
0.422590 0.308967 0.268443
0.692897 0.166756 0.140347
0.222816 0.304922 0.472261
0.573546 0.248961 0.177492
0.640404 0.171772 0.187824
0.355776 0.363595 0.280630
0.385406 0.316999 0.297595
0.539108 0.234194 0.226697
0.473468 0.261200 0.265332
0.364176 0.312823 0.323001
0.563123 0.306146 0.130732
0.641199 0.172710 0.186091
0.429219 0.243610 0.327171
0.584459 0.253497 0.162044
0.427043 0.294839 0.278118
0.340649 0.310779 0.348573
0.283687 0.417787 0.298526
0.485054 0.232332 0.282614
0.599171 0.220284 0.180545
0.297231 0.342541 0.360228
0.513384 0.235685 0.250931
0.827528 0.117657 0.054815
0.640348 0.235259 0.124393
0.579709 0.225943 0.194348
0.448666 0.290256 0.261079
0.916015 0.042884 0.041101
0.200975 0.369982 0.429043
0.618556 0.193553 0.187890
0.265816 0.309869 0.424315
0.199189 0.347725 0.453086
0.521461 0.251614 0.226925
0.229315 0.316072 0.454613
0.426124 0.246155 0.327720
0.827304 0.121476 0.051220
0.322993 0.281392 0.395616
0.235364 0.362581 0.402055
0.667340 0.179970 0.152690
0.253605 0.409003 0.337392
0.433012 0.315386 0.251602
0.533163 0.274788 0.192049
0.611566 0.192547 0.195888
0.204354 0.367250 0.428396
0.389538 0.316912 0.293550
0.649242 0.202814 0.147944
0.139181 0.395300 0.465519
0.606523 0.220226 0.173251
0.547177 0.224402 0.228422
0.368339 0.341217 0.290445
0.406828 0.304306 0.288866
0.514857 0.258125 0.227018
0.403424 0.295705 0.300871
0.378906 0.308623 0.312471
0.620045 0.239189 0.140765
0.660586 0.164151 0.175263
0.280696 0.322334 0.396970
0.610241 0.245004 0.144755
0.479170 0.268820 0.252010
0.342544 0.322976 0.334479
0.231981 0.431105 0.336914
0.498467 0.228320 0.273213
0.436718 0.314345 0.248937
0.253173 0.364122 0.382705
0.611375 0.192735 0.195891
0.814652 0.114859 0.070490
0.788223 0.131089 0.080688
0.506708 0.274151 0.219141
0.453742 0.289749 0.256509
0.904911 0.048850 0.046239
0.189330 0.378949 0.431722
0.605133 0.197876 0.196990
0.297728 0.275772 0.426499
0.299903 0.270034 0.430063
0.486025 0.277101 0.236874
0.222084 0.336909 0.441007
0.447150 0.206771 0.346079
0.830038 0.119872 0.050090
0.336707 0.250831 0.412462
0.185707 0.373967 0.440326
0.559266 0.252921 0.187813
0.289999 0.386000 0.324001
0.453358 0.308975 0.237666
0.530392 0.276614 0.192993
0.619308 0.189463 0.191229
0.266160 0.254077 0.479763
0.397318 0.321084 0.281597
0.680497 0.183824 0.135679
0.156100 0.343949 0.499950
0.584852 0.232279 0.182869
0.618702 0.183756 0.197542
0.322050 0.390880 0.287069
0.375286 0.321824 0.302890
0.538116 0.235890 0.225994
0.324881 0.336133 0.338987
0.352093 0.321829 0.326078
0.528583 0.328272 0.143145
0.643023 0.173230 0.183748
0.391150 0.259210 0.349640
0.634354 0.217843 0.147802
0.438645 0.288592 0.272763
0.367079 0.312175 0.320747
0.283307 0.417877 0.298816
0.479769 0.227244 0.292987
0.591509 0.227426 0.181065
0.294896 0.344542 0.360562
0.577661 0.203965 0.218374
0.896661 0.060809 0.042531
0.753842 0.160826 0.085332
0.499433 0.278789 0.221778
0.456652 0.297761 0.245587
0.900646 0.050878 0.048476
0.182162 0.354616 0.463222
0.590712 0.203082 0.206207
0.295578 0.248713 0.455709
0.210493 0.299482 0.490025
0.479146 0.287889 0.232965
0.247027 0.304951 0.448022
0.434197 0.211634 0.354169
0.829729 0.111552 0.058719
0.350086 0.225274 0.424640
0.185502 0.374113 0.440385
0.624694 0.234615 0.140691
0.309259 0.392676 0.298065
0.422713 0.334883 0.242403
0.529077 0.274227 0.196696
0.599188 0.200575 0.200237
0.246004 0.260935 0.493062
0.414225 0.324712 0.261062
0.650514 0.217802 0.131684
0.187562 0.324475 0.487963
0.574277 0.249899 0.175824
0.562495 0.208038 0.229467
0.357260 0.371361 0.271379
0.405740 0.309437 0.284823
0.503033 0.271976 0.224991
0.319648 0.338532 0.341820
0.360054 0.311398 0.328548
0.528695 0.332927 0.138378
0.598493 0.195212 0.206294
0.440832 0.243244 0.315924
0.592537 0.254205 0.153257
0.437973 0.288743 0.273284
0.404832 0.280859 0.314308
0.260460 0.433940 0.305600
0.369721 0.291821 0.338458
0.600286 0.219059 0.180655
0.309660 0.337606 0.352734
0.631421 0.178185 0.190393
0.867014 0.090929 0.042057
0.691402 0.202404 0.106193
0.606863 0.211329 0.181808
0.476279 0.273848 0.249874
0.887360 0.057659 0.054981
0.190685 0.359571 0.449744
0.612958 0.196292 0.190751
0.283494 0.253900 0.462606
0.203297 0.341503 0.455201
0.528481 0.248700 0.222819
0.226355 0.316870 0.456774
0.483603 0.209743 0.306654
0.811845 0.131890 0.056265
0.340578 0.246092 0.413330
0.252712 0.348098 0.399190
0.658066 0.186086 0.155848
0.276029 0.404708 0.319263
0.375522 0.353026 0.271452
0.517109 0.283491 0.199399
0.605820 0.195516 0.198663
0.231613 0.286776 0.481611
0.385211 0.323178 0.291612
0.568244 0.269843 0.161913
0.158771 0.339075 0.502154
0.520240 0.268800 0.210960
0.552504 0.221482 0.226014
0.355873 0.365323 0.278804
0.406098 0.305605 0.288297
0.524178 0.252243 0.223579
0.476642 0.260618 0.262740
0.337030 0.329695 0.333275
0.571050 0.265376 0.163574
0.577301 0.204654 0.218045
0.441144 0.244963 0.313893
0.600111 0.249134 0.150755
0.433132 0.290633 0.276235
0.523355 0.233762 0.242884
0.295118 0.389896 0.314986
0.509473 0.220077 0.270450
0.627426 0.207862 0.164711
0.308674 0.338093 0.353233
0.605860 0.188022 0.206118
0.815546 0.114325 0.070129
0.720626 0.168919 0.110456
0.602327 0.217835 0.179838
0.418397 0.318051 0.263553
0.906744 0.047140 0.046116
0.221818 0.348193 0.429989
0.615100 0.193681 0.191219
0.296601 0.286613 0.416785
0.302232 0.296125 0.401644
0.474303 0.283412 0.242285
0.253638 0.319286 0.427076
0.448271 0.224721 0.327008
0.821823 0.126062 0.052115
0.348642 0.241780 0.409577
0.230301 0.356053 0.413646
0.645186 0.203090 0.151723
0.234387 0.425118 0.340495
0.439890 0.311740 0.248370
0.494853 0.296123 0.209024
0.595921 0.200645 0.203434
0.255577 0.286528 0.457895
0.412706 0.311707 0.275587
0.644405 0.212987 0.142609
0.139569 0.382685 0.477746
0.532033 0.273032 0.194935
0.580956 0.201266 0.217778
0.376178 0.346044 0.277779
0.382882 0.317434 0.299684
0.520763 0.256139 0.223097
0.354445 0.320776 0.324779
0.385429 0.301263 0.313308
0.611879 0.257525 0.130596
0.543675 0.220056 0.236269
0.364499 0.279159 0.356342
0.583153 0.275049 0.141798
0.450898 0.281849 0.267253
0.341489 0.323298 0.335213
0.295875 0.374832 0.329293
0.448891 0.247289 0.303820
0.628953 0.206707 0.164340
0.307338 0.337169 0.355493
0.592042 0.199332 0.208626
0.888086 0.069032 0.042881
0.801930 0.108759 0.089311
0.604554 0.216551 0.178894
0.495710 0.275155 0.229135
0.861422 0.070950 0.067628
0.315704 0.303092 0.381204
0.633590 0.181930 0.184481
0.239319 0.357630 0.403051
0.203484 0.319830 0.476686
0.480472 0.285877 0.233651
0.238350 0.328640 0.433009
0.546812 0.182266 0.270922
0.870533 0.075017 0.054450
0.304708 0.320060 0.375232
0.236123 0.351149 0.412728
0.679345 0.200426 0.120229
0.277087 0.393519 0.329394
0.467531 0.302832 0.229638
0.480825 0.286599 0.232576
0.634377 0.180268 0.185355
0.229230 0.268159 0.502611
0.420255 0.313775 0.265970
0.584749 0.239379 0.175872
0.191308 0.321213 0.487479
0.521103 0.272384 0.206513
0.546458 0.221468 0.232074
0.368677 0.364355 0.266967
0.357295 0.332364 0.310341
0.529283 0.244457 0.226260
0.386956 0.304607 0.308437
0.334108 0.331876 0.334016
0.594252 0.283499 0.122249
0.653028 0.168465 0.178507
0.450408 0.237336 0.312256
0.608084 0.234890 0.157026
0.406446 0.305437 0.288117
0.355294 0.317962 0.326744
0.279438 0.421722 0.298840
0.489679 0.230594 0.279727
0.590134 0.228230 0.181635
0.302928 0.341030 0.356042
0.618754 0.190671 0.190575
0.853480 0.088886 0.057634
0.752917 0.162551 0.084532
0.520847 0.261513 0.217640
0.457140 0.294206 0.248654
0.914349 0.043798 0.041853
0.169397 0.396237 0.434365
0.626608 0.185941 0.187451
0.287357 0.276428 0.436214
0.274886 0.295863 0.429251
0.501168 0.275167 0.223665
0.231587 0.312438 0.455974
0.425314 0.263942 0.310745
0.883821 0.068962 0.047217
0.342508 0.250868 0.406624
0.174255 0.384494 0.441251
0.726563 0.164213 0.109224
0.240536 0.431851 0.327613
0.469012 0.287669 0.243319
0.496234 0.285211 0.218555
0.621631 0.188885 0.189483
0.210591 0.326634 0.462775
0.417679 0.315610 0.266711
0.582729 0.261119 0.156152
0.242241 0.303632 0.454128
0.577095 0.238833 0.184072
0.589936 0.195714 0.214350
0.384693 0.346082 0.269225
0.393755 0.313362 0.292883
0.518277 0.263144 0.218579
0.325283 0.335468 0.339249
0.369222 0.313230 0.317548
0.593943 0.257928 0.148129
0.637300 0.176221 0.186480
0.444979 0.236177 0.318844
0.545547 0.299818 0.154635
0.412932 0.300865 0.286202
0.333308 0.336696 0.329996
0.290939 0.401490 0.307571
0.580314 0.192460 0.227226
0.616410 0.214520 0.169070
0.249466 0.365850 0.384684
0.625465 0.181342 0.193192
0.895673 0.060335 0.043992
0.506019 0.308973 0.185008
0.529316 0.257080 0.213604
0.455178 0.289088 0.255734
0.915398 0.043605 0.040997
0.318590 0.314102 0.367308
0.606728 0.193053 0.200220
0.278320 0.272125 0.449555
0.216699 0.319568 0.463733
0.479068 0.280979 0.239954
0.249976 0.321609 0.428415
0.423838 0.245727 0.330435
0.886885 0.062618 0.050498
0.347838 0.255222 0.396940
0.171497 0.382551 0.445952
0.642348 0.213362 0.144290
0.242837 0.411538 0.345625
0.471787 0.287482 0.240732
0.550753 0.245401 0.203846
0.601427 0.198265 0.200308
0.225495 0.271944 0.502561
0.324935 0.353982 0.321083
0.625614 0.215538 0.158848
0.234103 0.326557 0.439340
0.501318 0.282149 0.216533
0.555493 0.211749 0.232758
0.381695 0.355302 0.263003
0.360062 0.327538 0.312400
0.491377 0.268604 0.240019
0.373805 0.311543 0.314653
0.361093 0.316558 0.322349
0.630304 0.247608 0.122087
0.636071 0.176365 0.187564
0.404572 0.269035 0.326393
0.597786 0.260114 0.142100
0.450042 0.282774 0.267183
0.333543 0.312400 0.354057
0.271917 0.420197 0.307885
0.479678 0.226875 0.293447
0.540976 0.250445 0.208579
0.304297 0.340362 0.355341
0.462507 0.262991 0.274502
0.814296 0.126612 0.059092
0.800192 0.116984 0.082824
0.607428 0.218391 0.174181
0.549163 0.240221 0.210617
0.825659 0.091554 0.082787
0.178622 0.368490 0.452888
0.602110 0.200059 0.197831
0.248423 0.347063 0.404514
0.222383 0.298817 0.478800
0.470027 0.292457 0.237516
0.234155 0.293697 0.472148
0.431423 0.220692 0.347885
0.837614 0.106395 0.055991
0.307148 0.321229 0.371623
0.246606 0.347265 0.406129
0.629186 0.231364 0.139451
0.290701 0.397226 0.312073
0.457262 0.307813 0.234926
0.556829 0.257326 0.185845
0.603421 0.196101 0.200478
0.238417 0.296390 0.465193
0.422793 0.319850 0.257356
0.671233 0.186033 0.142734
0.177837 0.350300 0.471863
0.494740 0.286106 0.219154
0.537356 0.235531 0.227112
0.352873 0.362620 0.284507
0.382443 0.322248 0.295309
0.547298 0.227078 0.225624
0.374405 0.311499 0.314096
0.345135 0.323607 0.331258
0.648392 0.207764 0.143845
0.640672 0.173383 0.185944
0.379961 0.252194 0.367845
0.656784 0.190705 0.152511
0.405218 0.305801 0.288981
0.328306 0.323718 0.347976
0.293754 0.379760 0.326486
0.524242 0.212156 0.263601
0.547115 0.258196 0.194689
0.302612 0.343605 0.353783
0.461303 0.270658 0.268039
0.863353 0.083428 0.053219
0.805305 0.112533 0.082162
0.615712 0.209922 0.174366
0.548511 0.247683 0.203807
0.915886 0.041596 0.042518
0.180589 0.390514 0.428897
0.615238 0.191327 0.193435
0.262534 0.324045 0.413421
0.199214 0.330188 0.470597
0.477880 0.287355 0.234766
0.216892 0.348726 0.434382
0.411919 0.267107 0.320974
0.856371 0.087734 0.055895
0.320951 0.306566 0.372483
0.245603 0.349040 0.405358
0.646976 0.212980 0.140045
0.235860 0.411198 0.352943
0.441524 0.302375 0.256101
0.523506 0.268628 0.207866
0.597528 0.198928 0.203544
0.219709 0.298260 0.482031
0.338144 0.353027 0.308829
0.683893 0.172821 0.143286
0.141202 0.380037 0.478760
0.539143 0.254400 0.206457
0.554651 0.223522 0.221828
0.359895 0.361093 0.279012
0.414530 0.299643 0.285827
0.545884 0.229248 0.224868
0.439321 0.279039 0.281640
0.341241 0.326071 0.332688
0.647658 0.216892 0.135450
0.643357 0.173232 0.183411
0.428707 0.271200 0.300093
0.615400 0.230014 0.154586
0.444214 0.285706 0.270079
0.432485 0.282643 0.284872
0.283184 0.397803 0.319013
0.527801 0.206281 0.265919
0.496151 0.267792 0.236057
0.298516 0.344827 0.356657
0.505813 0.236529 0.257658
0.838733 0.098111 0.063156
0.762792 0.154619 0.082589
0.621699 0.206575 0.171725
0.470586 0.270023 0.259390
0.858652 0.070523 0.070826
0.251482 0.324719 0.423799
0.609415 0.194704 0.195881
0.276120 0.259036 0.464844
0.217370 0.323129 0.459501
0.387998 0.323404 0.288598
0.232324 0.330813 0.436862
0.496572 0.188926 0.314502
0.833372 0.113780 0.052847
0.348952 0.225901 0.425147
0.254418 0.344878 0.400705
0.643543 0.205988 0.150469
0.279139 0.394263 0.326599
0.469995 0.299268 0.230737
0.597986 0.233596 0.168418
0.597999 0.201558 0.200443
0.318421 0.262214 0.419365
0.335402 0.361320 0.303278
0.667713 0.193554 0.138733
0.117502 0.360451 0.522047
0.459773 0.330173 0.210055
0.564099 0.209630 0.226271
0.338885 0.373074 0.288041
0.380497 0.321571 0.297932
0.516364 0.264538 0.219098
0.321317 0.337063 0.341620
0.421141 0.282915 0.295945
0.562222 0.305677 0.132101
0.593327 0.197447 0.209226
0.410820 0.259050 0.330130
0.616373 0.240381 0.143247
0.468997 0.273080 0.257924
0.419711 0.286562 0.293727
0.286794 0.415639 0.297567
0.530681 0.205171 0.264148
0.632053 0.201556 0.166392
0.251127 0.366671 0.382203
0.513618 0.235383 0.250999
0.888636 0.068077 0.043287
0.745658 0.166782 0.087560
0.553420 0.248185 0.198396
0.460909 0.281603 0.257487
0.912519 0.044057 0.043424
0.338104 0.286217 0.375678
0.623734 0.187586 0.188680
0.273266 0.254631 0.472103
0.407457 0.228661 0.363882
0.487290 0.273720 0.238990
0.229397 0.330806 0.439797
0.460737 0.202229 0.337034
0.839189 0.094834 0.065976
0.358971 0.218853 0.422175
0.254510 0.341781 0.403709
0.656035 0.193472 0.150493
0.293184 0.388052 0.318764
0.387310 0.358539 0.254151
0.531553 0.261675 0.206772
0.597089 0.201277 0.201634
0.245400 0.264266 0.490334
0.357251 0.343775 0.298974
0.655796 0.207257 0.136946
0.150232 0.311740 0.538028
0.588081 0.242121 0.169798
0.554003 0.212578 0.233418
0.325041 0.389003 0.285955
0.409013 0.305618 0.285368
0.511710 0.266576 0.221714
0.334770 0.329556 0.335674
0.338896 0.330277 0.330827
0.447010 0.393233 0.159757
0.630416 0.179496 0.190088
0.436352 0.242176 0.321472
0.567339 0.287285 0.145376
0.444256 0.285927 0.269818
0.443611 0.282263 0.274126
0.278445 0.424334 0.297221
0.419451 0.253783 0.326766
0.609149 0.217612 0.173239
0.303073 0.339276 0.357651
0.640584 0.171499 0.187917
0.867768 0.074277 0.057955
0.545788 0.299103 0.155109
0.586597 0.229748 0.183655
0.446801 0.294550 0.258649
0.918101 0.041861 0.040038
0.276689 0.333334 0.389978
0.622668 0.185223 0.192109
0.281966 0.246596 0.471437
0.211670 0.302343 0.485987
0.485485 0.277815 0.236700
0.219810 0.335853 0.444337
0.421689 0.250276 0.328035
0.898266 0.053454 0.048280
0.341194 0.245756 0.413050
0.235101 0.350908 0.413991
0.657100 0.196754 0.146146
0.252261 0.407326 0.340414
0.416527 0.322683 0.260791
0.554528 0.247212 0.198260
0.601661 0.198263 0.200076
0.246450 0.264268 0.489283
0.389344 0.325177 0.285479
0.670196 0.190544 0.139261
0.142641 0.358254 0.499105
0.549342 0.247590 0.203068
0.542039 0.232876 0.225085
0.367116 0.364846 0.268038
0.402265 0.307940 0.289794
0.472900 0.280672 0.246428
0.423311 0.286634 0.290056
0.350195 0.325624 0.324181
0.701233 0.160771 0.137996
0.633207 0.178086 0.188707
0.434914 0.256877 0.308209
0.610232 0.233547 0.156221
0.455518 0.278844 0.265639
0.333781 0.314840 0.351380
0.312972 0.357296 0.329732
0.536874 0.201607 0.261519
0.585069 0.226534 0.188397
0.297526 0.343071 0.359403
0.597810 0.199391 0.202798
0.875296 0.084788 0.039917
0.787208 0.119805 0.092986
0.581879 0.232615 0.185507
0.447729 0.294431 0.257840
0.885619 0.058518 0.055862
0.306636 0.321279 0.372085
0.624779 0.188553 0.186668
0.249574 0.337498 0.412928
0.224898 0.297237 0.477865
0.508134 0.266523 0.225343
0.222773 0.333304 0.443923
0.536322 0.215473 0.248205
0.866112 0.087988 0.045900
0.320990 0.287178 0.391833
0.246283 0.345847 0.407870
0.624860 0.217530 0.157611
0.302326 0.380735 0.316940
0.415855 0.312411 0.271734
0.438447 0.326745 0.234808
0.618529 0.189690 0.191781
0.231885 0.268489 0.499626
0.404431 0.322272 0.273297
0.690715 0.184005 0.125280
0.128891 0.400357 0.470752
0.480157 0.305065 0.214777
0.542400 0.229679 0.227921
0.381652 0.350385 0.267964
0.414686 0.302225 0.283089
0.494302 0.269911 0.235787
0.318544 0.338620 0.342837
0.345815 0.321882 0.332302
0.474327 0.324512 0.201161
0.644325 0.173152 0.182522
0.287692 0.308073 0.404235
0.592056 0.259712 0.148232
0.436439 0.288754 0.274806
0.353534 0.303784 0.342682
0.232291 0.419358 0.348350
0.547487 0.202964 0.249550
0.539445 0.256964 0.203591
0.278905 0.352252 0.368843
0.615379 0.184551 0.200070
0.814697 0.112259 0.073043
0.690682 0.185024 0.124294
0.611338 0.213184 0.175478
0.442555 0.305049 0.252396
0.898545 0.053199 0.048256
0.175693 0.366520 0.457788
0.584400 0.205597 0.210003
0.260128 0.300594 0.439278
0.236362 0.307080 0.456558
0.478869 0.287062 0.234069
0.238163 0.293880 0.467957
0.451189 0.202366 0.346445
0.871896 0.073948 0.054156
0.352996 0.242289 0.404715
0.216053 0.360430 0.423517
0.608985 0.244464 0.146551
0.224786 0.440896 0.334319
0.467409 0.309702 0.222889
0.522151 0.266315 0.211534
0.597617 0.200127 0.202256
0.268087 0.252033 0.479880
0.351687 0.358658 0.289655
0.616085 0.239919 0.143995
0.141262 0.339040 0.519698
0.513286 0.270864 0.215851
0.555238 0.211490 0.233272
0.360341 0.367633 0.272026
0.376422 0.321562 0.302016
0.525986 0.260092 0.213922
0.344060 0.327052 0.328888
0.336898 0.326341 0.336761
0.593222 0.267398 0.139381
0.647076 0.170583 0.182341
0.413660 0.255809 0.330530
0.565170 0.292182 0.142648
0.443457 0.285674 0.270869
0.347884 0.304660 0.347456
0.280877 0.406486 0.312637
0.535249 0.202046 0.262705
0.561037 0.243861 0.195101
0.254851 0.362564 0.382585
0.480501 0.258848 0.260650
0.755963 0.167484 0.076553
0.777788 0.138904 0.083308
0.610605 0.217022 0.172373
0.440293 0.302338 0.257369
0.886339 0.058426 0.055236
0.190281 0.382969 0.426751
0.613795 0.194684 0.191521
0.276536 0.276418 0.447046
0.232262 0.289976 0.477762
0.473721 0.285165 0.241114
0.223915 0.332798 0.443286
0.424418 0.254524 0.321058
0.863109 0.090938 0.045953
0.341164 0.240519 0.418317
0.242190 0.349376 0.408434
0.620702 0.237312 0.141987
0.238553 0.408867 0.352580
0.509513 0.265604 0.224882
0.415699 0.335799 0.248502
0.627128 0.187036 0.185836
0.205810 0.330074 0.464116
0.423363 0.312938 0.263700
0.657468 0.187212 0.155320
0.113260 0.394322 0.492418
0.496262 0.284947 0.218791
0.549099 0.220876 0.230025
0.367828 0.347719 0.284453
0.396745 0.310043 0.293212
0.560591 0.221664 0.217745
0.324244 0.336047 0.339708
0.341091 0.327454 0.331455
0.519102 0.315518 0.165379
0.631947 0.178862 0.189192
0.405939 0.266047 0.328014
0.629216 0.214823 0.155961
0.439390 0.286686 0.273924
0.473786 0.258168 0.268046
0.286897 0.403934 0.309169
0.476121 0.252706 0.271173
0.620661 0.207303 0.172036
0.229106 0.378174 0.392720
0.444190 0.269886 0.285925
0.860385 0.076930 0.062685
0.676555 0.188356 0.135089
0.626736 0.195713 0.177551
0.447259 0.293661 0.259081
0.910250 0.045213 0.044537
0.245685 0.349543 0.404772
0.624467 0.184217 0.191316
0.263495 0.323039 0.413467
0.184043 0.380722 0.435235
0.483381 0.280830 0.235789
0.216221 0.335991 0.447788
0.420961 0.249408 0.329631
0.884789 0.062410 0.052801
0.314678 0.309729 0.375594
0.235621 0.362458 0.401921
0.636503 0.219021 0.144477
0.241378 0.413467 0.345155
0.287297 0.394711 0.317991
0.550738 0.246996 0.202266
0.606908 0.195035 0.198057
0.226297 0.332910 0.440793
0.405064 0.316553 0.278383
0.613964 0.223151 0.162885
0.250388 0.309358 0.440253
0.626902 0.202535 0.170563
0.552203 0.225252 0.222546
0.373464 0.353561 0.272975
0.383936 0.316571 0.299494
0.522944 0.255206 0.221850
0.430725 0.282004 0.287271
0.338971 0.323962 0.337067
0.623677 0.233121 0.143203
0.633850 0.178308 0.187842
0.423520 0.256860 0.319620
0.574483 0.270591 0.154926
0.438734 0.289715 0.271550
0.385559 0.294677 0.319764
0.295182 0.393041 0.311777
0.483023 0.225911 0.291066
0.510985 0.265191 0.223824
0.307024 0.336869 0.356107
0.480505 0.252986 0.266508
0.825128 0.106114 0.068758
0.547554 0.295983 0.156463
0.538533 0.256466 0.205001
0.452264 0.281055 0.266680
0.916353 0.042741 0.040907
0.213141 0.351988 0.434871
0.619516 0.189304 0.191180
0.292353 0.251772 0.455876
0.211652 0.304046 0.484302
0.498652 0.266737 0.234611
0.242960 0.309390 0.447650
0.416507 0.246365 0.337129
0.867492 0.082569 0.049939
0.350877 0.246023 0.403099
0.241738 0.347663 0.410599
0.642464 0.204891 0.152645
0.306673 0.379995 0.313333
0.407901 0.311922 0.280177
0.583789 0.236078 0.180133
0.603585 0.197764 0.198651
0.233266 0.266261 0.500474
0.387968 0.322273 0.289759
0.698930 0.174024 0.127045
0.200643 0.377953 0.421404
0.590790 0.235761 0.173449
0.540623 0.231685 0.227692
0.400784 0.345393 0.253823
0.390817 0.313360 0.295823
0.534259 0.240939 0.224802
0.328878 0.332851 0.338271
0.346058 0.318942 0.335000
0.489625 0.314344 0.196031
0.640273 0.174796 0.184930
0.438150 0.244649 0.317201
0.611167 0.230224 0.158609
0.514205 0.250068 0.235727
0.344137 0.314116 0.341747
0.299259 0.385909 0.314832
0.403556 0.260411 0.336033
0.518815 0.268294 0.212891
0.300673 0.343105 0.356222
0.556610 0.224399 0.218991
0.820191 0.110299 0.069511
0.632425 0.229617 0.137959
0.498293 0.278982 0.222725
0.446199 0.298374 0.255427
0.908731 0.045975 0.045293
0.298471 0.335827 0.365702
0.614010 0.193351 0.192640
0.275048 0.275075 0.449876
0.215271 0.298509 0.486220
0.467376 0.293158 0.239466
0.225044 0.330385 0.444571
0.363746 0.287155 0.349099
0.841540 0.102438 0.056022
0.332395 0.230041 0.437564
0.245177 0.347102 0.407720
0.724590 0.171649 0.103761
0.232971 0.426974 0.340055
0.392252 0.330796 0.276952
0.488480 0.293245 0.218275
0.601795 0.197941 0.200265
0.234921 0.263392 0.501687
0.411052 0.325556 0.263392
0.666341 0.200889 0.132770
0.110273 0.401389 0.488338
0.563896 0.240713 0.195391
0.535678 0.221470 0.242852
0.345305 0.378131 0.276564
0.380711 0.322970 0.296318
0.531254 0.247804 0.220942
0.404394 0.296911 0.298695
0.343383 0.327067 0.329551
0.569697 0.302459 0.127844
0.635448 0.177084 0.187468
0.451559 0.241938 0.306503
0.596797 0.251747 0.151456
0.417739 0.298628 0.283633
0.516023 0.245798 0.238179
0.279181 0.421650 0.299169
0.387279 0.284066 0.328655
0.634064 0.203193 0.162743
0.245903 0.369994 0.384102
0.573174 0.206395 0.220431
0.885090 0.062671 0.052239
0.751384 0.163529 0.085087
0.640580 0.192959 0.166462
0.510165 0.262562 0.227273
0.844039 0.079823 0.076138
0.303512 0.310154 0.386334
0.602693 0.194852 0.202455
0.290354 0.241130 0.468516
0.198376 0.344344 0.457281
0.484691 0.279346 0.235963
0.227774 0.312631 0.459595
0.449827 0.221945 0.328227
0.878450 0.066556 0.054994
0.355145 0.219254 0.425601
0.134978 0.403577 0.461445
0.690683 0.186873 0.122443
0.279458 0.409663 0.310880
0.475828 0.283900 0.240271
0.477177 0.287123 0.235700
0.593995 0.201481 0.204523
0.213613 0.314405 0.471982
0.392134 0.336779 0.271087
0.583110 0.242988 0.173902
0.206866 0.357623 0.435511
0.495763 0.289358 0.214878
0.553774 0.220655 0.225571
0.377908 0.358142 0.263951
0.415784 0.304414 0.279802
0.512290 0.253798 0.233912
0.513548 0.241575 0.244877
0.372363 0.309905 0.317732
0.624352 0.248284 0.127365
0.637741 0.176319 0.185940
0.441264 0.246304 0.312432
0.506345 0.294102 0.199554
0.438122 0.289000 0.272878
0.452454 0.266473 0.281072
0.314533 0.359139 0.326328
0.465415 0.247177 0.287409
0.645155 0.197039 0.157806
0.286513 0.349038 0.364449
0.457100 0.261450 0.281451
0.848531 0.092509 0.058961
0.801946 0.110095 0.087959
0.607459 0.211007 0.181534
0.465445 0.279661 0.254894
0.914614 0.043114 0.042272
0.180493 0.351454 0.468053
0.608447 0.193004 0.198549
0.259082 0.335651 0.405268
0.268913 0.313519 0.417567
0.483238 0.276385 0.240377
0.237688 0.293236 0.469076
0.464297 0.195460 0.340243
0.876994 0.064927 0.058078
0.317696 0.289915 0.392389
0.150205 0.398935 0.450860
0.734187 0.149142 0.116671
0.243778 0.415087 0.341135
0.454772 0.321719 0.223509
0.520644 0.261249 0.218108
0.629819 0.182249 0.187932
0.209530 0.325651 0.464819
0.287411 0.381343 0.331246
0.656896 0.196236 0.146868
0.179431 0.296842 0.523727
0.528879 0.246733 0.224388
0.543413 0.228015 0.228573
0.388554 0.341987 0.269459
0.416928 0.300470 0.282602
0.431706 0.295161 0.273133
0.338270 0.326783 0.334947
0.364195 0.319999 0.315807
0.660706 0.207305 0.131988
0.579714 0.202455 0.217831
0.394633 0.256895 0.348472
0.553133 0.267742 0.179125
0.472994 0.270870 0.256136
0.460178 0.265804 0.274018
0.306039 0.372489 0.321472
0.514838 0.215004 0.270158
0.632873 0.202528 0.164600
0.303505 0.340631 0.355864
0.558752 0.220695 0.220553
0.889399 0.072956 0.037645
0.788939 0.122481 0.088580
0.568769 0.236027 0.195204
0.452713 0.292900 0.254387
0.911452 0.044775 0.043773
0.183748 0.400158 0.416094
0.615822 0.192293 0.191885
0.303658 0.272762 0.423580
0.215849 0.321404 0.462746
0.408870 0.320382 0.270748
0.229217 0.334239 0.436544
0.397832 0.284705 0.317463
0.848920 0.092826 0.058254
0.354932 0.239606 0.405462
0.254009 0.347531 0.398460
0.643096 0.207472 0.149432
0.236155 0.416502 0.347343
0.463118 0.280817 0.256064
0.567824 0.243475 0.188702
0.606088 0.195950 0.197963
0.309152 0.286824 0.404024
0.413596 0.308791 0.277613
0.694579 0.176926 0.128495
0.354228 0.308775 0.336996
0.520990 0.265279 0.213732
0.552823 0.212988 0.234190
0.395770 0.333308 0.270922
0.384633 0.314555 0.300813
0.507339 0.264568 0.228093
0.285623 0.353149 0.361228
0.359399 0.320284 0.320318
0.555687 0.312796 0.131517
0.624907 0.181373 0.193721
0.196986 0.383081 0.419933
0.538812 0.308223 0.152965
0.450034 0.284613 0.265353
0.347850 0.325438 0.326711
0.266170 0.428757 0.305073
0.389648 0.271879 0.338473
0.642612 0.189363 0.168025
0.295929 0.343298 0.360772
0.495497 0.252823 0.251680
0.837282 0.092032 0.070687
0.782407 0.137143 0.080450
0.608803 0.210467 0.180730
0.507567 0.251834 0.240599
0.898356 0.053434 0.048210
0.171892 0.382683 0.445425
0.603396 0.195570 0.201034
0.288780 0.275389 0.435831
0.218569 0.340231 0.441200
0.483445 0.272757 0.243798
0.233758 0.294203 0.472038
0.561347 0.183138 0.255514
0.882506 0.073003 0.044491
0.324362 0.275244 0.400394
0.250825 0.353185 0.395990
0.591622 0.236732 0.171647
0.267810 0.417662 0.314528
0.362725 0.364693 0.272582
0.493599 0.293933 0.212467
0.610278 0.193429 0.196293
0.234937 0.337922 0.427141
0.376168 0.340797 0.283035
0.664478 0.203542 0.131980
0.225213 0.286189 0.488598
0.545598 0.271747 0.182655
0.549639 0.220466 0.229894
0.392878 0.329240 0.277882
0.407659 0.305685 0.286657
0.526363 0.251925 0.221712
0.353236 0.321180 0.325584
0.345424 0.318400 0.336176
0.506158 0.307236 0.186606
0.641796 0.173145 0.185059
0.385774 0.266299 0.347927
0.613494 0.233137 0.153369
0.434034 0.289653 0.276313
0.328629 0.338918 0.332454
0.298164 0.387521 0.314315
0.492114 0.225891 0.281995
0.562430 0.243836 0.193734
0.291577 0.347982 0.360441
0.619895 0.184795 0.195311
0.901693 0.055429 0.042878
0.763362 0.147425 0.089213
0.599651 0.223150 0.177199
0.459144 0.290239 0.250617
0.841248 0.079588 0.079164
0.316406 0.306909 0.376685
0.620732 0.186902 0.192366
0.276944 0.275795 0.447261
0.206360 0.304282 0.489358
0.457172 0.294882 0.247946
0.216430 0.347081 0.436489
0.426371 0.245843 0.327785
0.877144 0.069130 0.053726
0.361473 0.234032 0.404495
0.251352 0.344318 0.404329
0.622713 0.236447 0.140840
0.250928 0.403378 0.345694
0.493849 0.281025 0.225126
0.571510 0.235392 0.193099
0.600420 0.199509 0.200071
0.238221 0.264759 0.497020
0.288703 0.385721 0.325576
0.679782 0.180917 0.139301
0.140585 0.342748 0.516668
0.518444 0.252281 0.229275
0.557833 0.222693 0.219474
0.321363 0.391679 0.286958
0.363061 0.326785 0.310154
0.522869 0.245143 0.231987
0.318546 0.338740 0.342714
0.391292 0.307130 0.301578
0.599242 0.244026 0.156732
0.584435 0.203128 0.212437
0.405758 0.269730 0.324512
0.616994 0.222749 0.160257
0.492981 0.259505 0.247514
0.438412 0.286634 0.274954
0.301313 0.373266 0.325422
0.473685 0.237544 0.288771
0.649370 0.187839 0.162790
0.301742 0.343320 0.354938
0.408341 0.288555 0.303104
0.842555 0.086592 0.070853
0.809876 0.106842 0.083282
0.615472 0.210660 0.173867
0.469457 0.270017 0.260526
0.917880 0.040976 0.041144
0.198885 0.360968 0.440146
0.591029 0.199727 0.209244
0.295429 0.309066 0.395505
0.222828 0.314711 0.462461
0.493964 0.266836 0.239200
0.212945 0.359411 0.427644
0.469650 0.239597 0.290753
0.864034 0.085138 0.050829
0.327389 0.273371 0.399240
0.244624 0.351179 0.404197
0.638978 0.207611 0.153412
0.235809 0.405986 0.358204
0.362662 0.347738 0.289599
0.543710 0.254130 0.202160
0.599428 0.198634 0.201939
0.220861 0.299756 0.479383
0.401404 0.321496 0.277100
0.686088 0.172050 0.141862
0.267511 0.312561 0.419928
0.650611 0.184570 0.164819
0.574990 0.205081 0.219928
0.330635 0.376769 0.292596
0.402989 0.310753 0.286258
0.511714 0.249692 0.238594
0.340305 0.328068 0.331627
0.361471 0.322078 0.316452
0.587331 0.289025 0.123644
0.618275 0.185874 0.195851
0.437676 0.232856 0.329468
0.633990 0.214524 0.151487
0.415589 0.299830 0.284581
0.350920 0.330384 0.318696
0.278256 0.422321 0.299423
0.485413 0.236125 0.278462
0.530710 0.266385 0.202906
0.305428 0.340421 0.354151
0.514705 0.237181 0.248114
0.841749 0.087173 0.071078
0.754306 0.161272 0.084422
0.575499 0.231632 0.192869
0.454358 0.297490 0.248152
0.828606 0.088096 0.083298
0.171816 0.380927 0.447257
0.607221 0.192318 0.200461
0.283536 0.250204 0.466260
0.201428 0.322057 0.476516
0.479845 0.286969 0.233186
0.221534 0.316248 0.462218
0.420560 0.249074 0.330365
0.867184 0.072027 0.060789
0.354429 0.218709 0.426863
0.229780 0.355611 0.414610
0.635766 0.218360 0.145874
0.240551 0.421742 0.337707
0.381909 0.343114 0.274977
0.543340 0.253752 0.202908
0.620169 0.189616 0.190215
0.242809 0.286928 0.470263
0.390842 0.329729 0.279429
0.644452 0.213119 0.142429
0.143922 0.357727 0.498352
0.507547 0.271128 0.221325
0.561181 0.214516 0.224303
0.389808 0.343710 0.266482
0.380472 0.320112 0.299416
0.456683 0.277268 0.266049
0.261588 0.366495 0.371917
0.425707 0.286948 0.287345
0.631851 0.226669 0.141479
0.639803 0.174213 0.185983
0.297034 0.302713 0.400254
0.632625 0.210097 0.157279
0.473803 0.269866 0.256330
0.331500 0.319907 0.348593
0.301362 0.382451 0.316187
0.503770 0.234441 0.261789
0.560475 0.241831 0.197694
0.271012 0.358678 0.370310
0.625906 0.184618 0.189476
0.845997 0.098826 0.055177
0.794057 0.124559 0.081384
0.454192 0.289768 0.256040
0.446689 0.294108 0.259203
0.864104 0.068192 0.067704
0.184232 0.378875 0.436893
0.619769 0.189782 0.190449
0.265139 0.294218 0.440642
0.202497 0.343563 0.453940
0.460472 0.291734 0.247795
0.219902 0.354334 0.425763
0.404300 0.250655 0.345045
0.852036 0.085432 0.062532
0.356328 0.232480 0.411192
0.242063 0.354123 0.403814
0.655146 0.199902 0.144952
0.226388 0.422008 0.351604
0.392797 0.341579 0.265624
0.527638 0.260088 0.212274
0.668215 0.166299 0.165486
0.234916 0.303751 0.461333
0.326221 0.359735 0.314044
0.668359 0.192244 0.139397
0.158033 0.353358 0.488608
0.510672 0.258265 0.231063
0.540549 0.226000 0.233451
0.376217 0.360407 0.263376
0.422919 0.298454 0.278627
0.522536 0.248064 0.229400
0.534024 0.231816 0.234160
0.344308 0.329414 0.326278
0.648108 0.195025 0.156867
0.592752 0.197404 0.209844
0.423243 0.247955 0.328802
0.599837 0.242686 0.157477
0.360065 0.328723 0.311211
0.455232 0.273773 0.270996
0.314511 0.357773 0.327716
0.471924 0.245344 0.282732
0.626137 0.208150 0.165713
0.304795 0.340986 0.354219
0.619087 0.186276 0.194637
0.820690 0.105695 0.073615
0.782822 0.118101 0.099077
0.600687 0.214746 0.184567
0.446747 0.306091 0.247162
0.874213 0.063632 0.062155
0.308192 0.323478 0.368330
0.621083 0.188707 0.190210
0.248163 0.354923 0.396914
0.198689 0.344012 0.457299
0.468438 0.293549 0.238012
0.231136 0.326077 0.442787
0.401381 0.257517 0.341102
0.819171 0.120597 0.060232
0.328896 0.306876 0.364228
0.195202 0.375873 0.428925
0.540762 0.288373 0.170865
0.229155 0.429875 0.340970
0.465483 0.296282 0.238235
0.492940 0.295013 0.212047
0.605654 0.196112 0.198234
0.269794 0.289484 0.440722
0.279345 0.400844 0.319811
0.662198 0.204764 0.133038
0.123105 0.371471 0.505424
0.464435 0.327206 0.208359
0.543024 0.223524 0.233452
0.321687 0.392099 0.286214
0.394022 0.312920 0.293059
0.531667 0.249000 0.219333
0.503145 0.246955 0.249900
0.335438 0.323965 0.340597
0.565335 0.286953 0.147712
0.642516 0.172999 0.184485
0.435510 0.240911 0.323580
0.617775 0.229330 0.152895
0.426215 0.294317 0.279468
0.510670 0.227813 0.261518
0.293835 0.396169 0.309997
0.423351 0.257945 0.318704
0.617792 0.212684 0.169523
0.301562 0.342742 0.355696
0.667024 0.164401 0.168574
0.795453 0.141288 0.063259
0.658584 0.212851 0.128565
0.576542 0.231811 0.191647
0.492766 0.267914 0.239320
0.916592 0.042020 0.041388
0.288293 0.338131 0.373576
0.595180 0.206959 0.197861
0.284110 0.276496 0.439394
0.193327 0.343750 0.462922
0.486239 0.274592 0.239169
0.214177 0.364967 0.420856
0.390406 0.270896 0.338698
0.848220 0.094024 0.057755
0.339251 0.246288 0.414461
0.247576 0.350841 0.401582
0.635630 0.210393 0.153977
0.259040 0.392621 0.348339
0.421169 0.321219 0.257612
0.583729 0.233239 0.183032
0.605080 0.196375 0.198545
0.197015 0.355123 0.447862
0.440232 0.288663 0.271105
0.614108 0.205165 0.180726
0.181867 0.357129 0.461005
0.501791 0.272577 0.225631
0.551048 0.214267 0.234684
0.383783 0.333481 0.282736
0.397328 0.307416 0.295256
0.507313 0.243717 0.248970
0.325903 0.335409 0.338688
0.332756 0.334023 0.333221
0.573054 0.280114 0.146832
0.647922 0.169231 0.182847
0.427269 0.274114 0.298616
0.648062 0.189740 0.162198
0.428149 0.293813 0.278038
0.325894 0.339594 0.334513
0.288029 0.399561 0.312411
0.513256 0.222640 0.264104
0.594672 0.213929 0.191399
0.289388 0.350799 0.359813
0.526678 0.232806 0.240516
0.836075 0.096750 0.067175
0.673708 0.202850 0.123442
0.616753 0.207352 0.175895
0.454936 0.280712 0.264352
0.916939 0.041492 0.041568
0.330654 0.315423 0.353923
0.605131 0.195600 0.199269
0.287544 0.269474 0.442982
0.204686 0.324014 0.471299
0.512623 0.263862 0.223515
0.254322 0.288329 0.457349
0.414236 0.263060 0.322704
0.886428 0.064654 0.048918
0.349871 0.239330 0.410799
0.230559 0.358777 0.410664
0.645496 0.205611 0.148892
0.246368 0.429130 0.324502
0.452934 0.297618 0.249447
0.528304 0.260952 0.210744
0.610793 0.193551 0.195656
0.253857 0.333304 0.412839
0.410519 0.312675 0.276806
0.579799 0.262327 0.157874
0.125841 0.373260 0.500899
0.527278 0.259177 0.213545
0.553652 0.214484 0.231864
0.391861 0.328446 0.279693
0.360517 0.328449 0.311034
0.508731 0.271577 0.219692
0.322495 0.336695 0.340810
0.336846 0.332110 0.331044
0.604248 0.278195 0.117557
0.647193 0.169655 0.183152
0.435971 0.253159 0.310870
0.559299 0.293986 0.146715
0.445025 0.284903 0.270071
0.407190 0.294614 0.298196
0.306621 0.368239 0.325140
0.470289 0.242119 0.287592
0.588170 0.225301 0.186528
0.301159 0.339257 0.359583
0.642323 0.169809 0.187868
0.881239 0.065559 0.053203
0.726570 0.155612 0.117818
0.557158 0.242898 0.199944
0.423419 0.310646 0.265935
0.908625 0.047139 0.044236
0.188287 0.349667 0.462045
0.619098 0.186826 0.194076
0.255332 0.331664 0.413004
0.208489 0.304248 0.487263
0.503893 0.273047 0.223059
0.221058 0.318517 0.460425
0.440047 0.207287 0.352666
0.895143 0.056602 0.048255
0.320618 0.291112 0.388269
0.253625 0.342356 0.404019
0.624364 0.233665 0.141971
0.251406 0.404051 0.344543
0.384858 0.348323 0.266819
0.575351 0.233778 0.190872
0.617860 0.188036 0.194104
0.269993 0.255832 0.474175
0.407817 0.326723 0.265460
0.670055 0.183480 0.146465
0.110217 0.397440 0.492343
0.542675 0.247665 0.209661
0.561016 0.210943 0.228041
0.339503 0.381167 0.279330
0.387513 0.318464 0.294024
0.535804 0.237214 0.226982
0.343885 0.325823 0.330292
0.335501 0.327096 0.337403
0.488744 0.356560 0.154696
0.653276 0.169046 0.177678
0.333228 0.275857 0.390915
0.632660 0.211269 0.156071
0.433286 0.292390 0.274324
0.325294 0.331100 0.343606
0.251996 0.435184 0.312820
0.461538 0.243440 0.295023
0.611882 0.221161 0.166957
0.302907 0.342763 0.354330
0.465857 0.266375 0.267768
0.869896 0.075003 0.055101
0.673267 0.213649 0.113083
0.592834 0.222178 0.184988
0.442650 0.303437 0.253913
0.918349 0.040801 0.040850
0.308667 0.325135 0.366198
0.623111 0.185502 0.191387
0.288922 0.249790 0.461288
0.202986 0.326045 0.470969
0.487500 0.281757 0.230743
0.227297 0.346676 0.426027
0.426090 0.243830 0.330080
0.884927 0.066948 0.048124
0.345830 0.225886 0.428284
0.187157 0.375636 0.437206
0.620921 0.235940 0.143139
0.236519 0.411072 0.352409
0.469079 0.299027 0.231894
0.540106 0.259923 0.199971
0.633096 0.183219 0.183685
0.252182 0.260622 0.487196
0.382717 0.333614 0.283670
0.640845 0.208350 0.150804
0.127054 0.352880 0.520066
0.535477 0.265821 0.198702
0.631726 0.177222 0.191052
0.350860 0.374305 0.274835
0.438330 0.289803 0.271867
0.518250 0.259586 0.222164
0.503557 0.247158 0.249284
