0.641183 0.187531 0.171285
0.615646 0.217433 0.166921
0.707617 0.147393 0.144990
0.320491 0.298013 0.381496
0.102694 0.445365 0.451942
0.158923 0.397129 0.443948
0.430020 0.282731 0.287249
0.585234 0.227429 0.187338
0.817889 0.107622 0.074489
0.452335 0.271557 0.276108
0.146491 0.408797 0.444712
0.095040 0.445991 0.458969
0.667910 0.192276 0.139814
0.715157 0.162670 0.122173
0.469372 0.284484 0.246144
0.359434 0.322584 0.317981
0.108027 0.425045 0.466927
0.162330 0.402004 0.435666
0.381805 0.298250 0.319945
0.631880 0.192323 0.175797
0.589818 0.206665 0.203516
0.316018 0.355467 0.328516
0.119467 0.423696 0.456837
0.083538 0.390005 0.526457
0.396230 0.360445 0.243326
0.444542 0.286583 0.268876
0.600726 0.244105 0.155169
0.475554 0.262967 0.261479
0.095950 0.450379 0.453670
0.029287 0.469339 0.501375
0.155547 0.352739 0.491714
0.063730 0.373452 0.562818
0.739939 0.139235 0.120826
0.345976 0.333230 0.320794
0.037685 0.444099 0.518215
0.132706 0.400693 0.466601
0.238299 0.352377 0.409324
0.074866 0.347311 0.577822
0.756330 0.141621 0.102049
0.260244 0.379244 0.360512
0.077856 0.436845 0.485299
0.170144 0.397111 0.432744
0.642452 0.187341 0.170207
0.639880 0.180480 0.179639
0.707191 0.148002 0.144808
0.316418 0.306710 0.376872
0.104111 0.445831 0.450058
0.159677 0.394937 0.445386
0.428939 0.285507 0.285554
0.594148 0.215298 0.190554
0.807536 0.116331 0.076134
0.450446 0.273787 0.275767
0.147092 0.407223 0.445685
0.095754 0.445387 0.458859
0.675668 0.183563 0.140769
0.716509 0.160385 0.123106
0.466773 0.288618 0.244609
0.361021 0.317027 0.321953
0.107042 0.415134 0.477824
0.162025 0.400452 0.437523
0.382692 0.296342 0.320965
0.633856 0.189322 0.176822
0.596906 0.198175 0.204919
0.321205 0.348271 0.330524
0.119863 0.419737 0.460400
0.083421 0.389143 0.527436
0.401499 0.349432 0.249069
0.444519 0.285169 0.270312
0.609058 0.236475 0.154466
0.475065 0.263974 0.260961
0.095218 0.451126 0.453656
0.027336 0.447415 0.525249
0.163181 0.325645 0.511174
0.072075 0.286058 0.641867
0.737454 0.142217 0.120329
0.347393 0.328752 0.323855
0.036748 0.437563 0.525689
0.133443 0.401350 0.465208
0.241404 0.344426 0.414169
0.087364 0.236038 0.676598
0.763075 0.133913 0.103012
0.258490 0.382584 0.358925
0.079115 0.442488 0.478397
0.167965 0.393005 0.439029
0.643450 0.185820 0.170730
0.611152 0.218929 0.169920
0.707942 0.146873 0.145185
0.313436 0.313183 0.373381
0.103553 0.451257 0.445190
0.158808 0.397555 0.443637
0.434204 0.276806 0.288990
0.584745 0.227959 0.187297
0.810093 0.111837 0.078070
0.451116 0.273612 0.275272
0.146096 0.404548 0.449355
0.094280 0.437436 0.468284
0.669860 0.188402 0.141738
0.714162 0.164382 0.121456
0.465869 0.291208 0.242924
0.359931 0.319779 0.320290
0.106692 0.419307 0.474001
0.162588 0.394217 0.443194
0.382061 0.297421 0.320518
0.634724 0.190354 0.174922
0.595798 0.198508 0.205695
0.319895 0.344731 0.335375
0.119535 0.420108 0.460358
0.084106 0.374550 0.541343
0.413347 0.331620 0.255034
0.444389 0.285946 0.269665
0.601047 0.244315 0.154638
0.474639 0.263699 0.261662
0.094610 0.446031 0.459359
0.027602 0.448307 0.524091
0.163070 0.331582 0.505348
0.068024 0.337426 0.594550
0.739935 0.139887 0.120179
0.342052 0.335216 0.322732
0.037969 0.445285 0.516746
0.133440 0.399550 0.467010
0.244082 0.336103 0.419815
0.083085 0.273319 0.643596
0.758426 0.139233 0.102340
0.263302 0.372255 0.364443
0.078554 0.442565 0.478881
0.166987 0.389971 0.443042
0.643466 0.184823 0.171712
0.608367 0.223809 0.167824
0.707337 0.147178 0.145485
0.322913 0.292851 0.384237
0.105573 0.444277 0.450150
0.159326 0.391762 0.448912
0.432073 0.278748 0.289179
0.594647 0.214769 0.190585
0.807899 0.114538 0.077563
0.456211 0.266031 0.277758
0.144659 0.403493 0.451848
0.093883 0.435648 0.470469
0.668222 0.190106 0.141672
0.720272 0.156869 0.122859
0.467243 0.290995 0.241762
0.359843 0.326698 0.313459
0.107251 0.419613 0.473136
0.163389 0.394922 0.441688
0.382352 0.296891 0.320758
0.631481 0.193778 0.174742
0.594519 0.196473 0.209007
0.311791 0.359865 0.328344
0.120490 0.418298 0.461212
0.083909 0.379459 0.536632
0.403639 0.345666 0.250696
0.442962 0.286186 0.270852
0.607006 0.237597 0.155397
0.476145 0.260807 0.263048
0.097476 0.433395 0.469129
0.028591 0.461964 0.509445
0.170864 0.300531 0.528605
0.068232 0.347230 0.584538
0.738851 0.140525 0.120623
0.331587 0.357120 0.311293
0.039105 0.419800 0.541094
0.134694 0.396128 0.469178
0.248177 0.323957 0.427866
0.083619 0.263103 0.653278
0.764221 0.132842 0.102937
0.266061 0.363568 0.370371
0.075562 0.454732 0.469706
0.167712 0.389193 0.443095
0.642488 0.184468 0.173044
0.620930 0.205903 0.173167
0.709039 0.145624 0.145338
0.329908 0.280069 0.390022
0.104804 0.441523 0.453674
0.158167 0.393698 0.448135
0.440074 0.264924 0.295001
0.585995 0.225943 0.188062
0.813805 0.108519 0.077676
0.454572 0.268640 0.276788
0.146770 0.398260 0.454970
0.095002 0.439504 0.465494
0.661960 0.198282 0.139758
0.708322 0.170898 0.120780
0.467838 0.289248 0.242914
0.362193 0.321942 0.315864
0.107423 0.420815 0.471762
0.164090 0.402340 0.433570
0.382464 0.296728 0.320807
0.635919 0.186460 0.177621
0.590679 0.203310 0.206011
0.321149 0.347519 0.331332
0.119503 0.422684 0.457813
0.083297 0.385227 0.531475
0.423953 0.317883 0.258164
0.442408 0.284380 0.273212
0.602793 0.244620 0.152587
0.473028 0.265394 0.261578
0.095741 0.452142 0.452118
0.029648 0.478555 0.491797
0.160912 0.371544 0.467544
0.073150 0.321477 0.605374
0.738838 0.140220 0.120942
0.347494 0.328160 0.324346
0.037539 0.442645 0.519816
0.133558 0.395773 0.470669
0.238530 0.351437 0.410033
0.081209 0.283150 0.635641
0.759236 0.138489 0.102275
0.258387 0.382228 0.359385
0.079267 0.442568 0.478164
0.168646 0.391404 0.439950
0.641396 0.186419 0.172186
0.646949 0.173857 0.179195
0.706258 0.148340 0.145402
0.315005 0.315659 0.369335
0.104765 0.446815 0.448420
0.157783 0.392485 0.449732
0.422604 0.295762 0.281633
0.599945 0.207812 0.192243
0.810112 0.115540 0.074348
0.450023 0.273993 0.275984
0.145623 0.403554 0.450823
0.095926 0.445225 0.458849
0.681160 0.176308 0.142531
0.726785 0.148891 0.124324
0.466171 0.290565 0.243264
0.362290 0.320602 0.317108
0.106847 0.418742 0.474411
0.162989 0.402437 0.434575
0.386084 0.290761 0.323155
0.627928 0.194789 0.177283
0.596494 0.197702 0.205803
0.324169 0.344007 0.331824
0.120037 0.422877 0.457086
0.084515 0.388458 0.527027
0.435227 0.303331 0.261442
0.441846 0.284475 0.273679
0.590859 0.259636 0.149505
0.475277 0.263980 0.260743
0.095790 0.452839 0.451371
0.029393 0.474790 0.495816
0.162336 0.376965 0.460699
0.067115 0.391226 0.541659
0.740427 0.138542 0.121031
0.346795 0.329004 0.324201
0.038805 0.453987 0.507208
0.132876 0.395751 0.471373
0.240112 0.347126 0.412763
0.085975 0.246378 0.667647
0.755954 0.141881 0.102165
0.258212 0.381011 0.360777
0.078584 0.440117 0.481299
0.169102 0.394092 0.436806
0.642319 0.186413 0.171268
0.627952 0.196839 0.175208
0.706765 0.148078 0.145156
0.315183 0.313036 0.371781
0.103693 0.446617 0.449690
0.159047 0.392433 0.448520
0.423705 0.294802 0.281493
0.598346 0.210024 0.191630
0.808799 0.116926 0.074275
0.452138 0.272852 0.275010
0.146135 0.402730 0.451135
0.096047 0.442434 0.461519
0.679255 0.177648 0.143097
0.723231 0.153265 0.123504
0.463854 0.293586 0.242560
0.363113 0.319327 0.317560
0.106883 0.416423 0.476694
0.163878 0.400080 0.436042
0.384988 0.291751 0.323261
0.628514 0.191638 0.179848
0.599934 0.193766 0.206300
0.320444 0.345230 0.334326
0.119424 0.420994 0.459581
0.085998 0.396553 0.517449
0.431055 0.307570 0.261374
0.442795 0.286115 0.271090
0.591446 0.258268 0.150287
0.475833 0.263373 0.260793
0.095568 0.449860 0.454572
0.028559 0.462214 0.509227
0.164274 0.348094 0.487632
0.068194 0.360891 0.570915
0.738773 0.139099 0.122128
0.343141 0.334587 0.322273
0.038715 0.452114 0.509171
0.131880 0.399289 0.468830
0.244100 0.336515 0.419385
0.074366 0.348283 0.577350
0.757141 0.140717 0.102142
0.260695 0.371243 0.368062
0.076866 0.429903 0.493232
0.169323 0.396140 0.434536
0.643559 0.184982 0.171459
0.645685 0.174577 0.179738
0.707307 0.147238 0.145455
0.322855 0.294984 0.382161
0.104562 0.446018 0.449420
0.157788 0.394997 0.447215
0.429022 0.283574 0.287404
0.599292 0.208133 0.192575
0.815303 0.110193 0.074504
0.454621 0.268944 0.276435
0.145987 0.402200 0.451814
0.096138 0.437410 0.466451
0.675203 0.181316 0.143481
0.725733 0.150157 0.124110
0.468856 0.286577 0.244566
0.362593 0.319971 0.317437
0.107849 0.416937 0.475215
0.162536 0.407985 0.429479
0.383555 0.295192 0.321253
0.626992 0.192748 0.180260
0.591357 0.202340 0.206303
0.318604 0.342627 0.338768
0.119824 0.418254 0.461922
0.084771 0.398144 0.517085
0.422944 0.321529 0.255528
0.443662 0.286043 0.270295
0.598053 0.248040 0.153907
0.475677 0.263331 0.260992
0.095124 0.441279 0.463597
0.028509 0.459979 0.511512
0.165105 0.324298 0.510597
0.065152 0.375531 0.559317
0.739723 0.138976 0.121301
0.344518 0.332390 0.323092
0.039031 0.449987 0.510982
0.134151 0.391798 0.474051
0.238663 0.351449 0.409888
0.078140 0.313595 0.608264
0.756608 0.141248 0.102144
0.262004 0.375914 0.362082
0.074756 0.428014 0.497230
0.170807 0.392468 0.436725
0.642022 0.186522 0.171456
0.635067 0.188043 0.176890
0.707470 0.147487 0.145044
0.327014 0.284237 0.388748
0.104099 0.444209 0.451691
0.162157 0.379619 0.458224
0.424716 0.288822 0.286462
0.593322 0.215965 0.190713
0.812467 0.113675 0.073858
0.455788 0.267393 0.276819
0.146693 0.404274 0.449033
0.095065 0.431344 0.473591
0.672836 0.183938 0.143226
0.716156 0.162209 0.121635
0.465663 0.292576 0.241761
0.359286 0.327951 0.312763
0.108190 0.417640 0.474170
0.165144 0.396753 0.438103
0.382760 0.294538 0.322702
0.633228 0.190142 0.176630
0.596761 0.194800 0.208439
0.311955 0.363436 0.324609
0.120182 0.416341 0.463476
0.086105 0.395188 0.518706
0.415382 0.330705 0.253913
0.444387 0.285925 0.269688
0.578772 0.272948 0.148280
0.475305 0.262999 0.261696
0.095075 0.443180 0.461745
0.027784 0.447337 0.524880
0.169540 0.314516 0.515943
0.070006 0.313554 0.616440
0.743997 0.136172 0.119831
0.339192 0.340631 0.320177
0.039105 0.454403 0.506492
0.134448 0.396118 0.469434
0.240285 0.348931 0.410784
0.084766 0.249583 0.665651
0.750147 0.148262 0.101591
0.263608 0.378145 0.358248
0.075887 0.428552 0.495560
0.170179 0.400145 0.429676
0.641821 0.186206 0.171973
0.604964 0.225486 0.169550
0.705915 0.148947 0.145139
0.315019 0.310226 0.374755
0.104342 0.444839 0.450818
0.159205 0.395827 0.444969
0.426966 0.285909 0.287125
0.588681 0.222096 0.189224
0.804760 0.119998 0.075242
0.452147 0.271411 0.276443
0.146614 0.404077 0.449309
0.093346 0.439775 0.466878
0.678807 0.177786 0.143407
0.710288 0.168669 0.121043
0.464132 0.293386 0.242482
0.361540 0.322136 0.316324
0.107763 0.417721 0.474516
0.162657 0.403952 0.433392
0.385173 0.290601 0.324225
0.635426 0.189388 0.175186
0.596538 0.197658 0.205803
0.316598 0.351671 0.331731
0.119815 0.419213 0.460972
0.085270 0.414316 0.500414
0.433796 0.298308 0.267896
0.443718 0.285415 0.270868
0.603636 0.242736 0.153628
0.474782 0.264045 0.261173
0.095392 0.447786 0.456822
0.028521 0.461727 0.509752
0.156018 0.387005 0.456977
0.070236 0.315326 0.614438
0.738859 0.141494 0.119647
0.343446 0.333593 0.322961
0.038770 0.458843 0.502387
0.132431 0.403772 0.463796
0.234315 0.366832 0.398853
0.086981 0.231045 0.681974
0.763512 0.133335 0.103153
0.261950 0.379935 0.358115
0.076536 0.430691 0.492773
0.169291 0.396803 0.433906
0.641671 0.186952 0.171377
0.612868 0.215939 0.171192
0.707940 0.146218 0.145842
0.318896 0.303039 0.378065
0.104228 0.444784 0.450988
0.158511 0.396053 0.445435
0.422991 0.293811 0.283198
0.589334 0.222392 0.188274
0.811089 0.113022 0.075889
0.451510 0.271298 0.277193
0.146419 0.405943 0.447638
0.094489 0.451677 0.453834
0.680641 0.176965 0.142394
0.709297 0.169925 0.120778
0.462133 0.294138 0.243729
0.361629 0.323558 0.314813
0.107220 0.419031 0.473749
0.161681 0.402401 0.435918
0.384940 0.291135 0.323925
0.635899 0.188474 0.175627
0.601125 0.193537 0.205339
0.317673 0.349095 0.333232
0.119456 0.422815 0.457729
0.086116 0.401012 0.512872
0.426670 0.308362 0.264968
0.442669 0.284293 0.273038
0.589997 0.258254 0.151749
0.475394 0.263344 0.261263
0.096107 0.453472 0.450421
0.028595 0.463369 0.508035
0.160261 0.379584 0.460155
0.071722 0.314046 0.614231
0.738856 0.140521 0.120623
0.339499 0.344786 0.315716
0.038278 0.449739 0.511984
0.131995 0.398032 0.469973
0.239198 0.350254 0.410548
0.085965 0.246251 0.667785
0.759886 0.137499 0.102615
0.264647 0.372518 0.362835
0.077152 0.429328 0.493520
0.167265 0.392158 0.440578
0.641963 0.187274 0.170763
0.644178 0.177527 0.178295
0.707935 0.146509 0.145555
0.325926 0.288591 0.385483
0.102635 0.440889 0.456476
0.158279 0.397006 0.444715
0.425165 0.291385 0.283450
0.599572 0.208051 0.192376
0.815413 0.110403 0.074184
0.453317 0.269956 0.276727
0.145634 0.404598 0.449768
0.097361 0.450290 0.452349
0.678871 0.178804 0.142325
0.725899 0.150093 0.124007
0.468068 0.285070 0.246861
0.361544 0.324460 0.313996
0.107506 0.417839 0.474655
0.163949 0.400939 0.435112
0.384687 0.293975 0.321338
0.630498 0.194404 0.175098
0.592949 0.202904 0.204147
0.315712 0.349113 0.335175
0.120053 0.420872 0.459075
0.085840 0.391896 0.522264
0.422642 0.318644 0.258715
0.442348 0.285135 0.272517
0.596301 0.250499 0.153199
0.475770 0.263299 0.260931
0.096564 0.439413 0.464023
0.026826 0.430784 0.542390
0.162788 0.362310 0.474902
0.067733 0.362719 0.569548
0.738883 0.139633 0.121485
0.345026 0.336977 0.317997
0.039078 0.446027 0.514894
0.132004 0.397730 0.470267
0.241308 0.344254 0.414438
0.082308 0.279037 0.638655
0.758515 0.139182 0.102303
0.262560 0.371644 0.365796
0.075525 0.435753 0.488722
0.167516 0.391491 0.440993
0.643672 0.185080 0.171248
0.606190 0.228713 0.165097
0.706707 0.148420 0.144873
0.324079 0.292389 0.383532
0.104217 0.442137 0.453646
0.159195 0.393553 0.447252
0.423739 0.293406 0.282855
0.592876 0.216206 0.190918
0.812016 0.114392 0.073591
0.451072 0.273316 0.275612
0.146059 0.405813 0.448128
0.097633 0.443046 0.459321
0.677488 0.179900 0.142612
0.721469 0.155421 0.123110
0.466171 0.289346 0.244483
0.362644 0.319217 0.318139
0.107490 0.419488 0.473023
0.174994 0.363795 0.461211
0.384502 0.291781 0.323717
0.630270 0.194220 0.175510
0.597179 0.197691 0.205130
0.321146 0.342161 0.336693
0.119012 0.419861 0.461127
0.089059 0.375103 0.535838
0.429917 0.310000 0.260083
0.443974 0.285497 0.270530
0.586057 0.263043 0.150899
0.474484 0.264091 0.261424
0.095324 0.450941 0.453735
0.026457 0.429862 0.543681
0.160198 0.350879 0.488923
0.063369 0.393694 0.542937
0.740080 0.138608 0.121312
0.348997 0.328293 0.322710
0.038246 0.448165 0.513588
0.133850 0.393690 0.472459
0.241319 0.342516 0.416165
0.075226 0.340838 0.583936
0.752665 0.145479 0.101856
0.259587 0.379820 0.360593
0.077174 0.432807 0.490019
0.167369 0.391042 0.441589
0.642756 0.186205 0.171039
0.648583 0.171389 0.180028
0.706825 0.148078 0.145097
0.314806 0.311652 0.373542
0.103968 0.449896 0.446136
0.158175 0.394152 0.447673
0.430451 0.279105 0.290444
0.597950 0.209650 0.192399
0.810407 0.113658 0.075935
0.452164 0.272108 0.275727
0.146746 0.404511 0.448742
0.093956 0.440814 0.465230
0.668941 0.190110 0.140949
0.723700 0.153002 0.123298
0.466157 0.288482 0.245362
0.360722 0.321642 0.317636
0.107933 0.419652 0.472415
0.162761 0.397496 0.439743
0.380930 0.300028 0.319041
0.629931 0.192116 0.177953
0.593854 0.202269 0.203877
0.317963 0.352002 0.330036
0.119085 0.421007 0.459908
0.086533 0.394228 0.519239
0.414174 0.328154 0.257672
0.442446 0.285912 0.271642
0.611412 0.232105 0.156482
0.476101 0.261612 0.262286
0.095975 0.448252 0.455774
0.026823 0.438079 0.535098
0.164154 0.337235 0.498611
0.068960 0.329589 0.601450
0.737004 0.142589 0.120407
0.338840 0.342056 0.319104
0.037534 0.445594 0.516871
0.133345 0.399851 0.466803
0.239367 0.348280 0.412353
0.081367 0.287115 0.631518
0.766473 0.130421 0.103106
0.262188 0.374210 0.363603
0.077799 0.435158 0.487044
0.167208 0.392615 0.440178
0.641766 0.187727 0.170507
0.614155 0.213506 0.172339
0.708164 0.146075 0.145761
0.318235 0.306195 0.375570
0.104485 0.447197 0.448318
0.158707 0.396101 0.445191
0.425596 0.286025 0.288379
0.592786 0.217054 0.190160
0.812307 0.109672 0.078020
0.452666 0.271335 0.275999
0.145871 0.407140 0.446989
0.094853 0.440908 0.464239
0.669560 0.188825 0.141615
0.718239 0.159742 0.122019
0.465216 0.289853 0.244931
0.361424 0.320266 0.318310
0.107182 0.419681 0.473137
0.161635 0.400451 0.437914
0.381539 0.297766 0.320694
0.628937 0.190301 0.180762
0.601220 0.193262 0.205518
0.321371 0.343435 0.335195
0.119226 0.421442 0.459332
0.085058 0.393217 0.521725
0.411272 0.334329 0.254398
0.443738 0.285747 0.270516
0.596792 0.251353 0.151855
0.474172 0.264308 0.261520
0.095888 0.448246 0.455866
0.027289 0.440585 0.532125
0.162040 0.347790 0.490170
0.069161 0.321922 0.608916
0.739569 0.139943 0.120489
0.347379 0.331134 0.321487
0.038135 0.431197 0.530668
0.132362 0.399819 0.467819
0.238138 0.351209 0.410653
0.077413 0.323064 0.599523
0.756964 0.140635 0.102401
0.259191 0.378632 0.362177
0.078082 0.442817 0.479101
0.167017 0.393274 0.439709
0.641185 0.186350 0.172465
0.643293 0.177415 0.179292
0.707898 0.146931 0.145171
0.316737 0.309363 0.373900
0.105760 0.441657 0.452583
0.160519 0.396406 0.443075
0.425076 0.289998 0.284926
0.597754 0.211145 0.191101
0.808498 0.115409 0.076093
0.452105 0.273106 0.274790
0.147586 0.402440 0.449974
0.095840 0.438515 0.465645
0.675584 0.182036 0.142380
0.723306 0.153656 0.123038
0.462380 0.296567 0.241053
0.362131 0.318166 0.319703
0.107753 0.419334 0.472913
0.167621 0.387428 0.444951
0.384328 0.292130 0.323542
0.628105 0.192314 0.179581
0.602168 0.190440 0.207392
0.321431 0.341104 0.337466
0.119547 0.421972 0.458482
0.085304 0.400733 0.513963
0.429747 0.308936 0.261317
0.442537 0.285690 0.271773
0.590195 0.257771 0.152034
0.475068 0.263950 0.260982
0.094394 0.444404 0.461203
0.028170 0.452843 0.518987
0.156600 0.356387 0.487013
0.070026 0.322809 0.607166
0.740110 0.138510 0.121380
0.347883 0.327892 0.324225
0.038181 0.460730 0.501089
0.132741 0.397034 0.470225
0.237683 0.354032 0.408284
0.081186 0.278605 0.640210
0.755637 0.142074 0.102289
0.259575 0.380965 0.359460
0.078386 0.440902 0.480713
0.167193 0.392578 0.440230
0.640197 0.187330 0.172472
0.617906 0.209157 0.172937
0.706579 0.147568 0.145853
0.315602 0.309518 0.374880
0.105022 0.450632 0.444346
0.158963 0.397444 0.443593
0.428742 0.285574 0.285684
0.593985 0.216341 0.189674
0.814721 0.109672 0.075607
0.451602 0.272600 0.275798
0.146119 0.404699 0.449182
0.095469 0.443908 0.460623
0.670013 0.188516 0.141471
0.719437 0.157957 0.122606
0.470749 0.285066 0.244185
0.361480 0.320130 0.318390
0.108330 0.426038 0.465633
0.163135 0.402057 0.434808
0.382231 0.296865 0.320904
0.632955 0.191577 0.175467
0.586303 0.210903 0.202794
0.316165 0.350840 0.332995
0.118837 0.422241 0.458922
0.086260 0.396846 0.516894
0.406630 0.344874 0.248496
0.442918 0.285551 0.271531
0.612099 0.229534 0.158367
0.475780 0.262122 0.262098
0.095206 0.449487 0.455307
0.029008 0.471262 0.499730
0.171335 0.308294 0.520371
0.071343 0.332097 0.596560
0.737446 0.141526 0.121027
0.337927 0.345396 0.316677
0.039586 0.471456 0.488958
0.132730 0.398036 0.469235
0.245830 0.332860 0.421310
0.086309 0.242591 0.671100
0.760196 0.137320 0.102484
0.267009 0.369204 0.363787
0.078395 0.437993 0.483612
0.167124 0.393738 0.439139
0.642020 0.185745 0.172235
0.633907 0.190230 0.175863
0.706319 0.147927 0.145754
0.324204 0.291114 0.384682
0.104303 0.448632 0.447065
0.158619 0.396211 0.445171
0.429260 0.284612 0.286128
0.599741 0.208114 0.192145
0.808303 0.117506 0.074191
0.452681 0.270701 0.276618
0.146054 0.403946 0.450000
0.096617 0.453319 0.450064
0.679773 0.176368 0.143858
0.726896 0.149767 0.123337
0.462939 0.296735 0.240326
0.359261 0.324720 0.316018
0.108323 0.423829 0.467848
0.162083 0.404414 0.433503
0.385805 0.290495 0.323701
0.631682 0.194562 0.173757
0.599942 0.193713 0.206345
0.318127 0.351573 0.330300
0.119417 0.420882 0.459701
0.083974 0.396971 0.519055
0.434201 0.297886 0.267913
0.442671 0.285458 0.271871
0.579283 0.266823 0.153895
0.473590 0.264223 0.262188
0.096079 0.453686 0.450235
0.029459 0.471428 0.499113
0.156996 0.363036 0.479967
0.068456 0.365125 0.566419
0.741273 0.137550 0.121177
0.345733 0.330375 0.323892
0.039278 0.463950 0.496771
0.132757 0.400773 0.466470
0.237616 0.358362 0.404022
0.089180 0.223524 0.687295
0.750309 0.148633 0.101058
0.261046 0.383352 0.355602
0.077070 0.438093 0.484838
0.167414 0.392008 0.440578
0.641870 0.185791 0.172339
0.604940 0.228446 0.166614
0.705988 0.148644 0.145368
0.312086 0.316834 0.371080
0.104779 0.442044 0.453177
0.159795 0.398262 0.441943
0.432023 0.279712 0.288265
0.592539 0.217753 0.189707
0.814096 0.111208 0.074696
0.451047 0.273395 0.275558
0.145698 0.405606 0.448697
0.096189 0.446423 0.457388
0.671262 0.186513 0.142225
0.722103 0.154667 0.123230
0.467186 0.289192 0.243622
0.361416 0.319749 0.318835
0.108152 0.420970 0.470877
0.163607 0.401240 0.435154
0.383362 0.295316 0.321322
0.630783 0.194101 0.175115
0.593585 0.200301 0.206114
0.317896 0.349551 0.332553
0.119041 0.421255 0.459704
0.083237 0.393164 0.523598
0.421196 0.320235 0.258570
0.443407 0.286285 0.270308
0.597523 0.243557 0.158920
0.475279 0.261949 0.262773
0.096198 0.452062 0.451740
0.028641 0.458376 0.512983
0.161510 0.332132 0.506358
0.066252 0.368007 0.565741
0.739388 0.138754 0.121858
0.340320 0.343106 0.316574
0.037803 0.444357 0.517840
0.134097 0.403736 0.462167
0.242107 0.344092 0.413801
0.083709 0.272285 0.644006
0.760015 0.137367 0.102618
0.263609 0.373299 0.363092
0.077492 0.434833 0.487675
0.166641 0.390533 0.442826
0.642066 0.186067 0.171867
0.618399 0.212368 0.169234
0.707717 0.146947 0.145337
0.314656 0.310393 0.374950
0.103340 0.443590 0.453070
0.160164 0.396611 0.443225
0.435719 0.273784 0.290497
0.595305 0.214377 0.190318
0.817395 0.108205 0.074399
0.451608 0.273924 0.274468
0.146503 0.402279 0.451218
0.095127 0.445880 0.458993
0.675867 0.181115 0.143018
0.720202 0.156383 0.123415
0.467213 0.288244 0.244543
0.361684 0.320508 0.317809
0.108224 0.420759 0.471017
0.164213 0.398335 0.437453
0.383131 0.295590 0.321279
0.627436 0.192438 0.180126
0.595877 0.199232 0.204890
0.320662 0.346789 0.332549
0.120845 0.415785 0.463371
0.084781 0.388100 0.527119
0.415546 0.329374 0.255080
0.441902 0.285492 0.272605
0.584279 0.263498 0.152223
0.474442 0.262720 0.262838
0.096248 0.440670 0.463082
0.028706 0.464996 0.506297
0.162890 0.327561 0.509549
0.066225 0.356361 0.577415
0.738605 0.137702 0.123693
0.339378 0.348164 0.312457
0.039123 0.453269 0.507609
0.134548 0.404775 0.460677
0.234388 0.365728 0.399884
0.072931 0.361311 0.565758
0.751946 0.147200 0.100855
0.263719 0.368550 0.367731
0.077087 0.432900 0.490012
0.166369 0.389220 0.444412
0.642450 0.185694 0.171856
0.650472 0.171160 0.178369
0.705710 0.148628 0.145663
0.314933 0.309997 0.375070
0.102807 0.434651 0.462542
0.158899 0.398690 0.442412
0.424300 0.290070 0.285630
0.598963 0.208926 0.192111
0.816768 0.109677 0.073555
0.451002 0.274440 0.274558
0.145593 0.407132 0.447275
0.094977 0.447540 0.457483
0.679314 0.176654 0.144032
0.724451 0.151355 0.124194
0.467980 0.286984 0.245036
0.363070 0.320472 0.316458
0.107661 0.422023 0.470316
0.161427 0.404518 0.434055
0.383360 0.292747 0.323894
0.624576 0.192668 0.182756
0.588371 0.211942 0.199688
0.323319 0.344207 0.332473
0.119644 0.423068 0.457288
0.083618 0.395049 0.521333
0.426068 0.313848 0.260084
0.440372 0.284295 0.275333
0.612289 0.228107 0.159604
0.474795 0.263119 0.262086
0.096088 0.449567 0.454345
0.028935 0.463561 0.507504
0.163893 0.343406 0.492701
0.066109 0.357660 0.576232
0.734855 0.141834 0.123311
0.340249 0.345371 0.314380
0.039241 0.460930 0.499829
0.133848 0.407535 0.458616
0.237572 0.354271 0.408156
0.074411 0.345363 0.580226
0.758338 0.139222 0.102440
0.260170 0.373562 0.366268
0.076116 0.429206 0.494678
0.165954 0.391196 0.442850
0.641132 0.186347 0.172521
0.650832 0.168451 0.180716
0.706738 0.146326 0.146936
0.317191 0.306600 0.376209
0.102340 0.440108 0.457553
0.158705 0.397326 0.443970
0.424978 0.287698 0.287324
0.600093 0.207602 0.192305
0.813478 0.111995 0.074527
0.452155 0.273631 0.274214
0.145555 0.404966 0.449480
0.093883 0.437888 0.468229
0.672757 0.185343 0.141900
0.724168 0.151212 0.124621
0.467201 0.289249 0.243550
0.360881 0.318945 0.320174
0.107882 0.417237 0.474881
0.162358 0.403298 0.434343
0.383246 0.294271 0.322483
0.628248 0.192280 0.179471
0.595827 0.202484 0.201688
0.322984 0.343419 0.333596
0.121053 0.413667 0.465280
0.084390 0.388709 0.526901
0.428848 0.316518 0.254634
0.439497 0.284004 0.276499
0.601202 0.241213 0.157585
0.475983 0.262325 0.261692
0.097920 0.440737 0.461343
0.029028 0.468983 0.501989
0.160447 0.374230 0.465323
0.070944 0.333817 0.595239
0.737460 0.139890 0.122649
0.346944 0.331295 0.321762
0.040552 0.433389 0.526059
0.136499 0.388155 0.475346
0.234154 0.362382 0.403464
0.079283 0.301249 0.619468
0.752735 0.145067 0.102198
0.258073 0.372917 0.369010
0.075965 0.438537 0.485498
0.167131 0.381424 0.451445
0.641345 0.186122 0.172533
0.652015 0.168816 0.179169
0.706549 0.147784 0.145667
0.317479 0.308433 0.374088
0.103690 0.438538 0.457772
0.161750 0.390626 0.447623
0.420781 0.295290 0.283929
0.600357 0.207197 0.192446
0.813623 0.112342 0.074035
0.452171 0.272091 0.275738
0.146030 0.405776 0.448195
0.094790 0.431670 0.473540
0.682500 0.174725 0.142775
0.726004 0.149205 0.124791
0.468860 0.288422 0.242718
0.361136 0.317264 0.321600
0.107527 0.422761 0.469712
0.169025 0.377170 0.453805
0.385004 0.290849 0.324147
0.628799 0.194129 0.177072
0.595960 0.202396 0.201644
0.324819 0.340125 0.335056
0.119328 0.423150 0.457521
0.084919 0.392967 0.522113
0.445153 0.290748 0.264099
0.441178 0.283361 0.275461
0.594689 0.248382 0.156929
0.473553 0.264926 0.261521
0.095981 0.453649 0.450370
0.029674 0.477754 0.492572
0.155162 0.394729 0.450109
0.065419 0.399326 0.535255
0.740343 0.138639 0.121018
0.349923 0.325548 0.324530
0.038454 0.456952 0.504594
0.132250 0.401999 0.465751
0.235075 0.361322 0.403603
0.077269 0.319977 0.602754
0.749734 0.149016 0.101250
0.256857 0.381434 0.361710
0.078449 0.439038 0.482513
0.165832 0.389531 0.444637
0.640886 0.187184 0.171930
0.641719 0.179523 0.178758
0.706219 0.148216 0.145565
0.314037 0.316930 0.369032
0.103748 0.440928 0.455324
0.159871 0.399379 0.440750
0.424138 0.291901 0.283961
0.599355 0.208331 0.192314
0.809607 0.116010 0.074382
0.451205 0.273059 0.275737
0.146436 0.406656 0.446908
0.094331 0.444145 0.461523
0.677425 0.180832 0.141743
0.724950 0.150885 0.124165
0.468356 0.288510 0.243134
0.358954 0.322042 0.319004
0.107620 0.422866 0.469515
0.161741 0.402189 0.436070
0.383033 0.295441 0.321526
0.631200 0.193549 0.175251
0.589047 0.211713 0.199241
0.321919 0.348693 0.329388
0.119310 0.423720 0.456971
0.084703 0.398834 0.516462
0.419971 0.320611 0.259418
0.442123 0.285602 0.272275
0.616497 0.223676 0.159827
0.472623 0.264726 0.262652
0.096181 0.452002 0.451817
0.029555 0.480797 0.489649
0.164093 0.352795 0.483112
0.069681 0.352073 0.578247
0.737950 0.141501 0.120548
0.346786 0.333019 0.320195
0.037605 0.442386 0.520010
0.132663 0.398244 0.469093
0.239050 0.349873 0.411077
0.086562 0.238954 0.674485
0.761356 0.135835 0.102808
0.260721 0.382586 0.356693
0.078103 0.439331 0.482566
0.167787 0.391858 0.440355
0.641786 0.185921 0.172294
0.627593 0.197645 0.174762
0.705538 0.147470 0.146992
0.312974 0.321155 0.365871
0.103251 0.440212 0.456537
0.158274 0.394832 0.446894
0.424050 0.289787 0.286163
0.598629 0.209697 0.191674
0.807419 0.117547 0.075033
0.449861 0.275373 0.274766
0.145856 0.406041 0.448103
0.095280 0.439927 0.464792
0.677144 0.180662 0.142194
0.725105 0.151138 0.123757
0.467830 0.289592 0.242577
0.361463 0.318368 0.320169
0.107240 0.419335 0.473425
0.162503 0.400609 0.436889
0.384353 0.293362 0.322285
0.630833 0.194193 0.174974
0.592418 0.202735 0.204847
0.322729 0.341521 0.335750
0.119558 0.422008 0.458434
0.086147 0.399108 0.514745
0.429515 0.305095 0.265390
0.442371 0.285590 0.272040
0.606524 0.239707 0.153770
0.474843 0.264143 0.261014
0.096101 0.452380 0.451519
0.027557 0.447470 0.524972
0.156931 0.375300 0.467769
0.066951 0.358665 0.574384
0.738966 0.140147 0.120887
0.349212 0.327721 0.323067
0.038649 0.451960 0.509392
0.132484 0.399126 0.468391
0.238902 0.350110 0.410988
0.082473 0.273928 0.643599
0.756332 0.141274 0.102394
0.258747 0.382549 0.358704
0.077702 0.437757 0.484541
0.168157 0.392625 0.439218
0.641983 0.186491 0.171526
0.627697 0.199079 0.173224
0.706030 0.148358 0.145612
0.314257 0.316904 0.368839
0.103796 0.443050 0.453154
0.157017 0.394164 0.448819
0.426031 0.284427 0.289542
0.593443 0.216510 0.190047
0.806598 0.118565 0.074837
0.451324 0.273337 0.275340
0.146011 0.406204 0.447785
0.094614 0.442523 0.462864
0.673936 0.184557 0.141507
0.716458 0.160733 0.122809
0.463148 0.295469 0.241383
0.360919 0.319670 0.319412
0.107472 0.420619 0.471909
0.163535 0.401630 0.434835
0.382263 0.297476 0.320261
0.632801 0.192647 0.174551
0.593210 0.192277 0.214513
0.321502 0.344001 0.334497
0.119372 0.424870 0.455758
0.086452 0.387143 0.526405
0.431559 0.303303 0.265138
0.443420 0.285955 0.270626
0.595416 0.253164 0.151420
0.473985 0.264322 0.261693
0.095272 0.448446 0.456282
0.028228 0.453978 0.517794
0.157182 0.375858 0.466959
0.067467 0.362747 0.569786
0.739925 0.139193 0.120881
0.346062 0.332576 0.321362
0.038808 0.460040 0.501152
0.135331 0.389384 0.475286
0.231643 0.369602 0.398755
0.080118 0.296965 0.622917
0.767340 0.128754 0.103905
0.259331 0.379066 0.361602
0.077133 0.432033 0.490834
0.167915 0.389459 0.442626
0.641393 0.187805 0.170802
0.626244 0.199282 0.174474
0.709715 0.143941 0.146344
0.313143 0.314881 0.371976
0.104697 0.447817 0.447486
0.158342 0.392089 0.449569
0.420704 0.294741 0.284555
0.599184 0.208980 0.191836
0.820611 0.104704 0.074685
0.450945 0.274173 0.274882
0.146156 0.405156 0.448688
0.095290 0.442154 0.462556
0.680952 0.176428 0.142620
0.724123 0.151361 0.124515
0.469718 0.284297 0.245985
0.362064 0.318703 0.319234
0.108152 0.421678 0.470169
0.162862 0.403736 0.433403
0.383195 0.294207 0.322598
0.631759 0.193645 0.174596
0.580910 0.207509 0.211581
0.319692 0.344157 0.336151
0.119621 0.420792 0.459587
0.083566 0.392446 0.523988
0.413635 0.331010 0.255355
0.443608 0.286180 0.270212
0.592481 0.254809 0.152710
0.473786 0.264493 0.261722
0.095527 0.450195 0.454278
0.028399 0.455058 0.516543
0.167050 0.348390 0.484560
0.068032 0.368758 0.563210
0.739415 0.139618 0.120967
0.346721 0.330426 0.322852
0.038214 0.456372 0.505414
0.133692 0.398278 0.468030
0.242157 0.340543 0.417300
0.083869 0.258496 0.657635
0.761577 0.135782 0.102641
0.258734 0.376877 0.364389
0.076917 0.431508 0.491575
0.167626 0.389027 0.443347
0.641620 0.185904 0.172476
0.621628 0.206055 0.172317
0.706774 0.147608 0.145618
0.315131 0.310843 0.374026
0.104561 0.444149 0.451290
0.162997 0.385890 0.451113
0.424051 0.290134 0.285815
0.596900 0.211128 0.191972
0.816294 0.109743 0.073962
0.451600 0.272759 0.275640
0.146366 0.406355 0.447278
0.095675 0.442274 0.462051
0.677481 0.180226 0.142293
0.721506 0.155608 0.122886
0.469732 0.284845 0.245422
0.363763 0.317531 0.318706
0.107912 0.419946 0.472143
0.167235 0.379656 0.453109
0.384033 0.294240 0.321727
0.631042 0.192935 0.176023
0.584589 0.208579 0.206832
0.319067 0.341489 0.339444
0.118974 0.422743 0.458283
0.086267 0.393929 0.519805
0.430760 0.303075 0.266165
0.443741 0.285284 0.270975
0.601429 0.244038 0.154533
0.473240 0.264810 0.261950
0.096028 0.452129 0.451843
0.027718 0.443705 0.528577
0.158874 0.378859 0.462267
0.067364 0.366793 0.565843
0.739723 0.139241 0.121036
0.347761 0.328644 0.323595
0.037780 0.449053 0.513168
0.132982 0.403305 0.463713
0.232929 0.368085 0.398986
0.080132 0.290840 0.629028
0.759753 0.137974 0.102273
0.260511 0.377506 0.361983
0.077684 0.434743 0.487573
0.166598 0.389917 0.443485
0.640353 0.186684 0.172963
0.634146 0.189880 0.175974
0.706373 0.148168 0.145459
0.313610 0.313180 0.373210
0.103753 0.447992 0.448255
0.161096 0.403815 0.435089
0.421848 0.294511 0.283641
0.599167 0.208354 0.192480
0.805779 0.117820 0.076401
0.450982 0.273199 0.275819
0.146394 0.404921 0.448685
0.095260 0.447303 0.457437
0.683344 0.173428 0.143228
0.724212 0.151907 0.123880
0.462868 0.295450 0.241682
0.361791 0.322638 0.315571
0.106572 0.415525 0.477903
0.160700 0.401250 0.438050
0.383233 0.293547 0.323220
0.630181 0.193433 0.176386
0.600542 0.190350 0.209108
0.316827 0.347492 0.335681
0.119190 0.417996 0.462814
0.084814 0.400552 0.514634
0.433858 0.300743 0.265399
0.441803 0.284929 0.273268
0.593887 0.252081 0.154032
0.472881 0.264725 0.262394
0.095604 0.449015 0.455381
0.027988 0.454825 0.517186
0.158164 0.382036 0.459800
0.067197 0.368803 0.564000
0.736938 0.139753 0.123310
0.344247 0.336673 0.319079
0.039529 0.450884 0.509586
0.132844 0.401260 0.465896
0.233881 0.366219 0.399900
0.083530 0.263949 0.652521
0.762127 0.135281 0.102592
0.265453 0.375443 0.359104
0.075922 0.443858 0.480220
0.166965 0.391488 0.441548
0.640830 0.186447 0.172723
0.632735 0.190438 0.176827
0.707882 0.145852 0.146266
0.317914 0.303633 0.378453
0.104260 0.441310 0.454430
0.161694 0.405513 0.432793
0.422261 0.292796 0.284943
0.594643 0.214458 0.190899
0.819036 0.102935 0.078030
0.451354 0.272084 0.276562
0.146756 0.405522 0.447722
0.095056 0.439813 0.465132
0.680610 0.176958 0.142432
0.716129 0.161658 0.122213
0.468220 0.284104 0.247675
0.358059 0.323529 0.318412
0.106988 0.415084 0.477927
0.161446 0.398041 0.440513
0.383839 0.292771 0.323391
0.632216 0.188753 0.179031
0.585609 0.214148 0.200243
0.314032 0.354935 0.331032
0.118927 0.418070 0.463002
0.083108 0.401162 0.515730
0.432819 0.307267 0.259914
0.440367 0.284197 0.275436
0.613458 0.221328 0.165213
0.474199 0.263162 0.262639
0.094684 0.450795 0.454521
0.028212 0.447454 0.524334
0.161602 0.378895 0.459503
0.071320 0.340742 0.587937
0.733471 0.143964 0.122566
0.346600 0.331389 0.322010
0.038997 0.461473 0.499530
0.132554 0.404080 0.463367
0.238760 0.353145 0.408096
0.076365 0.333435 0.590199
0.765838 0.130962 0.103199
0.261275 0.382575 0.356149
0.076818 0.431752 0.491430
0.166278 0.393806 0.439916
0.642016 0.185582 0.172401
0.651352 0.165674 0.182974
0.708204 0.144012 0.147784
0.312716 0.315395 0.371889
0.103035 0.446277 0.450689
0.161558 0.404731 0.433711
0.419233 0.293963 0.286804
0.597682 0.210603 0.191716
0.818867 0.105091 0.076042
0.450302 0.274787 0.274911
0.146897 0.402300 0.450804
0.094631 0.440098 0.465271
0.683318 0.172816 0.143866
0.725460 0.150520 0.124019
0.469797 0.282324 0.247879
0.358850 0.318575 0.322575
0.106946 0.415699 0.477355
0.163861 0.398087 0.438052
0.385527 0.291928 0.322545
0.627040 0.193727 0.179232
0.585809 0.212606 0.201585
0.318037 0.343984 0.337979
0.120368 0.414119 0.465512
0.085548 0.393939 0.520513
0.445314 0.286816 0.267869
0.440450 0.282394 0.277156
0.612684 0.221022 0.166294
0.474115 0.264385 0.261501
0.095368 0.443924 0.460708
0.028208 0.458354 0.513438
0.157647 0.398186 0.444166
0.065777 0.387692 0.546531
0.737752 0.141963 0.120284
0.346035 0.330530 0.323436
0.038532 0.445349 0.516118
0.134359 0.396346 0.469295
0.234738 0.365795 0.399467
0.087676 0.236068 0.676256
0.761565 0.135383 0.103052
0.260960 0.378631 0.360409
0.076728 0.428193 0.495078
0.167045 0.393803 0.439152
0.641546 0.187122 0.171331
0.616390 0.211429 0.172181
0.707069 0.145968 0.146963
0.316688 0.306584 0.376728
0.102755 0.440723 0.456522
0.161499 0.401853 0.436648
0.419649 0.293334 0.287017
0.587286 0.224884 0.187830
0.813334 0.112303 0.074363
0.452563 0.271100 0.276336
0.145400 0.404409 0.450191
0.095093 0.440420 0.464487
0.678570 0.177770 0.143659
0.717688 0.159797 0.122515
0.467432 0.289053 0.243515
0.359696 0.321541 0.318763
0.106774 0.416663 0.476563
0.161108 0.403394 0.435498
0.385044 0.292453 0.322502
0.631194 0.191258 0.177548
0.588005 0.207473 0.204522
0.314143 0.350773 0.335084
0.119856 0.419735 0.460409
0.084067 0.407038 0.508895
0.435525 0.300138 0.264337
0.441403 0.284769 0.273828
0.600526 0.239161 0.160313
0.474479 0.264024 0.261497
0.095293 0.449249 0.455458
0.029373 0.472462 0.498166
0.160001 0.379396 0.460603
0.067222 0.346638 0.586140
0.738896 0.140370 0.120734
0.344188 0.333965 0.321847
0.038919 0.436387 0.524695
0.133350 0.401346 0.465305
0.233527 0.369387 0.397086
0.073639 0.353817 0.572544
0.760839 0.136278 0.102883
0.262096 0.372930 0.364974
0.074849 0.430445 0.494706
0.168093 0.392578 0.439330
0.642003 0.187365 0.170632
0.650379 0.167286 0.182335
0.707978 0.145820 0.146202
0.319761 0.300633 0.379606
0.104396 0.443761 0.451842
0.160222 0.398408 0.441370
0.420188 0.295493 0.284318
0.600065 0.207777 0.192158
0.817233 0.109262 0.073505
0.452222 0.271867 0.275912
0.146348 0.400918 0.452735
0.094494 0.445895 0.459611
0.682150 0.173942 0.143907
0.725504 0.150074 0.124422
0.467126 0.287863 0.245011
0.362218 0.320705 0.317077
0.107777 0.415296 0.476928
0.161346 0.401291 0.437363
0.385924 0.289754 0.324322
0.629993 0.192925 0.177083
0.594949 0.199375 0.205676
0.317950 0.342765 0.339285
0.119792 0.415379 0.464829
0.086817 0.390117 0.523066
0.442683 0.291254 0.266063
0.441404 0.284715 0.273880
0.589965 0.257554 0.152481
0.475080 0.263661 0.261259
0.095911 0.441237 0.462852
0.028968 0.474504 0.496527
0.155256 0.384076 0.460668
0.067240 0.350980 0.581781
0.740620 0.137688 0.121691
0.343357 0.335073 0.321571
0.038258 0.446713 0.515029
0.136897 0.386209 0.476895
0.232926 0.369695 0.397379
0.083932 0.257888 0.658180
0.754338 0.143699 0.101963
0.264933 0.370832 0.364235
0.076385 0.430641 0.492974
0.167623 0.393884 0.438494
