0.185828 0.357570 0.456602
0.387535 0.375487 0.236978
0.517300 0.202751 0.279949
0.296735 0.271638 0.431627
0.281184 0.508426 0.210389
0.322389 0.343227 0.334384
0.108674 0.430285 0.461041
0.518323 0.268319 0.213358
0.554809 0.148096 0.297095
0.502304 0.268803 0.228892
0.204415 0.367770 0.427815
0.844016 0.080027 0.075957
0.585138 0.319243 0.095619
0.778832 0.127150 0.094018
0.273988 0.379203 0.346809
0.376147 0.319209 0.304644
0.503668 0.229319 0.267013
0.047219 0.417558 0.535223
0.240849 0.344468 0.414683
0.460339 0.162630 0.377031
0.310445 0.183697 0.505858
0.724769 0.158266 0.116965
0.400307 0.246984 0.352709
0.165890 0.264796 0.569314
0.691693 0.200409 0.107898
0.147071 0.284223 0.568706
0.685058 0.122277 0.192665
0.164613 0.558201 0.277186
0.067675 0.539812 0.392514
0.064384 0.569476 0.366140
0.628739 0.217447 0.153814
0.736036 0.117825 0.146138
0.451596 0.134291 0.414113
0.639449 0.203627 0.156923
0.123742 0.535105 0.341153
0.548509 0.163553 0.287939
0.087680 0.543241 0.369079
0.023022 0.474328 0.502651
0.276120 0.425354 0.298526
0.482098 0.224076 0.293826
0.279981 0.388985 0.331034
0.296436 0.360489 0.343075
0.147300 0.391986 0.460713
0.332103 0.405788 0.262109
0.438825 0.234827 0.326347
0.337922 0.229608 0.432470
0.368681 0.400673 0.230647
0.175925 0.436285 0.387790
0.116925 0.413336 0.469740
0.539686 0.261327 0.198987
0.535043 0.159000 0.305957
0.526183 0.263509 0.210308
0.193712 0.372274 0.434014
0.862905 0.068252 0.068844
0.476017 0.434030 0.089953
0.795609 0.118022 0.086368
0.282516 0.367064 0.350420
0.388751 0.312858 0.298392
0.584523 0.191158 0.224319
0.055144 0.395431 0.549425
0.227677 0.336332 0.435991
0.466543 0.173310 0.360147
0.345558 0.188200 0.466242
0.744410 0.153449 0.102142
0.396741 0.274276 0.328983
0.169936 0.286798 0.543267
0.529316 0.381435 0.089249
0.154158 0.278888 0.566954
0.696964 0.120174 0.182862
0.120343 0.591153 0.288504
0.077098 0.492897 0.430004
0.073963 0.509648 0.416390
0.565801 0.289537 0.144662
0.731499 0.115457 0.153043
0.444551 0.175001 0.380449
0.619266 0.202301 0.178433
0.159307 0.453952 0.386741
0.456723 0.260705 0.282572
0.097225 0.541894 0.360881
0.020173 0.454478 0.525350
0.341415 0.380744 0.277841
0.452671 0.253408 0.293920
0.287757 0.364811 0.347433
0.321168 0.335502 0.343330
0.120356 0.408787 0.470857
0.317313 0.451348 0.231339
0.438358 0.236942 0.324700
0.316488 0.284882 0.398631
0.340107 0.386516 0.273377
0.267740 0.371581 0.360679
0.113338 0.449476 0.437185
0.541094 0.261612 0.197294
0.518936 0.177739 0.303325
0.526504 0.255060 0.218436
0.206307 0.367967 0.425726
0.833459 0.085435 0.081106
0.737628 0.147352 0.115021
0.783641 0.124714 0.091645
0.285356 0.364741 0.349903
0.358358 0.329832 0.311809
0.434806 0.261466 0.303728
0.044820 0.409493 0.545688
0.226982 0.360949 0.412069
0.484441 0.163902 0.351657
0.313247 0.199111 0.487642
0.742194 0.166329 0.091477
0.426725 0.222221 0.351054
0.151540 0.313638 0.534822
0.639411 0.245159 0.115430
0.148735 0.270102 0.581163
0.672321 0.129256 0.198423
0.122732 0.648374 0.228895
0.063973 0.537810 0.398217
0.050133 0.624799 0.325068
0.660480 0.205745 0.133775
0.785922 0.080150 0.133928
0.449193 0.130873 0.419935
0.604049 0.229786 0.166166
0.156675 0.507950 0.335375
0.521533 0.179649 0.298818
0.073773 0.603574 0.322653
0.025359 0.409506 0.565134
0.300730 0.415202 0.284067
0.480209 0.225387 0.294404
0.254513 0.424617 0.320870
0.278186 0.376848 0.344966
0.177970 0.358453 0.463577
0.128246 0.791218 0.080535
0.462308 0.227189 0.310503
0.313305 0.253839 0.432856
0.262351 0.530123 0.207527
0.220553 0.402296 0.377150
0.112104 0.442215 0.445681
0.410849 0.410823 0.178329
0.558702 0.144890 0.296408
0.502747 0.279915 0.217338
0.213387 0.358458 0.428155
0.877749 0.061434 0.060817
0.712067 0.189343 0.098590
0.753651 0.165876 0.080473
0.285663 0.365940 0.348397
0.414914 0.299519 0.285567
0.405523 0.294907 0.299571
0.064087 0.340886 0.595026
0.243631 0.352103 0.404266
0.448009 0.151641 0.400350
0.317205 0.197002 0.485794
0.705547 0.169282 0.125171
0.434258 0.164341 0.401401
0.179394 0.208278 0.612328
0.715302 0.163696 0.121002
0.185891 0.240050 0.574059
0.621400 0.151411 0.227190
0.153471 0.591140 0.255389
0.066217 0.595471 0.338312
0.058557 0.626111 0.315332
0.542967 0.259944 0.197089
0.714750 0.111920 0.173331
0.443757 0.122223 0.434020
0.542430 0.266461 0.191109
0.111824 0.563791 0.324384
0.528146 0.161503 0.310351
0.098382 0.545996 0.355622
0.027149 0.422641 0.550210
0.340585 0.393065 0.266350
0.493040 0.206322 0.300638
0.281763 0.390929 0.327308
0.307744 0.356177 0.336078
0.166655 0.382268 0.451077
0.171990 0.704141 0.123869
0.505345 0.208378 0.286277
0.336793 0.248994 0.414213
0.282890 0.476356 0.240754
0.306042 0.353768 0.340189
0.107922 0.426250 0.465828
0.484605 0.310408 0.204988
0.589040 0.126982 0.283978
0.541911 0.264685 0.193404
0.202567 0.374263 0.423170
0.849942 0.077036 0.073022
0.560643 0.334169 0.105188
0.799931 0.118382 0.081686
0.301693 0.360897 0.337410
0.382194 0.306628 0.311178
0.446379 0.255417 0.298204
0.061958 0.397419 0.540623
0.262396 0.325572 0.412032
0.430279 0.227451 0.342270
0.314460 0.197581 0.487959
0.774580 0.123420 0.101999
0.421417 0.239194 0.339389
0.160415 0.276425 0.563160
0.632760 0.285950 0.081290
0.171794 0.327504 0.500701
0.707787 0.115506 0.176706
0.184629 0.487722 0.327649
0.071618 0.532751 0.395631
0.055952 0.590811 0.353237
0.519721 0.319613 0.160666
0.745955 0.110587 0.143458
0.448376 0.132242 0.419382
0.670351 0.183815 0.145834
0.113873 0.523258 0.362869
0.473454 0.207765 0.318781
0.073341 0.623405 0.303254
0.021911 0.416976 0.561113
0.304181 0.410698 0.285120
0.501649 0.228259 0.270092
0.273883 0.414117 0.312000
0.320858 0.355420 0.323722
0.144471 0.374685 0.480845
0.235582 0.618840 0.145578
0.462625 0.229338 0.308038
0.340080 0.214699 0.445222
0.344988 0.460503 0.194509
0.226368 0.393239 0.380393
0.100965 0.448430 0.450606
0.471107 0.343456 0.185437
0.591567 0.144634 0.263799
0.611582 0.227079 0.161339
0.194038 0.367470 0.438493
0.852200 0.074799 0.073001
0.721364 0.168330 0.110305
0.799466 0.119874 0.080660
0.262766 0.375824 0.361410
0.348914 0.334410 0.316676
0.579398 0.194521 0.226081
0.050399 0.388792 0.560810
0.207230 0.369085 0.423686
0.381518 0.255723 0.362759
0.343370 0.203289 0.453341
0.639179 0.235487 0.125334
0.439447 0.213839 0.346714
0.181909 0.201041 0.617050
0.679970 0.198010 0.122020
0.154217 0.339377 0.506406
0.647287 0.141830 0.210884
0.101031 0.635619 0.263350
0.060818 0.560900 0.378282
0.046018 0.619594 0.334389
0.663145 0.199773 0.137082
0.757312 0.105954 0.136734
0.475887 0.125148 0.398964
0.629912 0.203679 0.166409
0.143645 0.525171 0.331185
0.536013 0.159744 0.304243
0.099162 0.582416 0.318422
0.027463 0.432012 0.540525
0.314052 0.404788 0.281160
0.486093 0.236505 0.277402
0.255414 0.422746 0.321840
0.295315 0.361237 0.343448
0.195816 0.346824 0.457360
0.199236 0.645427 0.155337
0.440861 0.235328 0.323812
0.325797 0.256360 0.417842
0.289045 0.508376 0.202579
0.255708 0.390844 0.353448
0.122139 0.394016 0.483845
0.461050 0.364470 0.174480
0.553757 0.154095 0.292148
0.491075 0.276515 0.232410
0.191572 0.368785 0.439643
0.857845 0.072199 0.069955
0.542857 0.370178 0.086964
0.767259 0.146850 0.085891
0.300298 0.354838 0.344865
0.347339 0.331624 0.321037
0.532929 0.215565 0.251507
0.046441 0.402894 0.550664
0.237781 0.337779 0.424440
0.481809 0.168128 0.350063
0.296296 0.224069 0.479635
0.750452 0.154022 0.095527
0.424277 0.204852 0.370871
0.166721 0.325023 0.508255
0.549114 0.343566 0.107319
0.159870 0.343557 0.496572
0.712641 0.115778 0.171581
0.120880 0.617347 0.261773
0.065293 0.574711 0.359996
0.060250 0.514515 0.425235
0.546173 0.291302 0.162525
0.717495 0.129596 0.152909
0.454001 0.144151 0.401848
0.557699 0.257844 0.184457
0.124887 0.558462 0.316651
0.516574 0.223437 0.259989
0.082616 0.588683 0.328701
0.022625 0.475512 0.501863
0.346933 0.382207 0.270860
0.495923 0.197717 0.306360
0.362062 0.343114 0.294825
0.283560 0.364197 0.352243
0.178197 0.360336 0.461468
0.305853 0.467630 0.226517
0.476087 0.220655 0.303258
0.335270 0.237614 0.427116
0.345379 0.400422 0.254199
0.325868 0.342987 0.331145
0.099723 0.448801 0.451476
0.511521 0.291283 0.197196
0.543999 0.160608 0.295394
0.522624 0.262863 0.214513
0.209506 0.370584 0.419910
0.879850 0.060504 0.059646
0.706326 0.192857 0.100816
0.765727 0.148174 0.086099
0.279599 0.367309 0.353092
0.388864 0.309019 0.302117
0.454350 0.253474 0.292176
0.049284 0.374904 0.575812
0.238488 0.350624 0.410888
0.503344 0.115725 0.380931
0.324917 0.210147 0.464936
0.773715 0.124492 0.101793
0.376481 0.287397 0.336123
0.174561 0.240293 0.585147
0.626319 0.248973 0.124708
0.188301 0.212515 0.599183
0.668454 0.131712 0.199834
0.149437 0.489486 0.361076
0.066426 0.536396 0.397178
0.046963 0.629421 0.323616
0.612651 0.225228 0.162121
0.768758 0.086471 0.144772
0.494006 0.119093 0.386900
0.654996 0.193667 0.151337
0.133342 0.527098 0.339561
0.575704 0.157063 0.267233
0.093479 0.543790 0.362731
0.022198 0.426972 0.550829
0.300555 0.416242 0.283203
0.485870 0.213815 0.300315
0.267131 0.396788 0.336081
0.320233 0.353157 0.326610
0.150369 0.383687 0.465944
0.180122 0.681747 0.138131
0.437019 0.238164 0.324817
0.316873 0.221403 0.461724
0.308991 0.461966 0.229043
0.176762 0.445976 0.377263
0.113441 0.425205 0.461354
0.486441 0.326658 0.186902
0.542786 0.149890 0.307323
0.488453 0.307369 0.204178
0.195268 0.367976 0.436757
0.881090 0.058487 0.060423
0.669539 0.241258 0.089203
0.767404 0.144936 0.087660
0.259491 0.376465 0.364044
0.386275 0.309639 0.304086
0.482382 0.241844 0.275774
0.054962 0.336629 0.608409
0.201888 0.350200 0.447912
0.488325 0.151239 0.360436
0.356993 0.202529 0.440478
0.726655 0.174410 0.098934
0.392516 0.277600 0.329884
0.191359 0.214488 0.594153
0.586559 0.311223 0.102218
0.157465 0.233800 0.608734
0.699199 0.120584 0.180217
0.119588 0.642473 0.237939
0.075559 0.516262 0.408180
0.061415 0.571601 0.366984
0.620266 0.224938 0.154796
0.747288 0.095345 0.157367
0.457974 0.130252 0.411775
0.591386 0.235511 0.173103
0.154563 0.483296 0.362140
0.469511 0.237889 0.292600
0.098474 0.528784 0.372742
0.019650 0.425742 0.554608
0.351236 0.384645 0.264119
0.495238 0.228617 0.276145
0.303619 0.375761 0.320620
0.319732 0.346120 0.334149
0.142650 0.389185 0.468166
0.256457 0.578415 0.165127
0.470124 0.223631 0.306245
0.308809 0.258996 0.432195
0.270409 0.533140 0.196451
0.198037 0.407817 0.394145
0.109599 0.429734 0.460668
0.556597 0.251712 0.191690
0.544644 0.162017 0.293340
0.496502 0.281312 0.222186
0.194646 0.371974 0.433380
0.882188 0.059072 0.058740
0.544752 0.363327 0.091921
0.806372 0.104151 0.089476
0.291134 0.359680 0.349186
0.374706 0.322380 0.302914
0.473062 0.241755 0.285183
0.047690 0.417181 0.535129
0.231563 0.327254 0.441184
0.405514 0.278548 0.315938
0.384087 0.197175 0.418737
0.737702 0.164458 0.097840
0.437034 0.220927 0.342038
0.157551 0.294793 0.547656
0.516961 0.398410 0.084629
0.131359 0.387003 0.481638
0.676281 0.129995 0.193724
0.110877 0.651771 0.237352
0.082085 0.545359 0.372556
0.058572 0.594794 0.346635
0.594564 0.271451 0.133985
0.742238 0.112281 0.145481
0.444925 0.145832 0.409243
0.555522 0.258514 0.185964
0.121970 0.541855 0.336175
0.445507 0.232110 0.322383
0.086324 0.567427 0.346248
0.025482 0.419472 0.555046
0.322496 0.403619 0.273885
0.481113 0.206130 0.312757
0.241211 0.453910 0.304880
0.278979 0.375024 0.345996
0.133537 0.403966 0.462497
0.130332 0.770283 0.099385
0.449629 0.231721 0.318650
0.410021 0.176793 0.413185
0.236810 0.590737 0.172453
0.268957 0.382678 0.348365
0.095454 0.457278 0.447268
0.441332 0.389986 0.168683
0.568812 0.131499 0.299689
0.424364 0.349772 0.225864
0.195050 0.369609 0.435340
0.865185 0.067469 0.067346
0.714133 0.180838 0.105029
0.748132 0.165108 0.086761
0.265291 0.386095 0.348614
0.351546 0.326720 0.321735
0.482952 0.260692 0.256357
0.055151 0.334329 0.610520
0.201844 0.359556 0.438599
0.442883 0.152140 0.404977
0.370843 0.167415 0.461742
0.669450 0.210610 0.119940
0.482862 0.149321 0.367817
0.183812 0.206604 0.609584
0.546081 0.354836 0.099083
0.157879 0.279285 0.562837
0.633821 0.145302 0.220877
0.176780 0.546166 0.277054
0.044871 0.611501 0.343628
0.063657 0.569762 0.366581
0.569729 0.288129 0.142143
0.772758 0.092371 0.134871
0.436043 0.124265 0.439692
0.607190 0.223047 0.169763
0.124468 0.539462 0.336071
0.539658 0.198944 0.261398
0.070354 0.667898 0.261748
0.028868 0.434459 0.536673
0.364448 0.376129 0.259424
0.478721 0.225792 0.295486
0.312497 0.367777 0.319726
0.315737 0.351017 0.333246
0.165925 0.355808 0.478267
0.175596 0.698518 0.125886
0.499233 0.209680 0.291087
0.301617 0.267022 0.431362
0.348124 0.391002 0.260874
0.255654 0.377862 0.366484
0.115188 0.415923 0.468890
0.468898 0.349034 0.182068
0.563683 0.140606 0.295711
0.554781 0.252605 0.192615
0.204364 0.380115 0.415521
0.839250 0.082533 0.078217
0.528892 0.388356 0.082753
0.788555 0.138317 0.073128
0.261228 0.382662 0.356111
0.377126 0.322758 0.300116
0.459155 0.251427 0.289418
0.047099 0.423244 0.529657
0.234198 0.339160 0.426642
0.470914 0.161285 0.367801
0.320166 0.190366 0.489467
0.748992 0.148650 0.102358
0.440324 0.221597 0.338079
0.176697 0.273195 0.550108
0.703630 0.191910 0.104460
0.184608 0.269003 0.546389
0.661380 0.133827 0.204793
0.135402 0.580509 0.284090
0.060594 0.533128 0.406279
0.056632 0.607955 0.335413
0.620575 0.217062 0.162362
0.732226 0.124914 0.142859
0.423491 0.180872 0.395637
0.632816 0.213969 0.153214
0.155245 0.483526 0.361229
0.562407 0.151824 0.285770
0.095955 0.511667 0.392378
0.021405 0.488298 0.490297
0.327441 0.379991 0.292568
0.515239 0.204066 0.280695
0.305199 0.378371 0.316430
0.295199 0.362927 0.341875
0.135987 0.421516 0.442497
0.368223 0.360295 0.271483
0.473886 0.229447 0.296667
0.336556 0.225619 0.437826
0.374234 0.375086 0.250680
0.196936 0.447499 0.355565
0.108651 0.449663 0.441686
0.511990 0.267043 0.220967
0.527732 0.198201 0.274067
0.498956 0.286291 0.214753
0.200533 0.383536 0.415931
0.885036 0.057066 0.057899
0.615939 0.261335 0.122726
0.783539 0.124487 0.091974
0.260284 0.379311 0.360405
0.339780 0.345476 0.314744
0.499099 0.233531 0.267370
0.063360 0.314616 0.622025
0.218724 0.353479 0.427798
0.436428 0.143839 0.419733
0.320071 0.207429 0.472499
0.711116 0.167992 0.120892
0.411684 0.265221 0.323095
0.197119 0.175991 0.626890
0.584358 0.310438 0.105203
0.155612 0.221070 0.623317
0.695101 0.122779 0.182120
0.170812 0.509857 0.319331
0.065168 0.498630 0.436202
0.052592 0.625853 0.321555
0.585645 0.258177 0.156178
0.761789 0.090208 0.148004
0.444039 0.143567 0.412393
0.659795 0.178138 0.162067
0.163072 0.461897 0.375031
0.536856 0.169954 0.293190
0.083143 0.571658 0.345199
0.026332 0.421685 0.551983
0.303153 0.409758 0.287089
0.477097 0.251645 0.271258
0.294682 0.361173 0.344144
0.265338 0.386569 0.348094
0.131801 0.391309 0.476890
0.204133 0.663196 0.132671
0.454791 0.247111 0.298099
0.325953 0.305402 0.368645
0.385254 0.350728 0.264018
0.293184 0.359837 0.346979
0.107309 0.448547 0.444144
0.515561 0.274300 0.210139
0.518805 0.216519 0.264676
0.532144 0.243053 0.224802
0.211217 0.379451 0.409332
0.841286 0.079937 0.078776
0.710836 0.170305 0.118859
0.821609 0.100707 0.077684
0.290908 0.360039 0.349053
0.388337 0.307932 0.303732
0.527379 0.220452 0.252169
0.054390 0.367088 0.578522
0.267634 0.334175 0.398191
0.354925 0.281118 0.363957
0.312588 0.270776 0.416636
0.732228 0.148934 0.118838
0.376150 0.281489 0.342361
0.163412 0.271681 0.564907
0.631134 0.252359 0.116507
0.156319 0.365953 0.477727
0.639527 0.154036 0.206437
0.156297 0.499702 0.344001
0.085567 0.532984 0.381449
0.065936 0.571867 0.362197
0.582616 0.253241 0.164143
0.715371 0.125154 0.159475
0.459518 0.138234 0.402248
0.580902 0.226987 0.192112
0.128417 0.537394 0.334189
0.466273 0.215167 0.318560
0.091301 0.589606 0.319093
0.026355 0.420373 0.553273
0.328645 0.391534 0.279821
0.486892 0.233456 0.279652
0.267454 0.419453 0.313093
0.291313 0.368599 0.340087
0.154274 0.364051 0.481675
0.161817 0.709774 0.128408
0.475527 0.222250 0.302222
0.346771 0.245990 0.407239
0.247074 0.561290 0.191636
0.269433 0.371630 0.358937
0.109008 0.440953 0.450039
0.432557 0.382732 0.184710
0.564707 0.172311 0.262981
0.533203 0.256443 0.210354
0.196012 0.363688 0.440300
0.883402 0.059028 0.057570
0.686518 0.226020 0.087462
0.765239 0.157961 0.076800
0.294983 0.358281 0.346735
0.356152 0.317097 0.326751
0.441073 0.260326 0.298601
0.061119 0.361317 0.577565
0.221995 0.353653 0.424352
0.452455 0.129248 0.418297
0.320012 0.272015 0.407973
0.721540 0.146878 0.131582
0.416156 0.237041 0.346803
0.173195 0.280846 0.545959
0.637954 0.242599 0.119447
0.164200 0.216838 0.618962
0.637168 0.163443 0.199388
0.228682 0.408146 0.363172
0.065103 0.536574 0.398322
0.060294 0.545292 0.394414
0.607272 0.227958 0.164770
0.767201 0.086633 0.146166
0.397704 0.255692 0.346604
0.651095 0.179378 0.169527
0.127782 0.510910 0.361308
0.500898 0.215666 0.283436
0.097630 0.510188 0.392182
0.023470 0.408461 0.568069
0.362039 0.348866 0.289095
0.455972 0.271716 0.272312
0.328460 0.368393 0.303148
0.276930 0.373641 0.349429
0.156828 0.406271 0.436901
0.126516 0.796151 0.077334
0.523584 0.209789 0.266627
0.288054 0.331937 0.380010
0.336817 0.403445 0.259738
0.246713 0.387926 0.365362
0.102891 0.446317 0.450791
0.381666 0.433186 0.185147
0.538598 0.191082 0.270320
0.548159 0.233696 0.218145
0.199547 0.378557 0.421896
0.863768 0.067461 0.068771
0.750388 0.160634 0.088978
0.769260 0.150834 0.079905
0.298787 0.357140 0.344072
0.404104 0.292305 0.303591
0.556826 0.206276 0.236898
0.056466 0.317495 0.626039
0.245111 0.340956 0.413933
0.438037 0.178574 0.383389
0.318829 0.227213 0.453958
0.716340 0.147423 0.136237
0.363072 0.296283 0.340645
0.162706 0.216464 0.620831
0.582381 0.302590 0.115028
0.182242 0.261143 0.556615
0.697080 0.122743 0.180177
0.167429 0.439998 0.392573
0.072470 0.502839 0.424691
0.048553 0.603992 0.347455
0.569609 0.265819 0.164572
0.759606 0.101303 0.139091
0.451234 0.197288 0.351478
0.680564 0.169650 0.149786
0.147176 0.463309 0.389515
0.526252 0.185666 0.288083
0.087892 0.554673 0.357435
0.023752 0.449840 0.526409
0.338787 0.365670 0.295543
0.466698 0.250565 0.282737
0.347187 0.335671 0.317142
0.289273 0.370372 0.340355
0.156203 0.380037 0.463760
0.360003 0.394175 0.245821
0.485221 0.229927 0.284852
0.329855 0.291796 0.378349
0.400593 0.352771 0.246637
0.305781 0.360302 0.333918
0.106344 0.432841 0.460815
0.505945 0.262615 0.231440
0.530052 0.197724 0.272224
0.525416 0.252093 0.222491
0.219238 0.368516 0.412247
0.833529 0.084413 0.082058
0.702750 0.200602 0.096648
0.822283 0.094774 0.082943
0.265781 0.372389 0.361829
0.386223 0.309587 0.304190
0.533971 0.216668 0.249361
0.053222 0.420899 0.525879
0.252879 0.340111 0.407010
0.412646 0.273825 0.313529
0.316041 0.235371 0.448588
0.727498 0.147480 0.125022
0.464651 0.218033 0.317316
0.160674 0.369240 0.470086
0.686055 0.215087 0.098859
0.140032 0.375336 0.484631
0.695376 0.121919 0.182705
0.178689 0.480310 0.341002
0.092997 0.498897 0.408106
0.062514 0.506257 0.431229
0.638751 0.208822 0.152427
0.759012 0.100401 0.140587
0.442912 0.133881 0.423207
0.661915 0.191155 0.146931
0.146346 0.485086 0.368567
0.521172 0.223403 0.255425
0.094975 0.531337 0.373688
0.026847 0.410040 0.563113
0.308813 0.408747 0.282439
0.468060 0.228258 0.303682
0.296998 0.374413 0.328589
0.306580 0.354841 0.338580
0.155836 0.377147 0.467017
0.233005 0.611208 0.155787
0.516386 0.203222 0.280392
0.306148 0.293576 0.400276
0.373746 0.361479 0.264775
0.273852 0.373937 0.352211
0.108566 0.451294 0.440140
0.412088 0.391782 0.196130
0.596686 0.122992 0.280323
0.539013 0.252356 0.208631
0.204685 0.379787 0.415528
0.842191 0.077492 0.080317
0.702370 0.189585 0.108045
0.759918 0.150680 0.089402
0.272885 0.378322 0.348793
0.400927 0.299779 0.299294
0.637418 0.166882 0.195700
0.057829 0.365889 0.576282
0.237099 0.348147 0.414754
0.447540 0.195283 0.357177
0.307668 0.197775 0.494557
0.766585 0.129778 0.103637
0.353935 0.305532 0.340533
0.172304 0.283025 0.544671
0.643859 0.258747 0.097394
0.168591 0.288030 0.543379
0.691139 0.121737 0.187124
0.142053 0.550518 0.307429
0.087620 0.492132 0.420248
0.053961 0.552251 0.393788
0.611792 0.231776 0.156432
0.746816 0.098497 0.154686
0.482187 0.124408 0.393405
0.623498 0.219087 0.157415
0.164094 0.472545 0.363361
0.408068 0.280364 0.311568
0.089031 0.564143 0.346826
0.026367 0.398393 0.575240
0.303400 0.409472 0.287129
0.477959 0.210695 0.311346
0.285205 0.379969 0.334825
0.310099 0.344668 0.345233
0.179684 0.396106 0.424210
0.156137 0.732793 0.111070
0.461008 0.227156 0.311836
0.332002 0.234687 0.433312
0.368512 0.358334 0.273154
0.200732 0.405866 0.393402
0.112977 0.447843 0.439180
0.451234 0.356031 0.192735
0.535714 0.151477 0.312809
0.486237 0.290406 0.223357
0.201128 0.370675 0.428197
0.843047 0.079255 0.077698
0.756815 0.133846 0.109339
0.782934 0.130935 0.086131
0.304363 0.355690 0.339947
0.411198 0.303794 0.285008
0.566769 0.200494 0.232737
0.060280 0.402297 0.537423
0.234411 0.361232 0.404357
0.441067 0.217848 0.341085
0.296869 0.246369 0.456762
0.731869 0.153040 0.115091
0.402390 0.265989 0.331621
0.185156 0.277763 0.537081
0.651445 0.219560 0.128995
0.127294 0.380677 0.492029
0.707498 0.125024 0.167478
0.213700 0.479094 0.307207
0.070381 0.502839 0.426780
0.054410 0.573773 0.371817
0.615078 0.226974 0.157948
0.762082 0.113016 0.124902
0.417846 0.213964 0.368190
0.648026 0.196279 0.155696
0.147207 0.480310 0.372483
0.517553 0.202324 0.280123
0.116131 0.469214 0.414655
0.022265 0.475814 0.501921
0.348397 0.369638 0.281965
0.477914 0.225947 0.296139
0.300727 0.345577 0.353696
0.299650 0.362086 0.338264
0.157749 0.414907 0.427344
0.327483 0.414032 0.258486
0.498185 0.212420 0.289394
0.292418 0.294572 0.413010
0.391153 0.322458 0.286389
0.239653 0.388645 0.371702
0.109362 0.455800 0.434838
0.566336 0.234380 0.199284
0.526155 0.163006 0.310839
0.532519 0.252668 0.214813
0.200052 0.390208 0.409741
0.889341 0.055045 0.055615
0.736896 0.140918 0.122186
0.813570 0.098866 0.087564
0.277915 0.369192 0.352893
0.384958 0.313028 0.302014
0.495171 0.238000 0.266830
0.052574 0.366230 0.581196
0.240134 0.362053 0.397814
0.421645 0.263276 0.315079
0.317193 0.198466 0.484341
0.768562 0.137597 0.093841
0.364296 0.296927 0.338777
0.175362 0.270022 0.554616
0.666757 0.174955 0.158288
0.160647 0.384082 0.455271
0.717276 0.111468 0.171256
0.143880 0.523526 0.332595
0.081974 0.522364 0.395662
0.053763 0.581526 0.364711
0.585220 0.223403 0.191378
0.714664 0.134765 0.150571
0.472651 0.124707 0.402642
0.615829 0.219284 0.164887
0.108226 0.566707 0.325067
0.447339 0.232352 0.320309
0.109822 0.484671 0.405507
0.027378 0.463323 0.509299
0.323441 0.400671 0.275888
0.480323 0.216164 0.303512
0.247708 0.431047 0.321245
0.306192 0.353471 0.340337
0.151107 0.411053 0.437839
0.217090 0.586923 0.195987
0.488694 0.215309 0.295997
0.301005 0.257024 0.441971
0.330748 0.435689 0.233564
0.246213 0.383272 0.370514
0.113233 0.452681 0.434086
0.506200 0.269155 0.224645
0.560085 0.135648 0.304268
0.507978 0.273408 0.218614
0.199340 0.373049 0.427611
0.836901 0.083128 0.079971
0.711325 0.156841 0.131833
0.815103 0.101766 0.083131
0.259763 0.384012 0.356224
0.349013 0.322828 0.328159
0.429342 0.261933 0.308724
0.057454 0.426728 0.515818
0.221495 0.368431 0.410073
0.383235 0.277597 0.339168
0.372535 0.180184 0.447282
0.748402 0.140503 0.111095
0.415305 0.224114 0.360581
0.159627 0.332939 0.507434
0.745640 0.130949 0.123411
0.129341 0.400350 0.470310
0.716221 0.112743 0.171037
0.192184 0.506285 0.301532
0.069903 0.527506 0.402591
0.063687 0.553864 0.382449
0.635122 0.193849 0.171029
0.715197 0.133254 0.151549
0.419173 0.140246 0.440580
0.585667 0.237625 0.176707
0.123868 0.528680 0.347452
0.432417 0.234477 0.333106
0.097707 0.482008 0.420285
0.027652 0.470714 0.501634
0.345569 0.386595 0.267837
0.507948 0.200494 0.291558
0.268933 0.416319 0.314748
0.306083 0.362463 0.331453
0.172539 0.398366 0.429095
0.377190 0.345986 0.276824
0.446196 0.233006 0.320797
0.335432 0.196421 0.468147
0.258228 0.532415 0.209357
0.175796 0.428598 0.395607
0.108622 0.439937 0.451441
0.553959 0.234546 0.211495
0.554791 0.145961 0.299248
0.559274 0.273925 0.166800
0.230084 0.353474 0.416442
0.843280 0.078033 0.078687
0.575875 0.335057 0.089068
0.810804 0.103334 0.085862
0.286914 0.362378 0.350708
0.426594 0.289708 0.283698
0.562092 0.212065 0.225843
0.054752 0.421331 0.523917
0.224514 0.344248 0.431238
0.391244 0.266446 0.342310
0.343843 0.206498 0.449659
0.657143 0.218758 0.124099
0.474929 0.167039 0.358031
0.139175 0.361511 0.499313
0.590329 0.309101 0.100570
0.203361 0.322358 0.474282
0.680223 0.128821 0.190956
0.099131 0.656072 0.244798
0.054712 0.596946 0.348342
0.059363 0.500204 0.440433
0.630651 0.224485 0.144864
0.749126 0.105570 0.145304
0.491161 0.134190 0.374649
0.612754 0.224292 0.162954
0.106595 0.570902 0.322503
0.413542 0.280804 0.305654
0.083551 0.569083 0.347367
0.018264 0.469292 0.512445
0.357298 0.381110 0.261593
0.492928 0.199431 0.307641
0.271118 0.401454 0.327428
0.303681 0.352857 0.343462
0.134937 0.399990 0.465074
0.368796 0.381160 0.250044
0.516868 0.204736 0.278396
0.342947 0.212726 0.444327
0.311686 0.460536 0.227778
0.300597 0.360158 0.339245
0.108990 0.449193 0.441817
0.526373 0.273221 0.200406
0.562566 0.150433 0.287001
0.508096 0.294883 0.197022
0.191897 0.373412 0.434690
0.856828 0.070621 0.072551
0.734223 0.147495 0.118282
0.792434 0.121341 0.086225
0.267146 0.373783 0.359071
0.334397 0.339661 0.325942
0.480559 0.242762 0.276680
0.066840 0.282880 0.650280
0.219716 0.372539 0.407745
0.425622 0.214616 0.359762
0.344745 0.204924 0.450330
0.694453 0.186887 0.118660
0.423563 0.260980 0.315456
0.178344 0.242119 0.579536
0.747396 0.129404 0.123200
0.150071 0.268373 0.581556
0.684840 0.126202 0.188958
0.111169 0.623598 0.265233
0.066456 0.509736 0.423808
0.069161 0.524343 0.406496
0.644877 0.186709 0.168414
0.786091 0.084006 0.129903
0.474703 0.124007 0.401290
0.603489 0.230543 0.165968
0.132734 0.465874 0.401392
0.448819 0.256334 0.294848
0.104265 0.465986 0.429749
0.027370 0.465605 0.507025
0.299538 0.408134 0.292328
0.501547 0.204970 0.293483
0.293610 0.350811 0.355579
0.312155 0.346743 0.341102
0.163213 0.416195 0.420592
0.388748 0.398905 0.212347
0.453162 0.231683 0.315155
0.342285 0.219665 0.438049
0.378377 0.359987 0.261636
0.293819 0.358017 0.348163
0.103783 0.454531 0.441686
0.479000 0.317883 0.203117
0.530724 0.163373 0.305902
0.484687 0.301520 0.213793
0.211231 0.374515 0.414255
0.872599 0.065595 0.061806
0.778152 0.119288 0.102560
0.795487 0.118986 0.085526
0.272333 0.372950 0.354717
0.394514 0.311195 0.294291
0.558817 0.204367 0.236816
0.054887 0.416364 0.528749
0.275345 0.345463 0.379192
0.454267 0.188573 0.357160
0.320751 0.203434 0.475815
0.745771 0.150410 0.103819
0.413824 0.208417 0.377759
0.175165 0.305049 0.519786
0.725089 0.153709 0.121202
0.185709 0.265623 0.548668
0.641973 0.140649 0.217378
0.116840 0.614908 0.268252
0.065651 0.597372 0.336978
0.067739 0.535182 0.397079
0.653847 0.194330 0.151822
0.719666 0.110165 0.170169
0.473073 0.148218 0.378709
0.627038 0.216414 0.156548
0.129007 0.543607 0.327386
0.446251 0.251848 0.301901
0.096371 0.481420 0.422210
0.023878 0.430696 0.545426
0.321194 0.393570 0.285236
0.495198 0.199796 0.305006
0.239475 0.410849 0.349676
0.318291 0.345941 0.335768
0.165512 0.389627 0.444860
0.146675 0.718672 0.134653
0.494114 0.212568 0.293317
0.319604 0.233592 0.446804
0.362591 0.387363 0.250046
0.228109 0.391303 0.380589
0.105727 0.457372 0.436902
0.453577 0.355324 0.191100
0.523945 0.170611 0.305444
0.464684 0.319490 0.215827
0.192850 0.386778 0.420372
0.873309 0.065125 0.061566
0.752855 0.132462 0.114683
0.748089 0.164257 0.087654
0.281525 0.366302 0.352173
0.415342 0.300619 0.284039
0.488874 0.244407 0.266719
0.058056 0.406088 0.535857
0.233783 0.365133 0.401084
0.441218 0.138487 0.420295
0.301135 0.220484 0.478381
0.757073 0.149748 0.093180
0.393772 0.291314 0.314914
0.182171 0.245415 0.572414
0.768413 0.118317 0.113270
0.157525 0.264584 0.577891
0.688250 0.125750 0.186000
0.169531 0.585741 0.244728
0.089811 0.476235 0.433954
0.056525 0.609513 0.333962
0.589189 0.218026 0.192785
0.735318 0.106377 0.158305
0.406901 0.178316 0.414784
0.555410 0.258969 0.185620
0.162752 0.439177 0.398071
0.478057 0.179026 0.342917
0.110759 0.455823 0.433418
0.029553 0.408756 0.561691
0.358291 0.367720 0.273989
0.484414 0.221763 0.293823
0.357408 0.321801 0.320791
0.302483 0.359947 0.337571
0.197487 0.403619 0.398894
0.265206 0.549445 0.185349
0.428519 0.241782 0.329698
0.307534 0.275096 0.417369
0.389100 0.329277 0.281624
0.334169 0.337984 0.327847
0.109101 0.452052 0.438847
0.515467 0.290442 0.194090
0.564707 0.163308 0.271985
0.561710 0.240407 0.197883
0.203808 0.384726 0.411466
0.823910 0.090699 0.085391
0.748965 0.142014 0.109021
0.824525 0.097953 0.077522
0.250025 0.383355 0.366621
0.394204 0.310119 0.295677
0.446444 0.257279 0.296277
0.045404 0.444734 0.509862
0.247535 0.346762 0.405703
0.347618 0.294459 0.357922
0.310318 0.211695 0.477987
0.685458 0.183294 0.131247
0.402142 0.259582 0.338275
0.137599 0.372401 0.490000
0.624074 0.261893 0.114033
0.160613 0.361251 0.478135
0.672460 0.129941 0.197599
0.126488 0.593270 0.280242
0.079312 0.541548 0.379140
0.078416 0.517039 0.404546
0.525528 0.304090 0.170382
0.726492 0.116848 0.156660
0.460520 0.142803 0.396677
0.535621 0.269917 0.194461
0.117216 0.582238 0.300546
0.446258 0.240001 0.313741
0.086457 0.556650 0.356893
0.023129 0.480580 0.496291
0.327984 0.396154 0.275862
0.483379 0.204585 0.312037
0.385686 0.349515 0.264799
0.269094 0.381676 0.349231
0.153235 0.412130 0.434635
0.371322 0.388979 0.239698
0.473886 0.222642 0.303472
0.328799 0.222141 0.449060
0.276044 0.512256 0.211700
0.176379 0.436440 0.387181
0.102103 0.457267 0.440630
0.506396 0.264476 0.229128
0.503145 0.185735 0.311120
0.463994 0.313499 0.222507
0.189114 0.385264 0.425621
0.884793 0.057278 0.057929
0.760508 0.142915 0.096576
0.802460 0.104710 0.092831
0.284214 0.365566 0.350220
0.410431 0.291763 0.297807
0.548756 0.214154 0.237090
0.053172 0.336457 0.610371
0.228772 0.359371 0.411856
0.364651 0.295966 0.339382
0.334728 0.207007 0.458265
0.708172 0.164478 0.127350
0.383972 0.295977 0.320050
0.183371 0.208682 0.607947
0.678974 0.203777 0.117249
0.151267 0.369015 0.479719
0.715246 0.114680 0.170074
0.127477 0.551660 0.320862
0.069222 0.489939 0.440840
0.057362 0.546377 0.396260
0.577439 0.264229 0.158332
0.734801 0.119008 0.146191
0.461173 0.141852 0.396975
0.608775 0.220394 0.170831
0.173292 0.436020 0.390688
0.445061 0.258258 0.296681
0.097997 0.549160 0.352843
0.023795 0.458510 0.517695
0.322081 0.398756 0.279163
0.484505 0.235350 0.280145
0.262042 0.379907 0.358051
0.278754 0.363988 0.357257
0.147289 0.397388 0.455322
0.380755 0.380274 0.238971
0.479693 0.218015 0.302292
0.337307 0.222277 0.440416
0.346324 0.421910 0.231766
0.210789 0.401018 0.388194
0.107785 0.456668 0.435547
0.495178 0.265067 0.239755
0.582873 0.143340 0.273786
0.502686 0.283278 0.214036
0.204701 0.366183 0.429116
0.843116 0.079857 0.077027
0.730248 0.152782 0.116969
0.801437 0.105965 0.092598
0.290009 0.362924 0.347067
0.388806 0.310505 0.300689
0.614333 0.183051 0.202615
0.057071 0.362050 0.580879
0.236908 0.361497 0.401595
0.391285 0.283272 0.325443
0.322414 0.211560 0.466026
0.728069 0.155326 0.116605
0.431478 0.194836 0.373686
0.166147 0.238921 0.594932
0.708736 0.165678 0.125586
0.131861 0.376728 0.491411
0.682085 0.130096 0.187820
0.138913 0.538100 0.322987
0.060555 0.562740 0.376705
0.058828 0.597646 0.343526
0.628998 0.205371 0.165632
0.735554 0.114058 0.150388
0.438207 0.198883 0.362910
0.654828 0.193869 0.151303
0.136110 0.503003 0.360887
0.488989 0.191280 0.319731
0.109652 0.498713 0.391635
0.026170 0.423001 0.550829
0.339071 0.374664 0.286265
0.464224 0.239026 0.296751
0.281830 0.385985 0.332185
0.334409 0.349053 0.316538
0.168783 0.396497 0.434720
0.149018 0.677889 0.173093
0.483309 0.225173 0.291517
0.283892 0.306673 0.409435
0.338480 0.413796 0.247725
0.205755 0.410983 0.383263
0.109381 0.448040 0.442579
0.500025 0.336895 0.163080
0.545158 0.165015 0.289827
0.523224 0.260830 0.215946
0.218609 0.367893 0.413498
0.853727 0.073761 0.072512
0.682225 0.207038 0.110738
0.798507 0.121999 0.079494
0.280513 0.370168 0.349320
0.431528 0.292203 0.276269
0.584419 0.193713 0.221867
0.044680 0.378423 0.576897
0.292307 0.319322 0.388371
0.466691 0.159037 0.374272
0.312024 0.212126 0.475850
0.658579 0.197273 0.144148
0.410241 0.240175 0.349584
0.152904 0.291058 0.556039
0.602078 0.306169 0.091752
0.150694 0.258014 0.591293
0.651053 0.140204 0.208743
0.149531 0.576128 0.274341
0.080510 0.530437 0.389052
0.059148 0.577956 0.362897
0.628266 0.218627 0.153107
0.749451 0.096871 0.153678
0.448707 0.132555 0.418738
0.586174 0.240457 0.173370
0.123640 0.505505 0.370855
0.473569 0.231225 0.295206
0.093417 0.514099 0.392485
0.018844 0.432417 0.548739
0.367331 0.369526 0.263143
0.475134 0.225694 0.299171
0.320481 0.366430 0.313089
0.291709 0.366849 0.341443
0.136582 0.416507 0.446910
0.257608 0.531916 0.210476
0.458284 0.231723 0.309993
0.370551 0.231233 0.398215
0.380788 0.342800 0.276412
0.283191 0.371166 0.345643
0.109337 0.454983 0.435679
0.491743 0.280955 0.227301
0.540778 0.173458 0.285764
0.572098 0.235260 0.192642
0.212307 0.376722 0.410971
0.824329 0.089042 0.086629
0.719852 0.153817 0.126331
0.806739 0.103193 0.090068
0.277922 0.367541 0.354538
0.418062 0.296499 0.285439
0.457967 0.256544 0.285489
0.060826 0.389925 0.549249
0.228934 0.358468 0.412598
0.363026 0.292460 0.344514
0.330079 0.224006 0.445915
0.758634 0.139802 0.101564
0.403146 0.287190 0.309664
0.178051 0.250044 0.571905
0.640583 0.246611 0.112806
0.124619 0.377297 0.498084
0.670694 0.133921 0.195385
0.135936 0.576907 0.287157
0.079503 0.482053 0.438445
0.055042 0.582424 0.362534
0.654149 0.206964 0.138887
0.763851 0.098303 0.137846
0.473754 0.158964 0.367282
0.608254 0.224707 0.167039
0.149273 0.453781 0.396946
0.522447 0.193569 0.283984
0.087604 0.589413 0.322983
0.022843 0.486635 0.490521
0.399291 0.347618 0.253091
0.493526 0.201093 0.305380
0.337264 0.343013 0.319722
0.262324 0.385142 0.352534
0.155503 0.411009 0.433488
0.297603 0.420825 0.281572
0.491275 0.218361 0.290364
0.335601 0.218292 0.446107
0.340998 0.441646 0.217357
0.206037 0.402589 0.391374
0.100000 0.458730 0.441270
0.535711 0.247929 0.216360
0.494612 0.201453 0.303935
0.489757 0.290997 0.219246
0.176587 0.374660 0.448754
0.820255 0.092458 0.087288
0.798584 0.107498 0.093918
0.804840 0.106303 0.088857
0.266451 0.373973 0.359575
0.368139 0.323647 0.308214
0.418351 0.277651 0.303998
0.049799 0.453387 0.496814
0.209427 0.375493 0.415080
0.428631 0.255287 0.316082
0.380246 0.210919 0.408835
0.730903 0.166450 0.102648
0.415678 0.207556 0.376766
0.145223 0.367626 0.487151
0.737557 0.145242 0.117201
0.169231 0.315648 0.515122
0.685579 0.129094 0.185326
0.172872 0.528966 0.298163
0.065992 0.553691 0.380317
0.065096 0.525040 0.409864
0.620967 0.230312 0.148721
0.745303 0.106535 0.148162
0.408551 0.156437 0.435012
0.623043 0.215500 0.161457
0.142296 0.504119 0.353585
0.523787 0.191420 0.284793
0.073160 0.638439 0.288401
0.030610 0.419789 0.549601
0.342046 0.389136 0.268818
0.495957 0.208281 0.295762
0.297871 0.378935 0.323195
0.286068 0.374318 0.339613
0.162570 0.364810 0.472620
0.212891 0.643355 0.143753
0.509629 0.212334 0.278037
0.361551 0.199452 0.438996
0.318088 0.435981 0.245931
0.322994 0.353375 0.323631
0.107838 0.425313 0.466849
0.437345 0.372761 0.189894
0.551887 0.184356 0.263757
0.486731 0.295954 0.217315
0.203142 0.366773 0.430085
0.879021 0.061841 0.059138
0.765789 0.134796 0.099415
0.791384 0.126836 0.081780
0.282923 0.363665 0.353412
0.379732 0.316658 0.303610
0.526618 0.218744 0.254638
0.051109 0.421881 0.527010
0.233839 0.360731 0.405429
0.411209 0.209560 0.379231
0.273784 0.275689 0.450527
0.777475 0.124519 0.098007
0.374769 0.259218 0.366013
0.153714 0.363524 0.482762
0.765826 0.120600 0.113574
0.159645 0.330749 0.509607
0.685288 0.132548 0.182165
0.166852 0.488906 0.344242
0.075349 0.530816 0.393834
0.067527 0.534198 0.398275
0.598257 0.213536 0.188207
0.730584 0.115303 0.154113
0.473478 0.135794 0.390728
0.642961 0.196403 0.160636
0.129530 0.504319 0.366151
0.476317 0.222460 0.301223
0.110059 0.462783 0.427158
0.025645 0.441524 0.532831
0.316576 0.399453 0.283971
0.472664 0.233207 0.294129
0.279375 0.378230 0.342395
0.294195 0.369332 0.336473
0.161852 0.394120 0.444028
0.349464 0.415702 0.234834
0.472391 0.221965 0.305644
0.309285 0.224343 0.466372
0.361778 0.416013 0.222210
0.217586 0.401054 0.381360
0.109321 0.445442 0.445237
0.498800 0.263427 0.237774
0.543753 0.148347 0.307900
0.498359 0.299457 0.202184
0.206104 0.362725 0.431172
0.867159 0.067707 0.065133
0.731177 0.163062 0.105761
0.819696 0.095826 0.084478
0.272234 0.377080 0.350685
0.391789 0.311839 0.296373
0.451678 0.252833 0.295489
0.068796 0.386159 0.545044
0.235005 0.358533 0.406462
0.395504 0.289615 0.314880
0.329417 0.189105 0.481478
0.767570 0.129817 0.102613
0.413205 0.241283 0.345512
0.163305 0.337273 0.499422
0.718086 0.160399 0.121515
0.121588 0.419525 0.458888
0.686603 0.126335 0.187062
0.153325 0.498236 0.348439
0.056193 0.555983 0.387824
0.069836 0.506521 0.423643
0.636373 0.201505 0.162122
0.724075 0.126658 0.149268
0.466363 0.148050 0.385587
0.667820 0.173275 0.158905
0.158608 0.513577 0.327815
0.462029 0.254355 0.283616
0.098550 0.533779 0.367671
0.023099 0.456499 0.520403
0.327843 0.391440 0.280717
0.457399 0.262958 0.279643
0.311424 0.378125 0.310451
0.308027 0.350845 0.341128
