0.062578 0.454481 0.482941
0.439545 0.280839 0.279616
0.831071 0.079315 0.089614
0.403581 0.267845 0.328574
0.081018 0.485230 0.433752
0.169034 0.419796 0.411170
0.069671 0.491461 0.438868
0.604294 0.199027 0.196679
0.870562 0.064872 0.064567
0.514111 0.249336 0.236553
0.657717 0.159816 0.182467
0.737626 0.134507 0.127866
0.084906 0.476555 0.438539
0.494325 0.270445 0.235230
0.505046 0.251739 0.243216
0.416039 0.285976 0.297984
0.125004 0.386394 0.488602
0.083694 0.445875 0.470430
0.551088 0.202770 0.246141
0.089858 0.448927 0.461215
0.821122 0.093142 0.085735
0.289004 0.359410 0.351586
0.756164 0.116346 0.127490
0.098702 0.392983 0.508315
0.074890 0.470041 0.455069
0.458830 0.264507 0.276663
0.973999 0.013308 0.012693
0.081210 0.490702 0.428089
0.476232 0.292764 0.231004
0.084389 0.474814 0.440797
0.320316 0.347492 0.332192
0.302351 0.289905 0.407744
0.933582 0.035336 0.031082
0.686763 0.153325 0.159912
0.165416 0.428144 0.406440
0.061737 0.458696 0.479567
0.040523 0.478455 0.481022
0.024591 0.489942 0.485467
0.870002 0.067047 0.062952
0.204718 0.403855 0.391428
0.086831 0.441723 0.471445
0.138946 0.423539 0.437516
0.058827 0.457352 0.483821
0.442600 0.278375 0.279025
0.834666 0.077571 0.087763
0.411868 0.267310 0.320822
0.083499 0.477360 0.439141
0.154763 0.425940 0.419298
0.078242 0.483365 0.438393
0.613988 0.193394 0.192618
0.867908 0.066861 0.065231
0.505021 0.253593 0.241387
0.650227 0.162936 0.186837
0.716509 0.144653 0.138838
0.076664 0.481079 0.442257
0.492733 0.269178 0.238089
0.507009 0.250385 0.242605
0.424187 0.284305 0.291509
0.127817 0.383674 0.488509
0.083172 0.449631 0.467197
0.564177 0.195811 0.240012
0.098848 0.443623 0.457528
0.821411 0.093824 0.084765
0.293949 0.359629 0.346422
0.750254 0.118266 0.131480
0.093263 0.400723 0.506014
0.075551 0.464648 0.459801
0.519506 0.236016 0.244478
0.971298 0.014937 0.013765
0.092353 0.486427 0.421221
0.487768 0.286502 0.225730
0.081326 0.473632 0.445042
0.329694 0.340610 0.329695
0.320746 0.284313 0.394941
0.942597 0.030632 0.026772
0.683118 0.154585 0.162297
0.165436 0.430833 0.403731
0.062435 0.458089 0.479475
0.040568 0.476176 0.483256
0.024322 0.488568 0.487110
0.877595 0.063313 0.059092
0.201413 0.409646 0.388940
0.083977 0.444098 0.471925
0.113965 0.442130 0.443905
0.055573 0.461241 0.483186
0.444505 0.277695 0.277800
0.845787 0.072438 0.081775
0.406798 0.261532 0.331670
0.069102 0.495251 0.435647
0.169439 0.417880 0.412681
0.073556 0.488609 0.437836
0.599070 0.200813 0.200117
0.861995 0.069169 0.068836
0.531111 0.239872 0.229017
0.657325 0.158964 0.183711
0.709746 0.148980 0.141274
0.069607 0.479794 0.450599
0.534507 0.247274 0.218219
0.492952 0.257644 0.249404
0.425659 0.280645 0.293696
0.133920 0.377974 0.488106
0.080368 0.449359 0.470272
0.558729 0.199069 0.242202
0.101262 0.442407 0.456331
0.823776 0.092241 0.083983
0.281228 0.365533 0.353239
0.753603 0.114807 0.131590
0.090845 0.400364 0.508791
0.068471 0.466492 0.465037
0.456804 0.263637 0.279559
0.975886 0.012515 0.011599
0.073745 0.497275 0.428980
0.481996 0.291237 0.226767
0.083683 0.476824 0.439492
0.369802 0.323672 0.306525
0.333563 0.279618 0.386818
0.937751 0.032955 0.029294
0.689727 0.151908 0.158365
0.195685 0.415624 0.388692
0.060215 0.456809 0.482976
0.038431 0.477500 0.484068
0.021281 0.491493 0.487226
0.873586 0.065306 0.061108
0.204245 0.405675 0.390080
0.085011 0.440819 0.474170
0.132381 0.430099 0.437520
0.055721 0.462866 0.481414
0.453429 0.273163 0.273408
0.849850 0.070456 0.079694
0.414546 0.264212 0.321242
0.072816 0.486385 0.440800
0.171252 0.416786 0.411961
0.075966 0.489876 0.434159
0.602507 0.198818 0.198675
0.868192 0.065924 0.065884
0.508689 0.250906 0.240405
0.666629 0.155139 0.178232
0.712680 0.147745 0.139575
0.081955 0.480501 0.437544
0.523356 0.251260 0.225384
0.509781 0.248871 0.241348
0.440839 0.276704 0.282457
0.126611 0.381023 0.492366
0.084740 0.445976 0.469284
0.548791 0.202233 0.248976
0.102177 0.443727 0.454096
0.828953 0.090093 0.080954
0.286409 0.355893 0.357697
0.731411 0.128175 0.140414
0.095174 0.390350 0.514476
0.059628 0.474791 0.465581
0.506465 0.242531 0.251004
0.972885 0.014082 0.013033
0.081344 0.493359 0.425297
0.478171 0.291296 0.230533
0.077998 0.478080 0.443922
0.321687 0.343143 0.335170
0.311646 0.294769 0.393585
0.943454 0.029899 0.026648
0.688359 0.152590 0.159051
0.195188 0.413935 0.390878
0.062313 0.455975 0.481712
0.038356 0.479158 0.482487
0.024771 0.488737 0.486492
0.845950 0.079577 0.074473
0.204657 0.407485 0.387858
0.079042 0.445402 0.475556
0.117267 0.437211 0.445523
0.065585 0.457461 0.476954
0.479676 0.258117 0.262207
0.841376 0.074347 0.084276
0.409702 0.261931 0.328367
0.067169 0.494224 0.438607
0.157280 0.421125 0.421594
0.070873 0.490141 0.438986
0.585222 0.208492 0.206286
0.871284 0.064357 0.064359
0.530019 0.239006 0.230975
0.653059 0.161534 0.185406
0.706501 0.150391 0.143108
0.079919 0.487934 0.432147
0.491703 0.268493 0.239804
0.485890 0.261005 0.253105
0.403464 0.291412 0.305124
0.125550 0.386778 0.487672
0.080776 0.446725 0.472500
0.559809 0.196059 0.244132
0.088940 0.447845 0.463215
0.811911 0.098255 0.089835
0.286018 0.353975 0.360007
0.751873 0.116767 0.131361
0.091143 0.392201 0.516656
0.059715 0.488855 0.451430
0.463477 0.261074 0.275449
0.974907 0.013028 0.012065
0.079164 0.494767 0.426070
0.471690 0.296707 0.231602
0.082992 0.478305 0.438703
0.360874 0.327770 0.311356
0.334276 0.283498 0.382226
0.940192 0.031807 0.028001
0.693701 0.150086 0.156212
0.193697 0.414432 0.391871
0.057963 0.461155 0.480882
0.039862 0.478890 0.481248
0.021910 0.493251 0.484839
0.844950 0.079943 0.075107
0.196280 0.409212 0.394508
0.083828 0.443256 0.472916
0.134975 0.426194 0.438831
0.053945 0.461590 0.484465
0.487541 0.254037 0.258422
0.828701 0.080488 0.090811
0.401109 0.272492 0.326399
0.070992 0.487064 0.441944
0.160895 0.421591 0.417513
0.077416 0.484834 0.437750
0.616336 0.192919 0.190745
0.861163 0.070124 0.068713
0.520917 0.245113 0.233970
0.662961 0.156704 0.180334
0.701331 0.152496 0.146173
0.069912 0.498236 0.431853
0.532155 0.244970 0.222875
0.498507 0.254708 0.246785
0.440115 0.275715 0.284170
0.132692 0.388532 0.478776
0.083575 0.447359 0.469065
0.561554 0.197186 0.241260
0.093300 0.448752 0.457948
0.808258 0.100508 0.091234
0.289786 0.351900 0.358314
0.736726 0.126392 0.136882
0.096290 0.391327 0.512383
0.072024 0.468621 0.459355
0.441053 0.274213 0.284734
0.976825 0.012018 0.011157
0.073466 0.496152 0.430381
0.472591 0.296358 0.231052
0.080146 0.479947 0.439907
0.323325 0.337463 0.339212
0.317293 0.296915 0.385791
0.941813 0.030685 0.027502
0.682403 0.155073 0.162524
0.192462 0.420132 0.387406
0.063488 0.457055 0.479457
0.039683 0.476525 0.483792
0.025501 0.492083 0.482416
0.873443 0.065539 0.061018
0.199644 0.410533 0.389823
0.076480 0.445749 0.477772
0.129591 0.431357 0.439052
0.062507 0.455466 0.482027
0.486186 0.256110 0.257704
0.826152 0.081702 0.092146
0.404779 0.263843 0.331378
0.076961 0.498476 0.424563
0.156358 0.426315 0.417327
0.070977 0.487566 0.441457
0.612235 0.194659 0.193107
0.863567 0.068653 0.067780
0.519016 0.245872 0.235113
0.658796 0.158137 0.183066
0.745122 0.130769 0.124108
0.086420 0.503344 0.410236
0.534846 0.248102 0.217053
0.488849 0.259608 0.251543
0.442233 0.273307 0.284460
0.130296 0.388603 0.481101
0.081887 0.446068 0.472046
0.562170 0.195497 0.242333
0.101637 0.441871 0.456491
0.808973 0.099736 0.091291
0.267880 0.363811 0.368310
0.743307 0.121520 0.135172
0.093464 0.392478 0.514059
0.072869 0.478303 0.448828
0.509151 0.238666 0.252184
0.972581 0.014239 0.013180
0.067187 0.504144 0.428669
0.475313 0.292298 0.232389
0.080290 0.480154 0.439556
0.326444 0.346957 0.326599
0.331794 0.290922 0.377284
0.935460 0.034218 0.030322
0.686634 0.153676 0.159689
0.162832 0.434704 0.402465
0.057309 0.458987 0.483704
0.040478 0.477372 0.482150
0.022708 0.492843 0.484449
0.836555 0.084397 0.079048
0.205563 0.408833 0.385603
0.084428 0.437979 0.477593
0.114719 0.438319 0.446963
0.053949 0.459010 0.487041
0.490441 0.252314 0.257245
0.845719 0.072391 0.081890
0.403537 0.267390 0.329073
0.072653 0.494557 0.432790
0.169998 0.419382 0.410620
0.078978 0.486465 0.434557
0.612585 0.195043 0.192372
0.864575 0.067837 0.067588
0.523489 0.243130 0.233381
0.665483 0.157633 0.176884
0.713440 0.146997 0.139564
0.083171 0.501030 0.415799
0.511933 0.260091 0.227976
0.513432 0.246971 0.239597
0.438209 0.278478 0.283313
0.128660 0.385374 0.485965
0.080509 0.444731 0.474760
0.557932 0.199964 0.242104
0.089211 0.449657 0.461132
0.819170 0.095073 0.085757
0.287095 0.352315 0.360591
0.755673 0.113356 0.130971
0.091974 0.390660 0.517365
0.056634 0.474051 0.469315
0.506883 0.239409 0.253707
0.972060 0.014373 0.013568
0.081940 0.488997 0.429063
0.480688 0.294222 0.225091
0.080468 0.484665 0.434867
0.332954 0.343424 0.323622
0.316046 0.292724 0.391230
0.937174 0.033269 0.029557
0.697683 0.148081 0.154236
0.187780 0.426673 0.385547
0.061531 0.460312 0.478157
0.041589 0.483655 0.474756
0.021329 0.494282 0.484389
0.846819 0.079562 0.073619
0.198599 0.409849 0.391552
0.075287 0.449031 0.475682
0.106193 0.440259 0.453548
0.056348 0.458146 0.485505
0.483617 0.257704 0.258679
0.848942 0.071041 0.080017
0.394321 0.275179 0.330501
0.071435 0.516770 0.411795
0.153452 0.426857 0.419690
0.073069 0.491963 0.434967
0.612374 0.194420 0.193206
0.869575 0.065113 0.065311
0.527297 0.241866 0.230837
0.657587 0.161607 0.180806
0.738746 0.133950 0.127304
0.068835 0.531814 0.399351
0.498527 0.265844 0.235630
0.510442 0.248410 0.241148
0.400822 0.296947 0.302231
0.135285 0.382855 0.481860
0.082488 0.444626 0.472885
0.570666 0.192821 0.236513
0.093330 0.450135 0.456535
0.826144 0.090875 0.082980
0.278482 0.353528 0.367990
0.752963 0.117203 0.129833
0.092788 0.404837 0.502375
0.059026 0.478039 0.462936
0.503329 0.243429 0.253241
0.977723 0.011444 0.010833
0.078239 0.491565 0.430196
0.496445 0.280778 0.222778
0.083524 0.479269 0.437206
0.344678 0.340301 0.315021
0.315956 0.296403 0.387641
0.943048 0.029719 0.027233
0.689804 0.151693 0.158502
0.165833 0.429760 0.404407
0.062023 0.459404 0.478573
0.036130 0.481243 0.482627
0.022685 0.489641 0.487674
0.841782 0.082472 0.075746
0.202980 0.407159 0.389861
0.077557 0.442926 0.479517
0.136257 0.425620 0.438123
0.060734 0.457965 0.481301
0.486931 0.255099 0.257970
0.805221 0.091416 0.103363
0.405852 0.270622 0.323526
0.071046 0.490079 0.438876
0.151873 0.428388 0.419739
0.076032 0.492629 0.431339
0.614889 0.192506 0.192605
0.864126 0.067815 0.068059
0.520658 0.245202 0.234139
0.661428 0.156564 0.182008
0.740077 0.133310 0.126612
0.068259 0.501756 0.429986
0.530125 0.249515 0.220360
0.504922 0.251360 0.243718
0.411674 0.289399 0.298927
0.133295 0.387295 0.479410
0.080220 0.446917 0.472863
0.561021 0.197714 0.241265
0.092731 0.445535 0.461733
0.822461 0.092927 0.084612
0.279501 0.357218 0.363282
0.728059 0.128943 0.142998
0.095223 0.407147 0.497630
0.072143 0.469458 0.458399
0.520652 0.231787 0.247561
0.977077 0.011804 0.011119
0.080330 0.496126 0.423545
0.482322 0.289368 0.228310
0.085804 0.474390 0.439805
0.352492 0.329562 0.317946
0.317505 0.289659 0.392836
0.934111 0.034308 0.031581
0.679089 0.156976 0.163935
0.186285 0.422018 0.391697
0.058870 0.461919 0.479211
0.037979 0.489849 0.472173
0.023770 0.493765 0.482465
0.843686 0.080661 0.075653
0.201805 0.408862 0.389333
0.083110 0.440698 0.476192
0.128861 0.431579 0.439560
0.060837 0.458057 0.481105
0.484221 0.256948 0.258831
0.831518 0.079304 0.089178
0.398339 0.275017 0.326644
0.065213 0.493369 0.441418
0.172140 0.419169 0.408691
0.070483 0.492433 0.437084
0.606807 0.197208 0.195985
0.873627 0.063256 0.063118
0.523081 0.244659 0.232260
0.662872 0.156893 0.180236
0.734989 0.135712 0.129298
0.084953 0.496197 0.418850
0.527012 0.249261 0.223727
0.485141 0.261829 0.253030
0.426024 0.282038 0.291938
0.131463 0.390535 0.478002
0.085122 0.446161 0.468716
0.563255 0.195775 0.240969
0.099200 0.442066 0.458734
0.824095 0.091506 0.084399
0.285369 0.354285 0.360346
0.745072 0.119471 0.135457
0.094000 0.402056 0.503944
0.070195 0.479716 0.450089
0.501736 0.243874 0.254389
0.976280 0.012304 0.011416
0.078449 0.494939 0.426612
0.474713 0.295499 0.229788
0.081002 0.482445 0.436553
0.347939 0.329014 0.323047
0.311638 0.289381 0.398981
0.941013 0.030812 0.028175
0.693570 0.150036 0.156394
0.166181 0.431400 0.402419
0.059386 0.458629 0.481985
0.036687 0.485810 0.477503
0.024530 0.493230 0.482240
0.866091 0.069231 0.064678
0.203135 0.409956 0.386909
0.079138 0.446209 0.474653
0.129455 0.430135 0.440410
0.065177 0.454913 0.479910
0.451230 0.272962 0.275808
0.816856 0.085978 0.097166
0.393364 0.273568 0.333068
0.076428 0.503316 0.420255
0.166859 0.419028 0.414113
0.073587 0.487937 0.438476
0.594291 0.204314 0.201395
0.869837 0.065872 0.064291
0.511876 0.250209 0.237915
0.662059 0.156727 0.181214
0.736896 0.133518 0.129586
0.082233 0.489213 0.428555
0.503967 0.262989 0.233043
0.481552 0.263852 0.254597
0.408757 0.288990 0.302252
0.136363 0.387290 0.476347
0.081427 0.447297 0.471276
0.567055 0.194600 0.238345
0.087723 0.450528 0.461750
0.836071 0.086014 0.077915
0.284894 0.355327 0.359779
0.751059 0.117025 0.131916
0.098631 0.398920 0.502449
0.067566 0.467326 0.465108
0.445067 0.269060 0.285873
0.975904 0.012543 0.011553
0.078351 0.497746 0.423903
0.484834 0.287532 0.227634
0.077141 0.485927 0.436932
0.342747 0.334223 0.323030
0.318837 0.291769 0.389395
0.938448 0.032629 0.028923
0.690750 0.151087 0.158163
0.190161 0.414698 0.395141
0.064402 0.452689 0.482909
0.036028 0.484404 0.479567
0.023565 0.491314 0.485120
0.841560 0.081873 0.076566
0.205251 0.406927 0.387822
0.079305 0.445545 0.475150
0.114326 0.446321 0.439353
0.064440 0.460070 0.475490
0.482298 0.258259 0.259444
0.816480 0.086098 0.097422
0.401858 0.269892 0.328250
0.075864 0.501654 0.422482
0.165766 0.419252 0.414983
0.073398 0.488583 0.438019
0.594120 0.203636 0.202244
0.875357 0.063255 0.061388
0.507619 0.252466 0.239915
0.654350 0.160120 0.185530
0.715053 0.146042 0.138905
0.085821 0.480739 0.433440
0.501479 0.265517 0.233004
0.500016 0.254232 0.245751
0.428078 0.281879 0.290044
0.131825 0.384843 0.483332
0.080591 0.445138 0.474271
0.541482 0.205795 0.252723
0.097631 0.446117 0.456252
0.820088 0.094720 0.085192
0.294560 0.346583 0.358857
0.754041 0.115612 0.130347
0.094080 0.405546 0.500374
0.057434 0.474720 0.467846
0.516603 0.235140 0.248258
0.972253 0.014464 0.013282
0.083517 0.492190 0.424293
0.489491 0.283589 0.226920
0.083455 0.475117 0.441428
0.325455 0.344754 0.329791
0.324429 0.289688 0.385883
0.937925 0.032944 0.029131
0.678133 0.157370 0.164497
0.160882 0.429128 0.409990
0.060587 0.459096 0.480317
0.037522 0.484659 0.477819
0.024972 0.489783 0.485245
0.845779 0.079701 0.074520
0.206705 0.405749 0.387546
0.086078 0.443377 0.470544
0.110611 0.445434 0.443955
0.067021 0.458449 0.474530
0.487555 0.254411 0.258034
0.828617 0.080252 0.091131
0.400890 0.268673 0.330437
0.066230 0.506840 0.426930
0.163544 0.420201 0.416255
0.076806 0.489277 0.433917
0.596556 0.203181 0.200264
0.869278 0.065967 0.064755
0.519315 0.246690 0.233995
0.657974 0.158984 0.183041
0.729218 0.138131 0.132651
0.080059 0.487145 0.432797
0.507204 0.259587 0.233209
0.515532 0.246057 0.238411
0.407550 0.290141 0.302309
0.127096 0.388621 0.484283
0.083942 0.443064 0.472994
0.563070 0.194632 0.242298
0.090021 0.449591 0.460388
0.826186 0.091028 0.082785
0.290809 0.352813 0.356379
0.763916 0.108523 0.127561
0.101016 0.395830 0.503154
0.057041 0.476406 0.466553
0.532463 0.226276 0.241261
0.970228 0.015469 0.014303
0.084605 0.496654 0.418741
0.468248 0.298772 0.232980
0.084923 0.478331 0.436746
0.328055 0.351327 0.320618
0.317420 0.294843 0.387737
0.944593 0.029430 0.025977
0.690724 0.151239 0.158037
0.159934 0.432035 0.408031
0.063130 0.454295 0.482575
0.033411 0.487565 0.479024
0.020927 0.491153 0.487919
0.841127 0.081876 0.076996
0.203214 0.405576 0.391210
0.082878 0.448150 0.468973
0.109967 0.446179 0.443854
0.054163 0.467183 0.478654
0.404436 0.298014 0.297550
0.845682 0.072523 0.081795
0.404245 0.272560 0.323195
0.079453 0.514809 0.405738
0.178474 0.412266 0.409260
0.074422 0.489057 0.436521
0.613055 0.193968 0.192977
0.855112 0.072929 0.071959
0.508725 0.251235 0.240040
0.666261 0.154525 0.179214
0.715678 0.145587 0.138735
0.072234 0.488284 0.439482
0.499357 0.263551 0.237092
0.510047 0.249436 0.240516
0.403744 0.293953 0.302303
0.126383 0.388542 0.485075
0.083118 0.448616 0.468266
0.574103 0.189751 0.236146
0.105123 0.441435 0.453442
0.809808 0.099609 0.090584
0.279364 0.356315 0.364321
0.740130 0.122371 0.137499
0.102779 0.397636 0.499585
0.072234 0.475944 0.451822
0.462992 0.263505 0.273503
0.972865 0.013853 0.013283
0.084624 0.500222 0.415154
0.482487 0.289671 0.227842
0.082857 0.473254 0.443889
0.344774 0.334489 0.320738
0.323298 0.300973 0.375729
0.945613 0.028408 0.025978
0.690274 0.151132 0.158593
0.192269 0.414642 0.393089
0.061352 0.456014 0.482634
0.037688 0.476971 0.485341
0.025516 0.485999 0.488486
0.870960 0.066880 0.062160
0.187733 0.416851 0.395416
0.076114 0.446279 0.477607
0.112625 0.440093 0.447282
0.065274 0.458657 0.476069
0.482539 0.257344 0.260117
0.820088 0.084288 0.095625
0.405175 0.265780 0.329045
0.070524 0.488821 0.440654
0.163258 0.416001 0.420741
0.076719 0.486542 0.436740
0.609408 0.195399 0.195192
0.864817 0.067332 0.067851
0.519335 0.245328 0.235338
0.668817 0.154309 0.176874
0.729114 0.138310 0.132576
0.083391 0.491757 0.424853
0.489835 0.271520 0.238644
0.494360 0.257435 0.248205
0.410407 0.291635 0.297959
0.134521 0.383165 0.482314
0.084618 0.448680 0.466702
0.557278 0.196827 0.245896
0.101593 0.441491 0.456916
0.830234 0.088356 0.081410
0.273065 0.362210 0.364725
0.731215 0.127428 0.141357
0.095199 0.394228 0.510572
0.069256 0.480643 0.450101
0.479374 0.251392 0.269234
0.972996 0.013739 0.013265
0.076604 0.493827 0.429569
0.475548 0.293381 0.231071
0.081889 0.480571 0.437540
0.332029 0.344548 0.323423
0.338705 0.289720 0.371576
0.937950 0.032615 0.029435
0.694877 0.149509 0.155614
0.186894 0.420178 0.392928
0.061325 0.454395 0.484280
0.038521 0.477352 0.484127
0.024629 0.487947 0.487424
0.870811 0.066985 0.062203
0.202472 0.407294 0.390234
0.083540 0.441768 0.474692
0.135169 0.428365 0.436466
0.061285 0.456569 0.482146
0.451796 0.273631 0.274572
0.845200 0.072518 0.082282
0.405593 0.264742 0.329665
0.065446 0.494171 0.440382
0.175546 0.415581 0.408873
0.072449 0.489608 0.437943
0.591412 0.204869 0.203719
0.864671 0.067637 0.067692
0.495350 0.258563 0.246086
0.665577 0.156143 0.178280
0.738956 0.133952 0.127091
0.086184 0.480916 0.432900
0.515977 0.256720 0.227304
0.481087 0.263437 0.255476
0.419558 0.285075 0.295367
0.130193 0.382561 0.487247
0.083154 0.448630 0.468217
0.558999 0.199357 0.241644
0.097827 0.443690 0.458483
0.830965 0.087982 0.081053
0.274881 0.359255 0.365864
0.768726 0.109996 0.121279
0.095533 0.397617 0.506850
0.075382 0.465374 0.459244
0.451482 0.266009 0.282509
0.973964 0.013321 0.012714
0.081117 0.493757 0.425126
0.477959 0.290816 0.231225
0.083812 0.472020 0.444168
0.325607 0.341203 0.333190
0.329961 0.287464 0.382575
0.934817 0.034612 0.030571
0.697281 0.147919 0.154799
0.159511 0.429470 0.411019
0.064227 0.454522 0.481251
0.038185 0.484808 0.477007
0.022596 0.486692 0.490712
0.841096 0.082530 0.076374
0.197022 0.408767 0.394211
0.077309 0.445303 0.477387
0.108992 0.439763 0.451245
0.062739 0.454392 0.482868
0.455009 0.274242 0.270749
0.840085 0.074960 0.084955
0.395993 0.273034 0.330973
0.067690 0.490366 0.441945
0.171234 0.419391 0.409375
0.076973 0.486230 0.436797
0.616666 0.192664 0.190670
0.859773 0.070234 0.069993
0.517731 0.247104 0.235165
0.653650 0.162621 0.183729
0.721283 0.142280 0.136437
0.083206 0.509215 0.407579
0.500000 0.265694 0.234305
0.510639 0.248670 0.240691
0.396363 0.298959 0.304678
0.134738 0.382041 0.483221
0.083879 0.443369 0.472751
0.565970 0.192400 0.241630
0.102686 0.441366 0.455948
0.825063 0.091193 0.083745
0.274731 0.359224 0.366045
0.722918 0.131241 0.145841
0.093148 0.389722 0.517130
0.071667 0.481927 0.446406
0.517394 0.234881 0.247725
0.975292 0.012696 0.012013
0.079149 0.495129 0.425722
0.483911 0.289323 0.226766
0.080664 0.482976 0.436360
0.353139 0.331529 0.315333
0.312950 0.289907 0.397144
0.938266 0.032765 0.028970
0.698138 0.147891 0.153972
0.189195 0.418691 0.392115
0.053769 0.456399 0.489832
0.037424 0.486357 0.476219
0.027454 0.491101 0.481445
0.840001 0.083043 0.076956
0.206468 0.405475 0.388057
0.075329 0.451156 0.473515
0.129784 0.432333 0.437883
0.055301 0.461382 0.483317
0.485784 0.254830 0.259385
0.839719 0.075244 0.085037
0.404607 0.265273 0.330120
0.070291 0.497927 0.431782
0.163222 0.433562 0.403216
0.073129 0.483783 0.443088
0.598411 0.200796 0.200794
0.867364 0.066460 0.066176
0.504612 0.253368 0.242020
0.659388 0.158605 0.182008
0.727489 0.139884 0.132627
0.083040 0.490806 0.426153
0.529262 0.245555 0.225183
0.486679 0.260744 0.252577
0.421689 0.283988 0.294323
0.132156 0.386192 0.481651
0.082790 0.449072 0.468138
0.561541 0.195297 0.243162
0.100946 0.447506 0.451548
0.830114 0.088841 0.081045
0.279361 0.358320 0.362319
0.739990 0.123907 0.136103
0.096055 0.397111 0.506834
0.070334 0.483775 0.445892
0.455538 0.267001 0.277462
0.971917 0.014440 0.013643
0.083850 0.494294 0.421856
0.476720 0.291669 0.231611
0.081505 0.474339 0.444155
0.327734 0.344611 0.327654
0.330945 0.288793 0.380262
0.944216 0.029542 0.026242
0.689039 0.152209 0.158753
0.193095 0.418057 0.388848
0.058322 0.457726 0.483951
0.038577 0.498350 0.463073
0.023409 0.499523 0.477068
0.842754 0.082213 0.075033
0.196303 0.409726 0.393971
0.075520 0.453035 0.471445
0.119372 0.435543 0.445085
0.058949 0.456438 0.484613
0.454086 0.271407 0.274508
0.818096 0.085203 0.096701
0.404842 0.269531 0.325627
0.073630 0.492954 0.433416
0.156761 0.433375 0.409865
0.067034 0.493414 0.439552
0.613213 0.192042 0.194745
0.868042 0.065470 0.066488
0.497966 0.256707 0.245326
0.657666 0.158390 0.183944
0.734833 0.136417 0.128751
0.080010 0.500127 0.419863
0.517268 0.257932 0.224800
0.504714 0.251622 0.243663
0.423334 0.285526 0.291139
0.131137 0.388448 0.480415
0.081899 0.448238 0.469862
0.560169 0.195134 0.244696
0.090495 0.452230 0.457275
0.824978 0.091466 0.083556
0.290107 0.354609 0.355284
0.755633 0.111640 0.132726
0.092805 0.394316 0.512879
0.074420 0.473705 0.451875
0.468461 0.257283 0.274256
0.974038 0.013430 0.012533
0.084105 0.497426 0.418469
0.470867 0.299420 0.229713
0.081158 0.483620 0.435223
0.322254 0.354068 0.323678
0.325864 0.298930 0.375206
0.938477 0.032773 0.028750
0.693650 0.150252 0.156099
0.189555 0.423343 0.387102
0.057687 0.456012 0.486300
0.035327 0.500780 0.463894
0.022274 0.497543 0.480183
0.843220 0.080835 0.075946
0.203601 0.406994 0.389406
0.077398 0.454954 0.467648
0.106553 0.444128 0.449319
0.064714 0.452179 0.483107
0.439186 0.280237 0.280577
0.844170 0.073121 0.082709
0.411396 0.261324 0.327280
0.072047 0.503365 0.424587
0.160169 0.424245 0.415586
0.074517 0.486104 0.439379
0.609607 0.193076 0.197317
0.858431 0.070526 0.071042
0.504484 0.253606 0.241910
0.656977 0.159490 0.183533
0.713033 0.146565 0.140402
0.078332 0.519679 0.401988
0.529863 0.255284 0.214853
0.499751 0.253784 0.246465
0.417865 0.288608 0.293528
0.133612 0.388547 0.477841
0.082928 0.445868 0.471203
0.562801 0.193097 0.244101
0.087359 0.451317 0.461323
0.833290 0.087321 0.079389
0.274155 0.359871 0.365974
0.723325 0.130537 0.146137
0.105055 0.394053 0.500892
0.057760 0.500740 0.441500
0.446900 0.265356 0.287743
0.976895 0.011854 0.011251
0.082930 0.492771 0.424298
0.498833 0.281998 0.219169
0.079968 0.477674 0.442358
0.356908 0.344028 0.299064
0.335504 0.285204 0.379292
0.944475 0.029355 0.026171
0.693471 0.150460 0.156069
0.156748 0.434169 0.409083
0.065048 0.454473 0.480479
0.040624 0.496538 0.462838
0.022713 0.493145 0.484141
0.863568 0.070436 0.065996
0.205785 0.406568 0.387646
0.077251 0.452711 0.470038
0.130743 0.428556 0.440702
0.060605 0.456641 0.482755
0.480954 0.261151 0.257895
0.843672 0.073251 0.083077
0.408794 0.263876 0.327329
0.071211 0.502452 0.426337
0.159244 0.421227 0.419529
0.079807 0.487682 0.432511
0.615019 0.193310 0.191671
0.864986 0.066930 0.068084
0.522373 0.244225 0.233403
0.657954 0.158591 0.183456
0.699759 0.154253 0.145987
0.078766 0.500066 0.421168
0.489619 0.271619 0.238762
0.509710 0.249436 0.240853
0.429466 0.283118 0.287416
0.126933 0.386674 0.486393
0.081949 0.444388 0.473663
0.566321 0.193563 0.240116
0.099457 0.441261 0.459282
0.807758 0.100561 0.091680
0.289308 0.354377 0.356315
0.759365 0.112439 0.128196
0.090991 0.392932 0.516077
0.074657 0.480626 0.444717
0.439304 0.273335 0.287361
0.973000 0.013809 0.013192
0.081059 0.488831 0.430111
0.480826 0.292209 0.226965
0.080073 0.479420 0.440507
0.351318 0.345821 0.302861
0.313725 0.291137 0.395138
0.947433 0.027784 0.024784
0.682238 0.155965 0.161797
0.170072 0.427828 0.402100
0.062572 0.457528 0.479899
0.036500 0.483940 0.479560
0.025014 0.490452 0.484534
0.870121 0.067163 0.062716
0.198028 0.410706 0.391266
0.077961 0.449494 0.472545
0.102410 0.441855 0.455735
0.060806 0.455821 0.483373
0.475772 0.261367 0.262861
0.821951 0.083661 0.094388
0.393035 0.272165 0.334801
0.073988 0.496654 0.429358
0.168853 0.413472 0.417675
0.075090 0.490535 0.434375
0.615682 0.193555 0.190763
0.866480 0.067105 0.066415
0.507953 0.251461 0.240586
0.656250 0.160476 0.183274
0.714917 0.145319 0.139764
0.073486 0.499512 0.427002
0.506680 0.260437 0.232884
0.501552 0.253108 0.245340
0.416835 0.287942 0.295223
0.130682 0.382475 0.486843
0.082618 0.443658 0.473724
0.561719 0.194165 0.244116
0.097313 0.442204 0.460483
0.824530 0.091178 0.084292
0.268837 0.361447 0.369715
0.762517 0.111540 0.125943
0.092254 0.393058 0.514688
0.073369 0.487177 0.439454
0.456352 0.265059 0.278589
0.973913 0.013237 0.012851
0.072534 0.497042 0.430424
0.472154 0.297157 0.230689
0.081102 0.478142 0.440756
0.330934 0.357535 0.311531
0.336048 0.284221 0.379732
0.944585 0.029352 0.026064
0.682804 0.155188 0.162009
0.162271 0.433270 0.404459
0.058849 0.456778 0.484373
0.040634 0.478156 0.481210
0.020413 0.494782 0.484805
0.836485 0.084484 0.079031
0.206691 0.405301 0.388008
0.083552 0.445240 0.471208
0.134777 0.427588 0.437635
0.059342 0.460253 0.480405
0.432477 0.283733 0.283789
0.841031 0.074662 0.084307
0.400756 0.269051 0.330193
0.079204 0.491602 0.429194
0.165952 0.418622 0.415426
0.077302 0.486320 0.436378
0.587848 0.206345 0.205807
0.859479 0.071040 0.069481
0.518249 0.246214 0.235537
0.662677 0.157539 0.179785
0.735501 0.135061 0.129438
0.066763 0.482710 0.450527
0.527435 0.249021 0.223544
0.506164 0.251241 0.242595
0.416924 0.288555 0.294521
0.129157 0.382507 0.488337
0.083235 0.443191 0.473574
0.573744 0.191432 0.234824
0.092791 0.448511 0.458698
0.831645 0.087956 0.080399
0.299628 0.343778 0.356594
0.751762 0.118027 0.130211
0.096834 0.395046 0.508120
0.069288 0.477189 0.453523
0.437168 0.274538 0.288294
0.974285 0.013074 0.012640
0.072931 0.495326 0.431742
0.477102 0.291259 0.231638
0.080038 0.482597 0.437366
0.359715 0.330218 0.310067
0.335766 0.286749 0.377485
0.942260 0.030242 0.027498
0.685273 0.153733 0.160994
0.166259 0.432723 0.401018
0.063484 0.459942 0.476574
0.035550 0.486419 0.478031
0.022889 0.495380 0.481731
0.840482 0.082535 0.076982
0.204170 0.405853 0.389977
0.083351 0.442366 0.474283
0.091691 0.453899 0.454411
0.062395 0.460107 0.477498
0.488336 0.253812 0.257852
0.805706 0.091020 0.103274
0.393892 0.272251 0.333857
0.074884 0.481485 0.443632
0.168792 0.416920 0.414288
0.074421 0.488703 0.436876
0.612219 0.193900 0.193881
0.868321 0.066149 0.065530
0.523607 0.244029 0.232364
0.661786 0.158426 0.179788
0.744191 0.130382 0.125426
0.085410 0.476983 0.437607
0.488313 0.272100 0.239587
0.514067 0.246541 0.239392
0.406839 0.293431 0.299731
0.129245 0.391073 0.479681
0.083468 0.443330 0.473202
0.563956 0.192791 0.243253
0.104017 0.439430 0.456553
0.827871 0.089554 0.082575
0.273235 0.358865 0.367900
0.745709 0.120588 0.133703
0.093823 0.397330 0.508846
0.060296 0.478603 0.461101
0.509954 0.236843 0.253203
0.973641 0.013405 0.012955
0.083529 0.492368 0.424103
0.473725 0.294168 0.232107
0.080231 0.476126 0.443643
0.337348 0.338406 0.324246
0.333402 0.281298 0.385300
0.943963 0.029331 0.026706
0.684517 0.154889 0.160594
0.189708 0.425456 0.384836
0.057182 0.459347 0.483471
0.041200 0.487526 0.471273
0.021534 0.496752 0.481714
0.838454 0.083854 0.077692
0.199748 0.409106 0.391146
0.076367 0.449284 0.474349
0.130397 0.435251 0.434352
0.060881 0.461294 0.477825
0.438099 0.278590 0.283311
0.809162 0.089731 0.101107
0.406958 0.267513 0.325529
0.071241 0.484703 0.444057
0.160041 0.427006 0.412953
0.074081 0.488227 0.437692
0.603352 0.198877 0.197771
0.866717 0.066777 0.066506
0.531890 0.238769 0.229341
0.666340 0.155770 0.177889
0.714826 0.146557 0.138618
0.066561 0.513922 0.419516
0.495343 0.265815 0.238842
0.510326 0.248933 0.240741
0.421944 0.285866 0.292189
0.134711 0.394749 0.470540
0.082957 0.446385 0.470658
0.551588 0.200071 0.248341
0.096719 0.446953 0.456328
0.798354 0.103638 0.098008
0.274351 0.361509 0.364140
0.753944 0.115377 0.130679
0.093477 0.395146 0.511377
0.070205 0.473829 0.455966
0.510200 0.238140 0.251660
0.975692 0.012373 0.011935
0.082299 0.498560 0.419140
0.477918 0.289820 0.232262
0.083089 0.476233 0.440677
0.349551 0.333537 0.316913
0.310124 0.294497 0.395379
0.946024 0.028008 0.025968
0.698792 0.146832 0.154377
0.170661 0.438826 0.390513
0.058033 0.459509 0.482458
0.040663 0.489479 0.469857
0.025143 0.489552 0.485305
0.842471 0.081961 0.075568
0.208635 0.403959 0.387406
0.074234 0.450331 0.475435
0.136774 0.428757 0.434469
0.060511 0.457403 0.482086
0.459475 0.269795 0.270730
0.827424 0.080957 0.091618
0.398425 0.273502 0.328072
0.065115 0.497901 0.436984
0.164048 0.420982 0.414970
0.071138 0.491601 0.437262
0.604220 0.197976 0.197804
0.868201 0.066454 0.065345
0.525453 0.242054 0.232493
0.661249 0.158369 0.180381
0.704802 0.151428 0.143770
0.086555 0.512484 0.400961
0.522958 0.253194 0.223847
0.504357 0.251724 0.243919
0.431923 0.281224 0.286853
0.138920 0.394548 0.466531
0.082093 0.448896 0.469012
0.565944 0.193492 0.240563
0.098624 0.446587 0.454788
0.823422 0.091100 0.085479
0.274593 0.361260 0.364147
0.761337 0.111451 0.127212
0.091515 0.394954 0.513530
0.070459 0.468600 0.460941
0.451236 0.266515 0.282250
0.976100 0.012280 0.011620
0.082774 0.498635 0.418591
0.475035 0.293047 0.231918
0.082658 0.482960 0.434382
0.323531 0.352073 0.324396
0.337774 0.292374 0.369851
0.943333 0.029594 0.027073
0.691062 0.151111 0.157826
0.187276 0.430796 0.381929
0.062169 0.453661 0.484170
0.033615 0.503315 0.463070
0.021634 0.490381 0.487985
0.835953 0.085370 0.078677
0.199124 0.409626 0.391250
0.076652 0.446307 0.477041
0.104449 0.442407 0.453144
0.059040 0.456897 0.484063
0.450444 0.273132 0.276424
0.842155 0.074040 0.083805
0.399519 0.267582 0.332898
0.079728 0.490898 0.429374
0.166164 0.418673 0.415163
0.078876 0.486972 0.434152
0.614083 0.192876 0.193041
0.855549 0.071438 0.073013
0.514074 0.248684 0.237242
0.670442 0.154046 0.175512
0.727246 0.139909 0.132845
0.082334 0.537527 0.380139
0.512837 0.260562 0.226601
0.512249 0.247373 0.240379
0.416695 0.287460 0.295845
0.140758 0.391440 0.467802
0.082458 0.450586 0.466957
0.572948 0.190221 0.236831
0.103135 0.445057 0.451808
0.824859 0.089469 0.085672
0.275999 0.363130 0.360871
0.724415 0.127907 0.147678
0.097259 0.399787 0.502954
0.074177 0.476088 0.449735
0.460140 0.262586 0.277273
0.973132 0.013605 0.013263
0.084040 0.493172 0.422788
0.477832 0.293152 0.229016
0.083284 0.475735 0.440981
0.352469 0.325968 0.321563
0.320794 0.303145 0.376060
0.941386 0.030860 0.027754
0.695681 0.149428 0.154891
0.165443 0.441693 0.392865
0.058423 0.460842 0.480735
0.038946 0.486195 0.474859
0.024245 0.491759 0.483996
0.868794 0.067908 0.063298
0.202053 0.405539 0.392408
0.083363 0.445053 0.471584
0.123473 0.434294 0.442233
0.059699 0.457260 0.483040
0.449006 0.273937 0.277056
0.843014 0.073688 0.083298
0.410385 0.263692 0.325922
0.068134 0.501143 0.430723
0.154503 0.425212 0.420284
0.074651 0.487188 0.438161
0.614460 0.192869 0.192671
0.870103 0.065442 0.064455
0.523842 0.243730 0.232428
0.658236 0.159635 0.182129
0.725544 0.140420 0.134036
0.084418 0.492093 0.423489
0.528340 0.251461 0.220199
0.505560 0.251707 0.242733
0.418678 0.286369 0.294952
0.134738 0.393675 0.471587
0.082866 0.450162 0.466972
0.582676 0.186562 0.230762
0.095042 0.448511 0.456447
0.828298 0.089486 0.082216
0.284699 0.357818 0.357483
0.760638 0.113594 0.125769
0.092202 0.397243 0.510555
0.071843 0.476399 0.451759
0.462707 0.261619 0.275674
0.975284 0.012334 0.012382
0.077802 0.501265 0.420933
0.484774 0.287516 0.227710
0.084064 0.478726 0.437210
0.339277 0.335513 0.325210
0.325525 0.303100 0.371375
0.944204 0.029448 0.026348
0.696065 0.148541 0.155394
0.190589 0.422502 0.386909
0.057793 0.461953 0.480254
0.039192 0.487785 0.473023
0.026266 0.496875 0.476858
0.868218 0.067979 0.063802
0.208062 0.403177 0.388761
0.080620 0.448137 0.471243
0.123930 0.433506 0.442564
0.063262 0.456495 0.480244
0.446886 0.274268 0.278846
0.838840 0.075561 0.085600
0.403078 0.269308 0.327614
0.073727 0.500737 0.425535
0.158673 0.424354 0.416972
0.071613 0.490409 0.437977
0.590467 0.204756 0.204778
0.863950 0.068122 0.067928
0.504560 0.253591 0.241849
0.660989 0.156970 0.182041
0.726247 0.139797 0.133956
0.076893 0.497535 0.425572
0.498146 0.268259 0.233595
0.504794 0.251516 0.243690
0.418944 0.284999 0.296057
0.126255 0.384984 0.488761
0.076948 0.452407 0.470645
0.532645 0.210960 0.256395
0.088211 0.450569 0.461220
0.823088 0.092102 0.084810
0.282667 0.357831 0.359503
0.742269 0.121030 0.136701
0.094412 0.392281 0.513307
0.069336 0.464937 0.465727
0.446912 0.268543 0.284545
0.972009 0.013876 0.014114
0.078189 0.501037 0.420774
0.478584 0.291603 0.229813
0.084349 0.475982 0.439669
0.344775 0.329176 0.326049
0.341738 0.305100 0.353163
0.937315 0.033264 0.029421
0.686671 0.153429 0.159900
0.165785 0.431185 0.403030
0.060991 0.456644 0.482365
0.035304 0.484361 0.480334
0.022763 0.493603 0.483633
0.842686 0.081118 0.076196
0.199544 0.409233 0.391223
0.077838 0.448642 0.473520
0.097993 0.446088 0.455919
0.059554 0.459455 0.480991
0.435982 0.281324 0.282694
0.822809 0.083007 0.094185
0.399752 0.267009 0.333239
0.071862 0.483930 0.444208
0.168298 0.419972 0.411730
0.076339 0.490400 0.433261
0.612167 0.192644 0.195189
0.862635 0.069250 0.068115
0.525317 0.243853 0.230830
0.659454 0.158671 0.181875
0.711389 0.147561 0.141050
0.066295 0.492600 0.441104
0.504828 0.268079 0.227093
0.507306 0.249915 0.242780
0.413182 0.287888 0.298929
0.125120 0.384737 0.490143
0.084111 0.448180 0.467708
0.563933 0.194830 0.241237
0.094467 0.447584 0.457949
0.826678 0.089892 0.083431
0.274134 0.367022 0.358844
0.738816 0.122397 0.138786
0.093457 0.395786 0.510757
0.058059 0.484593 0.457347
0.453754 0.262298 0.283948
0.976220 0.011902 0.011878
0.076525 0.503475 0.420000
0.485278 0.290070 0.224651
0.080593 0.483023 0.436384
0.345948 0.335346 0.318706
0.328255 0.302507 0.369238
0.943074 0.030102 0.026823
0.691823 0.150584 0.157593
0.192378 0.418294 0.389329
0.057558 0.460495 0.481947
0.037626 0.487283 0.475091
0.021271 0.490804 0.487925
0.867920 0.068163 0.063917
0.203946 0.407614 0.388440
0.078359 0.449903 0.471738
0.130327 0.430736 0.438937
0.059368 0.457652 0.482980
0.434264 0.281342 0.284394
0.814091 0.087073 0.098837
0.395181 0.269525 0.335294
0.078556 0.482191 0.439253
0.166894 0.421694 0.411411
0.076392 0.486364 0.437245
0.614800 0.192278 0.192922
0.857531 0.071904 0.070565
0.525920 0.242901 0.231180
0.658138 0.158664 0.183198
0.725449 0.140058 0.134494
0.070354 0.496260 0.433386
0.529623 0.249225 0.221152
0.511769 0.248092 0.240139
0.400874 0.297156 0.301970
0.131829 0.385154 0.483018
0.080846 0.448937 0.470217
0.558373 0.197216 0.244411
0.086296 0.451322 0.462382
0.816926 0.095383 0.087691
0.273957 0.366840 0.359203
0.731043 0.128132 0.140824
0.096164 0.394951 0.508884
0.057892 0.478833 0.463275
0.523586 0.231003 0.245411
0.976033 0.012162 0.011805
0.074425 0.500001 0.425574
0.484015 0.286887 0.229098
0.081350 0.477932 0.440718
0.353929 0.334419 0.311652
0.331756 0.288228 0.380016
0.945638 0.028520 0.025842
0.694534 0.149900 0.155565
0.167734 0.429736 0.402530
0.055849 0.458757 0.485394
0.037432 0.490848 0.471720
0.021762 0.493596 0.484642
0.843140 0.081059 0.075801
0.206015 0.406886 0.387100
0.078749 0.446634 0.474618
0.119002 0.434415 0.446583
0.057092 0.456247 0.486660
0.481732 0.260186 0.258082
0.842945 0.073697 0.083358
0.402710 0.267963 0.329327
0.079630 0.498569 0.421801
0.160485 0.428737 0.410778
0.075775 0.490287 0.433938
0.596114 0.201032 0.202855
0.862678 0.069818 0.067504
0.503634 0.254085 0.242281
0.657617 0.158723 0.183661
0.715509 0.145545 0.138946
0.081662 0.484539 0.433799
0.502001 0.263714 0.234285
0.490971 0.258933 0.250096
0.441480 0.276602 0.281918
0.127647 0.386436 0.485917
0.082594 0.445047 0.472359
0.570865 0.191035 0.238099
0.099091 0.442185 0.458724
0.829399 0.088844 0.081757
0.275391 0.361123 0.363486
0.749042 0.116415 0.134543
0.096959 0.386388 0.516653
0.071778 0.464927 0.463295
0.514978 0.238740 0.246282
0.975113 0.012599 0.012289
0.085531 0.490127 0.424342
0.467453 0.299470 0.233077
0.084513 0.479565 0.435922
0.351858 0.339718 0.308423
0.317320 0.299587 0.383093
0.935973 0.033579 0.030448
0.690804 0.151610 0.157586
0.156981 0.435994 0.407025
0.055826 0.458380 0.485794
0.039113 0.488196 0.472691
0.022183 0.492530 0.485287
0.842910 0.081495 0.075595
0.200129 0.408793 0.391078
0.083674 0.442798 0.473528
0.137736 0.423831 0.438432
