0.477892 0.263582 0.258526
0.503726 0.262500 0.233774
0.762273 0.113598 0.124129
0.320729 0.319751 0.359520
0.384977 0.327397 0.287626
0.347648 0.334505 0.317847
0.475167 0.267034 0.257798
0.263504 0.379527 0.356969
0.277984 0.343507 0.378510
0.510810 0.253230 0.235960
0.344562 0.326422 0.329016
0.537902 0.231733 0.230365
0.615017 0.211997 0.172986
0.440921 0.295392 0.263687
0.520553 0.248686 0.230761
0.697778 0.152604 0.149618
0.423319 0.279326 0.297354
0.433872 0.284355 0.281773
0.333851 0.324589 0.341560
0.317715 0.323704 0.358580
0.393124 0.286649 0.320228
0.625998 0.194841 0.179161
0.642353 0.172760 0.184887
0.485761 0.246818 0.267421
0.699803 0.159455 0.140742
0.174883 0.395291 0.429826
0.214403 0.377932 0.407665
0.788101 0.111595 0.100304
0.362658 0.330585 0.306757
0.269879 0.381367 0.348754
0.519654 0.254048 0.226298
0.704560 0.144231 0.151209
0.382900 0.296391 0.320708
0.465537 0.275186 0.259277
0.463202 0.278463 0.258334
0.420402 0.278764 0.300834
0.213246 0.412583 0.374171
0.830740 0.084132 0.085128
0.532908 0.242000 0.225092
0.449068 0.280735 0.270196
0.339731 0.326405 0.333864
0.239622 0.374498 0.385881
0.564278 0.219575 0.216147
0.647224 0.184801 0.167975
0.731181 0.128719 0.140101
0.225610 0.360478 0.413912
0.486474 0.273423 0.240103
0.419784 0.297478 0.282738
0.471985 0.270387 0.257628
0.288067 0.365330 0.346603
0.243752 0.361267 0.394982
0.502241 0.257695 0.240064
0.317229 0.340067 0.342704
0.556352 0.221186 0.222462
0.521822 0.258132 0.220046
0.554454 0.234978 0.210568
0.503536 0.257431 0.239033
0.664830 0.169891 0.165280
0.460097 0.262607 0.277296
0.418686 0.290822 0.290492
0.343302 0.319503 0.337195
0.283402 0.344542 0.372056
0.370043 0.297898 0.332059
0.702973 0.155220 0.141807
0.638541 0.175091 0.186368
0.401989 0.280281 0.317730
0.670340 0.172820 0.156840
0.207638 0.384767 0.407595
0.229865 0.369516 0.400619
0.635396 0.193672 0.170932
0.400673 0.310311 0.289017
0.311578 0.363307 0.325115
0.447539 0.291672 0.260789
0.704400 0.144491 0.151109
0.626229 0.179468 0.194304
0.458866 0.280102 0.261033
0.405340 0.307239 0.287422
0.423136 0.272749 0.304116
0.304097 0.363189 0.332714
0.836127 0.082353 0.081520
0.543877 0.236235 0.219889
0.684297 0.161156 0.154547
0.367356 0.313902 0.318742
0.371664 0.310434 0.317902
0.374585 0.315274 0.310142
0.539273 0.242306 0.218421
0.694771 0.146244 0.158986
0.231111 0.354290 0.414599
0.431865 0.306331 0.261803
0.516729 0.247573 0.235698
0.425988 0.292266 0.281746
0.241315 0.389844 0.368842
0.209733 0.377997 0.412270
0.653388 0.180124 0.166489
0.374922 0.311421 0.313656
0.487258 0.254281 0.258462
0.699732 0.161193 0.139075
0.642648 0.187825 0.169527
0.434795 0.292741 0.272464
0.731070 0.137078 0.131852
0.451332 0.265804 0.282863
0.437225 0.281086 0.281689
0.364673 0.309194 0.326133
0.378626 0.297891 0.323483
0.314324 0.323877 0.361799
0.561256 0.229265 0.209479
0.664756 0.160789 0.174455
0.436617 0.267577 0.295806
0.683885 0.165504 0.150610
0.207812 0.382358 0.409830
0.175047 0.396046 0.428907
0.689816 0.164999 0.145185
0.324524 0.351384 0.324092
0.288804 0.373491 0.337705
0.623337 0.198562 0.178101
0.663648 0.163997 0.172355
0.466032 0.252603 0.281365
0.432166 0.294085 0.273749
0.446266 0.289474 0.264260
0.508338 0.235754 0.255908
0.305892 0.360240 0.333868
0.802789 0.097969 0.099242
0.529802 0.244851 0.225347
0.545608 0.231650 0.222743
0.410380 0.290122 0.299499
0.349719 0.320394 0.329887
0.537230 0.233740 0.229030
0.587754 0.219257 0.192988
0.802675 0.094340 0.102986
0.284368 0.337560 0.378071
0.378058 0.330619 0.291324
0.376343 0.319260 0.304397
0.546449 0.231129 0.222422
0.239775 0.393273 0.366952
0.200139 0.380123 0.419738
0.528612 0.244355 0.227033
0.295182 0.351525 0.353293
0.519810 0.240030 0.240160
0.626585 0.203482 0.169933
0.475118 0.278182 0.246701
0.469144 0.275470 0.255386
0.532906 0.235758 0.231336
0.468058 0.257997 0.273945
0.488503 0.256590 0.254908
0.305177 0.337810 0.357013
0.302303 0.329925 0.367772
0.359564 0.302436 0.338000
0.724910 0.142722 0.132367
0.651554 0.168369 0.180077
0.388965 0.292496 0.318540
0.720831 0.151920 0.127249
0.269076 0.348404 0.382520
0.209508 0.379243 0.411249
0.613380 0.203821 0.182799
0.329223 0.349113 0.321664
0.330167 0.350082 0.319751
0.509581 0.259538 0.230881
0.621506 0.185044 0.193450
0.390692 0.288271 0.321037
0.528677 0.242827 0.228496
0.460988 0.281818 0.257194
0.518435 0.230842 0.250723
0.251183 0.395990 0.352827
0.831649 0.084979 0.083372
0.507011 0.256219 0.236770
0.450463 0.279996 0.269541
0.405767 0.295912 0.298321
0.293329 0.348713 0.357958
0.399563 0.301737 0.298701
0.552749 0.235131 0.212119
0.749901 0.119951 0.130148
0.286633 0.334412 0.378955
0.445255 0.299160 0.255585
0.442866 0.285447 0.271687
0.494019 0.258652 0.247330
0.244122 0.389598 0.366279
0.246492 0.360771 0.392737
0.523660 0.246244 0.230096
0.329656 0.333807 0.336537
0.524995 0.236675 0.238330
0.649340 0.189051 0.161609
0.644153 0.187804 0.168043
0.460115 0.279765 0.260119
0.684676 0.159373 0.155951
0.454557 0.265355 0.280088
0.479838 0.259189 0.260973
0.323962 0.328322 0.347716
0.303638 0.330487 0.365875
0.420251 0.276083 0.303666
0.637943 0.188404 0.173653
0.640040 0.174120 0.185841
0.428034 0.273930 0.298037
0.617831 0.201905 0.180264
0.238332 0.360227 0.401441
0.207581 0.381253 0.411166
0.681471 0.167619 0.150910
0.398128 0.311843 0.290029
0.352107 0.338466 0.309428
0.456606 0.286801 0.256592
0.607748 0.191864 0.200388
0.462954 0.258085 0.278961
0.554039 0.229734 0.216227
0.453282 0.283271 0.263448
0.467128 0.254656 0.278216
0.365232 0.329773 0.304994
0.813496 0.092719 0.093785
0.496727 0.260706 0.242567
0.625244 0.191265 0.183491
0.319600 0.338083 0.342317
0.335488 0.327939 0.336573
0.444196 0.280173 0.275630
0.555665 0.236068 0.208267
0.766406 0.112027 0.121567
0.293822 0.327126 0.379052
0.382626 0.333009 0.284366
0.582717 0.213292 0.203992
0.434289 0.288390 0.277320
0.229102 0.398506 0.372392
0.191712 0.386381 0.421907
0.521478 0.247612 0.230910
0.386025 0.305930 0.308045
0.542102 0.228089 0.229809
0.609090 0.209420 0.181490
0.487893 0.271017 0.241091
0.577029 0.219389 0.203582
0.710152 0.147532 0.142316
0.499668 0.242150 0.258181
0.458733 0.270959 0.270308
0.331560 0.325072 0.343367
0.312446 0.325122 0.362432
0.406924 0.280579 0.312497
0.576605 0.220216 0.203180
0.568454 0.206788 0.224759
0.357355 0.306816 0.335829
0.647057 0.188527 0.164416
0.240313 0.362224 0.397464
0.265619 0.353048 0.381334
0.743031 0.135005 0.121964
0.332805 0.347222 0.319973
0.260369 0.385930 0.353701
0.630707 0.194729 0.174564
0.625924 0.182883 0.191192
0.621040 0.178987 0.199973
0.383815 0.317472 0.298713
0.475610 0.274051 0.250339
0.472983 0.253497 0.273520
0.350244 0.338480 0.311277
0.827957 0.085576 0.086467
0.500200 0.260298 0.239501
0.485367 0.262713 0.251920
0.389022 0.304302 0.306676
0.319765 0.335218 0.345018
0.456774 0.273939 0.269287
0.524086 0.258381 0.217533
0.798654 0.096287 0.105059
0.286318 0.330799 0.382883
0.446040 0.299005 0.254956
0.342431 0.336762 0.320806
0.478114 0.266313 0.255574
0.245385 0.393615 0.361001
0.208716 0.376094 0.415190
0.513401 0.252448 0.234151
0.355044 0.321149 0.323807
0.490501 0.253883 0.255617
0.654741 0.187146 0.158113
0.637498 0.193507 0.168995
0.554198 0.231282 0.214520
0.729755 0.137554 0.132691
0.549279 0.218672 0.232049
0.475803 0.262456 0.261741
0.314221 0.333135 0.352644
0.314018 0.321327 0.364655
0.427962 0.269613 0.302424
0.670309 0.172292 0.157399
0.666317 0.160943 0.172740
0.418142 0.280183 0.301676
0.656989 0.187467 0.155544
0.274620 0.343134 0.382246
0.189164 0.388926 0.421911
0.594524 0.213318 0.192158
0.356277 0.334064 0.309659
0.349759 0.338219 0.312022
0.447834 0.293399 0.258766
0.722977 0.135772 0.141251
0.298989 0.331148 0.369864
0.529069 0.242601 0.228330
0.451101 0.285080 0.263819
0.483273 0.249344 0.267383
0.282303 0.380295 0.337402
0.846900 0.076693 0.076407
0.478667 0.271874 0.249459
0.577145 0.215868 0.206988
0.340604 0.329041 0.330355
0.267654 0.360325 0.372021
0.493260 0.254664 0.252077
0.541487 0.241267 0.217246
0.837911 0.077527 0.084562
0.346839 0.303076 0.350085
0.383625 0.328728 0.287647
0.435225 0.289494 0.275281
0.458501 0.277171 0.264328
0.264376 0.379010 0.356615
0.302956 0.334523 0.362520
0.524887 0.245904 0.229209
0.323682 0.336846 0.339472
0.484705 0.256571 0.258723
0.633237 0.196667 0.170096
0.708646 0.153392 0.137961
0.516510 0.249884 0.233607
0.682877 0.161396 0.155726
0.513023 0.236127 0.250850
0.457123 0.269687 0.273190
0.348611 0.317187 0.334202
0.283079 0.339280 0.377641
0.378869 0.296490 0.324641
0.616094 0.200645 0.183261
0.629245 0.178509 0.192245
0.371607 0.294180 0.334214
0.705843 0.153582 0.140576
0.270260 0.348083 0.381657
0.204784 0.383312 0.411904
0.830775 0.089876 0.079350
0.419531 0.301169 0.279300
0.335251 0.350844 0.313905
0.512919 0.257492 0.229589
0.604308 0.193351 0.202340
0.626938 0.180867 0.192195
0.588856 0.212869 0.198275
0.408342 0.309475 0.282182
0.436477 0.266543 0.296980
0.364900 0.330207 0.304893
0.785346 0.106666 0.107988
0.531092 0.242043 0.226865
0.576721 0.215729 0.207550
0.338328 0.329914 0.331757
0.319513 0.336147 0.344340
0.450700 0.277603 0.271697
0.603542 0.215865 0.180593
0.830520 0.081253 0.088226
0.240228 0.349978 0.409794
0.465257 0.288737 0.246006
0.325056 0.345347 0.329598
0.522517 0.243372 0.234111
0.257203 0.387356 0.355442
0.256508 0.356593 0.386899
0.536138 0.240809 0.223053
0.407213 0.295018 0.297770
0.560448 0.217733 0.221820
0.570184 0.232549 0.197267
0.530997 0.250549 0.218455
0.522457 0.247325 0.230218
0.703945 0.149733 0.146322
0.528356 0.228231 0.243413
0.432312 0.282209 0.285479
0.319762 0.331582 0.348656
0.321649 0.317048 0.361304
0.431360 0.268905 0.299735
0.705205 0.152475 0.142320
0.648387 0.168395 0.183218
0.466202 0.253748 0.280050
0.718402 0.152458 0.129140
0.231388 0.362731 0.405881
0.217760 0.375333 0.406908
0.849283 0.078995 0.071722
0.400295 0.311509 0.288195
0.317020 0.356904 0.326076
0.478173 0.276526 0.245301
0.609610 0.190233 0.200157
0.591006 0.193004 0.215990
0.500351 0.256996 0.242653
0.401734 0.311258 0.287008
0.419497 0.278979 0.301525
0.312618 0.363330 0.324053
0.826264 0.086228 0.087508
0.468787 0.276871 0.254342
0.569488 0.219688 0.210824
0.330761 0.328840 0.340399
0.336809 0.327313 0.335878
0.435705 0.284103 0.280192
0.549520 0.240451 0.210029
0.822324 0.084826 0.092850
0.270114 0.336668 0.393218
0.444454 0.294410 0.261136
0.390135 0.311862 0.298003
0.430353 0.291070 0.278577
0.249722 0.386226 0.364052
0.316440 0.325112 0.358447
0.503576 0.257902 0.238523
0.307508 0.345178 0.347314
0.593549 0.202469 0.203982
0.555684 0.240131 0.204185
0.521558 0.251577 0.226865
0.482824 0.268349 0.248827
0.601819 0.201442 0.196739
0.401490 0.290286 0.308224
0.437977 0.280269 0.281754
0.315019 0.333549 0.351433
0.425031 0.274261 0.300709
0.441240 0.266610 0.292150
0.672148 0.170492 0.157360
0.668802 0.160446 0.170752
0.443391 0.264891 0.291718
0.567697 0.229580 0.202724
0.198312 0.385150 0.416539
0.214835 0.377901 0.407264
0.849703 0.078777 0.071520
0.357626 0.334260 0.308114
0.295803 0.369505 0.334691
0.493890 0.268463 0.237647
0.714973 0.139203 0.145824
0.501149 0.239322 0.259529
0.464429 0.275422 0.260149
0.433951 0.294659 0.271390
0.464377 0.255642 0.279981
0.287365 0.377178 0.335457
0.858011 0.071159 0.070830
0.529362 0.243977 0.226662
0.635124 0.185732 0.179144
0.360707 0.316964 0.322329
0.332790 0.329404 0.337806
0.501771 0.250391 0.247838
0.502178 0.265604 0.232218
0.875792 0.059801 0.064407
0.276972 0.342917 0.380111
0.473390 0.281245 0.245365
0.527629 0.241731 0.230640
0.435318 0.288190 0.276492
0.230942 0.395480 0.373578
0.291557 0.339906 0.368538
0.489433 0.263119 0.247447
0.379714 0.309085 0.311202
0.420119 0.287312 0.292569
0.551389 0.241698 0.206913
0.585099 0.218031 0.196869
0.552576 0.231066 0.216358
0.714183 0.144048 0.141769
0.412839 0.285147 0.302014
0.459032 0.269846 0.271122
0.311061 0.336121 0.352818
0.450821 0.262006 0.287173
0.486490 0.245046 0.268464
0.618210 0.197034 0.184756
0.655409 0.166249 0.178342
0.394191 0.285945 0.319864
0.733471 0.139132 0.127398
0.277619 0.347504 0.374877
0.237440 0.367416 0.395144
0.794275 0.107289 0.098436
0.379826 0.321657 0.298518
0.349278 0.341951 0.308771
0.450172 0.288900 0.260928
0.759888 0.117014 0.123097
0.332270 0.314644 0.353086
0.539765 0.236412 0.223823
0.474548 0.273318 0.252134
0.407279 0.281954 0.310767
0.381966 0.321373 0.296661
0.830520 0.084314 0.085166
0.527767 0.245992 0.226240
0.452729 0.279310 0.267961
0.394212 0.302318 0.303470
0.315130 0.337973 0.346898
0.492983 0.256070 0.250947
0.581735 0.226702 0.191563
0.833483 0.079464 0.087053
0.302069 0.322903 0.375027
0.379604 0.335367 0.285029
0.503513 0.254109 0.242379
0.532617 0.238352 0.229030
0.258765 0.383242 0.357993
0.189765 0.385114 0.425122
0.506955 0.254996 0.238049
0.336718 0.330457 0.332825
0.457087 0.273132 0.269780
0.625703 0.206159 0.168139
0.560886 0.232326 0.206787
0.526366 0.245609 0.228025
0.723224 0.139960 0.136816
0.474149 0.254765 0.271085
0.441331 0.280491 0.278178
0.306444 0.337444 0.356112
0.309703 0.329435 0.360861
0.390733 0.286423 0.322844
0.546588 0.235974 0.217439
0.637309 0.173739 0.188953
0.442763 0.267284 0.289954
0.644877 0.188572 0.166551
0.189307 0.390687 0.420007
0.217879 0.375144 0.406977
0.604962 0.208376 0.186662
0.370707 0.327538 0.301755
0.285183 0.373728 0.341089
0.552272 0.236907 0.210821
0.728381 0.132610 0.139010
0.465548 0.249830 0.284623
0.381601 0.319389 0.299011
0.384138 0.322788 0.293074
0.489597 0.245873 0.264529
0.253476 0.391145 0.355379
0.872153 0.063925 0.063922
0.493681 0.264291 0.242027
0.665628 0.170869 0.163503
0.420525 0.283947 0.295528
0.310384 0.339976 0.349640
0.407559 0.297902 0.294539
0.600029 0.213754 0.186217
0.819423 0.086176 0.094401
0.317759 0.311482 0.370758
0.388029 0.324290 0.287681
0.419016 0.297826 0.283158
0.445913 0.282018 0.272069
0.286509 0.371738 0.341754
0.251690 0.361608 0.386702
0.527645 0.245499 0.226856
0.350814 0.323630 0.325557
0.555264 0.222008 0.222728
0.487972 0.278104 0.233923
0.469676 0.282706 0.247617
0.571413 0.221031 0.207556
0.705036 0.148299 0.146666
0.413431 0.285055 0.301514
0.454951 0.272981 0.272068
0.308794 0.335934 0.355272
0.456667 0.254933 0.288399
0.328182 0.323155 0.348663
0.640942 0.185887 0.173171
0.661495 0.164422 0.174084
0.411985 0.281040 0.306975
0.645701 0.185152 0.169147
0.245403 0.357492 0.397105
0.200019 0.386471 0.413510
0.787935 0.110634 0.101430
0.405611 0.308031 0.286358
0.363535 0.332500 0.303965
0.501105 0.264391 0.234504
0.728654 0.132513 0.138833
0.414627 0.284709 0.300664
0.421274 0.296998 0.281728
0.399614 0.311016 0.289370
0.444947 0.266984 0.288069
0.328080 0.348792 0.323128
0.835724 0.081630 0.082647
0.487172 0.264397 0.248431
0.593206 0.207791 0.199003
0.363686 0.314443 0.321870
0.354829 0.318504 0.326667
0.525006 0.239583 0.235411
0.554373 0.242431 0.203196
0.771293 0.109884 0.118823
0.323001 0.315912 0.361087
0.373238 0.332864 0.293897
0.366261 0.323979 0.309760
0.530391 0.239610 0.230000
0.276968 0.376908 0.346124
0.277611 0.347575 0.374815
0.524639 0.246087 0.229274
0.358142 0.319536 0.322322
0.499911 0.248411 0.251678
0.608768 0.212558 0.178674
0.525570 0.252897 0.221534
0.516262 0.249982 0.233756
0.714970 0.143131 0.141898
0.375006 0.304556 0.320438
0.551958 0.222597 0.225445
0.304316 0.339808 0.355876
0.460614 0.252836 0.286551
0.433538 0.271613 0.294849
0.729234 0.140417 0.130349
0.516071 0.234086 0.249843
0.352323 0.303785 0.343893
0.669456 0.175988 0.154557
0.271327 0.343952 0.384721
0.152429 0.408293 0.439278
0.751304 0.129980 0.118716
0.409920 0.305452 0.284628
0.421422 0.305162 0.273415
0.441155 0.294123 0.264722
0.737896 0.127725 0.134379
0.500320 0.238222 0.261458
0.533210 0.239962 0.226828
0.353800 0.335827 0.310373
0.432323 0.267248 0.300429
0.313967 0.357619 0.328414
0.840294 0.079150 0.080556
0.520177 0.248350 0.231473
0.479430 0.265979 0.254591
0.333155 0.331581 0.335264
0.270339 0.360552 0.369109
0.484859 0.259431 0.255711
0.544147 0.248949 0.206904
0.794027 0.098865 0.107107
0.284164 0.328508 0.387328
0.374487 0.338452 0.287061
0.418472 0.297478 0.284050
0.467144 0.272261 0.260596
0.218523 0.404465 0.377012
0.244849 0.361618 0.393533
0.534133 0.242022 0.223845
0.348278 0.324483 0.327238
0.584753 0.205360 0.209888
0.625820 0.201385 0.172795
0.735100 0.140423 0.124476
0.550560 0.232548 0.216892
0.639528 0.181984 0.178488
0.474870 0.255830 0.269300
0.455828 0.270195 0.273977
0.340163 0.320807 0.339030
0.252720 0.353836 0.393444
0.421900 0.277670 0.300430
0.494840 0.262945 0.242215
0.658324 0.164855 0.176821
0.442093 0.266902 0.291005
0.671184 0.175516 0.153299
0.266128 0.349572 0.384300
0.154255 0.407745 0.438000
0.831012 0.088999 0.079990
0.348143 0.337585 0.314273
0.346528 0.340413 0.313059
0.508538 0.259411 0.232051
0.671990 0.159871 0.168139
0.428241 0.275862 0.295897
0.416060 0.301243 0.282697
0.426807 0.297528 0.275665
0.441381 0.268502 0.290117
0.238040 0.405903 0.356057
0.841047 0.078948 0.080005
0.547398 0.233627 0.218975
0.455401 0.278235 0.266364
0.320521 0.336428 0.343051
0.338930 0.327169 0.333901
0.491773 0.253753 0.254475
0.458921 0.288205 0.252875
0.870306 0.062072 0.067623
0.244616 0.347288 0.408095
0.498473 0.269717 0.231810
0.530097 0.238687 0.231216
0.467628 0.271721 0.260651
0.247248 0.386729 0.366023
0.284262 0.343610 0.372128
0.605556 0.204872 0.189572
0.403429 0.297044 0.299528
0.568476 0.216777 0.214747
0.613672 0.206388 0.179940
0.452172 0.288108 0.259720
0.519414 0.248798 0.231789
0.460242 0.272351 0.267407
0.414282 0.284642 0.301076
0.454625 0.273409 0.271966
0.357904 0.313053 0.329043
0.455266 0.261077 0.283657
0.264930 0.350907 0.384163
0.650675 0.181181 0.168145
0.634993 0.176490 0.188518
0.349940 0.311760 0.338300
0.701714 0.155576 0.142710
0.243568 0.366433 0.389998
0.274748 0.349677 0.375575
0.730659 0.140771 0.128570
0.363593 0.329747 0.306660
0.276377 0.376995 0.346628
0.555724 0.235019 0.209257
0.740909 0.126340 0.132750
0.562482 0.208177 0.229341
0.499650 0.256777 0.243573
0.468787 0.276072 0.255141
0.432271 0.272569 0.295160
0.367889 0.327632 0.304479
0.793886 0.102919 0.103195
0.526143 0.246962 0.226895
0.633895 0.186646 0.179460
0.312157 0.338479 0.349364
0.284701 0.352632 0.362666
0.470244 0.267271 0.262485
0.573221 0.225189 0.201591
0.782468 0.104265 0.113268
0.272565 0.339212 0.388224
0.440776 0.295602 0.263622
0.488759 0.260819 0.250422
0.443601 0.284440 0.271959
0.252963 0.386265 0.360772
0.213523 0.377297 0.409180
0.504222 0.256721 0.239057
0.327213 0.334887 0.337900
0.523818 0.237374 0.238808
0.674751 0.174190 0.151058
0.682841 0.167859 0.149300
0.432371 0.293647 0.273982
0.606947 0.199281 0.193772
0.534027 0.226306 0.239667
0.422735 0.287371 0.289893
0.336106 0.323191 0.340703
0.269380 0.345881 0.384739
0.365262 0.301899 0.332839
0.688460 0.162835 0.148705
0.544184 0.221045 0.234771
0.400067 0.288061 0.311872
0.629058 0.198544 0.172399
0.196082 0.383122 0.420795
0.251804 0.359799 0.388397
0.674697 0.173100 0.152203
0.325329 0.349638 0.325033
0.272441 0.378464 0.349095
0.486253 0.271190 0.242557
0.738356 0.127932 0.133712
0.448780 0.262148 0.289072
0.472667 0.273191 0.254142
0.478127 0.269974 0.251899
0.561035 0.211670 0.227295
0.307964 0.362814 0.329223
0.859098 0.070043 0.070859
0.490656 0.266097 0.243246
0.655834 0.175860 0.168306
0.426813 0.282251 0.290935
0.360746 0.315509 0.323745
0.455747 0.273664 0.270589
0.520174 0.261177 0.218649
0.874385 0.060650 0.064965
0.316031 0.314810 0.369160
0.477275 0.275949 0.246776
0.484848 0.263484 0.251668
0.457465 0.277158 0.265377
0.244085 0.390988 0.364927
0.235998 0.367895 0.396108
0.603657 0.206024 0.190320
0.395430 0.301330 0.303240
0.456910 0.273022 0.270068
0.574275 0.228149 0.197577
0.653494 0.183545 0.162961
0.426756 0.296460 0.276785
0.574505 0.214548 0.210946
0.483491 0.251636 0.264873
0.442443 0.279895 0.277662
0.323776 0.329030 0.347193
0.322506 0.320712 0.356782
0.389467 0.292509 0.318024
0.592094 0.212071 0.195835
0.662348 0.163296 0.174356
0.336130 0.317892 0.345979
0.639986 0.188122 0.171891
0.275693 0.345767 0.378539
0.215467 0.379264 0.405270
0.839613 0.084304 0.076083
0.361469 0.331528 0.307003
0.335298 0.346985 0.317717
0.474957 0.276512 0.248532
0.718562 0.137174 0.144264
0.552742 0.217094 0.230164
0.442545 0.287331 0.270124
0.451564 0.285475 0.262961
0.435014 0.271139 0.293847
0.358564 0.337777 0.303659
0.852044 0.073406 0.074550
0.429928 0.293906 0.276166
0.613651 0.196828 0.189521
0.358155 0.319531 0.322314
0.360383 0.315707 0.323910
0.450435 0.275577 0.273988
0.536750 0.246991 0.216260
0.839123 0.077157 0.083721
0.253245 0.352818 0.393938
0.463969 0.284909 0.251122
0.351444 0.332243 0.316314
0.489196 0.260454 0.250350
0.252716 0.386731 0.360553
0.287510 0.343349 0.369141
0.522671 0.246821 0.230509
0.331737 0.332849 0.335415
0.461056 0.269719 0.269225
0.662934 0.183390 0.153675
0.714816 0.151029 0.134156
0.496533 0.259627 0.243841
0.747102 0.127625 0.125272
0.491985 0.248406 0.259609
0.454486 0.273751 0.271763
0.331447 0.325614 0.342940
0.312427 0.324855 0.362718
0.338646 0.315627 0.345727
0.609904 0.202587 0.187509
0.652454 0.168705 0.178841
0.399010 0.287649 0.313341
0.697186 0.158290 0.144524
0.190886 0.389198 0.419916
0.342275 0.316546 0.341179
0.726228 0.144362 0.129410
0.430365 0.294483 0.275152
0.266510 0.382740 0.350750
0.427690 0.302694 0.269616
0.690273 0.151270 0.158457
0.599464 0.191343 0.209193
0.347752 0.337781 0.314467
0.487439 0.266772 0.245789
0.482690 0.249337 0.267973
0.328700 0.348354 0.322946
0.831823 0.084585 0.083592
0.588702 0.214164 0.197134
0.519040 0.245577 0.235383
0.403481 0.295363 0.301156
0.349068 0.320848 0.330084
0.561316 0.222038 0.216646
0.635491 0.192282 0.172227
0.719550 0.133769 0.146681
0.267225 0.337481 0.395293
0.361031 0.342030 0.296939
0.369139 0.323427 0.307434
0.485248 0.263093 0.251659
0.222088 0.399239 0.378673
0.249635 0.356409 0.393956
0.619504 0.197609 0.182887
0.396657 0.300337 0.303006
0.477986 0.260668 0.261346
0.671620 0.176441 0.151939
0.609836 0.204754 0.185410
0.555312 0.230378 0.214311
0.691882 0.156919 0.151199
0.430586 0.277926 0.291488
0.498261 0.250894 0.250845
0.324168 0.328545 0.347287
0.248485 0.359882 0.391633
0.405645 0.280482 0.313873
0.640371 0.188169 0.171460
0.615390 0.186581 0.198029
0.447070 0.264344 0.288586
0.627438 0.196721 0.175841
0.215213 0.376608 0.408179
0.376625 0.299327 0.324048
0.708026 0.155373 0.136601
0.383779 0.319070 0.297151
0.280225 0.376422 0.343353
0.612919 0.203786 0.183295
0.745525 0.124239 0.130237
0.638154 0.173313 0.188533
0.427920 0.294754 0.277326
0.419069 0.301500 0.279431
0.447085 0.264425 0.288490
0.229556 0.404086 0.366358
0.857890 0.070282 0.071829
0.518703 0.249380 0.231916
0.572697 0.218047 0.209256
0.362290 0.317962 0.319748
0.267146 0.362137 0.370718
0.429224 0.286821 0.283955
0.492823 0.278412 0.228766
0.843764 0.074731 0.081506
0.305919 0.327209 0.366872
0.387041 0.333768 0.279191
0.458798 0.276651 0.264551
0.434882 0.288080 0.277038
0.214937 0.411484 0.373580
0.315187 0.327250 0.357563
0.637788 0.187660 0.174552
0.334926 0.331356 0.333718
0.486923 0.254164 0.258913
0.589072 0.222695 0.188234
0.645680 0.188283 0.166037
0.484365 0.266740 0.248895
0.546115 0.228484 0.225402
0.384936 0.299959 0.315105
0.449531 0.274358 0.276111
0.340789 0.320590 0.338620
0.389484 0.292303 0.318213
0.401766 0.286718 0.311516
0.643429 0.184994 0.171577
0.586041 0.200415 0.213543
0.478337 0.246605 0.275058
0.677643 0.172401 0.149957
0.262780 0.355423 0.381797
0.319875 0.328240 0.351885
0.670862 0.172436 0.156703
0.412027 0.304088 0.283885
0.349035 0.342209 0.308756
0.569485 0.227637 0.202877
0.690413 0.151948 0.157639
0.676843 0.155916 0.167241
0.403035 0.308042 0.288923
0.379178 0.322394 0.298429
0.418507 0.276564 0.304929
0.330361 0.349400 0.320240
0.808094 0.096451 0.095455
0.514894 0.251100 0.234005
0.596872 0.205373 0.197755
0.410487 0.290440 0.299073
0.384237 0.303727 0.312036
0.396422 0.303731 0.299846
0.546325 0.236511 0.217164
0.827425 0.082326 0.090248
0.253484 0.348325 0.398192
0.400552 0.317965 0.281483
0.547532 0.231578 0.220889
0.499483 0.254860 0.245657
0.262972 0.378688 0.358339
0.186151 0.385915 0.427934
0.538029 0.239277 0.222694
0.398942 0.299033 0.302025
0.466171 0.266164 0.267665
0.649446 0.189573 0.160981
0.500392 0.261876 0.237732
0.536372 0.240673 0.222955
0.678804 0.161781 0.159415
0.480458 0.252372 0.267171
0.433652 0.283423 0.282925
0.340003 0.320857 0.339139
0.264992 0.352733 0.382275
0.438580 0.267319 0.294101
0.603864 0.205449 0.190688
0.635872 0.176372 0.187756
0.361464 0.303880 0.334656
0.641373 0.195396 0.163230
0.200967 0.386963 0.412070
0.183075 0.393759 0.423166
0.481892 0.273132 0.244975
0.395191 0.313278 0.291531
0.263096 0.386218 0.350686
0.471960 0.280058 0.247982
0.724677 0.134816 0.140508
0.494406 0.244407 0.261186
0.557431 0.228274 0.214295
0.375586 0.323160 0.301254
0.403011 0.286128 0.310861
0.369067 0.330080 0.300854
0.843420 0.078568 0.078012
0.525122 0.245633 0.229245
0.565989 0.221678 0.212333
0.378911 0.306699 0.314389
0.286244 0.351894 0.361862
0.352759 0.325368 0.321873
0.612612 0.205375 0.182014
0.782623 0.104300 0.113077
0.276532 0.332032 0.391437
0.379375 0.330291 0.290334
0.698233 0.154542 0.147225
0.434725 0.288399 0.276877
0.272853 0.377898 0.349250
0.176191 0.396719 0.427090
0.519774 0.249447 0.230779
0.317668 0.339979 0.342353
0.505417 0.247952 0.246631
0.576311 0.227155 0.196534
0.661286 0.180776 0.157938
0.465135 0.276889 0.257976
0.528513 0.236758 0.234729
0.417326 0.283815 0.298859
0.481615 0.260207 0.258178
0.347308 0.318372 0.334321
0.372749 0.297959 0.329293
0.411158 0.283208 0.305635
0.632226 0.190685 0.177089
0.625056 0.181770 0.193175
0.478663 0.249220 0.272117
0.668280 0.174677 0.157043
0.175609 0.394372 0.430019
0.155587 0.407644 0.436769
0.721824 0.145539 0.132637
0.344853 0.339425 0.315721
0.296273 0.367001 0.336725
0.546545 0.238243 0.215213
0.663224 0.164981 0.171795
0.645564 0.171435 0.183001
0.399158 0.308552 0.292291
0.420873 0.299877 0.279250
0.399416 0.289743 0.310842
0.246808 0.391761 0.361431
0.828269 0.086310 0.085420
0.516238 0.249884 0.233878
0.460743 0.274890 0.264367
0.369079 0.313372 0.317549
0.268233 0.360480 0.371287
0.372060 0.316021 0.311919
0.532820 0.246933 0.220247
0.840021 0.076813 0.083166
0.347975 0.307475 0.344550
0.392531 0.323656 0.283812
0.566082 0.222419 0.211500
0.510174 0.250943 0.238883
0.265223 0.378701 0.356075
0.213655 0.376552 0.409794
0.476318 0.270768 0.252914
0.325468 0.336196 0.338336
0.587191 0.204643 0.208166
0.627338 0.199367 0.173295
0.534845 0.245014 0.220141
0.550544 0.232836 0.216621
0.707798 0.147670 0.144532
0.320003 0.329820 0.350177
0.474259 0.261201 0.264540
0.305170 0.337561 0.357270
0.361074 0.305390 0.333535
0.459337 0.255557 0.285105
0.609855 0.202381 0.187764
0.629803 0.178232 0.191965
0.376277 0.290949 0.332774
0.689947 0.163009 0.147044
0.192117 0.389418 0.418465
0.251630 0.359241 0.389129
0.557866 0.231770 0.210363
0.403500 0.310027 0.286473
0.281902 0.376063 0.342035
0.472345 0.277729 0.249927
0.728672 0.132502 0.138826
0.413418 0.276012 0.310570
0.531117 0.241064 0.227819
0.417025 0.305604 0.277371
0.507665 0.235661 0.256674
0.273691 0.379769 0.346540
0.842876 0.078517 0.078607
0.493977 0.263583 0.242439
0.650293 0.178221 0.171485
0.371166 0.313656 0.315179
0.368052 0.311879 0.320070
0.407209 0.297754 0.295038
0.506185 0.260714 0.233101
0.696953 0.144918 0.158129
0.298151 0.327166 0.374684
0.458632 0.288938 0.252430
0.590071 0.209963 0.199966
0.445915 0.283420 0.270665
0.256926 0.384479 0.358596
0.219541 0.370721 0.409738
0.523778 0.246405 0.229816
0.299260 0.349329 0.351411
0.539170 0.230672 0.230157
0.633190 0.195771 0.171039
0.558295 0.233991 0.207714
0.420433 0.300772 0.278796
0.574516 0.214242 0.211242
0.372772 0.304423 0.322806
0.494218 0.253158 0.252623
0.349249 0.317484 0.333267
0.451112 0.262247 0.286640
0.359899 0.300718 0.339383
0.689522 0.161414 0.149064
0.666262 0.161548 0.172190
0.400762 0.284702 0.314536
0.577967 0.219206 0.202827
0.182493 0.393666 0.423841
0.222792 0.373577 0.403631
0.641380 0.188048 0.170572
0.422229 0.299168 0.278603
0.289862 0.373087 0.337052
0.509622 0.257970 0.232408
0.688676 0.152309 0.159015
0.387020 0.293328 0.319652
0.475603 0.269611 0.254786
0.428929 0.295852 0.275219
0.404861 0.284876 0.310263
0.299239 0.362179 0.338582
0.797676 0.101105 0.101219
0.484598 0.266811 0.248591
0.640339 0.183626 0.176035
0.407793 0.292940 0.299267
0.294949 0.348544 0.356507
0.408815 0.297660 0.293525
0.484054 0.276289 0.239656
0.819162 0.086662 0.094176
0.318835 0.321536 0.359629
0.393559 0.321808 0.284632
0.463692 0.274365 0.261942
0.587729 0.210188 0.202083
0.224862 0.400714 0.374424
0.279031 0.348909 0.372060
0.619273 0.196697 0.184031
0.403979 0.297095 0.298926
0.486692 0.255223 0.258085
0.669693 0.177354 0.152954
0.632132 0.194428 0.173440
0.586377 0.213738 0.199885
0.738267 0.131606 0.130126
0.498941 0.242968 0.258092
0.514811 0.242902 0.242287
0.297947 0.341643 0.360410
0.254481 0.356330 0.389189
0.407346 0.285213 0.307440
0.560982 0.227477 0.211540
0.518625 0.231816 0.249560
0.396637 0.285803 0.317559
0.633260 0.199971 0.166769
0.171881 0.398747 0.429372
0.201542 0.385506 0.412952
0.586192 0.215926 0.197882
0.344812 0.340463 0.314725
0.395982 0.315624 0.288394
0.506965 0.260140 0.232895
0.702503 0.145237 0.152261
0.487522 0.248674 0.263804
0.496264 0.259065 0.244671
0.483264 0.270309 0.246427
0.418292 0.279054 0.302653
0.321921 0.361861 0.316217
0.827703 0.085771 0.086526
0.505496 0.255375 0.239129
0.599085 0.204685 0.196230
0.407845 0.295138 0.297018
0.369136 0.310951 0.319913
0.515456 0.242518 0.242026
0.535753 0.250480 0.213767
0.869740 0.062469 0.067791
0.299999 0.330050 0.369951
0.373401 0.338479 0.288120
0.430553 0.291978 0.277469
0.504239 0.252248 0.243513
0.235764 0.400190 0.364046
0.278326 0.345403 0.376271
0.544315 0.235707 0.219978
0.396296 0.300592 0.303112
0.480105 0.260118 0.259777
0.552325 0.245562 0.202114
0.731104 0.143933 0.124963
0.542478 0.237078 0.220444
0.692082 0.154988 0.152930
0.409230 0.287308 0.303462
0.600694 0.200322 0.198984
0.323264 0.330192 0.346544
0.464261 0.250063 0.285676
0.425768 0.273176 0.301056
0.603620 0.205470 0.190910
0.517229 0.233460 0.249311
0.349231 0.312466 0.338303
0.587561 0.213782 0.198657
0.196547 0.383129 0.420324
0.217702 0.375699 0.406599
0.806265 0.101043 0.092693
0.411640 0.304513 0.283848
0.415882 0.305405 0.278713
0.422101 0.305687 0.272212
0.678843 0.157190 0.163967
0.610905 0.183685 0.205410
0.365668 0.325896 0.308436
0.488686 0.264611 0.246703
0.393409 0.292693 0.313898
0.379514 0.320402 0.300084
0.826667 0.087212 0.086121
0.502369 0.259031 0.238600
0.663243 0.171869 0.164888
0.308044 0.344336 0.347619
0.292347 0.348820 0.358833
0.377157 0.312654 0.310188
0.511126 0.257361 0.231513
0.843689 0.075409 0.080902
0.270926 0.337818 0.391256
0.450939 0.295611 0.253450
0.585854 0.211915 0.202232
0.420841 0.296502 0.282657
0.215042 0.403926 0.381033
0.170275 0.399041 0.430684
0.534013 0.241501 0.224486
0.314237 0.341522 0.344241
0.454257 0.272907 0.272836
0.564655 0.232512 0.202832
0.712264 0.151628 0.136109
0.428413 0.295062 0.276525
0.552703 0.225321 0.221976
0.459224 0.262369 0.278407
0.455567 0.273052 0.271381
0.311330 0.334824 0.353846
0.448148 0.265029 0.286823
0.407559 0.284211 0.308230
0.528214 0.244895 0.226890
0.665514 0.161236 0.173251
0.373350 0.298426 0.328223
0.640182 0.187644 0.172174
0.175603 0.399030 0.425367
0.279043 0.347541 0.373416
0.752512 0.129901 0.117587
0.323293 0.351399 0.325308
0.266793 0.384957 0.348251
0.457233 0.287908 0.254858
0.739288 0.127379 0.133333
0.502244 0.237522 0.260234
0.513990 0.250155 0.235855
0.413009 0.305495 0.281496
0.504456 0.234119 0.261425
0.328750 0.349006 0.322244
0.798026 0.101146 0.100828
0.485812 0.266229 0.247959
0.618877 0.194762 0.186361
0.353967 0.322711 0.323322
0.339592 0.326190 0.334218
0.543580 0.230573 0.225847
0.458108 0.292730 0.249162
0.737743 0.125591 0.136666
0.248626 0.345044 0.406330
0.366966 0.342310 0.290724
0.375668 0.319966 0.304366
0.646978 0.180388 0.172634
0.250369 0.392400 0.357231
0.173614 0.392836 0.433550
0.549306 0.234232 0.216462
0.363537 0.317080 0.319384
0.434516 0.280024 0.285460
0.639621 0.193109 0.167270
0.542943 0.243928 0.213129
0.564046 0.225690 0.210265
0.706987 0.147109 0.145905
0.375511 0.302094 0.322395
0.469909 0.263487 0.266604
0.293227 0.344455 0.362318
0.276586 0.338500 0.384914
0.396046 0.283984 0.319970
0.659744 0.176421 0.163836
0.621075 0.181263 0.197662
0.370874 0.298413 0.330713
0.741848 0.134866 0.123287
0.267777 0.352587 0.379636
0.200075 0.383973 0.415952
0.755225 0.127729 0.117046
0.340035 0.343339 0.316626
0.252976 0.391858 0.355165
0.494833 0.265679 0.239488
0.714783 0.139930 0.145287
0.727119 0.130095 0.142786
0.422156 0.296603 0.281242
0.395097 0.315514 0.289388
0.439864 0.267929 0.292207
0.266237 0.380100 0.353663
0.815313 0.093013 0.091674
0.457706 0.280864 0.261429
0.612284 0.197770 0.189947
0.412061 0.291443 0.296496
0.338553 0.326418 0.335029
0.454076 0.275108 0.270816
0.560458 0.231564 0.207978
0.776878 0.106877 0.116246
0.343185 0.307687 0.349128
0.437236 0.298218 0.264545
0.454580 0.279251 0.266170
0.544185 0.232725 0.223090
0.266206 0.378968 0.354827
0.251613 0.361702 0.386685
0.488276 0.263992 0.247732
0.336586 0.329826 0.333588
0.500888 0.249636 0.249475
0.587503 0.221371 0.191127
0.729919 0.143884 0.126197
0.545617 0.234336 0.220048
0.625744 0.188576 0.185680
0.421233 0.281453 0.297314
0.464313 0.268640 0.267047
0.346466 0.318183 0.335350
0.359154 0.294998 0.345848
0.371269 0.302490 0.326241
0.597905 0.209117 0.192978
0.652597 0.168203 0.179199
0.371325 0.299485 0.329190
0.664555 0.177765 0.157681
0.172414 0.392997 0.434589
0.322731 0.327632 0.349637
0.786838 0.112100 0.101062
0.337285 0.343557 0.319158
0.372252 0.327374 0.300374
0.512607 0.258784 0.228609
0.764401 0.115032 0.120567
0.379854 0.300968 0.319179
0.522888 0.246079 0.231033
0.476881 0.272089 0.251030
0.355147 0.309802 0.335052
0.283512 0.379680 0.336808
0.844241 0.077701 0.078057
0.511152 0.252793 0.236055
0.468594 0.271558 0.259847
0.362470 0.318811 0.318719
0.257180 0.366563 0.376257
0.426052 0.287975 0.285973
0.481546 0.271145 0.247308
0.846696 0.073831 0.079474
0.312029 0.316257 0.371714
0.451214 0.292941 0.255845
0.584028 0.213389 0.202584
0.480790 0.262560 0.256650
0.245827 0.387001 0.367172
0.171433 0.399208 0.429359
0.521905 0.248372 0.229724
0.351709 0.322485 0.325806
0.406017 0.295211 0.298772
0.631892 0.200334 0.167774
0.538046 0.242878 0.219076
0.505496 0.255561 0.238943
0.583755 0.211854 0.204391
0.458016 0.263188 0.278796
0.447607 0.275755 0.276638
0.317898 0.332300 0.349802
0.274740 0.347247 0.378013
0.456967 0.261191 0.281843
0.553487 0.233640 0.212873
0.637898 0.174489 0.187613
0.451156 0.259863 0.288981
0.696878 0.159704 0.143417
0.256229 0.360165 0.383606
0.152822 0.409074 0.438103
0.837377 0.086551 0.076072
0.359539 0.332023 0.308439
0.383731 0.323144 0.293125
0.489323 0.269339 0.241338
0.654794 0.168465 0.176741
0.613394 0.187565 0.199041
0.435030 0.292530 0.272440
0.331685 0.346504 0.321811
0.579591 0.200659 0.219749
0.277612 0.375179 0.347208
0.806840 0.097348 0.095812
0.559291 0.226420 0.214290
0.453035 0.279098 0.267867
0.427589 0.281967 0.290443
0.278609 0.355992 0.365399
0.470726 0.265987 0.263288
0.394568 0.316190 0.289242
0.853174 0.070613 0.076212
0.297347 0.329404 0.373249
0.428099 0.303737 0.268163
0.335722 0.339609 0.324669
0.559336 0.224961 0.215703
0.298713 0.361728 0.339559
0.274872 0.348512 0.376616
0.528606 0.244191 0.227203
0.296500 0.350209 0.353291
0.422602 0.288161 0.289237
0.521927 0.255884 0.222189
0.471295 0.278445 0.250260
0.528821 0.243556 0.227623
0.623629 0.189009 0.187363
0.373658 0.303789 0.322554
0.471736 0.263627 0.264637
0.344742 0.318895 0.336363
0.450130 0.259893 0.289977
0.325762 0.323176 0.351062
0.576129 0.219205 0.204666
0.657306 0.165110 0.177584
0.324418 0.319595 0.355987
0.689993 0.162892 0.147115
0.174033 0.395716 0.430251
0.270180 0.351330 0.378490
0.695300 0.158921 0.145779
0.353437 0.335894 0.310669
0.292836 0.369468 0.337697
0.468678 0.282446 0.248875
0.695078 0.149427 0.155495
0.385922 0.296057 0.318021
0.428921 0.293605 0.277474
0.384079 0.322349 0.293572
0.516371 0.232270 0.251359
0.337586 0.345392 0.317023
0.827311 0.086400 0.086289
0.572910 0.220718 0.206372
0.559269 0.225057 0.215674
0.384823 0.304754 0.310423
0.312694 0.338961 0.348345
0.471067 0.266293 0.262640
0.567700 0.231219 0.201081
0.818507 0.086868 0.094625
0.236227 0.351668 0.412105
0.424908 0.305271 0.269820
0.506819 0.252790 0.240391
0.553614 0.228558 0.217828
0.241433 0.394044 0.364523
0.229097 0.368407 0.402496
0.509030 0.254684 0.236286
0.342684 0.327444 0.329873
0.493316 0.253171 0.253513
0.612127 0.207734 0.180139
0.503688 0.264945 0.231367
0.563084 0.226259 0.210656
0.702816 0.151752 0.145432
0.431099 0.276414 0.292487
0.473909 0.263387 0.262704
0.335122 0.323816 0.341063
0.389151 0.285519 0.325330
0.413144 0.275832 0.311024
0.594664 0.212140 0.193196
0.641933 0.173396 0.184670
0.440507 0.266765 0.292729
0.665817 0.173779 0.160404
0.232185 0.362215 0.405600
0.172242 0.396965 0.430793
0.540755 0.244824 0.214420
0.444981 0.287808 0.267211
0.295571 0.368176 0.336253
0.455112 0.287580 0.257308
0.738439 0.127702 0.133859
0.615009 0.180324 0.204668
0.509139 0.253021 0.237840
0.483079 0.268902 0.248019
0.506632 0.237002 0.256366
0.207556 0.411142 0.381302
0.796583 0.100676 0.102741
0.502991 0.259414 0.237595
0.539130 0.234825 0.226045
0.394575 0.300348 0.305077
0.308691 0.341636 0.349674
