0.149963 0.423041 0.426996
0.612763 0.204468 0.182769
0.618243 0.187856 0.193902
0.367906 0.295931 0.336163
0.502666 0.265546 0.231788
0.502138 0.258518 0.239344
0.818660 0.092834 0.088506
0.436305 0.287989 0.275706
0.125280 0.414091 0.460629
0.755651 0.128596 0.115753
0.179457 0.408368 0.412175
0.762815 0.121431 0.115754
0.540594 0.248791 0.210615
0.495557 0.280706 0.223737
0.665916 0.172870 0.161214
0.351505 0.320814 0.327681
0.568333 0.209196 0.222471
0.543965 0.225175 0.230861
0.335616 0.321143 0.343241
0.408158 0.283100 0.308741
0.696286 0.146284 0.157429
0.406161 0.317593 0.276246
0.555775 0.209910 0.234315
0.803347 0.093508 0.103145
0.655291 0.181225 0.163484
0.432527 0.266196 0.301277
0.262563 0.353649 0.383788
0.892537 0.056560 0.050903
0.486730 0.271562 0.241709
0.568299 0.226320 0.205381
0.603073 0.220051 0.176877
0.535880 0.228201 0.235919
0.155422 0.409202 0.435376
0.784796 0.110121 0.105083
0.522872 0.249585 0.227543
0.190232 0.395824 0.413944
0.388404 0.314193 0.297403
0.466189 0.276210 0.257600
0.604429 0.209064 0.186507
0.027522 0.484262 0.488216
0.540858 0.227946 0.231196
0.592391 0.203108 0.204501
0.197705 0.399378 0.402917
0.599483 0.213095 0.187423
0.639024 0.179315 0.181661
0.249131 0.349109 0.401760
0.470554 0.282616 0.246830
0.476466 0.270563 0.252971
0.741420 0.132314 0.126266
0.405897 0.304537 0.289566
0.170902 0.393210 0.435888
0.789274 0.111334 0.099392
0.172019 0.413830 0.414151
0.684568 0.161751 0.153681
0.517228 0.262338 0.220434
0.508003 0.275928 0.216069
0.635832 0.188279 0.175889
0.373047 0.311132 0.315820
0.562165 0.209662 0.228173
0.542322 0.227472 0.230206
0.335266 0.320472 0.344261
0.318929 0.325116 0.355955
0.761628 0.114518 0.123855
0.313951 0.367408 0.318641
0.521131 0.227809 0.251060
0.773307 0.108002 0.118691
0.692089 0.162885 0.145026
0.407236 0.278042 0.314721
0.201963 0.383086 0.414951
0.903795 0.050705 0.045501
0.438601 0.296823 0.264576
0.513892 0.253273 0.232835
0.615025 0.211588 0.173386
0.550730 0.220988 0.228281
0.080898 0.445649 0.473454
0.716645 0.144981 0.138375
0.571074 0.225296 0.203630
0.264341 0.360595 0.375064
0.404682 0.306393 0.288924
0.510195 0.254943 0.234862
0.758078 0.128511 0.113411
0.029294 0.483643 0.487063
0.581864 0.207456 0.210680
0.720957 0.137798 0.141245
0.309616 0.343880 0.346504
0.554388 0.234915 0.210697
0.679350 0.160014 0.160636
0.277661 0.339398 0.382942
0.514341 0.257795 0.227865
0.527768 0.244034 0.228198
0.821452 0.091495 0.087054
0.427329 0.292527 0.280144
0.154963 0.401281 0.443756
0.803379 0.103868 0.092753
0.171741 0.413768 0.414490
0.770558 0.117210 0.112232
0.399482 0.325582 0.274936
0.560308 0.245165 0.194527
0.703374 0.153283 0.143343
0.430337 0.282481 0.287182
0.575784 0.204920 0.219296
0.486321 0.254806 0.258872
0.436740 0.271344 0.291916
0.334020 0.320039 0.345941
0.575247 0.203502 0.221252
0.319838 0.365506 0.314656
0.619405 0.180423 0.200173
0.746143 0.123200 0.130657
0.692270 0.163320 0.144411
0.396653 0.285663 0.317684
0.204947 0.379113 0.415940
0.900575 0.052593 0.046832
0.469072 0.280956 0.249973
0.527962 0.247511 0.224527
0.603454 0.217598 0.178947
0.405071 0.293448 0.301481
0.082738 0.441053 0.476209
0.641128 0.184067 0.174805
0.588786 0.215847 0.195367
0.221625 0.381467 0.396908
0.410359 0.303426 0.286215
0.374698 0.324207 0.301095
0.587791 0.219489 0.192720
0.035097 0.481382 0.483522
0.590647 0.202575 0.206778
0.713574 0.141431 0.144995
0.240449 0.378695 0.380856
0.600201 0.210399 0.189400
0.699225 0.149483 0.151292
0.520151 0.224586 0.255263
0.507410 0.262570 0.230020
0.454375 0.284061 0.261564
0.697361 0.154737 0.147903
0.441235 0.285255 0.273510
0.226988 0.362835 0.410177
0.803446 0.103843 0.092711
0.133088 0.430629 0.436284
0.785572 0.109529 0.104899
0.657947 0.185672 0.156381
0.576272 0.235873 0.187855
0.678066 0.166279 0.155655
0.290361 0.351944 0.357695
0.646925 0.171282 0.181793
0.515168 0.239756 0.245076
0.339848 0.318318 0.341834
0.385709 0.294589 0.319702
0.643870 0.170417 0.185713
0.421809 0.309510 0.268681
0.510097 0.230596 0.259307
0.715670 0.136082 0.148249
0.772855 0.119927 0.107217
0.432356 0.268436 0.299208
0.209928 0.376269 0.413802
0.854433 0.076524 0.069043
0.419642 0.305570 0.274788
0.564662 0.229639 0.205700
0.664137 0.186368 0.149495
0.361034 0.313785 0.325182
0.197762 0.385480 0.416758
0.706389 0.150214 0.143397
0.425397 0.300654 0.273950
0.151228 0.414682 0.434090
0.455519 0.279618 0.264863
0.199155 0.414291 0.386553
0.763390 0.125499 0.111111
0.036693 0.480096 0.483211
0.411019 0.291284 0.297697
0.720988 0.138855 0.140157
0.277998 0.359017 0.362985
0.607372 0.208810 0.183818
0.659634 0.169332 0.171035
0.413312 0.278412 0.308276
0.469552 0.281850 0.248598
0.560460 0.228639 0.210901
0.747974 0.129244 0.122782
0.459167 0.277198 0.263636
0.114586 0.419230 0.466184
0.812475 0.099403 0.088122
0.134292 0.430460 0.435248
0.746168 0.129748 0.124084
0.574719 0.230090 0.195191
0.485748 0.287969 0.226283
0.622421 0.195269 0.182311
0.323011 0.334637 0.342353
0.502869 0.239045 0.258086
0.556023 0.219453 0.224524
0.353825 0.311776 0.334399
0.410240 0.281867 0.307893
0.721539 0.134293 0.144167
0.344754 0.350535 0.304711
0.567816 0.202867 0.229317
0.756217 0.116126 0.127657
0.740218 0.136118 0.123664
0.412328 0.275407 0.312265
0.167321 0.399198 0.433481
0.915013 0.044436 0.040551
0.505456 0.261270 0.233274
0.545867 0.238994 0.215139
0.676949 0.179549 0.143502
0.466863 0.260082 0.273055
0.128483 0.421941 0.449576
0.781378 0.112020 0.106602
0.442428 0.292256 0.265316
0.209216 0.386334 0.404451
0.431591 0.292005 0.276405
0.363187 0.329961 0.306852
0.645696 0.187587 0.166718
0.045494 0.476302 0.478204
0.571378 0.213413 0.215209
0.588130 0.203900 0.207970
0.293786 0.351623 0.354591
0.536853 0.246708 0.216439
0.629964 0.184721 0.185315
0.291283 0.337817 0.370900
0.489489 0.272959 0.237552
0.476978 0.272369 0.250653
0.794828 0.104963 0.100209
0.380935 0.315872 0.303194
0.166776 0.394409 0.438816
0.806002 0.102633 0.091365
0.142025 0.425969 0.432006
0.821113 0.091692 0.087195
0.570585 0.231693 0.197722
0.568586 0.238523 0.192891
0.655307 0.178234 0.166459
0.400787 0.296846 0.302367
0.629930 0.176130 0.193940
0.479267 0.258209 0.262525
0.373161 0.303482 0.323357
0.365880 0.304668 0.329452
0.667989 0.159741 0.172270
0.345020 0.350552 0.304428
0.526193 0.221143 0.252663
0.776545 0.108832 0.114624
0.655756 0.180479 0.163765
0.482007 0.245028 0.272966
0.161309 0.402897 0.435794
0.893758 0.055680 0.050561
0.452980 0.291214 0.255807
0.585450 0.216128 0.198423
0.609407 0.216997 0.173595
0.369193 0.308760 0.322047
0.143926 0.415412 0.440662
0.742996 0.131550 0.125453
0.364661 0.334494 0.300845
0.241415 0.371873 0.386713
0.401375 0.307036 0.291589
0.446570 0.286813 0.266617
0.728185 0.143966 0.127848
0.033736 0.480418 0.485845
0.490651 0.252920 0.256429
0.573256 0.210894 0.215850
0.148091 0.424891 0.427018
0.616055 0.202394 0.181550
0.664447 0.167004 0.168549
0.437214 0.263361 0.299425
0.493653 0.270193 0.236154
0.559238 0.229187 0.211575
0.809085 0.097761 0.093154
0.409934 0.300858 0.289208
0.142236 0.407528 0.450236
0.758393 0.127584 0.114023
0.180015 0.409654 0.410331
0.734128 0.136303 0.129569
0.491382 0.274812 0.233807
0.546168 0.249432 0.204401
0.600981 0.206071 0.192948
0.383264 0.306751 0.309986
0.523814 0.229614 0.246573
0.520160 0.237459 0.242381
0.395697 0.289720 0.314583
0.384314 0.295475 0.320211
0.587313 0.198385 0.214302
0.441765 0.297980 0.260255
0.471878 0.249615 0.278506
0.752089 0.118780 0.129130
0.812434 0.100164 0.087402
0.393588 0.286211 0.320201
0.248365 0.359549 0.392085
0.906234 0.049387 0.044379
0.491637 0.268295 0.240069
0.520160 0.250036 0.229804
0.599704 0.220216 0.180080
0.588166 0.201112 0.210722
0.211760 0.380605 0.407635
0.792680 0.106012 0.101307
0.530982 0.245320 0.223698
0.156734 0.412615 0.430651
0.471824 0.272370 0.255806
0.516126 0.250297 0.233577
0.745760 0.135426 0.118815
0.044670 0.475866 0.479464
0.421021 0.286621 0.292358
0.600924 0.199131 0.199944
0.200218 0.395941 0.403841
0.499798 0.266130 0.234072
0.654088 0.171731 0.174181
0.427716 0.267127 0.305157
0.504708 0.264357 0.230935
0.588232 0.213849 0.197919
0.788811 0.108065 0.103124
0.386851 0.313037 0.300112
0.156508 0.396333 0.447159
0.802635 0.104581 0.092785
0.137631 0.430921 0.431449
0.658071 0.174580 0.167350
0.564785 0.233467 0.201748
0.571048 0.238869 0.190083
0.701996 0.153600 0.144404
0.355061 0.318700 0.326239
0.553287 0.214831 0.231882
0.494763 0.249676 0.255560
0.342084 0.318143 0.339773
0.381158 0.297357 0.321485
0.627351 0.177991 0.194658
0.448731 0.295592 0.255677
0.495942 0.238714 0.265344
0.803208 0.094472 0.102319
0.832640 0.087355 0.080005
0.499725 0.236591 0.263684
0.241292 0.361689 0.397019
0.911125 0.046743 0.042132
0.465442 0.284177 0.250382
0.593441 0.212821 0.193738
0.603430 0.216706 0.179864
0.532124 0.228083 0.239793
0.134913 0.415646 0.449441
0.702129 0.152790 0.145081
0.465760 0.281187 0.253054
0.242119 0.371028 0.386852
0.486816 0.263774 0.249411
0.481493 0.268665 0.249842
0.647257 0.187788 0.164955
0.052149 0.472779 0.475072
0.523653 0.237163 0.239183
0.583138 0.207361 0.209501
0.281570 0.358418 0.360013
0.614505 0.203494 0.182001
0.632011 0.181756 0.186233
0.495567 0.237409 0.267025
0.463121 0.285342 0.251538
0.472804 0.273459 0.253737
0.724956 0.140761 0.134282
0.430616 0.289887 0.279497
0.128226 0.411844 0.459929
0.802660 0.104178 0.093162
0.134203 0.432760 0.433037
0.645645 0.181117 0.173238
0.522547 0.254951 0.222502
0.476731 0.285969 0.237300
0.627910 0.192376 0.179713
0.321660 0.335924 0.342415
0.671590 0.157146 0.171264
0.516505 0.237452 0.246043
0.406687 0.286450 0.306862
0.288678 0.342607 0.368714
0.607712 0.188559 0.203730
0.364541 0.339417 0.296041
0.599626 0.188922 0.211452
0.799133 0.095935 0.104932
0.619681 0.200986 0.179333
0.478740 0.248393 0.272867
0.178809 0.393094 0.428097
0.916330 0.043905 0.039766
0.465745 0.284197 0.250058
0.529230 0.248899 0.221871
0.613804 0.209927 0.176269
0.381326 0.307153 0.311521
0.270965 0.352421 0.376615
0.668591 0.169428 0.161981
0.401714 0.316210 0.282076
0.130115 0.424936 0.444949
0.390985 0.313217 0.295798
0.510179 0.254395 0.235425
0.681123 0.169480 0.149397
0.028872 0.483637 0.487491
0.535719 0.231362 0.232919
0.689160 0.154707 0.156133
0.211453 0.392096 0.396451
0.542667 0.240615 0.216718
0.609523 0.190908 0.199569
0.423554 0.268733 0.307714
0.508894 0.262527 0.228579
0.482348 0.269926 0.247726
0.770968 0.117478 0.111554
0.435907 0.287388 0.276705
0.166296 0.394690 0.439014
0.760229 0.126960 0.112811
0.134083 0.432433 0.433484
0.787603 0.108637 0.103760
0.482397 0.280277 0.237326
0.474301 0.286138 0.239561
0.600857 0.205711 0.193432
0.426279 0.283785 0.289936
0.546222 0.217487 0.236291
0.532738 0.231047 0.236215
0.347215 0.315644 0.337141
0.397510 0.289097 0.313393
0.622453 0.182394 0.195154
0.425289 0.307328 0.267383
0.445608 0.261532 0.292859
0.730262 0.130277 0.139461
0.737854 0.137663 0.124483
0.415975 0.275947 0.308078
0.276447 0.347504 0.376049
0.920102 0.042052 0.037847
0.587339 0.218509 0.194152
0.520504 0.252653 0.226843
0.672521 0.179779 0.147700
0.580612 0.205959 0.213430
0.135209 0.419199 0.445592
0.766130 0.119795 0.114075
0.521378 0.250289 0.228333
0.194170 0.393884 0.411946
0.397414 0.309375 0.293211
0.450039 0.285079 0.264883
0.620209 0.201974 0.177818
0.035583 0.482880 0.481537
0.569500 0.214298 0.216202
0.572041 0.212954 0.215005
0.294355 0.352571 0.353074
0.544175 0.242205 0.213621
0.682473 0.156433 0.161094
0.287876 0.340789 0.371335
0.505973 0.263805 0.230223
0.462224 0.279811 0.257964
0.783915 0.110649 0.105437
0.476536 0.268557 0.254908
0.164010 0.395276 0.440714
0.769736 0.121162 0.109102
0.114918 0.442367 0.442716
0.755515 0.125006 0.119479
0.514571 0.265007 0.220423
0.561909 0.243866 0.194225
0.719082 0.145207 0.135711
0.353856 0.318710 0.327434
0.623727 0.182162 0.194111
0.535501 0.228985 0.235514
0.381150 0.300056 0.318794
0.326343 0.324138 0.349519
0.654366 0.166185 0.179449
0.331619 0.357689 0.310692
0.637189 0.172588 0.190223
0.803564 0.093395 0.103041
0.669320 0.173751 0.156929
0.460951 0.254665 0.284384
0.192104 0.387303 0.420593
0.916617 0.043562 0.039821
0.507142 0.260943 0.231915
0.532159 0.246533 0.221308
0.637670 0.200986 0.161344
0.358504 0.315834 0.325662
0.180161 0.396565 0.423274
0.717541 0.144590 0.137869
0.550284 0.235318 0.214398
0.217264 0.382265 0.400471
0.402980 0.306322 0.290699
0.248196 0.390701 0.361104
0.599179 0.213238 0.187583
0.032628 0.484964 0.482408
0.496902 0.250575 0.252523
0.530701 0.232930 0.236370
0.277715 0.361534 0.360751
0.512703 0.256296 0.231001
0.646708 0.173348 0.179944
0.412009 0.280186 0.307805
0.487754 0.273207 0.239039
0.445717 0.287600 0.266684
0.759847 0.122908 0.117245
0.474515 0.267939 0.257546
0.133593 0.409082 0.457325
0.779394 0.115679 0.104927
0.137159 0.431614 0.431227
0.646455 0.180584 0.172961
0.477501 0.286203 0.236296
0.465510 0.293015 0.241475
0.657979 0.176469 0.165552
0.315836 0.339004 0.345159
0.628884 0.178955 0.192162
0.497648 0.248381 0.253971
0.450032 0.263898 0.286070
0.341567 0.316117 0.342316
0.715553 0.137138 0.147309
0.461235 0.288066 0.250699
0.556356 0.210434 0.233210
0.745999 0.122884 0.131117
0.599148 0.214789 0.186063
0.408232 0.279997 0.311771
0.275735 0.348043 0.376222
0.894552 0.055491 0.049957
0.560269 0.231160 0.208571
0.568433 0.224908 0.206660
0.640870 0.200071 0.159059
0.410282 0.289456 0.300262
0.185360 0.395137 0.419503
0.751745 0.126875 0.121380
0.348543 0.340742 0.310714
0.171802 0.405623 0.422575
0.512946 0.250898 0.236156
0.405401 0.305965 0.288634
0.717844 0.149665 0.132491
0.032371 0.484458 0.483172
0.427814 0.284497 0.287689
0.645080 0.175973 0.178948
0.255927 0.369382 0.374691
0.567921 0.228693 0.203386
0.682463 0.155258 0.162279
0.460938 0.256834 0.282228
0.466287 0.285026 0.248688
0.579724 0.217580 0.202696
0.765686 0.119557 0.114756
0.390080 0.312839 0.297081
0.128659 0.410978 0.460363
0.784887 0.112593 0.102520
0.167544 0.415674 0.416782
0.656162 0.175551 0.168286
0.603145 0.214241 0.182614
0.551044 0.249740 0.199216
0.714844 0.147278 0.137878
0.306767 0.341947 0.351286
0.603941 0.189873 0.206186
0.554850 0.219907 0.225243
0.332135 0.323634 0.344231
0.302671 0.336503 0.360826
0.582117 0.200141 0.217743
0.332847 0.356879 0.310275
0.516729 0.227107 0.256164
0.801433 0.094549 0.104019
0.601946 0.208883 0.189171
0.431940 0.268925 0.299135
0.197846 0.384191 0.417963
0.893402 0.055972 0.050627
0.492898 0.269216 0.237886
0.435442 0.297221 0.267338
0.622427 0.209532 0.168041
0.455700 0.269340 0.274960
0.160089 0.406414 0.433497
0.756752 0.124210 0.119038
0.417293 0.307381 0.275327
0.225228 0.378296 0.396477
0.462427 0.276351 0.261222
0.188036 0.417163 0.394801
0.713949 0.151046 0.135005
0.037213 0.482910 0.479876
0.409391 0.293460 0.297149
0.720988 0.138954 0.140058
0.247099 0.373307 0.379594
0.593597 0.213596 0.192807
0.700334 0.149097 0.150569
0.319048 0.323265 0.357687
0.497704 0.267898 0.234398
0.552213 0.231424 0.216363
0.830575 0.086866 0.082559
0.451209 0.280606 0.268185
0.202076 0.376468 0.421455
0.780847 0.115647 0.103506
0.120660 0.440604 0.438737
0.786619 0.108940 0.104441
0.569858 0.230489 0.199654
0.558663 0.243628 0.197709
0.639061 0.186392 0.174547
0.323068 0.335801 0.341132
0.661510 0.163034 0.175455
0.540182 0.226027 0.233791
0.357300 0.310668 0.332032
0.349066 0.314229 0.336704
0.741547 0.124533 0.133920
0.402587 0.318680 0.278733
0.626003 0.177305 0.196691
0.758954 0.116429 0.124617
0.769629 0.121224 0.109146
0.393420 0.289074 0.317506
0.219273 0.373719 0.407008
0.906008 0.049609 0.044384
0.619202 0.201019 0.179779
0.571819 0.224529 0.203652
0.615983 0.208798 0.175219
0.412912 0.291839 0.295250
0.431269 0.274672 0.294059
0.786885 0.109176 0.103939
0.442360 0.291383 0.266258
0.097359 0.440850 0.461791
0.444789 0.284439 0.270771
0.425454 0.295426 0.279120
0.699506 0.158367 0.142127
0.035127 0.481120 0.483752
0.631711 0.182496 0.185793
0.589268 0.204606 0.206126
0.265682 0.365946 0.368372
0.615487 0.200827 0.183686
0.631588 0.182826 0.185586
0.503075 0.233949 0.262976
0.496257 0.268367 0.235376
0.449078 0.284129 0.266793
0.443706 0.284790 0.271504
0.357412 0.327533 0.315054
0.132434 0.406870 0.460697
0.786955 0.113066 0.099979
0.138126 0.431198 0.430676
0.760451 0.122918 0.116631
0.545769 0.243484 0.210746
0.572925 0.233882 0.193193
0.609431 0.201620 0.188949
0.404297 0.294650 0.301052
0.569921 0.204498 0.225581
0.515900 0.239460 0.244640
0.334554 0.321512 0.343935
0.340655 0.317853 0.341492
0.593090 0.194623 0.212287
0.329858 0.354799 0.315344
0.650850 0.162969 0.186182
0.747116 0.122347 0.130536
0.647091 0.185568 0.167341
0.397404 0.285875 0.316721
0.168182 0.395126 0.436691
0.901118 0.052170 0.046712
0.542455 0.243559 0.213986
0.591159 0.213974 0.194867
0.729127 0.146972 0.123901
0.491160 0.249974 0.258866
0.164403 0.400973 0.434624
0.790119 0.107497 0.102384
0.615978 0.202609 0.181414
0.253835 0.365348 0.380817
0.494004 0.259383 0.246614
0.207240 0.408517 0.384243
0.591246 0.218150 0.190604
0.053800 0.469686 0.476514
0.582838 0.207532 0.209630
0.668088 0.165531 0.166381
0.256451 0.371172 0.372376
0.610523 0.203974 0.185502
0.706847 0.145324 0.147829
0.481001 0.251079 0.267919
0.476144 0.280776 0.243080
0.381064 0.319679 0.299257
0.651221 0.178703 0.170077
0.472434 0.269724 0.257842
0.139556 0.407285 0.453160
0.803447 0.104295 0.092258
0.153737 0.421812 0.424451
0.645994 0.181223 0.172783
0.572113 0.233488 0.194399
0.557804 0.244364 0.197832
0.620110 0.196352 0.183538
0.303028 0.344971 0.352002
0.612940 0.187802 0.199258
0.519301 0.238682 0.242017
0.347036 0.314043 0.338920
0.398898 0.288895 0.312206
0.622796 0.182026 0.195178
0.447146 0.290126 0.262728
0.519082 0.227088 0.253830
0.774462 0.108920 0.116618
0.672763 0.172577 0.154660
0.411037 0.278034 0.310929
0.271734 0.349191 0.379074
0.900631 0.052294 0.047074
0.477563 0.276208 0.246230
0.548078 0.237809 0.214113
0.600735 0.219779 0.179487
0.609064 0.191689 0.199247
0.274257 0.352053 0.373691
0.703252 0.152093 0.144655
0.520568 0.250959 0.228473
0.113862 0.433956 0.452181
0.420840 0.297466 0.281694
0.511691 0.253340 0.234969
0.577931 0.223605 0.198464
0.032742 0.481767 0.485491
0.549238 0.223203 0.227559
0.571110 0.213712 0.215178
0.180905 0.408660 0.410435
0.594886 0.213943 0.191172
0.601135 0.197376 0.201489
0.295639 0.335836 0.368525
0.476263 0.278873 0.244864
0.467568 0.275664 0.256769
0.788860 0.108048 0.103092
0.389512 0.312181 0.298306
0.148500 0.405421 0.446080
0.815854 0.097203 0.086943
0.200490 0.399894 0.399616
0.779772 0.112720 0.107508
0.568457 0.232025 0.199518
0.562459 0.241304 0.196237
0.738388 0.135332 0.126280
0.303360 0.346227 0.350413
0.617865 0.184156 0.197980
0.513498 0.240441 0.246061
0.430997 0.273876 0.295127
0.255822 0.355584 0.388593
0.709114 0.140163 0.150723
0.436494 0.301567 0.261939
0.478559 0.246122 0.275319
0.735463 0.127177 0.137360
0.655437 0.181008 0.163556
0.432826 0.265979 0.301195
0.230407 0.367823 0.401770
0.908718 0.048110 0.043172
0.469487 0.281681 0.248832
0.525947 0.250904 0.223149
0.612028 0.211969 0.176002
0.446518 0.272155 0.281327
0.190087 0.388659 0.421254
0.695048 0.156203 0.148749
0.520657 0.252482 0.226860
0.162440 0.408700 0.428861
0.407036 0.304634 0.288329
0.257871 0.384402 0.357727
0.726099 0.145827 0.128074
0.034085 0.481582 0.484334
0.613935 0.193064 0.193001
0.648828 0.174379 0.176793
0.135284 0.432112 0.432604
0.599939 0.213288 0.186773
0.665070 0.167456 0.167474
0.399677 0.282009 0.318314
0.475345 0.282312 0.242343
0.461584 0.280155 0.258261
0.758220 0.123818 0.117962
0.458278 0.278653 0.263069
0.175048 0.391388 0.433564
0.806697 0.101968 0.091335
0.131041 0.433677 0.435282
0.732866 0.136839 0.130294
0.554552 0.243690 0.201758
0.509204 0.273597 0.217199
0.593541 0.209995 0.196464
0.310945 0.341142 0.347913
0.586655 0.198738 0.214607
0.540363 0.227959 0.231677
0.437743 0.270795 0.291462
0.304191 0.332405 0.363405
0.583760 0.199149 0.217091
0.419664 0.310101 0.270234
0.637937 0.170357 0.191705
0.794538 0.099338 0.106123
0.510968 0.256065 0.232967
0.394518 0.285652 0.319830
0.177380 0.392441 0.430180
0.891320 0.057373 0.051308
0.678400 0.170116 0.151484
0.534274 0.244873 0.220853
0.611718 0.213001 0.175280
0.483448 0.256842 0.259709
0.238292 0.364997 0.396711
0.691273 0.157802 0.150924
0.349475 0.340947 0.309578
0.109025 0.436210 0.454765
0.449361 0.282365 0.268274
0.550267 0.232666 0.217067
0.669930 0.174843 0.155228
0.037176 0.481928 0.480896
0.605277 0.196356 0.198367
0.543029 0.226783 0.230189
0.140624 0.428489 0.430887
0.502874 0.261174 0.235953
0.614823 0.192022 0.193155
0.479480 0.242843 0.277677
0.484994 0.274648 0.240358
0.540810 0.238579 0.220611
0.732069 0.137074 0.130857
0.352610 0.331326 0.316064
0.147541 0.403511 0.448947
0.755595 0.128372 0.116033
0.184422 0.408233 0.407345
0.682605 0.162417 0.154978
0.573588 0.229962 0.196450
0.523229 0.261404 0.215366
0.721270 0.144185 0.134545
0.320166 0.335088 0.344747
0.644181 0.171859 0.183960
0.528096 0.234176 0.237728
0.323460 0.325548 0.350992
0.265762 0.354563 0.379676
0.613378 0.185049 0.201574
0.401653 0.319059 0.279288
0.602060 0.189243 0.208696
0.798358 0.097130 0.104512
0.658616 0.179024 0.162360
0.461043 0.255792 0.283165
0.222526 0.371489 0.405985
0.890860 0.057231 0.051910
0.482569 0.271641 0.245790
0.464438 0.282827 0.252735
0.596068 0.221379 0.182553
0.298439 0.348192 0.353369
0.120799 0.424132 0.455069
0.722199 0.142020 0.135781
0.423277 0.300207 0.276515
0.142466 0.418429 0.439105
0.441126 0.286759 0.272115
0.172614 0.425668 0.401718
0.758138 0.127017 0.114845
0.044298 0.479252 0.476450
0.500699 0.247896 0.251406
0.580676 0.208098 0.211226
0.169191 0.413669 0.417140
0.518995 0.253399 0.227607
0.645645 0.176944 0.177411
0.447951 0.258766 0.293283
0.491656 0.270024 0.238320
0.577352 0.218317 0.204331
0.773962 0.115635 0.110403
0.404472 0.305877 0.289651
0.162378 0.399435 0.438187
0.795799 0.107800 0.096401
0.135335 0.430709 0.433956
0.763538 0.120807 0.115655
0.472894 0.285542 0.241565
0.537011 0.259007 0.203981
0.649523 0.181516 0.168961
0.208823 0.391647 0.399531
0.558347 0.209690 0.231963
0.548482 0.223802 0.227716
0.342795 0.317230 0.339974
0.349294 0.312455 0.338251
0.612989 0.185818 0.201193
0.410220 0.314227 0.275553
0.530104 0.221081 0.248815
0.701317 0.145994 0.152690
0.707073 0.154713 0.138214
0.413400 0.276874 0.309726
0.176881 0.395176 0.427943
0.917767 0.043432 0.038801
0.463975 0.283906 0.252119
0.520676 0.249901 0.229423
0.626374 0.205929 0.167697
0.405932 0.294439 0.299630
0.120003 0.426070 0.453926
0.675465 0.166046 0.158490
0.352454 0.340374 0.307172
0.139349 0.421046 0.439605
0.401028 0.307182 0.291789
0.460566 0.279547 0.259887
0.776190 0.118120 0.105689
0.033572 0.482191 0.484237
0.520379 0.238483 0.241138
0.579306 0.208071 0.212624
0.155249 0.419759 0.424992
0.561738 0.229106 0.209155
0.623396 0.188008 0.188596
0.273094 0.351879 0.375028
0.507139 0.260712 0.232149
0.453418 0.281724 0.264858
0.792619 0.106403 0.100979
0.458289 0.275805 0.265906
0.226676 0.367542 0.405782
0.781165 0.114904 0.103932
0.182957 0.405558 0.411486
0.678948 0.164253 0.156799
0.554602 0.238845 0.206553
0.601106 0.215701 0.183193
0.624888 0.193855 0.181257
0.330069 0.331512 0.338419
0.640366 0.170820 0.188814
0.544811 0.225373 0.229817
0.367471 0.305850 0.326679
0.386467 0.296950 0.316584
0.652804 0.166367 0.180829
0.419631 0.307476 0.272893
0.547257 0.214385 0.238358
0.799874 0.097958 0.102168
0.627663 0.194981 0.177356
0.407552 0.283149 0.309299
0.208983 0.377385 0.413631
0.898038 0.053725 0.048237
0.518798 0.254259 0.226943
0.565663 0.226476 0.207861
0.588480 0.225829 0.185691
0.608982 0.192624 0.198393
0.204274 0.382692 0.413033
0.742717 0.131842 0.125441
0.507164 0.259327 0.233509
0.123191 0.430069 0.446741
0.371343 0.321981 0.306676
0.564958 0.223002 0.212040
0.758294 0.128837 0.112870
0.033706 0.482753 0.483541
0.548914 0.223973 0.227114
0.653670 0.171264 0.175066
0.305032 0.345483 0.349485
0.536369 0.242990 0.220641
0.713075 0.143501 0.143424
0.310829 0.327894 0.361277
0.497188 0.266770 0.236042
0.498368 0.258501 0.243130
0.829774 0.087141 0.083086
0.456879 0.277110 0.266011
0.163362 0.398300 0.438338
0.847468 0.080527 0.072005
0.132898 0.428970 0.438132
0.744011 0.131618 0.124371
0.482598 0.275628 0.241773
0.538255 0.249272 0.212472
0.631503 0.189502 0.178995
0.386667 0.304457 0.308877
0.566003 0.206648 0.227349
0.510088 0.242909 0.247003
0.431172 0.276556 0.292272
0.343771 0.315961 0.340268
0.617900 0.183845 0.198255
0.461272 0.288455 0.250273
0.629736 0.175271 0.194993
0.801328 0.096086 0.102585
0.786046 0.111734 0.102220
0.468970 0.251943 0.279087
0.362782 0.306180 0.331037
0.904347 0.050427 0.045227
0.474014 0.278410 0.247576
0.592395 0.213220 0.194385
0.688941 0.173134 0.137925
0.410262 0.289372 0.300366
0.178616 0.398516 0.422868
0.686404 0.160516 0.153080
0.305691 0.364354 0.329955
0.169129 0.406750 0.424121
0.384783 0.315865 0.299353
0.191369 0.420042 0.388589
0.629389 0.196188 0.174424
0.033400 0.481387 0.485213
0.439081 0.278239 0.282681
0.676151 0.160404 0.163445
0.228383 0.384083 0.387534
0.544596 0.240468 0.214936
0.684107 0.156871 0.159022
0.399880 0.281751 0.318369
0.463712 0.284726 0.251562
0.462494 0.276484 0.261022
0.790002 0.107506 0.102492
0.450700 0.280756 0.268545
0.119105 0.416745 0.464149
0.790242 0.110664 0.099094
0.132836 0.432243 0.434921
0.647836 0.180672 0.171492
0.514257 0.261488 0.224255
0.495486 0.277123 0.227391
0.613401 0.198917 0.187683
0.326379 0.332785 0.340836
0.692984 0.147556 0.159460
0.555204 0.221056 0.223740
0.335072 0.319534 0.345394
0.253505 0.359163 0.387331
0.604604 0.187859 0.207537
0.405352 0.317905 0.276744
0.455455 0.258621 0.285924
0.712983 0.137172 0.149845
0.660105 0.178219 0.161676
0.405168 0.280804 0.314028
0.256382 0.353557 0.390060
0.893204 0.056229 0.050566
0.584586 0.219254 0.196160
0.486867 0.268335 0.244798
0.626089 0.208389 0.165522
0.607545 0.193474 0.198981
0.088439 0.436837 0.474724
0.735401 0.135514 0.129085
0.622638 0.197909 0.179453
0.184548 0.400106 0.415346
0.421955 0.297084 0.280961
0.205966 0.412585 0.381449
0.565913 0.230491 0.203596
0.028171 0.484759 0.487070
0.537518 0.229505 0.232978
0.658381 0.169900 0.171719
0.282139 0.357268 0.360594
0.568274 0.226467 0.205259
0.711542 0.141477 0.146981
0.425127 0.273332 0.301541
0.478622 0.278639 0.242739
0.496623 0.258898 0.244480
0.688719 0.159259 0.152022
0.454888 0.277639 0.267473
0.162811 0.392707 0.444482
0.728173 0.142698 0.129129
0.135205 0.430122 0.434673
0.671032 0.168575 0.160392
0.526210 0.255661 0.218129
0.552159 0.246160 0.201681
0.717880 0.145252 0.136868
0.400455 0.298153 0.301393
0.557497 0.210000 0.232504
0.538958 0.229136 0.231906
0.381789 0.299513 0.318698
0.365532 0.305376 0.329092
0.589015 0.197376 0.213609
0.328972 0.360432 0.310596
0.490742 0.237413 0.271844
0.709048 0.137551 0.153401
0.791020 0.109398 0.099582
0.421577 0.273794 0.304629
0.183769 0.392528 0.423703
0.898299 0.053838 0.047863
0.457802 0.287268 0.254930
0.527781 0.248593 0.223626
0.711049 0.160772 0.128179
0.393784 0.296297 0.309920
0.099261 0.437738 0.463000
0.753221 0.126282 0.120497
0.578100 0.222160 0.199741
0.161983 0.410219 0.427798
0.438452 0.286932 0.274617
0.351093 0.337874 0.311033
0.762421 0.125994 0.111585
0.024706 0.486948 0.488346
0.524770 0.236513 0.238716
0.578065 0.209801 0.212134
0.240139 0.380594 0.379267
0.572896 0.224653 0.202451
0.723244 0.135654 0.141102
0.389821 0.290061 0.320118
0.517272 0.257278 0.225449
0.482304 0.269963 0.247733
0.798758 0.102960 0.098282
0.456215 0.278036 0.265750
0.164509 0.397358 0.438133
0.806550 0.101633 0.091817
0.121256 0.434832 0.443912
0.846518 0.078710 0.074772
0.570769 0.233322 0.195909
0.537843 0.257583 0.204573
0.745473 0.131359 0.123168
0.350469 0.321300 0.328230
0.667145 0.158741 0.174115
0.493095 0.251939 0.254966
0.361163 0.310227 0.328610
0.278116 0.345253 0.376631
0.575828 0.203380 0.220793
0.427616 0.306742 0.265642
0.534932 0.217806 0.247262
0.670980 0.157566 0.171454
0.644460 0.186970 0.168570
0.498500 0.236721 0.264779
0.263060 0.353000 0.383940
0.911481 0.046616 0.041903
0.440095 0.296012 0.263893
0.529425 0.246299 0.224276
0.689808 0.172199 0.137993
0.314544 0.338087 0.347370
0.434222 0.273782 0.291996
0.779984 0.112418 0.107598
0.616510 0.201223 0.182267
0.107493 0.437782 0.454724
0.470965 0.271360 0.257675
0.204738 0.410874 0.384388
0.649083 0.186300 0.164617
0.027508 0.486554 0.485938
0.408061 0.294468 0.297471
0.607153 0.195123 0.197723
0.297300 0.350993 0.351707
0.629955 0.194946 0.175100
0.675524 0.161809 0.162667
0.297273 0.329277 0.373451
0.464380 0.285056 0.250564
0.481153 0.268733 0.250115
0.812805 0.095411 0.091784
0.479046 0.265928 0.255026
0.166385 0.395199 0.438416
0.785775 0.112454 0.101770
0.130126 0.428922 0.440952
0.743740 0.131068 0.125191
0.619151 0.206766 0.174083
0.558363 0.244345 0.197292
0.725176 0.142112 0.132713
0.224143 0.384768 0.391089
0.563135 0.206867 0.229999
0.523431 0.235755 0.240813
0.353556 0.311718 0.334726
0.370646 0.303269 0.326085
0.602442 0.191183 0.206375
0.317666 0.364014 0.318320
0.612942 0.180390 0.206669
0.809691 0.089909 0.100400
0.624859 0.196472 0.178669
0.417070 0.274692 0.308238
0.242029 0.362028 0.395943
0.880402 0.063122 0.056476
0.506923 0.261568 0.231509
0.490088 0.268555 0.241356
0.646351 0.195773 0.157876
0.555540 0.217444 0.227016
0.203125 0.383495 0.413379
0.746712 0.129486 0.123802
0.334223 0.350889 0.314887
0.153766 0.411963 0.434271
0.375973 0.320253 0.303773
0.590086 0.209477 0.200437
0.686122 0.167276 0.146602
0.027964 0.485686 0.486351
0.589131 0.204169 0.206700
0.599497 0.198828 0.201676
0.245757 0.372195 0.382048
0.526294 0.253927 0.219779
0.712767 0.142799 0.144435
0.483584 0.241990 0.274427
0.475178 0.279149 0.245673
0.503535 0.256103 0.240362
0.763086 0.121173 0.115741
0.390909 0.311311 0.297781
0.217163 0.367867 0.414971
0.769387 0.122292 0.108321
0.168706 0.414284 0.417009
0.793518 0.105252 0.101230
0.606583 0.210855 0.182562
0.471897 0.291045 0.237058
0.635368 0.188338 0.176295
0.355926 0.318191 0.325883
0.651721 0.166933 0.181346
0.507864 0.243001 0.249135
0.473530 0.255003 0.271467
0.326431 0.325499 0.348070
0.577904 0.202218 0.219878
0.495513 0.268131 0.236357
0.636667 0.170769 0.192564
0.727453 0.133039 0.139508
0.638732 0.187329 0.173939
0.446580 0.263163 0.290257
0.263207 0.352549 0.384244
0.894585 0.055452 0.049963
0.461843 0.284185 0.253972
0.569692 0.223554 0.206755
0.697594 0.167295 0.135111
0.381679 0.303750 0.314571
0.157578 0.407322 0.435100
0.769325 0.118068 0.112607
0.356520 0.334734 0.308746
0.175417 0.404126 0.420457
0.409331 0.302342 0.288326
0.498399 0.256460 0.245141
0.697481 0.160534 0.141985
0.036663 0.481304 0.482032
0.558264 0.219845 0.221891
0.568462 0.214516 0.217022
0.294567 0.351058 0.354375
0.597117 0.211288 0.191596
0.645989 0.176464 0.177546
0.447433 0.263909 0.288658
0.476652 0.279273 0.244075
0.578815 0.216937 0.204248
0.710516 0.148380 0.141104
0.401421 0.304733 0.293847
0.156907 0.397872 0.445221
0.781660 0.115259 0.103081
0.133048 0.433311 0.433641
0.761129 0.122343 0.116528
0.558955 0.236646 0.204399
0.472778 0.290360 0.236863
0.611577 0.200235 0.188188
0.424719 0.285409 0.289872
0.648562 0.169036 0.182402
0.497259 0.249679 0.253062
0.348139 0.314952 0.336908
0.273469 0.351123 0.375409
0.703800 0.141828 0.154373
0.467600 0.282920 0.249480
0.466266 0.250081 0.283653
0.701452 0.143814 0.154734
0.815325 0.097003 0.087672
0.439445 0.266369 0.294186
0.340521 0.314228 0.345252
0.901192 0.052229 0.046579
0.463732 0.284447 0.251821
0.368405 0.328079 0.303515
0.593748 0.221195 0.185057
0.436743 0.277747 0.285509
0.170057 0.398361 0.431582
0.714801 0.146046 0.139154
0.412931 0.309756 0.277313
0.204510 0.389603 0.405887
0.456479 0.277684 0.265837
0.579582 0.214941 0.205477
0.606365 0.209711 0.183923
0.056168 0.471362 0.472469
0.458689 0.270081 0.271230
0.567211 0.214937 0.217851
0.266158 0.363840 0.370002
0.596109 0.211646 0.192245
0.723467 0.137744 0.138789
0.459989 0.252990 0.287022
0.477871 0.280554 0.241576
0.484519 0.267337 0.248144
0.720432 0.143343 0.136225
0.351864 0.331472 0.316665
0.151248 0.401197 0.447556
0.746325 0.133855 0.119820
0.168577 0.414561 0.416862
0.699540 0.153399 0.147061
0.499345 0.265786 0.234869
0.594686 0.225656 0.179658
0.597744 0.207428 0.194828
0.371200 0.312000 0.316800
0.640946 0.172033 0.187021
0.537648 0.228437 0.233915
0.350201 0.314405 0.335394
0.314360 0.331024 0.354616
0.639909 0.172955 0.187136
0.493184 0.270699 0.236117
0.649277 0.165370 0.185353
0.778321 0.106286 0.115393
0.727032 0.142514 0.130454
0.369018 0.299826 0.331156
0.231006 0.366480 0.402514
0.901108 0.052219 0.046673
0.497435 0.265927 0.236638
0.522722 0.248980 0.228297
0.623343 0.204945 0.171712
0.594131 0.198703 0.207165
0.089262 0.436761 0.473977
0.704548 0.151190 0.144262
0.580931 0.219638 0.199431
0.194541 0.394458 0.411002
0.432173 0.291930 0.275897
0.287276 0.370281 0.342443
0.721699 0.148371 0.129930
0.032405 0.484084 0.483511
0.438012 0.279122 0.282866
0.696423 0.150300 0.153277
0.156385 0.418781 0.424834
0.583505 0.218321 0.198174
0.649260 0.174240 0.176500
0.394598 0.283019 0.322383
0.523500 0.254378 0.222122
0.496905 0.261556 0.241539
0.835836 0.084200 0.079964
0.445477 0.283589 0.270934
0.210721 0.376152 0.413127
0.736213 0.139368 0.124418
0.140445 0.428825 0.430731
0.842704 0.080113 0.077182
0.575204 0.227177 0.197619
0.542219 0.254996 0.202785
0.690131 0.159782 0.150087
0.283752 0.354071 0.362177
0.647727 0.169593 0.182680
0.546372 0.224687 0.228941
0.336775 0.317246 0.345979
0.386770 0.294151 0.319080
0.716762 0.136690 0.146547
0.405237 0.315050 0.279713
0.490957 0.240001 0.269042
0.707575 0.140719 0.151706
0.686554 0.165335 0.148111
0.404539 0.282416 0.313045
0.273117 0.348709 0.378173
0.904876 0.050139 0.044985
0.549908 0.239451 0.210641
0.583668 0.217438 0.198894
0.658846 0.185783 0.155371
0.511865 0.241118 0.247017
0.127766 0.423387 0.448847
0.758456 0.123545 0.117999
0.580865 0.220965 0.198171
0.165444 0.407507 0.427049
0.508962 0.251911 0.239127
0.497376 0.260280 0.242344
0.578756 0.223581 0.197663
0.043145 0.478721 0.478133
0.614189 0.192730 0.193081
0.609970 0.193461 0.196570
0.297210 0.349395 0.353395
0.589233 0.216951 0.193816
0.670096 0.162408 0.167496
0.324551 0.320900 0.354549
0.478861 0.280030 0.241110
0.567893 0.224524 0.207582
0.761141 0.122122 0.116737
0.421861 0.296066 0.282073
0.163803 0.397477 0.438720
0.799785 0.105755 0.094461
0.140889 0.426252 0.432859
0.653830 0.176570 0.169600
0.562390 0.232709 0.204901
0.552170 0.250651 0.197179
0.760173 0.123225 0.116602
0.307978 0.340341 0.351681
0.656121 0.166733 0.177146
0.551272 0.220379 0.228349
0.334394 0.321729 0.343877
0.335918 0.319304 0.344778
0.583556 0.200472 0.215971
0.406708 0.311766 0.281526
0.639076 0.169689 0.191235
0.752511 0.117383 0.130106
0.646766 0.184495 0.168739
0.430207 0.268689 0.301103
0.215202 0.376620 0.408178
0.910831 0.046781 0.042388
0.691792 0.163136 0.145072
0.560032 0.232502 0.207466
0.678652 0.173795 0.147553
0.493230 0.247975 0.258795
0.170707 0.400532 0.428761
0.763095 0.121283 0.115622
0.360405 0.335449 0.304147
0.273333 0.354513 0.372154
0.416936 0.299516 0.283548
0.453110 0.281352 0.265538
0.674191 0.173093 0.152716
0.049626 0.474414 0.475959
0.469329 0.262658 0.268013
0.579305 0.208169 0.212526
0.188706 0.404485 0.406809
0.607074 0.208893 0.184033
0.687321 0.153770 0.158909
0.457855 0.261199 0.280946
0.530761 0.250979 0.218260
0.546660 0.235254 0.218085
0.769450 0.118086 0.112465
0.449434 0.280936 0.269630
0.166876 0.397913 0.435212
0.792771 0.109185 0.098043
0.146535 0.423721 0.429744
0.802206 0.101608 0.096185
0.482797 0.280672 0.236532
0.532951 0.260659 0.206391
0.622505 0.195070 0.182425
0.404500 0.294394 0.301106
0.562372 0.211505 0.226122
0.500570 0.247880 0.251550
0.343986 0.314045 0.341969
0.300757 0.335751 0.363492
0.740673 0.124530 0.134797
0.422512 0.305795 0.271693
0.632207 0.173912 0.193881
0.698089 0.146952 0.154959
0.802052 0.104876 0.093072
0.400387 0.283087 0.316525
0.170817 0.397486 0.431697
0.900357 0.052293 0.047350
0.503281 0.262612 0.234107
0.549408 0.234905 0.215687
0.575137 0.233551 0.191312
0.503523 0.241258 0.255219
0.141969 0.415240 0.442791
0.739529 0.133317 0.127153
0.484740 0.269549 0.245710
0.254878 0.364224 0.380898
0.468252 0.273276 0.258472
0.141909 0.441600 0.416491
0.692545 0.163621 0.143834
0.034547 0.481415 0.484038
0.442940 0.276133 0.280927
0.684798 0.155984 0.159219
0.210223 0.392726 0.397051
0.578368 0.221890 0.199742
0.674751 0.159926 0.165323
0.360269 0.302796 0.336934
0.463883 0.285660 0.250457
0.490681 0.263942 0.245377
0.598818 0.204708 0.196474
0.411477 0.299363 0.289160
0.146859 0.406759 0.446381
0.785865 0.112825 0.101310
0.180412 0.410335 0.409253
0.640938 0.183468 0.175594
0.586127 0.221628 0.192245
0.502955 0.276301 0.220745
0.613146 0.200106 0.186748
0.331918 0.329742 0.338339
0.580076 0.203573 0.216351
0.510039 0.243064 0.246897
0.336092 0.319503 0.344405
0.389546 0.295120 0.315334
0.589010 0.197555 0.213435
0.406804 0.317445 0.275751
0.583226 0.198347 0.218428
0.789528 0.101585 0.108887
0.560222 0.230106 0.209673
0.466372 0.255802 0.277826
0.246604 0.361913 0.391484
0.917703 0.043259 0.039038
0.570373 0.227179 0.202448
0.550423 0.235281 0.214296
0.666727 0.182663 0.150610
0.325034 0.329339 0.345627
0.150940 0.412387 0.436672
0.805582 0.099470 0.094948
0.380304 0.326028 0.293668
0.167907 0.407103 0.424990
0.403338 0.305813 0.290849
0.519369 0.244521 0.236110
0.708158 0.154861 0.136981
0.037646 0.481302 0.481052
0.615130 0.191851 0.193019
0.554912 0.220019 0.225069
