0.299467 0.241893 0.458640
0.125843 0.836650 0.037507
0.181080 0.721965 0.096956
0.156269 0.510628 0.333103
0.167758 0.765894 0.066349
0.740272 0.154518 0.105210
0.499291 0.087350 0.413359
0.468681 0.259559 0.271760
0.212311 0.259458 0.528231
0.302387 0.458300 0.239313
0.517972 0.266249 0.215779
0.930729 0.022019 0.047253
0.256962 0.657218 0.085821
0.252326 0.669978 0.077696
0.662946 0.230521 0.106533
0.623783 0.107809 0.268407
0.437059 0.513914 0.049026
0.439680 0.099972 0.460348
0.623781 0.216341 0.159878
0.294364 0.185645 0.519991
0.378219 0.083059 0.538722
0.574791 0.261359 0.163850
0.779695 0.017767 0.202539
0.683359 0.132396 0.184245
0.157213 0.799020 0.043767
0.648130 0.107679 0.244191
0.402311 0.201638 0.396051
0.123619 0.740182 0.136199
0.238553 0.410566 0.350881
0.484951 0.406138 0.108911
0.343304 0.482373 0.174323
0.723867 0.107682 0.168452
0.613472 0.056395 0.330133
0.840620 0.076988 0.082393
0.062313 0.869444 0.068244
0.430255 0.063717 0.506028
0.103105 0.698200 0.198695
0.496301 0.367049 0.136651
0.294913 0.372240 0.332847
0.346060 0.408657 0.245283
0.359312 0.503388 0.137300
0.600038 0.084471 0.315491
0.289892 0.244973 0.465135
0.122334 0.839396 0.038270
0.280939 0.631246 0.087815
0.158807 0.505735 0.335458
0.194494 0.741262 0.064244
0.772036 0.132690 0.095273
0.366945 0.111891 0.521164
0.584244 0.200871 0.214884
0.227318 0.256957 0.515724
0.334975 0.441940 0.223086
0.499240 0.276699 0.224061
0.929726 0.022352 0.047922
0.276771 0.642020 0.081210
0.276007 0.645815 0.078178
0.703009 0.202794 0.094197
0.620430 0.111312 0.268258
0.287986 0.649951 0.062063
0.446131 0.101871 0.451998
0.600986 0.229653 0.169361
0.259559 0.190614 0.549827
0.404037 0.079646 0.516317
0.585137 0.256406 0.158457
0.693930 0.024720 0.281351
0.736667 0.107724 0.155610
0.099436 0.854514 0.046050
0.557748 0.131277 0.310975
0.389359 0.206084 0.404558
0.142616 0.721632 0.135752
0.240451 0.405256 0.354294
0.505463 0.395735 0.098802
0.429741 0.419391 0.150868
0.731307 0.098659 0.170034
0.498221 0.072749 0.429030
0.810259 0.091046 0.098695
0.061149 0.870787 0.068064
0.355422 0.077273 0.567305
0.113958 0.696089 0.189952
0.448269 0.406661 0.145070
0.390143 0.321869 0.287988
0.410802 0.365129 0.224069
0.203608 0.624230 0.172162
0.452072 0.117690 0.430239
0.307842 0.243788 0.448370
0.161914 0.802195 0.035891
0.172878 0.728447 0.098675
0.227276 0.462224 0.310501
0.152611 0.779802 0.067587
0.639637 0.218404 0.141959
0.383599 0.107437 0.508964
0.543128 0.222630 0.234242
0.209415 0.264303 0.526282
0.270028 0.493018 0.236954
0.537694 0.255670 0.206636
0.862515 0.048562 0.088923
0.272847 0.647110 0.080043
0.264291 0.655175 0.080534
0.714887 0.194847 0.090266
0.545956 0.132120 0.321924
0.431823 0.519213 0.048964
0.437527 0.106003 0.456470
0.615857 0.220817 0.163326
0.212885 0.203228 0.583887
0.330400 0.089474 0.580127
0.619114 0.232981 0.147905
0.701344 0.023953 0.274702
0.727337 0.111861 0.160801
0.094355 0.857847 0.047799
0.564546 0.129611 0.305843
0.372617 0.211827 0.415556
0.166591 0.701799 0.131610
0.232785 0.409546 0.357669
0.473562 0.409752 0.116687
0.330523 0.492018 0.177459
0.724577 0.100631 0.174792
0.573151 0.062367 0.364482
0.872345 0.061366 0.066290
0.059523 0.870974 0.069504
0.381035 0.068797 0.550168
0.098286 0.700898 0.200816
0.474800 0.386025 0.139175
0.283294 0.378352 0.338354
0.418035 0.359932 0.222034
0.270440 0.567701 0.161858
0.593049 0.086140 0.320811
0.400560 0.208851 0.390588
0.155739 0.808082 0.036179
0.252619 0.658320 0.089061
0.200664 0.478190 0.321146
0.169098 0.763434 0.067467
0.769538 0.136649 0.093813
0.367958 0.108122 0.523921
0.516021 0.233409 0.250570
0.231908 0.253556 0.514536
0.293242 0.477310 0.229449
0.482149 0.288783 0.229068
0.926629 0.023719 0.049652
0.204797 0.706887 0.088316
0.255835 0.664471 0.079695
0.665023 0.228789 0.106189
0.528484 0.137189 0.334327
0.285646 0.652419 0.061936
0.459057 0.097788 0.443156
0.626727 0.215239 0.158035
0.244699 0.196604 0.558696
0.384860 0.082046 0.533093
0.506314 0.302066 0.191620
0.682756 0.026431 0.290812
0.683599 0.131914 0.184488
0.176128 0.781473 0.042399
0.444724 0.165224 0.390052
0.405472 0.201020 0.393508
0.121169 0.744475 0.134356
0.258184 0.396674 0.345143
0.521622 0.370707 0.107671
0.363728 0.466961 0.169311
0.666279 0.122598 0.211123
0.554868 0.066819 0.378313
0.840611 0.077217 0.082172
0.072693 0.857072 0.070235
0.390895 0.064412 0.544694
0.127215 0.674687 0.198098
0.496398 0.369890 0.133713
0.360775 0.342290 0.296935
0.377873 0.383296 0.238831
0.204019 0.619635 0.176346
0.513886 0.103795 0.382320
0.384675 0.211950 0.403375
0.154801 0.808985 0.036214
0.195967 0.712815 0.091219
0.233774 0.458444 0.307782
0.165740 0.768245 0.066014
0.778339 0.131545 0.090115
0.283832 0.124241 0.591927
0.618318 0.185836 0.195846
0.203197 0.266530 0.530272
0.266472 0.495103 0.238426
0.511761 0.269993 0.218245
0.926881 0.023318 0.049801
0.295997 0.625251 0.078752
0.205301 0.710108 0.084591
0.717445 0.192550 0.090005
0.526810 0.142249 0.330941
0.278909 0.659473 0.061618
0.490388 0.092975 0.416637
0.597329 0.232436 0.170234
0.257708 0.196224 0.546068
0.313667 0.092205 0.594128
0.616550 0.234787 0.148663
0.681923 0.025958 0.292118
0.660773 0.146504 0.192723
0.213657 0.745383 0.040960
0.648674 0.105207 0.246118
0.417713 0.201534 0.380753
0.131130 0.730491 0.138379
0.273227 0.386330 0.340443
0.572407 0.327826 0.099767
0.449143 0.404588 0.146269
0.728667 0.101227 0.170107
0.470314 0.077393 0.452292
0.866664 0.063984 0.069352
0.058723 0.869650 0.071627
0.325772 0.073661 0.600567
0.074668 0.721474 0.203858
0.223978 0.566099 0.209924
0.422268 0.306726 0.271006
0.388651 0.380295 0.231054
0.238372 0.590822 0.170805
0.449587 0.121286 0.429127
0.365566 0.213776 0.420658
0.200697 0.765068 0.034235
0.166609 0.731698 0.101693
0.232436 0.459132 0.308432
0.186809 0.748035 0.065156
0.712456 0.174018 0.113526
0.439687 0.098341 0.461972
0.567897 0.210591 0.221512
0.277867 0.242240 0.479893
0.237167 0.515110 0.247722
0.525837 0.263280 0.210883
0.912802 0.027689 0.059509
0.292761 0.626924 0.080316
0.222237 0.692662 0.085101
0.605253 0.269575 0.125172
0.616839 0.111242 0.271919
0.432976 0.516865 0.050159
0.377773 0.114391 0.507836
0.627313 0.214087 0.158600
0.306233 0.181027 0.512739
0.320656 0.092565 0.586779
0.611002 0.238104 0.150893
0.673847 0.026230 0.299923
0.703194 0.121830 0.174975
0.172370 0.785410 0.042220
0.601757 0.118394 0.279848
0.417583 0.193942 0.388475
0.129793 0.733281 0.136926
0.270289 0.387137 0.342574
0.532293 0.367022 0.100685
0.499330 0.366501 0.134169
0.732900 0.098224 0.168875
0.548785 0.066080 0.385135
0.817678 0.087858 0.094463
0.059368 0.866509 0.074122
0.319648 0.076873 0.603478
0.127040 0.688236 0.184725
0.405394 0.438440 0.156165
0.303413 0.373732 0.322855
0.443829 0.337090 0.219081
0.177548 0.637258 0.185194
0.592444 0.084590 0.322966
0.352772 0.217375 0.429852
0.199484 0.766229 0.034287
0.249151 0.658759 0.092090
0.288691 0.424476 0.286833
0.156458 0.776243 0.067299
0.749720 0.149167 0.101113
0.438515 0.097844 0.463641
0.512254 0.237655 0.250091
0.196078 0.270925 0.532997
0.270497 0.493181 0.236322
0.495574 0.289889 0.214537
0.904124 0.030855 0.065020
0.251432 0.665371 0.083197
0.199870 0.708054 0.092075
0.663018 0.230342 0.106640
0.505157 0.141295 0.353548
0.433697 0.515926 0.050377
0.200995 0.145228 0.653777
0.617642 0.220550 0.161808
0.224624 0.202285 0.573091
0.264824 0.098222 0.636954
0.488675 0.314149 0.197177
0.738141 0.021955 0.239904
0.713657 0.117743 0.168600
0.128593 0.824016 0.047391
0.413797 0.174939 0.411264
0.415231 0.194725 0.390044
0.146329 0.718907 0.134764
0.219291 0.405508 0.375201
0.531732 0.368478 0.099790
0.371282 0.459487 0.169231
0.735549 0.097010 0.167441
0.496136 0.073791 0.430073
0.861489 0.066896 0.071615
0.053608 0.872677 0.073715
0.326808 0.075182 0.598011
0.080229 0.714559 0.205211
0.460897 0.397193 0.141910
0.366325 0.340659 0.293016
0.404877 0.368484 0.226638
0.425074 0.413137 0.161789
0.434465 0.119341 0.446194
0.380357 0.206467 0.413176
0.153465 0.810263 0.036272
0.198948 0.702650 0.098403
0.198164 0.483776 0.318060
0.203260 0.724604 0.072136
0.692813 0.182931 0.124256
0.405685 0.100737 0.493578
0.552035 0.219549 0.228416
0.242524 0.254948 0.502528
0.277925 0.481798 0.240277
0.515257 0.281355 0.203388
0.881917 0.038074 0.080009
0.215629 0.696088 0.088282
0.253133 0.664588 0.082279
0.730658 0.184158 0.085184
0.525424 0.140819 0.333757
0.316124 0.623644 0.060231
0.417048 0.107555 0.475397
0.623454 0.216836 0.159710
0.225386 0.199972 0.574642
0.334600 0.088898 0.576502
0.573597 0.262969 0.163434
0.709443 0.027418 0.263139
0.674249 0.133138 0.192613
0.196807 0.761029 0.042163
0.409147 0.177531 0.413322
0.412187 0.194945 0.392868
0.139218 0.723700 0.137082
0.242277 0.408519 0.349204
0.608975 0.310822 0.080203
0.476291 0.384670 0.139039
0.757543 0.089938 0.152519
0.565473 0.064380 0.370148
0.849124 0.072657 0.078218
0.083332 0.847439 0.069228
0.421219 0.066469 0.512312
0.137031 0.666718 0.196251
0.434045 0.422537 0.143419
0.353436 0.344180 0.302384
0.396531 0.376980 0.226489
0.352868 0.504426 0.142706
0.509086 0.102468 0.388445
0.381367 0.213252 0.405381
0.234127 0.731953 0.033920
0.217432 0.687851 0.094717
0.118945 0.529749 0.351306
0.175321 0.757042 0.067637
0.740395 0.155420 0.104185
0.354198 0.112075 0.533727
0.539516 0.220540 0.239945
0.244082 0.253091 0.502827
0.254819 0.501200 0.243981
0.451413 0.314552 0.234036
0.894240 0.034137 0.071623
0.341822 0.584025 0.074153
0.230924 0.683327 0.085749
0.638517 0.248240 0.113243
0.540722 0.130767 0.328510
0.342746 0.601233 0.056021
0.394934 0.110637 0.494428
0.626747 0.216207 0.157046
0.239035 0.195721 0.565244
0.242774 0.101530 0.655696
0.510662 0.301168 0.188171
0.748557 0.021041 0.230402
0.746963 0.103692 0.149345
0.125089 0.828886 0.046025
0.484162 0.152766 0.363072
0.398151 0.205929 0.395920
0.139691 0.726996 0.133313
0.234203 0.407626 0.358171
0.547744 0.355596 0.096660
0.378647 0.457043 0.164310
0.745876 0.092197 0.161927
0.398989 0.087592 0.513419
0.820008 0.087033 0.092958
0.049946 0.881565 0.068489
0.325762 0.076634 0.597604
0.077139 0.718955 0.203907
0.440846 0.410503 0.148652
0.345605 0.347409 0.306986
0.318166 0.420680 0.261153
0.392939 0.473949 0.133112
0.439121 0.116296 0.444583
0.376826 0.211514 0.411661
0.124268 0.837435 0.038297
0.259920 0.652392 0.087688
0.185848 0.493242 0.320911
0.174907 0.759284 0.065809
0.774708 0.133416 0.091875
0.399883 0.103559 0.496557
0.535345 0.223853 0.240802
0.315001 0.225773 0.459226
0.255854 0.492820 0.251326
0.529558 0.260397 0.210045
0.922899 0.024448 0.052654
0.247098 0.668168 0.084734
0.187376 0.727057 0.085567
0.673823 0.223242 0.102935
0.566181 0.127976 0.305843
0.456466 0.496810 0.046724
0.194906 0.147970 0.657123
0.620710 0.216949 0.162341
0.289467 0.185477 0.525057
0.315188 0.090728 0.594084
0.592557 0.252117 0.155326
0.724884 0.022017 0.253099
0.700741 0.119183 0.180077
0.127938 0.827060 0.045002
0.623239 0.113981 0.262780
0.412009 0.198804 0.389187
0.132481 0.729413 0.138106
0.241843 0.405486 0.352672
0.502884 0.390365 0.106751
0.482747 0.379858 0.137395
0.718789 0.104912 0.176299
0.500403 0.073824 0.425773
0.811295 0.090549 0.098156
0.065867 0.863269 0.070864
0.337577 0.078000 0.584423
0.078704 0.709374 0.211922
0.459323 0.394420 0.146257
0.309784 0.366024 0.324192
0.357560 0.398123 0.244316
0.270660 0.568569 0.160771
0.519834 0.100185 0.379981
0.356046 0.222571 0.421383
0.131816 0.830998 0.037186
0.208031 0.698146 0.093823
0.211574 0.471616 0.316810
0.187484 0.747885 0.064631
0.720532 0.167054 0.112414
0.367035 0.109959 0.523006
0.492841 0.247171 0.259988
0.218687 0.252720 0.528593
0.291844 0.478282 0.229874
0.451642 0.298030 0.250328
0.889627 0.036158 0.074215
0.318786 0.608874 0.072340
0.244784 0.672582 0.082634
0.665190 0.227956 0.106854
0.519225 0.139667 0.341108
0.426955 0.522160 0.050885
0.326686 0.125424 0.547890
0.600012 0.229370 0.170618
0.247805 0.196278 0.555917
0.306053 0.093953 0.599994
0.635850 0.222836 0.141314
0.753423 0.020465 0.226112
0.677341 0.131342 0.191317
0.121698 0.833696 0.044606
0.657430 0.101688 0.240883
0.408862 0.203939 0.387199
0.121265 0.740067 0.138669
0.247347 0.406379 0.346274
0.519919 0.377334 0.102747
0.496768 0.369720 0.133511
0.752902 0.090730 0.156368
0.597812 0.059102 0.343087
0.847204 0.073492 0.079304
0.056782 0.872641 0.070577
0.319850 0.076002 0.604148
0.097097 0.701700 0.201202
0.413164 0.432528 0.154309
0.342819 0.348498 0.308683
0.365999 0.391678 0.242322
0.367601 0.494431 0.137968
0.445836 0.115105 0.439058
0.304096 0.241940 0.453964
0.192400 0.773009 0.034592
0.203849 0.708103 0.088048
0.193695 0.481548 0.324757
0.170943 0.763090 0.065968
0.771118 0.136405 0.092478
0.458646 0.091848 0.449507
0.512976 0.237334 0.249690
0.221192 0.261606 0.517202
0.278192 0.488402 0.233406
0.543869 0.252474 0.203657
0.883997 0.038014 0.077989
0.317213 0.612389 0.070397
0.248024 0.669608 0.082368
0.704138 0.201451 0.094411
0.546319 0.131465 0.322216
0.429042 0.521665 0.049293
0.395247 0.111686 0.493067
0.687997 0.178534 0.133469
0.226096 0.199906 0.573998
0.305008 0.097402 0.597591
0.538036 0.283100 0.178865
0.671132 0.027024 0.301844
0.669845 0.135227 0.194929
0.057852 0.893073 0.049075
0.504088 0.147700 0.348212
0.390891 0.214116 0.394993
0.125415 0.740954 0.133632
0.308305 0.374181 0.317515
0.541720 0.365379 0.092900
0.303455 0.509352 0.187193
0.735688 0.094514 0.169798
0.601534 0.058179 0.340287
0.774827 0.108584 0.116588
0.053002 0.878012 0.068986
0.323015 0.076984 0.600001
0.130485 0.674257 0.195258
0.354080 0.472646 0.173275
0.316518 0.361970 0.321512
0.453443 0.336918 0.209639
0.198233 0.629761 0.172006
0.596065 0.085695 0.318240
0.346099 0.221717 0.432183
0.133866 0.828984 0.037150
0.227538 0.684291 0.088170
0.211793 0.469001 0.319206
0.181983 0.753196 0.064821
0.748601 0.148907 0.102492
0.299116 0.109985 0.590899
0.492891 0.244499 0.262610
0.178487 0.277903 0.543610
0.266203 0.495775 0.238022
0.523146 0.267928 0.208926
0.863133 0.043949 0.092918
0.255741 0.667882 0.076377
0.276666 0.645269 0.078065
0.679271 0.218546 0.102183
0.487400 0.152332 0.360268
0.413987 0.534084 0.051928
0.311283 0.124350 0.564367
0.583199 0.241473 0.175327
0.224786 0.207574 0.567640
0.264261 0.099701 0.636038
0.628318 0.227607 0.144075
0.665509 0.027341 0.307150
0.695388 0.123164 0.181447
0.108567 0.845521 0.045912
0.585042 0.125718 0.289240
0.410594 0.202669 0.386737
0.126033 0.737252 0.136715
0.263714 0.396389 0.339896
0.519717 0.380093 0.100190
0.498529 0.367520 0.133951
0.710759 0.107558 0.181683
0.522432 0.070435 0.407133
0.837303 0.078929 0.083767
0.062669 0.869574 0.067757
0.328514 0.074053 0.597433
0.119977 0.685301 0.194721
0.376649 0.452221 0.171130
0.333744 0.364012 0.302244
0.413854 0.355805 0.230341
0.196296 0.632174 0.171529
0.584502 0.087779 0.327719
0.297200 0.237656 0.465145
0.119926 0.843604 0.036469
0.177597 0.721268 0.101135
0.233075 0.455563 0.311362
0.175432 0.759073 0.065494
0.695314 0.181844 0.122842
0.505946 0.086423 0.407631
0.502390 0.243646 0.253964
0.219022 0.255414 0.525564
0.289305 0.473263 0.237432
0.501390 0.276275 0.222335
0.883033 0.038414 0.078553
0.220568 0.695053 0.084379
0.205727 0.706330 0.087943
0.575999 0.289396 0.134606
0.522966 0.137202 0.339831
0.396339 0.551374 0.052287
0.246542 0.136654 0.616804
0.592163 0.233366 0.174471
0.226622 0.207614 0.565764
0.223973 0.105217 0.670810
0.479606 0.318259 0.202136
0.734291 0.022525 0.243184
0.691540 0.128763 0.179697
0.204686 0.755244 0.040070
0.418511 0.174581 0.406908
0.403000 0.201283 0.395717
0.132003 0.724823 0.143174
0.264568 0.393128 0.342304
0.532159 0.362847 0.104994
0.342684 0.482377 0.174939
0.687559 0.119432 0.193009
0.523936 0.072444 0.403620
0.871185 0.063288 0.065527
0.066046 0.865013 0.068941
0.330102 0.073955 0.595943
0.154784 0.662347 0.182869
0.424600 0.414403 0.160997
0.307340 0.376092 0.316568
0.374257 0.378256 0.247487
0.213006 0.614092 0.172901
0.533361 0.098106 0.368533
0.324387 0.241310 0.434304
0.122280 0.837944 0.039775
0.255858 0.650722 0.093420
0.215391 0.465736 0.318873
0.164056 0.769433 0.066511
0.750896 0.148307 0.100796
0.341858 0.113771 0.544372
0.418584 0.278831 0.302585
0.278511 0.246947 0.474541
0.257686 0.491354 0.250960
0.538614 0.247041 0.214344
0.898312 0.032726 0.068962
0.260389 0.658837 0.080774
0.221220 0.691563 0.087217
0.717608 0.193785 0.088607
0.549688 0.132043 0.318269
0.433270 0.518139 0.048591
0.232588 0.142454 0.624958
0.577949 0.246795 0.175256
0.257511 0.193441 0.549048
0.271646 0.096537 0.631817
0.561608 0.265246 0.173146
0.700471 0.024775 0.274754
0.673199 0.132687 0.194114
0.090747 0.863548 0.045705
0.499739 0.149305 0.350956
0.369329 0.217177 0.413494
0.158368 0.670835 0.170798
0.273003 0.389064 0.337933
0.541603 0.367219 0.091178
0.344955 0.479750 0.175295
0.708617 0.106874 0.184508
0.553319 0.065926 0.380756
0.764309 0.122451 0.113239
0.067274 0.859550 0.073176
0.333710 0.076499 0.589791
0.098824 0.700787 0.200389
0.431585 0.418834 0.149581
0.319528 0.365628 0.314844
0.456764 0.346096 0.197140
0.368420 0.494524 0.137056
0.471051 0.110660 0.418289
0.384765 0.209652 0.405583
0.177943 0.786087 0.035970
0.264818 0.645554 0.089628
0.159072 0.498054 0.342874
0.170677 0.763589 0.065734
0.745869 0.151181 0.102950
0.344080 0.112628 0.543292
0.470972 0.261377 0.267651
0.236825 0.252268 0.510907
0.282397 0.482013 0.235589
0.519508 0.266990 0.213502
0.912899 0.028070 0.059030
0.273984 0.649116 0.076900
0.292087 0.629408 0.078504
0.717405 0.193748 0.088847
0.528340 0.135929 0.335731
0.350086 0.592935 0.056979
0.274344 0.132594 0.593062
0.627842 0.213552 0.158605
0.237681 0.196627 0.565693
0.303481 0.093331 0.603187
0.514630 0.296035 0.189335
0.747334 0.019689 0.232977
0.716828 0.115860 0.167312
0.080446 0.872593 0.046960
0.638308 0.108605 0.253088
0.395685 0.206803 0.397513
0.134423 0.732686 0.132891
0.247128 0.406083 0.346789
0.489849 0.397915 0.112236
0.394314 0.444028 0.161658
0.715289 0.104280 0.180431
0.575320 0.062081 0.362598
0.831819 0.081631 0.086550
0.064597 0.866506 0.068897
0.322772 0.079420 0.597808
0.115320 0.686262 0.198418
0.409073 0.448025 0.142902
0.312405 0.371023 0.316573
0.435402 0.340961 0.223637
0.426313 0.448156 0.125531
0.501678 0.103950 0.394372
0.369603 0.218628 0.411770
0.145394 0.816548 0.038058
0.186746 0.711894 0.101360
0.222020 0.465585 0.312396
0.184035 0.750283 0.065682
0.716317 0.169267 0.114417
0.456810 0.092314 0.450875
0.542473 0.218654 0.238873
0.243572 0.253443 0.502984
0.274309 0.478640 0.247052
0.483961 0.291630 0.224409
0.877489 0.039678 0.082833
0.284561 0.639794 0.075644
0.260180 0.660643 0.079178
0.635273 0.248619 0.116108
0.594674 0.120624 0.284702
0.293916 0.642872 0.063212
0.421804 0.105901 0.472295
0.635826 0.207997 0.156177
0.221863 0.195346 0.582791
0.305666 0.091995 0.602339
0.582189 0.258174 0.159637
0.753788 0.020203 0.226010
0.720908 0.115108 0.163984
0.095943 0.858543 0.045514
0.531031 0.139992 0.328977
0.377379 0.206795 0.415826
0.152856 0.708660 0.138484
0.276479 0.392631 0.330890
0.528451 0.371626 0.099923
0.287978 0.520848 0.191175
0.707737 0.103832 0.188430
0.561350 0.065210 0.373441
0.862060 0.066964 0.070977
0.063462 0.868607 0.067932
0.391652 0.067172 0.541176
0.119158 0.678379 0.202462
0.427033 0.418513 0.154454
0.355565 0.345917 0.298518
0.399322 0.371277 0.229402
0.219096 0.610239 0.170665
0.462857 0.112373 0.424770
0.380393 0.206894 0.412713
0.244073 0.723512 0.032415
0.274154 0.636715 0.089131
0.192811 0.478418 0.328771
0.188018 0.747194 0.064788
0.764781 0.139890 0.095329
0.315593 0.115324 0.569082
0.538341 0.225477 0.236182
0.234534 0.259946 0.505521
0.260642 0.495096 0.244262
0.478912 0.293320 0.227768
0.886085 0.036680 0.077234
0.306861 0.619864 0.073275
0.277003 0.641038 0.081960
0.667052 0.227045 0.105903
0.552736 0.129117 0.318147
0.415587 0.534240 0.050173
0.321842 0.125827 0.552330
0.631025 0.211988 0.156987
0.287192 0.186917 0.525891
0.386886 0.083781 0.529332
0.517896 0.297672 0.184432
0.713744 0.023689 0.262567
0.740564 0.108399 0.151037
0.091960 0.862709 0.045330
0.450158 0.166749 0.383093
0.405291 0.208029 0.386680
0.155223 0.712230 0.132546
0.218425 0.415983 0.365592
0.527826 0.374246 0.097927
0.432568 0.412131 0.155301
0.696108 0.113341 0.190551
0.544717 0.066262 0.389021
0.834113 0.079766 0.086121
0.056584 0.875127 0.068288
0.372398 0.070768 0.556834
0.158610 0.649896 0.191494
0.437280 0.416188 0.146531
0.366963 0.335351 0.297686
0.412557 0.360974 0.226469
0.376081 0.489018 0.134901
0.489804 0.106374 0.403822
0.234704 0.253630 0.511666
0.269870 0.697004 0.033126
0.295626 0.620980 0.083394
0.173082 0.499237 0.327681
0.179881 0.753844 0.066275
0.690914 0.184247 0.124839
0.318711 0.110723 0.570566
0.525745 0.223095 0.251160
0.282441 0.236351 0.481208
0.264192 0.487110 0.248698
0.475902 0.295698 0.228400
0.889192 0.035724 0.075084
0.246534 0.677635 0.075831
0.232048 0.685781 0.082171
0.741257 0.177152 0.081591
0.583161 0.119119 0.297720
0.446522 0.503808 0.049670
0.384097 0.112248 0.503655
0.596552 0.232428 0.171020
0.224696 0.193870 0.581434
0.281523 0.096000 0.622477
0.634639 0.225601 0.139760
0.739947 0.021638 0.238415
0.712711 0.119108 0.168181
0.104389 0.850222 0.045389
0.609886 0.118050 0.272064
0.407275 0.199935 0.392790
0.127281 0.730465 0.142254
0.220090 0.418526 0.361384
0.592215 0.321155 0.086629
0.372475 0.458151 0.169374
0.711836 0.106176 0.181988
0.597944 0.058585 0.343471
0.858892 0.067945 0.073163
0.074823 0.857333 0.067843
0.327755 0.074517 0.597728
0.116444 0.681635 0.201921
0.188371 0.591502 0.220127
0.392348 0.320422 0.287230
0.427853 0.354631 0.217515
0.192856 0.631291 0.175853
0.487119 0.109354 0.403526
0.339609 0.218914 0.441476
0.172285 0.792505 0.035210
0.300393 0.616283 0.083324
0.270938 0.440064 0.288998
0.156919 0.775657 0.067424
0.717067 0.165551 0.117382
0.323712 0.114583 0.561705
0.556174 0.214121 0.229705
0.267989 0.241452 0.490559
0.288563 0.475222 0.236215
0.509174 0.277546 0.213279
0.912895 0.027781 0.059324
0.228733 0.690618 0.080649
0.225089 0.691739 0.083172
0.598562 0.274761 0.126676
0.590033 0.119248 0.290719
0.349932 0.594019 0.056048
0.342138 0.119331 0.538532
0.604655 0.227111 0.168235
0.218115 0.203859 0.578026
0.312095 0.091908 0.595997
0.512165 0.300571 0.187264
0.738084 0.022233 0.239684
0.669784 0.143109 0.187106
0.078394 0.874726 0.046880
0.594099 0.121414 0.284487
0.380478 0.209010 0.410512
0.116583 0.748484 0.134933
0.262744 0.392697 0.344559
0.538656 0.357391 0.103954
0.352065 0.473923 0.174011
0.734763 0.097505 0.167732
0.583326 0.062189 0.354485
0.786336 0.103748 0.109916
0.052116 0.879246 0.068638
0.335975 0.073875 0.590150
0.090548 0.701835 0.207617
0.245235 0.547615 0.207150
0.430741 0.304073 0.265186
0.465388 0.328699 0.205914
0.323045 0.533642 0.143314
0.578774 0.090221 0.331005
0.281036 0.243664 0.475299
0.217918 0.748285 0.033798
0.260111 0.651363 0.088527
0.215492 0.469471 0.315037
0.172984 0.760632 0.066384
0.768828 0.138434 0.092737
0.455954 0.093380 0.450666
0.519723 0.232654 0.247623
0.171315 0.274359 0.554326
0.286030 0.481753 0.232217
0.527793 0.262868 0.209338
0.869800 0.041861 0.088340
0.234933 0.683325 0.081743
0.226231 0.691368 0.082402
0.673957 0.222982 0.103061
0.557183 0.128937 0.313880
0.454071 0.499150 0.046779
0.441125 0.101814 0.457061
0.593577 0.235851 0.170572
0.222743 0.210269 0.566988
0.325454 0.088890 0.585656
0.639579 0.221651 0.138770
0.649661 0.028777 0.321561
0.697473 0.125250 0.177277
0.157034 0.799850 0.043116
0.649076 0.106301 0.244623
0.414022 0.198643 0.387335
0.131963 0.731109 0.136927
0.279728 0.388211 0.332061
0.622009 0.291331 0.086660
0.476947 0.384016 0.139038
0.753934 0.092215 0.153851
0.566759 0.063584 0.369657
0.812967 0.090322 0.096711
0.061198 0.869885 0.068917
0.321494 0.072042 0.606463
0.135798 0.677108 0.187093
0.352569 0.463261 0.184171
0.298348 0.378387 0.323265
0.473386 0.324989 0.201625
0.203192 0.623467 0.173341
0.471251 0.112567 0.416181
0.298929 0.235938 0.465133
0.155908 0.807611 0.036481
0.193041 0.706598 0.100362
0.192834 0.491921 0.315245
0.179876 0.755037 0.065087
0.677319 0.191117 0.131564
0.319419 0.118303 0.562278
0.505593 0.240888 0.253519
0.261673 0.245354 0.492973
0.307942 0.460559 0.231499
0.439771 0.311052 0.249177
0.917241 0.025239 0.057519
0.278924 0.634414 0.086663
0.269102 0.650217 0.080681
0.727505 0.185853 0.086642
0.612531 0.112488 0.274981
0.298046 0.641092 0.060862
0.435430 0.104207 0.460363
0.611500 0.225135 0.163365
0.231818 0.206373 0.561809
0.337920 0.087576 0.574505
0.618342 0.236164 0.145494
0.660992 0.028586 0.310422
0.739633 0.106456 0.153911
0.174207 0.783110 0.042683
0.519226 0.144233 0.336541
0.611624 0.129702 0.258673
0.153115 0.716444 0.130440
0.198728 0.420325 0.380947
0.486061 0.404756 0.109183
0.453314 0.401935 0.144751
0.741403 0.095402 0.163195
0.487045 0.077208 0.435746
0.866806 0.064740 0.068454
0.055169 0.876582 0.068249
0.320014 0.076562 0.603424
0.121026 0.693987 0.184986
0.300401 0.499007 0.200592
0.361772 0.343296 0.294932
0.452206 0.329550 0.218244
0.194410 0.628944 0.176646
0.447399 0.125256 0.427344
0.367191 0.211723 0.421085
0.159027 0.806708 0.034265
0.202521 0.704229 0.093250
0.238829 0.453303 0.307868
0.199245 0.736883 0.063872
0.734684 0.167277 0.098039
0.393817 0.105272 0.500911
0.526816 0.231703 0.241481
0.244070 0.254896 0.501034
0.279304 0.480044 0.240652
0.514109 0.263890 0.222002
0.907968 0.036797 0.055236
0.311098 0.610039 0.078863
0.276051 0.643520 0.080429
0.562049 0.298828 0.139123
0.619592 0.111499 0.268909
0.416744 0.534168 0.049087
0.383381 0.133131 0.483488
0.624770 0.217618 0.157613
0.271028 0.187476 0.541496
0.278315 0.098911 0.622774
0.591263 0.250410 0.158327
0.748504 0.021273 0.230224
0.700177 0.121906 0.177917
0.096188 0.855347 0.048464
0.460783 0.159791 0.379427
0.426835 0.203504 0.369661
0.147526 0.702964 0.149510
0.301051 0.364344 0.334605
0.526097 0.376827 0.097076
0.497099 0.369400 0.133501
0.703129 0.115974 0.180897
0.554031 0.066101 0.379867
0.820764 0.088353 0.090882
0.067025 0.857772 0.075203
0.336813 0.076205 0.586982
0.106324 0.696570 0.197105
0.318754 0.468733 0.212513
0.304112 0.373328 0.322560
0.481790 0.331052 0.187159
0.434382 0.439778 0.125841
0.497474 0.106245 0.396281
0.356914 0.214217 0.428869
0.172897 0.787659 0.039444
0.177822 0.721164 0.101014
0.232648 0.462433 0.304919
0.152265 0.780092 0.067643
0.770718 0.135897 0.093385
0.433499 0.098083 0.468418
0.474819 0.235241 0.289940
0.321893 0.223946 0.454161
0.319459 0.450588 0.229954
0.497858 0.277878 0.224265
0.900396 0.031131 0.068472
0.265597 0.646242 0.088161
0.309927 0.596577 0.093496
0.573197 0.292054 0.134749
0.594985 0.116314 0.288701
0.359879 0.585229 0.054892
0.400750 0.110574 0.488676
0.623908 0.216993 0.159099
0.277282 0.185327 0.537391
0.288635 0.093751 0.617614
0.572198 0.264843 0.162959
0.750907 0.020254 0.228840
0.680428 0.127190 0.192382
0.079447 0.872756 0.047798
0.497723 0.154249 0.348028
0.400396 0.203132 0.396471
0.158676 0.712938 0.128386
0.270713 0.383306 0.345981
0.540482 0.366219 0.093299
0.383649 0.454095 0.162256
0.683433 0.129084 0.187483
0.616850 0.055794 0.327356
0.856513 0.069648 0.073839
0.094874 0.832448 0.072678
0.430992 0.064321 0.504686
0.136542 0.673372 0.190086
0.557039 0.318045 0.124916
0.395734 0.320663 0.283603
0.423764 0.341143 0.235093
0.324535 0.526598 0.148867
0.509405 0.104749 0.385846
0.270239 0.247637 0.482123
0.199035 0.766623 0.034342
0.193478 0.708448 0.098075
0.225392 0.461949 0.312660
0.164315 0.769418 0.066268
0.766789 0.140642 0.092569
0.317557 0.117516 0.564927
0.486793 0.247474 0.265733
0.220878 0.257269 0.521853
0.314518 0.462818 0.222664
0.534752 0.255357 0.209891
0.914567 0.030152 0.055281
0.257648 0.659245 0.083107
0.276183 0.642831 0.080986
0.647610 0.241136 0.111254
0.524256 0.142322 0.333422
0.407933 0.541731 0.050336
0.549800 0.085344 0.364856
0.651328 0.200350 0.148323
0.227772 0.200611 0.571617
0.290089 0.094845 0.615067
0.516976 0.296304 0.186721
0.732267 0.021878 0.245854
0.701764 0.121934 0.176302
0.067946 0.883479 0.048575
0.613248 0.116183 0.270569
0.420357 0.195551 0.384092
0.135413 0.719904 0.144684
0.217699 0.419763 0.362538
0.501644 0.392380 0.105976
0.352632 0.473700 0.173667
0.721060 0.102688 0.176252
0.564286 0.063595 0.372118
0.832856 0.082920 0.084224
0.059228 0.871067 0.069704
0.380762 0.068754 0.550484
0.147679 0.659670 0.192651
0.356322 0.473643 0.170035
0.292699 0.378411 0.328890
0.402519 0.380021 0.217460
0.200355 0.627028 0.172617
0.429500 0.159154 0.411346
0.346005 0.217817 0.436178
0.232654 0.734473 0.032873
0.200936 0.702941 0.096123
0.236245 0.453308 0.310447
0.188433 0.746833 0.064734
0.709798 0.184619 0.105583
0.334925 0.111845 0.553231
0.531306 0.226731 0.241964
0.236114 0.253746 0.510140
0.271901 0.488708 0.239391
0.525597 0.262214 0.212189
0.863036 0.052889 0.084074
0.206261 0.707182 0.086558
0.269285 0.651183 0.079531
0.726881 0.186689 0.086431
0.600613 0.118211 0.281177
0.338532 0.602071 0.059397
0.359618 0.121300 0.519081
0.605025 0.225959 0.169016
0.319962 0.172030 0.508008
0.361266 0.085344 0.553389
0.639873 0.220367 0.139760
0.744651 0.021244 0.234105
0.728627 0.111210 0.160163
0.103359 0.850822 0.045819
0.631602 0.110864 0.257534
0.395600 0.201497 0.402903
0.128602 0.735165 0.136234
0.282801 0.381316 0.335883
0.453272 0.432896 0.113832
0.391569 0.445617 0.162814
0.760710 0.086153 0.153137
0.546658 0.066976 0.386366
0.821205 0.086271 0.092523
0.056156 0.875517 0.068328
0.377017 0.069295 0.553689
0.120206 0.681184 0.198610
0.478583 0.378608 0.142809
0.286720 0.384429 0.328852
0.358618 0.400628 0.240754
0.419162 0.455084 0.125754
0.492619 0.106970 0.400410
0.351069 0.218467 0.430464
0.116033 0.845938 0.038030
0.200730 0.701086 0.098185
0.222296 0.467632 0.310071
0.179910 0.754835 0.065255
0.768480 0.136933 0.094587
0.469825 0.090526 0.439649
0.534993 0.219363 0.245644
0.232596 0.258614 0.508790
0.323322 0.449622 0.227056
0.524696 0.264203 0.211102
0.887675 0.036213 0.076112
0.297197 0.628403 0.074400
0.261705 0.659094 0.079201
0.709535 0.197671 0.092794
0.472558 0.152640 0.374803
0.378040 0.568421 0.053539
0.474172 0.095711 0.430116
0.582919 0.241478 0.175603
0.219142 0.206827 0.574031
0.276675 0.095567 0.627758
0.544843 0.281877 0.173280
0.753474 0.021023 0.225503
0.672695 0.138082 0.189223
0.092407 0.861529 0.046064
0.634651 0.114091 0.251257
0.374072 0.209483 0.416444
0.127203 0.735237 0.137559
0.279231 0.384470 0.336299
0.421924 0.451364 0.126712
0.341121 0.481333 0.177547
0.714297 0.115767 0.169936
0.539888 0.068425 0.391688
0.879829 0.057765 0.062406
0.048747 0.880806 0.070447
0.306100 0.079062 0.614838
0.142986 0.672528 0.184486
0.340833 0.475856 0.183311
0.344236 0.350588 0.305176
0.370950 0.389309 0.239741
0.170350 0.651483 0.178167
0.436128 0.119579 0.444294
0.322927 0.223716 0.453357
0.157559 0.806203 0.036238
0.163636 0.742479 0.093885
0.242985 0.458532 0.298483
0.163083 0.770443 0.066474
0.784428 0.128345 0.087227
0.309083 0.117803 0.573114
0.607367 0.193643 0.198991
0.219599 0.275379 0.505022
0.283033 0.480286 0.236681
0.493433 0.276227 0.230340
0.922325 0.025000 0.052674
0.211061 0.704381 0.084558
0.257116 0.659557 0.083327
0.709745 0.197518 0.092738
0.623342 0.109511 0.267147
0.292009 0.645982 0.062009
0.357758 0.116813 0.525429
0.611555 0.220318 0.168128
0.243473 0.195797 0.560730
0.398294 0.086668 0.515038
0.614667 0.237412 0.147921
0.721032 0.024513 0.254455
0.710471 0.121917 0.167612
0.147189 0.808802 0.044009
0.366896 0.189488 0.443616
0.383240 0.222293 0.394467
0.115727 0.744529 0.139743
0.289667 0.375928 0.334406
0.552591 0.349175 0.098235
0.380523 0.454191 0.165286
0.735606 0.095653 0.168741
0.586979 0.061260 0.351761
0.806184 0.093238 0.100578
0.059907 0.870493 0.069600
0.325156 0.073783 0.601061
0.079125 0.716376 0.204499
0.331192 0.496836 0.171971
0.309549 0.367490 0.322961
0.413861 0.356865 0.229274
0.237614 0.594009 0.168377
0.569852 0.090356 0.339792
0.290698 0.246321 0.462981
0.167895 0.795301 0.036804
0.173627 0.733363 0.093010
0.244957 0.451442 0.303601
0.194089 0.741559 0.064352
0.649188 0.207221 0.143591
0.381023 0.097497 0.521480
0.534230 0.220130 0.245639
0.225044 0.256022 0.518934
0.276419 0.488160 0.235421
0.532517 0.253652 0.213831
0.886264 0.036585 0.077151
0.317387 0.607862 0.074751
0.217519 0.696132 0.086349
0.756690 0.166402 0.076908
0.536802 0.134330 0.328869
0.388247 0.559544 0.052208
0.267744 0.131314 0.600941
0.584226 0.253605 0.162169
0.273998 0.189837 0.536165
0.289082 0.097248 0.613670
0.631998 0.225427 0.142575
0.710928 0.024839 0.264232
0.730436 0.112032 0.157532
0.144607 0.807876 0.047517
0.637211 0.110120 0.252669
0.391535 0.212975 0.395490
0.146892 0.713711 0.139398
0.215440 0.409860 0.374700
0.533956 0.364433 0.101611
0.496627 0.365234 0.138138
0.720958 0.104897 0.174145
0.579318 0.061748 0.358935
0.804012 0.094521 0.101467
0.065453 0.861221 0.073326
0.340603 0.078000 0.581397
0.092929 0.705146 0.201926
0.446699 0.402299 0.151002
0.288083 0.379098 0.332819
0.347527 0.391387 0.261086
0.342430 0.515091 0.142480
0.481467 0.110695 0.407838
0.353225 0.216984 0.429791
0.155964 0.806739 0.037297
0.282994 0.628851 0.088155
0.219814 0.462073 0.318113
0.184035 0.750562 0.065402
0.735809 0.158072 0.106118
0.357124 0.111358 0.531518
0.460982 0.266510 0.272507
0.228247 0.254306 0.517447
0.291171 0.478879 0.229950
0.521528 0.267156 0.211316
0.904567 0.031169 0.064264
0.340115 0.585453 0.074432
0.301672 0.620592 0.077737
0.692011 0.209408 0.098581
0.601179 0.115637 0.283184
0.430127 0.519806 0.050067
0.437506 0.105265 0.457229
0.616640 0.220093 0.163268
0.269785 0.188832 0.541383
0.324469 0.091643 0.583888
0.527686 0.288962 0.183352
0.669194 0.026947 0.303859
0.720860 0.114763 0.164377
0.162888 0.793729 0.043383
0.469444 0.157732 0.372824
0.406984 0.203960 0.389057
0.157340 0.705116 0.137545
0.213340 0.423684 0.362976
0.530439 0.368207 0.101354
0.469325 0.389771 0.140904
0.700669 0.104515 0.194816
0.524838 0.070540 0.404622
0.845022 0.075439 0.079539
0.076581 0.857033 0.066386
0.323397 0.076168 0.600436
0.079047 0.717735 0.203218
0.538479 0.343205 0.118317
0.332331 0.352467 0.315202
0.413821 0.363702 0.222477
0.393819 0.476652 0.129529
0.437670 0.119738 0.442591
0.354768 0.222126 0.423107
0.129805 0.831898 0.038298
0.163999 0.732671 0.103330
0.213354 0.467118 0.319528
0.175114 0.759492 0.065394
0.756312 0.144353 0.099335
0.389514 0.106930 0.503556
0.541295 0.219920 0.238785
0.180069 0.281907 0.538024
0.274488 0.473217 0.252295
0.515943 0.271785 0.212272
0.909121 0.029366 0.061513
0.256407 0.661828 0.081766
0.236165 0.682487 0.081348
0.684510 0.214781 0.100709
0.540201 0.138820 0.320979
0.428652 0.521047 0.050301
0.534303 0.083180 0.382518
0.632466 0.210322 0.157212
0.255779 0.189955 0.554266
0.275123 0.097211 0.627666
0.622595 0.232260 0.145145
0.728425 0.022475 0.249101
0.739299 0.106772 0.153929
0.171035 0.786955 0.042010
0.573348 0.133421 0.293231
0.405696 0.201436 0.392869
0.138157 0.731962 0.129880
0.193445 0.433560 0.372995
0.472087 0.411546 0.116366
0.373387 0.460547 0.166065
0.738966 0.107423 0.153611
0.609247 0.058060 0.332692
0.781145 0.106495 0.112360
0.050645 0.880395 0.068960
0.326556 0.072563 0.600881
0.071228 0.715982 0.212790
0.478790 0.351865 0.169345
0.304560 0.375049 0.320391
0.369101 0.385964 0.244935
0.325465 0.531681 0.142854
0.590819 0.087057 0.322124
0.379064 0.218720 0.402216
0.128199 0.833897 0.037904
0.286882 0.623976 0.089141
0.223277 0.465119 0.311604
0.186652 0.748003 0.065346
0.759687 0.142438 0.097875
0.400392 0.101668 0.497941
0.540545 0.223089 0.236366
0.235170 0.259057 0.505772
0.276120 0.483268 0.240612
0.467900 0.303879 0.228221
0.869238 0.042362 0.088400
0.340502 0.587766 0.071732
0.278018 0.640025 0.081957
0.620419 0.258485 0.121096
0.535578 0.144238 0.320184
0.336108 0.604534 0.059358
0.545635 0.080583 0.373782
0.625791 0.216073 0.158136
0.229148 0.197688 0.573164
0.391707 0.080148 0.528145
0.582784 0.256636 0.160581
0.721089 0.023515 0.255396
0.852703 0.063156 0.084142
0.184532 0.774377 0.041092
0.487105 0.154659 0.358236
0.400265 0.203387 0.396348
0.134182 0.727381 0.138436
0.220344 0.410535 0.369120
0.652444 0.264791 0.082765
0.413411 0.431030 0.155560
0.708944 0.108311 0.182746
0.588975 0.061345 0.349680
0.793374 0.100425 0.106201
0.057737 0.874924 0.067339
0.338813 0.070394 0.590793
0.099357 0.693014 0.207628
0.291045 0.526067 0.182888
0.277724 0.383695 0.338581
0.446907 0.342963 0.210130
0.160513 0.657598 0.181890
0.453986 0.116599 0.429415
0.281725 0.245454 0.472821
0.248403 0.717411 0.034186
0.168991 0.730030 0.100979
0.213893 0.470579 0.315528
0.174950 0.758964 0.066086
0.751140 0.148446 0.100414
0.468419 0.091048 0.440533
0.561038 0.203634 0.235327
0.221380 0.260581 0.518038
0.282746 0.478917 0.238336
0.541783 0.258437 0.199780
0.887506 0.035204 0.077290
0.253841 0.667524 0.078635
0.220423 0.696127 0.083451
0.710924 0.197431 0.091646
0.570166 0.128524 0.301310
0.290070 0.647489 0.062442
0.217219 0.142735 0.640047
0.624563 0.216210 0.159227
0.221964 0.196954 0.581083
0.258563 0.099134 0.642303
0.534957 0.286774 0.178269
0.733523 0.025163 0.241314
0.720202 0.110692 0.169106
0.100887 0.853876 0.045237
0.548925 0.136633 0.314442
0.376310 0.211542 0.412148
0.159421 0.707151 0.133427
0.221830 0.411820 0.366350
0.521250 0.373856 0.104894
0.359065 0.469921 0.171014
0.717170 0.102790 0.180040
0.544397 0.067128 0.388475
0.859069 0.068002 0.072930
0.061026 0.867366 0.071608
0.329066 0.075852 0.595082
0.150019 0.668702 0.181279
0.418634 0.422094 0.159272
0.346616 0.352947 0.300437
0.386487 0.379154 0.234360
0.180978 0.639543 0.179479
0.481817 0.107686 0.410497
