0.256084 0.377743 0.366174
0.277164 0.391857 0.330979
0.772451 0.108742 0.118807
0.426284 0.263131 0.310585
0.331926 0.372123 0.295951
0.427607 0.296362 0.276031
0.274738 0.371451 0.353812
0.712479 0.155303 0.132218
0.339280 0.309249 0.351471
0.642230 0.185332 0.172438
0.548596 0.222596 0.228808
0.118709 0.452351 0.428940
0.402676 0.324388 0.272937
0.245207 0.421772 0.333021
0.812930 0.096201 0.090869
0.397420 0.297788 0.304792
0.691885 0.148103 0.160012
0.310177 0.335082 0.354741
0.370038 0.299884 0.330078
0.189072 0.362226 0.448703
0.722408 0.131125 0.146467
0.497989 0.268240 0.233770
0.738241 0.117624 0.144135
0.680691 0.134507 0.184802
0.425186 0.306849 0.267966
0.109245 0.381397 0.509358
0.823450 0.084055 0.092495
0.594398 0.220479 0.185123
0.271164 0.385541 0.343295
0.137581 0.478318 0.384100
0.563622 0.234254 0.202124
0.771804 0.107335 0.120862
0.939519 0.027426 0.033055
0.650064 0.182282 0.167654
0.711290 0.152960 0.135750
0.588253 0.191816 0.219930
0.158338 0.457952 0.383709
0.491602 0.248229 0.260169
0.529264 0.247687 0.223049
0.445158 0.276387 0.278455
0.530141 0.234040 0.235819
0.359715 0.312414 0.327871
0.288016 0.358082 0.353902
0.309810 0.370415 0.319775
0.623201 0.175914 0.200885
0.501502 0.219227 0.279271
0.327809 0.380202 0.291989
0.422764 0.298820 0.278417
0.208129 0.399184 0.392687
0.722305 0.146094 0.131601
0.340680 0.287054 0.372266
0.598200 0.209443 0.192356
0.471343 0.260674 0.267983
0.468153 0.271775 0.260072
0.368581 0.386013 0.245406
0.230709 0.420874 0.348417
0.713515 0.149168 0.137318
0.352813 0.322668 0.324519
0.682681 0.152653 0.164665
0.315075 0.326801 0.358124
0.469489 0.246682 0.283829
0.186830 0.372177 0.440994
0.734249 0.116778 0.148973
0.498931 0.270299 0.230770
0.650587 0.156958 0.192456
0.686247 0.127669 0.186084
0.296292 0.414199 0.289510
0.106612 0.395550 0.497839
0.824003 0.081894 0.094103
0.595955 0.218697 0.185348
0.273857 0.384069 0.342074
0.234273 0.425765 0.339962
0.645736 0.194511 0.159752
0.772827 0.106919 0.120254
0.926445 0.031797 0.041758
0.704152 0.153382 0.142465
0.314725 0.368382 0.316892
0.353692 0.291870 0.354437
0.156541 0.468597 0.374862
0.369545 0.297297 0.333158
0.285508 0.379820 0.334671
0.442641 0.278783 0.278576
0.530800 0.233572 0.235628
0.536499 0.227614 0.235887
0.280966 0.361603 0.357431
0.228798 0.429045 0.342157
0.483069 0.240954 0.275977
0.489143 0.235507 0.275349
0.328574 0.378383 0.293042
0.421717 0.299567 0.278717
0.623973 0.189384 0.186643
0.722923 0.149413 0.127664
0.340668 0.287059 0.372273
0.577296 0.219617 0.203087
0.729139 0.133663 0.137197
0.370909 0.322821 0.306270
0.368889 0.384600 0.246511
0.227714 0.430047 0.342239
0.707766 0.152161 0.140073
0.397588 0.296924 0.305488
0.693648 0.147658 0.158694
0.365451 0.307847 0.326702
0.477339 0.242963 0.279697
0.188796 0.364040 0.447164
0.734901 0.116153 0.148946
0.504523 0.264147 0.231329
0.737268 0.120004 0.142729
0.674248 0.142160 0.183592
0.395124 0.355674 0.249201
0.060888 0.416072 0.523040
0.794933 0.095453 0.109614
0.591662 0.221983 0.186355
0.269326 0.387157 0.343517
0.142411 0.464031 0.393557
0.597872 0.220113 0.182015
0.723004 0.130485 0.146511
0.926502 0.031733 0.041764
0.696026 0.157961 0.146013
0.318741 0.360902 0.320357
0.647078 0.165001 0.187921
0.263733 0.396287 0.339980
0.389351 0.297441 0.313208
0.467359 0.283171 0.249470
0.460870 0.269354 0.269776
0.529430 0.236652 0.233918
0.361947 0.310775 0.327279
0.258830 0.374343 0.366827
0.367785 0.356733 0.275482
0.654470 0.161386 0.184144
0.437700 0.257601 0.304699
0.326545 0.383506 0.289949
0.421034 0.299966 0.279000
0.208245 0.401325 0.390430
0.716119 0.153739 0.130142
0.332364 0.289052 0.378583
0.617090 0.198417 0.184493
0.545848 0.224181 0.229971
0.462757 0.275859 0.261384
0.425151 0.338944 0.235905
0.226924 0.430223 0.342853
0.775746 0.116866 0.107388
0.395962 0.299486 0.304553
0.689849 0.148833 0.161319
0.313459 0.329307 0.357234
0.477431 0.242995 0.279574
0.189971 0.356742 0.453287
0.780985 0.096011 0.123004
0.494889 0.272309 0.232802
0.747613 0.109282 0.143105
0.706060 0.126478 0.167462
0.396900 0.353841 0.249259
0.077744 0.413260 0.508996
0.825147 0.081360 0.093493
0.588230 0.228614 0.183156
0.264303 0.394092 0.341606
0.139730 0.469938 0.390332
0.645199 0.194726 0.160075
0.767502 0.111786 0.120713
0.927101 0.031296 0.041603
0.686264 0.167116 0.146620
0.312642 0.370766 0.316592
0.590051 0.190886 0.219063
0.155843 0.469452 0.374705
0.359824 0.315105 0.325071
0.511585 0.259948 0.228467
0.443844 0.277428 0.278729
0.535881 0.228036 0.236083
0.536245 0.226618 0.237137
0.244735 0.379591 0.375674
0.378772 0.338485 0.282743
0.590003 0.190743 0.219254
0.427334 0.263017 0.309649
0.472574 0.283609 0.243818
0.423135 0.297689 0.279176
0.207931 0.399139 0.392931
0.714151 0.153823 0.132026
0.280958 0.311872 0.407169
0.616198 0.198629 0.185173
0.545194 0.225342 0.229464
0.370689 0.322435 0.306876
0.368667 0.384236 0.247098
0.174023 0.460513 0.365465
0.784213 0.112397 0.103389
0.301499 0.345073 0.353428
0.691386 0.148475 0.160139
0.375691 0.298298 0.326011
0.351932 0.301369 0.346699
0.195796 0.343458 0.460746
0.754862 0.106905 0.138233
0.499734 0.267024 0.233242
0.735270 0.123130 0.141601
0.687568 0.127569 0.184862
0.324072 0.399710 0.276218
0.108368 0.379068 0.512563
0.781825 0.102321 0.115854
0.591396 0.220667 0.187937
0.271455 0.385781 0.342764
0.137888 0.481473 0.380639
0.567878 0.237208 0.194914
0.770763 0.108747 0.120491
0.923698 0.034677 0.041624
0.692654 0.161028 0.146318
0.519440 0.257105 0.223455
0.586710 0.195427 0.217862
0.155787 0.469371 0.374842
0.356164 0.323532 0.320304
0.519461 0.252442 0.228096
0.448862 0.274660 0.276478
0.527139 0.238848 0.234013
0.448967 0.269494 0.281540
0.259745 0.372301 0.367954
0.303683 0.365866 0.330451
0.814151 0.087225 0.098625
0.501637 0.218880 0.279483
0.331682 0.369803 0.298515
0.433003 0.293826 0.273171
0.212194 0.397046 0.390759
0.837016 0.083885 0.079099
0.245046 0.346925 0.408029
0.614060 0.200617 0.185323
0.547131 0.223019 0.229851
0.359660 0.328519 0.311821
0.368595 0.386418 0.244987
0.236274 0.404942 0.358784
0.872459 0.065901 0.061640
0.395072 0.301223 0.303706
0.689985 0.149437 0.160577
0.311752 0.332027 0.356221
0.346357 0.303782 0.349861
0.223609 0.368462 0.407929
0.728053 0.123654 0.148293
0.500521 0.269223 0.230256
0.741532 0.115383 0.143085
0.753981 0.099216 0.146803
0.395310 0.356066 0.248624
0.090063 0.416942 0.492995
0.629836 0.173606 0.196558
0.595107 0.218686 0.186207
0.269190 0.385558 0.345253
0.252139 0.416818 0.331043
0.646129 0.194323 0.159548
0.631401 0.174762 0.193836
0.924963 0.033463 0.041574
0.692482 0.161319 0.146200
0.315359 0.366681 0.317960
0.647245 0.159047 0.193708
0.156204 0.468962 0.374835
0.365735 0.298193 0.336072
0.361459 0.338598 0.299943
0.455958 0.271953 0.272089
0.531547 0.232582 0.235870
0.537727 0.226129 0.236144
0.259493 0.371801 0.368706
0.356073 0.376103 0.267824
0.644230 0.165511 0.190259
0.506038 0.211824 0.282138
0.406208 0.319660 0.274133
0.423015 0.298605 0.278381
0.207053 0.402496 0.390451
0.745099 0.142776 0.112126
0.341865 0.285612 0.372523
0.685732 0.164143 0.150125
0.556924 0.219134 0.223942
0.370282 0.323994 0.305724
0.387278 0.357526 0.255196
0.207469 0.441697 0.350834
0.708236 0.150663 0.141101
0.275982 0.358528 0.365490
0.693039 0.147924 0.159036
0.451983 0.271457 0.276560
0.475879 0.246279 0.277841
0.187188 0.369031 0.443781
0.728381 0.123880 0.147739
0.499755 0.270849 0.229397
0.737650 0.119458 0.142892
0.662787 0.156475 0.180738
0.406668 0.338452 0.254880
0.105010 0.402114 0.492876
0.822251 0.083460 0.094289
0.590637 0.223398 0.185966
0.300070 0.371821 0.328110
0.144846 0.456571 0.398584
0.647664 0.192726 0.159609
0.720078 0.133150 0.146773
0.923891 0.034161 0.041948
0.212673 0.418148 0.369179
0.404080 0.325668 0.270252
0.591252 0.188790 0.219958
0.153486 0.472154 0.374360
0.359534 0.314124 0.326342
0.509076 0.258034 0.232890
0.445246 0.275537 0.279217
0.524576 0.242725 0.232699
0.537996 0.223464 0.238540
0.260646 0.370730 0.368624
0.383539 0.345401 0.271060
0.636881 0.169498 0.193621
0.431238 0.254258 0.314504
0.339565 0.387414 0.273021
0.429172 0.294875 0.275953
0.355083 0.323651 0.321266
0.807428 0.104247 0.088325
0.339516 0.286979 0.373505
0.617869 0.198051 0.184080
0.564256 0.214407 0.221337
0.375671 0.319712 0.304617
0.368890 0.388539 0.242572
0.211266 0.438493 0.350240
0.804564 0.100888 0.094548
0.233743 0.374749 0.391508
0.689771 0.149582 0.160648
0.318278 0.319453 0.362269
0.476870 0.243295 0.279835
0.193853 0.360917 0.445231
0.801611 0.090550 0.107839
0.513197 0.255671 0.231132
0.477793 0.235163 0.287044
0.688132 0.126386 0.185483
0.389580 0.367175 0.243245
0.105141 0.402404 0.492455
0.824694 0.082477 0.092829
0.678815 0.166068 0.155117
0.310291 0.365087 0.324621
0.137384 0.479132 0.383483
0.643850 0.194129 0.162021
0.678379 0.155166 0.166455
0.925591 0.033311 0.041098
0.643218 0.182974 0.173808
0.415446 0.314007 0.270546
0.589662 0.190139 0.220199
0.328039 0.377162 0.294799
0.499439 0.247028 0.253533
0.507777 0.258905 0.233318
0.441724 0.280890 0.277385
0.530997 0.231837 0.237166
0.488972 0.248956 0.262072
0.258704 0.373017 0.368278
0.378557 0.335712 0.285731
0.815043 0.086128 0.098829
0.579973 0.185864 0.234163
0.337365 0.361617 0.301018
0.422758 0.298858 0.278384
0.207574 0.402565 0.389862
0.720206 0.149558 0.130236
0.340636 0.286615 0.372749
0.614367 0.200083 0.185550
0.484493 0.255049 0.260458
0.465238 0.275356 0.259406
0.383100 0.362802 0.254098
0.231468 0.418906 0.349626
0.705954 0.153506 0.140541
0.217942 0.389084 0.392974
0.689951 0.149599 0.160450
0.611307 0.191126 0.197566
0.358021 0.301616 0.340364
0.186915 0.371513 0.441572
0.734953 0.115595 0.149453
0.361570 0.346714 0.291716
0.739054 0.119088 0.141858
0.675598 0.144897 0.179505
0.418651 0.316873 0.264477
0.105267 0.401305 0.493428
0.792196 0.096937 0.110867
0.597241 0.212492 0.190266
0.339072 0.353595 0.307332
0.204029 0.428582 0.367389
0.646447 0.189439 0.164114
0.643771 0.169895 0.186335
0.926918 0.031326 0.041756
0.698414 0.155454 0.146132
0.512697 0.266362 0.220941
0.647797 0.161740 0.190462
0.522850 0.253115 0.224035
0.368423 0.298295 0.333282
0.392289 0.323479 0.284232
0.454349 0.272736 0.272915
0.522896 0.243475 0.233630
0.453598 0.264177 0.282225
0.406701 0.299645 0.293654
0.353646 0.380873 0.265482
0.811247 0.090330 0.098423
0.418983 0.268824 0.312194
0.333982 0.395459 0.270560
0.425609 0.295950 0.278442
0.206365 0.406276 0.387360
0.738932 0.145873 0.115195
0.327732 0.311446 0.360821
0.617351 0.197557 0.185092
0.549467 0.221574 0.228959
0.370673 0.324636 0.304691
0.400277 0.333516 0.266207
0.147316 0.487338 0.365347
0.817838 0.093935 0.088226
0.390763 0.298959 0.310278
0.594603 0.195182 0.210215
0.357877 0.313276 0.328847
0.471629 0.251711 0.276659
0.271454 0.310313 0.418232
0.728179 0.125989 0.145832
0.393303 0.318352 0.288346
0.739501 0.117201 0.143299
0.666858 0.154656 0.178486
0.426704 0.305539 0.267757
0.097699 0.376171 0.526131
0.823035 0.083661 0.093304
0.612766 0.203635 0.183599
0.270870 0.385307 0.343824
0.282397 0.374312 0.343290
0.647784 0.188781 0.163435
0.771133 0.107285 0.121583
0.926562 0.031680 0.041757
0.698975 0.154228 0.146798
0.724538 0.145905 0.129558
0.628245 0.179495 0.192261
0.295881 0.374368 0.329751
0.369213 0.291965 0.338822
0.328258 0.357235 0.314508
0.444256 0.278997 0.276747
0.511726 0.243209 0.245065
0.486360 0.250176 0.263464
0.258214 0.375373 0.366413
0.347694 0.390276 0.262030
0.816225 0.085695 0.098080
0.497352 0.226938 0.275710
0.326798 0.380867 0.292334
0.421219 0.299261 0.279520
0.215700 0.397151 0.387149
0.829680 0.096705 0.073615
0.341579 0.285497 0.372924
0.620071 0.196758 0.183171
0.549813 0.221971 0.228216
0.373043 0.319734 0.307223
0.428103 0.339675 0.232222
0.182827 0.439591 0.377581
0.760937 0.124415 0.114647
0.290364 0.352984 0.356653
0.693321 0.147268 0.159410
0.341716 0.308538 0.349746
0.475828 0.243836 0.280336
0.181102 0.389841 0.429057
0.765601 0.102744 0.131656
0.493520 0.279593 0.226886
0.740058 0.116349 0.143592
0.689222 0.124939 0.185840
0.413614 0.328048 0.258338
0.100104 0.430247 0.469649
0.824678 0.081558 0.093764
0.730000 0.146736 0.123263
0.358152 0.339371 0.302476
0.136230 0.482342 0.381428
0.646565 0.191328 0.162108
0.766454 0.113885 0.119661
0.924206 0.034013 0.041781
0.690981 0.162577 0.146442
0.315007 0.366303 0.318690
0.596632 0.180710 0.222657
0.159434 0.454746 0.385820
0.349775 0.325391 0.324834
0.463979 0.281876 0.254145
0.443520 0.277379 0.279101
0.480794 0.261784 0.257422
0.537178 0.225564 0.237257
0.309819 0.347068 0.343112
0.381803 0.322549 0.295648
0.638047 0.170576 0.191377
0.564725 0.207214 0.228060
0.323230 0.388051 0.288718
0.422870 0.297304 0.279826
0.207077 0.402082 0.390841
0.843122 0.081633 0.075245
0.336076 0.297130 0.366794
0.628611 0.191793 0.179596
0.550643 0.221108 0.228249
0.392062 0.313568 0.294370
0.386979 0.357301 0.255720
0.139654 0.462715 0.397630
0.707628 0.151482 0.140890
0.219172 0.382898 0.397931
0.681493 0.153415 0.165092
0.354870 0.319849 0.325281
0.474545 0.247960 0.277495
0.259584 0.331199 0.409217
0.800000 0.086599 0.113401
0.509075 0.257699 0.233225
0.466601 0.238989 0.294410
0.662397 0.160232 0.177370
0.409386 0.335802 0.254812
0.103508 0.402865 0.493628
0.784302 0.100595 0.115103
0.671373 0.169920 0.158707
0.404207 0.315519 0.280274
0.146290 0.442626 0.411084
0.538071 0.247968 0.213961
0.768544 0.111320 0.120136
0.926229 0.031171 0.042601
0.723254 0.143827 0.132918
0.317952 0.360828 0.321220
0.579753 0.203681 0.216566
0.264174 0.400510 0.335316
0.448585 0.270400 0.281015
0.513257 0.259775 0.226968
0.447754 0.276607 0.275640
0.521553 0.241295 0.237152
0.532976 0.227428 0.239597
0.296102 0.355165 0.348733
0.378667 0.339076 0.282257
0.814073 0.086835 0.099092
0.432855 0.247053 0.320092
0.336492 0.375973 0.287535
0.424329 0.296998 0.278672
0.406680 0.298127 0.295194
0.837927 0.086682 0.075391
0.336096 0.296680 0.367225
0.615099 0.201349 0.183552
0.546740 0.223571 0.229689
0.385543 0.311088 0.303368
0.391899 0.364715 0.243386
0.228872 0.420779 0.350349
0.707638 0.151999 0.140362
0.395692 0.299361 0.304947
0.688365 0.149668 0.161967
0.319025 0.316219 0.364756
0.475205 0.244141 0.280654
0.187197 0.368756 0.444047
0.884274 0.051770 0.063956
0.482251 0.280547 0.237202
0.607424 0.170564 0.222012
0.684571 0.134450 0.180979
0.422853 0.336807 0.240340
0.064958 0.416113 0.518930
0.835117 0.077487 0.087396
0.659928 0.184572 0.155499
0.427390 0.306698 0.265912
0.140866 0.467414 0.391720
0.645114 0.191357 0.163528
0.664592 0.158132 0.177276
0.925919 0.032475 0.041607
0.644148 0.187616 0.168236
0.330598 0.366678 0.302724
0.635719 0.166874 0.197407
0.157017 0.463837 0.379146
0.362086 0.302780 0.335135
0.555681 0.233988 0.210331
0.444381 0.276028 0.279591
0.490467 0.256597 0.252936
0.367615 0.306539 0.325846
0.257798 0.373754 0.368448
0.354428 0.379626 0.265946
0.809840 0.090618 0.099542
0.500364 0.224657 0.274980
0.433707 0.319081 0.247213
0.575005 0.217939 0.207055
0.242366 0.387528 0.370106
0.721384 0.146523 0.132092
0.293080 0.321576 0.385344
0.607998 0.204190 0.187812
0.490426 0.251430 0.258145
0.344540 0.338343 0.317117
0.489225 0.279550 0.231225
0.235776 0.410888 0.353336
0.792571 0.107153 0.100276
0.396896 0.297451 0.305653
0.688546 0.151056 0.160398
0.308165 0.339031 0.352804
0.435639 0.270431 0.293930
0.254928 0.353181 0.391891
0.728007 0.123051 0.148942
0.502406 0.265766 0.231828
0.734145 0.124578 0.141277
0.680946 0.151737 0.167316
0.436817 0.288863 0.274320
0.060831 0.440857 0.498312
0.773447 0.106563 0.119990
0.699262 0.160245 0.140492
0.269076 0.383433 0.347491
0.224957 0.402828 0.372214
0.647503 0.186368 0.166129
0.744690 0.121728 0.133582
0.920111 0.038331 0.041558
0.696054 0.157698 0.146248
0.387993 0.323266 0.288741
0.644467 0.172519 0.183015
0.532434 0.242008 0.225558
0.362047 0.303877 0.334077
0.563249 0.225545 0.211206
0.450138 0.274202 0.275660
0.527884 0.237728 0.234388
0.518702 0.235891 0.245407
0.265799 0.371611 0.362589
0.329331 0.397524 0.273145
0.738004 0.125587 0.136409
0.502865 0.218913 0.278222
0.371641 0.372880 0.255478
0.582944 0.213380 0.203676
0.206209 0.404532 0.389259
0.800418 0.107996 0.091585
0.284678 0.340609 0.374713
0.607638 0.203861 0.188501
0.530980 0.231209 0.237811
0.103354 0.457523 0.439123
0.387104 0.353876 0.259021
0.225417 0.429401 0.345181
0.713375 0.146365 0.140261
0.376593 0.310513 0.312894
0.667445 0.160772 0.171782
0.312616 0.332005 0.355379
0.367180 0.300358 0.332462
0.188402 0.363887 0.447711
0.719060 0.134097 0.146844
0.374257 0.344599 0.281144
0.666533 0.141792 0.191675
0.664358 0.155714 0.179928
0.427260 0.304881 0.267859
0.086911 0.403062 0.510026
0.801686 0.094963 0.103351
0.693793 0.171126 0.135081
0.265539 0.394767 0.339694
0.147008 0.445830 0.407162
0.558991 0.238006 0.203003
0.768185 0.110781 0.121034
0.919989 0.036805 0.043207
0.573043 0.228984 0.197973
0.311729 0.378797 0.309474
0.620288 0.183538 0.196174
0.301331 0.362836 0.335833
0.362060 0.316665 0.321275
0.446939 0.288226 0.264836
0.443902 0.276071 0.280026
0.468440 0.274426 0.257134
0.535034 0.227876 0.237090
0.316113 0.345786 0.338100
0.340420 0.356136 0.303443
0.610073 0.186191 0.203736
0.512161 0.201472 0.286367
0.390058 0.335714 0.274228
0.420579 0.297767 0.281653
0.206530 0.404163 0.389307
0.841949 0.084084 0.073967
0.283834 0.336920 0.379246
0.662270 0.176760 0.160970
0.540591 0.226529 0.232880
0.371627 0.322347 0.306026
0.368563 0.357566 0.273870
0.227587 0.423708 0.348705
0.710073 0.148356 0.141571
0.381414 0.306475 0.312110
0.581610 0.202240 0.216150
0.357546 0.311514 0.330940
0.324593 0.315615 0.359792
0.263035 0.339499 0.397466
0.720451 0.133180 0.146369
0.502551 0.264379 0.233069
0.730694 0.127413 0.141892
0.632659 0.171537 0.195805
0.406351 0.339036 0.254613
0.093507 0.407410 0.499084
0.821729 0.085163 0.093108
0.625886 0.195925 0.178189
0.429571 0.296491 0.273939
0.267750 0.387663 0.344587
0.634859 0.197527 0.167614
0.768281 0.111825 0.119894
0.921514 0.037063 0.041423
0.663530 0.173277 0.163193
0.352354 0.335770 0.311876
0.585300 0.195963 0.218738
0.164337 0.437968 0.397695
0.354096 0.322313 0.323591
0.525802 0.246450 0.227748
0.472814 0.264653 0.262533
0.506552 0.243470 0.249978
0.356725 0.314237 0.329038
0.252081 0.378939 0.368980
0.389236 0.319098 0.291666
0.813830 0.087381 0.098789
0.452899 0.255122 0.291979
0.344128 0.350296 0.305575
0.489338 0.263012 0.247651
0.248640 0.383044 0.368315
0.740770 0.135454 0.123777
0.331299 0.295040 0.373661
0.615029 0.198901 0.186069
0.546915 0.224165 0.228920
0.369132 0.325847 0.305021
0.399477 0.331503 0.269021
0.216104 0.421675 0.362221
0.717682 0.145326 0.136993
0.397373 0.297884 0.304743
0.650661 0.168536 0.180803
0.307117 0.340440 0.352444
0.469637 0.252311 0.278052
0.222532 0.354797 0.422671
0.729370 0.122593 0.148037
0.506428 0.258791 0.234781
0.733787 0.123791 0.142422
0.651197 0.158712 0.190091
0.250783 0.402477 0.346740
0.107109 0.391677 0.501213
0.825073 0.082037 0.092890
0.665845 0.175316 0.158838
0.415890 0.307138 0.276972
0.143547 0.456904 0.399549
0.574183 0.227764 0.198053
0.770100 0.109600 0.120300
0.925109 0.034678 0.040213
0.697403 0.155604 0.146993
0.337470 0.355312 0.307218
0.587561 0.192043 0.220396
0.165722 0.436430 0.397848
0.372914 0.302061 0.325025
0.272746 0.376962 0.350292
0.442057 0.280316 0.277627
0.527096 0.239598 0.233306
0.539646 0.222493 0.237861
0.257524 0.375375 0.367102
0.364857 0.358854 0.276289
0.803262 0.093483 0.103255
0.572455 0.193839 0.233706
0.402082 0.331778 0.266140
0.422733 0.297162 0.280105
0.205075 0.407928 0.386997
0.749081 0.137152 0.113766
0.331401 0.306490 0.362110
0.608306 0.204043 0.187652
0.545771 0.224183 0.230046
0.369514 0.323850 0.306636
0.399148 0.329406 0.271446
0.228305 0.423145 0.348550
0.723192 0.141834 0.134974
0.346860 0.320210 0.332930
0.690013 0.149167 0.160819
0.311679 0.332937 0.355385
0.473481 0.250419 0.276100
0.226427 0.362095 0.411478
0.769743 0.108845 0.121412
0.469421 0.282432 0.248147
0.678755 0.141403 0.179842
0.666891 0.151731 0.181379
0.419453 0.310591 0.269955
0.097575 0.427589 0.474836
0.822075 0.084599 0.093326
0.596420 0.214649 0.188931
0.304203 0.370249 0.325548
0.147207 0.447989 0.404805
0.661813 0.180108 0.158079
0.695352 0.147417 0.157231
0.920790 0.037746 0.041463
0.647997 0.183318 0.168685
0.590330 0.220843 0.188826
0.588397 0.196459 0.215145
0.166966 0.436901 0.396133
0.460504 0.269549 0.269946
0.486682 0.265092 0.248226
0.445345 0.278716 0.275939
0.527724 0.238676 0.233601
0.535832 0.228272 0.235897
0.253493 0.378053 0.368454
0.390385 0.317634 0.291981
0.812497 0.088303 0.099200
0.496501 0.222487 0.281011
0.335468 0.365769 0.298763
0.461061 0.277533 0.261406
0.207908 0.402162 0.389930
0.725075 0.143534 0.131391
0.264800 0.327830 0.407370
0.616731 0.199475 0.183794
0.545339 0.224253 0.230408
0.440626 0.287010 0.272364
0.448256 0.309558 0.242187
0.175975 0.450826 0.373199
0.709112 0.151307 0.139582
0.396749 0.297497 0.305754
0.664075 0.161935 0.173990
0.308107 0.337810 0.354082
0.276486 0.341359 0.382155
0.201076 0.376574 0.422351
0.734703 0.116157 0.149140
0.501549 0.266738 0.231712
0.446557 0.257991 0.295452
0.669799 0.153927 0.176274
0.335122 0.359740 0.305138
0.103866 0.413198 0.482936
0.808964 0.088996 0.102040
0.640984 0.192430 0.166587
0.273602 0.379286 0.347112
0.145553 0.455432 0.399015
0.649071 0.190130 0.160799
0.664957 0.159668 0.175374
0.927642 0.030997 0.041361
0.704957 0.153568 0.141474
0.319808 0.353163 0.327029
0.579893 0.203079 0.217028
0.366119 0.330971 0.302910
0.361807 0.307508 0.330686
0.512620 0.258965 0.228414
0.444941 0.278344 0.276715
0.534114 0.228638 0.237248
0.535995 0.227029 0.236976
0.258342 0.375145 0.366513
0.280677 0.414911 0.304412
0.815198 0.085465 0.099337
0.493705 0.231186 0.275110
0.339466 0.357616 0.302918
0.420183 0.298968 0.280849
0.314952 0.348648 0.336400
0.707765 0.163906 0.128329
0.343266 0.283246 0.373488
0.615778 0.198500 0.185722
0.524979 0.234872 0.240149
0.465534 0.275453 0.259013
0.414209 0.337845 0.247946
0.157742 0.480903 0.361355
0.707459 0.152908 0.139634
0.399083 0.294173 0.306745
0.687459 0.150571 0.161970
0.307258 0.343498 0.349244
0.345574 0.309925 0.344501
0.202232 0.344471 0.453297
0.736817 0.113878 0.149306
0.510083 0.257260 0.232657
0.701815 0.132522 0.165664
0.710170 0.133562 0.156268
0.423450 0.310951 0.265599
0.109182 0.380060 0.510758
0.820827 0.083527 0.095646
0.741709 0.133733 0.124558
0.292226 0.378753 0.329021
0.143828 0.453313 0.402860
0.621864 0.204282 0.173855
0.711098 0.137516 0.151385
0.928295 0.029951 0.041754
0.705784 0.150357 0.143860
0.331347 0.359629 0.309023
0.453810 0.256366 0.289824
0.260337 0.387997 0.351665
0.373255 0.302211 0.324534
0.508369 0.262068 0.229563
0.449537 0.277654 0.272809
0.488917 0.256586 0.254497
0.474845 0.256690 0.268464
0.255391 0.377789 0.366820
0.375973 0.338803 0.285224
0.809902 0.087689 0.102409
0.433007 0.258682 0.308311
0.336049 0.365954 0.297997
0.486502 0.264513 0.248986
0.208702 0.400230 0.391068
0.721466 0.147595 0.130939
0.333705 0.298103 0.368192
0.615993 0.197933 0.186074
0.548196 0.223455 0.228349
0.372376 0.320806 0.306817
0.390103 0.349391 0.260505
0.163852 0.457610 0.378538
0.779699 0.113263 0.107038
0.392160 0.299604 0.308236
0.682010 0.152838 0.165153
0.363237 0.304047 0.332716
0.325327 0.321050 0.353623
0.179684 0.394299 0.426016
0.720513 0.133035 0.146452
0.496109 0.271387 0.232504
0.719027 0.128769 0.152203
0.686609 0.143652 0.169739
0.416985 0.317118 0.265898
0.089012 0.435971 0.475017
0.820936 0.085786 0.093278
0.599382 0.210426 0.190192
0.314686 0.359989 0.325325
0.317534 0.357617 0.324849
0.648980 0.188723 0.162296
0.522687 0.230469 0.246843
0.917006 0.040211 0.042783
0.695401 0.156670 0.147929
0.313144 0.368362 0.318494
0.545305 0.219132 0.235563
0.390150 0.328148 0.281702
0.508734 0.242930 0.248337
0.278809 0.371932 0.349259
0.470190 0.266259 0.263552
0.525919 0.240371 0.233710
0.537476 0.226466 0.236057
0.258770 0.374077 0.367153
0.374975 0.338148 0.286877
0.628687 0.176590 0.194723
0.491712 0.234541 0.273747
0.327847 0.385733 0.286420
0.419502 0.298731 0.281767
0.209164 0.400004 0.390832
0.630079 0.200322 0.169599
0.301631 0.321127 0.377242
0.588381 0.211747 0.199873
0.548164 0.222057 0.229779
0.369619 0.322281 0.308101
0.444559 0.327171 0.228270
0.115940 0.490574 0.393486
0.791515 0.107654 0.100830
0.183220 0.403019 0.413761
0.667816 0.160169 0.172015
0.629290 0.173762 0.196948
0.472197 0.250522 0.277281
0.183860 0.379679 0.436461
0.789077 0.094876 0.116046
0.501705 0.266197 0.232098
0.703437 0.136311 0.160252
0.681529 0.137914 0.180557
0.427997 0.302149 0.269853
0.103216 0.414599 0.482186
0.750217 0.118128 0.131655
0.599863 0.212759 0.187378
0.273715 0.380931 0.345354
0.144119 0.454442 0.401439
0.568601 0.231449 0.199950
0.768166 0.111706 0.120128
0.922995 0.035952 0.041053
0.717981 0.146590 0.135429
0.316908 0.359376 0.323716
0.582113 0.201126 0.216761
0.270426 0.383423 0.346151
0.357768 0.314988 0.327244
0.524566 0.247924 0.227510
0.461720 0.269640 0.268640
0.529851 0.236497 0.233652
0.368933 0.309800 0.321267
0.256048 0.377100 0.366852
0.375568 0.344122 0.280310
0.528446 0.223158 0.248396
0.503977 0.215245 0.280778
0.331736 0.376539 0.291725
0.440829 0.289133 0.270038
0.209083 0.400243 0.390674
0.717462 0.154118 0.128420
0.302425 0.316903 0.380672
0.606896 0.204492 0.188612
0.549805 0.221554 0.228640
0.372453 0.321392 0.306155
0.422593 0.329806 0.247601
0.155905 0.468650 0.375446
0.707887 0.151518 0.140594
0.396113 0.299085 0.304802
0.666349 0.160739 0.172912
0.310462 0.332007 0.357531
0.472371 0.251305 0.276324
0.188190 0.367290 0.444520
0.794069 0.089365 0.116566
0.502956 0.264930 0.232113
0.748048 0.108613 0.143339
0.681720 0.133596 0.184683
0.432058 0.299081 0.268861
0.065212 0.432561 0.502226
0.824275 0.081737 0.093988
0.618728 0.202394 0.178878
0.495207 0.271371 0.233421
0.256446 0.413635 0.329919
0.650422 0.188521 0.161057
0.765507 0.114301 0.120192
0.922287 0.036234 0.041479
0.699887 0.153795 0.146318
0.467918 0.287026 0.245056
0.351473 0.301338 0.347188
0.280254 0.375196 0.344551
0.511137 0.244903 0.243960
0.513393 0.253680 0.232927
0.439200 0.280922 0.279878
0.531594 0.232418 0.235988
0.538079 0.225036 0.236885
0.298223 0.355982 0.345796
0.349768 0.339314 0.310917
0.812646 0.089156 0.098198
0.492353 0.232308 0.275339
0.340138 0.355530 0.304332
0.645074 0.183555 0.171371
0.208691 0.399794 0.391515
0.626836 0.196676 0.176488
0.327307 0.313965 0.358728
0.617796 0.198391 0.183813
0.545125 0.225212 0.229664
0.370717 0.322648 0.306635
0.430076 0.326841 0.243083
0.225806 0.424894 0.349300
0.710008 0.148922 0.141070
0.396827 0.297558 0.305616
0.655501 0.166380 0.178119
0.310046 0.334213 0.355741
0.382993 0.293233 0.323775
0.228059 0.332624 0.439317
0.729691 0.122241 0.148069
0.506416 0.267439 0.226145
0.616992 0.178488 0.204521
0.710561 0.124182 0.165257
0.421489 0.313849 0.264662
0.109471 0.377810 0.512719
0.807681 0.090201 0.102118
0.587410 0.224252 0.188338
0.272845 0.383098 0.344057
0.144082 0.457998 0.397920
0.650181 0.189021 0.160798
0.802961 0.092582 0.104457
0.922868 0.035650 0.041482
0.485967 0.271756 0.242276
0.313683 0.368981 0.317335
0.582898 0.201191 0.215911
0.160526 0.451930 0.387544
0.359631 0.311699 0.328669
0.432323 0.298620 0.269057
0.434374 0.280787 0.284839
0.512206 0.243074 0.244720
0.535508 0.227644 0.236848
0.258004 0.374415 0.367582
0.379151 0.336186 0.284663
0.815208 0.087078 0.097714
0.423812 0.244852 0.331336
0.341020 0.353752 0.305227
0.604643 0.204636 0.190721
0.292365 0.354987 0.352648
0.721617 0.146994 0.131389
0.251842 0.332544 0.415614
0.615194 0.201392 0.183414
0.506105 0.244709 0.249186
0.350589 0.332345 0.317066
0.410573 0.345319 0.244108
0.231087 0.420296 0.348617
0.708241 0.151179 0.140580
0.396051 0.298558 0.305391
0.689735 0.149935 0.160330
0.332855 0.325183 0.341962
0.474409 0.247048 0.278542
0.220490 0.356706 0.422804
0.745731 0.110536 0.143732
0.507645 0.260820 0.231535
0.728246 0.127837 0.143917
0.677255 0.141195 0.181550
0.431718 0.298821 0.269461
0.103745 0.413031 0.483225
0.824723 0.081465 0.093812
0.724848 0.145833 0.129319
0.274418 0.380365 0.345217
0.140541 0.464395 0.395064
0.650359 0.188553 0.161088
0.768098 0.111815 0.120087
0.924246 0.034112 0.041642
0.694122 0.158934 0.146944
0.359726 0.343508 0.296765
0.590437 0.191103 0.218460
0.165094 0.434409 0.400497
0.356062 0.317226 0.326711
0.519987 0.251286 0.228727
0.442819 0.278873 0.278308
0.516398 0.244332 0.239270
0.325338 0.327221 0.347441
0.259330 0.375211 0.365459
0.383478 0.326474 0.290048
0.668947 0.157668 0.173385
0.489886 0.236777 0.273337
0.398080 0.355491 0.246429
0.481442 0.267774 0.250785
0.288311 0.361125 0.350564
0.726249 0.143355 0.130397
0.325591 0.315415 0.358994
0.618312 0.197860 0.183829
0.562770 0.214887 0.222342
0.103587 0.457712 0.438701
0.400316 0.343293 0.256391
0.176850 0.447838 0.375312
0.754619 0.126122 0.119259
0.388547 0.302571 0.308883
0.564159 0.209767 0.226074
0.313620 0.329182 0.357198
0.400677 0.284987 0.314336
0.189021 0.362267 0.448712
0.725572 0.126839 0.147588
0.414761 0.312173 0.273066
0.511146 0.219017 0.269837
0.676965 0.141331 0.181705
0.420198 0.314985 0.264818
0.067732 0.410889 0.521379
0.823759 0.082656 0.093584
0.596544 0.223970 0.179486
0.326884 0.356034 0.317082
0.142294 0.464850 0.392856
0.650848 0.188279 0.160873
0.771124 0.108872 0.120003
0.924963 0.033384 0.041652
0.689524 0.165839 0.144637
0.317837 0.359778 0.322385
0.586753 0.195518 0.217729
0.162947 0.442419 0.394634
0.359478 0.310973 0.329548
0.422877 0.307311 0.269812
0.449040 0.274014 0.276946
0.520453 0.239109 0.240438
0.520930 0.232961 0.246109
0.258282 0.374599 0.367120
0.283717 0.401633 0.314650
0.815298 0.086072 0.098630
0.511055 0.203648 0.285297
0.394235 0.327982 0.277782
0.421622 0.298914 0.279464
0.232369 0.385758 0.381874
0.721412 0.147584 0.131004
0.318352 0.307921 0.373727
0.611563 0.203551 0.184886
0.489384 0.252513 0.258103
0.374907 0.320154 0.304939
0.443212 0.332321 0.224466
0.231292 0.420211 0.348497
0.832241 0.086695 0.081064
0.390940 0.299989 0.309072
0.570382 0.206492 0.223126
0.311366 0.333038 0.355596
0.472800 0.248652 0.278548
0.251428 0.337504 0.411068
0.729243 0.122810 0.147946
0.486313 0.277815 0.235872
0.737621 0.117404 0.144975
0.738072 0.118998 0.142930
0.407002 0.338386 0.254612
0.105944 0.398889 0.495166
0.823451 0.082857 0.093692
0.803085 0.106703 0.090212
0.270066 0.387689 0.342245
0.142535 0.456553 0.400912
0.645121 0.191922 0.162957
0.769715 0.108757 0.121528
0.924092 0.033802 0.042106
0.692307 0.162520 0.145173
0.308413 0.378290 0.313298
0.585403 0.196464 0.218133
0.162117 0.441703 0.396180
0.359165 0.312694 0.328141
0.507461 0.262335 0.230205
0.444430 0.277275 0.278294
0.523620 0.243374 0.233005
0.432470 0.275194 0.292336
0.258075 0.375079 0.366846
0.290727 0.384091 0.325182
0.815755 0.085893 0.098352
0.509956 0.205979 0.284065
0.396139 0.354859 0.249002
0.422683 0.297638 0.279679
0.328408 0.342192 0.329399
0.716826 0.149801 0.133373
0.333663 0.300962 0.365375
0.571723 0.223888 0.204389
0.547708 0.222286 0.230007
0.372504 0.320598 0.306898
0.402822 0.327536 0.269642
0.230060 0.421817 0.348123
0.771783 0.117841 0.110377
0.331215 0.328872 0.339913
0.609342 0.188412 0.202247
0.391502 0.295788 0.312710
0.402732 0.286362 0.310907
0.182587 0.383979 0.433435
0.729399 0.122555 0.148046
0.506085 0.259320 0.234594
0.740181 0.116658 0.143161
0.618655 0.173551 0.207794
0.395113 0.311869 0.293018
0.102068 0.414125 0.483807
0.667218 0.156503 0.176279
0.727463 0.141577 0.130959
0.270920 0.385885 0.343195
0.143762 0.455804 0.400434
0.648541 0.186425 0.165034
0.771454 0.108687 0.119859
0.925281 0.033231 0.041488
0.702798 0.152582 0.144621
0.312953 0.368225 0.318823
0.580640 0.202285 0.217075
0.165122 0.436770 0.398108
0.445382 0.263953 0.290665
0.554138 0.236947 0.208916
0.455812 0.272722 0.271466
0.527786 0.238555 0.233660
0.382123 0.301596 0.316281
0.255464 0.377458 0.367078
0.360250 0.368391 0.271359
0.560990 0.206564 0.232446
0.441893 0.247776 0.310331
0.328922 0.378256 0.292822
0.592820 0.209857 0.197322
0.206296 0.405467 0.388237
0.706074 0.165277 0.128649
0.335859 0.298236 0.365905
0.615496 0.201420 0.183084
0.547712 0.223034 0.229254
0.447329 0.282676 0.269995
0.323665 0.384084 0.292252
0.217965 0.448043 0.333992
0.707642 0.151544 0.140814
0.364938 0.313555 0.321507
0.585477 0.199241 0.215282
0.309610 0.337689 0.352701
0.473568 0.249255 0.277177
0.181125 0.390320 0.428556
0.730147 0.121281 0.148572
0.498280 0.269946 0.231774
0.741935 0.114836 0.143229
0.634547 0.164979 0.200474
0.411179 0.330014 0.258808
0.069760 0.441069 0.489171
0.822019 0.083658 0.094324
0.593323 0.219991 0.186686
0.373949 0.332364 0.293687
0.327782 0.357686 0.314532
0.584544 0.224716 0.190740
0.764252 0.113916 0.121832
0.928463 0.030093 0.041444
0.219129 0.410110 0.370761
0.479410 0.279282 0.241307
0.589140 0.193720 0.217140
0.259150 0.415799 0.325051
0.421264 0.289375 0.289361
0.506296 0.262878 0.230826
0.443919 0.277846 0.278235
0.494920 0.253243 0.251836
0.536124 0.225868 0.238008
0.235386 0.383366 0.381248
0.390277 0.320571 0.289152
0.810007 0.089343 0.100650
0.423632 0.255708 0.320659
0.328010 0.378832 0.293158
0.420135 0.298699 0.281166
0.207031 0.402813 0.390155
0.799515 0.109176 0.091309
0.334859 0.298477 0.366664
0.668997 0.172339 0.158664
0.528911 0.232422 0.238667
0.370948 0.323669 0.305383
0.405639 0.325424 0.268938
0.229207 0.423012 0.347781
0.791386 0.107437 0.101177
0.397706 0.300330 0.301964
0.654524 0.166053 0.179423
0.313282 0.328193 0.358525
0.470872 0.252647 0.276481
0.182388 0.386475 0.431137
0.720771 0.132944 0.146284
0.496338 0.272776 0.230887
0.674088 0.146181 0.179731
0.673790 0.145676 0.180534
0.416772 0.308091 0.275137
0.096927 0.418804 0.484269
0.821862 0.085123 0.093015
0.706784 0.163333 0.129882
0.378849 0.328739 0.292412
0.312174 0.362436 0.325390
0.648829 0.189086 0.162085
0.587092 0.197394 0.215513
0.923965 0.036204 0.039831
0.696930 0.158983 0.144087
0.312660 0.368573 0.318767
0.576501 0.204619 0.218880
0.159469 0.454830 0.385701
0.360576 0.317321 0.322104
0.436691 0.291917 0.271392
0.441861 0.278247 0.279892
0.519382 0.246549 0.234069
0.535266 0.228251 0.236484
0.257776 0.371986 0.370238
0.378372 0.337875 0.283754
0.809183 0.089098 0.101719
0.497641 0.217617 0.284742
0.316607 0.401223 0.282170
0.420881 0.299005 0.280114
0.209590 0.395013 0.395397
0.721936 0.147130 0.130934
0.307229 0.300200 0.392570
0.657080 0.178675 0.164246
0.518279 0.236796 0.244926
0.104856 0.460371 0.434773
0.389907 0.358970 0.251123
0.230764 0.420531 0.348705
0.707216 0.152437 0.140347
0.395070 0.302243 0.302687
0.698022 0.145724 0.156255
0.329577 0.328375 0.342048
0.492372 0.237680 0.269948
0.181425 0.386806 0.431769
0.778958 0.096745 0.124296
0.498652 0.270802 0.230546
0.710132 0.125540 0.164328
0.673173 0.143905 0.182922
0.419711 0.317392 0.262897
0.101217 0.425575 0.473208
0.811239 0.088547 0.100214
0.591348 0.220598 0.188054
0.270379 0.386898 0.342723
0.270769 0.398737 0.330494
0.647584 0.189080 0.163336
0.767080 0.112214 0.120706
0.921696 0.036791 0.041513
0.694969 0.158190 0.146841
0.313136 0.367780 0.319083
0.586491 0.194585 0.218923
0.164631 0.433188 0.402181
0.357222 0.314428 0.328350
0.376484 0.324846 0.298670
0.448604 0.275758 0.275638
0.480030 0.262935 0.257035
0.467471 0.261038 0.271491
0.255157 0.377515 0.367328
0.378303 0.340864 0.280833
0.601039 0.188945 0.210016
0.408680 0.272254 0.319066
0.566172 0.248432 0.185396
0.428995 0.294569 0.276436
0.206686 0.406336 0.386978
0.714981 0.155462 0.129556
0.333793 0.304178 0.362029
0.616119 0.199373 0.184509
0.730159 0.132657 0.137184
0.365790 0.325169 0.309041
0.377643 0.338642 0.283715
0.223724 0.442275 0.334001
0.814458 0.096121 0.089420
0.179566 0.405694 0.414740
0.670762 0.158703 0.170534
0.309495 0.337804 0.352701
0.373384 0.298265 0.328351
0.192885 0.349348 0.457767
0.734245 0.116780 0.148975
0.506073 0.260822 0.233105
0.647015 0.151086 0.201899
0.733234 0.122000 0.144765
0.415149 0.325463 0.259388
0.105071 0.401623 0.493306
0.824394 0.081712 0.093894
0.683862 0.165219 0.150919
0.309189 0.366677 0.324134
0.145397 0.451184 0.403420
0.645833 0.189593 0.164574
0.770231 0.109608 0.120161
0.936202 0.027579 0.036219
0.566120 0.222810 0.211071
0.313737 0.368129 0.318134
0.585366 0.197068 0.217565
0.159401 0.443040 0.397559
0.441914 0.269521 0.288565
0.524882 0.252570 0.222547
0.442524 0.279585 0.277890
0.527423 0.238498 0.234080
0.491060 0.248481 0.260459
0.256410 0.375457 0.368133
0.391414 0.342854 0.265732
0.564858 0.202830 0.232312
0.413101 0.267491 0.319408
0.371862 0.346508 0.281630
0.506971 0.254234 0.238794
0.207959 0.403639 0.388402
0.714367 0.156237 0.129396
0.342066 0.286451 0.371483
0.615867 0.199940 0.184192
0.548122 0.223009 0.228869
0.371290 0.321616 0.307094
0.397788 0.338279 0.263934
0.218077 0.435073 0.346850
0.802370 0.102902 0.094727
0.176286 0.411798 0.411915
0.682163 0.153228 0.164609
0.613023 0.185600 0.201377
0.469664 0.251861 0.278475
0.251967 0.341078 0.406955
0.800633 0.087607 0.111760
0.491879 0.279640 0.228481
0.685338 0.144402 0.170260
0.683256 0.133855 0.182890
0.417498 0.320374 0.262128
0.079790 0.414641 0.505569
0.825825 0.081046 0.093129
0.591641 0.226391 0.181968
0.271552 0.383563 0.344885
0.144294 0.459087 0.396619
0.647483 0.189310 0.163207
0.673180 0.155366 0.171454
0.926397 0.031817 0.041786
0.675930 0.173028 0.151042
0.491769 0.272906 0.235326
0.588908 0.190331 0.220762
0.164632 0.440732 0.394635
0.396556 0.296801 0.306643
0.511869 0.259488 0.228643
0.465387 0.265420 0.269194
0.533774 0.227599 0.238627
0.509391 0.238573 0.252036
