0.215011 0.442189 0.342800
0.127285 0.827687 0.045028
0.727493 0.163406 0.109101
0.444635 0.167504 0.387861
0.145697 0.788322 0.065981
0.710790 0.153432 0.135778
0.672641 0.067862 0.259497
0.207147 0.634483 0.158370
0.306902 0.211138 0.481961
0.310575 0.507156 0.182269
0.236002 0.612903 0.151095
0.844128 0.042314 0.113559
0.188259 0.729141 0.082600
0.257180 0.653713 0.089107
0.406588 0.482243 0.111169
0.325881 0.456927 0.217192
0.179428 0.702791 0.117781
0.659727 0.107122 0.233151
0.238390 0.383369 0.378242
0.531407 0.031039 0.437554
0.700053 0.050499 0.249448
0.297460 0.593553 0.108987
0.500628 0.160610 0.338762
0.520061 0.132437 0.347502
0.065918 0.878706 0.055376
0.267065 0.071898 0.661037
0.262341 0.474547 0.263112
0.679811 0.238265 0.081923
0.619737 0.187892 0.192371
0.328737 0.436470 0.234793
0.312023 0.511520 0.176457
0.310354 0.438246 0.251400
0.781526 0.086940 0.131534
0.309118 0.492796 0.198086
0.109296 0.769378 0.121327
0.764453 0.078340 0.157207
0.206769 0.470504 0.322728
0.903367 0.060986 0.035647
0.466939 0.252549 0.280512
0.431394 0.466965 0.101641
0.318873 0.492574 0.188553
0.542222 0.097900 0.359878
0.221001 0.427192 0.351807
0.116873 0.842076 0.041051
0.723611 0.167246 0.109144
0.412104 0.196759 0.391137
0.144488 0.789538 0.065974
0.706407 0.157197 0.136396
0.675105 0.063711 0.261183
0.251177 0.563738 0.185085
0.308152 0.212894 0.478954
0.312435 0.502969 0.184597
0.237189 0.611925 0.150885
0.843931 0.042376 0.113692
0.167885 0.759005 0.073110
0.250241 0.663755 0.086004
0.412458 0.475697 0.111846
0.329180 0.451411 0.219409
0.174821 0.709883 0.115296
0.656727 0.113360 0.229913
0.244193 0.373088 0.382719
0.522493 0.036618 0.440889
0.697960 0.051502 0.250537
0.299223 0.591369 0.109408
0.502034 0.156479 0.341487
0.520339 0.131928 0.347733
0.068152 0.876603 0.055245
0.263712 0.079409 0.656879
0.259985 0.481661 0.258354
0.685862 0.232589 0.081549
0.622449 0.185533 0.192018
0.333817 0.428164 0.238019
0.288175 0.556416 0.155409
0.319732 0.430923 0.249345
0.773517 0.093369 0.133114
0.311829 0.491579 0.196592
0.106933 0.777414 0.115654
0.768736 0.076220 0.155044
0.204387 0.477587 0.318026
0.900296 0.063228 0.036476
0.472919 0.250058 0.277023
0.441768 0.454867 0.103364
0.313111 0.501630 0.185259
0.536193 0.103736 0.360072
0.223160 0.419055 0.357785
0.116292 0.842605 0.041103
0.732224 0.160679 0.107097
0.409775 0.203886 0.386339
0.148330 0.784408 0.067262
0.711929 0.152718 0.135353
0.676298 0.068039 0.255663
0.209386 0.636359 0.154255
0.306947 0.211432 0.481621
0.328955 0.481724 0.189321
0.239390 0.608121 0.152490
0.841924 0.043164 0.114912
0.162984 0.763426 0.073590
0.263744 0.646996 0.089260
0.407296 0.481790 0.110914
0.342257 0.434828 0.222916
0.179692 0.702138 0.118170
0.663563 0.109831 0.226606
0.247831 0.372763 0.379406
0.531609 0.028625 0.439766
0.706147 0.050011 0.243842
0.301514 0.587123 0.111363
0.502196 0.156249 0.341555
0.522429 0.124912 0.352659
0.067359 0.877176 0.055465
0.266810 0.071375 0.661814
0.277125 0.454226 0.268649
0.686434 0.231999 0.081567
0.620431 0.187821 0.191748
0.341913 0.414534 0.243552
0.287286 0.558152 0.154562
0.318586 0.444368 0.237046
0.774932 0.091700 0.133368
0.328772 0.461947 0.209281
0.113366 0.764045 0.122589
0.767598 0.076191 0.156211
0.199767 0.482035 0.318198
0.892038 0.072710 0.035253
0.466944 0.252900 0.280156
0.436063 0.463178 0.100759
0.315232 0.497922 0.186846
0.536176 0.101019 0.362805
0.213019 0.438414 0.348567
0.115401 0.843641 0.040957
0.728117 0.163746 0.108136
0.425837 0.176801 0.397362
0.146621 0.786324 0.067054
0.710135 0.154938 0.134928
0.679170 0.065098 0.255732
0.211920 0.631612 0.156468
0.307318 0.213571 0.479112
0.319296 0.492359 0.188344
0.235104 0.613739 0.151157
0.841603 0.043480 0.114917
0.165589 0.762391 0.072020
0.262469 0.647932 0.089599
0.407318 0.481665 0.111017
0.333122 0.444551 0.222327
0.180687 0.701124 0.118189
0.652429 0.116553 0.231018
0.245419 0.373290 0.381291
0.530343 0.030285 0.439372
0.701467 0.050884 0.247649
0.298922 0.592748 0.108330
0.499759 0.160593 0.339648
0.530215 0.126974 0.342811
0.064765 0.879795 0.055440
0.269974 0.071571 0.658454
0.255384 0.483249 0.261367
0.688924 0.231619 0.079457
0.613995 0.190573 0.195431
0.341723 0.414637 0.243640
0.289010 0.556910 0.154080
0.304793 0.450561 0.244646
0.769327 0.097979 0.132694
0.315368 0.485566 0.199066
0.107248 0.779590 0.113162
0.765706 0.077388 0.156906
0.199763 0.480047 0.320189
0.900114 0.062980 0.036905
0.463957 0.253337 0.282707
0.433447 0.466555 0.099998
0.318840 0.495474 0.185687
0.536341 0.100407 0.363252
0.216534 0.437922 0.345544
0.114848 0.844371 0.040781
0.729295 0.162327 0.108378
0.422009 0.176037 0.401954
0.148098 0.785471 0.066431
0.699093 0.165879 0.135028
0.682327 0.063778 0.253896
0.218574 0.621008 0.160418
0.310944 0.209956 0.479100
0.314953 0.500504 0.184542
0.238153 0.609211 0.152636
0.843256 0.042790 0.113954
0.253806 0.681379 0.064816
0.261161 0.649044 0.089796
0.402025 0.486039 0.111936
0.325166 0.456460 0.218374
0.173867 0.711702 0.114431
0.656191 0.112135 0.231674
0.244773 0.375439 0.379788
0.531786 0.030763 0.437450
0.704905 0.049467 0.245628
0.280739 0.608238 0.111024
0.501992 0.156648 0.341360
0.531690 0.126274 0.342036
0.068944 0.875650 0.055406
0.272170 0.072774 0.655057
0.267252 0.471424 0.261325
0.682332 0.236283 0.081385
0.626279 0.183738 0.189983
0.337277 0.427351 0.235372
0.282385 0.566622 0.150993
0.319024 0.438895 0.242081
0.776278 0.088993 0.134728
0.289457 0.509775 0.200768
0.119621 0.759352 0.121027
0.764774 0.077708 0.157518
0.196865 0.484144 0.318991
0.902932 0.061338 0.035730
0.464904 0.253952 0.281144
0.440841 0.459052 0.100107
0.319737 0.492666 0.187597
0.532727 0.101520 0.365753
0.214736 0.424088 0.361176
0.115521 0.843686 0.040793
0.726391 0.163656 0.109953
0.421760 0.177117 0.401124
0.146504 0.787288 0.066208
0.704847 0.157111 0.138042
0.677810 0.063895 0.258295
0.225655 0.607070 0.167275
0.312580 0.209277 0.478143
0.308926 0.508276 0.182797
0.238828 0.610360 0.150811
0.842614 0.043252 0.114134
0.161555 0.767771 0.070673
0.259073 0.652097 0.088831
0.409242 0.480079 0.110679
0.324632 0.456954 0.218414
0.180731 0.701597 0.117672
0.650813 0.119270 0.229916
0.244170 0.373409 0.382421
0.533407 0.029990 0.436603
0.701052 0.050172 0.248776
0.314100 0.570565 0.115335
0.508786 0.147916 0.343298
0.524436 0.134665 0.340900
0.066834 0.876787 0.056379
0.265292 0.074000 0.660708
0.261459 0.480540 0.258000
0.689406 0.230397 0.080197
0.626077 0.184897 0.189026
0.330298 0.429014 0.240687
0.294514 0.547816 0.157670
0.305979 0.450732 0.243289
0.745980 0.107494 0.146526
0.313377 0.488054 0.198569
0.114288 0.760995 0.124717
0.766027 0.078106 0.155866
0.205216 0.475771 0.319013
0.902868 0.062345 0.034787
0.467480 0.251797 0.280723
0.431019 0.468114 0.100866
0.313885 0.502196 0.183919
0.537000 0.098368 0.364632
0.219424 0.423894 0.356682
0.116257 0.843171 0.040573
0.733829 0.158413 0.107758
0.422793 0.173664 0.403544
0.153286 0.778688 0.068026
0.710248 0.153911 0.135841
0.687431 0.059867 0.252702
0.206016 0.637241 0.156744
0.322177 0.201490 0.476333
0.311332 0.505850 0.182818
0.242656 0.599801 0.157543
0.845437 0.041870 0.112693
0.178649 0.747316 0.074035
0.260390 0.649182 0.090428
0.409228 0.479736 0.111035
0.327579 0.454928 0.217494
0.183428 0.697340 0.119231
0.657795 0.111124 0.231081
0.243117 0.373385 0.383497
0.528775 0.028872 0.442354
0.706509 0.049280 0.244212
0.299320 0.592357 0.108322
0.502633 0.156813 0.340553
0.531076 0.129610 0.339314
0.066751 0.877119 0.056130
0.268393 0.072089 0.659519
0.286831 0.427890 0.285279
0.688897 0.231736 0.079367
0.621322 0.186065 0.192614
0.303734 0.478798 0.217468
0.286050 0.557926 0.156024
0.305830 0.455002 0.239168
0.762124 0.089823 0.148053
0.315004 0.485765 0.199232
0.116301 0.759896 0.123802
0.768145 0.076740 0.155115
0.201120 0.479794 0.319085
0.900566 0.063838 0.035596
0.466179 0.253739 0.280082
0.429619 0.469458 0.100923
0.318327 0.491721 0.189953
0.538726 0.094165 0.367108
0.218847 0.421400 0.359753
0.112275 0.848111 0.039614
0.728776 0.164160 0.107064
0.428900 0.174941 0.396159
0.145113 0.789783 0.065104
0.590117 0.218003 0.191880
0.675168 0.067411 0.257421
0.207364 0.633926 0.158710
0.306711 0.215769 0.477520
0.313221 0.501720 0.185059
0.248306 0.592729 0.158964
0.844585 0.042819 0.112597
0.166771 0.760407 0.072822
0.259202 0.651514 0.089284
0.402201 0.486746 0.111053
0.326730 0.456299 0.216971
0.193752 0.689723 0.116525
0.655206 0.118014 0.226780
0.245991 0.372076 0.381933
0.531736 0.028898 0.439366
0.700063 0.050018 0.249919
0.298801 0.592895 0.108304
0.503191 0.154585 0.342224
0.524975 0.129837 0.345189
0.066035 0.878690 0.055275
0.271821 0.072567 0.655612
0.261580 0.480506 0.257914
0.683251 0.235567 0.081182
0.619849 0.188270 0.191881
0.219557 0.490434 0.290009
0.287479 0.556817 0.155704
0.313364 0.442396 0.244240
0.772167 0.094626 0.133207
0.317319 0.480791 0.201889
0.108643 0.772276 0.119081
0.764019 0.078719 0.157263
0.199567 0.484640 0.315794
0.902827 0.062191 0.034982
0.466865 0.253055 0.280080
0.439595 0.460180 0.100225
0.321138 0.491184 0.187678
0.540850 0.099482 0.359668
0.221750 0.424459 0.353791
0.118696 0.840464 0.040840
0.709305 0.184810 0.105885
0.429017 0.191258 0.379724
0.138061 0.794529 0.067410
0.705522 0.157039 0.137440
0.683898 0.066086 0.250017
0.211680 0.633157 0.155162
0.321257 0.200960 0.477783
0.318336 0.494786 0.186878
0.243180 0.599461 0.157359
0.813080 0.051742 0.135178
0.169141 0.757704 0.073155
0.262112 0.648526 0.089362
0.411624 0.476276 0.112100
0.325822 0.456089 0.218088
0.172112 0.714459 0.113429
0.655881 0.117261 0.226858
0.249297 0.372635 0.378067
0.532262 0.032026 0.435713
0.699651 0.051213 0.249136
0.286522 0.598798 0.114680
0.504548 0.152575 0.342878
0.516549 0.137170 0.346280
0.071149 0.869287 0.059564
0.266612 0.073884 0.659504
0.255456 0.489630 0.254914
0.709901 0.213859 0.076240
0.587520 0.204499 0.207981
0.332062 0.429193 0.238745
0.294992 0.544296 0.160713
0.309414 0.447546 0.243040
0.765482 0.098996 0.135522
0.310810 0.498185 0.191006
0.112613 0.764856 0.122530
0.767332 0.075998 0.156670
0.210754 0.469543 0.319703
0.904879 0.059356 0.035765
0.466642 0.252600 0.280758
0.430085 0.469506 0.100409
0.317215 0.499164 0.183622
0.534067 0.099922 0.366011
0.208740 0.424554 0.366706
0.117390 0.840985 0.041625
0.727626 0.162586 0.109787
0.410741 0.194943 0.394316
0.146583 0.786017 0.067399
0.704683 0.157101 0.138216
0.678254 0.063304 0.258442
0.207374 0.638131 0.154495
0.308126 0.210795 0.481079
0.319252 0.492553 0.188195
0.247680 0.593270 0.159050
0.836897 0.044546 0.118557
0.166329 0.760745 0.072926
0.264815 0.644124 0.091061
0.407262 0.481822 0.110917
0.326755 0.453715 0.219530
0.181047 0.701032 0.117921
0.656865 0.117291 0.225844
0.244457 0.373575 0.381968
0.528724 0.030413 0.440862
0.703954 0.049116 0.246930
0.337668 0.537595 0.124737
0.502280 0.157077 0.340642
0.527308 0.128109 0.344583
0.071007 0.869244 0.059749
0.269671 0.071830 0.658499
0.263825 0.469259 0.266917
0.703986 0.212797 0.083216
0.624611 0.184198 0.191191
0.334313 0.419702 0.245985
0.289819 0.551775 0.158406
0.313089 0.438479 0.248432
0.779574 0.089174 0.131252
0.321874 0.468414 0.209712
0.113280 0.762201 0.124519
0.755434 0.082157 0.162409
0.203909 0.472385 0.323706
0.893015 0.071067 0.035917
0.465967 0.253503 0.280530
0.424632 0.476183 0.099186
0.321146 0.489797 0.189058
0.535814 0.103050 0.361136
0.217233 0.434070 0.348697
0.116408 0.842438 0.041153
0.733756 0.158704 0.107540
0.428122 0.168567 0.403311
0.144069 0.790946 0.064985
0.710350 0.153986 0.135664
0.673365 0.067166 0.259468
0.241846 0.582008 0.176146
0.312621 0.203895 0.483484
0.312871 0.502407 0.184721
0.241184 0.603857 0.154959
0.846973 0.041995 0.111032
0.170656 0.755478 0.073866
0.255052 0.657145 0.087803
0.408927 0.479602 0.111471
0.336321 0.445595 0.218084
0.183902 0.699715 0.116383
0.652639 0.115885 0.231477
0.246635 0.371056 0.382309
0.528220 0.035095 0.436685
0.702281 0.050041 0.247679
0.299548 0.592343 0.108109
0.501531 0.157799 0.340670
0.522611 0.134615 0.342774
0.071951 0.867290 0.060760
0.270230 0.074536 0.655235
0.258008 0.485087 0.256905
0.683625 0.235304 0.081071
0.612429 0.193999 0.193572
0.333469 0.429627 0.236904
0.299325 0.538717 0.161957
0.323138 0.427182 0.249680
0.775060 0.087641 0.137299
0.312641 0.489608 0.197751
0.113515 0.768304 0.118182
0.751545 0.081579 0.166876
0.205508 0.473743 0.320748
0.903025 0.061429 0.035547
0.477528 0.246270 0.276202
0.433470 0.465176 0.101355
0.316416 0.496396 0.187188
0.538194 0.097334 0.364472
0.219784 0.442941 0.337275
0.116510 0.842429 0.041061
0.731604 0.162289 0.106108
0.423618 0.177118 0.399263
0.149226 0.783506 0.067268
0.697875 0.160262 0.141863
0.682491 0.061138 0.256371
0.229723 0.600863 0.169413
0.308419 0.213064 0.478517
0.312186 0.506141 0.181672
0.238294 0.609041 0.152665
0.820517 0.049280 0.130203
0.169373 0.755530 0.075098
0.253796 0.659486 0.086719
0.410089 0.477745 0.112165
0.332222 0.451693 0.216084
0.192299 0.691865 0.115836
0.642004 0.123140 0.234856
0.245924 0.374897 0.379179
0.529727 0.033471 0.436802
0.699071 0.050505 0.250424
0.301559 0.589836 0.108605
0.502589 0.155960 0.341451
0.527783 0.129635 0.342582
0.071366 0.870412 0.058223
0.273574 0.079800 0.646626
0.274471 0.455998 0.269532
0.687471 0.232638 0.079891
0.626632 0.184712 0.188656
0.328207 0.437947 0.233846
0.288256 0.558352 0.153392
0.308121 0.443054 0.248825
0.763281 0.096945 0.139774
0.309112 0.498967 0.191921
0.112934 0.764389 0.122677
0.766291 0.077240 0.156469
0.203145 0.477111 0.319743
0.903586 0.060580 0.035834
0.472268 0.250457 0.277275
0.434981 0.463742 0.101276
0.316256 0.497344 0.186400
0.534625 0.098383 0.366992
0.224124 0.415574 0.360303
0.116812 0.841949 0.041239
0.802126 0.118951 0.078923
0.424828 0.175220 0.399952
0.147547 0.785470 0.066984
0.713135 0.152469 0.134396
0.666810 0.065360 0.267830
0.211304 0.634311 0.154384
0.308210 0.207110 0.484680
0.311661 0.504288 0.184051
0.226674 0.620350 0.152975
0.845612 0.042304 0.112084
0.167630 0.760503 0.071867
0.264257 0.644601 0.091142
0.406961 0.481541 0.111498
0.321933 0.461218 0.216849
0.195268 0.689363 0.115368
0.654510 0.115264 0.230226
0.243697 0.376390 0.379913
0.538180 0.028750 0.433070
0.699673 0.050757 0.249570
0.333641 0.543402 0.122957
0.499429 0.161412 0.339159
0.529316 0.127691 0.342993
0.070994 0.869122 0.059884
0.272185 0.071416 0.656399
0.261047 0.482999 0.255954
0.689900 0.227828 0.082272
0.625834 0.185264 0.188902
0.326955 0.440772 0.232273
0.302672 0.535726 0.161601
0.304777 0.456294 0.238929
0.770771 0.095241 0.133988
0.304015 0.495528 0.200457
0.111464 0.767488 0.121048
0.766243 0.076923 0.156833
0.205755 0.467322 0.326923
0.898168 0.066400 0.035432
0.473995 0.246998 0.279007
0.429900 0.470921 0.099179
0.322969 0.488593 0.188437
0.543170 0.098113 0.358717
0.224089 0.416992 0.358919
0.119212 0.839361 0.041428
0.720277 0.172705 0.107018
0.421243 0.170092 0.408666
0.146831 0.786784 0.066384
0.712887 0.153294 0.133819
0.682054 0.061296 0.256650
0.225848 0.607620 0.166532
0.307252 0.214122 0.478626
0.308996 0.508400 0.182604
0.236454 0.612096 0.151450
0.842637 0.043461 0.113902
0.168628 0.757425 0.073947
0.264437 0.646956 0.088607
0.415126 0.471727 0.113147
0.326340 0.455791 0.217869
0.186953 0.695544 0.117504
0.651562 0.118680 0.229759
0.244880 0.373102 0.382019
0.530442 0.030874 0.438684
0.704390 0.049010 0.246601
0.296371 0.585309 0.118320
0.507318 0.158513 0.334169
0.529506 0.128566 0.341927
0.066632 0.877849 0.055520
0.267859 0.074989 0.657153
0.273061 0.462773 0.264166
0.696738 0.224905 0.078357
0.623795 0.188869 0.187337
0.338700 0.417245 0.244054
0.285413 0.558672 0.155915
0.308296 0.451248 0.240456
0.770734 0.091821 0.137446
0.304494 0.502497 0.193009
0.115277 0.766072 0.118652
0.758511 0.078365 0.163124
0.200340 0.480240 0.319420
0.900908 0.063621 0.035470
0.483517 0.245903 0.270580
0.431191 0.468575 0.100234
0.311606 0.505181 0.183213
0.541009 0.100034 0.358957
0.224605 0.418513 0.356882
0.112741 0.847364 0.039895
0.725374 0.164112 0.110514
0.419429 0.173596 0.406975
0.149857 0.781977 0.068166
0.707946 0.156195 0.135859
0.665732 0.073452 0.260817
0.210980 0.633118 0.155902
0.309442 0.205120 0.485438
0.310091 0.507112 0.182798
0.253871 0.583618 0.162510
0.844027 0.042775 0.113198
0.169607 0.754934 0.075460
0.261343 0.648850 0.089807
0.407753 0.480718 0.111529
0.322832 0.467876 0.209292
0.177602 0.706006 0.116392
0.648325 0.121118 0.230557
0.244323 0.376946 0.378730
0.533281 0.028739 0.437980
0.697099 0.051544 0.251356
0.343388 0.533165 0.123447
0.507532 0.154154 0.338314
0.530234 0.128283 0.341483
0.064950 0.880921 0.054129
0.266493 0.073021 0.660486
0.258615 0.485059 0.256326
0.692497 0.226076 0.081427
0.619546 0.186556 0.193898
0.329346 0.435459 0.235194
0.297764 0.538433 0.163804
0.323068 0.443973 0.232959
0.782567 0.088050 0.129384
0.302657 0.492127 0.205217
0.114510 0.761087 0.124404
0.755849 0.082299 0.161852
0.198614 0.483600 0.317786
0.891210 0.073463 0.035328
0.466576 0.253388 0.280036
0.422706 0.478541 0.098752
0.318560 0.492735 0.188704
0.545487 0.097334 0.357179
0.221693 0.424895 0.353413
0.116180 0.842921 0.040898
0.732774 0.160968 0.106258
0.422300 0.170562 0.407139
0.138864 0.794305 0.066830
0.713902 0.151932 0.134166
0.683328 0.062430 0.254243
0.211192 0.636605 0.152202
0.306519 0.211323 0.482159
0.309081 0.508294 0.182625
0.234447 0.614139 0.151414
0.844000 0.043030 0.112970
0.165593 0.761555 0.072851
0.262020 0.646846 0.091134
0.407526 0.481483 0.110991
0.332282 0.451689 0.216030
0.176053 0.708103 0.115844
0.654096 0.117056 0.228848
0.249263 0.370817 0.379920
0.531473 0.029109 0.439418
0.705130 0.050261 0.244609
0.305720 0.586262 0.108018
0.506295 0.154989 0.338716
0.525679 0.135086 0.339236
0.067754 0.876566 0.055680
0.268454 0.071945 0.659601
0.263872 0.477741 0.258387
0.684106 0.235148 0.080746
0.629503 0.181624 0.188872
0.326071 0.438169 0.235760
0.285735 0.555341 0.158923
0.301538 0.464600 0.233862
0.762977 0.098622 0.138401
0.310010 0.492675 0.197315
0.099460 0.790862 0.109678
0.758054 0.079363 0.162583
0.201276 0.477853 0.320872
0.886302 0.078314 0.035384
0.465181 0.252918 0.281901
0.436367 0.461972 0.101662
0.306426 0.511041 0.182533
0.542057 0.096660 0.361282
0.222704 0.424220 0.353076
0.131059 0.824715 0.044226
0.728894 0.162738 0.108368
0.438362 0.173900 0.387738
0.150525 0.780645 0.068830
0.701300 0.157897 0.140802
0.679305 0.066065 0.254630
0.216366 0.624045 0.159588
0.310654 0.209948 0.479398
0.311431 0.503947 0.184622
0.242491 0.602652 0.154856
0.846389 0.042268 0.111343
0.172278 0.752728 0.074995
0.263067 0.644171 0.092762
0.408753 0.480563 0.110684
0.376582 0.423836 0.199581
0.174274 0.711226 0.114500
0.653216 0.117523 0.229261
0.243143 0.373985 0.382872
0.524659 0.030649 0.444692
0.706331 0.048732 0.244937
0.301602 0.588796 0.109602
0.508496 0.154670 0.336834
0.528717 0.128051 0.343232
0.071291 0.869552 0.059157
0.266978 0.073914 0.659108
0.275031 0.456721 0.268248
0.684401 0.234223 0.081376
0.629051 0.182451 0.188497
0.325992 0.438524 0.235484
0.289958 0.551456 0.158586
0.304346 0.460031 0.235622
0.779053 0.089589 0.131359
0.322932 0.470247 0.206821
0.114387 0.761625 0.123988
0.765921 0.077040 0.157039
0.199769 0.478826 0.321405
0.897282 0.066941 0.035777
0.465463 0.251789 0.282749
0.429224 0.470163 0.100612
0.319416 0.490932 0.189652
0.597375 0.086424 0.316201
0.224266 0.416169 0.359566
0.114105 0.844476 0.041420
0.731309 0.161484 0.107207
0.426940 0.175077 0.397983
0.148041 0.785192 0.066768
0.712512 0.153018 0.134470
0.679249 0.067440 0.253311
0.203668 0.644647 0.151685
0.310252 0.207292 0.482456
0.317908 0.493837 0.188254
0.222303 0.622942 0.154754
0.846286 0.042120 0.111594
0.164429 0.763581 0.071990
0.263082 0.646041 0.090877
0.409172 0.479629 0.111199
0.339661 0.443321 0.217017
0.205986 0.679920 0.114094
0.652766 0.116051 0.231184
0.241248 0.383327 0.375426
0.531023 0.028960 0.440016
0.708023 0.049099 0.242878
0.297425 0.592876 0.109699
0.506703 0.158082 0.335215
0.526614 0.127699 0.345686
0.069630 0.874002 0.056368
0.315977 0.066493 0.617530
0.268717 0.461355 0.269928
0.681931 0.236704 0.081366
0.615138 0.196312 0.188550
0.343591 0.413797 0.242613
0.290478 0.552231 0.157292
0.315006 0.453293 0.231701
0.779813 0.085542 0.134645
0.312154 0.483677 0.204169
0.108607 0.773408 0.117985
0.765637 0.076459 0.157905
0.201241 0.480490 0.318269
0.876350 0.087858 0.035792
0.465298 0.253171 0.281531
0.431821 0.466609 0.101570
0.314339 0.502114 0.183548
0.534824 0.104022 0.361154
0.223745 0.416049 0.360206
0.128994 0.826062 0.044944
0.736983 0.158543 0.104474
0.429005 0.176334 0.394661
0.151921 0.779726 0.068353
0.704813 0.158293 0.136894
0.677714 0.065415 0.256871
0.204942 0.633808 0.161250
0.319976 0.209730 0.470294
0.318995 0.496274 0.184731
0.241901 0.603697 0.154401
0.837992 0.044671 0.117337
0.162904 0.766724 0.070373
0.259535 0.650661 0.089804
0.405929 0.482803 0.111268
0.330024 0.450976 0.219000
0.189706 0.694153 0.116141
0.661168 0.113495 0.225338
0.248941 0.377098 0.373961
0.526938 0.032446 0.440615
0.703998 0.050469 0.245534
0.300456 0.589595 0.109949
0.500189 0.161647 0.338164
0.527074 0.126644 0.346283
0.067725 0.875032 0.057242
0.275704 0.073161 0.651136
0.263223 0.479586 0.257191
0.687353 0.231661 0.080986
0.624286 0.186516 0.189198
0.333776 0.420201 0.246023
0.286792 0.559377 0.153831
0.311143 0.451369 0.237487
0.774162 0.093052 0.132786
0.310679 0.493399 0.195922
0.110024 0.769904 0.120072
0.766440 0.076242 0.157318
0.206042 0.475312 0.318646
0.904671 0.060273 0.035057
0.475620 0.249108 0.275272
0.444025 0.452366 0.103608
0.320952 0.490836 0.188212
0.536636 0.100800 0.362563
0.223912 0.416938 0.359150
0.114433 0.845078 0.040489
0.729004 0.163220 0.107776
0.442069 0.175394 0.382537
0.130440 0.802198 0.067363
0.700407 0.159806 0.139787
0.663520 0.071734 0.264746
0.210664 0.633523 0.155813
0.307434 0.211259 0.481307
0.312509 0.501898 0.185594
0.236080 0.612706 0.151214
0.843967 0.043092 0.112941
0.174714 0.749949 0.075337
0.263467 0.645523 0.091010
0.403490 0.484713 0.111797
0.331089 0.449737 0.219174
0.185135 0.694891 0.119973
0.655713 0.116108 0.228179
0.246105 0.383535 0.370360
0.524633 0.029531 0.445836
0.702781 0.050687 0.246532
0.310487 0.573364 0.116149
0.508698 0.154985 0.336318
0.521057 0.130004 0.348939
0.065584 0.879734 0.054682
0.267873 0.070634 0.661493
0.257762 0.483084 0.259155
0.681249 0.237196 0.081555
0.574585 0.209766 0.215650
0.328297 0.437829 0.233874
0.310666 0.520999 0.168335
0.311049 0.443152 0.245798
0.762230 0.097852 0.139918
0.310392 0.492273 0.197335
0.108164 0.769150 0.122686
0.762972 0.077972 0.159057
0.209690 0.467482 0.322828
0.898777 0.064888 0.036335
0.481412 0.246442 0.272146
0.426619 0.473366 0.100015
0.303347 0.517518 0.179135
0.536457 0.099680 0.363863
0.225519 0.414852 0.359629
0.114247 0.845580 0.040173
0.742478 0.155186 0.102336
0.424551 0.185458 0.389991
0.143258 0.787458 0.069284
0.700639 0.161621 0.137741
0.677901 0.065751 0.256348
0.222701 0.612133 0.165166
0.315933 0.208460 0.475607
0.317722 0.492864 0.189413
0.253733 0.585630 0.160637
0.845667 0.041984 0.112349
0.164993 0.763062 0.071944
0.246423 0.668925 0.084652
0.409246 0.479945 0.110808
0.333456 0.450174 0.216371
0.189380 0.694208 0.116412
0.650289 0.117221 0.232490
0.243015 0.376266 0.380719
0.529501 0.035975 0.434524
0.697328 0.050665 0.252008
0.320011 0.563895 0.116094
0.507207 0.153379 0.339415
0.526319 0.126321 0.347360
0.067036 0.876833 0.056131
0.263383 0.084422 0.652196
0.261945 0.478880 0.259175
0.692015 0.225410 0.082575
0.622446 0.185768 0.191786
0.329153 0.424299 0.246548
0.288448 0.559870 0.151681
0.316041 0.438844 0.245115
0.767438 0.095398 0.137164
0.319265 0.477012 0.203723
0.112087 0.768053 0.119860
0.765208 0.077619 0.157173
0.203092 0.477373 0.319535
0.904788 0.058624 0.036589
0.467134 0.251729 0.281137
0.429611 0.470339 0.100050
0.321044 0.488878 0.190078
0.528941 0.105925 0.365134
0.216368 0.437137 0.346494
0.115465 0.843599 0.040936
0.750102 0.151599 0.098299
0.424021 0.174547 0.401432
0.143295 0.789721 0.066983
0.713855 0.152367 0.133779
0.678848 0.064968 0.256185
0.214656 0.627956 0.157389
0.313029 0.206213 0.480757
0.315721 0.498346 0.185932
0.245110 0.598436 0.156454
0.838402 0.044169 0.117429
0.163614 0.763971 0.072415
0.257372 0.653121 0.089506
0.411078 0.476147 0.112774
0.323497 0.461467 0.215036
0.181437 0.698954 0.119609
0.663284 0.108849 0.227866
0.241285 0.386292 0.372423
0.526755 0.029209 0.444036
0.704766 0.049622 0.245611
0.308697 0.578837 0.112465
0.507417 0.151056 0.341527
0.525046 0.125112 0.349842
0.073928 0.866135 0.059937
0.265220 0.073260 0.661520
0.245347 0.492444 0.262209
0.694088 0.225128 0.080784
0.617812 0.189617 0.192571
0.318108 0.444414 0.237478
0.305955 0.529614 0.164431
0.318979 0.446974 0.234047
0.773464 0.088234 0.138301
0.314566 0.487315 0.198119
0.117922 0.766139 0.115939
0.767372 0.078313 0.154316
0.214321 0.457368 0.328311
0.900512 0.064069 0.035419
0.478071 0.246624 0.275305
0.431151 0.469045 0.099804
0.305409 0.516952 0.177639
0.539487 0.098879 0.361634
0.218174 0.431213 0.350613
0.119918 0.839540 0.040542
0.726853 0.165836 0.107312
0.426748 0.176808 0.396443
0.147493 0.780203 0.072303
0.712874 0.152624 0.134502
0.677768 0.062871 0.259361
0.211406 0.633560 0.155034
0.306937 0.213435 0.479628
0.308767 0.508320 0.182912
0.255162 0.582019 0.162818
0.847317 0.041516 0.111167
0.176658 0.745997 0.077345
0.262981 0.647497 0.089522
0.394936 0.492702 0.112362
0.316402 0.472131 0.211466
0.202922 0.681113 0.115965
0.655187 0.112529 0.232284
0.241549 0.378622 0.379829
0.527365 0.029138 0.443497
0.711305 0.048269 0.240427
0.306120 0.582431 0.111449
0.505507 0.155819 0.338674
0.521572 0.132775 0.345653
0.064154 0.882037 0.053809
0.265076 0.073423 0.661501
0.260726 0.480839 0.258435
0.687003 0.231907 0.081089
0.626309 0.183733 0.189958
0.329415 0.435736 0.234849
0.297419 0.543612 0.158969
0.309308 0.447627 0.243065
0.772052 0.094654 0.133294
0.314006 0.487348 0.198645
0.109868 0.770197 0.119935
0.761988 0.077826 0.160186
0.203773 0.472024 0.324203
0.901876 0.062595 0.035529
0.467717 0.252563 0.279720
0.433147 0.466320 0.100533
0.313166 0.501335 0.185498
0.541136 0.098275 0.360589
0.226018 0.429518 0.344464
0.118557 0.839924 0.041519
0.688473 0.212690 0.098837
0.450195 0.169095 0.380710
0.143784 0.789593 0.066623
0.700297 0.159779 0.139924
0.677422 0.063059 0.259519
0.216313 0.625602 0.158086
0.308568 0.207416 0.484016
0.310308 0.506603 0.183089
0.223844 0.619963 0.156194
0.845068 0.042828 0.112104
0.170338 0.756445 0.073217
0.260254 0.649652 0.090094
0.418220 0.467256 0.114525
0.330133 0.452890 0.216977
0.185593 0.697081 0.117326
0.650675 0.120673 0.228652
0.259027 0.363448 0.377524
0.523210 0.030978 0.445812
0.703642 0.050785 0.245572
0.301026 0.589703 0.109271
0.513233 0.150964 0.335802
0.531084 0.128473 0.340443
0.074985 0.866350 0.058664
0.264803 0.077124 0.658073
0.257720 0.490327 0.251953
0.682931 0.236254 0.080815
0.626251 0.183833 0.189916
0.335020 0.418165 0.246815
0.291348 0.550082 0.158570
0.312677 0.444498 0.242825
0.783248 0.084694 0.132058
0.312822 0.488468 0.198710
0.109235 0.776257 0.114509
0.761030 0.078032 0.160939
0.205952 0.476319 0.317729
0.891081 0.072098 0.036821
0.483183 0.243855 0.272962
0.437297 0.461007 0.101696
0.319875 0.496237 0.183888
0.538758 0.100808 0.360434
0.210499 0.440679 0.348822
0.119987 0.838442 0.041571
0.724616 0.168792 0.106592
0.422129 0.181791 0.396080
0.149235 0.782018 0.068747
0.710873 0.153700 0.135428
0.678743 0.064698 0.256558
0.203225 0.642589 0.154186
0.305806 0.214449 0.479746
0.319231 0.491145 0.189624
0.248775 0.591993 0.159232
0.841981 0.043022 0.114997
0.191271 0.730321 0.078408
0.259564 0.650644 0.089792
0.414365 0.472185 0.113449
0.328205 0.452484 0.219310
0.191558 0.698652 0.109790
0.669309 0.112912 0.217779
0.246054 0.372211 0.381734
0.532494 0.028759 0.438746
0.704277 0.048722 0.247001
0.299414 0.589971 0.110614
0.511390 0.142570 0.346040
0.526337 0.128045 0.345618
0.063185 0.883066 0.053749
0.267470 0.071305 0.661225
0.261104 0.479351 0.259544
0.687444 0.231428 0.081128
0.631545 0.178910 0.189545
0.315943 0.457400 0.226657
0.287300 0.553517 0.159182
0.305180 0.451800 0.243020
0.747686 0.108158 0.144155
0.311166 0.491232 0.197602
0.120621 0.748442 0.130937
0.764542 0.079097 0.156361
0.202960 0.477540 0.319500
0.883099 0.081568 0.035334
0.465539 0.252093 0.282369
0.431918 0.466792 0.101290
0.309811 0.504876 0.185312
0.537195 0.099431 0.363374
0.228325 0.418049 0.353626
0.118817 0.839364 0.041818
0.722720 0.170663 0.106617
0.422795 0.178031 0.399174
0.148767 0.784291 0.066942
0.704136 0.157336 0.138528
0.678842 0.069291 0.251867
0.212391 0.631007 0.156602
0.314911 0.201071 0.484017
0.310838 0.506767 0.182395
0.227390 0.619885 0.152725
0.833622 0.045514 0.120864
0.170484 0.753383 0.076133
0.260796 0.651600 0.087604
0.415526 0.471354 0.113120
0.315026 0.473076 0.211898
0.190220 0.692921 0.116859
0.655781 0.114131 0.230089
0.239357 0.387897 0.372746
0.528747 0.032417 0.438837
0.704805 0.048482 0.246713
0.306765 0.582216 0.111019
0.501563 0.160044 0.338394
0.526760 0.128312 0.344928
0.065503 0.880980 0.053517
0.265991 0.075821 0.658188
0.261766 0.477968 0.260265
0.686413 0.232275 0.081312
0.627343 0.184324 0.188332
0.329878 0.427570 0.242552
0.327137 0.492520 0.180343
0.310221 0.447483 0.242296
0.775156 0.083972 0.140872
0.313708 0.487777 0.198515
0.104194 0.782268 0.113538
0.767386 0.075679 0.156935
0.209884 0.462081 0.328035
0.894773 0.069433 0.035794
0.464775 0.254005 0.281220
0.429879 0.469892 0.100229
0.317137 0.495417 0.187445
0.539206 0.098471 0.362323
0.223732 0.420992 0.355275
0.119867 0.838421 0.041712
0.747362 0.151323 0.101314
0.422468 0.177908 0.399624
0.143733 0.788321 0.067946
0.711711 0.154012 0.134277
0.673426 0.062328 0.264246
0.205016 0.637294 0.157690
0.311556 0.203694 0.484750
0.315979 0.503165 0.180856
0.236901 0.609812 0.153287
0.844122 0.042679 0.113199
0.183995 0.736762 0.079243
0.266756 0.643488 0.089756
0.407574 0.482121 0.110305
0.329996 0.453179 0.216825
0.241819 0.648924 0.109257
0.649344 0.120587 0.230068
0.251761 0.370667 0.377572
0.531107 0.030273 0.438619
0.688388 0.052529 0.259084
0.283235 0.606138 0.110627
0.507551 0.158637 0.333812
0.532364 0.127988 0.339648
0.066757 0.878344 0.054898
0.266302 0.072847 0.660851
0.239591 0.496731 0.263678
0.682556 0.236182 0.081262
0.601316 0.201090 0.197594
0.341433 0.414836 0.243730
0.295000 0.548587 0.156414
0.319789 0.442609 0.237601
0.776537 0.090828 0.132634
0.313088 0.489556 0.197357
0.109974 0.770778 0.119248
0.753041 0.081167 0.165792
0.210566 0.472064 0.317370
0.901123 0.062483 0.036394
0.468550 0.251578 0.279872
0.433787 0.464978 0.101236
0.320932 0.490255 0.188813
0.537001 0.100865 0.362134
0.221590 0.420155 0.358254
0.113493 0.846559 0.039948
0.709008 0.188727 0.102265
0.424163 0.177393 0.398444
0.150988 0.781612 0.067400
0.705979 0.157193 0.136828
0.671585 0.069110 0.259305
0.224182 0.613381 0.162438
0.308439 0.209747 0.481814
0.308637 0.508600 0.182763
0.236588 0.609962 0.153450
0.844535 0.042678 0.112786
0.192941 0.734162 0.072897
0.258263 0.652434 0.089303
0.410659 0.477486 0.111855
0.324630 0.457815 0.217555
0.182264 0.699406 0.118329
0.653869 0.116111 0.230021
0.243002 0.376750 0.380249
0.527868 0.030051 0.442081
0.703904 0.049501 0.246594
0.295656 0.595699 0.108645
0.505623 0.158826 0.335551
0.527713 0.127976 0.344310
0.066629 0.878443 0.054928
0.265073 0.074161 0.660766
0.262436 0.480958 0.256606
0.699860 0.223200 0.076940
0.615975 0.195682 0.188344
0.336053 0.419311 0.244636
0.289166 0.552219 0.158615
0.328350 0.438782 0.232868
0.770382 0.099120 0.130498
0.312062 0.490892 0.197045
0.109641 0.772548 0.117810
0.765789 0.077702 0.156509
0.203085 0.476677 0.320238
0.897550 0.065751 0.036699
0.467690 0.250236 0.282073
0.436012 0.462105 0.101883
0.312172 0.506417 0.181411
0.537784 0.099839 0.362377
0.217356 0.436756 0.345888
0.116041 0.843376 0.040583
0.708178 0.187756 0.104066
0.414752 0.195296 0.389952
0.154561 0.775196 0.070243
0.706183 0.161864 0.131952
0.681744 0.064788 0.253468
0.210569 0.634704 0.154726
0.317210 0.203298 0.479492
0.318475 0.497895 0.183630
0.238761 0.601101 0.160137
0.841843 0.043232 0.114925
0.168461 0.758842 0.072697
0.259743 0.649920 0.090337
0.418223 0.467801 0.113977
0.332052 0.450081 0.217867
0.178724 0.708346 0.112931
0.666234 0.110061 0.223705
0.242803 0.377836 0.379361
0.532980 0.028573 0.438447
0.702655 0.048563 0.248782
0.274053 0.613443 0.112504
0.511840 0.144805 0.343355
0.534168 0.126961 0.338871
0.072576 0.868671 0.058753
0.266911 0.072150 0.660939
0.262525 0.476732 0.260742
0.686646 0.232304 0.081050
0.629874 0.182129 0.187997
0.333423 0.430885 0.235692
0.290806 0.553442 0.155751
0.316360 0.452068 0.231571
0.782454 0.078770 0.138775
0.321326 0.484856 0.193817
0.124444 0.750759 0.124797
0.765260 0.077311 0.157429
0.206025 0.474049 0.319926
0.895915 0.067827 0.036259
0.478495 0.246538 0.274967
0.432457 0.467108 0.100435
0.312963 0.502610 0.184427
0.538383 0.098873 0.362744
0.224887 0.415429 0.359684
0.115224 0.843587 0.041189
0.865043 0.081053 0.053904
0.445336 0.169138 0.385526
0.148931 0.784208 0.066861
0.711704 0.154420 0.133876
0.712376 0.056438 0.231186
0.208275 0.635677 0.156049
0.311817 0.206771 0.481412
0.314098 0.500153 0.185750
0.224384 0.622205 0.153411
0.844972 0.042631 0.112397
0.165158 0.764558 0.070285
0.262504 0.647538 0.089957
0.408396 0.478179 0.113425
0.312152 0.481062 0.206786
0.196005 0.686813 0.117182
0.647387 0.120305 0.232308
0.242044 0.379305 0.378651
0.536062 0.028381 0.435556
0.703844 0.049426 0.246730
0.304818 0.579201 0.115981
0.500848 0.160436 0.338716
0.525830 0.133446 0.340723
0.070548 0.872387 0.057065
0.272496 0.072955 0.654549
0.275519 0.457616 0.266865
0.688811 0.230162 0.081027
0.617356 0.189187 0.193457
0.328113 0.429314 0.242574
0.289714 0.553293 0.156993
0.318820 0.435564 0.245616
0.780499 0.085937 0.133564
0.318391 0.480228 0.201380
0.111121 0.768131 0.120748
0.747756 0.086226 0.166018
0.206577 0.476079 0.317344
0.902939 0.061589 0.035473
0.465285 0.253011 0.281704
0.422365 0.478425 0.099210
0.327275 0.485334 0.187390
0.534232 0.099299 0.366469
0.225380 0.418899 0.355721
0.115805 0.842686 0.041509
0.720279 0.169919 0.109802
0.422733 0.175426 0.401841
0.133003 0.800815 0.066182
0.705466 0.157772 0.136762
0.671527 0.067140 0.261333
0.201294 0.641529 0.157177
0.311862 0.208868 0.479270
0.312640 0.501576 0.185784
0.224140 0.617681 0.158180
0.846327 0.042164 0.111508
0.174406 0.748556 0.077038
0.267435 0.640004 0.092561
0.412242 0.474933 0.112825
0.332589 0.451244 0.216167
0.193511 0.690618 0.115872
0.658597 0.107530 0.233873
0.240242 0.381622 0.378136
0.526242 0.033851 0.439907
0.712966 0.047969 0.239064
0.301313 0.589449 0.109238
0.507889 0.155587 0.336524
0.521124 0.138694 0.340182
0.068126 0.876452 0.055422
0.324545 0.070232 0.605223
0.260358 0.483807 0.255835
0.683155 0.236175 0.080671
0.623298 0.187340 0.189362
0.297861 0.487176 0.214963
0.299649 0.534366 0.165985
0.320486 0.430380 0.249134
0.777608 0.088894 0.133498
0.307965 0.495337 0.196698
0.103487 0.784260 0.112253
0.748227 0.084523 0.167250
0.208895 0.469797 0.321309
0.904386 0.058011 0.037603
0.471249 0.250605 0.278146
0.437009 0.461029 0.101962
0.312665 0.502724 0.184610
0.536113 0.097218 0.366669
0.229181 0.413585 0.357235
0.112327 0.845138 0.042535
0.727098 0.165669 0.107233
0.439907 0.175110 0.384982
0.150825 0.780437 0.068738
0.704663 0.158051 0.137286
0.680931 0.066076 0.252993
0.210441 0.635279 0.154280
0.317345 0.204963 0.477693
0.319482 0.490855 0.189664
0.266001 0.563766 0.170232
0.830513 0.046311 0.123176
0.171774 0.753490 0.074736
0.260152 0.648834 0.091013
0.412009 0.475293 0.112697
0.328673 0.452129 0.219198
0.194596 0.692678 0.112726
0.648556 0.116292 0.235152
0.251750 0.369368 0.378881
0.527704 0.033299 0.438997
0.704003 0.050466 0.245531
0.320469 0.562823 0.116708
0.509611 0.150934 0.339455
0.527969 0.126902 0.345129
0.066972 0.878461 0.054567
0.268475 0.079703 0.651822
0.259028 0.484551 0.256421
0.688265 0.230038 0.081697
0.628161 0.181081 0.190758
0.337214 0.422521 0.240265
0.289774 0.552373 0.157853
0.313406 0.441505 0.245089
0.769124 0.095474 0.135402
0.308115 0.490516 0.201369
0.117061 0.754463 0.128476
0.755630 0.079985 0.164385
0.205518 0.478768 0.315714
0.904578 0.059533 0.035889
0.467007 0.253017 0.279976
0.431094 0.468562 0.100344
0.318350 0.492999 0.188650
0.538835 0.098533 0.362632
0.213199 0.444666 0.342135
0.131470 0.823138 0.045392
0.728930 0.162454 0.108616
0.414518 0.192580 0.392902
0.136214 0.796901 0.066885
0.712495 0.153999 0.133505
0.677977 0.067667 0.254356
0.212354 0.630983 0.156663
0.308617 0.209389 0.481994
0.312288 0.503084 0.184628
0.234897 0.613594 0.151509
0.843950 0.043295 0.112755
0.177843 0.744843 0.077314
0.257017 0.651203 0.091780
0.400563 0.487514 0.111923
0.327982 0.452336 0.219682
0.179267 0.704813 0.115920
0.651427 0.118326 0.230247
0.235103 0.390290 0.374607
0.530721 0.029198 0.440081
0.716558 0.046229 0.237213
0.297245 0.593475 0.109280
0.505339 0.155525 0.339136
0.528304 0.127704 0.343992
0.064216 0.881807 0.053976
0.267814 0.072602 0.659584
0.264743 0.472837 0.262421
0.693020 0.227309 0.079671
0.628668 0.182360 0.188972
0.340705 0.416025 0.243270
0.307869 0.525427 0.166704
0.301073 0.459798 0.239129
0.777740 0.092212 0.130048
0.311278 0.494642 0.194080
0.114460 0.761919 0.123621
0.756804 0.079074 0.164121
0.207152 0.468162 0.324687
0.896666 0.067331 0.036003
0.468898 0.248310 0.282793
0.443134 0.454895 0.101971
0.315696 0.497150 0.187154
0.532269 0.104762 0.362969
