0.246460 0.265814 0.242977 0.244749
0.246523 0.265301 0.243512 0.244665
0.246511 0.265831 0.242882 0.244776
0.246601 0.265648 0.243037 0.244714
0.246405 0.265109 0.243548 0.244938
0.246373 0.265764 0.242861 0.245002
0.246401 0.266257 0.242851 0.244491
0.246531 0.265567 0.243416 0.244485
0.246398 0.265834 0.242693 0.245076
0.246372 0.265575 0.243440 0.244613
0.246399 0.265696 0.242860 0.245044
0.246318 0.265965 0.243087 0.244631
0.246601 0.266275 0.242571 0.244552
0.246471 0.264837 0.243591 0.245102
0.246207 0.265363 0.243287 0.245142
0.246190 0.266375 0.242714 0.244721
