0.002862 0.000631 0.070548 0.925959
0.002892 0.000658 0.067884 0.928566
0.002891 0.000644 0.069474 0.926992
0.003097 0.000737 0.067601 0.928565
0.002903 0.000669 0.065738 0.930690
0.002927 0.000671 0.068107 0.928294
0.002856 0.000628 0.071782 0.924734
0.002869 0.000621 0.073384 0.923126
0.002869 0.000654 0.067267 0.929211
0.002842 0.000612 0.074159 0.922388
0.002842 0.000609 0.074381 0.922168
0.002843 0.000628 0.070607 0.925922
0.002842 0.000608 0.074674 0.921877
0.002840 0.000619 0.072447 0.924094
0.002877 0.000632 0.072070 0.924422
0.002858 0.000632 0.070321 0.926189
