0.259410 0.198845 0.273178 0.268567
0.259337 0.198983 0.273315 0.268365
0.258971 0.197641 0.274199 0.269190
0.259142 0.197770 0.274692 0.268396
0.259007 0.197181 0.274405 0.269406
0.259505 0.199057 0.273787 0.267650
0.259256 0.197585 0.274153 0.269007
0.259453 0.199169 0.272903 0.268474
0.259270 0.198641 0.273383 0.268707
0.258943 0.197612 0.274745 0.268699
0.259164 0.197170 0.275052 0.268614
0.259548 0.198565 0.273170 0.268716
0.259681 0.199818 0.272746 0.267755
0.259410 0.198218 0.273687 0.268685
0.259588 0.199485 0.272638 0.268289
0.259422 0.198922 0.273451 0.268205
