0.249819 0.179503 0.285846 0.284831
0.249434 0.178988 0.286663 0.284915
0.249487 0.178900 0.285933 0.285681
0.249420 0.179144 0.286399 0.285037
0.248912 0.178384 0.287344 0.285359
0.249259 0.178633 0.286881 0.285227
0.249622 0.179000 0.286011 0.285368
0.249781 0.179391 0.286193 0.284635
0.249868 0.179323 0.285560 0.285249
0.249904 0.179512 0.285955 0.284629
0.249390 0.178792 0.286477 0.285341
0.249788 0.179364 0.285902 0.284947
0.249630 0.179149 0.286469 0.284753
0.249712 0.179049 0.286320 0.284919
0.250028 0.179593 0.285297 0.285083
0.249785 0.179494 0.285719 0.285002
