0.252991 0.196741 0.274229 0.276040
0.253041 0.195859 0.275501 0.275598
0.253325 0.196040 0.274931 0.275703
0.254520 0.198270 0.272829 0.274381
0.254563 0.198296 0.272048 0.275093
0.254395 0.199694 0.271962 0.273949
0.253495 0.196252 0.275097 0.275156
0.254853 0.200056 0.271680 0.273411
0.254458 0.198431 0.271490 0.275621
0.255557 0.201344 0.269251 0.273848
0.255125 0.199184 0.272109 0.273581
0.254896 0.198833 0.272863 0.273409
0.253360 0.198711 0.271907 0.276022
0.253590 0.198617 0.273100 0.274693
0.252270 0.193731 0.277695 0.276305
0.254958 0.198892 0.272338 0.273812
