0.255913 0.206109 0.270529 0.267449
0.255756 0.205483 0.273951 0.264810
0.256630 0.206773 0.270730 0.265867
0.256042 0.205276 0.272385 0.266297
0.256335 0.206646 0.271142 0.265877
0.255658 0.205602 0.271132 0.267608
0.255288 0.205223 0.273834 0.265655
0.255922 0.206156 0.272297 0.265624
0.256283 0.206625 0.271347 0.265745
0.255943 0.205760 0.271749 0.266548
0.256326 0.206174 0.272103 0.265396
0.256029 0.205808 0.270708 0.267456
0.255994 0.205734 0.273626 0.264646
0.256288 0.206277 0.270632 0.266803
0.256448 0.206073 0.272100 0.265378
0.256202 0.205903 0.270160 0.267735
