0.006370 0.001786 0.067220 0.924625
0.006332 0.001772 0.067177 0.924720
0.006308 0.001760 0.067206 0.924725
0.006386 0.001791 0.067279 0.924544
0.006403 0.001800 0.067248 0.924548
0.006373 0.001786 0.067265 0.924576
0.006372 0.001789 0.067161 0.924678
0.006305 0.001759 0.067310 0.924626
0.006357 0.001780 0.067196 0.924667
0.006400 0.001799 0.067348 0.924452
0.006304 0.001757 0.067201 0.924737
0.006439 0.001817 0.067238 0.924506
0.006304 0.001758 0.067315 0.924623
0.006311 0.001764 0.067168 0.924757
0.006306 0.001761 0.067272 0.924661
0.006208 0.001720 0.067333 0.924738
