0.264670 0.221047 0.252656 0.261627
0.264589 0.221001 0.252682 0.261728
0.264886 0.221543 0.252850 0.260721
0.265659 0.221768 0.251916 0.260657
0.265305 0.220692 0.251624 0.262379
0.264214 0.219967 0.253148 0.262671
0.264136 0.221108 0.252707 0.262048
0.264179 0.221163 0.253141 0.261517
0.264329 0.221117 0.252965 0.261589
0.264453 0.221225 0.253148 0.261174
0.264293 0.221252 0.252412 0.262043
0.264596 0.221320 0.253189 0.260895
0.264827 0.221141 0.252362 0.261671
0.264785 0.221344 0.252651 0.261221
0.264443 0.220672 0.252975 0.261910
0.264066 0.220895 0.252490 0.262549
