0.023656 0.009303 0.118442 0.848599
0.022874 0.008931 0.116598 0.851598
0.023288 0.009135 0.117582 0.849994
0.022534 0.008800 0.115930 0.852737
0.020635 0.007915 0.111121 0.860329
0.021409 0.008265 0.112991 0.857335
0.022442 0.008719 0.115438 0.853400
0.024195 0.009569 0.119926 0.846310
0.021726 0.008393 0.113695 0.856186
0.024458 0.009691 0.120211 0.845640
0.022435 0.008754 0.115571 0.853240
0.020805 0.007994 0.111537 0.859665
0.021714 0.008389 0.113715 0.856182
0.023188 0.009084 0.117537 0.850190
0.022017 0.008531 0.114454 0.854998
0.023691 0.009304 0.118578 0.848427
