0.244119 0.200577 0.287353 0.267950
0.243235 0.199031 0.286616 0.271119
0.242784 0.199134 0.289793 0.268288
0.243247 0.200013 0.289350 0.267390
0.242647 0.198233 0.286818 0.272302
0.241995 0.199481 0.291372 0.267153
0.241292 0.197403 0.291028 0.270277
0.241845 0.198609 0.291072 0.268474
0.242500 0.199216 0.289276 0.269007
0.242105 0.198462 0.289803 0.269630
0.241537 0.198192 0.290936 0.269335
0.242167 0.198745 0.290233 0.268854
0.241994 0.198537 0.289259 0.270211
0.240913 0.198158 0.290952 0.269977
0.241176 0.198513 0.292266 0.268046
0.242207 0.197989 0.291651 0.268154
