0.241832 0.166114 0.294939 0.297116
0.240915 0.165331 0.295947 0.297807
0.240021 0.164237 0.297444 0.298298
0.240990 0.164629 0.295901 0.298480
0.242666 0.166948 0.294115 0.296270
0.242050 0.166435 0.294094 0.297420
0.241488 0.165946 0.295974 0.296592
0.240470 0.164416 0.295857 0.299256
0.241838 0.166215 0.295402 0.296545
0.240120 0.164310 0.296864 0.298705
0.240753 0.164759 0.296254 0.298233
0.241172 0.165386 0.295827 0.297615
0.241326 0.165424 0.295531 0.297720
0.241631 0.165787 0.295538 0.297045
0.241124 0.165191 0.295302 0.298382
0.241199 0.165779 0.295859 0.297163
