0.078750 0.078750 0.078754 0.090843 0.088327 0.079048 0.078750 0.080986 0.088374 0.099919 0.078750 0.078750
0.040598 0.040598 0.040598 0.042302 0.040598 0.040598 0.040598 0.040598 0.079588 0.506497 0.040598 0.046832
0.083333 0.083333 0.083333 0.083333 0.083333 0.083333 0.083333 0.083333 0.083333 0.083333 0.083333 0.083333
0.078681 0.078681 0.078681 0.078681 0.080395 0.080706 0.078681 0.090970 0.099674 0.097485 0.078681 0.078681
0.078560 0.078560 0.078560 0.078560 0.078560 0.078560 0.078560 0.078560 0.078560 0.135840 0.078560 0.078560
0.079282 0.079282 0.079282 0.082059 0.079282 0.079282 0.079282 0.079282 0.088361 0.116043 0.079282 0.079282
0.014247 0.014247 0.014247 0.016940 0.014247 0.014247 0.015569 0.014247 0.014247 0.835440 0.018077 0.014247
0.079295 0.079295 0.079295 0.084069 0.079295 0.079295 0.079728 0.079295 0.085809 0.115979 0.079351 0.079295
0.029240 0.029240 0.029240 0.029241 0.029240 0.029240 0.029240 0.029240 0.029240 0.559991 0.147607 0.029240
0.035351 0.035351 0.035351 0.035351 0.035351 0.035351 0.035351 0.038883 0.035351 0.521029 0.121927 0.035351
0.083333 0.083333 0.083333 0.083333 0.083333 0.083333 0.083333 0.083333 0.083333 0.083333 0.083333 0.083333
0.010111 0.010111 0.010111 0.010111 0.010111 0.010111 0.010111 0.010111 0.010111 0.888776 0.010111 0.010111
0.037068 0.037068 0.037068 0.037068 0.037068 0.037068 0.037068 0.044846 0.037068 0.496702 0.124841 0.037068
0.058454 0.058454 0.058454 0.058454 0.058454 0.058454 0.058454 0.058454 0.058454 0.357009 0.058454 0.058454
0.010547 0.010547 0.010547 0.010547 0.010547 0.010547 0.010547 0.010547 0.010547 0.883980 0.010547 0.010547
0.018160 0.018160 0.018160 0.018160 0.018160 0.018160 0.018160 0.018160 0.018160 0.800244 0.018160 0.018160
0.054002 0.054002 0.054002 0.054002 0.054046 0.054082 0.054002 0.115565 0.097786 0.285990 0.068519 0.054002
0.014291 0.014291 0.014291 0.016052 0.014291 0.014291 0.014307 0.014291 0.014336 0.838008 0.017262 0.014291
0.058293 0.058293 0.058433 0.058879 0.058482 0.058350 0.058753 0.062885 0.058742 0.337040 0.073556 0.058293
0.040332 0.040332 0.040332 0.040332 0.040332 0.040332 0.040332 0.040332 0.040332 0.415918 0.180757 0.040332
0.076967 0.076967 0.076971 0.090925 0.087994 0.077201 0.076967 0.079522 0.084404 0.118146 0.076967 0.076968
0.043238 0.043238 0.043238 0.044869 0.043238 0.043238 0.043238 0.043238 0.079247 0.478898 0.043238 0.051080
0.083166 0.083166 0.083166 0.083166 0.083166 0.083166 0.083166 0.083166 0.083166 0.085170 0.083166 0.083166
0.078149 0.078149 0.078149 0.078149 0.079851 0.079975 0.078149 0.090355 0.096894 0.103994 0.080033 0.078149
0.077508 0.077508 0.077508 0.077508 0.077508 0.077508 0.077508 0.077508 0.077508 0.147413 0.077508 0.077508
0.078115 0.078115 0.078115 0.082256 0.078115 0.078115 0.078115 0.078115 0.091910 0.122800 0.078115 0.078115
0.016950 0.016950 0.016950 0.020871 0.016950 0.016950 0.018758 0.016950 0.016950 0.802219 0.022555 0.016950
0.078142 0.078142 0.078143 0.085305 0.078142 0.078142 0.078783 0.078142 0.087966 0.122742 0.078206 0.078142
0.029733 0.029733 0.029733 0.029734 0.029733 0.029733 0.029733 0.029733 0.029733 0.569426 0.133245 0.029733
0.036609 0.036609 0.036609 0.036609 0.036609 0.036609 0.036609 0.041238 0.036609 0.514482 0.114796 0.036609
0.083333 0.083333 0.083333 0.083333 0.083333 0.083333 0.083333 0.083333 0.083333 0.083333 0.083333 0.083333
0.009691 0.009691 0.009691 0.009691 0.009691 0.009691 0.009691 0.009691 0.009691 0.893396 0.009691 0.009691
0.033442 0.033442 0.033442 0.033442 0.033442 0.033442 0.033442 0.041433 0.033442 0.555197 0.102396 0.033442
0.059929 0.059929 0.059929 0.059929 0.059929 0.059929 0.059929 0.059929 0.059929 0.340784 0.059929 0.059929
0.009899 0.009899 0.009899 0.009899 0.009899 0.009899 0.009899 0.009899 0.009899 0.891108 0.009899 0.009899
0.017478 0.017478 0.017478 0.017478 0.017478 0.017478 0.017478 0.017478 0.017478 0.807747 0.017478 0.017478
0.052671 0.052671 0.052671 0.052671 0.052718 0.052739 0.052671 0.118206 0.088817 0.292545 0.078951 0.052671
0.012674 0.012674 0.012674 0.013591 0.012674 0.012674 0.012687 0.012674 0.012699 0.857352 0.014952 0.012674
0.061131 0.061131 0.061338 0.062364 0.061356 0.061224 0.062097 0.065590 0.061965 0.294036 0.086639 0.061131
0.039192 0.039192 0.039192 0.039192 0.039192 0.039192 0.039192 0.039192 0.039192 0.444542 0.163538 0.039192
0.077625 0.077625 0.077629 0.093913 0.085416 0.077977 0.077625 0.079458 0.089145 0.108333 0.077625 0.077627
0.043999 0.043999 0.043999 0.045783 0.043999 0.043999 0.043999 0.043999 0.084341 0.464657 0.043999 0.053231
0.083333 0.083333 0.083333 0.083333 0.083333 0.083333 0.083333 0.083333 0.083333 0.083333 0.083333 0.083333
0.079519 0.079519 0.079519 0.079519 0.081001 0.080443 0.079519 0.090052 0.088544 0.103327 0.079519 0.079519
0.079776 0.079776 0.079776 0.079776 0.079776 0.079776 0.079776 0.079776 0.079776 0.122462 0.079776 0.079776
0.078897 0.078897 0.078897 0.082131 0.078897 0.078897 0.078897 0.078897 0.089535 0.118262 0.078897 0.078897
0.014827 0.014827 0.014827 0.016836 0.014827 0.014827 0.015797 0.014827 0.014827 0.829022 0.019730 0.014827
0.078914 0.078914 0.078914 0.084484 0.078914 0.078914 0.079416 0.078914 0.086527 0.118217 0.078960 0.078914
0.029838 0.029838 0.029838 0.029839 0.029838 0.029838 0.029838 0.029838 0.029838 0.557998 0.143621 0.029838
0.034100 0.034100 0.034100 0.034100 0.034100 0.034100 0.034100 0.036625 0.034100 0.527106 0.129365 0.034100
0.083333 0.083333 0.083333 0.083333 0.083333 0.083333 0.083333 0.083333 0.083333 0.083333 0.083333 0.083333
0.009899 0.009899 0.009899 0.009899 0.009899 0.009899 0.009899 0.009899 0.009899 0.891108 0.009899 0.009899
0.037124 0.037124 0.037124 0.037124 0.037124 0.037124 0.037124 0.043857 0.037124 0.474321 0.147705 0.037124
0.055929 0.055929 0.055929 0.055929 0.055929 0.055929 0.055929 0.055929 0.055929 0.384776 0.055929 0.055929
0.010111 0.010111 0.010111 0.010111 0.010111 0.010111 0.010111 0.010111 0.010111 0.888776 0.010111 0.010111
0.014074 0.014074 0.014074 0.014074 0.014074 0.014074 0.014074 0.014074 0.014074 0.845188 0.014074 0.014074
0.050350 0.050350 0.050350 0.050350 0.050399 0.050437 0.050350 0.110342 0.100261 0.322574 0.063886 0.050350
0.011910 0.011910 0.011910 0.013072 0.011910 0.011910 0.011924 0.011910 0.011940 0.865308 0.014387 0.011910
0.056697 0.056697 0.056836 0.057266 0.056898 0.056749 0.057144 0.061903 0.057117 0.356105 0.069891 0.056697
0.038454 0.038454 0.038454 0.038454 0.038454 0.038454 0.038454 0.038454 0.038454 0.425905 0.189558 0.038454
0.078395 0.078395 0.078399 0.090433 0.087929 0.078750 0.078395 0.080621 0.090028 0.101865 0.078395 0.078395
0.039759 0.039759 0.039759 0.041315 0.039759 0.039759 0.039759 0.039759 0.074523 0.520226 0.039759 0.045864
0.083333 0.083333 0.083333 0.083333 0.083333 0.083333 0.083333 0.083333 0.083333 0.083333 0.083333 0.083333
0.078060 0.078060 0.078060 0.078060 0.081498 0.078785 0.078060 0.104348 0.085071 0.103876 0.078060 0.078060
0.080233 0.080233 0.080233 0.080233 0.080233 0.080233 0.080233 0.080233 0.080233 0.117435 0.080233 0.080233
0.078673 0.078673 0.078673 0.081898 0.078673 0.078673 0.078673 0.078673 0.089281 0.120767 0.078673 0.078673
0.016572 0.016572 0.016572 0.022060 0.016572 0.016572 0.020043 0.016572 0.016572 0.803265 0.022053 0.016572
0.077836 0.077836 0.077836 0.084147 0.077836 0.077836 0.078403 0.077836 0.086476 0.128223 0.077900 0.077836
0.027483 0.027483 0.027483 0.027484 0.027483 0.027483 0.027483 0.027483 0.027483 0.592883 0.132286 0.027483
0.036723 0.036723 0.036723 0.036723 0.036723 0.036723 0.036723 0.041366 0.036723 0.492085 0.136038 0.036723
0.083333 0.083333 0.083333 0.083333 0.083333 0.083333 0.083333 0.083333 0.083333 0.083333 0.083333 0.083333
0.009487 0.009487 0.009487 0.009487 0.009487 0.009487 0.009487 0.009487 0.009487 0.895643 0.009487 0.009487
0.041275 0.041275 0.041275 0.041275 0.041275 0.041275 0.041275 0.053632 0.041275 0.435889 0.139008 0.041275
0.049616 0.049616 0.049616 0.049616 0.049616 0.049616 0.049616 0.049616 0.049616 0.454226 0.049616 0.049616
0.009287 0.009287 0.009287 0.009287 0.009287 0.009287 0.009287 0.009287 0.009287 0.897847 0.009287 0.009287
0.016815 0.016815 0.016815 0.016815 0.016815 0.016815 0.016815 0.016815 0.016815 0.815034 0.016815 0.016815
0.054305 0.054305 0.054305 0.054305 0.054338 0.054389 0.054305 0.108216 0.100699 0.287623 0.068904 0.054305
0.014271 0.014271 0.014271 0.015666 0.014271 0.014271 0.014296 0.014271 0.014308 0.836883 0.018947 0.014271
0.055550 0.055550 0.055732 0.056529 0.055808 0.055609 0.056317 0.059955 0.056146 0.370020 0.067233 0.055550
0.041110 0.041110 0.041110 0.041110 0.041110 0.041110 0.041110 0.041110 0.041110 0.376360 0.212537 0.041110
0.075787 0.075787 0.075793 0.093899 0.090025 0.076133 0.075787 0.079038 0.087034 0.119139 0.075787 0.075789
0.044273 0.044273 0.044273 0.045817 0.044273 0.044273 0.044273 0.044273 0.077583 0.467559 0.044273 0.054854
0.083333 0.083333 0.083333 0.083333 0.083333 0.083333 0.083333 0.083333 0.083333 0.083333 0.083333 0.083333
0.077363 0.077363 0.077363 0.077363 0.080027 0.078805 0.077363 0.097179 0.091882 0.110570 0.077363 0.077363
0.077778 0.077778 0.077778 0.077778 0.077778 0.077778 0.077778 0.077778 0.077778 0.144445 0.077778 0.077778
0.076091 0.076091 0.076091 0.081049 0.076091 0.076091 0.076091 0.076091 0.092823 0.141312 0.076091 0.076091
0.019248 0.019248 0.019248 0.024819 0.019248 0.019248 0.021850 0.019248 0.019248 0.771170 0.028174 0.019248
0.077039 0.077039 0.077039 0.084924 0.077039 0.077039 0.077741 0.077039 0.087873 0.133068 0.077120 0.077039
0.028839 0.028839 0.028839 0.028840 0.028839 0.028839 0.028840 0.028839 0.028839 0.579251 0.132356 0.028839
0.037674 0.037674 0.037674 0.037674 0.037674 0.037674 0.037674 0.043460 0.037674 0.504828 0.112642 0.037674
0.083333 0.083333 0.083333 0.083333 0.083333 0.083333 0.083333 0.083333 0.083333 0.083333 0.083333 0.083333
0.009090 0.009090 0.009090 0.009090 0.009090 0.009090 0.009090 0.009090 0.009090 0.900011 0.009090 0.009090
0.030606 0.030606 0.030606 0.030606 0.030606 0.030606 0.030606 0.035306 0.030606 0.586158 0.103079 0.030606
0.062312 0.062312 0.062312 0.062312 0.062312 0.062312 0.062312 0.062312 0.062312 0.314568 0.062312 0.062312
0.008522 0.008522 0.008522 0.008522 0.008522 0.008522 0.008522 0.008522 0.008522 0.906257 0.008522 0.008522
0.017816 0.017816 0.017816 0.017816 0.017816 0.017816 0.017816 0.017816 0.017816 0.804023 0.017816 0.017816
0.048250 0.048250 0.048250 0.048250 0.048291 0.048318 0.048250 0.096146 0.085320 0.356575 0.075851 0.048250
0.011405 0.011405 0.011405 0.013114 0.011405 0.011405 0.011425 0.011405 0.011449 0.869036 0.015141 0.011405
0.056555 0.056555 0.056779 0.057553 0.056842 0.056651 0.057338 0.061039 0.057316 0.342348 0.084467 0.056555
0.038925 0.038925 0.038925 0.038925 0.038925 0.038925 0.038925 0.038925 0.038925 0.452150 0.158602 0.038925
0.078659 0.078659 0.078664 0.086518 0.089929 0.078839 0.078659 0.081270 0.084293 0.107193 0.078659 0.078660
0.041509 0.041509 0.041509 0.043371 0.041509 0.041509 0.041509 0.041509 0.085110 0.493788 0.041509 0.045657
0.083333 0.083333 0.083333 0.083333 0.083333 0.083333 0.083333 0.083333 0.083333 0.083333 0.083333 0.083333
0.077596 0.077596 0.077596 0.077596 0.081012 0.079961 0.077596 0.103726 0.102618 0.089512 0.077596 0.077596
0.077778 0.077778 0.077778 0.077778 0.077778 0.077778 0.077778 0.077778 0.077778 0.144445 0.077778 0.077778
0.079958 0.079958 0.079958 0.083236 0.079958 0.079958 0.079958 0.079958 0.090740 0.106401 0.079958 0.079958
0.014236 0.014236 0.014236 0.017869 0.014236 0.014236 0.017001 0.014236 0.014236 0.834818 0.016422 0.014236
0.079975 0.079975 0.079975 0.085621 0.079975 0.079975 0.080484 0.079975 0.087691 0.106348 0.080031 0.079975
0.029031 0.029031 0.029031 0.029032 0.029031 0.029031 0.029031 0.029031 0.029031 0.555989 0.153699 0.029031
0.038649 0.038649 0.038649 0.038649 0.038649 0.038649 0.038649 0.041511 0.038649 0.470843 0.139804 0.038649
0.083333 0.083333 0.083333 0.083333 0.083333 0.083333 0.083333 0.083333 0.083333 0.083333 0.083333 0.083333
0.008708 0.008708 0.008708 0.008708 0.008708 0.008708 0.008708 0.008708 0.008708 0.904215 0.008708 0.008708
0.031275 0.031275 0.031275 0.031275 0.031275 0.031275 0.031275 0.036947 0.031275 0.571110 0.110468 0.031275
0.059441 0.059441 0.059441 0.059441 0.059441 0.059441 0.059441 0.059441 0.059441 0.346153 0.059441 0.059441
0.009090 0.009090 0.009090 0.009090 0.009090 0.009090 0.009090 0.009090 0.009090 0.900011 0.009090 0.009090
0.018160 0.018160 0.018160 0.018160 0.018160 0.018160 0.018160 0.018160 0.018160 0.800244 0.018160 0.018160
0.049096 0.049096 0.049096 0.049096 0.049127 0.049169 0.049096 0.086868 0.088902 0.362839 0.068519 0.049096
0.014243 0.014243 0.014243 0.015280 0.014243 0.014243 0.014278 0.014243 0.014270 0.835195 0.021278 0.014243
0.055221 0.055221 0.055439 0.055915 0.055580 0.055290 0.055766 0.059584 0.055758 0.366720 0.074286 0.055221
0.042115 0.042115 0.042115 0.042115 0.042115 0.042115 0.042115 0.042115 0.042115 0.385557 0.193294 0.042115
0.078395 0.078395 0.078399 0.090433 0.087929 0.078750 0.078395 0.080621 0.090028 0.101865 0.078395 0.078396
0.041683 0.041683 0.041683 0.043314 0.041683 0.041683 0.041683 0.041683 0.078129 0.495852 0.041683 0.049242
0.083333 0.083333 0.083333 0.083333 0.083333 0.083333 0.083333 0.083333 0.083333 0.083333 0.083333 0.083333
0.076976 0.076976 0.076976 0.076976 0.080861 0.078050 0.076976 0.107254 0.087575 0.107429 0.076976 0.076976
0.079542 0.079542 0.079542 0.079542 0.079542 0.079542 0.079542 0.079542 0.079542 0.125043 0.079542 0.079542
0.076572 0.076572 0.076572 0.080169 0.076572 0.076572 0.076572 0.076572 0.088481 0.142206 0.076572 0.076572
0.022890 0.022890 0.022890 0.030087 0.022890 0.022890 0.028037 0.022890 0.022890 0.722770 0.035985 0.022890
0.076594 0.076594 0.076595 0.082804 0.076594 0.076594 0.077152 0.076594 0.085097 0.142129 0.076657 0.076594
0.030008 0.030008 0.030008 0.030009 0.030008 0.030008 0.030009 0.030008 0.030008 0.574704 0.125212 0.030008
0.039115 0.039115 0.039115 0.039115 0.039115 0.039115 0.039115 0.043023 0.039115 0.487996 0.116949 0.039115
0.083333 0.083333 0.083333 0.083333 0.083333 0.083333 0.083333 0.083333 0.083333 0.083333 0.083333 0.083333
0.011232 0.011232 0.011232 0.011232 0.011232 0.011232 0.011232 0.011232 0.011232 0.876451 0.011232 0.011232
0.040180 0.040180 0.040180 0.040180 0.040180 0.040180 0.040180 0.048611 0.040180 0.466735 0.123030 0.040180
0.056440 0.056440 0.056440 0.056440 0.056440 0.056440 0.056440 0.056440 0.056440 0.379156 0.056440 0.056440
0.010771 0.010771 0.010771 0.010771 0.010771 0.010771 0.010771 0.010771 0.010771 0.881516 0.010771 0.010771
0.019583 0.019583 0.019583 0.019583 0.019583 0.019583 0.019583 0.019583 0.019583 0.784584 0.019583 0.019583
0.052750 0.052750 0.052750 0.052750 0.052784 0.052822 0.052750 0.100235 0.091089 0.314680 0.071887 0.052750
0.014551 0.014551 0.014551 0.015974 0.014551 0.014551 0.014579 0.014551 0.014589 0.833219 0.019780 0.014551
0.055170 0.055170 0.055346 0.055863 0.055427 0.055235 0.055714 0.059170 0.055689 0.369544 0.072502 0.055170
0.042100 0.042100 0.042100 0.042100 0.042100 0.042100 0.042100 0.042100 0.042100 0.376351 0.202649 0.042100
0.078215 0.078215 0.078219 0.092400 0.086065 0.078628 0.078215 0.080061 0.091918 0.101632 0.078215 0.078216
0.039759 0.039759 0.039759 0.041315 0.039759 0.039759 0.039759 0.039759 0.074523 0.520226 0.039759 0.045865
0.083333 0.083333 0.083333 0.083333 0.083333 0.083333 0.083333 0.083333 0.083333 0.083333 0.083333 0.083333
0.078297 0.078297 0.078297 0.078297 0.080002 0.080126 0.078297 0.090525 0.097077 0.104191 0.078297 0.078297
0.079059 0.079059 0.079059 0.079059 0.079059 0.079059 0.079059 0.079059 0.079059 0.130347 0.079059 0.079059
0.078281 0.078281 0.078281 0.081958 0.078281 0.078281 0.078281 0.078281 0.090456 0.123061 0.078281 0.078281
0.014494 0.014494 0.014494 0.018511 0.014494 0.014494 0.015839 0.014494 0.014494 0.829946 0.019752 0.014494
0.078302 0.078302 0.078303 0.084651 0.078302 0.078302 0.078873 0.078302 0.086994 0.123008 0.078357 0.078302
0.027307 0.027307 0.027307 0.027307 0.027307 0.027307 0.027307 0.027307 0.027307 0.589081 0.137850 0.027307
0.034455 0.034455 0.034455 0.034455 0.034455 0.034455 0.034455 0.041685 0.034455 0.507827 0.140390 0.034455
0.083333 0.083333 0.083333 0.083333 0.083333 0.083333 0.083333 0.083333 0.083333 0.083333 0.083333 0.083333
0.007814 0.007814 0.007814 0.007814 0.007814 0.007814 0.007814 0.007814 0.007814 0.914041 0.007814 0.007814
0.034989 0.034989 0.034989 0.034989 0.034989 0.034989 0.034989 0.042331 0.034989 0.503558 0.139210 0.034989
0.053335 0.053335 0.053335 0.053335 0.053335 0.053335 0.053335 0.053335 0.053335 0.413315 0.053335 0.053335
0.007986 0.007986 0.007986 0.007986 0.007986 0.007986 0.007986 0.007986 0.007986 0.912152 0.007986 0.007986
0.014359 0.014359 0.014359 0.014359 0.014359 0.014359 0.014359 0.014359 0.014359 0.842046 0.014359 0.014359
0.051402 0.051402 0.051402 0.051402 0.051449 0.051475 0.051402 0.115357 0.090893 0.314014 0.068401 0.051402
0.010952 0.010952 0.010952 0.013188 0.010952 0.010952 0.010964 0.010952 0.011008 0.875252 0.012921 0.010952
0.054283 0.054283 0.054389 0.054555 0.054425 0.054334 0.054497 0.058365 0.054597 0.381013 0.070977 0.054283
0.037921 0.037921 0.037921 0.037921 0.037921 0.037921 0.037921 0.037921 0.037921 0.420010 0.200775 0.037921
0.077553 0.077553 0.077558 0.093826 0.088664 0.078022 0.077553 0.080128 0.093266 0.100772 0.077553 0.077553
0.038819 0.038819 0.038819 0.040227 0.038819 0.038819 0.038819 0.038819 0.069567 0.532693 0.038819 0.046964
0.083166 0.083166 0.083166 0.083166 0.083166 0.083166 0.083166 0.083166 0.083166 0.085170 0.083166 0.083166
0.076183 0.076183 0.076183 0.076183 0.079049 0.078505 0.076183 0.097701 0.100749 0.108883 0.078018 0.076183
0.078812 0.078812 0.078812 0.078812 0.078812 0.078812 0.078812 0.078812 0.078812 0.133070 0.078812 0.078812
0.079061 0.079061 0.079061 0.081831 0.079061 0.079061 0.079061 0.079061 0.088114 0.118508 0.079061 0.079061
0.014181 0.014181 0.014181 0.019828 0.014181 0.014181 0.016721 0.014181 0.014181 0.831577 0.018427 0.014181
0.079074 0.079074 0.079074 0.083835 0.079074 0.079074 0.079506 0.079074 0.085570 0.118443 0.079129 0.079074
0.026283 0.026283 0.026283 0.026284 0.026283 0.026283 0.026284 0.026283 0.026283 0.594657 0.142508 0.026283
0.035364 0.035364 0.035364 0.035364 0.035364 0.035364 0.035364 0.041777 0.035364 0.508950 0.131001 0.035364
0.083333 0.083333 0.083333 0.083333 0.083333 0.083333 0.083333 0.083333 0.083333 0.083333 0.083333 0.083333
0.007646 0.007646 0.007646 0.007646 0.007646 0.007646 0.007646 0.007646 0.007646 0.915893 0.007646 0.007646
0.031275 0.031275 0.031275 0.031275 0.031275 0.031275 0.031275 0.036947 0.031275 0.571110 0.110468 0.031275
0.056948 0.056948 0.056948 0.056948 0.056948 0.056948 0.056948 0.056948 0.056948 0.373567 0.056948 0.056948
0.007986 0.007986 0.007986 0.007986 0.007986 0.007986 0.007986 0.007986 0.007986 0.912152 0.007986 0.007986
0.016815 0.016815 0.016815 0.016815 0.016815 0.016815 0.016815 0.016815 0.016815 0.815034 0.016815 0.016815
0.050205 0.050205 0.050205 0.050205 0.050247 0.050265 0.050205 0.104916 0.080732 0.337352 0.075255 0.050205
0.012129 0.012129 0.012129 0.014272 0.012129 0.012129 0.012148 0.012129 0.012183 0.860476 0.015727 0.012421
0.055705 0.055705 0.055872 0.056125 0.055932 0.055784 0.056036 0.058834 0.056190 0.352820 0.085293 0.055705
0.039658 0.039658 0.039658 0.039658 0.039658 0.039658 0.039658 0.039658 0.039658 0.428910 0.173553 0.040614
0.077220 0.077220 0.077227 0.095674 0.093498 0.077573 0.077220 0.080909 0.088679 0.100340 0.077220 0.077220
0.046260 0.046260 0.046260 0.048203 0.046260 0.046260 0.046260 0.046260 0.090689 0.433711 0.046260 0.057315
0.083333 0.083333 0.083333 0.083333 0.083333 0.083333 0.083333 0.083333 0.083333 0.083333 0.083333 0.083333
0.078833 0.078833 0.078833 0.078833 0.080303 0.080489 0.078833 0.089275 0.095663 0.102436 0.078833 0.078833
0.079059 0.079059 0.079059 0.079059 0.079059 0.079059 0.079059 0.079059 0.079059 0.130347 0.079059 0.079059
0.075993 0.075993 0.075993 0.080482 0.075993 0.075993 0.075994 0.075993 0.091044 0.144532 0.075993 0.075993
0.016317 0.016317 0.016317 0.017667 0.016317 0.016317 0.017385 0.016317 0.016317 0.809953 0.024458 0.016317
0.076029 0.076029 0.076029 0.083811 0.076029 0.076029 0.076722 0.076029 0.086721 0.144428 0.076118 0.076029
0.028783 0.028783 0.028783 0.028784 0.028783 0.028783 0.028784 0.028783 0.028784 0.592062 0.120103 0.028783
0.031901 0.031901 0.031901 0.031901 0.031901 0.031901 0.031901 0.032670 0.031901 0.582542 0.097679 0.031901
0.083333 0.083333 0.083333 0.083333 0.083333 0.083333 0.083333 0.083333 0.083333 0.083333 0.083333 0.083333
0.009899 0.009899 0.009899 0.009899 0.009899 0.009899 0.009899 0.009899 0.009899 0.891108 0.009899 0.009899
0.037068 0.037068 0.037068 0.037068 0.037068 0.037068 0.037068 0.044846 0.037068 0.496702 0.124841 0.037068
0.055416 0.055416 0.055416 0.055416 0.055416 0.055416 0.055416 0.055416 0.055416 0.390428 0.055416 0.055416
0.009487 0.009487 0.009487 0.009487 0.009487 0.009487 0.009487 0.009487 0.009487 0.895643 0.009487 0.009487
0.014359 0.014359 0.014359 0.014359 0.014359 0.014359 0.014359 0.014359 0.014359 0.842046 0.014359 0.014359
0.052449 0.052449 0.052449 0.052449 0.052496 0.052524 0.052449 0.112241 0.092745 0.305504 0.069795 0.052449
0.011670 0.011670 0.011670 0.012228 0.011670 0.011670 0.011685 0.011670 0.011685 0.868281 0.014433 0.011670
0.057409 0.057409 0.057549 0.057841 0.057620 0.057462 0.057748 0.062109 0.057788 0.346771 0.072885 0.057409
0.038843 0.038843 0.038843 0.038843 0.038843 0.038843 0.038843 0.038843 0.038843 0.420094 0.191476 0.038843
0.078926 0.078926 0.078928 0.088904 0.082004 0.079164 0.078926 0.079666 0.086553 0.110148 0.078926 0.078928
0.037990 0.037990 0.037990 0.039748 0.037990 0.037990 0.037990 0.037990 0.079661 0.533881 0.037990 0.042792
0.083333 0.083333 0.083333 0.083333 0.083333 0.083333 0.083333 0.083333 0.083333 0.083333 0.083333 0.083333
0.077955 0.077955 0.077955 0.077955 0.081639 0.079593 0.077955 0.106390 0.094598 0.092093 0.077955 0.077955
0.078812 0.078812 0.078812 0.078812 0.078812 0.078812 0.078812 0.078812 0.078812 0.133070 0.078812 0.078812
0.080694 0.080694 0.080694 0.083043 0.080694 0.080694 0.080694 0.080694 0.088324 0.102387 0.080694 0.080694
0.013392 0.013392 0.013392 0.016998 0.013392 0.013392 0.016197 0.013392 0.013392 0.843467 0.016202 0.013392
0.080702 0.080702 0.080702 0.084732 0.080702 0.080702 0.081069 0.080702 0.086190 0.102373 0.080721 0.080702
0.027848 0.027848 0.027848 0.027849 0.027848 0.027848 0.027849 0.027848 0.027848 0.559349 0.162167 0.027848
0.037237 0.037237 0.037237 0.037237 0.037237 0.037237 0.037237 0.040957 0.037237 0.475760 0.148153 0.037237
0.083333 0.083333 0.083333 0.083333 0.083333 0.083333 0.083333 0.083333 0.083333 0.083333 0.083333 0.083333
0.008161 0.008161 0.008161 0.008161 0.008161 0.008161 0.008161 0.008161 0.008161 0.910226 0.008161 0.008161
0.032282 0.032282 0.032282 0.032282 0.032282 0.032282 0.032282 0.038137 0.032282 0.548859 0.122467 0.032282
0.056948 0.056948 0.056948 0.056948 0.056948 0.056948 0.056948 0.056948 0.056948 0.373567 0.056948 0.056948
0.008161 0.008161 0.008161 0.008161 0.008161 0.008161 0.008161 0.008161 0.008161 0.910226 0.008161 0.008161
0.016815 0.016815 0.016815 0.016815 0.016815 0.016815 0.016815 0.016815 0.016815 0.815034 0.016815 0.016815
0.048200 0.048200 0.048200 0.048200 0.048236 0.048279 0.048200 0.093790 0.093725 0.356224 0.070549 0.048200
0.011884 0.011884 0.011884 0.013047 0.011884 0.011884 0.011908 0.011884 0.011914 0.863405 0.016540 0.011884
0.055865 0.055865 0.056122 0.057277 0.056193 0.055964 0.056971 0.060686 0.056785 0.352380 0.080028 0.055865
0.039587 0.039587 0.039587 0.039587 0.039587 0.039587 0.039587 0.039587 0.039587 0.418065 0.186068 0.039587
0.077303 0.077303 0.077308 0.087076 0.088379 0.077829 0.077303 0.079870 0.095134 0.107884 0.077303 0.077305
0.041357 0.041357 0.041357 0.042917 0.041357 0.041357 0.041357 0.041357 0.075799 0.503837 0.041357 0.046586
0.083333 0.083333 0.083333 0.083333 0.083333 0.083333 0.083333 0.083333 0.083333 0.083333 0.083333 0.083333
0.078323 0.078323 0.078323 0.078323 0.081270 0.079600 0.078323 0.100446 0.091044 0.099379 0.078323 0.078323
0.079059 0.079059 0.079059 0.079059 0.079059 0.079059 0.079059 0.079059 0.079059 0.130347 0.079059 0.079059
0.078673 0.078673 0.078673 0.081897 0.078673 0.078673 0.078673 0.078673 0.089281 0.120767 0.078673 0.078673
0.015963 0.015963 0.015963 0.020781 0.015963 0.015963 0.018822 0.015963 0.015963 0.811454 0.021242 0.015963
0.078690 0.078690 0.078690 0.084245 0.078690 0.078690 0.079191 0.078690 0.086282 0.120708 0.078745 0.078690
0.028262 0.028262 0.028262 0.028263 0.028262 0.028262 0.028263 0.028262 0.028262 0.581341 0.136035 0.028262
0.037509 0.037509 0.037509 0.037509 0.037509 0.037509 0.037509 0.042251 0.037509 0.490792 0.129371 0.037509
0.083333 0.083333 0.083333 0.083333 0.083333 0.083333 0.083333 0.083333 0.083333 0.083333 0.083333 0.083333
0.008897 0.008897 0.008897 0.008897 0.008897 0.008897 0.008897 0.008897 0.008897 0.902133 0.008897 0.008897
0.032732 0.032732 0.032732 0.032732 0.032732 0.032732 0.032732 0.038668 0.032732 0.556508 0.110237 0.032732
0.058949 0.058949 0.058949 0.058949 0.058949 0.058949 0.058949 0.058949 0.058949 0.351562 0.058949 0.058949
0.008897 0.008897 0.008897 0.008897 0.008897 0.008897 0.008897 0.008897 0.008897 0.902133 0.008897 0.008897
0.017144 0.017144 0.017144 0.017144 0.017144 0.017144 0.017144 0.017144 0.017144 0.811417 0.017144 0.017144
0.049222 0.049222 0.049222 0.049222 0.049262 0.049295 0.049222 0.098083 0.089130 0.346853 0.072045 0.049222
0.012140 0.012140 0.012140 0.013639 0.012140 0.012140 0.012160 0.012140 0.012179 0.861298 0.015742 0.012140
0.055177 0.055177 0.055356 0.055870 0.055434 0.055245 0.055721 0.059534 0.055713 0.367373 0.074224 0.055177
0.039019 0.039019 0.039019 0.039019 0.039019 0.039019 0.039019 0.039019 0.039019 0.421995 0.187817 0.039019
0.079452 0.079452 0.079455 0.089496 0.087426 0.079752 0.079452 0.081327 0.089162 0.096122 0.079452 0.079452
0.037156 0.037156 0.037156 0.038769 0.037156 0.037156 0.037156 0.037156 0.074494 0.547633 0.037156 0.041854
0.083333 0.083333 0.083333 0.083333 0.083333 0.083333 0.083333 0.083333 0.083333 0.083333 0.083333 0.083333
0.078317 0.078317 0.078317 0.078317 0.081013 0.079593 0.078317 0.098377 0.091036 0.101765 0.078317 0.078317
0.080455 0.080455 0.080455 0.080455 0.080455 0.080455 0.080455 0.080455 0.080455 0.114990 0.080455 0.080455
0.079156 0.079156 0.079156 0.080994 0.079156 0.079156 0.079156 0.079156 0.085089 0.121510 0.079156 0.079156
0.015064 0.015064 0.015064 0.019892 0.015064 0.015064 0.017099 0.015064 0.015064 0.822453 0.020046 0.015064
0.079163 0.079163 0.079164 0.082310 0.079163 0.079163 0.079451 0.079163 0.083442 0.121434 0.079219 0.079163
0.028265 0.028265 0.028265 0.028265 0.028265 0.028265 0.028265 0.028265 0.028265 0.567710 0.149644 0.028265
0.035777 0.035777 0.035777 0.035777 0.035777 0.035777 0.035777 0.041271 0.035777 0.490958 0.145776 0.035777
0.083333 0.083333 0.083333 0.083333 0.083333 0.083333 0.083333 0.083333 0.083333 0.083333 0.083333 0.083333
0.008897 0.008897 0.008897 0.008897 0.008897 0.008897 0.008897 0.008897 0.008897 0.902133 0.008897 0.008897
0.034260 0.034260 0.034260 0.034260 0.034260 0.034260 0.034260 0.036796 0.034260 0.504940 0.149928 0.034260
0.055929 0.055929 0.055929 0.055929 0.055929 0.055929 0.055929 0.055929 0.055929 0.384776 0.055929 0.055929
0.008897 0.008897 0.008897 0.008897 0.008897 0.008897 0.008897 0.008897 0.008897 0.902133 0.008897 0.008897
0.014074 0.014074 0.014074 0.014074 0.014074 0.014074 0.014074 0.014074 0.014074 0.845188 0.014074 0.014074
0.049813 0.049813 0.049813 0.049813 0.049856 0.049907 0.049813 0.094651 0.106516 0.342729 0.057463 0.049813
0.012892 0.012892 0.012892 0.015172 0.012892 0.012892 0.012915 0.012892 0.012950 0.851600 0.017116 0.012892
0.052152 0.052152 0.052273 0.052545 0.052358 0.052187 0.052460 0.057449 0.052434 0.411532 0.060305 0.052153
0.038826 0.038826 0.038826 0.038826 0.038826 0.038826 0.038826 0.038826 0.038826 0.390961 0.220782 0.038826
0.080629 0.080629 0.080632 0.086599 0.087040 0.080752 0.080629 0.082148 0.084435 0.095250 0.080629 0.080630
0.032963 0.032963 0.032963 0.034347 0.032963 0.032963 0.032963 0.032963 0.064620 0.601928 0.032963 0.035403
0.083333 0.083333 0.083333 0.083333 0.083333 0.083333 0.083333 0.083333 0.083333 0.083333 0.083333 0.083333
0.076904 0.076904 0.076904 0.076904 0.080537 0.079065 0.076904 0.104955 0.099539 0.097578 0.076904 0.076904
0.079303 0.079303 0.079303 0.079303 0.079303 0.079303 0.079303 0.079303 0.079303 0.127672 0.079303 0.079303
0.082118 0.082118 0.082118 0.082591 0.082118 0.082118 0.082118 0.082118 0.083616 0.094729 0.082118 0.082118
0.012607 0.012607 0.012607 0.017378 0.012607 0.012607 0.015441 0.012607 0.012607 0.852787 0.013540 0.012607
0.082119 0.082119 0.082119 0.082923 0.082119 0.082119 0.082194 0.082119 0.083207 0.094696 0.082148 0.082119
0.027404 0.027404 0.027404 0.027405 0.027404 0.027404 0.027405 0.027404 0.027404 0.550429 0.175528 0.027404
0.037447 0.037447 0.037447 0.037447 0.037447 0.037447 0.037447 0.043198 0.037447 0.467194 0.152581 0.037447
0.083333 0.083333 0.083333 0.083333 0.083333 0.083333 0.083333 0.083333 0.083333 0.083333 0.083333 0.083333
0.007005 0.007005 0.007005 0.007005 0.007005 0.007005 0.007005 0.007005 0.007005 0.922945 0.007005 0.007005
0.026534 0.026534 0.026534 0.026534 0.026534 0.026534 0.026534 0.028499 0.026534 0.629608 0.103087 0.026534
0.060894 0.060894 0.060894 0.060894 0.060894 0.060894 0.060894 0.060894 0.060894 0.330169 0.060894 0.060894
0.007005 0.007005 0.007005 0.007005 0.007005 0.007005 0.007005 0.007005 0.007005 0.922945 0.007005 0.007005
0.016815 0.016815 0.016815 0.016815 0.016815 0.016815 0.016815 0.016815 0.016815 0.815034 0.016815 0.016815
0.046800 0.046800 0.046800 0.046800 0.046839 0.046864 0.046800 0.088926 0.080814 0.380410 0.075345 0.046800
0.010493 0.010493 0.010493 0.011790 0.010493 0.010493 0.010513 0.010493 0.010527 0.879454 0.014264 0.010493
0.054633 0.054633 0.054845 0.055458 0.054918 0.054723 0.055281 0.058779 0.055307 0.364694 0.082096 0.054633
0.038963 0.038963 0.038963 0.038963 0.038963 0.038963 0.038963 0.038963 0.038963 0.431545 0.178827 0.038963
0.079408 0.079408 0.079411 0.087343 0.085723 0.079708 0.079408 0.080904 0.089113 0.100755 0.079408 0.079409
0.035682 0.035682 0.035682 0.037283 0.035682 0.035682 0.035682 0.035682 0.073163 0.564849 0.035682 0.039248
0.083333 0.083333 0.083333 0.083333 0.083333 0.083333 0.083333 0.083333 0.083333 0.083333 0.083333 0.083333
0.079713 0.079713 0.079713 0.079713 0.081199 0.080639 0.079713 0.090271 0.088759 0.101142 0.079713 0.079713
0.080674 0.080674 0.080674 0.080674 0.080674 0.080674 0.080674 0.080674 0.080674 0.112589 0.080674 0.080674
0.078606 0.078606 0.078606 0.081360 0.078606 0.078606 0.078607 0.078606 0.087608 0.123573 0.078606 0.078606
0.013658 0.013658 0.013658 0.016658 0.013658 0.013658 0.014552 0.013658 0.013658 0.840002 0.019521 0.013658
0.077753 0.077753 0.077753 0.083241 0.077753 0.077753 0.078248 0.077753 0.085254 0.131172 0.077816 0.077753
0.026747 0.026747 0.026747 0.026748 0.026747 0.026747 0.026748 0.026747 0.026747 0.590916 0.141610 0.026747
0.032708 0.032708 0.032708 0.032708 0.032708 0.032708 0.032708 0.037731 0.032708 0.517772 0.150121 0.032708
0.083333 0.083333 0.083333 0.083333 0.083333 0.083333 0.083333 0.083333 0.083333 0.083333 0.083333 0.083333
0.007481 0.007481 0.007481 0.007481 0.007481 0.007481 0.007481 0.007481 0.007481 0.917709 0.007481 0.007481
0.031333 0.031333 0.031333 0.031333 0.031333 0.031333 0.031333 0.034464 0.031333 0.532721 0.150821 0.031333
0.054380 0.054380 0.054380 0.054380 0.054380 0.054380 0.054380 0.054380 0.054380 0.401818 0.054380 0.054380
0.007481 0.007481 0.007481 0.007481 0.007481 0.007481 0.007481 0.007481 0.007481 0.917710 0.007481 0.007481
0.011468 0.011468 0.011468 0.011468 0.011468 0.011468 0.011468 0.011468 0.011468 0.873850 0.011468 0.011468
0.047196 0.047196 0.047196 0.047196 0.047244 0.047293 0.047196 0.100996 0.108372 0.357166 0.055755 0.047196
0.010071 0.010071 0.010071 0.011579 0.010071 0.010071 0.010085 0.010071 0.010110 0.885270 0.012456 0.010071
0.051802 0.051802 0.051926 0.052322 0.051999 0.051839 0.052210 0.057589 0.052139 0.415037 0.059535 0.051802
0.035165 0.035165 0.035165 0.035165 0.035165 0.035165 0.035165 0.035165 0.035165 0.428400 0.219948 0.035165
0.079285 0.079285 0.079288 0.093664 0.087242 0.079585 0.079285 0.081156 0.088975 0.093664 0.079285 0.079285
0.037755 0.037755 0.037755 0.039232 0.037755 0.037755 0.037755 0.037755 0.070766 0.543362 0.037755 0.044602
0.083333 0.083333 0.083333 0.083333 0.083333 0.083333 0.083333 0.083333 0.083333 0.083333 0.083333 0.083333
0.077762 0.077762 0.077762 0.077762 0.080440 0.079213 0.077762 0.097681 0.092357 0.105973 0.077762 0.077762
0.080455 0.080455 0.080455 0.080455 0.080455 0.080455 0.080455 0.080455 0.080455 0.114990 0.080455 0.080455
0.080661 0.080661 0.080661 0.082534 0.080661 0.080661 0.080661 0.080661 0.086707 0.104811 0.080661 0.080661
0.013662 0.013662 0.013662 0.018243 0.013662 0.013662 0.015706 0.013662 0.013662 0.840226 0.016529 0.013662
0.080866 0.080866 0.080866 0.084080 0.080866 0.080866 0.081160 0.080866 0.085236 0.102580 0.080885 0.080866
0.028220 0.028220 0.028220 0.028220 0.028220 0.028220 0.028220 0.028220 0.028220 0.553471 0.164332 0.028220
0.036312 0.036312 0.036312 0.036312 0.036312 0.036312 0.036312 0.042898 0.036312 0.475124 0.155171 0.036312
0.083333 0.083333 0.083333 0.083333 0.083333 0.083333 0.083333 0.083333 0.083333 0.083333 0.083333 0.083333
0.008522 0.008522 0.008522 0.008522 0.008522 0.008522 0.008522 0.008522 0.008522 0.906257 0.008522 0.008522
0.031244 0.031244 0.031244 0.031244 0.031244 0.031244 0.031244 0.034366 0.031244 0.557127 0.127307 0.031244
0.058949 0.058949 0.058949 0.058949 0.058949 0.058949 0.058949 0.058949 0.058949 0.351562 0.058949 0.058949
0.008522 0.008522 0.008522 0.008522 0.008522 0.008522 0.008522 0.008522 0.008522 0.906257 0.008522 0.008522
0.015858 0.015858 0.015858 0.015858 0.015858 0.015858 0.015858 0.015858 0.015858 0.825561 0.015858 0.015858
0.049878 0.049878 0.049878 0.049878 0.049929 0.049957 0.049878 0.109304 0.094711 0.327224 0.069610 0.049878
0.011421 0.011421 0.011421 0.013437 0.011421 0.011421 0.011432 0.011421 0.011472 0.870240 0.013474 0.011421
0.056666 0.056666 0.056810 0.057378 0.056827 0.056735 0.057225 0.061506 0.057216 0.350081 0.076226 0.056666
0.038063 0.038063 0.038063 0.038063 0.038063 0.038063 0.038063 0.038063 0.038063 0.431737 0.187632 0.038063
