0.073589 0.073589 0.091836 0.076672 0.077690 0.091767 0.074842 0.076731 0.085981 0.074852 0.105588 0.096865
0.054977 0.054977 0.073028 0.066324 0.072067 0.057885 0.060072 0.065983 0.057612 0.055882 0.239064 0.142129
0.083166 0.083166 0.083168 0.083166 0.083166 0.083166 0.083166 0.083166 0.083166 0.083167 0.085168 0.083166
0.065899 0.065899 0.106738 0.068988 0.076685 0.072131 0.068933 0.069220 0.069329 0.069909 0.112899 0.153372
0.073363 0.073363 0.111120 0.078814 0.073990 0.103092 0.073480 0.077175 0.073819 0.073848 0.105322 0.082613
0.064424 0.064424 0.075661 0.069295 0.074847 0.066043 0.070603 0.068653 0.064770 0.073473 0.239559 0.068249
0.036738 0.036738 0.044140 0.039963 0.038041 0.037139 0.037286 0.038578 0.037387 0.047767 0.565237 0.040987
0.069442 0.069442 0.090305 0.082143 0.088447 0.075788 0.083344 0.082061 0.076063 0.091421 0.110317 0.081227
0.035347 0.035347 0.041420 0.035656 0.036233 0.038307 0.035791 0.035540 0.035972 0.048205 0.586800 0.035381
0.029915 0.029915 0.032154 0.029915 0.029921 0.031235 0.029916 0.029921 0.030794 0.030340 0.666059 0.029915
0.083166 0.083166 0.083201 0.083166 0.083167 0.083166 0.083166 0.083166 0.083166 0.083177 0.085123 0.083166
0.020704 0.020704 0.020705 0.020704 0.020704 0.020704 0.020704 0.020704 0.020704 0.020704 0.772254 0.020704
0.070032 0.070032 0.071183 0.070050 0.070156 0.070388 0.070346 0.070044 0.100146 0.073374 0.194218 0.070032
0.047889 0.047889 0.057877 0.050839 0.049807 0.048427 0.048579 0.052821 0.048194 0.053385 0.439339 0.054954
0.022212 0.022212 0.023156 0.022224 0.022311 0.022224 0.022232 0.022225 0.022227 0.022676 0.754078 0.022221
0.027501 0.027501 0.027614 0.027501 0.027502 0.027501 0.027501 0.027501 0.027501 0.027525 0.697351 0.027501
0.071452 0.071452 0.076783 0.071454 0.071845 0.138233 0.071942 0.071453 0.076276 0.085056 0.122602 0.071452
0.022565 0.022565 0.023300 0.023785 0.022764 0.022565 0.023847 0.022789 0.022566 0.023871 0.745684 0.023700
0.056666 0.056666 0.102941 0.058441 0.065276 0.062446 0.058894 0.058363 0.057697 0.066790 0.175067 0.180754
0.059997 0.059997 0.061445 0.061249 0.060013 0.081285 0.060353 0.059997 0.154070 0.082690 0.197462 0.061443
0.075253 0.075253 0.092385 0.075621 0.075769 0.098508 0.075453 0.075639 0.088738 0.075504 0.102586 0.089289
0.059504 0.059504 0.081249 0.073942 0.076602 0.062460 0.063937 0.073542 0.064128 0.059940 0.142439 0.182752
0.083333 0.083333 0.083333 0.083333 0.083333 0.083333 0.083333 0.083333 0.083333 0.083333 0.083333 0.083333
0.062760 0.062760 0.106127 0.066435 0.075045 0.068937 0.065967 0.066617 0.066533 0.067078 0.117706 0.174035
0.074114 0.074114 0.118797 0.076789 0.074212 0.120240 0.074133 0.077884 0.074597 0.074194 0.080476 0.080450
0.057000 0.057000 0.070202 0.061881 0.067688 0.057074 0.063209 0.061266 0.057430 0.066853 0.319560 0.060836
0.035875 0.035875 0.043749 0.037639 0.037226 0.036324 0.036488 0.038204 0.036587 0.053274 0.569612 0.039145
0.066203 0.066203 0.093588 0.080773 0.088637 0.071940 0.082205 0.080760 0.074852 0.092702 0.122433 0.079704
0.032938 0.032938 0.039678 0.033240 0.033873 0.033669 0.033366 0.033099 0.033496 0.045132 0.615592 0.032979
0.026027 0.026027 0.027209 0.026027 0.026033 0.027562 0.026027 0.026029 0.027043 0.026841 0.709148 0.026027
0.083333 0.083333 0.083333 0.083333 0.083333 0.083333 0.083333 0.083333 0.083333 0.083333 0.083333 0.083333
0.021475 0.021475 0.021476 0.021475 0.021475 0.021475 0.021475 0.021475 0.021475 0.021476 0.763769 0.021475
0.074224 0.074224 0.074977 0.074235 0.074299 0.075383 0.075314 0.074231 0.101182 0.085495 0.142212 0.074224
0.042804 0.042804 0.052552 0.046110 0.044760 0.043373 0.043522 0.045623 0.043265 0.048147 0.498926 0.048115
0.021885 0.021885 0.022554 0.021893 0.021949 0.021893 0.021898 0.021893 0.021895 0.022210 0.758155 0.021891
0.025705 0.025705 0.025805 0.025705 0.025706 0.025705 0.025705 0.025705 0.025705 0.025728 0.717118 0.025705
0.074778 0.074778 0.080663 0.074780 0.074857 0.132920 0.074854 0.074780 0.078022 0.078336 0.106454 0.074778
0.025694 0.025694 0.026522 0.026149 0.025918 0.025694 0.026296 0.025948 0.025694 0.027425 0.712726 0.026239
0.056816 0.056816 0.100656 0.058650 0.065128 0.058970 0.058793 0.058420 0.057865 0.062195 0.184338 0.181353
0.059102 0.059102 0.060974 0.059922 0.059117 0.080856 0.059528 0.059102 0.162733 0.087198 0.193264 0.059102
0.074457 0.074457 0.097219 0.074934 0.075306 0.099357 0.075051 0.075001 0.088333 0.075049 0.110409 0.080427
0.055913 0.055913 0.079773 0.071695 0.078421 0.060496 0.063147 0.071455 0.059697 0.056741 0.138607 0.208143
0.083333 0.083333 0.083333 0.083333 0.083333 0.083333 0.083333 0.083333 0.083333 0.083333 0.083333 0.083333
0.061555 0.061555 0.106051 0.065721 0.076304 0.066330 0.065737 0.066076 0.063962 0.066667 0.115496 0.184547
0.073855 0.073855 0.129954 0.074753 0.074100 0.117187 0.073902 0.075734 0.074428 0.074094 0.081642 0.076497
0.054589 0.054589 0.067959 0.060316 0.067042 0.054669 0.061881 0.059552 0.054993 0.065343 0.339994 0.059072
0.029387 0.029387 0.036191 0.030090 0.030532 0.029766 0.029899 0.030511 0.029998 0.042001 0.651560 0.030678
0.065532 0.065532 0.092743 0.081414 0.089725 0.071389 0.082976 0.081330 0.073991 0.093661 0.121474 0.080234
0.026499 0.026499 0.031749 0.026709 0.027190 0.027012 0.026812 0.026641 0.026913 0.036830 0.690613 0.026533
0.019023 0.019023 0.019508 0.019023 0.019028 0.019576 0.019024 0.019024 0.019391 0.019708 0.788648 0.019023
0.083333 0.083333 0.083333 0.083333 0.083333 0.083333 0.083333 0.083333 0.083333 0.083333 0.083333 0.083333
0.015550 0.015550 0.015550 0.015550 0.015550 0.015550 0.015550 0.015550 0.015550 0.015550 0.828952 0.015550
0.072873 0.072873 0.073963 0.072889 0.072984 0.074028 0.073951 0.072884 0.104202 0.084112 0.152366 0.072873
0.036679 0.036679 0.045793 0.040528 0.038521 0.037216 0.037358 0.040124 0.037102 0.041308 0.565441 0.043249
0.017454 0.017454 0.017963 0.017459 0.017499 0.017459 0.017463 0.017460 0.017461 0.017695 0.807175 0.017458
0.020416 0.020416 0.020513 0.020416 0.020416 0.020416 0.020416 0.020416 0.020416 0.020438 0.775307 0.020416
0.072762 0.072762 0.080811 0.072764 0.072894 0.144294 0.072907 0.072764 0.076719 0.077767 0.110794 0.072762
0.019169 0.019169 0.019766 0.019508 0.019336 0.019169 0.019618 0.019359 0.019169 0.020283 0.785879 0.019576
0.054342 0.054342 0.100536 0.056329 0.063771 0.057273 0.056629 0.056165 0.055350 0.060965 0.183599 0.200700
0.057378 0.057378 0.059568 0.058576 0.057393 0.078921 0.057743 0.057379 0.167488 0.080897 0.209900 0.057378
0.074374 0.074374 0.092600 0.076793 0.077681 0.096967 0.075565 0.076855 0.088480 0.075410 0.104694 0.086206
0.054872 0.054872 0.074070 0.070465 0.076354 0.057948 0.061234 0.069687 0.060253 0.056215 0.203393 0.160635
0.083333 0.083333 0.083333 0.083333 0.083333 0.083333 0.083333 0.083333 0.083333 0.083333 0.083333 0.083333
0.064628 0.064628 0.103318 0.068604 0.077301 0.070926 0.067905 0.068803 0.068870 0.068804 0.124181 0.152031
0.073723 0.073723 0.114461 0.075563 0.074420 0.106143 0.073854 0.077561 0.074204 0.074283 0.102947 0.079118
0.057855 0.057855 0.070108 0.062510 0.067983 0.057931 0.063769 0.061906 0.058224 0.066922 0.313428 0.061509
0.030131 0.030131 0.038178 0.031249 0.031471 0.030532 0.030686 0.032116 0.030747 0.046918 0.635316 0.032524
0.066371 0.066371 0.092768 0.081122 0.088970 0.072220 0.082550 0.081053 0.074621 0.092559 0.121379 0.080018
0.028557 0.028557 0.034196 0.028834 0.029390 0.030742 0.028956 0.028725 0.029095 0.040757 0.663597 0.028592
0.022219 0.022219 0.022919 0.022219 0.022223 0.023528 0.022220 0.022221 0.023086 0.022614 0.752313 0.022219
0.083333 0.083333 0.083333 0.083333 0.083333 0.083333 0.083333 0.083333 0.083333 0.083333 0.083333 0.083333
0.016173 0.016173 0.016174 0.016173 0.016173 0.016173 0.016173 0.016173 0.016173 0.016174 0.822091 0.016173
0.070378 0.070378 0.071486 0.070393 0.070484 0.070880 0.070835 0.070388 0.098265 0.075117 0.191019 0.070378
0.041407 0.041407 0.051016 0.046128 0.043103 0.041873 0.042002 0.045118 0.041689 0.046986 0.510024 0.049247
0.015836 0.015836 0.016544 0.015843 0.015900 0.015843 0.015848 0.015844 0.015845 0.016156 0.824665 0.015841
0.021948 0.021948 0.022040 0.021948 0.021949 0.021948 0.021949 0.021948 0.021948 0.021967 0.758456 0.021948
0.071268 0.071268 0.080899 0.071271 0.071668 0.138606 0.071759 0.071270 0.076774 0.086282 0.117666 0.071268
0.018253 0.018253 0.019015 0.018577 0.018469 0.018254 0.018726 0.018495 0.018254 0.019565 0.795455 0.018684
0.054941 0.054941 0.100165 0.056866 0.063695 0.061274 0.057166 0.056536 0.055987 0.065488 0.175364 0.197577
0.057715 0.057715 0.060113 0.059123 0.057730 0.079954 0.058107 0.057716 0.155266 0.083231 0.215615 0.057715
0.074159 0.074159 0.094290 0.075942 0.076764 0.091120 0.075346 0.076031 0.084357 0.075204 0.106516 0.096112
0.055570 0.055570 0.073877 0.067954 0.072326 0.058684 0.060677 0.067638 0.059054 0.056306 0.219683 0.152661
0.083333 0.083333 0.083333 0.083333 0.083333 0.083333 0.083333 0.083333 0.083333 0.083333 0.083333 0.083333
0.064452 0.064452 0.106845 0.067986 0.076833 0.070926 0.067989 0.068286 0.067979 0.068892 0.113307 0.162052
0.074283 0.074283 0.118856 0.078838 0.074741 0.104481 0.074370 0.078111 0.074776 0.074685 0.089951 0.082626
0.062957 0.062957 0.074287 0.067945 0.073631 0.063028 0.069285 0.067275 0.063284 0.072074 0.256411 0.066868
0.031965 0.031965 0.038933 0.034769 0.033115 0.032313 0.032441 0.034438 0.032520 0.042342 0.618751 0.036449
0.069690 0.069690 0.090935 0.081861 0.088138 0.074468 0.083047 0.081808 0.076413 0.091251 0.111729 0.080971
0.031410 0.031410 0.038078 0.031840 0.032544 0.033445 0.032016 0.031643 0.032249 0.048591 0.625335 0.031439
0.024534 0.024534 0.026894 0.024534 0.024543 0.026739 0.024535 0.024540 0.025989 0.025717 0.722908 0.024534
0.083333 0.083333 0.083333 0.083333 0.083333 0.083333 0.083333 0.083333 0.083333 0.083333 0.083333 0.083333
0.015859 0.015859 0.015860 0.015859 0.015859 0.015859 0.015859 0.015859 0.015859 0.015859 0.825552 0.015859
0.064897 0.064897 0.066289 0.064919 0.065045 0.066232 0.066139 0.064912 0.107072 0.078149 0.226552 0.064897
0.048813 0.048813 0.061782 0.054194 0.051885 0.049740 0.049970 0.055667 0.049472 0.054790 0.415053 0.059821
0.016707 0.016707 0.017600 0.016720 0.016807 0.016720 0.016728 0.016721 0.016723 0.017151 0.814699 0.016717
0.024456 0.024456 0.024603 0.024456 0.024456 0.024456 0.024456 0.024456 0.024456 0.024491 0.730806 0.024456
0.070698 0.070698 0.079239 0.070701 0.070997 0.117134 0.071047 0.070700 0.077923 0.082990 0.147177 0.070698
0.019951 0.019951 0.020800 0.021215 0.020242 0.019952 0.021356 0.020282 0.019952 0.021082 0.774016 0.021200
0.056894 0.056894 0.107584 0.059244 0.066969 0.062538 0.059658 0.058930 0.058439 0.067142 0.183990 0.161719
0.061333 0.061333 0.063459 0.063046 0.061346 0.084095 0.061593 0.061334 0.158039 0.077146 0.185943 0.061333
0.074761 0.074761 0.091293 0.077550 0.078576 0.094620 0.076087 0.077595 0.087614 0.075955 0.102079 0.089109
0.054347 0.054347 0.073999 0.067707 0.076713 0.058093 0.061546 0.067244 0.057217 0.055724 0.238869 0.134194
0.083333 0.083333 0.083333 0.083333 0.083333 0.083333 0.083333 0.083333 0.083333 0.083333 0.083333 0.083333
0.066678 0.066678 0.108470 0.070303 0.079563 0.073432 0.070444 0.070644 0.070229 0.071302 0.113732 0.138526
0.073841 0.073841 0.107815 0.077485 0.074503 0.106194 0.073962 0.077681 0.074257 0.074361 0.104883 0.081175
0.061707 0.061707 0.073759 0.065702 0.070470 0.061781 0.066782 0.065205 0.062071 0.070152 0.275812 0.064852
0.025431 0.025431 0.031826 0.026679 0.026457 0.025736 0.025848 0.026731 0.025917 0.035117 0.697385 0.027442
0.068133 0.068133 0.092772 0.080951 0.087941 0.073508 0.082237 0.080946 0.075871 0.091780 0.117719 0.080007
0.029087 0.029087 0.034450 0.029335 0.029848 0.031225 0.029452 0.029256 0.030309 0.041548 0.657283 0.029120
0.022361 0.022361 0.023113 0.022361 0.022366 0.023012 0.022362 0.022363 0.022794 0.022874 0.751672 0.022361
0.083333 0.083333 0.083333 0.083333 0.083333 0.083333 0.083333 0.083333 0.083333 0.083333 0.083333 0.083333
0.017145 0.017145 0.017146 0.017145 0.017145 0.017145 0.017145 0.017145 0.017145 0.017145 0.811406 0.017145
0.072237 0.072237 0.073508 0.072255 0.072364 0.072761 0.072710 0.072249 0.100869 0.077176 0.169399 0.072237
0.040751 0.040751 0.050000 0.045414 0.042468 0.041230 0.041371 0.044976 0.041085 0.045942 0.516968 0.049044
0.018548 0.018548 0.019161 0.018554 0.018599 0.018554 0.018558 0.018554 0.018556 0.018815 0.794999 0.018553
0.023159 0.023159 0.023256 0.023159 0.023160 0.023159 0.023159 0.023159 0.023159 0.023179 0.745131 0.023159
0.072994 0.072994 0.082495 0.072995 0.073334 0.135177 0.073783 0.072995 0.078011 0.084926 0.107301 0.072994
0.019261 0.019261 0.019821 0.019431 0.019377 0.019261 0.019509 0.019388 0.019262 0.020256 0.785685 0.019487
0.055293 0.055293 0.102894 0.057090 0.064763 0.060788 0.057545 0.057052 0.057314 0.065142 0.172349 0.194476
0.057064 0.057064 0.059441 0.058455 0.057080 0.080754 0.057403 0.057064 0.181669 0.078659 0.198285 0.057064
0.076287 0.076287 0.090618 0.077728 0.077270 0.098387 0.077178 0.077080 0.089681 0.076523 0.099724 0.083237
0.057901 0.057901 0.081063 0.073895 0.078982 0.061518 0.063966 0.073401 0.062693 0.058776 0.168614 0.161289
0.083166 0.083166 0.083169 0.083166 0.083166 0.083166 0.083166 0.083166 0.083166 0.083168 0.085165 0.083166
0.063340 0.063340 0.108225 0.067485 0.077466 0.066960 0.067140 0.067744 0.065380 0.068208 0.124227 0.160486
0.075750 0.075750 0.111615 0.076802 0.076906 0.117018 0.076043 0.076799 0.076161 0.076039 0.083485 0.077631
0.054409 0.054409 0.068491 0.058624 0.063737 0.054617 0.059771 0.058098 0.054919 0.063401 0.351801 0.057722
0.035854 0.035854 0.044260 0.036738 0.037323 0.036349 0.036525 0.036778 0.036649 0.054214 0.572410 0.037046
0.065409 0.065409 0.095120 0.079880 0.088077 0.072042 0.081348 0.079880 0.074693 0.092534 0.126819 0.078790
0.029591 0.029591 0.035501 0.029813 0.030346 0.030665 0.029918 0.029736 0.030025 0.040400 0.654785 0.029631
0.022961 0.022961 0.023465 0.022961 0.022966 0.023628 0.022962 0.022962 0.023405 0.023463 0.745306 0.022961
0.083166 0.083166 0.083188 0.083166 0.083166 0.083166 0.083166 0.083166 0.083166 0.083167 0.085147 0.083166
0.020326 0.020326 0.020327 0.020326 0.020326 0.020326 0.020326 0.020326 0.020326 0.020327 0.776411 0.020326
0.075207 0.075207 0.076167 0.075225 0.075464 0.075901 0.075859 0.075220 0.102534 0.082125 0.135882 0.075209
0.041057 0.041057 0.050349 0.044677 0.042790 0.041544 0.041686 0.044223 0.041429 0.046536 0.517485 0.047166
0.021641 0.021641 0.022126 0.021645 0.021678 0.021645 0.021647 0.021645 0.021646 0.021852 0.761192 0.021644
0.023569 0.023569 0.023663 0.023569 0.023570 0.023569 0.023569 0.023569 0.023569 0.023589 0.740623 0.023569
0.075100 0.075100 0.082226 0.075107 0.075602 0.129890 0.075339 0.075105 0.077652 0.081017 0.102762 0.075102
0.022611 0.022611 0.023253 0.022810 0.022743 0.022611 0.022901 0.022760 0.022611 0.024258 0.747957 0.022876
0.055829 0.055829 0.101226 0.057605 0.064629 0.059207 0.057855 0.057523 0.056630 0.062827 0.192397 0.178443
0.059179 0.059179 0.061257 0.060207 0.059194 0.082177 0.059656 0.059180 0.163968 0.091355 0.184044 0.060605
0.074976 0.074976 0.091001 0.076596 0.076861 0.095274 0.075175 0.076557 0.088397 0.075220 0.104686 0.090280
0.055379 0.055379 0.074822 0.069527 0.075290 0.058483 0.061263 0.068949 0.059682 0.056500 0.209346 0.155381
0.082997 0.082997 0.083301 0.082997 0.083003 0.082997 0.082997 0.082997 0.082997 0.083007 0.086710 0.082997
0.065081 0.065081 0.105453 0.068813 0.077274 0.070338 0.068277 0.069009 0.071784 0.069257 0.120593 0.149041
0.074603 0.074603 0.112648 0.077317 0.074794 0.107337 0.074637 0.077456 0.075052 0.074683 0.096797 0.080073
0.061807 0.061807 0.073540 0.066275 0.071485 0.061878 0.067478 0.065701 0.062169 0.070556 0.271983 0.065319
0.029370 0.029370 0.036365 0.030823 0.030539 0.029703 0.029854 0.030881 0.029898 0.042077 0.649418 0.031702
0.068295 0.068295 0.092230 0.081222 0.088112 0.073589 0.082471 0.081185 0.075849 0.091512 0.116972 0.080268
0.029158 0.029158 0.034772 0.029432 0.029964 0.031599 0.029556 0.029336 0.029724 0.042985 0.655128 0.029189
0.021386 0.021386 0.022366 0.021386 0.021391 0.022009 0.021386 0.021388 0.021802 0.021898 0.762217 0.021386
0.083167 0.083167 0.083235 0.083167 0.083170 0.083167 0.083167 0.083167 0.083167 0.083198 0.085063 0.083167
0.015337 0.015337 0.015377 0.015341 0.015348 0.015341 0.015342 0.015341 0.015343 0.015377 0.831177 0.015340
0.066088 0.066088 0.067688 0.066112 0.066255 0.066877 0.066805 0.066104 0.114363 0.073659 0.213874 0.066088
0.045158 0.045158 0.057606 0.051304 0.048008 0.046003 0.046243 0.052103 0.045739 0.051637 0.453767 0.057274
0.015762 0.015762 0.016392 0.015770 0.015825 0.015769 0.015774 0.015770 0.015771 0.016059 0.825577 0.015767
0.020814 0.020814 0.020936 0.020814 0.020815 0.020814 0.020814 0.020814 0.020814 0.020841 0.770894 0.020814
0.070879 0.070879 0.081676 0.070881 0.071323 0.128821 0.071435 0.070881 0.075772 0.084692 0.131882 0.070879
0.018683 0.018683 0.019472 0.019637 0.019007 0.018683 0.019633 0.018930 0.018683 0.019825 0.789126 0.019639
0.054626 0.054626 0.103721 0.056843 0.064586 0.061982 0.057285 0.056645 0.058582 0.066802 0.184968 0.179333
0.059199 0.059199 0.062064 0.061377 0.059504 0.084423 0.059730 0.059326 0.146195 0.083566 0.206136 0.059281
0.073639 0.073639 0.093078 0.075090 0.075665 0.097025 0.074424 0.075139 0.087614 0.074385 0.107460 0.092841
0.055142 0.055142 0.075788 0.068690 0.073364 0.058409 0.060431 0.068337 0.059351 0.056315 0.199602 0.169429
0.083333 0.083333 0.083333 0.083333 0.083333 0.083333 0.083333 0.083333 0.083333 0.083333 0.083333 0.083333
0.063319 0.063319 0.108637 0.066976 0.076094 0.069767 0.066889 0.067256 0.066873 0.067902 0.115646 0.167322
0.073362 0.073362 0.117002 0.077859 0.073764 0.113483 0.073437 0.077139 0.073853 0.073680 0.091458 0.081601
0.058439 0.058439 0.071314 0.063402 0.069247 0.058514 0.064749 0.062764 0.058842 0.068229 0.303725 0.062336
0.031239 0.031239 0.038348 0.033599 0.032438 0.031624 0.031763 0.033266 0.031858 0.044195 0.625562 0.034871
0.066980 0.066980 0.092585 0.081329 0.088865 0.072433 0.082728 0.081284 0.075056 0.092633 0.118849 0.080278
0.029824 0.029824 0.036128 0.030123 0.030715 0.031041 0.030250 0.029991 0.030395 0.042147 0.649701 0.029860
0.023449 0.023449 0.025057 0.023449 0.023455 0.024835 0.023450 0.023453 0.024368 0.024208 0.737379 0.023449
0.083333 0.083333 0.083333 0.083333 0.083333 0.083333 0.083333 0.083333 0.083333 0.083333 0.083333 0.083333
0.018509 0.018509 0.018510 0.018509 0.018509 0.018509 0.018509 0.018509 0.018509 0.018510 0.796397 0.018509
0.074018 0.074018 0.074899 0.074032 0.074112 0.074860 0.074802 0.074027 0.100909 0.082068 0.148237 0.074018
0.039666 0.039666 0.048808 0.042161 0.041377 0.040149 0.040283 0.042743 0.040031 0.044764 0.535828 0.044524
0.019337 0.019337 0.020004 0.019345 0.019403 0.019345 0.019350 0.019345 0.019347 0.019659 0.786184 0.019343
0.023158 0.023158 0.023252 0.023158 0.023159 0.023158 0.023158 0.023158 0.023158 0.023179 0.745146 0.023158
0.073863 0.073863 0.078867 0.073865 0.074050 0.133985 0.074082 0.073864 0.077472 0.080525 0.111701 0.073863
0.022097 0.022097 0.022725 0.022687 0.022227 0.022098 0.022744 0.022243 0.022098 0.023574 0.752738 0.022672
0.055456 0.055456 0.101902 0.057188 0.064215 0.058865 0.057500 0.057164 0.056309 0.062618 0.187511 0.185815
0.058041 0.058041 0.059957 0.059049 0.058058 0.079975 0.058484 0.058041 0.165907 0.087629 0.198777 0.058041
0.075137 0.075137 0.092577 0.076856 0.077335 0.097116 0.075664 0.076841 0.089122 0.075705 0.104180 0.084331
0.055254 0.055254 0.073500 0.069946 0.076223 0.058351 0.061660 0.069233 0.060108 0.056620 0.200334 0.163520
0.083333 0.083333 0.083333 0.083333 0.083333 0.083333 0.083333 0.083333 0.083333 0.083333 0.083333 0.083333
0.064257 0.064257 0.100251 0.068098 0.076569 0.069466 0.067483 0.068302 0.067747 0.068321 0.119198 0.166050
0.074649 0.074649 0.113845 0.075573 0.074938 0.112658 0.074700 0.077513 0.075099 0.074850 0.093306 0.078221
0.060336 0.060336 0.072416 0.064971 0.070412 0.060408 0.066224 0.064382 0.060730 0.069457 0.286349 0.063980
0.025265 0.025265 0.031526 0.026157 0.026226 0.025549 0.025656 0.026535 0.025703 0.036698 0.698487 0.026935
0.068306 0.068306 0.092072 0.081354 0.088200 0.073437 0.082610 0.081333 0.075983 0.091500 0.116492 0.080406
0.025826 0.025826 0.031145 0.026137 0.026683 0.028114 0.026268 0.026006 0.027085 0.040229 0.690829 0.025852
0.018790 0.018790 0.019496 0.018790 0.018796 0.019897 0.018791 0.018792 0.019523 0.019420 0.790125 0.018790
0.083333 0.083333 0.083333 0.083333 0.083333 0.083333 0.083333 0.083333 0.083333 0.083333 0.083333 0.083333
0.012458 0.012458 0.012458 0.012458 0.012458 0.012458 0.012458 0.012458 0.012458 0.012458 0.862963 0.012458
0.062829 0.062829 0.064456 0.062852 0.062988 0.063716 0.063641 0.062844 0.114026 0.071417 0.245575 0.062829
0.046644 0.046644 0.059867 0.055697 0.049793 0.047588 0.047847 0.053909 0.047274 0.053172 0.429458 0.062108
0.013813 0.013813 0.014459 0.013820 0.013873 0.013820 0.013825 0.013821 0.013822 0.014102 0.847014 0.013818
0.020071 0.020071 0.020200 0.020071 0.020072 0.020071 0.020071 0.020071 0.020071 0.020099 0.779062 0.020071
0.069354 0.069354 0.084730 0.069357 0.069853 0.129824 0.070311 0.069356 0.075840 0.086534 0.136136 0.069354
0.015355 0.015355 0.015997 0.015627 0.015577 0.015355 0.015790 0.015609 0.015355 0.016305 0.827920 0.015754
0.054118 0.054118 0.098144 0.056376 0.063623 0.062122 0.056748 0.055955 0.056657 0.066689 0.160690 0.214759
0.058044 0.058044 0.061272 0.060076 0.058060 0.081359 0.058364 0.058044 0.135442 0.078219 0.235033 0.058044
0.074217 0.074217 0.090133 0.076563 0.077112 0.097570 0.074809 0.076546 0.089619 0.074764 0.102130 0.092320
0.053765 0.053765 0.070251 0.066851 0.073676 0.056265 0.059600 0.066074 0.057944 0.055206 0.237458 0.149145
0.083333 0.083333 0.083333 0.083333 0.083333 0.083333 0.083333 0.083333 0.083333 0.083333 0.083333 0.083333
0.066216 0.066216 0.100754 0.069569 0.076898 0.074374 0.068958 0.069710 0.071506 0.069863 0.115035 0.150899
0.074340 0.074340 0.108636 0.076163 0.074712 0.109486 0.074409 0.080124 0.074760 0.074582 0.096843 0.081605
0.061549 0.061549 0.073489 0.066038 0.071306 0.061618 0.067249 0.065474 0.061946 0.070479 0.274222 0.065081
0.030694 0.030694 0.037453 0.031383 0.031794 0.031041 0.031170 0.033505 0.031240 0.044951 0.632643 0.033431
0.068315 0.068315 0.091784 0.081527 0.088375 0.073436 0.082774 0.081479 0.075850 0.091500 0.116081 0.080563
0.029546 0.029546 0.035901 0.029936 0.030608 0.031974 0.030079 0.029729 0.030285 0.043894 0.648922 0.029579
0.021946 0.021946 0.022710 0.021946 0.021952 0.023912 0.021947 0.021948 0.023241 0.022467 0.754039 0.021946
0.083333 0.083333 0.083333 0.083333 0.083333 0.083333 0.083333 0.083333 0.083333 0.083333 0.083333 0.083333
0.015859 0.015859 0.015860 0.015859 0.015859 0.015859 0.015859 0.015859 0.015859 0.015860 0.825548 0.015859
0.069491 0.069491 0.070467 0.069504 0.069579 0.070131 0.070083 0.069500 0.111919 0.075562 0.184780 0.069491
0.043690 0.043690 0.054928 0.049500 0.046096 0.044392 0.044593 0.047271 0.044158 0.049814 0.479681 0.052186
0.017040 0.017040 0.017735 0.017048 0.017105 0.017048 0.017053 0.017049 0.017050 0.017359 0.811426 0.017046
0.022364 0.022364 0.022474 0.022364 0.022364 0.022364 0.022364 0.022364 0.022364 0.022387 0.753864 0.022364
0.072248 0.072248 0.083372 0.072252 0.072668 0.125403 0.072748 0.072251 0.075243 0.084756 0.124563 0.072248
0.018735 0.018735 0.019587 0.019067 0.019056 0.018735 0.019311 0.019108 0.018736 0.020263 0.789402 0.019266
0.055269 0.055269 0.102461 0.057691 0.065312 0.062181 0.058067 0.057126 0.056672 0.066671 0.186330 0.176951
0.059032 0.059032 0.061659 0.060057 0.059045 0.078980 0.059483 0.059033 0.150647 0.089059 0.204941 0.059032
0.074191 0.074191 0.096717 0.075059 0.075454 0.097333 0.074712 0.075082 0.087750 0.074782 0.110286 0.084443
0.056434 0.056434 0.079049 0.072554 0.077332 0.060142 0.062575 0.072082 0.061391 0.057241 0.143973 0.200793
0.083333 0.083333 0.083333 0.083333 0.083333 0.083333 0.083333 0.083333 0.083333 0.083333 0.083333 0.083333
0.060468 0.060468 0.102884 0.064537 0.074260 0.066827 0.064192 0.064803 0.064261 0.065155 0.117490 0.194655
0.072861 0.072861 0.131329 0.073749 0.073083 0.118428 0.072901 0.076585 0.073452 0.073058 0.084474 0.077218
0.054933 0.054933 0.068123 0.060694 0.067436 0.055011 0.062266 0.059925 0.055338 0.065625 0.336271 0.059443
0.031877 0.031877 0.039526 0.032653 0.033186 0.032303 0.032455 0.034416 0.032556 0.046812 0.617942 0.034397
0.064208 0.064208 0.093671 0.081024 0.089957 0.070371 0.082690 0.080956 0.073362 0.094285 0.125496 0.079773
0.027907 0.027907 0.033424 0.028134 0.028654 0.028491 0.028227 0.028023 0.028993 0.037117 0.675178 0.027945
0.021612 0.021612 0.021847 0.021612 0.021616 0.022882 0.021612 0.021612 0.022452 0.022157 0.759376 0.021612
0.083333 0.083333 0.083333 0.083333 0.083333 0.083333 0.083333 0.083333 0.083333 0.083333 0.083333 0.083333
0.017817 0.017817 0.017818 0.017817 0.017817 0.017817 0.017817 0.017817 0.017817 0.017818 0.804009 0.017817
0.076656 0.076656 0.077152 0.076662 0.076695 0.077502 0.077455 0.076660 0.094990 0.084729 0.128187 0.076656
0.033373 0.033373 0.040889 0.036707 0.034636 0.033722 0.033819 0.034597 0.033661 0.037749 0.610039 0.037434
0.016190 0.016190 0.016710 0.016194 0.016229 0.016194 0.016197 0.016195 0.016196 0.016421 0.821090 0.016193
0.019287 0.019287 0.019358 0.019287 0.019287 0.019287 0.019287 0.019287 0.019287 0.019302 0.787761 0.019287
0.072880 0.072880 0.081063 0.072883 0.073025 0.148304 0.073385 0.072882 0.075880 0.078423 0.105514 0.072880
0.017938 0.017938 0.018741 0.017938 0.018195 0.017938 0.018152 0.018235 0.017938 0.019458 0.799382 0.018147
0.051952 0.051952 0.092329 0.054053 0.060848 0.054919 0.054234 0.053577 0.054446 0.058172 0.181559 0.231956
0.054305 0.054305 0.056800 0.054869 0.054324 0.071184 0.054743 0.054306 0.156723 0.083925 0.250210 0.054305
0.074764 0.074764 0.093798 0.075866 0.076298 0.098294 0.075361 0.075905 0.088688 0.075337 0.105600 0.085324
0.056229 0.056229 0.076267 0.071640 0.077151 0.059741 0.062662 0.071068 0.061168 0.057317 0.170442 0.180088
0.083333 0.083333 0.083333 0.083333 0.083333 0.083333 0.083333 0.083333 0.083333 0.083333 0.083333 0.083333
0.063870 0.063870 0.102289 0.067770 0.076674 0.070205 0.067273 0.067995 0.067877 0.068173 0.118800 0.165205
0.074428 0.074428 0.120621 0.075348 0.074738 0.109805 0.074487 0.078246 0.074938 0.074670 0.089404 0.078887
0.058859 0.058859 0.070993 0.064045 0.070052 0.058933 0.065447 0.063357 0.059230 0.068481 0.298820 0.062925
0.030229 0.030229 0.037456 0.031317 0.031402 0.030596 0.030731 0.031771 0.030801 0.045365 0.637855 0.032248
0.067435 0.067435 0.091762 0.081614 0.088972 0.072936 0.082971 0.081523 0.075061 0.092180 0.117556 0.080557
0.030219 0.030219 0.036178 0.030507 0.031083 0.031952 0.030636 0.030397 0.030790 0.043559 0.644210 0.030253
0.022844 0.022844 0.023638 0.022844 0.022850 0.023847 0.022844 0.022846 0.023510 0.023474 0.745616 0.022844
0.083333 0.083333 0.083333 0.083333 0.083333 0.083333 0.083333 0.083333 0.083333 0.083333 0.083333 0.083333
0.017817 0.017817 0.017818 0.017817 0.017817 0.017817 0.017817 0.017817 0.017817 0.017818 0.804009 0.017817
0.069710 0.069710 0.071242 0.069733 0.069868 0.070686 0.070607 0.069725 0.107083 0.079146 0.182781 0.069710
0.044149 0.044149 0.055080 0.049396 0.046454 0.044823 0.045006 0.050136 0.044643 0.050006 0.471608 0.054552
0.018902 0.018902 0.019512 0.018908 0.018957 0.018908 0.018912 0.018909 0.018910 0.019179 0.791094 0.018907
0.023189 0.023189 0.023317 0.023189 0.023189 0.023189 0.023189 0.023189 0.023189 0.023217 0.744769 0.023189
0.071902 0.071902 0.082590 0.071904 0.072245 0.128055 0.072326 0.071904 0.077565 0.083915 0.123790 0.071902
0.019793 0.019793 0.020407 0.020321 0.019968 0.019794 0.020421 0.019989 0.019794 0.020814 0.778550 0.020356
0.056612 0.056612 0.104125 0.058611 0.065964 0.062427 0.058971 0.058459 0.057609 0.066762 0.172739 0.181110
0.060112 0.060112 0.062859 0.062003 0.060124 0.084275 0.060418 0.060112 0.147525 0.079123 0.203226 0.060112
0.073928 0.073928 0.092797 0.077273 0.078462 0.089690 0.075439 0.077320 0.084839 0.075277 0.105761 0.095286
0.050587 0.050587 0.065718 0.062692 0.071001 0.053261 0.056985 0.061963 0.054011 0.052218 0.296990 0.123987
0.083333 0.083333 0.083333 0.083333 0.083333 0.083333 0.083333 0.083333 0.083333 0.083333 0.083333 0.083333
0.066524 0.066524 0.102033 0.069923 0.078009 0.075039 0.069764 0.070186 0.071561 0.070529 0.111824 0.148084
0.073139 0.073139 0.111924 0.075859 0.073876 0.105269 0.073275 0.078879 0.073599 0.073734 0.106018 0.081287
0.061078 0.061078 0.073139 0.065749 0.071214 0.061151 0.067012 0.065150 0.061457 0.070250 0.277974 0.064748
0.022599 0.022599 0.028387 0.023401 0.023492 0.022855 0.022950 0.024674 0.022998 0.031371 0.729773 0.024899
0.068770 0.068770 0.091718 0.081541 0.088205 0.073756 0.082786 0.081515 0.076134 0.091541 0.114651 0.080614
0.024797 0.024797 0.030325 0.025184 0.025803 0.027163 0.025333 0.024991 0.026162 0.040469 0.700154 0.024821
0.018047 0.018047 0.018971 0.018047 0.018054 0.019948 0.018048 0.018049 0.019296 0.018833 0.796613 0.018047
0.083333 0.083333 0.083333 0.083333 0.083333 0.083333 0.083333 0.083333 0.083333 0.083333 0.083333 0.083333
0.011000 0.011000 0.011000 0.011000 0.011000 0.011000 0.011000 0.011000 0.011000 0.011000 0.878999 0.011000
0.061032 0.061032 0.062347 0.061050 0.061156 0.062147 0.062069 0.061044 0.110748 0.072002 0.264340 0.061032
0.044745 0.044745 0.057974 0.052862 0.047901 0.045696 0.045945 0.050522 0.045400 0.050979 0.455631 0.057601
0.011677 0.011677 0.012349 0.011685 0.011745 0.011685 0.011690 0.011686 0.011687 0.011993 0.870443 0.011683
0.018979 0.018979 0.019103 0.018979 0.018980 0.018979 0.018979 0.018979 0.018979 0.019008 0.791076 0.018979
0.069317 0.069317 0.083437 0.069321 0.069676 0.124708 0.070071 0.069320 0.076093 0.082907 0.146515 0.069317
0.014944 0.014944 0.015732 0.015342 0.015245 0.014944 0.015564 0.015291 0.014944 0.015995 0.831544 0.015511
0.053875 0.053875 0.101198 0.056489 0.064158 0.060171 0.056797 0.055826 0.056868 0.064560 0.181561 0.194621
0.058135 0.058135 0.061081 0.059758 0.058149 0.079803 0.058456 0.058135 0.146274 0.078305 0.225633 0.058135
0.075189 0.075189 0.091484 0.076623 0.077306 0.096376 0.076191 0.076700 0.087601 0.076070 0.100936 0.090336
0.054681 0.054681 0.072718 0.067006 0.076312 0.057746 0.061286 0.066406 0.057300 0.056144 0.232981 0.142740
0.083333 0.083333 0.083333 0.083333 0.083333 0.083333 0.083333 0.083333 0.083333 0.083333 0.083333 0.083333
0.066941 0.066941 0.104432 0.070249 0.078633 0.075599 0.070302 0.070519 0.071722 0.071189 0.108143 0.145328
0.074693 0.074693 0.112728 0.076535 0.075253 0.104961 0.074799 0.080522 0.075134 0.075179 0.093503 0.082000
0.065019 0.065019 0.076045 0.069420 0.074478 0.065086 0.070600 0.068847 0.065350 0.073486 0.238173 0.068477
0.029280 0.029280 0.035758 0.030300 0.030333 0.029592 0.029710 0.031948 0.029778 0.038784 0.652994 0.032244
0.069688 0.069688 0.090937 0.081858 0.088123 0.074460 0.083032 0.081802 0.076413 0.091178 0.111853 0.080969
0.031693 0.031693 0.037612 0.032070 0.032729 0.033367 0.032229 0.031904 0.032427 0.046997 0.625553 0.031725
0.024153 0.024153 0.024805 0.024154 0.024161 0.025943 0.024154 0.024155 0.025334 0.025158 0.729675 0.024154
0.083333 0.083333 0.083333 0.083333 0.083333 0.083333 0.083333 0.083333 0.083333 0.083333 0.083333 0.083333
0.016816 0.016816 0.016817 0.016816 0.016816 0.016816 0.016816 0.016816 0.016816 0.016816 0.815024 0.016816
0.069680 0.069680 0.070842 0.069695 0.069786 0.070784 0.070711 0.069690 0.104495 0.080433 0.184527 0.069680
0.044727 0.044727 0.055382 0.051902 0.047067 0.045421 0.045599 0.048974 0.045231 0.049843 0.465794 0.055332
0.020316 0.020316 0.020945 0.020321 0.020366 0.020321 0.020325 0.020322 0.020323 0.020592 0.775533 0.020320
0.022774 0.022774 0.022894 0.022774 0.022775 0.022774 0.022774 0.022774 0.022774 0.022801 0.749337 0.022774
0.071818 0.071818 0.084571 0.071821 0.072061 0.135325 0.072102 0.071820 0.077219 0.081245 0.118381 0.071818
0.020503 0.020503 0.021252 0.020503 0.020741 0.020503 0.020699 0.020774 0.020503 0.021650 0.771676 0.020694
0.056215 0.056215 0.100456 0.058222 0.064980 0.060541 0.058411 0.057815 0.057258 0.064202 0.168177 0.197510
0.058247 0.058247 0.061052 0.059462 0.058262 0.080084 0.058592 0.058247 0.158302 0.080278 0.210980 0.058247
0.075191 0.075191 0.092316 0.076980 0.077796 0.096379 0.076323 0.077042 0.087864 0.076239 0.102185 0.086494
0.058063 0.058063 0.081330 0.074610 0.081842 0.062254 0.065423 0.074111 0.062575 0.059170 0.156192 0.166367
0.083333 0.083333 0.083333 0.083333 0.083333 0.083333 0.083333 0.083333 0.083333 0.083333 0.083333 0.083333
0.064016 0.064016 0.105859 0.068204 0.078080 0.070625 0.067792 0.068463 0.068027 0.068772 0.121491 0.154654
0.074992 0.074992 0.110404 0.075037 0.075402 0.115849 0.075067 0.078849 0.075397 0.075357 0.090116 0.078538
0.055968 0.055968 0.069187 0.060104 0.065146 0.056046 0.061231 0.059600 0.056380 0.064979 0.336165 0.059224
0.035486 0.035486 0.044320 0.035909 0.037001 0.035969 0.036146 0.037831 0.036248 0.053537 0.574614 0.037452
0.065554 0.065554 0.094865 0.079996 0.088157 0.071673 0.081465 0.080030 0.074718 0.092774 0.126287 0.078927
0.031277 0.031277 0.037340 0.031540 0.032127 0.032491 0.031649 0.031417 0.032520 0.042286 0.634760 0.031318
0.023957 0.023957 0.024199 0.023957 0.023961 0.025366 0.023958 0.023957 0.024888 0.024458 0.733383 0.023957
0.083333 0.083333 0.083333 0.083333 0.083333 0.083333 0.083333 0.083333 0.083333 0.083333 0.083333 0.083333
0.019585 0.019585 0.019586 0.019585 0.019585 0.019585 0.019585 0.019585 0.019585 0.019585 0.784568 0.019585
0.076435 0.076435 0.077091 0.076444 0.076493 0.077121 0.077078 0.076441 0.090319 0.082932 0.136775 0.076435
0.036695 0.036695 0.044394 0.039773 0.037820 0.036986 0.037069 0.038403 0.036939 0.041621 0.572547 0.041058
0.019148 0.019148 0.019700 0.019153 0.019188 0.019153 0.019155 0.019153 0.019154 0.019378 0.788518 0.019151
0.023544 0.023544 0.023610 0.023544 0.023545 0.023544 0.023544 0.023544 0.023544 0.023558 0.740933 0.023544
0.075865 0.075865 0.081859 0.075867 0.076001 0.127598 0.076389 0.075866 0.078985 0.081535 0.098305 0.075865
0.020655 0.020655 0.021420 0.020655 0.020836 0.020655 0.020803 0.020860 0.020656 0.022257 0.769747 0.020799
0.054785 0.054785 0.099994 0.056664 0.063904 0.057578 0.056914 0.056432 0.057038 0.061108 0.192746 0.188052
0.056373 0.056373 0.058491 0.056958 0.056391 0.076664 0.056827 0.056373 0.185250 0.087090 0.196836 0.056373
