0.034458 0.034458 0.036727 0.611525 0.037416 0.034600 0.034806 0.035760 0.034938 0.035075 0.035780 0.034458
0.037432 0.037432 0.042762 0.037432 0.037469 0.048901 0.050010 0.040815 0.051747 0.101328 0.477241 0.037432
0.081750 0.081750 0.081750 0.098058 0.081750 0.081750 0.081750 0.084442 0.081750 0.081750 0.081750 0.081750
0.075309 0.075309 0.107548 0.083142 0.107434 0.077574 0.076470 0.082125 0.076329 0.081036 0.082415 0.075309
0.074339 0.074339 0.081272 0.077993 0.085273 0.096075 0.101824 0.102083 0.078090 0.074339 0.080036 0.074339
0.081347 0.081347 0.083030 0.081347 0.081347 0.084407 0.084471 0.082670 0.084646 0.086298 0.087742 0.081347
0.027005 0.027005 0.040769 0.027016 0.029308 0.041955 0.032490 0.035907 0.033250 0.057283 0.621009 0.027005
0.081187 0.081187 0.083018 0.081187 0.081187 0.085558 0.085580 0.083102 0.085656 0.086144 0.085004 0.081187
0.010473 0.010473 0.018238 0.010758 0.012142 0.010607 0.010853 0.010971 0.010935 0.019074 0.865005 0.010473
0.020523 0.020523 0.021675 0.765568 0.021021 0.021026 0.021085 0.020967 0.021142 0.022078 0.023868 0.020523
0.075182 0.075182 0.075182 0.172993 0.075182 0.075182 0.075182 0.075182 0.075182 0.075182 0.075182 0.075182
0.002845 0.002845 0.002846 0.002845 0.002845 0.002845 0.002845 0.002845 0.002845 0.002852 0.968700 0.002845
0.015784 0.015784 0.028868 0.018734 0.022394 0.016198 0.016398 0.017418 0.016447 0.028606 0.787585 0.015784
0.062913 0.062913 0.065581 0.063015 0.063223 0.221914 0.079016 0.080804 0.079055 0.066525 0.092126 0.062913
0.061185 0.061185 0.061886 0.061185 0.061185 0.263227 0.089895 0.082732 0.064115 0.063536 0.068687 0.061185
0.010601 0.010601 0.011758 0.010613 0.010649 0.010636 0.010656 0.010627 0.010679 0.013485 0.879093 0.010601
0.041247 0.041247 0.154152 0.062224 0.142765 0.042151 0.044652 0.068983 0.041894 0.054339 0.265099 0.041247
0.008359 0.008359 0.008929 0.008359 0.008364 0.010917 0.010723 0.010371 0.008684 0.009501 0.899076 0.008359
0.071988 0.071988 0.085755 0.077120 0.082534 0.073699 0.077213 0.140016 0.077531 0.083615 0.086553 0.071988
0.004736 0.004736 0.005395 0.004751 0.004798 0.004768 0.004779 0.004764 0.004791 0.006157 0.945588 0.004736
0.035861 0.035861 0.040785 0.588165 0.039372 0.037064 0.036530 0.037499 0.036821 0.037076 0.039106 0.035861
0.041040 0.041040 0.046316 0.041040 0.041074 0.053123 0.054696 0.045124 0.056211 0.109220 0.430078 0.041040
0.079783 0.079783 0.079783 0.116036 0.079783 0.081706 0.079783 0.084209 0.079783 0.079783 0.079783 0.079783
0.076621 0.076621 0.100905 0.083281 0.100928 0.078575 0.078288 0.083110 0.078082 0.082301 0.084667 0.076621
0.074800 0.074800 0.085275 0.082019 0.089554 0.094777 0.093144 0.098186 0.077042 0.074800 0.080805 0.074800
0.079868 0.079868 0.081772 0.080893 0.079868 0.085540 0.085638 0.082927 0.085933 0.089171 0.088655 0.079868
0.026625 0.026625 0.040187 0.026642 0.028803 0.040178 0.030699 0.034146 0.031370 0.055320 0.632780 0.026625
0.080690 0.080690 0.082239 0.080690 0.080690 0.086294 0.086321 0.083046 0.086393 0.087067 0.085188 0.080690
0.010610 0.010610 0.018184 0.010999 0.011967 0.010764 0.010968 0.011109 0.011049 0.018963 0.864167 0.010610
0.019112 0.019112 0.019860 0.784142 0.019439 0.019442 0.019481 0.019403 0.019518 0.020127 0.021252 0.019112
0.073999 0.073999 0.073999 0.185174 0.073999 0.073999 0.073999 0.074841 0.073999 0.073999 0.073999 0.073999
0.002805 0.002805 0.002813 0.002806 0.002806 0.002806 0.002806 0.002806 0.002806 0.002821 0.969116 0.002805
0.015269 0.015269 0.028424 0.017510 0.020585 0.015719 0.015919 0.016713 0.015970 0.029020 0.794334 0.015269
0.062224 0.062224 0.063196 0.062263 0.062336 0.246638 0.081783 0.079781 0.081762 0.063499 0.072068 0.062224
0.060236 0.060236 0.060466 0.061688 0.060236 0.280944 0.091987 0.078563 0.061305 0.061303 0.062800 0.060236
0.010954 0.010954 0.012274 0.010968 0.011010 0.010995 0.011018 0.010984 0.011045 0.014280 0.874562 0.010954
0.037733 0.037733 0.160241 0.048978 0.120380 0.038562 0.041195 0.063458 0.038335 0.050194 0.325460 0.037733
0.008251 0.008251 0.008730 0.008251 0.008256 0.010633 0.010781 0.010518 0.008495 0.009347 0.900235 0.008251
0.071094 0.071094 0.087204 0.077673 0.082278 0.073913 0.077859 0.135069 0.078245 0.084165 0.090312 0.071094
0.003869 0.003869 0.004385 0.003883 0.003914 0.003895 0.003903 0.003891 0.003914 0.004951 0.955657 0.003869
0.028795 0.028795 0.028795 0.683255 0.028795 0.028795 0.028795 0.028795 0.028795 0.028795 0.028795 0.028795
0.034369 0.034369 0.039587 0.034369 0.034403 0.045942 0.047352 0.038070 0.048939 0.103759 0.504474 0.034369
0.083333 0.083333 0.083333 0.083333 0.083333 0.083333 0.083333 0.083333 0.083333 0.083333 0.083333 0.083333
0.075848 0.075848 0.102249 0.082790 0.108300 0.077519 0.077140 0.084070 0.076986 0.081480 0.081923 0.075848
0.077049 0.077049 0.080328 0.077049 0.077049 0.099096 0.099095 0.095104 0.081337 0.077049 0.082745 0.077049
0.083333 0.083333 0.083333 0.083333 0.083333 0.083333 0.083333 0.083333 0.083333 0.083333 0.083333 0.083333
0.024439 0.024439 0.037793 0.024439 0.026706 0.037103 0.030254 0.031992 0.031048 0.055131 0.652215 0.024439
0.083333 0.083333 0.083333 0.083333 0.083333 0.083333 0.083333 0.083333 0.083333 0.083333 0.083333 0.083333
0.008722 0.008722 0.014589 0.008882 0.010114 0.008798 0.008946 0.009112 0.009001 0.015677 0.888714 0.008722
0.015244 0.015244 0.015244 0.832312 0.015244 0.015244 0.015244 0.015244 0.015244 0.015244 0.015244 0.015244
0.077508 0.077508 0.077508 0.147413 0.077508 0.077508 0.077508 0.077508 0.077508 0.077508 0.077508 0.077508
0.002417 0.002417 0.002417 0.002417 0.002417 0.002417 0.002417 0.002417 0.002417 0.002421 0.973409 0.002417
0.012013 0.012013 0.025300 0.012251 0.014076 0.012353 0.012535 0.012685 0.012579 0.023244 0.838938 0.012013
0.060117 0.060117 0.060117 0.060117 0.060117 0.282663 0.076412 0.083623 0.076370 0.060117 0.060117 0.060117
0.058684 0.058684 0.058684 0.058684 0.058684 0.307055 0.083786 0.081006 0.058684 0.058684 0.058684 0.058684
0.008501 0.008501 0.009618 0.008513 0.008546 0.008534 0.008553 0.008525 0.008575 0.011229 0.902405 0.008501
0.038148 0.038148 0.199835 0.048790 0.108733 0.039207 0.042139 0.065465 0.038871 0.053611 0.288904 0.038148
0.006219 0.006219 0.006795 0.006219 0.006223 0.007664 0.007644 0.007228 0.006644 0.007107 0.925817 0.006219
0.071752 0.071752 0.084883 0.075835 0.082616 0.073013 0.075950 0.146658 0.076215 0.083674 0.085901 0.071752
0.003609 0.003609 0.004027 0.003616 0.003654 0.003634 0.003641 0.003630 0.003650 0.004570 0.958751 0.003609
0.033875 0.033875 0.036669 0.617357 0.036369 0.034047 0.034252 0.034970 0.034435 0.034611 0.035664 0.033875
0.037485 0.037485 0.042256 0.037485 0.037527 0.048802 0.050182 0.041299 0.051547 0.102979 0.475466 0.037485
0.081361 0.081361 0.081361 0.102351 0.081361 0.081361 0.081361 0.084040 0.081361 0.081361 0.081361 0.081361
0.074646 0.074646 0.099808 0.081848 0.115439 0.076665 0.076599 0.087049 0.076354 0.080119 0.082179 0.074646
0.074485 0.074485 0.084577 0.078829 0.084740 0.098939 0.096416 0.094217 0.080589 0.074485 0.083752 0.074485
0.081182 0.081182 0.082570 0.081182 0.081182 0.084783 0.084838 0.082623 0.085026 0.086947 0.087302 0.081182
0.028016 0.028016 0.041963 0.028029 0.030346 0.045410 0.035311 0.035536 0.036158 0.058512 0.604687 0.028016
0.081187 0.081187 0.082721 0.081187 0.081187 0.085628 0.085642 0.083172 0.085706 0.086198 0.084998 0.081187
0.010696 0.010696 0.018634 0.010978 0.012697 0.010822 0.011067 0.011329 0.011142 0.019387 0.861858 0.010696
0.019103 0.019103 0.019916 0.783762 0.019456 0.019459 0.019501 0.019417 0.019541 0.020199 0.021441 0.019103
0.075182 0.075182 0.075182 0.172993 0.075182 0.075182 0.075182 0.075182 0.075182 0.075182 0.075182 0.075182
0.002717 0.002717 0.002718 0.002717 0.002717 0.002717 0.002717 0.002717 0.002717 0.002725 0.970104 0.002717
0.013626 0.013626 0.025117 0.015658 0.018054 0.013948 0.014127 0.014821 0.014166 0.024099 0.819135 0.013626
0.063649 0.063649 0.065328 0.063712 0.063847 0.233441 0.077309 0.081666 0.077324 0.065953 0.080473 0.063649
0.062012 0.062012 0.062485 0.062012 0.062012 0.265761 0.085184 0.082611 0.063850 0.063274 0.066774 0.062012
0.011821 0.011821 0.013145 0.011835 0.011875 0.011861 0.011884 0.011850 0.011910 0.015077 0.865099 0.011821
0.039043 0.039043 0.160601 0.054249 0.113625 0.040037 0.042712 0.065408 0.039820 0.054990 0.311430 0.039043
0.009060 0.009060 0.009888 0.009061 0.009066 0.012025 0.012247 0.011549 0.009678 0.010249 0.889057 0.009060
0.070496 0.070496 0.088865 0.076766 0.084827 0.072870 0.076917 0.134266 0.077314 0.086238 0.090449 0.070496
0.004100 0.004100 0.004701 0.004114 0.004163 0.004135 0.004146 0.004130 0.004159 0.005322 0.952830 0.004100
0.031066 0.031066 0.033112 0.651325 0.032571 0.031194 0.031380 0.031838 0.031499 0.031623 0.032258 0.031066
0.039794 0.039794 0.045381 0.039794 0.039825 0.052861 0.054526 0.043863 0.056410 0.117750 0.430209 0.039794
0.081178 0.081178 0.081178 0.103458 0.081178 0.081178 0.081178 0.084761 0.081178 0.081178 0.081178 0.081178
0.077388 0.077388 0.099975 0.083328 0.102574 0.078413 0.078230 0.083184 0.078134 0.082664 0.081335 0.077388
0.076245 0.076245 0.084082 0.081244 0.085123 0.094606 0.093277 0.095981 0.079308 0.076245 0.081397 0.076245
0.081182 0.081182 0.082552 0.081182 0.081182 0.084859 0.084896 0.082515 0.085096 0.087199 0.086972 0.081182
0.025602 0.025602 0.039015 0.025617 0.027797 0.038148 0.030634 0.033703 0.031358 0.055071 0.641851 0.025602
0.081186 0.081186 0.082744 0.081186 0.081186 0.085684 0.085688 0.082940 0.085756 0.086284 0.084975 0.081186
0.010427 0.010427 0.017122 0.010623 0.011874 0.010526 0.010707 0.010822 0.010777 0.018359 0.867909 0.010427
0.020567 0.020567 0.021442 0.767186 0.020948 0.020952 0.020997 0.020906 0.021040 0.021751 0.023077 0.020567
0.077508 0.077508 0.077508 0.147413 0.077508 0.077508 0.077508 0.077508 0.077508 0.077508 0.077508 0.077508
0.003340 0.003340 0.003341 0.003340 0.003340 0.003340 0.003340 0.003340 0.003340 0.003346 0.963256 0.003340
0.017751 0.017751 0.032839 0.021293 0.023984 0.018214 0.018448 0.019853 0.018501 0.032099 0.761514 0.017751
0.062782 0.062782 0.065293 0.062892 0.063037 0.227592 0.078188 0.079668 0.078219 0.065914 0.090851 0.062782
0.061529 0.061529 0.061764 0.061529 0.061529 0.264725 0.088943 0.080314 0.064150 0.064043 0.068415 0.061529
0.010262 0.010262 0.011424 0.010274 0.010310 0.010297 0.010317 0.010287 0.010340 0.013134 0.882831 0.010262
0.043128 0.043128 0.163013 0.065394 0.139168 0.044066 0.046786 0.074389 0.043744 0.055893 0.238161 0.043128
0.008350 0.008350 0.008916 0.008350 0.008354 0.010243 0.010025 0.009740 0.008675 0.009462 0.901186 0.008350
0.073921 0.073921 0.085301 0.078020 0.082736 0.074928 0.078131 0.130974 0.078406 0.083774 0.085967 0.073921
0.005318 0.005318 0.005925 0.005330 0.005372 0.005346 0.005356 0.005342 0.005367 0.006677 0.939331 0.005318
0.040183 0.040183 0.046266 0.535651 0.045206 0.040728 0.041193 0.042787 0.041406 0.041567 0.044647 0.040183
0.044708 0.044708 0.049819 0.044708 0.044749 0.056608 0.057934 0.048519 0.059504 0.109844 0.394192 0.044708
0.079964 0.079964 0.079964 0.115049 0.079964 0.079964 0.079964 0.085316 0.079964 0.079964 0.079964 0.079964
0.075954 0.075954 0.098300 0.081669 0.112960 0.077511 0.076904 0.086076 0.076797 0.080495 0.081427 0.075954
0.073746 0.073746 0.086362 0.080954 0.089987 0.092465 0.095233 0.097484 0.079398 0.073746 0.083131 0.073746
0.079858 0.079858 0.082321 0.079858 0.079858 0.085596 0.085772 0.081906 0.086132 0.089775 0.089209 0.079858
0.029829 0.029829 0.043727 0.029853 0.032134 0.044248 0.036397 0.038083 0.037189 0.059539 0.589344 0.029829
0.079869 0.079869 0.082620 0.079869 0.079869 0.087053 0.087100 0.082674 0.087224 0.088128 0.085857 0.079869
0.013313 0.013313 0.022287 0.013608 0.015435 0.013470 0.013726 0.013910 0.013825 0.023248 0.830552 0.013313
0.025279 0.025279 0.027042 0.708601 0.026039 0.026045 0.026137 0.025955 0.026224 0.027674 0.030447 0.025279
0.075490 0.075490 0.075490 0.169613 0.075490 0.075490 0.075490 0.075490 0.075490 0.075490 0.075490 0.075490
0.003663 0.003663 0.003664 0.003663 0.003663 0.003663 0.003663 0.003663 0.003663 0.003673 0.959696 0.003663
0.017766 0.017766 0.031127 0.021262 0.024656 0.018166 0.018391 0.019780 0.018436 0.030494 0.764390 0.017766
0.064003 0.064003 0.065702 0.064067 0.064230 0.229224 0.077765 0.080230 0.077781 0.066516 0.082475 0.064003
0.062729 0.062729 0.063449 0.062729 0.062729 0.258473 0.086127 0.080340 0.064604 0.065140 0.068221 0.062729
0.014518 0.014518 0.016036 0.014534 0.014580 0.014564 0.014590 0.014551 0.014621 0.018284 0.834686 0.014518
0.040339 0.040339 0.157022 0.055005 0.110671 0.041314 0.044129 0.068027 0.041110 0.056240 0.305464 0.040339
0.010443 0.010443 0.011368 0.010443 0.010449 0.013215 0.013774 0.013007 0.011154 0.011761 0.873501 0.010443
0.071509 0.071509 0.089791 0.077463 0.085971 0.073908 0.077639 0.123619 0.078023 0.087370 0.091688 0.071509
0.005014 0.005014 0.005728 0.005030 0.005092 0.005057 0.005069 0.005049 0.005085 0.006519 0.942327 0.005014
0.031978 0.031978 0.032599 0.646138 0.032264 0.032044 0.032096 0.032184 0.032112 0.032127 0.032503 0.031978
0.034735 0.034735 0.040096 0.034735 0.034771 0.045728 0.046965 0.038168 0.048536 0.099172 0.507623 0.034735
0.082299 0.082299 0.082299 0.092910 0.082299 0.082299 0.082299 0.084096 0.082299 0.082299 0.082299 0.082299
0.074956 0.074956 0.109260 0.082930 0.107940 0.077271 0.076037 0.081253 0.075930 0.081310 0.083202 0.074956
0.075405 0.075405 0.080597 0.077781 0.080460 0.094205 0.103039 0.102815 0.078821 0.075405 0.080660 0.075405
0.082175 0.082175 0.083012 0.082175 0.082175 0.084144 0.084202 0.082792 0.084340 0.085556 0.085076 0.082175
0.027379 0.027379 0.041173 0.027386 0.029703 0.040803 0.032723 0.036851 0.033492 0.057746 0.617985 0.027379
0.082176 0.082176 0.083109 0.082176 0.082176 0.084623 0.084638 0.083025 0.084684 0.084985 0.084052 0.082176
0.010528 0.010528 0.018359 0.010768 0.012056 0.010677 0.010864 0.010892 0.010955 0.019013 0.864832 0.010528
0.019121 0.019121 0.019808 0.784520 0.019419 0.019422 0.019458 0.019387 0.019492 0.020047 0.021084 0.019121
0.074870 0.074870 0.074870 0.176426 0.074870 0.074870 0.074870 0.074870 0.074870 0.074870 0.074870 0.074870
0.002842 0.002842 0.002843 0.002842 0.002842 0.002842 0.002842 0.002842 0.002842 0.002847 0.968729 0.002842
0.015257 0.015257 0.028421 0.017112 0.020420 0.015696 0.015911 0.016715 0.015960 0.029083 0.794911 0.015257
0.061570 0.061570 0.062918 0.061621 0.061739 0.252101 0.079698 0.078984 0.079693 0.063455 0.075082 0.061570
0.059866 0.059866 0.060323 0.059866 0.059866 0.286017 0.088993 0.078483 0.061423 0.061543 0.063889 0.059866
0.011266 0.011266 0.012563 0.011280 0.011321 0.011306 0.011329 0.011295 0.011355 0.014546 0.871207 0.011266
0.039442 0.039442 0.152845 0.053987 0.127382 0.040289 0.043126 0.068327 0.040045 0.051990 0.303680 0.039442
0.008566 0.008566 0.009100 0.008566 0.008571 0.010564 0.011519 0.011175 0.008860 0.009719 0.896227 0.008566
0.072294 0.072294 0.087285 0.078240 0.082865 0.075026 0.078387 0.129921 0.078792 0.083873 0.088729 0.072294
0.004729 0.004729 0.005343 0.004743 0.004784 0.004757 0.004766 0.004752 0.004778 0.006073 0.945817 0.004729
0.039583 0.039583 0.045920 0.539249 0.047010 0.040120 0.040470 0.042718 0.040763 0.040909 0.044091 0.039583
0.043162 0.043162 0.048872 0.043162 0.043195 0.054844 0.056208 0.046938 0.057811 0.106555 0.412928 0.043162
0.079055 0.079055 0.079055 0.125106 0.079055 0.079055 0.079055 0.084346 0.079055 0.079055 0.079055 0.079055
0.077936 0.077936 0.102293 0.084403 0.094455 0.079533 0.079137 0.080744 0.078992 0.083084 0.083552 0.077936
0.074251 0.074251 0.086053 0.082847 0.100849 0.090844 0.090748 0.098514 0.075356 0.074251 0.077784 0.074251
0.078699 0.078699 0.081988 0.078699 0.078699 0.086049 0.086377 0.081783 0.086793 0.091422 0.092092 0.078699
0.025018 0.025018 0.038046 0.025040 0.027115 0.035833 0.028328 0.032426 0.028928 0.052907 0.656325 0.025018
0.078722 0.078722 0.082312 0.078722 0.078722 0.088066 0.088167 0.083099 0.088314 0.089477 0.086954 0.078722
0.010489 0.010489 0.017237 0.010717 0.011563 0.010615 0.010827 0.010754 0.010906 0.018659 0.867256 0.010489
0.023563 0.023563 0.025452 0.726495 0.024372 0.024380 0.024479 0.024284 0.024572 0.026128 0.029151 0.023563
0.076671 0.076671 0.076671 0.156618 0.076671 0.076671 0.076671 0.076671 0.076671 0.076671 0.076671 0.076671
0.003191 0.003191 0.003193 0.003191 0.003191 0.003191 0.003191 0.003191 0.003191 0.003199 0.964885 0.003191
0.019602 0.019602 0.035229 0.024549 0.030989 0.020141 0.020394 0.021952 0.020452 0.035831 0.731658 0.019602
0.061923 0.061923 0.064812 0.062023 0.062293 0.227295 0.079079 0.077716 0.079124 0.066004 0.095884 0.061923
0.060282 0.060282 0.061672 0.060282 0.060282 0.265552 0.092622 0.079499 0.064442 0.064519 0.070284 0.060282
0.008531 0.008531 0.009509 0.008541 0.008571 0.008560 0.008577 0.008552 0.008596 0.010984 0.902517 0.008531
0.042244 0.042244 0.159397 0.065533 0.165448 0.043114 0.045778 0.072352 0.042768 0.053266 0.225611 0.042244
0.006802 0.006802 0.007194 0.006802 0.006807 0.008108 0.008144 0.007997 0.006970 0.007802 0.919770 0.006802
0.074234 0.074234 0.083967 0.078022 0.081414 0.075111 0.078094 0.136018 0.078377 0.082196 0.084100 0.074234
0.004380 0.004380 0.004858 0.004389 0.004424 0.004400 0.004406 0.004397 0.004414 0.005601 0.949970 0.004380
0.030188 0.030188 0.033690 0.654592 0.034013 0.030438 0.030638 0.031762 0.030848 0.030988 0.032467 0.030188
0.040836 0.040836 0.046397 0.040836 0.040867 0.054117 0.055496 0.044813 0.057456 0.115109 0.422401 0.040836
0.081361 0.081361 0.081361 0.102351 0.081361 0.081361 0.081361 0.084040 0.081361 0.081361 0.081361 0.081361
0.077529 0.077529 0.099621 0.082666 0.103822 0.079054 0.077899 0.083217 0.077863 0.081328 0.081943 0.077529
0.076080 0.076080 0.083899 0.080414 0.088657 0.089757 0.095611 0.096986 0.079136 0.076080 0.081221 0.076080
0.081017 0.081017 0.082693 0.081017 0.081017 0.084731 0.084864 0.082584 0.085069 0.087226 0.087750 0.081017
0.023652 0.023652 0.036635 0.023663 0.025797 0.033539 0.028648 0.030157 0.029357 0.052655 0.668591 0.023652
0.081023 0.081023 0.082850 0.081023 0.081023 0.085701 0.085742 0.083243 0.085813 0.086361 0.085176 0.081023
0.009480 0.009480 0.015825 0.009644 0.010819 0.009588 0.009729 0.009831 0.009798 0.016972 0.879353 0.009480
0.020502 0.020502 0.021791 0.764748 0.021056 0.021062 0.021130 0.020997 0.021193 0.022245 0.024273 0.020502
0.078304 0.078304 0.078304 0.138660 0.078304 0.078304 0.078304 0.078304 0.078304 0.078304 0.078304 0.078304
0.002716 0.002716 0.002717 0.002716 0.002716 0.002716 0.002716 0.002716 0.002716 0.002722 0.970117 0.002716
0.016980 0.016980 0.032517 0.020371 0.025225 0.017452 0.017690 0.018812 0.017745 0.031805 0.767442 0.016980
0.060982 0.060982 0.063317 0.061063 0.061280 0.245135 0.078434 0.079242 0.078464 0.064290 0.085828 0.060982
0.058782 0.058782 0.059457 0.058782 0.058782 0.293275 0.089114 0.079290 0.060752 0.060586 0.063614 0.058782
0.008542 0.008542 0.009592 0.008553 0.008586 0.008574 0.008592 0.008565 0.008613 0.011177 0.902120 0.008542
0.039704 0.039704 0.167107 0.055707 0.137689 0.040612 0.043446 0.068850 0.040293 0.052110 0.275075 0.039704
0.006685 0.006685 0.007118 0.006685 0.006689 0.008171 0.008497 0.008262 0.006914 0.007652 0.919956 0.006685
0.072710 0.072710 0.085848 0.077514 0.082580 0.074291 0.077615 0.136104 0.077964 0.083511 0.086444 0.072710
0.003722 0.003722 0.004178 0.003732 0.003766 0.003745 0.003752 0.003741 0.003761 0.004746 0.957413 0.003722
0.027632 0.027632 0.028479 0.692932 0.028501 0.027689 0.027735 0.027986 0.027793 0.027831 0.028158 0.027632
0.036575 0.036575 0.042028 0.036575 0.036605 0.049223 0.050639 0.040562 0.052384 0.109537 0.472723 0.036575
0.082652 0.082652 0.082652 0.089934 0.082652 0.082652 0.082652 0.083549 0.082652 0.082652 0.082652 0.082652
0.076711 0.076711 0.102459 0.083069 0.103467 0.078576 0.077670 0.082592 0.077562 0.081551 0.082919 0.076711
0.077134 0.077134 0.081572 0.078688 0.081439 0.093193 0.098114 0.096620 0.080232 0.077134 0.081607 0.077134
0.082506 0.082506 0.083071 0.082506 0.082506 0.083841 0.083887 0.083115 0.083949 0.084686 0.084919 0.082506
0.023216 0.023216 0.036192 0.023220 0.025371 0.032443 0.027364 0.029343 0.028048 0.052525 0.675848 0.023216
0.082507 0.082507 0.083123 0.082507 0.082507 0.084173 0.084187 0.083356 0.084208 0.084396 0.084022 0.082507
0.008441 0.008441 0.014105 0.008608 0.009441 0.008541 0.008679 0.008715 0.008732 0.015197 0.892660 0.008441
0.015244 0.015244 0.015244 0.832312 0.015244 0.015244 0.015244 0.015244 0.015244 0.015244 0.015244 0.015244
0.076671 0.076671 0.076671 0.156618 0.076671 0.076671 0.076671 0.076671 0.076671 0.076671 0.076671 0.076671
0.002415 0.002415 0.002416 0.002415 0.002415 0.002415 0.002415 0.002415 0.002415 0.002417 0.973430 0.002415
0.012923 0.012923 0.027076 0.013173 0.015560 0.013340 0.013536 0.013701 0.013588 0.026345 0.824914 0.012923
0.058291 0.058291 0.058291 0.058291 0.058291 0.295500 0.077113 0.084001 0.077063 0.058291 0.058291 0.058291
0.056769 0.056769 0.056769 0.056769 0.056769 0.322863 0.084994 0.081221 0.056769 0.056769 0.056769 0.056769
0.008222 0.008222 0.009316 0.008234 0.008268 0.008255 0.008274 0.008246 0.008296 0.010955 0.905490 0.008222
0.038056 0.038056 0.186757 0.048670 0.118215 0.038974 0.041917 0.065860 0.038663 0.051110 0.295665 0.038056
0.006296 0.006296 0.006749 0.006296 0.006300 0.007417 0.007977 0.007664 0.006573 0.007194 0.924942 0.006296
0.071175 0.071175 0.083575 0.075685 0.080530 0.073432 0.075800 0.155134 0.076090 0.081308 0.084920 0.071175
0.003658 0.003658 0.004056 0.003666 0.003693 0.003677 0.003683 0.003674 0.003691 0.004555 0.958331 0.003658
0.033167 0.033167 0.036589 0.623067 0.035937 0.033367 0.033661 0.034460 0.033878 0.034132 0.035406 0.033167
0.041777 0.041777 0.046943 0.041777 0.041810 0.054727 0.056303 0.046190 0.057841 0.112948 0.416128 0.041777
0.080156 0.080156 0.080156 0.113835 0.080156 0.080156 0.080156 0.084603 0.080156 0.080156 0.080156 0.080156
0.077292 0.077292 0.094609 0.082860 0.102999 0.079023 0.079164 0.086306 0.078911 0.081048 0.083203 0.077292
0.075336 0.075336 0.086604 0.082361 0.089676 0.094847 0.090886 0.093299 0.079138 0.075336 0.081844 0.075336
0.080189 0.080189 0.082100 0.080189 0.080189 0.085490 0.085524 0.082333 0.085774 0.088602 0.089234 0.080189
0.025715 0.025715 0.039185 0.025735 0.027878 0.038367 0.030925 0.030115 0.031638 0.054708 0.644303 0.025715
0.080198 0.080198 0.082346 0.080198 0.080198 0.086690 0.086693 0.083076 0.086780 0.087504 0.085920 0.080198
0.010833 0.010833 0.017907 0.011087 0.012409 0.010967 0.011176 0.011421 0.011232 0.019103 0.862201 0.010833
0.022032 0.022032 0.023414 0.747185 0.022631 0.022637 0.022708 0.022565 0.022776 0.023906 0.026082 0.022032
0.077234 0.077234 0.077234 0.150430 0.077234 0.077234 0.077234 0.077234 0.077234 0.077234 0.077234 0.077234
0.003119 0.003119 0.003120 0.003119 0.003119 0.003119 0.003119 0.003119 0.003119 0.003127 0.965679 0.003119
0.017730 0.017730 0.034474 0.021722 0.024982 0.018164 0.018373 0.019722 0.018437 0.031169 0.759764 0.017730
0.062179 0.062179 0.064646 0.062278 0.062449 0.228367 0.077443 0.087735 0.077477 0.065446 0.087623 0.062179
0.060495 0.060495 0.060956 0.060495 0.060495 0.267257 0.087515 0.088882 0.063154 0.062190 0.067572 0.060495
0.010102 0.010102 0.011276 0.010114 0.010150 0.010137 0.010156 0.010127 0.010180 0.012972 0.884581 0.010102
0.041174 0.041174 0.180273 0.059580 0.136932 0.042100 0.044507 0.067285 0.041828 0.054591 0.249382 0.041174
0.007327 0.007327 0.007866 0.007327 0.007331 0.009301 0.008628 0.008290 0.007648 0.008342 0.913286 0.007327
0.070282 0.070282 0.081305 0.074425 0.079128 0.071943 0.074514 0.170363 0.074686 0.080153 0.082635 0.070282
0.004249 0.004249 0.004772 0.004261 0.004297 0.004275 0.004284 0.004273 0.004293 0.005394 0.951403 0.004249
0.031907 0.031907 0.036522 0.633523 0.035749 0.032171 0.032468 0.033541 0.032784 0.033031 0.034490 0.031907
0.042877 0.042877 0.048327 0.042877 0.042904 0.056701 0.058485 0.047593 0.060145 0.120651 0.393685 0.042877
0.080561 0.080561 0.080561 0.110274 0.080561 0.080561 0.080561 0.084117 0.080561 0.080561 0.080561 0.080561
0.078474 0.078474 0.095318 0.083557 0.097305 0.079663 0.079787 0.084037 0.079616 0.082478 0.082817 0.078474
0.076442 0.076442 0.085744 0.082530 0.091821 0.092734 0.089213 0.092538 0.078734 0.076442 0.080919 0.076442
0.080354 0.080354 0.082288 0.080354 0.080354 0.085276 0.085378 0.082383 0.085630 0.088333 0.088939 0.080354
0.024234 0.024234 0.037326 0.024250 0.026351 0.033592 0.028315 0.029778 0.028970 0.052861 0.665855 0.024234
0.080363 0.080363 0.082493 0.080363 0.080363 0.086470 0.086499 0.083176 0.086586 0.087278 0.085680 0.080363
0.010033 0.010033 0.016076 0.010199 0.011117 0.010136 0.010289 0.010322 0.010353 0.017601 0.873807 0.010033
0.022045 0.022045 0.023355 0.747616 0.022611 0.022617 0.022685 0.022549 0.022749 0.023817 0.025868 0.022045
0.078560 0.078560 0.078560 0.135840 0.078560 0.078560 0.078560 0.078560 0.078560 0.078560 0.078560 0.078560
0.003190 0.003190 0.003191 0.003190 0.003190 0.003190 0.003190 0.003190 0.003190 0.003197 0.964901 0.003190
0.018524 0.018524 0.034725 0.022239 0.026893 0.019041 0.019289 0.020504 0.019349 0.034401 0.747986 0.018524
0.061692 0.061692 0.063961 0.061775 0.061963 0.239199 0.079324 0.079208 0.079350 0.064819 0.085324 0.061692
0.059286 0.059286 0.059966 0.059286 0.059286 0.284502 0.090794 0.079754 0.061807 0.061105 0.065639 0.059286
0.009945 0.009945 0.011100 0.009957 0.009993 0.009980 0.010000 0.009971 0.010023 0.012843 0.886299 0.009945
0.041355 0.041355 0.161759 0.059799 0.143185 0.042222 0.045000 0.070752 0.041922 0.053253 0.258043 0.041355
0.007964 0.007964 0.008444 0.007964 0.007968 0.009613 0.010006 0.009768 0.008198 0.009063 0.905086 0.007964
0.072537 0.072537 0.084652 0.077249 0.081355 0.074399 0.077366 0.141796 0.077684 0.082255 0.085631 0.072537
0.004641 0.004641 0.005213 0.004652 0.004691 0.004666 0.004674 0.004662 0.004685 0.005897 0.946937 0.004641
0.036302 0.036302 0.037553 0.594937 0.038207 0.036417 0.036533 0.037198 0.036572 0.036596 0.037083 0.036302
0.035257 0.035257 0.040586 0.035257 0.035294 0.045920 0.046976 0.038355 0.048662 0.095361 0.507818 0.035257
0.082480 0.082480 0.082480 0.090922 0.082480 0.082480 0.082480 0.084280 0.082480 0.082480 0.082480 0.082480
0.075160 0.075160 0.109742 0.083376 0.104683 0.077537 0.076440 0.080904 0.076287 0.081245 0.084307 0.075160
0.074603 0.074603 0.079438 0.077579 0.083887 0.096496 0.102610 0.103650 0.077884 0.075360 0.079286 0.074603
0.081518 0.081518 0.083204 0.083482 0.081518 0.084024 0.084077 0.082366 0.084283 0.085728 0.086764 0.081518
0.029058 0.029058 0.043176 0.029068 0.031474 0.045614 0.034873 0.039025 0.035671 0.060333 0.593593 0.029058
0.081682 0.081682 0.083524 0.081682 0.081682 0.084940 0.084956 0.082995 0.085028 0.085402 0.084743 0.081682
0.011553 0.011553 0.020459 0.012003 0.013630 0.011720 0.011970 0.012065 0.012071 0.021019 0.850404 0.011553
0.019130 0.019130 0.019758 0.784897 0.019400 0.019403 0.019435 0.019370 0.019466 0.019967 0.020915 0.019130
0.072895 0.072895 0.072895 0.198150 0.072895 0.072895 0.072895 0.072895 0.072895 0.072895 0.072895 0.072895
0.002930 0.002930 0.002942 0.002931 0.002932 0.002931 0.002931 0.002931 0.002931 0.002942 0.967740 0.002930
0.013800 0.013800 0.024631 0.015172 0.017989 0.014150 0.014337 0.015052 0.014376 0.025072 0.817821 0.013800
0.063485 0.063485 0.064668 0.063528 0.063665 0.239282 0.078331 0.080491 0.078332 0.065466 0.075783 0.063485
0.062292 0.062292 0.063246 0.063793 0.062292 0.261745 0.086176 0.079328 0.063960 0.063889 0.068697 0.062292
0.013184 0.013184 0.014568 0.013199 0.013241 0.013226 0.013251 0.013215 0.013278 0.016675 0.849795 0.013184
0.040371 0.040371 0.142571 0.056278 0.119710 0.041320 0.044037 0.068559 0.041102 0.055224 0.310085 0.040371
0.010214 0.010214 0.011049 0.010214 0.010221 0.013140 0.014029 0.013324 0.010810 0.011591 0.874979 0.010214
0.071768 0.071768 0.089112 0.077622 0.084854 0.074053 0.077737 0.125634 0.078149 0.085936 0.091598 0.071768
0.005523 0.005523 0.006286 0.005540 0.005606 0.005564 0.005577 0.005558 0.005593 0.007303 0.936405 0.005523
0.037823 0.037823 0.043857 0.558152 0.045091 0.038244 0.038918 0.041304 0.039169 0.039606 0.042189 0.037823
0.044988 0.044988 0.049939 0.044988 0.045027 0.057411 0.058658 0.048867 0.060326 0.110559 0.389263 0.044988
0.078888 0.078888 0.078888 0.125119 0.078888 0.078888 0.078888 0.086005 0.078888 0.078888 0.078888 0.078888
0.076328 0.076328 0.097128 0.081950 0.110786 0.078094 0.077481 0.086525 0.077328 0.080107 0.081616 0.076328
0.072311 0.072311 0.087686 0.082557 0.099674 0.090594 0.092999 0.098056 0.077470 0.072311 0.081719 0.072311
0.078201 0.078201 0.082010 0.078201 0.078201 0.086514 0.086634 0.081244 0.087166 0.091905 0.093521 0.078201
0.027452 0.027452 0.041007 0.027484 0.029651 0.040177 0.033515 0.033107 0.034249 0.056430 0.622024 0.027452
0.078230 0.078230 0.082431 0.078230 0.078230 0.088702 0.088735 0.082573 0.088919 0.090138 0.087355 0.078230
0.012239 0.012239 0.020263 0.012496 0.014113 0.012402 0.012611 0.012858 0.012690 0.021539 0.844310 0.012239
0.026821 0.026821 0.029631 0.683526 0.028017 0.028028 0.028173 0.027884 0.028311 0.030636 0.035333 0.026821
0.077778 0.077778 0.077778 0.144445 0.077778 0.077778 0.077778 0.077778 0.077778 0.077778 0.077778 0.077778
0.003584 0.003584 0.003585 0.003584 0.003584 0.003584 0.003584 0.003584 0.003584 0.003597 0.960563 0.003584
0.021379 0.021379 0.038175 0.028663 0.034584 0.021839 0.022084 0.024614 0.022145 0.035647 0.708112 0.021379
0.062813 0.062813 0.066934 0.062971 0.063324 0.201983 0.075399 0.082758 0.075488 0.068930 0.113777 0.062813
0.061684 0.061684 0.062868 0.061684 0.061684 0.252662 0.086384 0.085865 0.065357 0.064871 0.073572 0.061684
0.010798 0.010798 0.011975 0.010810 0.010845 0.010832 0.010852 0.010823 0.010875 0.013699 0.876895 0.010798
0.042533 0.042533 0.163400 0.065263 0.137220 0.043479 0.046044 0.071409 0.043214 0.056482 0.245891 0.042533
0.008377 0.008377 0.009050 0.008377 0.008382 0.010334 0.010369 0.009888 0.008825 0.009521 0.900122 0.008377
0.071618 0.071618 0.084122 0.075654 0.081937 0.073176 0.075732 0.150714 0.075975 0.082796 0.085041 0.071618
0.004826 0.004826 0.005449 0.004838 0.004888 0.004858 0.004869 0.004854 0.004880 0.006165 0.944719 0.004826
0.033259 0.033259 0.036137 0.622745 0.036438 0.033465 0.033719 0.034738 0.033864 0.034013 0.035103 0.033259
0.040581 0.040581 0.045949 0.040581 0.040614 0.053481 0.054975 0.044673 0.056726 0.114168 0.427092 0.040581
0.081178 0.081178 0.081178 0.103458 0.081178 0.081178 0.081178 0.084761 0.081178 0.081178 0.081178 0.081178
0.076521 0.076521 0.099985 0.082727 0.107313 0.077971 0.077577 0.084537 0.077446 0.081458 0.081423 0.076521
0.075432 0.075432 0.082944 0.080122 0.087429 0.094926 0.095200 0.096836 0.079238 0.075432 0.081580 0.075432
0.081016 0.081016 0.082966 0.081016 0.081016 0.084737 0.084758 0.082334 0.085012 0.086992 0.088120 0.081016
0.026527 0.026527 0.040157 0.026542 0.028803 0.039746 0.031944 0.034094 0.032694 0.056821 0.629617 0.026527
0.081023 0.081023 0.083170 0.081023 0.081023 0.085707 0.085712 0.082934 0.085799 0.086314 0.085250 0.081023
0.011586 0.011586 0.019358 0.011852 0.013292 0.011715 0.011952 0.012093 0.012034 0.020526 0.852422 0.011586
0.022070 0.022070 0.023235 0.748472 0.022572 0.022577 0.022637 0.022516 0.022694 0.023637 0.025449 0.022070
0.076383 0.076383 0.076383 0.159789 0.076383 0.076383 0.076383 0.076383 0.076383 0.076383 0.076383 0.076383
0.003341 0.003341 0.003342 0.003341 0.003341 0.003341 0.003341 0.003341 0.003341 0.003349 0.963236 0.003341
0.016919 0.016919 0.029954 0.019837 0.023306 0.017350 0.017563 0.018891 0.017611 0.030206 0.774522 0.016919
0.063381 0.063381 0.065198 0.063449 0.063617 0.230532 0.080161 0.079457 0.080175 0.066060 0.081209 0.063381
0.061582 0.061582 0.062288 0.061582 0.061582 0.265828 0.090091 0.079193 0.063645 0.063471 0.067574 0.061582
0.011834 0.011834 0.013144 0.011847 0.011888 0.011874 0.011897 0.011863 0.011923 0.015126 0.864937 0.011834
0.039971 0.039971 0.151754 0.054985 0.124505 0.040900 0.043561 0.067560 0.040655 0.053884 0.302282 0.039971
0.009383 0.009383 0.010044 0.009383 0.009389 0.012444 0.012753 0.012286 0.009794 0.010639 0.885119 0.009383
0.072177 0.072177 0.089330 0.078681 0.084780 0.074328 0.078807 0.122024 0.079257 0.086081 0.090182 0.072177
0.004719 0.004719 0.005410 0.004735 0.004787 0.004755 0.004766 0.004749 0.004781 0.006182 0.945680 0.004719
0.033754 0.033754 0.036674 0.617135 0.036980 0.033963 0.034221 0.035255 0.034368 0.034519 0.035625 0.033754
0.040123 0.040123 0.045443 0.040123 0.040159 0.052603 0.054019 0.043824 0.055919 0.111811 0.435731 0.040123
0.081178 0.081178 0.081178 0.103458 0.081178 0.081178 0.081178 0.084761 0.081178 0.081178 0.081178 0.081178
0.076156 0.076156 0.103377 0.083027 0.107368 0.077772 0.077084 0.083384 0.076966 0.081458 0.081097 0.076156
0.075024 0.075024 0.082109 0.078611 0.084050 0.096104 0.099594 0.099855 0.078809 0.075024 0.080774 0.075024
0.081513 0.081513 0.082907 0.081513 0.081513 0.084398 0.084495 0.082731 0.084650 0.086393 0.086859 0.081513
0.025833 0.025833 0.039324 0.025848 0.028054 0.038889 0.030858 0.033586 0.031579 0.055360 0.639004 0.025833
0.080694 0.080694 0.082832 0.080694 0.080694 0.085994 0.086035 0.083214 0.086113 0.086750 0.085594 0.080694
0.009489 0.009489 0.015985 0.009675 0.010868 0.009595 0.009759 0.009862 0.009827 0.017063 0.878900 0.009489
0.019093 0.019093 0.019971 0.783380 0.019473 0.019477 0.019522 0.019432 0.019566 0.020277 0.021623 0.019093
0.077508 0.077508 0.077508 0.147413 0.077508 0.077508 0.077508 0.077508 0.077508 0.077508 0.077508 0.077508
0.002654 0.002654 0.002655 0.002654 0.002654 0.002654 0.002654 0.002654 0.002654 0.002661 0.970798 0.002654
0.015392 0.015392 0.030413 0.017681 0.021332 0.015805 0.016021 0.016817 0.016074 0.028635 0.791046 0.015392
0.061149 0.061149 0.063149 0.061223 0.061397 0.249843 0.076131 0.083264 0.076154 0.063991 0.081401 0.061149
0.059341 0.059341 0.060021 0.059341 0.059341 0.286556 0.085207 0.083347 0.061596 0.061162 0.065407 0.059341
0.008659 0.008659 0.009716 0.008671 0.008702 0.008691 0.008709 0.008682 0.008729 0.011250 0.900873 0.008659
0.040785 0.040785 0.181740 0.058229 0.127331 0.041819 0.044652 0.069922 0.041485 0.055521 0.256946 0.040785
0.006430 0.006430 0.007010 0.006430 0.006434 0.007619 0.007737 0.007330 0.006837 0.007365 0.923950 0.006430
0.071675 0.071675 0.082921 0.074895 0.081344 0.072800 0.074974 0.157045 0.075186 0.082102 0.083707 0.071675
0.004211 0.004211 0.004696 0.004219 0.004261 0.004236 0.004244 0.004233 0.004253 0.005337 0.951887 0.004211
