0.075541 0.075541 0.075546 0.100523 0.086364 0.076112 0.075541 0.078049 0.095134 0.110566 0.075541 0.075542
0.048253 0.048253 0.048253 0.049323 0.048253 0.048253 0.048253 0.048253 0.069094 0.431352 0.048253 0.064210
0.083333 0.083333 0.083333 0.083333 0.083333 0.083333 0.083333 0.083333 0.083333 0.083333 0.083333 0.083333
0.075110 0.075110 0.075110 0.075110 0.078176 0.076688 0.075110 0.098344 0.091145 0.129875 0.075110 0.075110
0.077508 0.077508 0.077508 0.077508 0.077508 0.077508 0.077508 0.077508 0.077508 0.147413 0.077508 0.077508
0.074872 0.074872 0.074872 0.080210 0.074872 0.074872 0.074872 0.074872 0.093002 0.152943 0.074872 0.074872
0.031656 0.031656 0.031656 0.047467 0.031656 0.031656 0.038285 0.031656 0.031656 0.606262 0.054737 0.031656
0.074212 0.074212 0.074212 0.084235 0.074212 0.074212 0.075093 0.074212 0.088057 0.158857 0.074273 0.074212
0.032736 0.032736 0.032736 0.032737 0.032736 0.032736 0.032736 0.032736 0.032736 0.569991 0.102647 0.032736
0.044067 0.044067 0.044067 0.044067 0.044067 0.044067 0.044067 0.053314 0.044067 0.443740 0.106343 0.044067
0.083333 0.083333 0.083333 0.083333 0.083333 0.083333 0.083333 0.083333 0.083333 0.083333 0.083333 0.083333
0.015858 0.015858 0.015858 0.015858 0.015858 0.015858 0.015858 0.015858 0.015858 0.825561 0.015858 0.015858
0.049731 0.049731 0.049731 0.049731 0.049731 0.049731 0.049731 0.067772 0.049731 0.367464 0.117187 0.049731
0.053859 0.053859 0.053859 0.053859 0.053859 0.053859 0.053859 0.053859 0.053859 0.407554 0.053859 0.053859
0.016815 0.016815 0.016815 0.016815 0.016815 0.016815 0.016815 0.016815 0.016815 0.815034 0.016815 0.016815
0.028795 0.028795 0.028795 0.028795 0.028795 0.028795 0.028795 0.028795 0.028795 0.683255 0.028795 0.028795
0.062261 0.062261 0.062261 0.062261 0.062279 0.062316 0.062261 0.105051 0.088908 0.230739 0.077140 0.062261
0.025304 0.025304 0.025304 0.028430 0.025304 0.025304 0.025352 0.025304 0.025385 0.709310 0.034397 0.025304
0.057074 0.057074 0.057226 0.057504 0.057335 0.057120 0.057411 0.059740 0.057416 0.355873 0.069153 0.057074
0.043742 0.043742 0.043742 0.043742 0.043742 0.043742 0.043742 0.043742 0.043742 0.330997 0.231587 0.043742
0.069772 0.069772 0.069782 0.120644 0.096584 0.070778 0.069772 0.075532 0.108136 0.109685 0.069772 0.069772
0.068786 0.068786 0.068786 0.069640 0.068786 0.068786 0.068786 0.068786 0.084179 0.174089 0.068786 0.121806
0.083333 0.083333 0.083333 0.083333 0.083333 0.083333 0.083333 0.083333 0.083333 0.083333 0.083333 0.083333
0.076335 0.076335 0.076335 0.076335 0.077518 0.076865 0.076335 0.084672 0.081420 0.145181 0.076335 0.076335
0.078304 0.078304 0.078304 0.078304 0.078304 0.078304 0.078304 0.078304 0.078304 0.138660 0.078304 0.078304
0.063299 0.063299 0.063299 0.070591 0.063299 0.063299 0.063299 0.063299 0.089228 0.270493 0.063299 0.063299
0.047080 0.047080 0.047080 0.051053 0.047080 0.047080 0.048905 0.047080 0.047080 0.382638 0.140764 0.047080
0.062997 0.062997 0.062997 0.075810 0.062997 0.062997 0.064092 0.062997 0.080890 0.275100 0.063130 0.062997
0.035737 0.035737 0.035737 0.035737 0.035737 0.035737 0.035737 0.035737 0.035737 0.579347 0.063282 0.035737
0.038144 0.038144 0.038144 0.038144 0.038144 0.038144 0.038144 0.040004 0.038144 0.562187 0.054516 0.038144
0.083333 0.083333 0.083333 0.083333 0.083333 0.083333 0.083333 0.083333 0.083333 0.083333 0.083333 0.083333
0.024327 0.024327 0.024327 0.024327 0.024327 0.024327 0.024327 0.024327 0.024327 0.732407 0.024327 0.024327
0.067020 0.067020 0.067020 0.067020 0.067020 0.067020 0.067020 0.105359 0.067020 0.195669 0.095788 0.067020
0.048540 0.048540 0.048540 0.048540 0.048540 0.048540 0.048540 0.048540 0.048540 0.466055 0.048540 0.048540
0.024327 0.024327 0.024327 0.024327 0.024327 0.024327 0.024327 0.024327 0.024327 0.732407 0.024327 0.024327
0.031187 0.031187 0.031187 0.031187 0.031187 0.031187 0.031187 0.031187 0.031187 0.656948 0.031187 0.031187
0.068171 0.068171 0.068171 0.068171 0.068195 0.068195 0.068171 0.139121 0.078612 0.146134 0.090716 0.068171
0.023806 0.023806 0.023806 0.025525 0.023806 0.023806 0.023820 0.023806 0.023852 0.733998 0.026164 0.023806
0.061473 0.061473 0.061596 0.062090 0.061599 0.061537 0.061958 0.063011 0.061965 0.302424 0.079401 0.061473
0.044634 0.044634 0.044635 0.044634 0.044634 0.044634 0.044634 0.044634 0.044634 0.299846 0.253810 0.044634
0.074073 0.074073 0.074077 0.105868 0.084686 0.074800 0.074073 0.076532 0.099968 0.113705 0.074073 0.074074
0.053454 0.053454 0.053454 0.054940 0.053454 0.053454 0.053454 0.053454 0.083730 0.359095 0.053454 0.074601
0.083333 0.083333 0.083333 0.083333 0.083333 0.083333 0.083333 0.083333 0.083333 0.083333 0.083333 0.083333
0.075956 0.075956 0.075956 0.075956 0.078089 0.078090 0.075956 0.091536 0.098312 0.122283 0.075956 0.075956
0.076955 0.076955 0.076955 0.076955 0.076955 0.076955 0.076955 0.076955 0.076955 0.153499 0.076955 0.076955
0.073899 0.073899 0.073899 0.078715 0.073899 0.073899 0.073900 0.073899 0.090150 0.166040 0.073899 0.073899
0.028707 0.028707 0.028707 0.036606 0.028707 0.028707 0.032176 0.028707 0.028707 0.649499 0.052060 0.028707
0.073939 0.073939 0.073939 0.082305 0.073939 0.073939 0.074680 0.073939 0.085454 0.165990 0.073999 0.073939
0.032573 0.032573 0.032573 0.032574 0.032573 0.032573 0.032573 0.032573 0.032573 0.567152 0.107116 0.032573
0.040852 0.040852 0.040852 0.040852 0.040852 0.040852 0.040852 0.047126 0.040852 0.497683 0.087520 0.040852
0.083333 0.083333 0.083333 0.083333 0.083333 0.083333 0.083333 0.083333 0.083333 0.083333 0.083333 0.083333
0.016172 0.016172 0.016172 0.016172 0.016172 0.016172 0.016172 0.016172 0.016172 0.822105 0.016172 0.016172
0.050149 0.050149 0.050149 0.050149 0.050149 0.050149 0.050149 0.066734 0.050149 0.379483 0.102441 0.050149
0.056948 0.056948 0.056948 0.056948 0.056948 0.056948 0.056948 0.056948 0.056948 0.373567 0.056948 0.056948
0.015549 0.015549 0.015549 0.015549 0.015549 0.015549 0.015549 0.015549 0.015549 0.828963 0.015549 0.015549
0.027866 0.027866 0.027866 0.027866 0.027866 0.027866 0.027866 0.027866 0.027866 0.693470 0.027866 0.027866
0.061480 0.061480 0.061480 0.061480 0.061513 0.061531 0.061480 0.114079 0.085731 0.222463 0.085802 0.061480
0.022483 0.022483 0.022483 0.025847 0.022483 0.022483 0.022509 0.022483 0.022569 0.744535 0.027158 0.022483
0.058292 0.058292 0.058455 0.059025 0.058493 0.058364 0.058867 0.060484 0.058858 0.334162 0.078414 0.058292
0.042752 0.042752 0.042753 0.042752 0.042752 0.042752 0.042752 0.042752 0.042752 0.323512 0.248965 0.042752
0.071735 0.071735 0.071744 0.110118 0.093763 0.072605 0.071735 0.076577 0.103747 0.112770 0.071735 0.071736
0.061351 0.061351 0.061351 0.062540 0.061351 0.061351 0.061351 0.061351 0.083994 0.268485 0.061351 0.094177
0.083333 0.083333 0.083333 0.083333 0.083333 0.083333 0.083333 0.083333 0.083333 0.083333 0.083333 0.083333
0.077048 0.077048 0.077048 0.077048 0.078243 0.077943 0.077048 0.085463 0.085792 0.133226 0.077048 0.077048
0.078560 0.078560 0.078560 0.078560 0.078560 0.078560 0.078560 0.078560 0.078560 0.135840 0.078560 0.078560
0.068293 0.068293 0.068293 0.074861 0.068293 0.068293 0.068294 0.068293 0.091189 0.219309 0.068293 0.068293
0.036130 0.036130 0.036130 0.043509 0.036130 0.036130 0.038985 0.036130 0.036130 0.545336 0.083133 0.036130
0.069214 0.069214 0.069214 0.080108 0.069214 0.069214 0.070162 0.069214 0.084316 0.211600 0.069319 0.069214
0.033791 0.033791 0.033791 0.033791 0.033791 0.033791 0.033791 0.033791 0.033791 0.574512 0.087581 0.033791
0.040111 0.040111 0.040111 0.040111 0.040111 0.040111 0.040111 0.046271 0.040111 0.500431 0.092295 0.040111
0.083333 0.083333 0.083333 0.083333 0.083333 0.083333 0.083333 0.083333 0.083333 0.083333 0.083333 0.083333
0.018160 0.018160 0.018160 0.018160 0.018160 0.018160 0.018160 0.018160 0.018160 0.800244 0.018160 0.018160
0.055693 0.055693 0.055693 0.055693 0.055693 0.055693 0.055693 0.079599 0.055693 0.287928 0.131236 0.055693
0.050686 0.050686 0.050686 0.050686 0.050686 0.050686 0.050686 0.050686 0.050686 0.442449 0.050686 0.050686
0.018160 0.018160 0.018160 0.018160 0.018160 0.018160 0.018160 0.018160 0.018160 0.800244 0.018160 0.018160
0.024753 0.024753 0.024753 0.024753 0.024753 0.024753 0.024753 0.024753 0.024753 0.727714 0.024753 0.024753
0.064097 0.064097 0.064097 0.064097 0.064129 0.064158 0.064097 0.127731 0.093729 0.191730 0.073940 0.064097
0.021722 0.021722 0.021722 0.024969 0.021722 0.021722 0.021741 0.021722 0.021805 0.754405 0.025028 0.021722
0.057881 0.057881 0.057965 0.058171 0.058010 0.057911 0.058109 0.060938 0.058112 0.351359 0.065783 0.057881
0.041305 0.041305 0.041305 0.041305 0.041305 0.041305 0.041305 0.041305 0.041305 0.352073 0.234879 0.041305
0.072916 0.072916 0.072923 0.106726 0.089992 0.073689 0.072916 0.076757 0.100703 0.114628 0.072916 0.072917
0.057547 0.057547 0.057547 0.058501 0.057547 0.057547 0.057547 0.057547 0.075328 0.319539 0.057547 0.086259
0.083333 0.083333 0.083333 0.083333 0.083333 0.083333 0.083333 0.083333 0.083333 0.083333 0.083333 0.083333
0.076085 0.076085 0.076085 0.076085 0.077503 0.077325 0.076085 0.086163 0.088442 0.137976 0.076085 0.076085
0.078043 0.078043 0.078043 0.078043 0.078043 0.078043 0.078043 0.078043 0.078043 0.141528 0.078043 0.078043
0.071621 0.071621 0.071621 0.078509 0.071621 0.071621 0.071622 0.071621 0.095632 0.181266 0.071621 0.071621
0.031803 0.031803 0.031803 0.040678 0.031803 0.031803 0.033884 0.031803 0.031803 0.609072 0.061943 0.031803
0.070930 0.070930 0.070931 0.083710 0.070930 0.070930 0.072033 0.070930 0.088711 0.188004 0.071030 0.070930
0.031248 0.031248 0.031248 0.031248 0.031248 0.031248 0.031248 0.031248 0.031248 0.598441 0.089081 0.031248
0.038275 0.038275 0.038275 0.038275 0.038275 0.038275 0.038275 0.046307 0.038275 0.525240 0.083975 0.038275
0.083333 0.083333 0.083333 0.083333 0.083333 0.083333 0.083333 0.083333 0.083333 0.083333 0.083333 0.083333
0.013793 0.013793 0.013793 0.013793 0.013793 0.013793 0.013793 0.013793 0.013793 0.848277 0.013793 0.013793
0.049268 0.049268 0.049268 0.049268 0.049268 0.049268 0.049268 0.070415 0.049268 0.372813 0.113364 0.049268
0.051751 0.051751 0.051751 0.051751 0.051751 0.051751 0.051751 0.051751 0.051751 0.430736 0.051751 0.051751
0.013245 0.013245 0.013245 0.013245 0.013245 0.013245 0.013245 0.013245 0.013245 0.854305 0.013245 0.013245
0.023075 0.023075 0.023075 0.023075 0.023075 0.023075 0.023075 0.023075 0.023075 0.746171 0.023075 0.023075
0.059239 0.059239 0.059239 0.059239 0.059275 0.059292 0.059239 0.126777 0.084592 0.235800 0.078830 0.059239
0.019067 0.019067 0.019067 0.022959 0.019067 0.019067 0.019089 0.019067 0.019164 0.782290 0.023031 0.019067
0.058115 0.058115 0.058236 0.058407 0.058285 0.058170 0.058345 0.060636 0.058452 0.339134 0.075988 0.058115
0.038662 0.038662 0.038663 0.038662 0.038662 0.038662 0.038662 0.038662 0.038662 0.398697 0.214679 0.038662
0.076250 0.076250 0.076255 0.103911 0.088858 0.076597 0.076250 0.079150 0.087565 0.106414 0.076250 0.076251
0.050175 0.050175 0.050175 0.051641 0.050175 0.050175 0.050175 0.050175 0.080377 0.398200 0.050175 0.068378
0.083333 0.083333 0.083333 0.083333 0.083333 0.083333 0.083333 0.083333 0.083333 0.083333 0.083333 0.083333
0.076296 0.076296 0.076296 0.076296 0.078923 0.077719 0.076296 0.095839 0.090615 0.122831 0.076296 0.076296
0.078560 0.078560 0.078560 0.078560 0.078560 0.078560 0.078560 0.078560 0.078560 0.135840 0.078560 0.078560
0.075189 0.075189 0.075189 0.079630 0.075189 0.075189 0.075189 0.075189 0.090080 0.153590 0.075189 0.075189
0.030503 0.030503 0.030503 0.040730 0.030503 0.030503 0.035067 0.030503 0.030503 0.627434 0.052744 0.030503
0.075496 0.075496 0.075496 0.083223 0.075496 0.075496 0.076184 0.075496 0.086113 0.150445 0.075566 0.075496
0.034342 0.034342 0.034342 0.034343 0.034342 0.034342 0.034343 0.034342 0.034342 0.543639 0.112937 0.034342
0.042504 0.042504 0.042504 0.042504 0.042504 0.042504 0.042504 0.050212 0.042504 0.459684 0.107572 0.042504
0.083333 0.083333 0.083333 0.083333 0.083333 0.083333 0.083333 0.083333 0.083333 0.083333 0.083333 0.083333
0.016815 0.016815 0.016815 0.016815 0.016815 0.016815 0.016815 0.016815 0.016815 0.815034 0.016815 0.016815
0.048953 0.048953 0.048953 0.048953 0.048953 0.048953 0.048953 0.062113 0.048953 0.370432 0.126880 0.048953
0.057453 0.057453 0.057453 0.057453 0.057453 0.057453 0.057453 0.057453 0.057453 0.368013 0.057453 0.057453
0.017816 0.017816 0.017816 0.017816 0.017816 0.017816 0.017816 0.017816 0.017816 0.804023 0.017816 0.017816
0.027866 0.027866 0.027866 0.027866 0.027866 0.027866 0.027866 0.027866 0.027866 0.693470 0.027866 0.027866
0.060610 0.060610 0.060610 0.060610 0.060644 0.060674 0.060610 0.115170 0.092941 0.230009 0.076903 0.060610
0.023274 0.023274 0.023274 0.027384 0.023274 0.023274 0.023301 0.023274 0.023378 0.734901 0.028114 0.023274
0.059865 0.059865 0.060021 0.060617 0.060069 0.059926 0.060455 0.063436 0.060392 0.320410 0.075079 0.059865
0.040369 0.040369 0.040370 0.040369 0.040369 0.040369 0.040369 0.040369 0.040369 0.387602 0.208704 0.040369
0.074330 0.074330 0.074336 0.101295 0.089998 0.074949 0.074330 0.077880 0.095793 0.114099 0.074330 0.074331
0.052506 0.052506 0.052506 0.053377 0.052506 0.052506 0.052506 0.052506 0.068731 0.387972 0.052506 0.069871
0.083333 0.083333 0.083333 0.083333 0.083333 0.083333 0.083333 0.083333 0.083333 0.083333 0.083333 0.083333
0.075694 0.075694 0.075694 0.075694 0.078060 0.076927 0.075694 0.093131 0.087987 0.134038 0.075694 0.075694
0.078304 0.078304 0.078304 0.078304 0.078304 0.078304 0.078304 0.078304 0.078304 0.138660 0.078304 0.078304
0.074033 0.074033 0.074033 0.079312 0.074033 0.074033 0.074034 0.074033 0.091960 0.162427 0.074033 0.074033
0.034019 0.034019 0.034019 0.050601 0.034019 0.034019 0.038616 0.034019 0.034019 0.578391 0.060240 0.034019
0.073643 0.073643 0.073644 0.083589 0.073643 0.073643 0.074517 0.073643 0.087382 0.165288 0.073721 0.073643
0.034075 0.034075 0.034075 0.034076 0.034075 0.034075 0.034075 0.034075 0.034075 0.552403 0.106846 0.034075
0.045440 0.045440 0.045440 0.045440 0.045440 0.045440 0.045440 0.060467 0.045440 0.426019 0.104556 0.045440
0.083333 0.083333 0.083333 0.083333 0.083333 0.083333 0.083333 0.083333 0.083333 0.083333 0.083333 0.083333
0.016491 0.016491 0.016491 0.016491 0.016491 0.016491 0.016491 0.016491 0.016491 0.818596 0.016491 0.016491
0.054410 0.054410 0.054410 0.054410 0.054410 0.054410 0.054410 0.079638 0.054410 0.316855 0.113822 0.054410
0.052809 0.052809 0.052809 0.052809 0.052809 0.052809 0.052809 0.052809 0.052809 0.419101 0.052809 0.052809
0.015858 0.015858 0.015858 0.015858 0.015858 0.015858 0.015858 0.015858 0.015858 0.825561 0.015858 0.015858
0.029265 0.029265 0.029265 0.029265 0.029265 0.029265 0.029265 0.029265 0.029265 0.678080 0.029265 0.029265
0.061308 0.061308 0.061308 0.061308 0.061334 0.061362 0.061308 0.116499 0.087546 0.221865 0.083549 0.061308
0.022778 0.022778 0.022778 0.029406 0.022778 0.022778 0.022811 0.022778 0.022938 0.736554 0.028845 0.022778
0.055176 0.055176 0.055339 0.055869 0.055399 0.055241 0.055720 0.057597 0.055695 0.371102 0.072509 0.055176
0.040035 0.040035 0.040035 0.040035 0.040035 0.040035 0.040035 0.040035 0.040035 0.366513 0.233140 0.040035
0.074589 0.074589 0.074596 0.106605 0.092056 0.075267 0.074589 0.078517 0.098369 0.101647 0.074589 0.074589
0.053013 0.053013 0.053013 0.054041 0.053013 0.053013 0.053013 0.053013 0.072580 0.373503 0.053013 0.075769
0.083333 0.083333 0.083333 0.083333 0.083333 0.083333 0.083333 0.083333 0.083333 0.083333 0.083333 0.083333
0.075849 0.075849 0.075849 0.075849 0.078220 0.076908 0.075849 0.093323 0.086293 0.134313 0.075849 0.075849
0.079542 0.079542 0.079542 0.079542 0.079542 0.079542 0.079542 0.079542 0.079542 0.125043 0.079542 0.079542
0.072232 0.072232 0.072232 0.077381 0.072232 0.072232 0.072232 0.072232 0.089722 0.182811 0.072232 0.072232
0.032191 0.032191 0.032191 0.045081 0.032191 0.032191 0.037008 0.032191 0.032191 0.602005 0.058377 0.032191
0.073494 0.073494 0.073494 0.081016 0.073494 0.073494 0.074164 0.073494 0.083829 0.172936 0.073597 0.073494
0.033181 0.033181 0.033181 0.033181 0.033181 0.033181 0.033181 0.033181 0.033181 0.564145 0.104045 0.033181
0.042117 0.042117 0.042117 0.042117 0.042117 0.042117 0.042117 0.050954 0.042117 0.455505 0.114486 0.042117
0.083333 0.083333 0.083333 0.083333 0.083333 0.083333 0.083333 0.083333 0.083333 0.083333 0.083333 0.083333
0.015244 0.015244 0.015244 0.015244 0.015244 0.015244 0.015244 0.015244 0.015244 0.832312 0.015244 0.015244
0.048570 0.048570 0.048570 0.048570 0.048570 0.048570 0.048570 0.058761 0.048570 0.358888 0.145220 0.048570
0.052809 0.052809 0.052809 0.052809 0.052809 0.052809 0.052809 0.052809 0.052809 0.419101 0.052809 0.052809
0.016815 0.016815 0.016815 0.016815 0.016815 0.016815 0.016815 0.016815 0.016815 0.815034 0.016815 0.016815
0.024753 0.024753 0.024753 0.024753 0.024753 0.024753 0.024753 0.024753 0.024753 0.727714 0.024753 0.024753
0.060405 0.060405 0.060405 0.060405 0.060433 0.060476 0.060405 0.106880 0.097133 0.246206 0.066441 0.060405
0.022410 0.022410 0.022410 0.026989 0.022410 0.022410 0.022446 0.022410 0.022525 0.742114 0.029057 0.022410
0.052796 0.052796 0.052873 0.052796 0.052974 0.052808 0.052796 0.056073 0.052843 0.411818 0.056631 0.052796
0.041305 0.041305 0.041305 0.041305 0.041305 0.041305 0.041305 0.041305 0.041305 0.352072 0.234879 0.041305
0.074110 0.074110 0.074115 0.103428 0.086364 0.074838 0.074110 0.076928 0.100017 0.113762 0.074110 0.074110
0.059477 0.059477 0.059477 0.060880 0.059477 0.059477 0.059477 0.059477 0.087099 0.293194 0.059477 0.083007
0.083333 0.083333 0.083333 0.083333 0.083333 0.083333 0.083333 0.083333 0.083333 0.083333 0.083333 0.083333
0.077990 0.077990 0.077990 0.077990 0.079443 0.078713 0.077990 0.088320 0.084993 0.122603 0.077990 0.077990
0.078304 0.078304 0.078304 0.078304 0.078304 0.078304 0.078304 0.078304 0.078304 0.138660 0.078304 0.078304
0.073671 0.073671 0.073671 0.080756 0.073671 0.073671 0.073672 0.073671 0.098370 0.157830 0.073671 0.073671
0.033805 0.033805 0.033805 0.041691 0.033805 0.033805 0.036477 0.033805 0.033805 0.588609 0.062782 0.033805
0.073034 0.073034 0.073034 0.086192 0.073034 0.073034 0.074169 0.073034 0.091341 0.163978 0.073085 0.073034
0.034567 0.034567 0.034567 0.034567 0.034567 0.034567 0.034567 0.034567 0.034567 0.560373 0.093959 0.034567
0.040368 0.040368 0.040368 0.040368 0.040368 0.040368 0.040368 0.046567 0.040368 0.503635 0.086483 0.040368
0.083333 0.083333 0.083333 0.083333 0.083333 0.083333 0.083333 0.083333 0.083333 0.083333 0.083333 0.083333
0.017144 0.017144 0.017144 0.017144 0.017144 0.017144 0.017144 0.017144 0.017144 0.811417 0.017144 0.017144
0.054199 0.054199 0.054199 0.054199 0.054199 0.054199 0.054199 0.083199 0.054199 0.315629 0.113381 0.054199
0.053859 0.053859 0.053859 0.053859 0.053859 0.053859 0.053859 0.053859 0.053859 0.407554 0.053859 0.053859
0.017144 0.017144 0.017144 0.017144 0.017144 0.017144 0.017144 0.017144 0.017144 0.811417 0.017144 0.017144
0.026955 0.026955 0.026955 0.026955 0.026955 0.026955 0.026955 0.026955 0.026955 0.703498 0.026955 0.026955
0.061002 0.061002 0.061002 0.061002 0.061037 0.061059 0.061002 0.124487 0.089203 0.215558 0.081176 0.062472
0.022046 0.022046 0.022046 0.027159 0.022046 0.022046 0.022089 0.022046 0.022244 0.747653 0.026534 0.022046
0.056803 0.056803 0.056947 0.057516 0.056980 0.056865 0.057363 0.059651 0.057320 0.354028 0.072922 0.056803
0.041264 0.041264 0.041264 0.041264 0.041264 0.041264 0.041264 0.041264 0.041264 0.351724 0.234644 0.042258
0.071332 0.071332 0.071339 0.114839 0.088036 0.072142 0.071332 0.075089 0.100812 0.117605 0.074811 0.071333
0.058141 0.058141 0.058141 0.059025 0.058141 0.058141 0.058141 0.058141 0.074418 0.307827 0.058141 0.093603
0.082489 0.082489 0.082489 0.082489 0.082489 0.082489 0.082489 0.082489 0.082489 0.088607 0.086502 0.082489
0.073160 0.073160 0.073160 0.073160 0.075912 0.074524 0.073160 0.093824 0.086890 0.156733 0.073160 0.073160
0.077073 0.077073 0.077073 0.077073 0.078930 0.077073 0.077073 0.077073 0.077073 0.146585 0.080832 0.077073
0.066331 0.066331 0.066331 0.071880 0.066331 0.066331 0.066331 0.066331 0.085425 0.245717 0.066331 0.066331
0.040931 0.040931 0.040931 0.056739 0.040931 0.040931 0.047174 0.040931 0.040946 0.464270 0.104353 0.040931
0.066396 0.066396 0.066397 0.076101 0.066396 0.066396 0.067245 0.066396 0.079826 0.245549 0.066505 0.066396
0.031623 0.031623 0.031623 0.031624 0.031623 0.031623 0.031623 0.031623 0.031623 0.605618 0.078151 0.031623
0.041603 0.041603 0.041603 0.041603 0.041603 0.041603 0.041603 0.051545 0.041603 0.494903 0.079125 0.041603
0.082465 0.082465 0.082465 0.082465 0.082465 0.082465 0.082465 0.082465 0.082465 0.092890 0.082465 0.082465
0.020325 0.020325 0.020325 0.020325 0.020325 0.020325 0.020325 0.020325 0.020325 0.776427 0.020325 0.020325
0.059139 0.059139 0.059139 0.059139 0.059139 0.059139 0.059139 0.082535 0.059139 0.277969 0.107246 0.059139
0.049496 0.049496 0.049496 0.049496 0.049496 0.049496 0.049496 0.049496 0.049496 0.453130 0.051910 0.049496
0.018852 0.018852 0.018852 0.018852 0.018852 0.018852 0.018852 0.018852 0.018852 0.792180 0.019304 0.018852
0.029740 0.029740 0.029740 0.029740 0.029740 0.029740 0.029740 0.029740 0.029740 0.672861 0.029740 0.029740
0.065453 0.065453 0.065453 0.065453 0.065472 0.065492 0.065453 0.110436 0.083000 0.195781 0.087099 0.065453
0.024884 0.024884 0.024884 0.029282 0.024884 0.024884 0.024924 0.024884 0.024995 0.714346 0.032265 0.024884
0.055843 0.055843 0.056007 0.056404 0.056077 0.055909 0.056284 0.057588 0.056324 0.362297 0.075581 0.055843
0.041841 0.041841 0.041841 0.041841 0.041841 0.041841 0.041841 0.041841 0.041841 0.332058 0.249531 0.041841
0.072391 0.072391 0.072398 0.111125 0.089344 0.073323 0.072391 0.076204 0.107139 0.108509 0.072391 0.072392
0.057305 0.057305 0.057305 0.058256 0.057305 0.057305 0.057305 0.057305 0.075013 0.318200 0.057305 0.090087
0.083333 0.083333 0.083333 0.083333 0.083333 0.083333 0.083333 0.083333 0.083333 0.083333 0.083333 0.083333
0.074638 0.074638 0.074638 0.074638 0.076971 0.076206 0.074638 0.091832 0.090572 0.141954 0.074638 0.074638
0.078043 0.078043 0.078043 0.078043 0.078043 0.078043 0.078043 0.078043 0.078043 0.141528 0.078043 0.078043
0.070259 0.070259 0.070259 0.075268 0.070259 0.070259 0.070260 0.070259 0.087272 0.205125 0.070259 0.070259
0.035396 0.035396 0.035396 0.048945 0.035396 0.035396 0.041212 0.035396 0.035396 0.547142 0.079530 0.035396
0.071120 0.071120 0.071120 0.079167 0.071120 0.071120 0.071833 0.071120 0.082196 0.197770 0.071195 0.071120
0.031555 0.031555 0.031555 0.031555 0.031555 0.031555 0.031555 0.031555 0.031555 0.590106 0.094344 0.031555
0.042546 0.042546 0.042546 0.042546 0.042546 0.042546 0.042546 0.050262 0.042546 0.471230 0.095594 0.042546
0.083333 0.083333 0.083333 0.083333 0.083333 0.083333 0.083333 0.083333 0.083333 0.083333 0.083333 0.083333
0.014359 0.014359 0.014359 0.014359 0.014359 0.014359 0.014359 0.014359 0.014359 0.842046 0.014359 0.014359
0.049660 0.049660 0.049660 0.049660 0.049660 0.049660 0.049660 0.063010 0.049660 0.375783 0.114267 0.049660
0.053335 0.053335 0.053335 0.053335 0.053335 0.053335 0.053335 0.053335 0.053335 0.413315 0.053335 0.053335
0.014650 0.014650 0.014650 0.014650 0.014650 0.014650 0.014650 0.014650 0.014650 0.838854 0.014650 0.014650
0.026955 0.026955 0.026955 0.026955 0.026955 0.026955 0.026955 0.026955 0.026955 0.703498 0.026955 0.026955
0.060782 0.060782 0.060782 0.060782 0.060804 0.060836 0.060782 0.100144 0.086796 0.247744 0.078981 0.060782
0.021598 0.021598 0.021598 0.026013 0.021598 0.021598 0.021638 0.021598 0.021708 0.750098 0.029359 0.021598
0.051617 0.051617 0.051768 0.052136 0.051863 0.051665 0.052024 0.054363 0.052000 0.415700 0.063630 0.051617
0.039935 0.039935 0.039935 0.039935 0.039935 0.039935 0.039935 0.039935 0.039935 0.332384 0.268270 0.039935
0.074593 0.074593 0.074600 0.104103 0.092062 0.075271 0.074593 0.078522 0.098375 0.104102 0.074593 0.074594
0.053548 0.053548 0.053548 0.055037 0.053548 0.053548 0.053548 0.053548 0.083877 0.359726 0.053548 0.072974
0.083333 0.083333 0.083333 0.083333 0.083333 0.083333 0.083333 0.083333 0.083333 0.083333 0.083333 0.083333
0.076883 0.076883 0.076883 0.076883 0.079776 0.077956 0.076883 0.098599 0.087469 0.118020 0.076883 0.076883
0.079542 0.079542 0.079542 0.079542 0.079542 0.079542 0.079542 0.079542 0.079542 0.125043 0.079542 0.079542
0.074343 0.074343 0.074343 0.078735 0.074343 0.074343 0.074344 0.074343 0.089067 0.163107 0.074343 0.074343
0.028719 0.028719 0.028719 0.037031 0.028719 0.028719 0.032600 0.028719 0.028719 0.649762 0.050855 0.028719
0.072737 0.072737 0.072737 0.080967 0.072737 0.072737 0.073467 0.072737 0.084065 0.179502 0.072839 0.072737
0.032293 0.032293 0.032293 0.032293 0.032293 0.032293 0.032293 0.032293 0.032293 0.575816 0.101258 0.032293
0.038248 0.038248 0.038248 0.038248 0.038248 0.038248 0.038248 0.044121 0.038248 0.512514 0.099134 0.038248
0.083333 0.083333 0.083333 0.083333 0.083333 0.083333 0.083333 0.083333 0.083333 0.083333 0.083333 0.083333
0.015244 0.015244 0.015244 0.015244 0.015244 0.015244 0.015244 0.015244 0.015244 0.832312 0.015244 0.015244
0.053036 0.053036 0.053036 0.053036 0.053036 0.053036 0.053036 0.068915 0.053036 0.316298 0.137463 0.053036
0.049616 0.049616 0.049616 0.049616 0.049616 0.049616 0.049616 0.049616 0.049616 0.454226 0.049616 0.049616
0.014359 0.014359 0.014359 0.014359 0.014359 0.014359 0.014359 0.014359 0.014359 0.842046 0.014359 0.014359
0.021867 0.021867 0.021867 0.021867 0.021867 0.021867 0.021867 0.021867 0.021867 0.759461 0.021867 0.021867
0.060440 0.060440 0.060440 0.060440 0.060470 0.060508 0.060440 0.109515 0.094909 0.240553 0.071402 0.060440
0.019076 0.019076 0.019076 0.021931 0.019076 0.019076 0.019101 0.019076 0.019150 0.782689 0.023594 0.019076
0.054856 0.054856 0.054948 0.054994 0.055020 0.054886 0.054964 0.057746 0.055031 0.383634 0.064210 0.054856
0.039585 0.039585 0.039585 0.039585 0.039585 0.039585 0.039585 0.039585 0.039585 0.362392 0.241763 0.039585
0.072668 0.072668 0.072678 0.111550 0.096817 0.073550 0.072668 0.077936 0.105097 0.099030 0.072668 0.072668
0.058988 0.058988 0.058988 0.060379 0.058988 0.058988 0.058988 0.058988 0.086383 0.290782 0.058988 0.090551
0.083333 0.083333 0.083333 0.083333 0.083333 0.083333 0.083333 0.083333 0.083333 0.083333 0.083333 0.083333
0.076576 0.076576 0.076576 0.076576 0.078003 0.077824 0.076576 0.086719 0.089013 0.132410 0.076576 0.076576
0.079059 0.079059 0.079059 0.079059 0.079059 0.079059 0.079059 0.079059 0.079059 0.130347 0.079059 0.079059
0.067098 0.067098 0.067098 0.072711 0.067098 0.067098 0.067098 0.067098 0.086412 0.236998 0.067098 0.067098
0.036411 0.036411 0.036411 0.042277 0.036411 0.036411 0.039790 0.036411 0.036411 0.536657 0.089985 0.036411
0.067164 0.067164 0.067165 0.076982 0.067164 0.067164 0.068023 0.067164 0.080750 0.236812 0.067282 0.067164
0.031503 0.031503 0.031503 0.031503 0.031503 0.031503 0.031503 0.031503 0.031503 0.603323 0.081650 0.031503
0.038029 0.038029 0.038029 0.038029 0.038029 0.038029 0.038029 0.041829 0.038029 0.534436 0.081472 0.038029
0.083333 0.083333 0.083333 0.083333 0.083333 0.083333 0.083333 0.083333 0.083333 0.083333 0.083333 0.083333
0.016172 0.016172 0.016172 0.016172 0.016172 0.016172 0.016172 0.016172 0.016172 0.822105 0.016172 0.016172
0.056863 0.056863 0.056863 0.056863 0.056863 0.056863 0.056863 0.079358 0.056863 0.287059 0.121820 0.056863
0.048001 0.048001 0.048001 0.048001 0.048001 0.048001 0.048001 0.048001 0.048001 0.471984 0.048001 0.048001
0.016815 0.016815 0.016815 0.016815 0.016815 0.016815 0.016815 0.016815 0.016815 0.815034 0.016815 0.016815
0.024327 0.024327 0.024327 0.024327 0.024327 0.024327 0.024327 0.024327 0.024327 0.732407 0.024327 0.024327
0.065194 0.065194 0.065194 0.065194 0.065224 0.065240 0.065194 0.126864 0.086693 0.185942 0.078873 0.065194
0.021370 0.021370 0.021370 0.022915 0.021370 0.021370 0.021389 0.021370 0.021411 0.760073 0.024623 0.021370
0.057929 0.057929 0.058017 0.058075 0.058068 0.057965 0.058044 0.060071 0.058132 0.348429 0.069410 0.057930
0.042752 0.042752 0.042752 0.042752 0.042752 0.042752 0.042752 0.042752 0.042752 0.323511 0.248967 0.042752
0.072589 0.072589 0.072596 0.114113 0.091318 0.073524 0.072589 0.076769 0.107431 0.101305 0.072589 0.072589
0.059185 0.059185 0.059185 0.060250 0.059185 0.059185 0.059185 0.059185 0.079231 0.291754 0.059185 0.095284
0.083333 0.083333 0.083333 0.083333 0.083333 0.083333 0.083333 0.083333 0.083333 0.083333 0.083333 0.083333
0.075252 0.075252 0.075252 0.075252 0.077604 0.076126 0.075252 0.092588 0.083793 0.143123 0.075252 0.075252
0.078812 0.078812 0.078812 0.078812 0.078812 0.078812 0.078812 0.078812 0.078812 0.133070 0.078812 0.078812
0.066964 0.066964 0.066964 0.072984 0.066964 0.066964 0.066965 0.066964 0.087813 0.236527 0.066964 0.066964
0.037100 0.037100 0.037100 0.050171 0.037100 0.037100 0.042114 0.037100 0.037100 0.521382 0.089530 0.037100
0.068278 0.068278 0.068278 0.078258 0.068278 0.068278 0.069151 0.068278 0.082089 0.224168 0.068390 0.068278
0.032080 0.032080 0.032080 0.032080 0.032080 0.032080 0.032080 0.032080 0.032080 0.599922 0.079280 0.032080
0.040806 0.040806 0.040806 0.040806 0.040806 0.040806 0.040806 0.048207 0.040806 0.497119 0.087421 0.040806
0.083333 0.083333 0.083333 0.083333 0.083333 0.083333 0.083333 0.083333 0.083333 0.083333 0.083333 0.083333
0.018160 0.018160 0.018160 0.018160 0.018160 0.018160 0.018160 0.018160 0.018160 0.800244 0.018160 0.018160
0.060320 0.060320 0.060320 0.060320 0.060320 0.060320 0.060320 0.082203 0.060320 0.251700 0.123217 0.060320
0.046381 0.046381 0.046381 0.046381 0.046381 0.046381 0.046381 0.046381 0.046381 0.489813 0.046381 0.046381
0.019220 0.019220 0.019220 0.019220 0.019220 0.019220 0.019220 0.019220 0.019220 0.788581 0.019220 0.019220
0.028329 0.028329 0.028329 0.028329 0.028329 0.028329 0.028329 0.028329 0.028329 0.688385 0.028329 0.028329
0.066439 0.066439 0.066439 0.066439 0.066460 0.066494 0.066439 0.106892 0.092646 0.194036 0.074838 0.066439
0.025760 0.025760 0.025760 0.031021 0.025760 0.025760 0.025794 0.025760 0.025892 0.705111 0.031861 0.025760
0.054342 0.054342 0.054420 0.054478 0.054487 0.054365 0.054449 0.056692 0.054483 0.392893 0.060705 0.054342
0.043405 0.043405 0.043405 0.043405 0.043405 0.043405 0.043405 0.043405 0.043405 0.313178 0.252770 0.043405
0.071257 0.071257 0.071268 0.117482 0.102486 0.072070 0.071257 0.077862 0.100706 0.101843 0.071257 0.071257
0.063797 0.063797 0.063797 0.064412 0.063797 0.063797 0.063797 0.063797 0.074647 0.247856 0.063797 0.102709
0.083333 0.083333 0.083333 0.083333 0.083333 0.083333 0.083333 0.083333 0.083333 0.083333 0.083333 0.083333
0.074628 0.074628 0.074628 0.074628 0.076488 0.076548 0.074628 0.088091 0.094539 0.141936 0.074628 0.074628
0.078304 0.078304 0.078304 0.078304 0.078304 0.078304 0.078304 0.078304 0.078304 0.138660 0.078304 0.078304
0.070742 0.070742 0.070742 0.075352 0.070742 0.070742 0.070742 0.070742 0.086298 0.201674 0.070742 0.070742
0.037835 0.037835 0.037835 0.050038 0.037835 0.037835 0.041873 0.037835 0.037835 0.531712 0.073693 0.037835
0.071459 0.071459 0.071459 0.079544 0.071459 0.071459 0.072175 0.071459 0.082587 0.193899 0.071584 0.071459
0.035956 0.035956 0.035956 0.035956 0.035956 0.035956 0.035956 0.035956 0.035956 0.542707 0.097736 0.035956
0.044317 0.044317 0.044317 0.044317 0.044317 0.044317 0.044317 0.053616 0.044317 0.457006 0.090527 0.044317
0.083333 0.083333 0.083333 0.083333 0.083333 0.083333 0.083333 0.083333 0.083333 0.083333 0.083333 0.083333
0.018862 0.018862 0.018862 0.018862 0.018862 0.018862 0.018862 0.018862 0.018862 0.792523 0.018862 0.018862
0.052380 0.052380 0.052380 0.052380 0.052380 0.052380 0.052380 0.069703 0.052380 0.351879 0.106998 0.052380
0.057955 0.057955 0.057955 0.057955 0.057955 0.057955 0.057955 0.057955 0.057955 0.362493 0.057955 0.057955
0.018508 0.018508 0.018508 0.018508 0.018508 0.018508 0.018508 0.018508 0.018508 0.796410 0.018508 0.018508
0.033166 0.033166 0.033166 0.033166 0.033166 0.033166 0.033166 0.033166 0.033166 0.635176 0.033166 0.033166
0.061947 0.061947 0.061947 0.061947 0.061973 0.061980 0.061947 0.114947 0.076710 0.224172 0.088537 0.061947
0.025740 0.025740 0.025740 0.030998 0.025740 0.025740 0.025778 0.025740 0.025872 0.704571 0.032597 0.025741
0.060862 0.060862 0.061010 0.061168 0.061079 0.060928 0.061103 0.062556 0.061252 0.304929 0.083387 0.060862
0.042850 0.042850 0.042850 0.042850 0.042850 0.042850 0.042850 0.042850 0.042850 0.365243 0.206257 0.042850
0.076854 0.076854 0.076859 0.097515 0.087865 0.077435 0.076854 0.079406 0.096788 0.099864 0.076854 0.076854
0.052678 0.052678 0.052678 0.054291 0.052678 0.052678 0.052678 0.052678 0.086302 0.371141 0.052678 0.066840
0.083333 0.083333 0.083333 0.083333 0.083333 0.083333 0.083333 0.083333 0.083333 0.083333 0.083333 0.083333
0.076646 0.076646 0.076646 0.076646 0.079530 0.078437 0.076646 0.098296 0.095030 0.112185 0.076646 0.076646
0.079303 0.079303 0.079303 0.079303 0.079303 0.079303 0.079303 0.079303 0.079303 0.127672 0.079303 0.079303
0.074912 0.074912 0.074912 0.079336 0.074912 0.074912 0.074912 0.074912 0.089748 0.156711 0.074912 0.074912
0.032882 0.032882 0.032882 0.041338 0.032882 0.032882 0.038284 0.032882 0.032882 0.600461 0.056858 0.032882
0.074946 0.074946 0.074946 0.082617 0.074946 0.074946 0.075629 0.074946 0.085485 0.156633 0.075016 0.074946
0.034524 0.034524 0.034524 0.034524 0.034524 0.034524 0.034524 0.034524 0.034524 0.546508 0.108256 0.034524
0.043345 0.043345 0.043345 0.043345 0.043345 0.043345 0.043345 0.050001 0.043345 0.457755 0.102139 0.043345
0.083333 0.083333 0.083333 0.083333 0.083333 0.083333 0.083333 0.083333 0.083333 0.083333 0.083333 0.083333
0.014945 0.014945 0.014945 0.014945 0.014945 0.014945 0.014945 0.014945 0.014945 0.835609 0.014945 0.014945
0.046763 0.046763 0.046763 0.046763 0.046763 0.046763 0.046763 0.059334 0.046763 0.398596 0.121204 0.046763
0.055416 0.055416 0.055416 0.055416 0.055416 0.055416 0.055416 0.055416 0.055416 0.390428 0.055416 0.055416
0.014945 0.014945 0.014945 0.014945 0.014945 0.014945 0.014945 0.014945 0.014945 0.835609 0.014945 0.014945
0.024753 0.024753 0.024753 0.024753 0.024753 0.024753 0.024753 0.024753 0.024753 0.727714 0.024753 0.024753
0.058557 0.058557 0.058557 0.058557 0.058586 0.058606 0.058557 0.101175 0.081656 0.268832 0.079801 0.058557
0.018691 0.018691 0.018691 0.021492 0.018691 0.018691 0.018724 0.018691 0.018763 0.785368 0.024815 0.018691
0.053258 0.053258 0.053392 0.053393 0.053486 0.053310 0.053364 0.055729 0.053524 0.392305 0.071722 0.053258
0.038113 0.038113 0.038113 0.038113 0.038113 0.038113 0.038113 0.038113 0.038113 0.374750 0.244125 0.038113
