0.082003 0.082003 0.082005 0.086003 0.085201 0.082127 0.082003 0.082772 0.085874 0.086003 0.082003 0.082003
0.032564 0.032564 0.032564 0.034305 0.032564 0.032564 0.032564 0.032564 0.076391 0.594643 0.032564 0.034152
0.083333 0.083333 0.083333 0.083333 0.083333 0.083333 0.083333 0.083333 0.083333 0.083333 0.083333 0.083333
0.081820 0.081820 0.081820 0.081820 0.082579 0.082199 0.081820 0.087071 0.085415 0.089996 0.081820 0.081820
0.081766 0.081766 0.081766 0.081918 0.081766 0.081766 0.081766 0.081766 0.085594 0.096595 0.081766 0.081766
0.081221 0.081221 0.081221 0.082632 0.081221 0.081221 0.081221 0.081221 0.085746 0.100631 0.081221 0.081221
0.008502 0.008502 0.008502 0.009220 0.008502 0.008502 0.008832 0.008502 0.008502 0.904125 0.009808 0.008502
0.081225 0.081225 0.081225 0.083634 0.081225 0.081225 0.081446 0.081225 0.084495 0.100600 0.081253 0.081225
0.026331 0.026331 0.026331 0.026331 0.026331 0.026331 0.026331 0.026331 0.026331 0.568030 0.168661 0.026331
0.027441 0.027441 0.027441 0.027441 0.027441 0.027441 0.027441 0.028779 0.027441 0.564448 0.159803 0.027441
0.082465 0.082465 0.082465 0.082465 0.082465 0.082465 0.082465 0.082465 0.082465 0.092890 0.082465 0.082465
0.007481 0.007481 0.007481 0.007481 0.007481 0.007481 0.007481 0.007481 0.007481 0.917709 0.007481 0.007481
0.031518 0.031518 0.031518 0.031518 0.031518 0.031518 0.031518 0.033852 0.031518 0.498935 0.183548 0.031518
0.049660 0.049660 0.049660 0.049660 0.049660 0.049660 0.049660 0.049660 0.049660 0.453632 0.049769 0.049660
0.008333 0.008333 0.008333 0.008376 0.008333 0.008333 0.008333 0.008333 0.009118 0.907508 0.008333 0.008333
0.007814 0.007814 0.007814 0.007814 0.007814 0.007814 0.007814 0.007814 0.007814 0.914041 0.007814 0.007814
0.051022 0.051022 0.051022 0.051022 0.051086 0.051128 0.051022 0.132059 0.117159 0.290182 0.052252 0.051022
0.007978 0.007978 0.007978 0.008357 0.007978 0.007978 0.007980 0.007978 0.007988 0.911259 0.008567 0.007978
0.054717 0.054717 0.054727 0.054717 0.054734 0.054721 0.054717 0.060788 0.054733 0.390703 0.056010 0.054717
0.029142 0.029142 0.029262 0.029142 0.029513 0.029349 0.029142 0.029293 0.029451 0.495469 0.211954 0.029142
0.079820 0.079820 0.079823 0.087854 0.086167 0.080062 0.079823 0.081324 0.087534 0.094297 0.083655 0.079820
0.035621 0.035621 0.035621 0.037270 0.035621 0.035621 0.035621 0.035621 0.074695 0.563884 0.035621 0.039181
0.082489 0.082489 0.082489 0.082489 0.082489 0.082489 0.082489 0.082489 0.082489 0.088597 0.086512 0.082489
0.081146 0.081146 0.081146 0.081146 0.081396 0.081146 0.081146 0.082846 0.081146 0.105442 0.081146 0.081146
0.081238 0.081238 0.081238 0.081466 0.081238 0.081238 0.081238 0.081238 0.089106 0.098284 0.081238 0.081238
0.079383 0.079383 0.079383 0.081227 0.079383 0.079383 0.079383 0.079383 0.085333 0.118991 0.079383 0.079383
0.010282 0.010282 0.010282 0.011167 0.010282 0.010282 0.010413 0.010282 0.010282 0.882485 0.013682 0.010282
0.078542 0.078542 0.078542 0.082464 0.078542 0.078542 0.078899 0.078542 0.083883 0.126372 0.078588 0.078542
0.026194 0.026194 0.026194 0.026194 0.026194 0.026194 0.026194 0.026194 0.026194 0.592615 0.145448 0.026194
0.028002 0.028002 0.028002 0.028002 0.028002 0.028002 0.028002 0.030075 0.028002 0.562427 0.155485 0.028002
0.083333 0.083333 0.083333 0.083333 0.083333 0.083333 0.083333 0.083333 0.083333 0.083333 0.083333 0.083333
0.007160 0.007160 0.007160 0.007160 0.007160 0.007160 0.007160 0.007160 0.007160 0.921235 0.007160 0.007160
0.034733 0.034733 0.034733 0.034733 0.034733 0.034733 0.034733 0.040067 0.034733 0.454469 0.192864 0.034733
0.049079 0.049079 0.049079 0.049079 0.049079 0.049079 0.049079 0.049079 0.049079 0.460135 0.049079 0.049079
0.008698 0.008698 0.008698 0.008755 0.008698 0.008698 0.008698 0.008698 0.009735 0.903227 0.008698 0.008698
0.007986 0.007986 0.007986 0.007986 0.007986 0.007986 0.007986 0.007986 0.007986 0.912152 0.007986 0.007986
0.049883 0.049883 0.049883 0.049883 0.049945 0.049992 0.049883 0.126075 0.120114 0.304697 0.049883 0.049883
0.008328 0.008328 0.008328 0.008928 0.008328 0.008328 0.008330 0.008328 0.008344 0.906946 0.009156 0.008328
0.052848 0.052848 0.052861 0.052848 0.052880 0.052849 0.052849 0.059067 0.052849 0.412403 0.052849 0.052848
0.029378 0.029378 0.029621 0.029378 0.030132 0.029487 0.029378 0.029683 0.029378 0.487734 0.217075 0.029378
0.078632 0.078632 0.078636 0.090767 0.088195 0.078930 0.078635 0.080865 0.088243 0.097423 0.082410 0.078632
0.039805 0.039805 0.039805 0.041705 0.039805 0.039805 0.039805 0.039805 0.085362 0.508575 0.039805 0.045918
0.082489 0.082489 0.082489 0.082489 0.082489 0.082489 0.082489 0.082489 0.082489 0.088597 0.086512 0.082489
0.081146 0.081146 0.081146 0.081146 0.081396 0.081146 0.081146 0.082846 0.081146 0.105442 0.081146 0.081146
0.081546 0.081546 0.081546 0.081622 0.081546 0.081546 0.081546 0.081546 0.083433 0.101033 0.081546 0.081546
0.077894 0.077894 0.077894 0.080623 0.077894 0.077894 0.077894 0.077894 0.086814 0.131520 0.077894 0.077894
0.009659 0.009659 0.009659 0.010002 0.009659 0.009659 0.009782 0.009659 0.009659 0.890396 0.012551 0.009659
0.078776 0.078776 0.078776 0.082710 0.078776 0.078776 0.079134 0.078776 0.084133 0.123767 0.078822 0.078776
0.026284 0.026284 0.026284 0.026284 0.026284 0.026284 0.026284 0.026284 0.026284 0.594650 0.142514 0.026284
0.026639 0.026639 0.026639 0.026639 0.026639 0.026639 0.026639 0.027281 0.026639 0.588527 0.144439 0.026639
0.082465 0.082465 0.082465 0.082465 0.082465 0.082465 0.082465 0.082465 0.082465 0.092890 0.082465 0.082465
0.007986 0.007986 0.007986 0.007986 0.007986 0.007986 0.007986 0.007986 0.007986 0.912151 0.007986 0.007986
0.034544 0.034544 0.034544 0.034544 0.034544 0.034544 0.034544 0.038912 0.034544 0.462887 0.187302 0.034544
0.048585 0.048585 0.048585 0.048585 0.048585 0.048585 0.048585 0.048585 0.048585 0.465458 0.048692 0.048585
0.008151 0.008151 0.008151 0.008204 0.008151 0.008151 0.008151 0.008151 0.009123 0.909115 0.008348 0.008151
0.007481 0.007481 0.007481 0.007481 0.007481 0.007481 0.007481 0.007481 0.007481 0.917710 0.007481 0.007481
0.049775 0.049775 0.049775 0.049775 0.049840 0.049884 0.049775 0.135104 0.119854 0.296894 0.049775 0.049775
0.007478 0.007478 0.007478 0.007654 0.007478 0.007478 0.007478 0.007478 0.007483 0.917379 0.007478 0.007658
0.056826 0.056826 0.056826 0.056826 0.056826 0.056826 0.056826 0.063512 0.056826 0.366853 0.058196 0.056826
0.028324 0.028324 0.028324 0.028324 0.028324 0.028324 0.028324 0.028324 0.028324 0.517213 0.199552 0.028324
0.079963 0.079963 0.079966 0.090072 0.086321 0.080204 0.079963 0.081469 0.087690 0.094465 0.079963 0.079963
0.037297 0.037297 0.037297 0.039184 0.037297 0.037297 0.037297 0.037297 0.083654 0.536774 0.037297 0.042012
0.082996 0.082996 0.082996 0.082996 0.082996 0.082996 0.082996 0.082996 0.082996 0.087044 0.082996 0.082996
0.081972 0.081972 0.081972 0.081972 0.082225 0.081972 0.081972 0.083690 0.081972 0.092336 0.085970 0.081972
0.081931 0.081931 0.081931 0.082007 0.081931 0.081931 0.081931 0.081931 0.083827 0.096790 0.081931 0.081931
0.080860 0.080860 0.080860 0.082738 0.080860 0.080860 0.080860 0.080860 0.086921 0.102598 0.080860 0.080860
0.008690 0.008690 0.008690 0.008999 0.008690 0.008690 0.008801 0.008690 0.008690 0.902410 0.010266 0.008690
0.080866 0.080866 0.080866 0.084080 0.080866 0.080866 0.081160 0.080866 0.085236 0.102568 0.080894 0.080866
0.027006 0.027006 0.027006 0.027006 0.027006 0.027006 0.027006 0.027006 0.027006 0.568883 0.161059 0.027006
0.028205 0.028205 0.028205 0.028205 0.028205 0.028205 0.028205 0.029580 0.028205 0.540164 0.176413 0.028205
0.083333 0.083333 0.083333 0.083333 0.083333 0.083333 0.083333 0.083333 0.083333 0.083333 0.083333 0.083333
0.007005 0.007005 0.007005 0.007005 0.007005 0.007005 0.007005 0.007005 0.007005 0.922945 0.007005 0.007005
0.030367 0.030367 0.030367 0.030367 0.030367 0.030367 0.030367 0.032615 0.030367 0.504149 0.189935 0.030367
0.052809 0.052809 0.052809 0.052809 0.052809 0.052809 0.052809 0.052809 0.052809 0.419101 0.052809 0.052809
0.007640 0.007640 0.007640 0.007670 0.007640 0.007640 0.007640 0.007640 0.008174 0.915209 0.007824 0.007640
0.007814 0.007814 0.007814 0.007814 0.007814 0.007814 0.007814 0.007814 0.007814 0.914041 0.007814 0.007814
0.047625 0.047625 0.047625 0.047625 0.047688 0.047735 0.047625 0.123265 0.120257 0.327677 0.047625 0.047625
0.007807 0.007807 0.007807 0.008178 0.007807 0.007807 0.007809 0.007807 0.007817 0.913174 0.008185 0.007995
0.055446 0.055446 0.055459 0.055446 0.055480 0.055446 0.055446 0.062344 0.055446 0.381812 0.056783 0.055446
0.028633 0.028633 0.028870 0.028633 0.029368 0.028739 0.028633 0.028931 0.028633 0.510562 0.201732 0.028633
0.081999 0.081999 0.082001 0.083975 0.085197 0.082123 0.081999 0.082768 0.085870 0.088071 0.081999 0.081999
0.032967 0.032967 0.032967 0.034778 0.032967 0.032967 0.032967 0.032967 0.079091 0.587841 0.033761 0.033761
0.082996 0.082996 0.082996 0.082996 0.082996 0.082996 0.082996 0.082996 0.082996 0.087044 0.082996 0.082996
0.082163 0.082163 0.082163 0.082163 0.082925 0.082163 0.082163 0.087435 0.082163 0.086170 0.086170 0.082163
0.081931 0.081931 0.081931 0.082007 0.081931 0.081931 0.081931 0.081931 0.083827 0.096790 0.081931 0.081931
0.082137 0.082137 0.082137 0.083085 0.082137 0.082137 0.082137 0.082137 0.085160 0.092521 0.082137 0.082137
0.007804 0.007804 0.007804 0.008263 0.007804 0.007804 0.008106 0.007804 0.007804 0.912817 0.008382 0.007804
0.082139 0.082139 0.082139 0.083755 0.082139 0.082139 0.082288 0.082139 0.084329 0.092501 0.082158 0.082139
0.026933 0.026933 0.026933 0.026933 0.026933 0.026933 0.026933 0.026933 0.026933 0.553997 0.176673 0.026933
0.028124 0.028124 0.028124 0.028124 0.028124 0.028124 0.028124 0.028124 0.028124 0.538615 0.180145 0.028124
0.083166 0.083166 0.083166 0.083166 0.083166 0.083166 0.083166 0.083166 0.083166 0.085170 0.083166 0.083166
0.006703 0.006703 0.006703 0.006703 0.006703 0.006703 0.006703 0.006703 0.006703 0.926264 0.006703 0.006703
0.028205 0.028205 0.028205 0.028205 0.028205 0.028205 0.028205 0.029580 0.028205 0.540164 0.176413 0.028205
0.054380 0.054380 0.054380 0.054380 0.054380 0.054380 0.054380 0.054380 0.054380 0.401818 0.054380 0.054380
0.007157 0.007157 0.007157 0.007175 0.007157 0.007157 0.007157 0.007157 0.007486 0.920755 0.007329 0.007157
0.007814 0.007814 0.007814 0.007814 0.007814 0.007814 0.007814 0.007814 0.007814 0.914041 0.007814 0.007814
0.046268 0.046268 0.046268 0.046268 0.046329 0.046372 0.046268 0.116939 0.114088 0.350137 0.048525 0.046268
0.007474 0.007474 0.007474 0.007650 0.007474 0.007474 0.007477 0.007474 0.007479 0.916872 0.008023 0.007654
0.056164 0.056164 0.056190 0.056164 0.056216 0.056172 0.056164 0.062962 0.056198 0.369720 0.061721 0.056164
0.028065 0.028065 0.028415 0.028065 0.029152 0.028518 0.028065 0.028504 0.028664 0.524842 0.191580 0.028065
0.083166 0.083166 0.083166 0.083166 0.083166 0.083166 0.083166 0.083166 0.083166 0.085170 0.083166 0.083166
0.029389 0.029389 0.029389 0.031003 0.029389 0.029389 0.029389 0.029389 0.070507 0.633992 0.029389 0.029389
0.083333 0.083333 0.083333 0.083333 0.083333 0.083333 0.083333 0.083333 0.083333 0.083333 0.083333 0.083333
0.081987 0.081987 0.081987 0.081987 0.082494 0.082367 0.081987 0.085458 0.085590 0.090180 0.081987 0.081987
0.081971 0.081971 0.081971 0.082276 0.081971 0.081971 0.081971 0.081971 0.089827 0.090161 0.081971 0.081971
0.083333 0.083333 0.083333 0.083333 0.083333 0.083333 0.083333 0.083333 0.083333 0.083333 0.083333 0.083333
0.007634 0.007634 0.007634 0.008586 0.007634 0.007634 0.007830 0.007634 0.007634 0.914501 0.008007 0.007634
0.082658 0.082658 0.082658 0.083468 0.082658 0.082658 0.082733 0.082658 0.083753 0.088768 0.082668 0.082658
0.026585 0.026585 0.026585 0.026585 0.026585 0.026585 0.026585 0.026585 0.026585 0.546844 0.187304 0.026585
0.029215 0.029215 0.029215 0.029215 0.029215 0.029215 0.029215 0.032134 0.029215 0.508676 0.196258 0.029215
0.083333 0.083333 0.083333 0.083333 0.083333 0.083333 0.083333 0.083333 0.083333 0.083333 0.083333 0.083333
0.006413 0.006413 0.006413 0.006413 0.006413 0.006413 0.006413 0.006413 0.006413 0.929451 0.006413 0.006413
0.027735 0.027735 0.027735 0.027735 0.027735 0.027735 0.027735 0.028403 0.027735 0.531171 0.190809 0.027735
0.053859 0.053859 0.053859 0.053859 0.053859 0.053859 0.053859 0.053859 0.053859 0.407554 0.053859 0.053859
0.006556 0.006556 0.006556 0.006564 0.006556 0.006556 0.006556 0.006556 0.006705 0.927728 0.006556 0.006556
0.007481 0.007481 0.007481 0.007481 0.007481 0.007481 0.007481 0.007481 0.007481 0.917709 0.007481 0.007481
0.047335 0.047335 0.047335 0.047335 0.047399 0.047444 0.047335 0.119635 0.119525 0.333508 0.048476 0.047335
0.007636 0.007636 0.007636 0.008186 0.007636 0.007636 0.007638 0.007636 0.007650 0.914678 0.008396 0.007636
0.053922 0.053922 0.053938 0.053922 0.053955 0.053926 0.053922 0.060630 0.053938 0.398808 0.055197 0.053922
0.028091 0.028091 0.028324 0.028091 0.028812 0.028343 0.028091 0.028383 0.028390 0.512975 0.204315 0.028091
0.079639 0.079639 0.079642 0.087654 0.085972 0.079880 0.079642 0.081140 0.087335 0.096350 0.083466 0.079639
0.036036 0.036036 0.036036 0.037756 0.036036 0.036036 0.036036 0.036036 0.077280 0.557034 0.036036 0.039637
0.082313 0.082313 0.082313 0.082313 0.082313 0.082313 0.082313 0.082313 0.082313 0.090538 0.086328 0.082313
0.080542 0.080542 0.080542 0.080542 0.081540 0.080729 0.080542 0.087506 0.082293 0.102195 0.082483 0.080542
0.080616 0.080616 0.080616 0.080841 0.080616 0.080616 0.080616 0.080616 0.086343 0.107276 0.080616 0.080616
0.079383 0.079383 0.079383 0.081227 0.079383 0.079383 0.079383 0.079383 0.085333 0.118991 0.079383 0.079383
0.009453 0.009453 0.009453 0.010615 0.009453 0.009453 0.009944 0.009453 0.009453 0.892385 0.011436 0.009453
0.080205 0.080205 0.080205 0.082584 0.080205 0.080205 0.080423 0.080205 0.083434 0.111895 0.080233 0.080205
0.026277 0.026277 0.026277 0.026277 0.026277 0.026277 0.026277 0.026277 0.026277 0.580515 0.156715 0.026277
0.028418 0.028418 0.028418 0.028418 0.028418 0.028418 0.028418 0.030522 0.028418 0.544241 0.169478 0.028418
0.082465 0.082465 0.082465 0.082465 0.082465 0.082465 0.082465 0.082465 0.082465 0.092890 0.082465 0.082465
0.007481 0.007481 0.007481 0.007481 0.007481 0.007481 0.007481 0.007481 0.007481 0.917709 0.007481 0.007481
0.031751 0.031751 0.031751 0.031751 0.031751 0.031751 0.031751 0.034102 0.031751 0.490786 0.189356 0.031751
0.050196 0.050196 0.050196 0.050196 0.050196 0.050196 0.050196 0.050196 0.050196 0.447738 0.050306 0.050196
0.008155 0.008155 0.008155 0.008186 0.008155 0.008155 0.008155 0.008155 0.008725 0.909499 0.008351 0.008155
0.007814 0.007814 0.007814 0.007814 0.007814 0.007814 0.007814 0.007814 0.007814 0.914041 0.007814 0.007814
0.047010 0.047010 0.047010 0.047010 0.047071 0.047119 0.047010 0.118815 0.118704 0.339220 0.047010 0.047010
0.007974 0.007974 0.007974 0.008549 0.007974 0.007974 0.007977 0.007974 0.007989 0.910721 0.008559 0.008363
0.054367 0.054367 0.054386 0.054368 0.054417 0.054368 0.054368 0.061132 0.054368 0.392473 0.057020 0.054367
0.028266 0.028266 0.028618 0.028266 0.029361 0.028422 0.028266 0.028707 0.028266 0.516155 0.199144 0.028266
0.083166 0.083166 0.083166 0.083166 0.083166 0.083166 0.083166 0.083166 0.083166 0.085170 0.083166 0.083166
0.030178 0.030178 0.030178 0.031923 0.030178 0.030178 0.030178 0.030178 0.075724 0.620749 0.030178 0.030178
0.083166 0.083166 0.083166 0.083166 0.083166 0.083166 0.083166 0.083166 0.083166 0.085170 0.083166 0.083166
0.083000 0.083000 0.083000 0.083000 0.083256 0.083000 0.083000 0.084739 0.083000 0.083000 0.085000 0.083000
0.082996 0.082996 0.082996 0.082996 0.082996 0.082996 0.082996 0.082996 0.082996 0.087044 0.082996 0.082996
0.083333 0.083333 0.083333 0.083333 0.083333 0.083333 0.083333 0.083333 0.083333 0.083333 0.083333 0.083333
0.006413 0.006413 0.006413 0.006484 0.006413 0.006413 0.006494 0.006413 0.006413 0.929309 0.006413 0.006413
0.083333 0.083333 0.083333 0.083333 0.083333 0.083333 0.083333 0.083333 0.083333 0.083333 0.083333 0.083333
0.026809 0.026809 0.026809 0.026809 0.026809 0.026809 0.026809 0.026809 0.026809 0.538476 0.193433 0.026809
0.027153 0.027153 0.027153 0.027153 0.027153 0.027153 0.027153 0.027153 0.027153 0.532553 0.195915 0.027153
0.083333 0.083333 0.083333 0.083333 0.083333 0.083333 0.083333 0.083333 0.083333 0.083333 0.083333 0.083333
0.006273 0.006273 0.006273 0.006273 0.006273 0.006273 0.006273 0.006273 0.006273 0.930996 0.006273 0.006273
0.026466 0.026466 0.026466 0.026466 0.026466 0.026466 0.026466 0.026466 0.026466 0.544387 0.190956 0.026466
0.054899 0.054899 0.054899 0.054899 0.054899 0.054899 0.054899 0.054899 0.054899 0.396109 0.054899 0.054899
0.006412 0.006412 0.006412 0.006412 0.006412 0.006412 0.006412 0.006412 0.006412 0.929308 0.006567 0.006412
0.006853 0.006853 0.006853 0.006853 0.006853 0.006853 0.006853 0.006853 0.006853 0.924622 0.006853 0.006853
0.045345 0.045345 0.045345 0.045345 0.045410 0.045458 0.045345 0.117362 0.122956 0.351399 0.045345 0.045345
0.006700 0.006700 0.006700 0.006858 0.006700 0.006700 0.006702 0.006700 0.006704 0.925812 0.007024 0.006700
0.055175 0.055175 0.055187 0.055175 0.055208 0.055175 0.055175 0.062600 0.055175 0.385606 0.055175 0.055175
0.027331 0.027331 0.027557 0.027331 0.028032 0.027432 0.027331 0.027615 0.027331 0.523428 0.201950 0.027331
0.083333 0.083333 0.083333 0.083333 0.083333 0.083333 0.083333 0.083333 0.083333 0.083333 0.083333 0.083333
0.028595 0.028595 0.028595 0.030083 0.028595 0.028595 0.028595 0.028595 0.065593 0.646965 0.028595 0.028595
0.083333 0.083333 0.083333 0.083333 0.083333 0.083333 0.083333 0.083333 0.083333 0.083333 0.083333 0.083333
0.081968 0.081968 0.081968 0.081968 0.082728 0.081968 0.081968 0.087228 0.081968 0.092331 0.081968 0.081968
0.081968 0.081968 0.081968 0.082350 0.081968 0.081968 0.081968 0.081968 0.091902 0.088037 0.081968 0.081968
0.082658 0.082658 0.082658 0.083134 0.082658 0.082658 0.082658 0.082658 0.084165 0.088778 0.082658 0.082658
0.007970 0.007970 0.007970 0.009283 0.007970 0.007970 0.008279 0.007970 0.007970 0.910318 0.008359 0.007970
0.082658 0.082658 0.082658 0.083468 0.082658 0.082658 0.082733 0.082658 0.083753 0.088768 0.082668 0.082658
0.026585 0.026585 0.026585 0.026585 0.026585 0.026585 0.026585 0.026585 0.026585 0.546844 0.187304 0.026585
0.029585 0.029585 0.029585 0.029585 0.029585 0.029585 0.029585 0.034128 0.029585 0.491169 0.208439 0.029585
0.083333 0.083333 0.083333 0.083333 0.083333 0.083333 0.083333 0.083333 0.083333 0.083333 0.083333 0.083333
0.006413 0.006413 0.006413 0.006413 0.006413 0.006413 0.006413 0.006413 0.006413 0.929451 0.006413 0.006413
0.027956 0.027956 0.027956 0.027956 0.027956 0.027956 0.027956 0.028630 0.027956 0.522803 0.196963 0.027956
0.053335 0.053335 0.053335 0.053335 0.053335 0.053335 0.053335 0.053335 0.053335 0.413315 0.053335 0.053335
0.006702 0.006702 0.006702 0.006711 0.006702 0.006702 0.006702 0.006702 0.006855 0.926115 0.006702 0.006702
0.007986 0.007986 0.007986 0.007986 0.007986 0.007986 0.007986 0.007986 0.007986 0.912152 0.007986 0.007986
0.047845 0.047845 0.047845 0.047845 0.047906 0.047955 0.047845 0.118083 0.120812 0.329177 0.048998 0.047845
0.008148 0.008148 0.008148 0.009150 0.008148 0.008148 0.008152 0.008148 0.008174 0.908742 0.008746 0.008148
0.051929 0.051929 0.051947 0.051929 0.051976 0.051929 0.051929 0.058389 0.051929 0.422259 0.051929 0.051929
0.029016 0.029016 0.029378 0.029016 0.030140 0.029177 0.029016 0.029470 0.029016 0.493335 0.214403 0.029016
0.081329 0.081329 0.081332 0.088997 0.086133 0.081514 0.081329 0.082476 0.087605 0.085296 0.081329 0.081329
0.032292 0.032292 0.032292 0.033833 0.032292 0.032292 0.032292 0.032292 0.069251 0.603895 0.032292 0.034683
0.083166 0.083166 0.083166 0.083166 0.083166 0.083166 0.083166 0.083166 0.083166 0.085170 0.083166 0.083166
0.081219 0.081219 0.081219 0.081219 0.081972 0.081219 0.081219 0.086431 0.081219 0.100628 0.081219 0.081219
0.081438 0.081438 0.081438 0.081838 0.081438 0.081438 0.081438 0.081438 0.093485 0.091734 0.081438 0.081438
0.081931 0.081931 0.081931 0.082403 0.081931 0.081931 0.081931 0.081931 0.083425 0.096790 0.081931 0.081931
0.008685 0.008685 0.008685 0.010115 0.008685 0.008685 0.009021 0.008685 0.008685 0.901833 0.009553 0.008685
0.081932 0.081932 0.081932 0.082734 0.081932 0.081932 0.082006 0.081932 0.083017 0.096768 0.081951 0.081932
0.026819 0.026819 0.026819 0.026819 0.026819 0.026819 0.026819 0.026819 0.026819 0.551649 0.180163 0.026819
0.029569 0.029569 0.029569 0.029569 0.029569 0.029569 0.029569 0.032523 0.029569 0.502725 0.198636 0.029569
0.083166 0.083166 0.083166 0.083166 0.083166 0.083166 0.083166 0.083166 0.083166 0.085170 0.083166 0.083166
0.006703 0.006703 0.006703 0.006703 0.006703 0.006703 0.006703 0.006703 0.006703 0.926265 0.006703 0.006703
0.028924 0.028924 0.028924 0.028924 0.028924 0.028924 0.028924 0.029621 0.028924 0.515754 0.194307 0.028924
0.053335 0.053335 0.053335 0.053335 0.053335 0.053335 0.053335 0.053335 0.053335 0.413315 0.053335 0.053335
0.006556 0.006556 0.006556 0.006564 0.006556 0.006556 0.006556 0.006556 0.006705 0.927728 0.006556 0.006556
0.007646 0.007646 0.007646 0.007646 0.007646 0.007646 0.007646 0.007646 0.007646 0.915894 0.007646 0.007646
0.045168 0.045168 0.045168 0.045168 0.045231 0.045278 0.045168 0.114158 0.119602 0.358464 0.046257 0.045168
0.007310 0.007310 0.007310 0.008021 0.007310 0.007310 0.007313 0.007310 0.007328 0.918323 0.007846 0.007310
0.053527 0.053527 0.053549 0.053527 0.053576 0.053531 0.053527 0.060549 0.053543 0.402824 0.054793 0.053527
0.027730 0.027730 0.028075 0.027730 0.028804 0.028030 0.027730 0.028163 0.028024 0.518571 0.201684 0.027730
0.083333 0.083333 0.083333 0.083333 0.083333 0.083333 0.083333 0.083333 0.083333 0.083333 0.083333 0.083333
0.028595 0.028595 0.028595 0.030083 0.028595 0.028595 0.028595 0.028595 0.065593 0.646965 0.028595 0.028595
0.083333 0.083333 0.083333 0.083333 0.083333 0.083333 0.083333 0.083333 0.083333 0.083333 0.083333 0.083333
0.081807 0.081807 0.081807 0.081807 0.082566 0.081996 0.081807 0.087056 0.083585 0.092149 0.081807 0.081807
0.081617 0.081617 0.081617 0.081998 0.081617 0.081617 0.081617 0.081617 0.091509 0.091936 0.081617 0.081617
0.083333 0.083333 0.083333 0.083333 0.083333 0.083333 0.083333 0.083333 0.083333 0.083333 0.083333 0.083333
0.007633 0.007633 0.007633 0.008989 0.007633 0.007633 0.008030 0.007633 0.007633 0.914288 0.007633 0.007633
0.083333 0.083333 0.083333 0.083333 0.083333 0.083333 0.083333 0.083333 0.083333 0.083333 0.083333 0.083333
0.026809 0.026809 0.026809 0.026809 0.026809 0.026809 0.026809 0.026809 0.026809 0.538476 0.193433 0.026809
0.030622 0.030622 0.030622 0.030622 0.030622 0.030622 0.030622 0.035324 0.030622 0.473336 0.215744 0.030622
0.083333 0.083333 0.083333 0.083333 0.083333 0.083333 0.083333 0.083333 0.083333 0.083333 0.083333 0.083333
0.006273 0.006273 0.006273 0.006273 0.006273 0.006273 0.006273 0.006273 0.006273 0.930996 0.006273 0.006273
0.026466 0.026466 0.026466 0.026466 0.026466 0.026466 0.026466 0.026466 0.026466 0.544387 0.190956 0.026466
0.054899 0.054899 0.054899 0.054899 0.054899 0.054899 0.054899 0.054899 0.054899 0.396109 0.054899 0.054899
0.006412 0.006412 0.006412 0.006412 0.006412 0.006412 0.006412 0.006412 0.006412 0.929308 0.006567 0.006412
0.008340 0.008340 0.008340 0.008340 0.008340 0.008340 0.008340 0.008340 0.008340 0.908261 0.008340 0.008340
0.043864 0.043864 0.043864 0.043864 0.043920 0.043973 0.043864 0.103229 0.118939 0.382893 0.043864 0.043864
0.008317 0.008317 0.008317 0.009560 0.008317 0.008317 0.008324 0.008317 0.008349 0.905764 0.009583 0.008517
0.051015 0.051015 0.051051 0.051015 0.051108 0.051016 0.051015 0.057883 0.051016 0.430603 0.052246 0.051015
0.028415 0.028415 0.029127 0.028415 0.030659 0.028731 0.028415 0.029310 0.028415 0.506668 0.205017 0.028415
0.081470 0.081470 0.081470 0.083487 0.083043 0.081531 0.081473 0.081851 0.083370 0.093981 0.085384 0.081470
0.031724 0.031724 0.031724 0.033375 0.031724 0.031724 0.031724 0.031724 0.072770 0.607570 0.031724 0.032489
0.082134 0.082134 0.082134 0.082134 0.082134 0.082134 0.082134 0.082134 0.082134 0.092518 0.086140 0.082134
0.080593 0.080593 0.080593 0.080593 0.082348 0.080593 0.080593 0.093180 0.080593 0.095209 0.084523 0.080593
0.080820 0.080820 0.080820 0.081045 0.080820 0.080820 0.080820 0.080820 0.086562 0.105017 0.080820 0.080820
0.081741 0.081741 0.081741 0.082211 0.081741 0.081741 0.081741 0.081741 0.083231 0.098892 0.081741 0.081741
0.008683 0.008683 0.008683 0.009970 0.008683 0.008683 0.009369 0.008683 0.008683 0.901646 0.009551 0.008683
0.081741 0.081741 0.081741 0.082542 0.081741 0.081741 0.081815 0.081741 0.082824 0.098881 0.081751 0.081741
0.026578 0.026578 0.026578 0.026578 0.026578 0.026578 0.026578 0.026578 0.026578 0.559866 0.174350 0.026578
0.029372 0.029372 0.029372 0.029372 0.029372 0.029372 0.029372 0.031547 0.029372 0.511425 0.192676 0.029372
0.082465 0.082465 0.082465 0.082465 0.082465 0.082465 0.082465 0.082465 0.082465 0.092890 0.082465 0.082465
0.007161 0.007161 0.007161 0.007161 0.007161 0.007161 0.007161 0.007161 0.007161 0.921234 0.007161 0.007161
0.029057 0.029057 0.029057 0.029057 0.029057 0.029057 0.029057 0.029757 0.029057 0.518123 0.190607 0.029057
0.052324 0.052324 0.052324 0.052324 0.052324 0.052324 0.052324 0.052324 0.052324 0.424322 0.052439 0.052324
0.007478 0.007478 0.007478 0.007488 0.007478 0.007478 0.007478 0.007478 0.007649 0.917379 0.007658 0.007478
0.007986 0.007986 0.007986 0.007986 0.007986 0.007986 0.007986 0.007986 0.007986 0.912152 0.007986 0.007986
0.045821 0.045821 0.045821 0.045821 0.045877 0.045930 0.045821 0.105303 0.118483 0.363657 0.045821 0.045821
0.008500 0.008500 0.008500 0.009114 0.008500 0.008500 0.008507 0.008500 0.008516 0.903888 0.010271 0.008705
0.051945 0.051945 0.051981 0.051945 0.052039 0.051946 0.051945 0.058585 0.051945 0.420581 0.053198 0.051945
0.029100 0.029100 0.029830 0.029100 0.031399 0.029424 0.029100 0.030017 0.029100 0.494764 0.209965 0.029100
0.082670 0.082670 0.082671 0.084662 0.084267 0.082732 0.082670 0.083057 0.084599 0.084662 0.082670 0.082670
0.031161 0.031161 0.031161 0.032873 0.031161 0.031161 0.031161 0.031161 0.074759 0.611165 0.031161 0.031912
0.083333 0.083333 0.083333 0.083333 0.083333 0.083333 0.083333 0.083333 0.083333 0.083333 0.083333 0.083333
0.081459 0.081459 0.081459 0.081459 0.083234 0.081648 0.081459 0.094182 0.083230 0.087491 0.081459 0.081459
0.081382 0.081382 0.081382 0.081534 0.081382 0.081382 0.081382 0.081382 0.085193 0.100831 0.081382 0.081382
0.082658 0.082658 0.082658 0.083134 0.082658 0.082658 0.082658 0.082658 0.084165 0.088778 0.082658 0.082658
0.008143 0.008143 0.008143 0.009232 0.008143 0.008143 0.008899 0.008143 0.008143 0.908185 0.008540 0.008143
0.082658 0.082658 0.082658 0.083468 0.082658 0.082658 0.082733 0.082658 0.083753 0.088768 0.082668 0.082658
0.026585 0.026585 0.026585 0.026585 0.026585 0.026585 0.026585 0.026585 0.026585 0.546844 0.187304 0.026585
0.029472 0.029472 0.029472 0.029472 0.029472 0.029472 0.029472 0.030909 0.029472 0.501085 0.202758 0.029472
0.083333 0.083333 0.083333 0.083333 0.083333 0.083333 0.083333 0.083333 0.083333 0.083333 0.083333 0.083333
0.006413 0.006413 0.006413 0.006413 0.006413 0.006413 0.006413 0.006413 0.006413 0.929451 0.006413 0.006413
0.029036 0.029036 0.029036 0.029036 0.029036 0.029036 0.029036 0.030452 0.029036 0.517752 0.190470 0.029036
0.052809 0.052809 0.052809 0.052809 0.052809 0.052809 0.052809 0.052809 0.052809 0.419101 0.052809 0.052809
0.006850 0.006850 0.006850 0.006868 0.006850 0.006850 0.006850 0.006850 0.007166 0.924313 0.006850 0.006850
0.007986 0.007986 0.007986 0.007986 0.007986 0.007986 0.007986 0.007986 0.007986 0.912152 0.007986 0.007986
0.046782 0.046782 0.046782 0.046782 0.046842 0.046887 0.046782 0.115460 0.115356 0.345697 0.049064 0.046782
0.007473 0.007473 0.007473 0.007829 0.007473 0.007473 0.007477 0.007473 0.007482 0.916691 0.008213 0.007473
0.054321 0.054321 0.054353 0.054322 0.054389 0.054329 0.054322 0.060897 0.054354 0.393151 0.056920 0.054321
0.029163 0.029163 0.029648 0.029163 0.030679 0.029688 0.029163 0.029772 0.029785 0.495829 0.208783 0.029163
0.081333 0.081333 0.081335 0.087355 0.086137 0.081517 0.081333 0.082479 0.087159 0.087355 0.081333 0.081333
0.033580 0.033580 0.033580 0.035279 0.033580 0.033580 0.033580 0.033580 0.075319 0.584692 0.033580 0.036067
0.083333 0.083333 0.083333 0.083333 0.083333 0.083333 0.083333 0.083333 0.083333 0.083333 0.083333 0.083333
0.081792 0.081792 0.081792 0.081792 0.082044 0.082171 0.081792 0.083505 0.085386 0.094352 0.081792 0.081792
0.081783 0.081783 0.081783 0.082012 0.081783 0.081783 0.081783 0.081783 0.087594 0.094343 0.081783 0.081783
0.081221 0.081221 0.081221 0.082632 0.081221 0.081221 0.081221 0.081221 0.085746 0.100631 0.081221 0.081221
0.008685 0.008685 0.008685 0.009768 0.008685 0.008685 0.008908 0.008685 0.008685 0.901828 0.010018 0.008685
0.081225 0.081225 0.081225 0.083634 0.081225 0.081225 0.081446 0.081225 0.084495 0.100600 0.081253 0.081225
0.026331 0.026331 0.026331 0.026331 0.026331 0.026331 0.026331 0.026331 0.026331 0.568030 0.168661 0.026331
0.028270 0.028270 0.028270 0.028270 0.028270 0.028270 0.028270 0.030363 0.028270 0.554453 0.160756 0.028270
0.083333 0.083333 0.083333 0.083333 0.083333 0.083333 0.083333 0.083333 0.083333 0.083333 0.083333 0.083333
0.006853 0.006853 0.006853 0.006853 0.006853 0.006853 0.006853 0.006853 0.006853 0.924622 0.006853 0.006853
0.029896 0.029896 0.029896 0.029896 0.029896 0.029896 0.029896 0.032109 0.029896 0.520536 0.178293 0.029896
0.052809 0.052809 0.052809 0.052809 0.052809 0.052809 0.052809 0.052809 0.052809 0.419101 0.052809 0.052809
0.007157 0.007157 0.007157 0.007184 0.007157 0.007157 0.007157 0.007157 0.007657 0.920749 0.007157 0.007157
0.007986 0.007986 0.007986 0.007986 0.007986 0.007986 0.007986 0.007986 0.007986 0.912152 0.007986 0.007986
0.048801 0.048801 0.048801 0.048801 0.048861 0.048904 0.048801 0.123341 0.114751 0.320158 0.051181 0.048801
0.007805 0.007805 0.007805 0.008369 0.007805 0.007805 0.007809 0.007805 0.007820 0.912986 0.008378 0.007805
0.054205 0.054205 0.054230 0.054205 0.054255 0.054212 0.054205 0.060401 0.054237 0.394841 0.056798 0.054205
0.028839 0.028839 0.029198 0.028839 0.029956 0.029305 0.028839 0.029290 0.029455 0.502137 0.206464 0.028839
0.081333 0.081333 0.081335 0.087355 0.086137 0.081517 0.081333 0.082479 0.087159 0.087355 0.081333 0.081333
0.034393 0.034393 0.034393 0.036233 0.034393 0.034393 0.034393 0.034393 0.080683 0.570998 0.034393 0.036940
0.083333 0.083333 0.083333 0.083333 0.083333 0.083333 0.083333 0.083333 0.083333 0.083333 0.083333 0.083333
0.081126 0.081126 0.081126 0.081126 0.082893 0.081502 0.081126 0.093797 0.084691 0.089233 0.081126 0.081126
0.080940 0.080940 0.080940 0.081016 0.080940 0.080940 0.080940 0.080940 0.082814 0.107708 0.080940 0.080940
0.081221 0.081221 0.081221 0.082632 0.081221 0.081221 0.081221 0.081221 0.085746 0.100631 0.081221 0.081221
0.008685 0.008685 0.008685 0.009285 0.008685 0.008685 0.009371 0.008685 0.008685 0.901846 0.010019 0.008685
0.081225 0.081225 0.081225 0.083634 0.081225 0.081225 0.081446 0.081225 0.084495 0.100600 0.081253 0.081225
0.026331 0.026331 0.026331 0.026331 0.026331 0.026331 0.026331 0.026331 0.026331 0.568030 0.168661 0.026331
0.029057 0.029057 0.029057 0.029057 0.029057 0.029057 0.029057 0.029757 0.029057 0.518123 0.190607 0.029057
0.083333 0.083333 0.083333 0.083333 0.083333 0.083333 0.083333 0.083333 0.083333 0.083333 0.083333 0.083333
0.006557 0.006557 0.006557 0.006557 0.006557 0.006557 0.006557 0.006557 0.006557 0.927874 0.006557 0.006557
0.029036 0.029036 0.029036 0.029036 0.029036 0.029036 0.029036 0.030452 0.029036 0.517752 0.190470 0.029036
0.052809 0.052809 0.052809 0.052809 0.052809 0.052809 0.052809 0.052809 0.052809 0.419101 0.052809 0.052809
0.006850 0.006850 0.006850 0.006868 0.006850 0.006850 0.006850 0.006850 0.007166 0.924313 0.006850 0.006850
0.007814 0.007814 0.007814 0.007814 0.007814 0.007814 0.007814 0.007814 0.007814 0.914041 0.007814 0.007814
0.045260 0.045260 0.045260 0.045260 0.045317 0.045367 0.045260 0.106516 0.117032 0.367857 0.046351 0.045260
0.007471 0.007471 0.007471 0.007648 0.007471 0.007471 0.007478 0.007471 0.007476 0.916493 0.008608 0.007471
0.053496 0.053496 0.053537 0.053496 0.053594 0.053500 0.053496 0.060334 0.053512 0.403280 0.054762 0.053496
0.029038 0.029038 0.029766 0.029038 0.031331 0.029515 0.029038 0.029953 0.029346 0.493702 0.211198 0.029038
0.082502 0.082502 0.082503 0.084490 0.084095 0.082564 0.082502 0.082888 0.084426 0.086525 0.082502 0.082502
0.031161 0.031161 0.031161 0.032873 0.031161 0.031161 0.031161 0.031161 0.074759 0.611165 0.031161 0.031912
0.083166 0.083166 0.083166 0.083166 0.083166 0.083166 0.083166 0.083166 0.083166 0.085170 0.083166 0.083166
0.081823 0.081823 0.081823 0.081823 0.082582 0.082012 0.081823 0.087074 0.083601 0.089999 0.083795 0.081823
0.081766 0.081766 0.081766 0.081918 0.081766 0.081766 0.081766 0.081766 0.085594 0.096595 0.081766 0.081766
0.081954 0.081954 0.081954 0.082900 0.081954 0.081954 0.081954 0.081954 0.084970 0.094540 0.081954 0.081954
0.007972 0.007972 0.007972 0.008645 0.007972 0.007972 0.008281 0.007972 0.007972 0.910530 0.008769 0.007972
0.081956 0.081956 0.081956 0.083569 0.081956 0.081956 0.082105 0.081956 0.084141 0.094519 0.081975 0.081956
0.026578 0.026578 0.026578 0.026578 0.026578 0.026578 0.026578 0.026578 0.026578 0.559873 0.174346 0.026578
0.028105 0.028105 0.028105 0.028105 0.028105 0.028105 0.028105 0.028782 0.028105 0.538251 0.180023 0.028105
0.083333 0.083333 0.083333 0.083333 0.083333 0.083333 0.083333 0.083333 0.083333 0.083333 0.083333 0.083333
0.006557 0.006557 0.006557 0.006557 0.006557 0.006557 0.006557 0.006557 0.006557 0.927874 0.006557 0.006557
0.028806 0.028806 0.028806 0.028806 0.028806 0.028806 0.028806 0.030211 0.028806 0.526022 0.184514 0.028806
0.053335 0.053335 0.053335 0.053335 0.053335 0.053335 0.053335 0.053335 0.053335 0.413315 0.053335 0.053335
0.007001 0.007001 0.007001 0.007019 0.007001 0.007001 0.007001 0.007001 0.007324 0.922475 0.007170 0.007001
0.007481 0.007481 0.007481 0.007481 0.007481 0.007481 0.007481 0.007481 0.007481 0.917709 0.007481 0.007481
0.046577 0.046577 0.046577 0.046577 0.046639 0.046685 0.046577 0.117720 0.117611 0.344183 0.047700 0.046577
0.007313 0.007313 0.007313 0.007485 0.007313 0.007313 0.007316 0.007313 0.007317 0.918668 0.007849 0.007489
0.055378 0.055378 0.055401 0.055378 0.055429 0.055382 0.055378 0.062268 0.055395 0.381179 0.058054 0.055378
0.028208 0.028208 0.028559 0.028208 0.029301 0.028513 0.028208 0.028649 0.028507 0.515099 0.200334 0.028208
