0.075202 0.075202 0.089901 0.076894 0.077493 0.094767 0.076003 0.076933 0.087348 0.075913 0.099299 0.095043
0.047709 0.047709 0.062162 0.059271 0.069197 0.050689 0.054814 0.058597 0.050464 0.049465 0.332937 0.116985
0.083333 0.083333 0.083333 0.083333 0.083333 0.083333 0.083333 0.083333 0.083333 0.083333 0.083333 0.083333
0.067530 0.067530 0.101744 0.070910 0.079094 0.078454 0.070893 0.071213 0.073907 0.071562 0.110601 0.136563
0.073882 0.073882 0.080350 0.081963 0.074033 0.087523 0.073901 0.083230 0.080604 0.074115 0.131509 0.085008
0.063409 0.063409 0.074758 0.067488 0.072281 0.063480 0.068586 0.066972 0.063758 0.071681 0.257560 0.066618
0.019813 0.019813 0.024978 0.020769 0.020572 0.020034 0.020115 0.022192 0.020159 0.027928 0.761063 0.022565
0.069054 0.069054 0.091764 0.081364 0.087918 0.074157 0.082576 0.081339 0.076277 0.091199 0.114840 0.080458
0.021617 0.021617 0.026977 0.022011 0.022622 0.023565 0.022160 0.021808 0.022919 0.037716 0.735350 0.021639
0.056804 0.056804 0.064871 0.056888 0.057576 0.056887 0.056945 0.056893 0.056909 0.060506 0.362051 0.056864
0.083333 0.083333 0.083333 0.083333 0.083333 0.083333 0.083333 0.083333 0.083333 0.083333 0.083333 0.083333
0.008340 0.008340 0.008341 0.008340 0.008340 0.008340 0.008340 0.008340 0.008340 0.008341 0.908255 0.008340
0.058886 0.058886 0.060451 0.058908 0.059035 0.060363 0.060262 0.058900 0.126252 0.073825 0.265345 0.058886
0.041699 0.041699 0.056877 0.051468 0.045617 0.042900 0.043221 0.048649 0.042580 0.048561 0.479450 0.057279
0.050765 0.050765 0.064317 0.062687 0.052883 0.051044 0.057854 0.070858 0.050968 0.053188 0.141026 0.293645
0.012067 0.012067 0.012175 0.012067 0.012068 0.012067 0.012067 0.012067 0.012067 0.012092 0.867127 0.012067
0.066898 0.066898 0.085515 0.066903 0.067352 0.123825 0.067759 0.066902 0.072880 0.080657 0.167512 0.066898
0.009695 0.009695 0.010220 0.010041 0.009916 0.009695 0.010203 0.009953 0.009695 0.010494 0.890234 0.010158
0.049547 0.049547 0.100012 0.052435 0.061306 0.056389 0.052847 0.051919 0.052488 0.061239 0.204364 0.207907
0.013632 0.013632 0.014885 0.013658 0.013763 0.013662 0.013675 0.013659 0.013677 0.025566 0.836537 0.013653
0.074533 0.074533 0.089950 0.077411 0.078221 0.088515 0.075455 0.077397 0.084767 0.075399 0.101226 0.102594
0.038322 0.038322 0.047267 0.046600 0.055445 0.040103 0.043987 0.045860 0.040535 0.040186 0.479877 0.083496
0.083333 0.083333 0.083333 0.083333 0.083333 0.083333 0.083333 0.083333 0.083333 0.083333 0.083333 0.083333
0.068707 0.068707 0.099493 0.071678 0.078251 0.077004 0.071390 0.071909 0.073928 0.071967 0.111968 0.134997
0.074132 0.074132 0.080628 0.082602 0.074267 0.085561 0.074149 0.079210 0.079804 0.074304 0.138530 0.082680
0.067982 0.067982 0.077363 0.072014 0.076577 0.068043 0.073088 0.071487 0.068279 0.075436 0.210597 0.071153
0.011771 0.011771 0.014812 0.012624 0.012166 0.011874 0.011914 0.012658 0.011930 0.015804 0.859425 0.013249
0.071832 0.071832 0.089621 0.082259 0.087465 0.075851 0.083250 0.082224 0.077693 0.089868 0.106590 0.081514
0.016518 0.016518 0.020855 0.016849 0.017337 0.018330 0.016988 0.016709 0.017201 0.032915 0.793251 0.016531
0.061591 0.061591 0.069198 0.061673 0.062336 0.061671 0.061728 0.061677 0.061693 0.065136 0.310057 0.061649
0.083333 0.083333 0.083333 0.083333 0.083333 0.083333 0.083333 0.083333 0.083333 0.083333 0.083333 0.083333
0.006136 0.006136 0.006136 0.006136 0.006136 0.006136 0.006136 0.006136 0.006136 0.006136 0.932507 0.006136
0.054104 0.054104 0.056231 0.054135 0.054323 0.055736 0.055614 0.054125 0.133874 0.070974 0.302677 0.054104
0.041895 0.041895 0.058582 0.052563 0.046355 0.043269 0.043627 0.052844 0.042873 0.048816 0.464650 0.062631
0.046516 0.046516 0.057040 0.057388 0.048204 0.046738 0.053773 0.065181 0.046669 0.048504 0.106807 0.376665
0.010883 0.010883 0.010987 0.010883 0.010883 0.010883 0.010883 0.010883 0.010883 0.010907 0.880160 0.010883
0.065642 0.065642 0.083846 0.065646 0.066080 0.131611 0.066161 0.065645 0.072696 0.079940 0.171450 0.065642
0.008376 0.008376 0.008806 0.008751 0.008567 0.008376 0.008886 0.008599 0.008376 0.008909 0.905142 0.008837
0.049499 0.049499 0.102219 0.052506 0.061640 0.057866 0.053028 0.051904 0.051295 0.063262 0.189440 0.217841
0.011757 0.011757 0.012879 0.011780 0.011878 0.011784 0.011796 0.011782 0.011796 0.019740 0.861275 0.011776
0.073975 0.073975 0.092054 0.075319 0.075662 0.097045 0.074368 0.075320 0.088274 0.074379 0.104247 0.095382
0.049647 0.049647 0.066913 0.062897 0.072605 0.053392 0.057383 0.062348 0.052760 0.051203 0.259912 0.161292
0.083333 0.083333 0.083333 0.083333 0.083333 0.083333 0.083333 0.083333 0.083333 0.083333 0.083333 0.083333
0.063935 0.063935 0.099361 0.067573 0.076801 0.074733 0.067750 0.067936 0.069961 0.068412 0.106687 0.172915
0.073585 0.073585 0.081216 0.080558 0.073652 0.094250 0.073593 0.081800 0.083562 0.073672 0.129528 0.080998
0.059953 0.059953 0.072726 0.065292 0.071538 0.060026 0.066744 0.064604 0.060381 0.070277 0.284360 0.064145
0.016894 0.016894 0.021161 0.017277 0.017522 0.017085 0.017152 0.018924 0.017198 0.023606 0.797477 0.018810
0.067007 0.067007 0.092095 0.081650 0.089177 0.072311 0.083084 0.081606 0.075071 0.092782 0.117624 0.080587
0.018974 0.018974 0.023690 0.019287 0.019803 0.020279 0.019407 0.019128 0.019577 0.031414 0.770473 0.018995
0.047564 0.047564 0.056040 0.047652 0.048373 0.047651 0.047712 0.047657 0.047674 0.051456 0.463032 0.047627
0.083333 0.083333 0.083333 0.083333 0.083333 0.083333 0.083333 0.083333 0.083333 0.083333 0.083333 0.083333
0.007647 0.007647 0.007647 0.007647 0.007647 0.007647 0.007647 0.007647 0.007647 0.007647 0.915888 0.007647
0.059455 0.059455 0.061170 0.059479 0.059621 0.061215 0.061098 0.059471 0.127482 0.077593 0.254505 0.059455
0.038432 0.038432 0.052793 0.048036 0.042070 0.039547 0.039834 0.045409 0.039261 0.044713 0.517410 0.054063
0.047924 0.047924 0.061189 0.060636 0.050020 0.048201 0.053814 0.067430 0.048122 0.050351 0.134456 0.329931
0.010650 0.010650 0.010745 0.010650 0.010650 0.010650 0.010650 0.010650 0.010650 0.010672 0.882735 0.010650
0.068096 0.068096 0.086274 0.068100 0.068342 0.134256 0.068367 0.068099 0.074627 0.076525 0.151122 0.068096
0.009220 0.009220 0.009600 0.009383 0.009352 0.009220 0.009481 0.009372 0.009220 0.009851 0.896624 0.009459
0.048785 0.048785 0.096971 0.051330 0.059686 0.052628 0.051589 0.050987 0.050174 0.056632 0.196494 0.235937
0.013803 0.013803 0.014862 0.013823 0.013907 0.013826 0.013837 0.013824 0.013842 0.025511 0.835144 0.013819
0.074409 0.074409 0.090031 0.076524 0.077600 0.094584 0.076003 0.076651 0.086171 0.075754 0.098726 0.099137
0.038833 0.038833 0.048203 0.047350 0.054764 0.040886 0.044320 0.046746 0.041269 0.040452 0.467005 0.091341
0.083333 0.083333 0.083333 0.083333 0.083333 0.083333 0.083333 0.083333 0.083333 0.083333 0.083333 0.083333
0.068152 0.068152 0.100988 0.071271 0.078352 0.073314 0.071094 0.071551 0.071324 0.071644 0.113459 0.140699
0.074686 0.074686 0.081233 0.087492 0.074853 0.089636 0.074707 0.077721 0.082027 0.074979 0.123639 0.084343
0.067909 0.067909 0.077758 0.071727 0.076139 0.067970 0.072749 0.071250 0.068246 0.075466 0.211960 0.070917
0.012056 0.012056 0.015238 0.013417 0.012458 0.012160 0.012201 0.012633 0.012213 0.016211 0.855620 0.013736
0.071980 0.071980 0.089733 0.082167 0.087272 0.075917 0.083131 0.082150 0.077913 0.089656 0.106656 0.081445
0.016443 0.016443 0.020804 0.016722 0.017164 0.017246 0.016860 0.016639 0.017041 0.033307 0.794876 0.016456
0.063599 0.063599 0.070858 0.063675 0.064296 0.063674 0.063726 0.063679 0.063694 0.066927 0.288620 0.063653
0.083333 0.083333 0.083333 0.083333 0.083333 0.083333 0.083333 0.083333 0.083333 0.083333 0.083333 0.083333
0.005613 0.005613 0.005613 0.005613 0.005613 0.005613 0.005613 0.005613 0.005613 0.005613 0.938260 0.005613
0.050610 0.050610 0.053093 0.050649 0.050879 0.053072 0.052898 0.050636 0.137795 0.078050 0.321098 0.050610
0.044273 0.044273 0.063452 0.055221 0.049665 0.045959 0.046373 0.059738 0.045566 0.051730 0.424103 0.069648
0.042523 0.042523 0.050762 0.049972 0.043887 0.042706 0.048741 0.058306 0.042663 0.044045 0.094635 0.439236
0.009608 0.009608 0.009719 0.009608 0.009609 0.009608 0.009608 0.009608 0.009608 0.009635 0.894173 0.009608
0.064405 0.064405 0.081548 0.064406 0.064661 0.133277 0.065038 0.064406 0.077169 0.076585 0.179696 0.064405
0.007365 0.007365 0.007608 0.007900 0.007411 0.007365 0.007890 0.007413 0.007365 0.007739 0.916754 0.007826
0.048252 0.048252 0.095817 0.050589 0.058814 0.053618 0.050828 0.050749 0.050783 0.058098 0.205688 0.228510
0.011379 0.011379 0.012419 0.011403 0.011489 0.011405 0.011416 0.011404 0.011417 0.022991 0.861900 0.011398
0.074760 0.074760 0.089277 0.077929 0.079106 0.089361 0.076288 0.077984 0.084771 0.076103 0.098850 0.100811
0.034633 0.034633 0.041854 0.041921 0.049795 0.036025 0.039635 0.041189 0.036806 0.036419 0.535501 0.071588
0.083333 0.083333 0.083333 0.083333 0.083333 0.083333 0.083333 0.083333 0.083333 0.083333 0.083333 0.083333
0.069556 0.069556 0.099720 0.072348 0.078306 0.076612 0.071951 0.072539 0.074156 0.072543 0.112701 0.130012
0.073401 0.073401 0.080458 0.083170 0.073620 0.085834 0.073429 0.078436 0.079550 0.073756 0.142154 0.082792
0.066354 0.066354 0.076437 0.070588 0.075428 0.066416 0.071720 0.070043 0.066688 0.074322 0.225966 0.069684
0.013250 0.013250 0.016963 0.014396 0.013745 0.013376 0.013427 0.014258 0.013437 0.018587 0.840219 0.015091
0.071826 0.071826 0.089594 0.082210 0.087414 0.075936 0.083181 0.082164 0.077666 0.089650 0.107071 0.081460
0.018452 0.018452 0.023006 0.018780 0.019280 0.020241 0.018929 0.018659 0.019598 0.036341 0.769796 0.018466
0.064044 0.064044 0.071293 0.064124 0.064768 0.064122 0.064177 0.064128 0.064143 0.067455 0.283602 0.064101
0.083333 0.083333 0.083333 0.083333 0.083333 0.083333 0.083333 0.083333 0.083333 0.083333 0.083333 0.083333
0.005739 0.005739 0.005740 0.005739 0.005739 0.005739 0.005739 0.005739 0.005739 0.005740 0.936865 0.005739
0.047440 0.047440 0.049686 0.047473 0.047668 0.048993 0.048872 0.047462 0.120240 0.063664 0.383624 0.047440
0.045736 0.045736 0.064734 0.059667 0.050978 0.047360 0.047771 0.060032 0.046873 0.053364 0.404231 0.073517
0.043333 0.043333 0.051506 0.052783 0.044630 0.043506 0.049643 0.057924 0.043461 0.044798 0.092924 0.432158
0.009812 0.009812 0.009924 0.009812 0.009813 0.009812 0.009812 0.009812 0.009812 0.009838 0.891929 0.009812
0.063719 0.063719 0.084865 0.063723 0.064186 0.131318 0.064284 0.063722 0.073098 0.080432 0.183215 0.063719
0.007146 0.007146 0.007469 0.007467 0.007270 0.007146 0.007545 0.007288 0.007146 0.007568 0.919304 0.007505
0.048671 0.048671 0.097261 0.051458 0.059831 0.056518 0.051759 0.051070 0.050311 0.061449 0.187118 0.235884
0.010527 0.010527 0.011550 0.010551 0.010643 0.010554 0.010565 0.010552 0.010564 0.018788 0.874632 0.010547
0.075549 0.075549 0.090422 0.077998 0.078632 0.090863 0.076227 0.078006 0.086439 0.076344 0.102135 0.091837
0.039267 0.039267 0.048733 0.048039 0.056147 0.040970 0.044713 0.047264 0.041926 0.041121 0.464380 0.088174
0.083166 0.083166 0.083168 0.083166 0.083166 0.083166 0.083166 0.083166 0.083166 0.083167 0.085168 0.083166
0.069188 0.069188 0.097451 0.072171 0.078555 0.076317 0.071747 0.072366 0.073843 0.072329 0.114114 0.132731
0.075231 0.075231 0.081028 0.082775 0.075509 0.086826 0.075388 0.080597 0.080985 0.075595 0.127716 0.083119
0.069596 0.069596 0.078300 0.073174 0.077225 0.071331 0.074123 0.072712 0.069872 0.076330 0.195330 0.072412
0.011138 0.011138 0.013928 0.011791 0.011485 0.011229 0.011264 0.011971 0.011279 0.014884 0.867502 0.012389
0.072457 0.072457 0.089338 0.081985 0.086816 0.078165 0.082886 0.081963 0.078043 0.089062 0.105526 0.081302
0.015274 0.015274 0.019411 0.015585 0.016044 0.016943 0.015717 0.015458 0.015924 0.031603 0.807481 0.015286
0.064398 0.064398 0.071527 0.064473 0.065086 0.064472 0.064523 0.064477 0.064492 0.067675 0.280030 0.064451
0.083166 0.083166 0.083201 0.083166 0.083167 0.083166 0.083166 0.083166 0.083166 0.083177 0.085123 0.083166
0.005248 0.005248 0.005248 0.005248 0.005248 0.005248 0.005248 0.005248 0.005248 0.005248 0.942270 0.005248
0.049963 0.049963 0.052191 0.049996 0.050191 0.051927 0.051786 0.049985 0.153196 0.071032 0.319806 0.049963
0.041488 0.041488 0.060598 0.054339 0.046794 0.043131 0.043564 0.053366 0.042697 0.049354 0.457800 0.065381
0.043103 0.043103 0.052528 0.051939 0.044668 0.043370 0.051390 0.062527 0.043299 0.044908 0.104172 0.414995
0.008627 0.008627 0.008723 0.008627 0.008628 0.008627 0.008627 0.008627 0.008627 0.008650 0.904979 0.008627
0.065527 0.065527 0.085728 0.065530 0.065861 0.129105 0.065916 0.065529 0.072152 0.074797 0.178802 0.065527
0.007489 0.007489 0.007794 0.007824 0.007616 0.007489 0.007907 0.007638 0.007489 0.007996 0.915406 0.007865
0.047097 0.047097 0.099276 0.049994 0.059358 0.052476 0.050408 0.049672 0.048742 0.057193 0.220436 0.218251
0.011193 0.011193 0.012045 0.011207 0.011267 0.011209 0.011217 0.011208 0.011219 0.022154 0.864884 0.011204
0.075358 0.075358 0.090905 0.077411 0.078144 0.089495 0.076290 0.077435 0.084693 0.076238 0.100734 0.097939
0.038015 0.038015 0.046371 0.045508 0.056444 0.039662 0.044046 0.044706 0.039465 0.040128 0.484234 0.083408
0.083333 0.083333 0.083333 0.083333 0.083333 0.083333 0.083333 0.083333 0.083333 0.083333 0.083333 0.083333
0.069665 0.069665 0.097825 0.072281 0.078712 0.075829 0.072384 0.072540 0.073087 0.072940 0.102119 0.142953
0.074618 0.074618 0.081303 0.082439 0.074748 0.087250 0.074634 0.079728 0.080863 0.074812 0.132697 0.082293
0.069772 0.069772 0.078881 0.074188 0.079106 0.069826 0.075363 0.073609 0.070087 0.077696 0.188454 0.073245
0.010847 0.010847 0.013539 0.011480 0.011182 0.010932 0.010965 0.011655 0.010980 0.013766 0.871746 0.012062
0.072013 0.072013 0.088829 0.082798 0.087914 0.075762 0.083800 0.082730 0.077579 0.090100 0.104427 0.082036
0.016766 0.016766 0.020863 0.017080 0.017544 0.018252 0.017216 0.016953 0.017839 0.033042 0.790902 0.016778
0.063693 0.063693 0.071090 0.063776 0.064448 0.063775 0.063832 0.063781 0.063797 0.067242 0.287123 0.063752
0.083333 0.083333 0.083333 0.083333 0.083333 0.083333 0.083333 0.083333 0.083333 0.083333 0.083333 0.083333
0.006136 0.006136 0.006136 0.006136 0.006136 0.006136 0.006136 0.006136 0.006136 0.006136 0.932508 0.006136
0.050774 0.050774 0.053060 0.050807 0.051005 0.052543 0.052411 0.050796 0.134958 0.069412 0.332686 0.050774
0.043864 0.043864 0.061829 0.057936 0.048935 0.045442 0.045850 0.056901 0.045012 0.050856 0.428965 0.070546
0.042922 0.042922 0.051758 0.054216 0.044320 0.043105 0.049959 0.059131 0.043043 0.044595 0.089918 0.434110
0.009200 0.009200 0.009300 0.009200 0.009200 0.009200 0.009200 0.009200 0.009200 0.009223 0.898678 0.009200
0.064191 0.064191 0.087540 0.064194 0.064607 0.142642 0.065014 0.064193 0.073724 0.079195 0.166320 0.064191
0.006991 0.006991 0.007273 0.007115 0.007092 0.006991 0.007189 0.007106 0.006991 0.007336 0.921755 0.007172
0.048192 0.048192 0.094440 0.050810 0.059188 0.055754 0.051149 0.050491 0.050702 0.060515 0.167571 0.262996
0.010193 0.010193 0.011137 0.010216 0.010304 0.010219 0.010230 0.010217 0.010229 0.017166 0.879684 0.010212
0.074539 0.074539 0.091265 0.076637 0.077272 0.093933 0.075333 0.076658 0.087096 0.075252 0.102806 0.094669
0.042094 0.042094 0.053916 0.052220 0.060980 0.044723 0.048574 0.051595 0.044733 0.043823 0.404632 0.110616
0.083333 0.083333 0.083333 0.083333 0.083333 0.083333 0.083333 0.083333 0.083333 0.083333 0.083333 0.083333
0.066380 0.066380 0.100382 0.069947 0.078393 0.072892 0.069897 0.070289 0.070192 0.070446 0.113183 0.151617
0.074003 0.074003 0.081339 0.082771 0.074132 0.089979 0.074019 0.077008 0.081822 0.074196 0.136824 0.079904
0.063248 0.063248 0.074588 0.067817 0.073122 0.063319 0.069049 0.067231 0.063617 0.072098 0.255823 0.066840
0.013484 0.013484 0.017153 0.014300 0.013979 0.013621 0.013672 0.014149 0.013696 0.018874 0.838892 0.014696
0.069994 0.069994 0.090727 0.081932 0.087999 0.074542 0.083083 0.081906 0.076802 0.090867 0.111078 0.081075
0.016931 0.016931 0.021070 0.017190 0.017614 0.018333 0.017310 0.017102 0.017900 0.031430 0.791242 0.016947
0.058991 0.058991 0.066838 0.059072 0.059737 0.059071 0.059127 0.059077 0.059093 0.062576 0.338376 0.059049
0.083333 0.083333 0.083333 0.083333 0.083333 0.083333 0.083333 0.083333 0.083333 0.083333 0.083333 0.083333
0.006557 0.006557 0.006558 0.006557 0.006557 0.006557 0.006557 0.006557 0.006557 0.006557 0.927869 0.006557
0.054621 0.054621 0.057119 0.054659 0.054883 0.056530 0.056385 0.054646 0.132003 0.074741 0.295172 0.054621
0.042388 0.042388 0.059479 0.053873 0.046982 0.043809 0.044175 0.055521 0.043451 0.049623 0.451881 0.066429
0.046394 0.046394 0.058048 0.055252 0.048303 0.046648 0.052874 0.064755 0.046585 0.048553 0.124661 0.361532
0.010220 0.010220 0.010320 0.010220 0.010220 0.010220 0.010220 0.010220 0.010220 0.010243 0.887458 0.010220
0.068167 0.068167 0.084946 0.068168 0.068481 0.137467 0.068903 0.068168 0.077173 0.079314 0.142879 0.068167
0.008476 0.008476 0.008694 0.008779 0.008503 0.008476 0.008774 0.008504 0.008476 0.008950 0.905154 0.008738
0.048492 0.048492 0.096171 0.050775 0.059372 0.053209 0.051112 0.050869 0.050772 0.057550 0.203803 0.229383
0.013826 0.013826 0.014950 0.013849 0.013940 0.013852 0.013864 0.013850 0.013867 0.026721 0.833611 0.013845
0.076347 0.076347 0.088570 0.077385 0.077899 0.094382 0.077013 0.077398 0.087103 0.077067 0.094749 0.095740
0.040520 0.040520 0.050008 0.049762 0.059581 0.042533 0.046885 0.048939 0.043061 0.042547 0.444502 0.091142
0.083333 0.083333 0.083333 0.083333 0.083333 0.083333 0.083333 0.083333 0.083333 0.083333 0.083333 0.083333
0.069481 0.069481 0.096920 0.072405 0.079006 0.078992 0.072193 0.072636 0.075340 0.072733 0.107621 0.133193
0.075470 0.075470 0.081376 0.083012 0.075582 0.090573 0.075484 0.082796 0.082884 0.075664 0.117623 0.084064
0.065281 0.065281 0.076170 0.069247 0.073906 0.065346 0.070315 0.068759 0.065653 0.073379 0.238256 0.068407
0.012530 0.012530 0.015832 0.013274 0.012951 0.012644 0.012688 0.013828 0.012704 0.017169 0.849595 0.014255
0.070416 0.070416 0.091257 0.081473 0.087317 0.074991 0.082554 0.081485 0.077273 0.090297 0.111844 0.080678
0.016548 0.016548 0.021169 0.016886 0.017402 0.017470 0.017027 0.016733 0.017640 0.033431 0.792582 0.016563
0.059843 0.059843 0.067583 0.059923 0.060576 0.059922 0.059976 0.059927 0.059943 0.063361 0.329203 0.059900
0.083333 0.083333 0.083333 0.083333 0.083333 0.083333 0.083333 0.083333 0.083333 0.083333 0.083333 0.083333
0.004797 0.004797 0.004797 0.004797 0.004797 0.004797 0.004797 0.004797 0.004797 0.004797 0.947237 0.004797
0.051982 0.051982 0.054074 0.052012 0.052192 0.054363 0.054206 0.052002 0.134896 0.078212 0.312098 0.051982
0.040119 0.040119 0.057987 0.052515 0.045058 0.041660 0.042044 0.050928 0.041322 0.047192 0.478588 0.062467
0.040602 0.040602 0.048900 0.048894 0.042001 0.040789 0.047281 0.058106 0.040745 0.042172 0.093270 0.456638
0.007586 0.007586 0.007679 0.007586 0.007586 0.007586 0.007586 0.007586 0.007586 0.007609 0.916438 0.007586
0.063208 0.063208 0.087483 0.063213 0.063497 0.121454 0.063835 0.063211 0.073120 0.074200 0.200362 0.063208
0.005913 0.005913 0.006231 0.006124 0.006049 0.005913 0.006223 0.006071 0.005913 0.006289 0.933165 0.006195
0.047146 0.047146 0.096273 0.050253 0.059340 0.052650 0.050508 0.049787 0.050230 0.057180 0.204478 0.235009
0.009489 0.009489 0.010293 0.009506 0.009571 0.009508 0.009516 0.009507 0.009517 0.018556 0.885545 0.009503
0.074161 0.074161 0.087945 0.076316 0.077282 0.092678 0.075549 0.076413 0.085367 0.075332 0.096058 0.108739
0.035500 0.035500 0.043091 0.043007 0.050327 0.037150 0.040571 0.042364 0.037726 0.037134 0.512766 0.084865
0.083333 0.083333 0.083333 0.083333 0.083333 0.083333 0.083333 0.083333 0.083333 0.083333 0.083333 0.083333
0.067716 0.067716 0.098388 0.070642 0.076912 0.076952 0.070293 0.070876 0.073650 0.070803 0.113151 0.142899
0.074549 0.074549 0.080332 0.087687 0.074672 0.090642 0.074565 0.081787 0.082423 0.074759 0.116204 0.087830
0.068000 0.068000 0.078040 0.071864 0.076357 0.068057 0.072901 0.071395 0.068375 0.075786 0.210176 0.071049
0.012216 0.012216 0.015375 0.013425 0.012609 0.012320 0.012361 0.013474 0.012372 0.016806 0.852454 0.014373
0.071214 0.071214 0.090081 0.082121 0.087555 0.075294 0.083146 0.082108 0.077580 0.090028 0.108307 0.081353
0.016031 0.016031 0.020831 0.016385 0.016909 0.016968 0.016531 0.016222 0.016739 0.033294 0.798016 0.016044
0.061997 0.061997 0.069541 0.062078 0.062733 0.062077 0.062132 0.062082 0.062098 0.065494 0.305717 0.062055
0.083333 0.083333 0.083333 0.083333 0.083333 0.083333 0.083333 0.083333 0.083333 0.083333 0.083333 0.083333
0.005367 0.005367 0.005367 0.005367 0.005367 0.005367 0.005367 0.005367 0.005367 0.005367 0.940962 0.005367
0.050518 0.050518 0.052496 0.050547 0.050722 0.052832 0.052679 0.050537 0.144196 0.076011 0.318426 0.050518
0.042694 0.042694 0.063205 0.054807 0.048556 0.044524 0.044985 0.055126 0.044088 0.050546 0.442850 0.065927
0.042786 0.042786 0.051139 0.051504 0.044133 0.042966 0.050170 0.061736 0.042922 0.044294 0.095272 0.430292
0.008819 0.008819 0.008919 0.008819 0.008820 0.008819 0.008819 0.008819 0.008819 0.008844 0.902864 0.008819
0.064981 0.064981 0.081543 0.064985 0.065181 0.126013 0.065178 0.064984 0.072344 0.071685 0.193145 0.064981
0.007596 0.007596 0.007993 0.008148 0.007769 0.007596 0.008254 0.007798 0.007596 0.008172 0.913299 0.008185
0.047240 0.047240 0.098811 0.050345 0.059246 0.052286 0.050641 0.049797 0.049297 0.056786 0.219496 0.218816
0.010979 0.010979 0.011918 0.010995 0.011063 0.010998 0.011006 0.010996 0.011008 0.022044 0.867021 0.010992
0.075166 0.075166 0.091020 0.076484 0.076937 0.097364 0.075766 0.076513 0.088627 0.075725 0.101044 0.090187
0.042458 0.042458 0.053827 0.052566 0.061367 0.044702 0.048668 0.051812 0.045332 0.044298 0.401241 0.111272
0.083333 0.083333 0.083333 0.083333 0.083333 0.083333 0.083333 0.083333 0.083333 0.083333 0.083333 0.083333
0.067833 0.067833 0.097392 0.070930 0.077954 0.073983 0.070688 0.071166 0.071628 0.071284 0.108915 0.150396
0.075546 0.075546 0.081749 0.083436 0.075632 0.091851 0.075557 0.079656 0.083525 0.075676 0.120309 0.081517
0.067530 0.067530 0.077630 0.071602 0.076289 0.067589 0.072693 0.071092 0.067885 0.075476 0.213947 0.070738
0.009917 0.009917 0.012397 0.010495 0.010216 0.009996 0.010026 0.010518 0.010038 0.013101 0.882471 0.010908
0.071996 0.071996 0.089386 0.082453 0.087529 0.075747 0.083427 0.082426 0.077870 0.089828 0.105620 0.081722
0.015242 0.015242 0.019068 0.015511 0.015927 0.016133 0.015638 0.015422 0.015817 0.030842 0.809907 0.015253
0.064058 0.064058 0.071341 0.064139 0.064788 0.064137 0.064192 0.064143 0.064158 0.067497 0.283374 0.064115
0.083333 0.083333 0.083333 0.083333 0.083333 0.083333 0.083333 0.083333 0.083333 0.083333 0.083333 0.083333
0.004906 0.004906 0.004906 0.004906 0.004906 0.004906 0.004906 0.004906 0.004906 0.004906 0.946035 0.004906
0.049689 0.049689 0.052255 0.049727 0.049953 0.052218 0.052042 0.049715 0.152391 0.078146 0.314483 0.049689
0.040730 0.040730 0.060023 0.054828 0.046247 0.042455 0.042890 0.054533 0.042061 0.048071 0.459209 0.068225
0.037932 0.037932 0.045337 0.046775 0.039127 0.038092 0.044819 0.054522 0.038053 0.039269 0.084464 0.493678
0.006955 0.006955 0.007045 0.006955 0.006955 0.006955 0.006955 0.006955 0.006955 0.006977 0.923387 0.006955
0.065457 0.065457 0.087314 0.065459 0.065584 0.139154 0.065588 0.065458 0.073740 0.069490 0.171842 0.065457
0.006468 0.006468 0.006674 0.006699 0.006542 0.006469 0.006743 0.006554 0.006469 0.006836 0.927362 0.006715
0.046035 0.046035 0.094423 0.048770 0.057601 0.049273 0.048956 0.048634 0.047528 0.053208 0.212916 0.246623
0.010401 0.010401 0.011041 0.010410 0.010450 0.010412 0.010417 0.010410 0.010420 0.021194 0.874036 0.010408
0.076221 0.076221 0.090845 0.076641 0.076685 0.088419 0.076221 0.076629 0.083894 0.076299 0.100000 0.101927
0.038795 0.038795 0.048169 0.047899 0.055076 0.040599 0.044144 0.047162 0.041810 0.040489 0.467025 0.090037
0.083333 0.083333 0.083333 0.083333 0.083333 0.083333 0.083333 0.083333 0.083333 0.083333 0.083333 0.083333
0.066464 0.066464 0.101118 0.069926 0.077398 0.073692 0.069431 0.070162 0.071227 0.070083 0.119463 0.144574
0.075444 0.075444 0.082748 0.085468 0.075454 0.088207 0.075445 0.080600 0.081750 0.075448 0.118906 0.085086
0.063005 0.063005 0.073522 0.068218 0.074080 0.063076 0.069614 0.067504 0.063317 0.071958 0.255612 0.067088
0.014687 0.014687 0.018417 0.015768 0.015187 0.014839 0.014894 0.015812 0.014923 0.021611 0.822627 0.016549
0.069106 0.069106 0.090354 0.082212 0.088763 0.074041 0.083447 0.082112 0.075905 0.091350 0.112358 0.081245
0.015370 0.015370 0.019763 0.015650 0.016100 0.016161 0.015769 0.015529 0.015938 0.029993 0.808972 0.015385
0.056383 0.056383 0.064480 0.056471 0.057181 0.056469 0.056529 0.056475 0.056492 0.060153 0.366537 0.056445
0.083333 0.083333 0.083333 0.083333 0.083333 0.083333 0.083333 0.083333 0.083333 0.083333 0.083333 0.083333
0.005779 0.005779 0.005794 0.005780 0.005783 0.005780 0.005781 0.005780 0.005781 0.005794 0.936388 0.005780
0.054090 0.054090 0.056331 0.054124 0.054323 0.056331 0.056176 0.054113 0.147226 0.078334 0.280770 0.054090
0.040518 0.040518 0.059573 0.052522 0.045851 0.042177 0.042608 0.052848 0.041806 0.048344 0.469315 0.063922
0.042156 0.042156 0.051295 0.052018 0.043656 0.042357 0.050236 0.058174 0.042315 0.043800 0.105157 0.426680
0.007916 0.007916 0.008006 0.007916 0.007916 0.007916 0.007916 0.007916 0.007916 0.007937 0.912815 0.007916
0.065760 0.065760 0.085538 0.065762 0.065985 0.144925 0.066020 0.065762 0.072787 0.072048 0.163895 0.065760
0.006994 0.006994 0.007277 0.007288 0.007114 0.006995 0.007291 0.007087 0.006995 0.007480 0.921184 0.007301
0.046440 0.046440 0.094154 0.049071 0.057761 0.050771 0.049310 0.048933 0.049026 0.054924 0.216434 0.236737
0.011418 0.011418 0.012226 0.011431 0.011488 0.011434 0.011441 0.011432 0.011444 0.023861 0.860702 0.011704
0.076374 0.076374 0.087280 0.078405 0.078820 0.093023 0.076780 0.078374 0.087907 0.076755 0.097544 0.092364
0.035325 0.035325 0.042082 0.042661 0.053722 0.036522 0.041192 0.041694 0.037191 0.037640 0.524165 0.072480
0.083167 0.083167 0.083471 0.083167 0.083173 0.083167 0.083167 0.083167 0.083167 0.083177 0.084844 0.083167
0.072620 0.072620 0.091407 0.074758 0.079165 0.081764 0.074386 0.074875 0.080423 0.074823 0.100726 0.122432
0.076215 0.076215 0.079834 0.081773 0.076326 0.087963 0.076229 0.083615 0.082045 0.076348 0.119488 0.083949
0.073801 0.073801 0.081255 0.076233 0.079108 0.073842 0.076883 0.075961 0.074095 0.079157 0.160134 0.075729
0.008341 0.008341 0.010500 0.008606 0.008589 0.008389 0.008418 0.009428 0.008413 0.010507 0.901001 0.009466
0.076194 0.076194 0.087845 0.082444 0.085557 0.078721 0.083016 0.082467 0.080298 0.087104 0.098141 0.082020
0.015223 0.015223 0.019477 0.015628 0.016171 0.017201 0.015787 0.015434 0.016436 0.035882 0.802308 0.015230
0.072548 0.072548 0.077812 0.072602 0.073049 0.072602 0.072639 0.072605 0.072616 0.074946 0.193446 0.072587
0.083333 0.083333 0.083333 0.083333 0.083333 0.083333 0.083333 0.083333 0.083333 0.083333 0.083333 0.083333
0.004284 0.004284 0.004284 0.004284 0.004284 0.004284 0.004284 0.004284 0.004284 0.004284 0.952881 0.004284
0.040052 0.040052 0.042287 0.040084 0.040275 0.042004 0.041864 0.040073 0.155868 0.061841 0.415548 0.040052
0.048602 0.048602 0.074239 0.070014 0.056421 0.051046 0.051682 0.067242 0.050397 0.057908 0.334903 0.088946
0.033658 0.033658 0.037278 0.036717 0.034241 0.033736 0.042150 0.049209 0.033717 0.034303 0.053625 0.577709
0.007126 0.007126 0.007235 0.007126 0.007127 0.007126 0.007126 0.007126 0.007126 0.007152 0.921476 0.007126
0.059499 0.059499 0.091617 0.059504 0.060043 0.106188 0.060441 0.059502 0.069521 0.076877 0.237810 0.059499
0.005404 0.005404 0.005684 0.005597 0.005543 0.005404 0.005701 0.005566 0.005404 0.005693 0.938922 0.005675
0.048194 0.048194 0.099377 0.051738 0.061452 0.057424 0.052135 0.051027 0.051485 0.062902 0.186550 0.229523
0.008458 0.008458 0.009231 0.008476 0.008544 0.008478 0.008486 0.008476 0.008484 0.014727 0.899709 0.008472
0.074991 0.074991 0.083541 0.077624 0.078703 0.087282 0.076562 0.077627 0.087191 0.077858 0.093158 0.110472
0.032449 0.032449 0.038046 0.037832 0.046569 0.033481 0.037093 0.037137 0.033567 0.034363 0.582225 0.054789
0.082314 0.082314 0.082534 0.082317 0.082336 0.082334 0.082318 0.082314 0.084307 0.083497 0.091100 0.082314
0.071526 0.071526 0.096217 0.074495 0.078273 0.081875 0.073446 0.074736 0.077890 0.073996 0.111232 0.114789
0.074750 0.074750 0.079806 0.084533 0.075157 0.087448 0.074936 0.083181 0.080851 0.075353 0.122130 0.087104
0.069129 0.069129 0.077683 0.071950 0.075285 0.069179 0.072706 0.071621 0.069438 0.075239 0.207280 0.071360
0.013453 0.013453 0.016722 0.014594 0.013866 0.013653 0.013599 0.014640 0.013842 0.017430 0.839276 0.015472
0.071429 0.071429 0.088336 0.080756 0.085466 0.075058 0.081638 0.080767 0.077160 0.087829 0.120025 0.080106
0.018873 0.018873 0.023854 0.019257 0.019860 0.020060 0.019416 0.019112 0.019623 0.036453 0.765706 0.018913
0.060492 0.060492 0.067541 0.060565 0.061167 0.060564 0.060615 0.060569 0.060584 0.063729 0.323139 0.060544
0.082281 0.082281 0.082304 0.082281 0.082283 0.082281 0.082281 0.082281 0.082281 0.082302 0.094863 0.082281
0.007161 0.007161 0.007161 0.007161 0.007161 0.007161 0.007161 0.007161 0.007161 0.007161 0.921231 0.007161
0.052968 0.052968 0.055065 0.052999 0.053182 0.055038 0.054895 0.052989 0.131064 0.075148 0.310716 0.052968
0.043431 0.043431 0.061084 0.054606 0.048254 0.044931 0.045307 0.054891 0.044536 0.051339 0.443147 0.065043
0.046477 0.046477 0.055848 0.054686 0.048403 0.046674 0.052988 0.064842 0.046619 0.048609 0.113045 0.375333
0.011177 0.011177 0.011328 0.011178 0.011182 0.011178 0.011178 0.011178 0.011178 0.011226 0.876844 0.011177
0.066501 0.066501 0.082300 0.067022 0.067034 0.125763 0.067016 0.067031 0.075326 0.075317 0.173214 0.066974
0.009040 0.009040 0.009399 0.009613 0.009171 0.009049 0.009689 0.009197 0.009075 0.009637 0.897484 0.009606
0.048142 0.048142 0.097707 0.050977 0.059449 0.053426 0.051299 0.051361 0.049953 0.057918 0.205615 0.226011
0.011459 0.011459 0.012433 0.011485 0.011563 0.011490 0.011501 0.011487 0.011513 0.021798 0.862338 0.011474
0.074641 0.074641 0.092007 0.075997 0.076343 0.097918 0.075038 0.075998 0.089068 0.075045 0.103698 0.089607
0.042350 0.042350 0.054171 0.052672 0.058978 0.044859 0.048059 0.052112 0.045642 0.043833 0.394849 0.120125
0.083333 0.083333 0.083333 0.083333 0.083333 0.083333 0.083333 0.083333 0.083333 0.083333 0.083333 0.083333
0.065194 0.065194 0.100703 0.068764 0.076876 0.068461 0.068512 0.069071 0.067233 0.069097 0.116984 0.163910
0.074835 0.074835 0.081320 0.086892 0.074881 0.094609 0.074841 0.075835 0.084414 0.074881 0.121757 0.080900
0.063119 0.063119 0.074775 0.067479 0.072615 0.063187 0.068657 0.066940 0.063523 0.071960 0.258077 0.066552
0.011566 0.011566 0.014565 0.012564 0.011946 0.011675 0.011715 0.011971 0.011735 0.016281 0.861664 0.012749
0.069670 0.069670 0.091308 0.081594 0.087790 0.074380 0.082751 0.081591 0.076797 0.090803 0.112909 0.080737
0.014709 0.014709 0.018710 0.014945 0.015335 0.015661 0.015058 0.014872 0.015218 0.028773 0.817288 0.014722
0.059421 0.059421 0.067210 0.059502 0.060165 0.059501 0.059556 0.059506 0.059522 0.062980 0.333738 0.059478
0.083333 0.083333 0.083333 0.083333 0.083333 0.083333 0.083333 0.083333 0.083333 0.083333 0.083333 0.083333
0.005367 0.005367 0.005367 0.005367 0.005367 0.005367 0.005367 0.005367 0.005367 0.005367 0.940961 0.005367
0.055722 0.055722 0.058237 0.055760 0.055990 0.057918 0.057758 0.055747 0.144635 0.079290 0.267499 0.055722
0.036963 0.036963 0.052992 0.046523 0.041220 0.038280 0.038618 0.047936 0.037983 0.043746 0.522080 0.056697
0.043653 0.043653 0.055610 0.054582 0.045586 0.043911 0.050162 0.063849 0.043849 0.045826 0.128634 0.380685
0.007737 0.007737 0.007819 0.007737 0.007738 0.007737 0.007737 0.007737 0.007737 0.007757 0.914789 0.007737
0.068061 0.068061 0.085948 0.068063 0.068287 0.141124 0.068329 0.068063 0.075083 0.075126 0.145793 0.068061
0.007504 0.007504 0.007734 0.007704 0.007569 0.007504 0.007742 0.007578 0.007504 0.007977 0.915964 0.007717
0.046981 0.046981 0.096302 0.049475 0.058302 0.050635 0.049757 0.049456 0.048257 0.054769 0.215420 0.233667
0.012429 0.012429 0.013256 0.012442 0.012498 0.012445 0.012452 0.012443 0.012456 0.024958 0.849751 0.012440
0.075080 0.075080 0.091757 0.075863 0.076048 0.101239 0.075279 0.075862 0.090675 0.075326 0.102432 0.085359
0.049736 0.049736 0.066538 0.063715 0.072576 0.053003 0.057104 0.062958 0.053853 0.051461 0.260089 0.159231
0.083333 0.083333 0.083333 0.083333 0.083333 0.083333 0.083333 0.083333 0.083333 0.083333 0.083333 0.083333
0.064346 0.064346 0.101297 0.068058 0.076698 0.070710 0.067781 0.068337 0.068214 0.068527 0.115660 0.166027
0.074869 0.074869 0.081678 0.083708 0.074910 0.094652 0.074874 0.078939 0.084451 0.074915 0.121349 0.080785
0.061203 0.061203 0.073443 0.065922 0.071472 0.061273 0.067200 0.065329 0.061618 0.070608 0.275813 0.064915
0.016963 0.016963 0.021151 0.017994 0.017558 0.017144 0.017209 0.018036 0.017249 0.024075 0.796961 0.018698
0.068929 0.068929 0.091475 0.081691 0.088247 0.073752 0.082920 0.081668 0.076279 0.091427 0.113908 0.080774
0.017784 0.017784 0.022260 0.018057 0.018513 0.018945 0.018178 0.017950 0.018345 0.031470 0.782912 0.017802
0.051797 0.051797 0.060180 0.051885 0.052602 0.051883 0.051944 0.051890 0.051907 0.055651 0.416605 0.051859
0.083333 0.083333 0.083333 0.083333 0.083333 0.083333 0.083333 0.083333 0.083333 0.083333 0.083333 0.083333
0.007481 0.007481 0.007482 0.007481 0.007481 0.007481 0.007481 0.007481 0.007481 0.007482 0.917704 0.007481
0.058151 0.058151 0.060282 0.058183 0.058372 0.059899 0.059771 0.058172 0.137187 0.076201 0.257479 0.058151
0.040072 0.040072 0.056547 0.050324 0.044455 0.041424 0.041778 0.050597 0.041071 0.047179 0.486527 0.059953
0.046093 0.046093 0.056910 0.057578 0.047824 0.046323 0.053295 0.064610 0.046266 0.048038 0.118101 0.368870
0.009594 0.009594 0.009693 0.009594 0.009595 0.009594 0.009594 0.009594 0.009594 0.009618 0.894341 0.009594
0.067482 0.067482 0.085373 0.067484 0.067755 0.139311 0.067813 0.067483 0.074834 0.075989 0.151512 0.067482
0.008541 0.008541 0.008804 0.008924 0.008615 0.008541 0.008954 0.008626 0.008541 0.009078 0.903924 0.008908
0.048121 0.048121 0.096049 0.050500 0.059007 0.053555 0.050841 0.050471 0.049309 0.058007 0.202919 0.233101
0.014081 0.014081 0.015154 0.014102 0.014185 0.014105 0.014116 0.014103 0.014119 0.027371 0.830486 0.014098
