0.025718 0.025718 0.026727 0.712424 0.027115 0.025825 0.025909 0.026380 0.025935 0.025959 0.026571 0.025718
0.039503 0.039503 0.045101 0.039503 0.039527 0.053728 0.055411 0.044084 0.057287 0.121738 0.425109 0.039503
0.082299 0.082299 0.082299 0.092910 0.082299 0.082299 0.082299 0.084096 0.082299 0.082299 0.082299 0.082299
0.078430 0.078430 0.095674 0.082595 0.099961 0.079498 0.078931 0.083708 0.078881 0.081883 0.083579 0.078430
0.079781 0.079781 0.083309 0.080957 0.084651 0.080093 0.080394 0.109190 0.079781 0.080167 0.082116 0.079781
0.081848 0.081848 0.082973 0.083820 0.081848 0.083958 0.084039 0.082581 0.084195 0.085480 0.085560 0.081848
0.022635 0.022635 0.035298 0.022641 0.024755 0.031361 0.027120 0.028618 0.027807 0.051715 0.682782 0.022635
0.082012 0.082012 0.083240 0.082012 0.082012 0.084707 0.084732 0.083094 0.084785 0.085109 0.084275 0.082012
0.008808 0.008808 0.014109 0.009052 0.009980 0.008881 0.009021 0.009091 0.009072 0.015638 0.888732 0.008808
0.016465 0.016465 0.016678 0.817300 0.016559 0.016560 0.016572 0.016549 0.016582 0.016751 0.017053 0.016465
0.078812 0.078812 0.078812 0.133070 0.078812 0.078812 0.078812 0.078812 0.078812 0.078812 0.078812 0.078812
0.002609 0.002609 0.002619 0.002609 0.002610 0.002610 0.002610 0.002609 0.002610 0.002618 0.971279 0.002609
0.015019 0.015019 0.030865 0.016525 0.019897 0.015464 0.015683 0.016268 0.015738 0.029151 0.795351 0.015019
0.059657 0.059657 0.060704 0.059694 0.059795 0.272046 0.077191 0.083088 0.077179 0.061169 0.070164 0.059657
0.059381 0.059381 0.059827 0.060812 0.059381 0.278153 0.078588 0.083294 0.078598 0.060599 0.062605 0.059381
0.007327 0.007327 0.008291 0.007337 0.007367 0.007356 0.007373 0.007348 0.007392 0.009710 0.915843 0.007327
0.039498 0.039498 0.191740 0.053436 0.136513 0.040442 0.043226 0.067794 0.040055 0.051553 0.256747 0.039498
0.005438 0.005438 0.005774 0.005438 0.005442 0.006393 0.006289 0.006152 0.005600 0.006260 0.936338 0.005438
0.073328 0.073328 0.082987 0.076743 0.080339 0.074044 0.076825 0.144660 0.077063 0.081643 0.085715 0.073328
0.003671 0.003671 0.003983 0.003675 0.003695 0.003770 0.003685 0.003679 0.003690 0.004541 0.958271 0.003671
0.024111 0.024111 0.024849 0.731484 0.024869 0.024743 0.024200 0.024419 0.024251 0.024284 0.024569 0.024111
0.038772 0.038772 0.044385 0.038772 0.038795 0.053126 0.055103 0.043525 0.056960 0.126134 0.426881 0.038772
0.082487 0.082487 0.082487 0.089755 0.082487 0.084475 0.082487 0.083383 0.082487 0.082487 0.082487 0.082487
0.078282 0.078282 0.097353 0.083221 0.097673 0.079052 0.079021 0.082832 0.078934 0.083397 0.083669 0.078282
0.079491 0.079491 0.082364 0.080227 0.082397 0.081566 0.079796 0.115218 0.079491 0.079823 0.080646 0.079491
0.082178 0.082178 0.082741 0.085238 0.082178 0.083507 0.083553 0.083705 0.083615 0.084349 0.084581 0.082178
0.022290 0.022290 0.035010 0.022293 0.024403 0.032207 0.026558 0.028223 0.027239 0.051490 0.685708 0.022290
0.082507 0.082507 0.083123 0.082507 0.082507 0.084173 0.084187 0.083356 0.084208 0.084396 0.084022 0.082507
0.008304 0.008304 0.013247 0.008630 0.009340 0.008372 0.008496 0.008650 0.008543 0.014729 0.895079 0.008304
0.016459 0.016459 0.016724 0.816972 0.016576 0.016578 0.016592 0.016564 0.016605 0.016816 0.017197 0.016459
0.078356 0.078356 0.078356 0.137191 0.078356 0.078356 0.078356 0.079248 0.078356 0.078356 0.078356 0.078356
0.002457 0.002457 0.002473 0.002458 0.002459 0.002458 0.002459 0.002458 0.002459 0.002475 0.972932 0.002457
0.012888 0.012888 0.027428 0.013137 0.015465 0.013297 0.013490 0.013656 0.013541 0.025932 0.825391 0.012888
0.060145 0.060145 0.060145 0.060145 0.060145 0.277073 0.079566 0.082682 0.079515 0.060145 0.060145 0.060145
0.059978 0.059978 0.059978 0.062187 0.059978 0.275803 0.079540 0.082894 0.079728 0.059978 0.059978 0.059978
0.007726 0.007726 0.008770 0.007736 0.007769 0.007757 0.007775 0.007749 0.007796 0.010303 0.911168 0.007726
0.038358 0.038358 0.199933 0.048830 0.125164 0.039305 0.042157 0.065933 0.038941 0.050978 0.273683 0.038358
0.005621 0.005621 0.005985 0.005621 0.005625 0.006914 0.006544 0.006384 0.005815 0.006450 0.933799 0.005621
0.072408 0.072408 0.083967 0.076579 0.081133 0.073530 0.076708 0.145209 0.076947 0.082298 0.086405 0.072408
0.003323 0.003323 0.003597 0.003327 0.003343 0.003333 0.003337 0.003332 0.003342 0.004084 0.962335 0.003323
0.027408 0.027408 0.027408 0.698507 0.027408 0.027408 0.027408 0.027408 0.027408 0.027408 0.027408 0.027408
0.035281 0.035281 0.040782 0.035281 0.035306 0.047706 0.049222 0.039296 0.050908 0.108027 0.487628 0.035281
0.083333 0.083333 0.083333 0.083333 0.083333 0.083333 0.083333 0.083333 0.083333 0.083333 0.083333 0.083333
0.077626 0.077626 0.100402 0.083642 0.096064 0.079068 0.078822 0.081609 0.078678 0.082498 0.086340 0.077626
0.080233 0.080233 0.080233 0.080233 0.080233 0.080233 0.080233 0.117435 0.080233 0.080233 0.080233 0.080233
0.082996 0.082996 0.082996 0.087044 0.082996 0.082996 0.082996 0.082996 0.082996 0.082996 0.082996 0.082996
0.023382 0.023382 0.036442 0.023382 0.025571 0.033704 0.027398 0.030630 0.028089 0.053215 0.671422 0.023382
0.083333 0.083333 0.083333 0.083333 0.083333 0.083333 0.083333 0.083333 0.083333 0.083333 0.083333 0.083333
0.008958 0.008958 0.015098 0.009475 0.010188 0.009055 0.009222 0.009221 0.009287 0.016235 0.885344 0.008958
0.015244 0.015244 0.015244 0.832312 0.015244 0.015244 0.015244 0.015244 0.015244 0.015244 0.015244 0.015244
0.076090 0.076090 0.076090 0.163011 0.076090 0.076090 0.076090 0.076090 0.076090 0.076090 0.076090 0.076090
0.002443 0.002443 0.002456 0.002443 0.002444 0.002444 0.002444 0.002443 0.002444 0.002453 0.973100 0.002443
0.012619 0.012619 0.025893 0.012861 0.015178 0.013024 0.013214 0.013380 0.013262 0.025559 0.829773 0.012619
0.059397 0.059397 0.059397 0.059397 0.059397 0.285770 0.079206 0.080696 0.079154 0.059397 0.059397 0.059397
0.059253 0.059253 0.059253 0.062143 0.059253 0.284435 0.079214 0.080029 0.079408 0.059253 0.059253 0.059253
0.008228 0.008228 0.009322 0.008239 0.008273 0.008261 0.008280 0.008252 0.008302 0.010970 0.905418 0.008228
0.038132 0.038132 0.183915 0.048713 0.124757 0.039014 0.041944 0.066345 0.038685 0.050155 0.292075 0.038132
0.006161 0.006161 0.006530 0.006161 0.006164 0.007371 0.007592 0.007412 0.006343 0.007048 0.926897 0.006161
0.072340 0.072340 0.083314 0.076566 0.080052 0.073909 0.076668 0.147162 0.076955 0.080864 0.087489 0.072340
0.003391 0.003391 0.003676 0.003395 0.003409 0.003400 0.003404 0.003398 0.003408 0.004156 0.961580 0.003391
0.026505 0.026505 0.026505 0.708440 0.026505 0.026505 0.026505 0.026505 0.026505 0.026505 0.026505 0.026505
0.036439 0.036439 0.041966 0.036439 0.036467 0.049577 0.051377 0.040660 0.053196 0.118227 0.462776 0.036439
0.083333 0.083333 0.083333 0.083333 0.083333 0.083333 0.083333 0.083333 0.083333 0.083333 0.083333 0.083333
0.077227 0.077227 0.101182 0.083755 0.101671 0.078251 0.078293 0.082857 0.078162 0.082981 0.081166 0.077227
0.079776 0.079776 0.079776 0.079776 0.079776 0.079776 0.079776 0.122462 0.079776 0.079776 0.079776 0.079776
0.083333 0.083333 0.083333 0.083333 0.083333 0.083333 0.083333 0.083333 0.083333 0.083333 0.083333 0.083333
0.022193 0.022193 0.034923 0.022193 0.024321 0.032436 0.026083 0.028794 0.026756 0.051644 0.686272 0.022193
0.083333 0.083333 0.083333 0.083333 0.083333 0.083333 0.083333 0.083333 0.083333 0.083333 0.083333 0.083333
0.008093 0.008093 0.013225 0.008250 0.008933 0.008161 0.008318 0.008293 0.008372 0.014566 0.897604 0.008093
0.015244 0.015244 0.015244 0.832312 0.015244 0.015244 0.015244 0.015244 0.015244 0.015244 0.015244 0.015244
0.077778 0.077778 0.077778 0.144446 0.077778 0.077778 0.077778 0.077778 0.077778 0.077778 0.077778 0.077778
0.002415 0.002415 0.002415 0.002415 0.002415 0.002415 0.002415 0.002415 0.002415 0.002416 0.973435 0.002415
0.013237 0.013237 0.027785 0.013496 0.016067 0.013682 0.013885 0.014068 0.013937 0.027349 0.820019 0.013237
0.059448 0.059448 0.059448 0.059448 0.059448 0.284824 0.079912 0.079820 0.079857 0.059448 0.059448 0.059448
0.059481 0.059481 0.059481 0.059481 0.059481 0.284209 0.080163 0.079414 0.080364 0.059481 0.059481 0.059481
0.007423 0.007423 0.008430 0.007434 0.007465 0.007454 0.007471 0.007446 0.007491 0.009932 0.914608 0.007423
0.038397 0.038397 0.194154 0.049108 0.126807 0.039332 0.042269 0.066866 0.038954 0.050499 0.276821 0.038397
0.005657 0.005657 0.006000 0.005657 0.005661 0.006890 0.006903 0.006754 0.005825 0.006491 0.932846 0.005657
0.073243 0.073243 0.084621 0.077638 0.081633 0.074392 0.077740 0.138512 0.078054 0.082600 0.085080 0.073243
0.003402 0.003402 0.003721 0.003406 0.003425 0.003413 0.003417 0.003411 0.003422 0.004229 0.961352 0.003402
0.029967 0.029967 0.032439 0.660734 0.032743 0.030119 0.030301 0.031131 0.030463 0.030618 0.031550 0.029967
0.039999 0.039999 0.045776 0.039999 0.040025 0.053210 0.054971 0.044262 0.056797 0.118378 0.426586 0.039999
0.081361 0.081361 0.081361 0.102351 0.081361 0.081361 0.081361 0.084040 0.081361 0.081361 0.081361 0.081361
0.078270 0.078270 0.099556 0.083875 0.096252 0.079188 0.078997 0.081571 0.078912 0.083227 0.083611 0.078270
0.077498 0.077498 0.085059 0.079585 0.085842 0.077881 0.078392 0.124084 0.077498 0.078474 0.080690 0.077498
0.080859 0.080859 0.082531 0.082807 0.080859 0.084596 0.084673 0.082412 0.084879 0.086869 0.087798 0.080859
0.022893 0.022893 0.035707 0.022904 0.024986 0.033243 0.026671 0.030239 0.027313 0.051563 0.678694 0.022893
0.081023 0.081023 0.082850 0.081023 0.081023 0.085711 0.085735 0.083240 0.085807 0.086322 0.085221 0.081023
0.009133 0.009133 0.014975 0.009527 0.010188 0.009221 0.009388 0.009392 0.009453 0.016420 0.884037 0.009133
0.019093 0.019093 0.019969 0.783383 0.019476 0.019484 0.019529 0.019437 0.019572 0.020274 0.021595 0.019093
0.077778 0.077778 0.077778 0.144445 0.077778 0.077778 0.077778 0.077778 0.077778 0.077778 0.077778 0.077778
0.002665 0.002665 0.002670 0.002665 0.002665 0.002665 0.002665 0.002665 0.002666 0.002675 0.970668 0.002665
0.015692 0.015692 0.030518 0.018043 0.022034 0.016146 0.016361 0.017182 0.016414 0.029767 0.786460 0.015692
0.061168 0.061168 0.062901 0.061229 0.061391 0.249589 0.079865 0.079432 0.079874 0.063683 0.078533 0.061168
0.061625 0.061625 0.062320 0.063110 0.061625 0.252302 0.082599 0.080455 0.082505 0.063045 0.067165 0.061625
0.009045 0.009045 0.010137 0.009056 0.009090 0.009078 0.009097 0.009069 0.009118 0.011770 0.896452 0.009045
0.039552 0.039552 0.168100 0.055019 0.136061 0.040492 0.043160 0.067156 0.040179 0.052550 0.278625 0.039552
0.006977 0.006977 0.007430 0.006977 0.006981 0.009185 0.008737 0.008524 0.007216 0.007982 0.916037 0.006977
0.073118 0.073118 0.086818 0.078510 0.083225 0.074124 0.078615 0.126712 0.078988 0.084525 0.089129 0.073118
0.003760 0.003760 0.004159 0.003766 0.003789 0.003773 0.003779 0.003771 0.003785 0.004764 0.957133 0.003760
0.025184 0.025184 0.025184 0.722971 0.025184 0.025184 0.025184 0.025184 0.025184 0.025184 0.025184 0.025184
0.036825 0.036825 0.042293 0.036825 0.036854 0.050519 0.052190 0.040863 0.054311 0.121026 0.454645 0.036825
0.083333 0.083333 0.083333 0.083333 0.083333 0.083333 0.083333 0.083333 0.083333 0.083333 0.083333 0.083333
0.076623 0.076623 0.102802 0.083277 0.107427 0.077605 0.077188 0.083483 0.077106 0.082113 0.079130 0.076623
0.079542 0.079542 0.079542 0.079542 0.079542 0.079542 0.079542 0.125043 0.079542 0.079542 0.079542 0.079542
0.083333 0.083333 0.083333 0.083333 0.083333 0.083333 0.083333 0.083333 0.083333 0.083333 0.083333 0.083333
0.023946 0.023946 0.037237 0.023946 0.026190 0.037331 0.028967 0.032099 0.029721 0.054435 0.658235 0.023946
0.083333 0.083333 0.083333 0.083333 0.083333 0.083333 0.083333 0.083333 0.083333 0.083333 0.083333 0.083333
0.008634 0.008634 0.014512 0.008817 0.009807 0.008707 0.008883 0.008929 0.008947 0.015589 0.889906 0.008634
0.015244 0.015244 0.015244 0.832312 0.015244 0.015244 0.015244 0.015244 0.015244 0.015244 0.015244 0.015244
0.076955 0.076955 0.076955 0.153499 0.076955 0.076955 0.076955 0.076955 0.076955 0.076955 0.076955 0.076955
0.002416 0.002416 0.002416 0.002416 0.002416 0.002416 0.002416 0.002416 0.002416 0.002419 0.973422 0.002416
0.012045 0.012045 0.024029 0.012278 0.014358 0.012417 0.012600 0.012764 0.012641 0.023999 0.838780 0.012045
0.061107 0.061107 0.061107 0.061107 0.061107 0.272539 0.080194 0.078268 0.080144 0.061107 0.061107 0.061107
0.060275 0.060275 0.060275 0.060275 0.060275 0.280007 0.079934 0.077731 0.080124 0.060275 0.060275 0.060275
0.007569 0.007569 0.008586 0.007580 0.007612 0.007601 0.007618 0.007592 0.007639 0.010115 0.912949 0.007569
0.038325 0.038325 0.185521 0.049219 0.125129 0.039264 0.042283 0.067500 0.038881 0.050394 0.286834 0.038325
0.005617 0.005617 0.005981 0.005617 0.005621 0.006705 0.007054 0.006863 0.005811 0.006445 0.933050 0.005617
0.072972 0.072972 0.084491 0.076971 0.081812 0.074127 0.077046 0.142043 0.077368 0.082541 0.084685 0.072972
0.003258 0.003258 0.003541 0.003262 0.003279 0.003269 0.003272 0.003267 0.003277 0.003996 0.963062 0.003258
0.027944 0.027944 0.029030 0.687558 0.029469 0.028028 0.028151 0.028663 0.028196 0.028276 0.028799 0.027944
0.038489 0.038489 0.043875 0.038489 0.038518 0.051713 0.053329 0.042940 0.054937 0.114932 0.445797 0.038489
0.082299 0.082299 0.082299 0.092910 0.082299 0.082299 0.082299 0.084096 0.082299 0.082299 0.082299 0.082299
0.077438 0.077438 0.096817 0.082623 0.102226 0.079116 0.078656 0.084263 0.078522 0.081540 0.083922 0.077438
0.079781 0.079781 0.083345 0.081024 0.084720 0.080018 0.080394 0.109190 0.079781 0.080308 0.081877 0.079781
0.082010 0.082010 0.083137 0.082010 0.082010 0.084155 0.084180 0.082733 0.084338 0.085464 0.085943 0.082010
0.023639 0.023639 0.036577 0.023646 0.025808 0.032916 0.028488 0.029166 0.029199 0.053192 0.670091 0.023639
0.082012 0.082012 0.083240 0.082012 0.082012 0.084717 0.084725 0.083091 0.084778 0.085071 0.084320 0.082012
0.008977 0.008977 0.014677 0.009129 0.010129 0.009076 0.009207 0.009309 0.009259 0.016029 0.886254 0.008977
0.017755 0.017755 0.018218 0.801249 0.017957 0.017961 0.017985 0.017936 0.018008 0.018374 0.019049 0.017755
0.077778 0.077778 0.077778 0.144445 0.077778 0.077778 0.077778 0.077778 0.077778 0.077778 0.077778 0.077778
0.002652 0.002652 0.002653 0.002652 0.002652 0.002652 0.002652 0.002652 0.002652 0.002657 0.970819 0.002652
0.014806 0.014806 0.030610 0.016148 0.019179 0.015227 0.015443 0.016013 0.015498 0.028379 0.799085 0.014806
0.059646 0.059646 0.060553 0.059679 0.059773 0.274256 0.075944 0.085048 0.075932 0.061073 0.068804 0.059646
0.059451 0.059451 0.059896 0.059451 0.059451 0.281072 0.076958 0.084911 0.077027 0.060206 0.062678 0.059451
0.008454 0.008454 0.009541 0.008466 0.008499 0.008487 0.008505 0.008478 0.008527 0.011135 0.903000 0.008454
0.039580 0.039580 0.192170 0.053350 0.124914 0.040537 0.043412 0.068088 0.040226 0.053421 0.265142 0.039580
0.006413 0.006413 0.006904 0.006413 0.006417 0.007516 0.007620 0.007312 0.006726 0.007344 0.924508 0.006413
0.071589 0.071589 0.082806 0.075507 0.080424 0.073411 0.075643 0.155814 0.075857 0.081355 0.084416 0.071589
0.003861 0.003861 0.004237 0.003866 0.003891 0.003874 0.003879 0.003872 0.003884 0.004846 0.956069 0.003861
0.027655 0.027655 0.030138 0.686903 0.030293 0.027800 0.027934 0.028700 0.028115 0.028221 0.028933 0.027655
0.040311 0.040311 0.046013 0.040311 0.040336 0.054253 0.055825 0.044767 0.057696 0.118295 0.421572 0.040311
0.081361 0.081361 0.081361 0.102351 0.081361 0.081361 0.081361 0.084040 0.081361 0.081361 0.081361 0.081361
0.078440 0.078440 0.098307 0.083447 0.097068 0.079955 0.079168 0.082348 0.079083 0.082121 0.083185 0.078440
0.078797 0.078797 0.087175 0.080901 0.087564 0.079180 0.079620 0.109241 0.078797 0.079790 0.081340 0.078797
0.081016 0.081016 0.082692 0.081016 0.081016 0.084593 0.084723 0.082822 0.084866 0.086888 0.088335 0.081016
0.022716 0.022716 0.035562 0.022727 0.024806 0.031273 0.026692 0.028334 0.027342 0.051277 0.683839 0.022716
0.081024 0.081024 0.082851 0.081024 0.081024 0.085542 0.085582 0.083551 0.085635 0.086154 0.085568 0.081024
0.008984 0.008984 0.014841 0.009146 0.010023 0.009086 0.009227 0.009250 0.009290 0.016101 0.886083 0.008984
0.019093 0.019093 0.019966 0.783382 0.019475 0.019483 0.019529 0.019437 0.019572 0.020275 0.021599 0.019093
0.077778 0.077778 0.077778 0.144445 0.077778 0.077778 0.077778 0.077778 0.077778 0.077778 0.077778 0.077778
0.002652 0.002652 0.002653 0.002652 0.002652 0.002652 0.002652 0.002652 0.002652 0.002657 0.970818 0.002652
0.016015 0.016015 0.030867 0.018345 0.022756 0.016498 0.016725 0.017573 0.016779 0.031022 0.781392 0.016015
0.060846 0.060846 0.062643 0.060908 0.061074 0.253207 0.080085 0.078090 0.080094 0.063358 0.078002 0.060846
0.060452 0.060452 0.061134 0.060452 0.060452 0.263553 0.082840 0.079324 0.082681 0.062321 0.065887 0.060452
0.008386 0.008386 0.009424 0.008397 0.008429 0.008418 0.008436 0.008409 0.008456 0.010999 0.903875 0.008386
0.039830 0.039830 0.169320 0.055701 0.147186 0.040698 0.043518 0.069433 0.040354 0.051015 0.263288 0.039830
0.006547 0.006547 0.006898 0.006547 0.006551 0.008056 0.008135 0.008030 0.006679 0.007506 0.921957 0.006547
0.073533 0.073533 0.086130 0.078803 0.082276 0.074979 0.078928 0.128917 0.079308 0.083389 0.086671 0.073533
0.003531 0.003531 0.003888 0.003537 0.003555 0.003542 0.003546 0.003540 0.003551 0.004434 0.959812 0.003531
0.025184 0.025184 0.025184 0.722971 0.025184 0.025184 0.025184 0.025184 0.025184 0.025184 0.025184 0.025184
0.036602 0.036602 0.042327 0.036602 0.036627 0.049913 0.051730 0.041051 0.053445 0.118293 0.460206 0.036602
0.083333 0.083333 0.083333 0.083333 0.083333 0.083333 0.083333 0.083333 0.083333 0.083333 0.083333 0.083333
0.078451 0.078451 0.097821 0.083335 0.096437 0.079463 0.079204 0.082182 0.079129 0.082911 0.084165 0.078451
0.079577 0.079577 0.081353 0.080228 0.082037 0.079658 0.079882 0.118123 0.079577 0.079910 0.080499 0.079577
0.082507 0.082507 0.083072 0.084495 0.082507 0.083594 0.083580 0.082865 0.083659 0.084136 0.084569 0.082507
0.022062 0.022062 0.034706 0.022065 0.024160 0.030465 0.025671 0.028591 0.026319 0.051115 0.690722 0.022062
0.082672 0.082672 0.083289 0.082672 0.082672 0.084029 0.084025 0.083213 0.084052 0.084181 0.083850 0.082672
0.008348 0.008348 0.013421 0.008576 0.009316 0.008424 0.008550 0.008542 0.008602 0.014923 0.894600 0.008348
0.016465 0.016465 0.016678 0.817300 0.016559 0.016560 0.016571 0.016549 0.016582 0.016748 0.017057 0.016465
0.079059 0.079059 0.079059 0.130347 0.079059 0.079059 0.079059 0.079059 0.079059 0.079059 0.079059 0.079059
0.002547 0.002547 0.002557 0.002548 0.002548 0.002548 0.002548 0.002548 0.002548 0.002554 0.971961 0.002547
0.015163 0.015163 0.032986 0.016013 0.019268 0.015668 0.015902 0.016304 0.015965 0.031214 0.791191 0.015163
0.057800 0.057800 0.058251 0.057817 0.057863 0.294270 0.077765 0.082368 0.077728 0.058527 0.062014 0.057800
0.057579 0.057579 0.057795 0.058967 0.057579 0.297574 0.078194 0.081823 0.078351 0.057722 0.059256 0.057579
0.006570 0.006570 0.007483 0.006580 0.006608 0.006598 0.006614 0.006590 0.006632 0.008850 0.924334 0.006570
0.039325 0.039325 0.199793 0.052026 0.140188 0.040214 0.043195 0.069375 0.039801 0.050043 0.247391 0.039325
0.004737 0.004737 0.004995 0.004737 0.004740 0.005303 0.005354 0.005277 0.004833 0.005472 0.945077 0.004737
0.073029 0.073029 0.080154 0.075643 0.078128 0.073882 0.075720 0.160789 0.075898 0.078704 0.081993 0.073029
0.003363 0.003363 0.003595 0.003366 0.003378 0.003370 0.003372 0.003368 0.003375 0.004072 0.962015 0.003363
0.023542 0.023542 0.024727 0.736228 0.024939 0.023613 0.023717 0.024148 0.023793 0.023882 0.024324 0.023542
0.040616 0.040616 0.046495 0.040616 0.040631 0.055827 0.057820 0.045736 0.059702 0.129464 0.401862 0.040616
0.082116 0.082116 0.082116 0.094936 0.082116 0.082116 0.082116 0.083908 0.082116 0.082116 0.082116 0.082116
0.080153 0.080153 0.092670 0.083413 0.091588 0.080819 0.080537 0.082338 0.080499 0.083043 0.084635 0.080153
0.080887 0.080887 0.083811 0.081635 0.083844 0.081045 0.081197 0.101634 0.080887 0.081225 0.082062 0.080887
0.082343 0.082343 0.082906 0.084327 0.082343 0.083675 0.083720 0.082950 0.083782 0.084518 0.084751 0.082343
0.019029 0.019029 0.030690 0.019032 0.020938 0.023764 0.022109 0.022579 0.022691 0.046170 0.734940 0.019029
0.082507 0.082507 0.083123 0.082507 0.082507 0.084173 0.084187 0.083356 0.084208 0.084396 0.084022 0.082507
0.007468 0.007468 0.011559 0.007726 0.008040 0.007534 0.007606 0.007604 0.007642 0.013137 0.906747 0.007468
0.016459 0.016459 0.016724 0.816972 0.016576 0.016578 0.016592 0.016564 0.016605 0.016816 0.017197 0.016459
0.080007 0.080007 0.080007 0.119926 0.080007 0.080007 0.080007 0.080007 0.080007 0.080007 0.080007 0.080007
0.002483 0.002483 0.002488 0.002484 0.002484 0.002484 0.002484 0.002484 0.002484 0.002490 0.972670 0.002483
0.015089 0.015089 0.032979 0.016077 0.019391 0.015582 0.015816 0.016212 0.015879 0.030916 0.791881 0.015089
0.057337 0.057337 0.057919 0.057358 0.057410 0.297959 0.075927 0.084656 0.075898 0.058140 0.062722 0.057337
0.057090 0.057090 0.057304 0.058465 0.057090 0.301463 0.076747 0.084417 0.076821 0.057672 0.058752 0.057090
0.006844 0.006844 0.007788 0.006854 0.006884 0.006873 0.006889 0.006865 0.006908 0.009200 0.921206 0.006844
0.039119 0.039119 0.198088 0.052177 0.136968 0.039979 0.042966 0.068697 0.039618 0.050299 0.253852 0.039119
0.005200 0.005200 0.005522 0.005200 0.005203 0.005660 0.006121 0.005952 0.005355 0.005983 0.939403 0.005200
0.071229 0.071229 0.079662 0.074227 0.077677 0.073057 0.074314 0.172017 0.074503 0.078123 0.082733 0.071229
0.003351 0.003351 0.003621 0.003354 0.003369 0.003359 0.003362 0.003357 0.003365 0.004079 0.962082 0.003351
0.025673 0.025673 0.026973 0.712361 0.026717 0.026001 0.026066 0.026363 0.025931 0.025978 0.026591 0.025673
0.038635 0.038635 0.044549 0.038638 0.038671 0.052552 0.053974 0.043229 0.055686 0.114209 0.442586 0.038635
0.081954 0.081954 0.081972 0.094748 0.081954 0.081955 0.081955 0.083743 0.081956 0.082043 0.083811 0.081954
0.078285 0.078285 0.095108 0.082129 0.099256 0.080188 0.079036 0.083828 0.078963 0.080790 0.085846 0.078285
0.080615 0.080615 0.085356 0.081959 0.084481 0.081382 0.081655 0.097870 0.080937 0.081147 0.083370 0.080615
0.081849 0.081849 0.083392 0.082365 0.082586 0.084088 0.084152 0.082702 0.084274 0.085589 0.085304 0.081849
0.023067 0.023067 0.035877 0.023074 0.025184 0.029291 0.027588 0.026871 0.028278 0.051752 0.682885 0.023067
0.081850 0.081850 0.083453 0.082466 0.082525 0.084610 0.084627 0.083001 0.084668 0.084996 0.084103 0.081850
0.008823 0.008823 0.014322 0.009047 0.009976 0.008937 0.009014 0.009119 0.009061 0.015544 0.888513 0.008823
0.017418 0.017418 0.017870 0.805014 0.017618 0.017622 0.017645 0.017598 0.017668 0.018031 0.018680 0.017418
0.078157 0.078157 0.078326 0.138408 0.078170 0.078164 0.078167 0.078162 0.078171 0.078355 0.079606 0.078157
0.002669 0.002669 0.002679 0.002669 0.002670 0.002669 0.002669 0.002669 0.002670 0.002677 0.970621 0.002669
0.015366 0.015366 0.032543 0.016917 0.019914 0.015829 0.016062 0.016656 0.016124 0.030345 0.789513 0.015366
0.058136 0.058136 0.059044 0.058172 0.058240 0.287036 0.075801 0.084858 0.075782 0.059327 0.067333 0.058136
0.057772 0.057772 0.058634 0.059346 0.058152 0.292635 0.076881 0.084871 0.076874 0.058992 0.060299 0.057772
0.007985 0.007985 0.009023 0.007996 0.008028 0.008016 0.008034 0.008008 0.008055 0.010585 0.908301 0.007985
0.039445 0.039445 0.183109 0.053937 0.133075 0.040327 0.043297 0.069162 0.039979 0.051128 0.267652 0.039445
0.005745 0.005745 0.006120 0.005745 0.005749 0.006332 0.007011 0.006782 0.005943 0.006585 0.932498 0.005745
0.071515 0.071515 0.081700 0.074568 0.078571 0.073221 0.074626 0.165013 0.074854 0.078986 0.083916 0.071515
0.003613 0.003613 0.003917 0.003616 0.003634 0.003622 0.003626 0.003621 0.003630 0.004407 0.959090 0.003613
0.024753 0.024753 0.024753 0.727714 0.024753 0.024753 0.024753 0.024753 0.024753 0.024753 0.024753 0.024753
0.036040 0.036040 0.041427 0.036040 0.036067 0.049469 0.050811 0.040136 0.052707 0.112454 0.472770 0.036040
0.082652 0.082652 0.082652 0.089934 0.082652 0.082652 0.082652 0.083549 0.082652 0.082652 0.082652 0.082652
0.077740 0.077740 0.098696 0.082441 0.101234 0.079538 0.078236 0.082971 0.078187 0.080910 0.084567 0.077740
0.080488 0.080488 0.083397 0.081233 0.083430 0.080645 0.080796 0.106065 0.080488 0.080824 0.081657 0.080488
0.082343 0.082343 0.082906 0.084327 0.082343 0.083675 0.083720 0.082950 0.083782 0.084518 0.084751 0.082343
0.022536 0.022536 0.035332 0.022539 0.024666 0.030368 0.027264 0.027550 0.027971 0.051694 0.685008 0.022536
0.082507 0.082507 0.083123 0.082507 0.082507 0.084173 0.084187 0.083356 0.084208 0.084396 0.084022 0.082507
0.008169 0.008169 0.013303 0.008281 0.009143 0.008257 0.008345 0.008428 0.008392 0.014499 0.896843 0.008169
0.016459 0.016459 0.016724 0.816972 0.016576 0.016578 0.016592 0.016564 0.016605 0.016816 0.017197 0.016459
0.079542 0.079542 0.079542 0.125043 0.079542 0.079542 0.079542 0.079542 0.079542 0.079542 0.079542 0.079542
0.002473 0.002473 0.002473 0.002473 0.002473 0.002473 0.002473 0.002473 0.002473 0.002476 0.972796 0.002473
0.014658 0.014658 0.031572 0.015612 0.018746 0.015126 0.015348 0.015725 0.015409 0.029639 0.798848 0.014658
0.058206 0.058206 0.058796 0.058227 0.058281 0.289550 0.076465 0.084932 0.076436 0.059021 0.063673 0.058206
0.058311 0.058311 0.058529 0.058311 0.058311 0.291165 0.077759 0.084251 0.077828 0.058906 0.060008 0.058311
0.006678 0.006678 0.007597 0.006687 0.006715 0.006705 0.006721 0.006698 0.006739 0.008952 0.923152 0.006678
0.039049 0.039049 0.198239 0.051824 0.133062 0.039989 0.042905 0.067826 0.039602 0.051110 0.258294 0.039049
0.005165 0.005165 0.005506 0.005165 0.005168 0.005986 0.006133 0.005957 0.005343 0.005945 0.939304 0.005165
0.072363 0.072363 0.082356 0.075941 0.080061 0.073650 0.076013 0.155049 0.076266 0.080718 0.082856 0.072363
0.003341 0.003341 0.003633 0.003344 0.003362 0.003350 0.003354 0.003349 0.003358 0.004111 0.962117 0.003341
0.028989 0.028989 0.031735 0.671105 0.031809 0.029168 0.029312 0.030115 0.029499 0.029619 0.030673 0.028989
0.040517 0.040517 0.046176 0.040517 0.040542 0.054413 0.056185 0.044954 0.058105 0.121164 0.416391 0.040517
0.081928 0.081928 0.081928 0.097001 0.081928 0.081928 0.081928 0.083717 0.081928 0.081928 0.081928 0.081928
0.078458 0.078458 0.098289 0.084018 0.095519 0.079406 0.079516 0.082527 0.079372 0.082995 0.082986 0.078458
0.078828 0.078828 0.084630 0.080294 0.084697 0.079137 0.079433 0.115874 0.078828 0.079489 0.081135 0.078828
0.081518 0.081518 0.082639 0.083483 0.081518 0.084177 0.084269 0.082725 0.084394 0.085882 0.086357 0.081518
0.021581 0.021581 0.034066 0.021588 0.023620 0.031327 0.024864 0.027619 0.025477 0.049832 0.696864 0.021581
0.081682 0.081682 0.082905 0.081682 0.081682 0.085013 0.085041 0.083372 0.085085 0.085465 0.084709 0.081682
0.008559 0.008559 0.013858 0.008831 0.009544 0.008636 0.008806 0.008794 0.008860 0.015364 0.891631 0.008559
0.019084 0.019084 0.020021 0.783000 0.019495 0.019503 0.019552 0.019454 0.019598 0.020355 0.021772 0.019084
0.078043 0.078043 0.078043 0.141528 0.078043 0.078043 0.078043 0.078043 0.078043 0.078043 0.078043 0.078043
0.002609 0.002609 0.002619 0.002610 0.002610 0.002610 0.002610 0.002610 0.002610 0.002618 0.971275 0.002609
0.016304 0.016304 0.032282 0.018917 0.023442 0.016797 0.017023 0.017878 0.017082 0.031518 0.776150 0.016304
0.060179 0.060179 0.062028 0.060243 0.060410 0.255532 0.079851 0.080018 0.079860 0.062742 0.078778 0.060179
0.059790 0.059790 0.060464 0.061231 0.059790 0.266078 0.082596 0.081224 0.082443 0.061638 0.065165 0.059790
0.007434 0.007434 0.008381 0.007443 0.007473 0.007462 0.007478 0.007454 0.007497 0.009813 0.914697 0.007434
0.040399 0.040399 0.174367 0.058522 0.156613 0.041267 0.043969 0.069624 0.040907 0.051314 0.242219 0.040399
0.005894 0.005894 0.006214 0.005894 0.005898 0.007169 0.006942 0.006849 0.006012 0.006782 0.930559 0.005894
0.073496 0.073496 0.082886 0.077259 0.080090 0.074359 0.077339 0.144479 0.077588 0.080952 0.084561 0.073496
0.003833 0.003833 0.004193 0.003837 0.003859 0.003842 0.003846 0.003841 0.003851 0.004810 0.956421 0.003833
0.025239 0.025239 0.026517 0.717203 0.026730 0.025343 0.025426 0.025889 0.025493 0.025539 0.026142 0.025239
0.040293 0.040293 0.045970 0.040293 0.040316 0.055166 0.057016 0.044912 0.059130 0.128817 0.407501 0.040293
0.082116 0.082116 0.082116 0.094936 0.082116 0.082116 0.082116 0.083908 0.082116 0.082116 0.082116 0.082116
0.078213 0.078213 0.097965 0.083202 0.101793 0.079067 0.078563 0.083520 0.078516 0.082294 0.080440 0.078213
0.079201 0.079201 0.083859 0.080522 0.084565 0.079512 0.079810 0.113683 0.079201 0.079725 0.081519 0.079201
0.081844 0.081844 0.082969 0.081844 0.081844 0.084234 0.084320 0.082816 0.084461 0.085850 0.086127 0.081844
0.022869 0.022869 0.035706 0.022876 0.025002 0.032827 0.027376 0.029234 0.028068 0.052001 0.678305 0.022869
0.081847 0.081847 0.083073 0.081847 0.081847 0.084860 0.084886 0.083233 0.084935 0.085287 0.084492 0.081847
0.008786 0.008786 0.014488 0.008942 0.009858 0.008874 0.009015 0.009056 0.009076 0.015702 0.888632 0.008786
0.016465 0.016465 0.016678 0.817300 0.016559 0.016560 0.016572 0.016549 0.016582 0.016751 0.017053 0.016465
0.077778 0.077778 0.077778 0.144445 0.077778 0.077778 0.077778 0.077778 0.077778 0.077778 0.077778 0.077778
0.002531 0.002531 0.002531 0.002531 0.002531 0.002531 0.002531 0.002531 0.002531 0.002534 0.972157 0.002531
0.013762 0.013762 0.027745 0.014498 0.017313 0.014195 0.014401 0.014763 0.014452 0.027552 0.813796 0.013762
0.059388 0.059388 0.059824 0.059403 0.059450 0.280345 0.078629 0.081688 0.078593 0.060052 0.063851 0.059388
0.059070 0.059070 0.059291 0.059070 0.059070 0.284961 0.079007 0.082062 0.079144 0.059672 0.060514 0.059070
0.007543 0.007543 0.008547 0.007554 0.007585 0.007574 0.007591 0.007565 0.007611 0.010057 0.913286 0.007543
0.038840 0.038840 0.185202 0.051484 0.132501 0.039754 0.042677 0.067613 0.039385 0.050628 0.274235 0.038840
0.005544 0.005544 0.005884 0.005544 0.005547 0.006459 0.006935 0.006748 0.005708 0.006368 0.934177 0.005544
0.072378 0.072378 0.082431 0.076103 0.079912 0.073816 0.076163 0.154736 0.076441 0.080476 0.082787 0.072378
0.003328 0.003328 0.003616 0.003331 0.003347 0.003337 0.003340 0.003335 0.003344 0.004086 0.962280 0.003328
0.023293 0.023293 0.024007 0.741150 0.024025 0.023341 0.023379 0.023591 0.023429 0.023461 0.023736 0.023293
0.038509 0.038509 0.044353 0.038509 0.038528 0.053213 0.054738 0.043123 0.056744 0.120271 0.434992 0.038509
0.082652 0.082652 0.082652 0.089934 0.082652 0.082652 0.082652 0.083549 0.082652 0.082652 0.082652 0.082652
0.079800 0.079800 0.095926 0.083538 0.091557 0.081370 0.080181 0.081377 0.080144 0.082164 0.084344 0.079800
0.081081 0.081081 0.084011 0.081831 0.084045 0.081239 0.081391 0.099481 0.081081 0.081420 0.082259 0.081081
0.082506 0.082506 0.083071 0.082506 0.082506 0.083841 0.083887 0.083115 0.083949 0.084686 0.084919 0.082506
0.019698 0.019698 0.031607 0.019701 0.021650 0.024568 0.022847 0.023348 0.023441 0.047173 0.726571 0.019698
0.082507 0.082507 0.083123 0.082507 0.082507 0.084173 0.084187 0.083356 0.084208 0.084396 0.084022 0.082507
0.007606 0.007606 0.012048 0.007698 0.008241 0.007685 0.007762 0.007753 0.007804 0.013452 0.904738 0.007606
0.016459 0.016459 0.016724 0.816972 0.016576 0.016578 0.016592 0.016564 0.016605 0.016816 0.017197 0.016459
0.079776 0.079776 0.079776 0.122462 0.079776 0.079776 0.079776 0.079776 0.079776 0.079776 0.079776 0.079776
0.002472 0.002472 0.002472 0.002472 0.002472 0.002472 0.002472 0.002472 0.002472 0.002474 0.972808 0.002472
0.015437 0.015437 0.034023 0.016443 0.019997 0.015959 0.016195 0.016598 0.016262 0.031962 0.786251 0.015437
0.057392 0.057392 0.057974 0.057413 0.057466 0.294593 0.077845 0.083744 0.077810 0.058196 0.062783 0.057392
0.057235 0.057235 0.057449 0.057235 0.057235 0.298257 0.078826 0.083658 0.078918 0.057818 0.058901 0.057235
0.005936 0.005936 0.006781 0.005945 0.005971 0.005961 0.005976 0.005954 0.005992 0.008044 0.931568 0.005936
0.038720 0.038720 0.213541 0.049733 0.140126 0.039597 0.042540 0.067773 0.039167 0.048927 0.242435 0.038720
0.004334 0.004334 0.004570 0.004334 0.004337 0.004838 0.004852 0.004773 0.004422 0.005012 0.949862 0.004334
0.072870 0.072870 0.079614 0.075496 0.077949 0.073726 0.075558 0.164771 0.075728 0.078499 0.080048 0.072870
0.003105 0.003105 0.003306 0.003107 0.003117 0.003110 0.003113 0.003109 0.003115 0.003731 0.964977 0.003105
0.023891 0.023891 0.023891 0.736623 0.023891 0.024467 0.023891 0.023891 0.023891 0.023891 0.023891 0.023891
0.037518 0.037518 0.042972 0.037518 0.037541 0.051903 0.053800 0.042174 0.055717 0.124818 0.441002 0.037518
0.083166 0.083166 0.083166 0.083166 0.083166 0.085170 0.083166 0.083166 0.083166 0.083166 0.083166 0.083166
0.077777 0.077777 0.097752 0.083039 0.099653 0.079011 0.078612 0.083217 0.078502 0.082455 0.084429 0.077777
0.080731 0.080731 0.080731 0.080731 0.080731 0.082676 0.080731 0.110018 0.080731 0.080731 0.080731 0.080731
0.082999 0.082999 0.082999 0.086089 0.082999 0.082999 0.082999 0.083922 0.082999 0.082999 0.082999 0.082999
0.022711 0.022711 0.035589 0.022711 0.024870 0.031817 0.026877 0.028120 0.027569 0.052356 0.681960 0.022711
0.083333 0.083333 0.083333 0.083333 0.083333 0.083333 0.083333 0.083333 0.083333 0.083333 0.083333 0.083333
0.008528 0.008528 0.014025 0.009001 0.009507 0.008615 0.008752 0.008896 0.008805 0.015224 0.891592 0.008528
0.015244 0.015244 0.015244 0.832312 0.015244 0.015244 0.015244 0.015244 0.015244 0.015244 0.015244 0.015244
0.077835 0.077835 0.077835 0.142925 0.077835 0.077835 0.077835 0.078721 0.077835 0.077835 0.077835 0.077835
0.002451 0.002451 0.002463 0.002452 0.002453 0.002452 0.002453 0.002453 0.002453 0.002469 0.973000 0.002451
0.012824 0.012824 0.027048 0.013073 0.015384 0.013231 0.013425 0.013588 0.013475 0.025884 0.826420 0.012824
0.059224 0.059224 0.059224 0.059224 0.059224 0.286203 0.078348 0.083358 0.078297 0.059224 0.059224 0.059224
0.059058 0.059058 0.059058 0.061233 0.059058 0.285010 0.078319 0.083531 0.078505 0.059058 0.059058 0.059058
0.007888 0.007888 0.008944 0.007899 0.007932 0.007920 0.007938 0.007911 0.007959 0.010521 0.909312 0.007888
0.038067 0.038067 0.188748 0.048457 0.122740 0.038990 0.041846 0.065442 0.038634 0.050311 0.290632 0.038067
0.006172 0.006172 0.006542 0.006172 0.006176 0.007320 0.007644 0.007455 0.006355 0.007074 0.926748 0.006172
0.072469 0.072469 0.083076 0.076385 0.080234 0.073905 0.076462 0.147767 0.076744 0.081389 0.086630 0.072469
0.003662 0.003662 0.003975 0.003667 0.003685 0.003761 0.003677 0.003671 0.003682 0.004516 0.958381 0.003662
