0.018862 0.018862 0.018862 0.792523 0.018862 0.018862 0.018862 0.018862 0.018862 0.018862 0.018862 0.018862
0.039400 0.039400 0.045314 0.039400 0.039411 0.055822 0.057959 0.044739 0.060108 0.138462 0.400586 0.039400
0.083333 0.083333 0.083333 0.083333 0.083333 0.083333 0.083333 0.083333 0.083333 0.083333 0.083333 0.083333
0.080652 0.080652 0.091734 0.083305 0.090686 0.080774 0.080780 0.082578 0.080768 0.083320 0.084101 0.080652
0.080793 0.080793 0.080793 0.080793 0.080793 0.093444 0.083619 0.091213 0.083329 0.082844 0.080793 0.080793
0.082996 0.082996 0.082996 0.087044 0.082996 0.082996 0.082996 0.082996 0.082996 0.082996 0.082996 0.082996
0.018801 0.018801 0.030462 0.018801 0.020726 0.024132 0.021920 0.022877 0.022513 0.046323 0.735845 0.018801
0.083333 0.083333 0.083333 0.083333 0.083333 0.083333 0.083333 0.083333 0.083333 0.083333 0.083333 0.083333
0.007153 0.007153 0.010816 0.007387 0.007821 0.007194 0.007272 0.007247 0.007306 0.012538 0.910961 0.007153
0.080888 0.080888 0.080888 0.110232 0.080888 0.080888 0.080888 0.080888 0.080888 0.080888 0.080888 0.080888
0.080888 0.080888 0.080888 0.110232 0.080888 0.080888 0.080888 0.080888 0.080888 0.080888 0.080888 0.080888
0.002447 0.002447 0.002465 0.002448 0.002449 0.002448 0.002448 0.002448 0.002449 0.002456 0.973048 0.002447
0.014702 0.014702 0.033418 0.015005 0.018060 0.015225 0.015460 0.015661 0.015526 0.031383 0.796156 0.014702
0.056841 0.056841 0.056841 0.056841 0.056841 0.306890 0.078262 0.081912 0.078204 0.056841 0.056841 0.056841
0.048111 0.048111 0.053188 0.050457 0.048111 0.080185 0.072111 0.070889 0.119206 0.167097 0.194422 0.048111
0.005612 0.005612 0.006431 0.005621 0.005647 0.005637 0.005651 0.005630 0.005668 0.007662 0.935216 0.005612
0.038819 0.038819 0.208969 0.050086 0.142539 0.039710 0.042728 0.068855 0.039238 0.048641 0.242778 0.038819
0.004117 0.004117 0.004311 0.004117 0.004120 0.004575 0.004503 0.004482 0.004163 0.004771 0.952606 0.004117
0.074099 0.074099 0.079812 0.076072 0.077567 0.074099 0.076109 0.156263 0.076278 0.078040 0.083465 0.074099
0.003808 0.003808 0.004198 0.003818 0.003844 0.003826 0.003831 0.003824 0.003837 0.004987 0.956413 0.003808
0.017816 0.017816 0.017816 0.804023 0.017816 0.017816 0.017816 0.017816 0.017816 0.017816 0.017816 0.017816
0.040344 0.040344 0.046459 0.040344 0.040349 0.057870 0.060201 0.046123 0.062436 0.146113 0.379073 0.040344
0.083333 0.083333 0.083333 0.083333 0.083333 0.083333 0.083333 0.083333 0.083333 0.083333 0.083333 0.083333
0.082333 0.082333 0.087611 0.083604 0.085067 0.082333 0.082333 0.082333 0.082333 0.083624 0.083762 0.082333
0.082327 0.082327 0.082327 0.082327 0.082327 0.087537 0.082747 0.087474 0.082590 0.083365 0.082327 0.082327
0.083166 0.083166 0.083166 0.085170 0.083166 0.083166 0.083166 0.083166 0.083166 0.083166 0.083166 0.083166
0.016894 0.016894 0.027847 0.016894 0.018685 0.020259 0.019318 0.019687 0.019848 0.043019 0.763759 0.016894
0.083333 0.083333 0.083333 0.083333 0.083333 0.083333 0.083333 0.083333 0.083333 0.083333 0.083333 0.083333
0.006617 0.006617 0.009782 0.006736 0.007018 0.006657 0.006710 0.006674 0.006735 0.011506 0.918331 0.006617
0.082093 0.082093 0.082093 0.096981 0.082093 0.082093 0.082093 0.082093 0.082093 0.082093 0.082093 0.082093
0.082093 0.082093 0.082093 0.096981 0.082093 0.082093 0.082093 0.082093 0.082093 0.082093 0.082093 0.082093
0.002430 0.002430 0.002439 0.002430 0.002431 0.002430 0.002430 0.002430 0.002431 0.002434 0.973256 0.002430
0.015692 0.015692 0.037379 0.016020 0.019471 0.016274 0.016528 0.016739 0.016604 0.034253 0.779654 0.015692
0.054830 0.054830 0.054830 0.054830 0.054830 0.323200 0.076709 0.084804 0.076650 0.054830 0.054830 0.054830
0.047649 0.047649 0.052942 0.048797 0.047649 0.075669 0.072620 0.067625 0.119356 0.170394 0.201999 0.047649
0.004398 0.004398 0.005083 0.004405 0.004426 0.004419 0.004430 0.004413 0.004443 0.006105 0.949082 0.004398
0.038864 0.038864 0.235305 0.050323 0.153712 0.039725 0.042709 0.069152 0.039202 0.047322 0.205960 0.038864
0.003279 0.003279 0.003412 0.003279 0.003281 0.003429 0.003404 0.003408 0.003285 0.003824 0.962842 0.003279
0.073892 0.073892 0.075729 0.074780 0.075078 0.073892 0.074796 0.178315 0.074871 0.075279 0.075586 0.073892
0.003373 0.003373 0.003656 0.003378 0.003390 0.003380 0.003382 0.003379 0.003384 0.004337 0.961594 0.003373
0.018795 0.018795 0.019490 0.790526 0.019056 0.018807 0.018825 0.018867 0.018826 0.019196 0.020020 0.018795
0.041363 0.041363 0.047651 0.041363 0.041462 0.058906 0.061293 0.047235 0.063519 0.146995 0.367488 0.041363
0.082324 0.082324 0.084613 0.082347 0.083046 0.082324 0.082347 0.082429 0.082345 0.083976 0.089601 0.082324
0.081513 0.081513 0.088114 0.083280 0.085324 0.085160 0.082182 0.082462 0.082162 0.083339 0.083437 0.081513
0.081004 0.081004 0.084636 0.081517 0.083773 0.088979 0.081823 0.089060 0.081671 0.081191 0.084338 0.081004
0.082292 0.082292 0.082459 0.082292 0.082299 0.082301 0.082307 0.082297 0.082313 0.083043 0.093814 0.082292
0.017401 0.017401 0.028577 0.017402 0.019221 0.021213 0.019977 0.020463 0.020511 0.043734 0.756699 0.017401
0.082281 0.082281 0.082294 0.082281 0.082281 0.082281 0.082281 0.082281 0.082281 0.082342 0.094832 0.082281
0.006993 0.006993 0.010488 0.007043 0.007400 0.007066 0.007133 0.007091 0.007166 0.012322 0.913313 0.006993
0.081073 0.081073 0.081110 0.095776 0.081074 0.081074 0.081074 0.081073 0.081075 0.081225 0.093300 0.081073
0.081087 0.081087 0.081355 0.095793 0.081109 0.081118 0.081131 0.081105 0.081145 0.082094 0.091891 0.081087
0.002773 0.002773 0.002773 0.002773 0.002773 0.002773 0.002773 0.002773 0.002773 0.002773 0.969498 0.002773
0.016704 0.016704 0.039044 0.018747 0.020539 0.017298 0.017561 0.017778 0.017639 0.035506 0.765778 0.016704
0.055712 0.055712 0.055932 0.055712 0.055743 0.308342 0.076755 0.084195 0.076708 0.056182 0.063295 0.055712
0.047477 0.047477 0.053289 0.047477 0.047693 0.074837 0.073079 0.066840 0.117299 0.168811 0.208246 0.047477
0.004636 0.004636 0.005335 0.004643 0.004665 0.004657 0.004669 0.004651 0.004683 0.006371 0.946417 0.004636
0.039846 0.039846 0.230442 0.051259 0.149422 0.040718 0.043703 0.069792 0.040210 0.048726 0.206191 0.039846
0.003514 0.003514 0.003680 0.003514 0.003517 0.003689 0.003664 0.003653 0.003537 0.004123 0.960081 0.003514
0.073447 0.073447 0.075875 0.074469 0.075191 0.073588 0.074496 0.178294 0.074572 0.075463 0.077710 0.073447
0.003617 0.003617 0.004005 0.003623 0.003653 0.003628 0.003632 0.003629 0.003636 0.004721 0.958622 0.003617
0.017816 0.017816 0.017816 0.804023 0.017816 0.017816 0.017816 0.017816 0.017816 0.017816 0.017816 0.017816
0.040014 0.040014 0.046037 0.040014 0.040023 0.057016 0.059350 0.045671 0.061492 0.144257 0.386100 0.040014
0.083333 0.083333 0.083333 0.083333 0.083333 0.083333 0.083333 0.083333 0.083333 0.083333 0.083333 0.083333
0.081491 0.081491 0.089469 0.083658 0.088958 0.081615 0.081621 0.082829 0.081608 0.083664 0.082103 0.081491
0.081803 0.081803 0.081803 0.081803 0.081803 0.090929 0.082465 0.089711 0.082474 0.081803 0.081803 0.081803
0.083333 0.083333 0.083333 0.083333 0.083333 0.083333 0.083333 0.083333 0.083333 0.083333 0.083333 0.083333
0.017111 0.017111 0.028148 0.017111 0.018919 0.020922 0.019716 0.020166 0.020258 0.043463 0.759966 0.017111
0.083333 0.083333 0.083333 0.083333 0.083333 0.083333 0.083333 0.083333 0.083333 0.083333 0.083333 0.083333
0.006667 0.006667 0.009967 0.006713 0.007077 0.006706 0.006764 0.006755 0.006790 0.011616 0.917609 0.006667
0.082093 0.082093 0.082093 0.096981 0.082093 0.082093 0.082093 0.082093 0.082093 0.082093 0.082093 0.082093
0.082093 0.082093 0.082093 0.096981 0.082093 0.082093 0.082093 0.082093 0.082093 0.082093 0.082093 0.082093
0.002414 0.002414 0.002414 0.002414 0.002414 0.002414 0.002414 0.002414 0.002414 0.002415 0.973447 0.002414
0.015247 0.015247 0.036050 0.015564 0.018762 0.015793 0.016038 0.016241 0.016110 0.032715 0.786988 0.015247
0.055984 0.055984 0.055984 0.055984 0.055984 0.314676 0.076468 0.084572 0.076413 0.055984 0.055984 0.055984
0.047791 0.047791 0.052702 0.047791 0.047791 0.077629 0.074015 0.068654 0.121570 0.171425 0.195050 0.047791
0.004862 0.004862 0.005600 0.004869 0.004892 0.004884 0.004896 0.004878 0.004911 0.006690 0.943795 0.004862
0.038900 0.038900 0.232381 0.050321 0.141336 0.039840 0.042844 0.068741 0.039340 0.049177 0.219321 0.038900
0.003638 0.003638 0.003842 0.003638 0.003641 0.003931 0.003898 0.003841 0.003713 0.004230 0.958351 0.003638
0.073587 0.073587 0.077514 0.074828 0.076864 0.073587 0.074851 0.172069 0.074957 0.077183 0.077387 0.073587
0.003546 0.003546 0.003910 0.003554 0.003583 0.003565 0.003570 0.003563 0.003575 0.004621 0.959420 0.003546
0.018160 0.018160 0.018160 0.800244 0.018160 0.018160 0.018160 0.018160 0.018160 0.018160 0.018160 0.018160
0.040043 0.040043 0.045892 0.040043 0.040054 0.057131 0.059455 0.045751 0.061561 0.144842 0.385143 0.040043
0.083333 0.083333 0.083333 0.083333 0.083333 0.083333 0.083333 0.083333 0.083333 0.083333 0.083333 0.083333
0.081148 0.081148 0.088107 0.083050 0.092469 0.081270 0.081277 0.084311 0.081264 0.083052 0.081757 0.081148
0.081309 0.081309 0.081309 0.081309 0.081309 0.092025 0.084654 0.088147 0.084700 0.081309 0.081309 0.081309
0.083333 0.083333 0.083333 0.083333 0.083333 0.083333 0.083333 0.083333 0.083333 0.083333 0.083333 0.083333
0.018179 0.018179 0.029603 0.018179 0.020067 0.022868 0.021580 0.021394 0.022179 0.045398 0.744195 0.018179
0.083333 0.083333 0.083333 0.083333 0.083333 0.083333 0.083333 0.083333 0.083333 0.083333 0.083333 0.083333
0.006881 0.006881 0.010382 0.006931 0.007431 0.006921 0.006981 0.007022 0.007008 0.011999 0.914682 0.006881
0.081901 0.081901 0.081901 0.099086 0.081901 0.081901 0.081901 0.081901 0.081901 0.081901 0.081901 0.081901
0.081901 0.081901 0.081901 0.099086 0.081901 0.081901 0.081901 0.081901 0.081901 0.081901 0.081901 0.081901
0.002415 0.002415 0.002415 0.002415 0.002415 0.002415 0.002415 0.002415 0.002415 0.002416 0.973438 0.002415
0.014673 0.014673 0.034464 0.014979 0.017839 0.015172 0.015406 0.015596 0.015473 0.030752 0.796298 0.014673
0.056190 0.056190 0.056190 0.056190 0.056190 0.313370 0.076139 0.084883 0.076085 0.056190 0.056190 0.056190
0.048015 0.048015 0.052816 0.048015 0.048015 0.078383 0.074732 0.068977 0.121436 0.169745 0.193836 0.048015
0.005065 0.005065 0.005828 0.005073 0.005096 0.005088 0.005100 0.005081 0.005115 0.006950 0.941475 0.005065
0.038889 0.038889 0.226717 0.050279 0.143365 0.039795 0.042800 0.068822 0.039308 0.048777 0.223472 0.038889
0.003746 0.003746 0.003939 0.003746 0.003748 0.004032 0.003996 0.003954 0.003804 0.004351 0.957194 0.003746
0.073629 0.073629 0.078166 0.075190 0.076916 0.073770 0.075227 0.167757 0.075349 0.077309 0.079429 0.073629
0.003595 0.003595 0.003952 0.003603 0.003628 0.003612 0.003616 0.003610 0.003621 0.004675 0.958896 0.003595
0.018444 0.018444 0.018969 0.794439 0.018704 0.018466 0.018486 0.018523 0.018489 0.018913 0.019679 0.018444
0.041194 0.041194 0.047882 0.041314 0.041727 0.058677 0.060981 0.047023 0.063193 0.145160 0.370462 0.041194
0.082320 0.082320 0.084012 0.082343 0.083037 0.082320 0.082344 0.082426 0.082342 0.083970 0.090246 0.082320
0.080854 0.080854 0.088099 0.082606 0.087475 0.084472 0.081517 0.083001 0.081498 0.082680 0.086089 0.080854
0.080681 0.080681 0.082818 0.081176 0.083121 0.089285 0.082578 0.088970 0.082278 0.081952 0.085781 0.080681
0.082129 0.082129 0.082415 0.084110 0.082143 0.082140 0.082145 0.082136 0.082152 0.082760 0.093611 0.082129
0.017903 0.017903 0.029278 0.018335 0.019771 0.021984 0.020710 0.021048 0.021266 0.044854 0.749048 0.017903
0.082281 0.082281 0.082295 0.082281 0.082281 0.082281 0.082281 0.082281 0.082281 0.082341 0.094831 0.082281
0.007240 0.007240 0.010841 0.007379 0.007763 0.007306 0.007377 0.007332 0.007412 0.012690 0.910180 0.007240
0.080697 0.080697 0.080754 0.099982 0.080698 0.080698 0.080699 0.080698 0.080700 0.080905 0.092774 0.080697
0.080706 0.080706 0.080929 0.099993 0.080723 0.080729 0.080738 0.080718 0.080749 0.081412 0.091892 0.080706
0.002792 0.002792 0.002802 0.002792 0.002793 0.002792 0.002792 0.002792 0.002793 0.002797 0.969271 0.002792
0.016359 0.016359 0.037341 0.017925 0.020093 0.016938 0.017195 0.017411 0.017269 0.034655 0.772097 0.016359
0.056225 0.056225 0.056856 0.056266 0.056374 0.304038 0.077518 0.083047 0.077484 0.056784 0.062957 0.056225
0.047907 0.047907 0.054381 0.050300 0.048379 0.077275 0.071941 0.068552 0.116075 0.164380 0.204997 0.047907
0.005253 0.005253 0.006022 0.005261 0.005285 0.005276 0.005289 0.005270 0.005304 0.007174 0.939360 0.005253
0.039814 0.039814 0.218614 0.051131 0.146909 0.040685 0.043919 0.069982 0.040335 0.049531 0.219452 0.039814
0.003923 0.003923 0.004104 0.004018 0.003927 0.004230 0.004180 0.004174 0.003948 0.004591 0.955057 0.003923
0.073529 0.073529 0.078011 0.075088 0.076005 0.073670 0.075126 0.166187 0.075248 0.076403 0.083675 0.073529
0.003947 0.003947 0.004382 0.003957 0.003992 0.003964 0.003969 0.003963 0.003974 0.005203 0.954756 0.003947
0.018862 0.018862 0.018862 0.792523 0.018862 0.018862 0.018862 0.018862 0.018862 0.018862 0.018862 0.018862
0.039591 0.039591 0.045614 0.039591 0.039599 0.056245 0.058416 0.045039 0.060577 0.139479 0.396668 0.039591
0.083166 0.083166 0.083166 0.083166 0.083166 0.085170 0.083166 0.083166 0.083166 0.083166 0.083166 0.083166
0.081163 0.081163 0.091002 0.083478 0.085954 0.081408 0.081434 0.081474 0.081406 0.084126 0.086229 0.081163
0.081480 0.081480 0.081480 0.081480 0.081480 0.090265 0.082316 0.089891 0.082160 0.083549 0.082936 0.081480
0.082827 0.082827 0.082827 0.087981 0.082827 0.082827 0.082827 0.083749 0.082827 0.082827 0.082827 0.082827
0.018344 0.018344 0.029830 0.018344 0.020231 0.022751 0.020895 0.022076 0.021452 0.045439 0.743950 0.018344
0.083333 0.083333 0.083333 0.083333 0.083333 0.083333 0.083333 0.083333 0.083333 0.083333 0.083333 0.083333
0.007089 0.007089 0.010611 0.007404 0.007647 0.007137 0.007205 0.007239 0.007235 0.012364 0.911890 0.007089
0.080674 0.080674 0.080674 0.112589 0.080674 0.080674 0.080674 0.080674 0.080674 0.080674 0.080674 0.080674
0.080702 0.080702 0.080702 0.111361 0.080702 0.080702 0.080702 0.081621 0.080702 0.080702 0.080702 0.080702
0.002471 0.002471 0.002496 0.002473 0.002475 0.002473 0.002474 0.002474 0.002475 0.002492 0.972755 0.002471
0.014920 0.014920 0.033891 0.015221 0.018466 0.015466 0.015700 0.015902 0.015769 0.032148 0.792676 0.014920
0.056576 0.056576 0.056576 0.056576 0.056576 0.306649 0.079153 0.082497 0.079091 0.056576 0.056576 0.056576
0.048147 0.048147 0.053495 0.049911 0.048147 0.078481 0.072146 0.071456 0.117424 0.167233 0.197268 0.048147
0.005180 0.005180 0.005955 0.005188 0.005213 0.005204 0.005217 0.005197 0.005232 0.007116 0.940137 0.005180
0.038746 0.038746 0.216574 0.049767 0.149048 0.039602 0.042512 0.068184 0.039115 0.047577 0.231383 0.038746
0.003910 0.003910 0.004064 0.003910 0.003913 0.004275 0.004210 0.004224 0.003917 0.004539 0.955217 0.003910
0.074273 0.074273 0.078084 0.076035 0.076610 0.074416 0.076078 0.163297 0.076215 0.077478 0.078968 0.074273
0.003581 0.003581 0.003929 0.003591 0.003608 0.003594 0.003597 0.003592 0.003602 0.004672 0.959071 0.003581
0.019211 0.019211 0.019211 0.788216 0.019211 0.019674 0.019211 0.019211 0.019211 0.019211 0.019211 0.019211
0.039711 0.039711 0.045693 0.039711 0.039721 0.056330 0.058668 0.045334 0.060710 0.141363 0.393335 0.039711
0.083333 0.083333 0.083333 0.083333 0.083333 0.083333 0.083333 0.083333 0.083333 0.083333 0.083333 0.083333
0.081830 0.081830 0.088847 0.083748 0.087294 0.081953 0.081960 0.082566 0.081947 0.083751 0.082444 0.081830
0.081978 0.081978 0.081978 0.081978 0.081978 0.090012 0.082642 0.088872 0.082651 0.081978 0.081978 0.081978
0.083333 0.083333 0.083333 0.083333 0.083333 0.083333 0.083333 0.083333 0.083333 0.083333 0.083333 0.083333
0.017100 0.017100 0.028118 0.017100 0.018905 0.020652 0.019702 0.019921 0.020243 0.043402 0.760659 0.017100
0.083333 0.083333 0.083333 0.083333 0.083333 0.083333 0.083333 0.083333 0.083333 0.083333 0.083333 0.083333
0.006645 0.006645 0.009822 0.006762 0.007078 0.006687 0.006735 0.006720 0.006759 0.011543 0.917959 0.006645
0.082280 0.082280 0.082280 0.094916 0.082280 0.082280 0.082280 0.082280 0.082280 0.082280 0.082280 0.082280
0.082280 0.082280 0.082280 0.094916 0.082280 0.082280 0.082280 0.082280 0.082280 0.082280 0.082280 0.082280
0.002430 0.002430 0.002439 0.002430 0.002431 0.002430 0.002431 0.002430 0.002431 0.002435 0.973254 0.002430
0.015900 0.015900 0.038836 0.016235 0.019674 0.016483 0.016741 0.016948 0.016821 0.034604 0.775958 0.015900
0.054498 0.054498 0.054498 0.054498 0.054498 0.326495 0.075638 0.086301 0.075581 0.054498 0.054498 0.054498
0.047708 0.047708 0.052875 0.048858 0.047708 0.074408 0.074004 0.066049 0.119986 0.169785 0.203202 0.047708
0.004493 0.004493 0.005192 0.004500 0.004522 0.004514 0.004525 0.004508 0.004539 0.006231 0.947991 0.004493
0.038855 0.038855 0.235841 0.050334 0.151318 0.039713 0.042703 0.068988 0.039205 0.047573 0.207759 0.038855
0.003328 0.003328 0.003477 0.003328 0.003331 0.003433 0.003420 0.003407 0.003350 0.003880 0.962390 0.003328
0.073075 0.073075 0.075032 0.073738 0.074336 0.073215 0.073759 0.186040 0.073804 0.074502 0.076351 0.073075
0.003436 0.003436 0.003721 0.003440 0.003454 0.003443 0.003445 0.003443 0.003447 0.004402 0.960896 0.003436
0.015858 0.015858 0.015858 0.825561 0.015858 0.015858 0.015858 0.015858 0.015858 0.015858 0.015858 0.015858
0.040936 0.040936 0.047023 0.040936 0.040936 0.059348 0.061767 0.047155 0.063959 0.150356 0.365713 0.040936
0.083333 0.083333 0.083333 0.083333 0.083333 0.083333 0.083333 0.083333 0.083333 0.083333 0.083333 0.083333
0.083002 0.083002 0.084482 0.083256 0.083547 0.083002 0.083002 0.083002 0.083002 0.083261 0.084441 0.083002
0.083002 0.083002 0.083002 0.083002 0.083002 0.084027 0.083426 0.084215 0.083268 0.084049 0.083002 0.083002
0.083166 0.083166 0.083166 0.085170 0.083166 0.083166 0.083166 0.083166 0.083166 0.083166 0.083166 0.083166
0.016101 0.016101 0.026722 0.016101 0.017836 0.018329 0.018601 0.017737 0.019122 0.041625 0.775623 0.016101
0.083333 0.083333 0.083333 0.083333 0.083333 0.083333 0.083333 0.083333 0.083333 0.083333 0.083333 0.083333
0.006213 0.006213 0.008992 0.006230 0.006487 0.006250 0.006276 0.006281 0.006292 0.010689 0.923862 0.006213
0.082996 0.082996 0.082996 0.087044 0.082996 0.082996 0.082996 0.082996 0.082996 0.082996 0.082996 0.082996
0.082996 0.082996 0.082996 0.087044 0.082996 0.082996 0.082996 0.082996 0.082996 0.082996 0.082996 0.082996
0.002430 0.002430 0.002439 0.002430 0.002431 0.002430 0.002430 0.002430 0.002431 0.002434 0.973255 0.002430
0.016185 0.016185 0.040294 0.016529 0.020045 0.016780 0.017044 0.017252 0.017128 0.035341 0.771033 0.016185
0.054163 0.054163 0.054163 0.054163 0.054163 0.329788 0.074574 0.087816 0.074519 0.054163 0.054163 0.054163
0.047484 0.047484 0.052495 0.048628 0.047484 0.073295 0.074652 0.064660 0.122077 0.172113 0.202144 0.047484
0.004394 0.004394 0.005081 0.004401 0.004422 0.004414 0.004426 0.004409 0.004439 0.006092 0.949133 0.004394
0.038840 0.038840 0.243121 0.050381 0.146922 0.039739 0.042733 0.068733 0.039222 0.048183 0.204445 0.038840
0.003210 0.003210 0.003379 0.003210 0.003212 0.003277 0.003279 0.003236 0.003260 0.003745 0.963772 0.003210
0.072490 0.072490 0.074098 0.072664 0.073892 0.072491 0.072667 0.194750 0.072682 0.073954 0.075332 0.072490
0.003433 0.003433 0.003718 0.003435 0.003454 0.003442 0.003444 0.003441 0.003447 0.004380 0.960939 0.003433
0.016172 0.016172 0.016172 0.822105 0.016172 0.016172 0.016172 0.016172 0.016172 0.016172 0.016172 0.016172
0.040729 0.040729 0.046651 0.040729 0.040733 0.058872 0.061245 0.046823 0.063418 0.149252 0.370090 0.040729
0.083333 0.083333 0.083333 0.083333 0.083333 0.083333 0.083333 0.083333 0.083333 0.083333 0.083333 0.083333
0.082001 0.082001 0.085902 0.082758 0.087868 0.082001 0.082001 0.083822 0.082001 0.082771 0.084871 0.082001
0.082004 0.082004 0.082004 0.082004 0.082004 0.087036 0.084873 0.085398 0.084578 0.084086 0.082004 0.082004
0.082996 0.082996 0.082996 0.087044 0.082996 0.082996 0.082996 0.082996 0.082996 0.082996 0.082996 0.082996
0.016908 0.016908 0.027856 0.016908 0.018703 0.019843 0.019650 0.019036 0.020196 0.043068 0.764014 0.016908
0.083333 0.083333 0.083333 0.083333 0.083333 0.083333 0.083333 0.083333 0.083333 0.083333 0.083333 0.083333
0.006657 0.006657 0.009718 0.006843 0.007188 0.006696 0.006734 0.006745 0.006754 0.011498 0.917851 0.006657
0.082645 0.082645 0.082645 0.090903 0.082645 0.082645 0.082645 0.082645 0.082645 0.082645 0.082645 0.082645
0.082645 0.082645 0.082645 0.090903 0.082645 0.082645 0.082645 0.082645 0.082645 0.082645 0.082645 0.082645
0.002430 0.002430 0.002439 0.002431 0.002431 0.002431 0.002431 0.002431 0.002431 0.002435 0.973251 0.002430
0.015714 0.015714 0.038328 0.016045 0.019366 0.016280 0.016535 0.016738 0.016613 0.033934 0.779020 0.015714
0.054498 0.054498 0.054498 0.054498 0.054498 0.326495 0.075638 0.086301 0.075581 0.054498 0.054498 0.054498
0.047540 0.047540 0.052689 0.048686 0.047540 0.074146 0.073744 0.065816 0.120839 0.171433 0.202486 0.047540
0.004311 0.004311 0.004988 0.004318 0.004339 0.004332 0.004343 0.004326 0.004356 0.005996 0.950066 0.004311
0.038847 0.038847 0.236178 0.050340 0.154349 0.039695 0.042683 0.069114 0.039174 0.047148 0.204779 0.038847
0.003279 0.003279 0.003412 0.003279 0.003281 0.003399 0.003379 0.003382 0.003285 0.003824 0.962923 0.003279
0.073758 0.073758 0.075880 0.074644 0.074944 0.073758 0.074660 0.177992 0.074736 0.075144 0.076969 0.073758
0.003423 0.003423 0.003699 0.003427 0.003438 0.003428 0.003430 0.003427 0.003432 0.004386 0.961065 0.003423
0.019504 0.019504 0.020224 0.782164 0.019774 0.019986 0.019534 0.019578 0.019535 0.019919 0.020775 0.019504
0.040850 0.040850 0.046836 0.040850 0.040951 0.057876 0.060161 0.046617 0.062245 0.142207 0.379706 0.040850
0.082161 0.082161 0.084446 0.082184 0.082882 0.084141 0.082184 0.082266 0.082182 0.083809 0.089424 0.082161
0.080521 0.080521 0.087732 0.082422 0.090268 0.084251 0.081323 0.084062 0.081289 0.083113 0.083975 0.080521
0.080352 0.080352 0.083954 0.080860 0.083097 0.090671 0.083150 0.088343 0.083182 0.080537 0.085152 0.080352
0.082130 0.082130 0.082296 0.083183 0.082137 0.082139 0.082145 0.083049 0.082151 0.082880 0.093630 0.082130
0.018283 0.018283 0.029786 0.018284 0.020169 0.022766 0.021463 0.021477 0.022040 0.045364 0.743803 0.018283
0.082281 0.082281 0.082294 0.082281 0.082281 0.082281 0.082281 0.082281 0.082281 0.082342 0.094832 0.082281
0.007294 0.007294 0.010995 0.007435 0.007847 0.007368 0.007437 0.007534 0.007470 0.012802 0.909228 0.007294
0.080502 0.080502 0.080539 0.102144 0.080503 0.080503 0.080503 0.080502 0.080504 0.080653 0.092643 0.080502
0.080551 0.080551 0.080818 0.099918 0.080574 0.080582 0.080595 0.082414 0.080610 0.081552 0.091284 0.080551
0.002830 0.002830 0.002846 0.002833 0.002833 0.002832 0.002834 0.002833 0.002834 0.002858 0.968806 0.002830
0.015671 0.015671 0.035825 0.017572 0.019012 0.016193 0.016427 0.016617 0.016498 0.032085 0.782759 0.015671
0.057591 0.057591 0.057819 0.057591 0.057623 0.291020 0.076847 0.086016 0.076805 0.058077 0.065430 0.057591
0.048060 0.048060 0.053405 0.049245 0.048279 0.077757 0.074823 0.070409 0.119549 0.167878 0.194476 0.048060
0.005439 0.005439 0.006225 0.005448 0.005472 0.005463 0.005476 0.005456 0.005491 0.007369 0.937282 0.005439
0.039599 0.039599 0.225164 0.050375 0.135745 0.040545 0.043369 0.067374 0.040063 0.050164 0.228404 0.039599
0.003986 0.003986 0.004234 0.003986 0.003989 0.004284 0.004257 0.004175 0.004086 0.004657 0.954375 0.003986
0.072694 0.072694 0.077167 0.073892 0.076275 0.072835 0.073926 0.175187 0.074014 0.077537 0.081085 0.072694
0.003906 0.003906 0.004375 0.003914 0.003962 0.003929 0.003935 0.003928 0.003941 0.005121 0.955177 0.003906
0.019494 0.019494 0.020215 0.781787 0.019764 0.020458 0.019525 0.019568 0.019526 0.019910 0.020765 0.019494
0.040886 0.040886 0.046711 0.040886 0.040986 0.058057 0.060322 0.046639 0.062451 0.142394 0.378896 0.040886
0.081995 0.081995 0.084275 0.082017 0.082714 0.085994 0.082018 0.082100 0.082016 0.083640 0.089243 0.081995
0.081020 0.081020 0.085460 0.081793 0.086843 0.084645 0.081710 0.083874 0.081686 0.083148 0.087778 0.081020
0.080704 0.080704 0.084321 0.081214 0.083461 0.086412 0.083693 0.085234 0.083557 0.082943 0.087053 0.080704
0.081632 0.081632 0.081797 0.087824 0.081639 0.081641 0.081647 0.083464 0.081653 0.082377 0.093062 0.081632
0.017656 0.017656 0.028929 0.017657 0.019500 0.020802 0.020593 0.019826 0.021149 0.044255 0.754320 0.017656
0.082281 0.082281 0.082294 0.082281 0.082281 0.082281 0.082281 0.082281 0.082281 0.082342 0.094832 0.082281
0.007300 0.007300 0.010677 0.007685 0.007939 0.007373 0.007419 0.007610 0.007445 0.012641 0.909309 0.007300
0.081073 0.081073 0.081110 0.095776 0.081074 0.081074 0.081074 0.081073 0.081075 0.081225 0.093300 0.081073
0.081099 0.081099 0.081367 0.094729 0.081122 0.081130 0.081143 0.082041 0.081158 0.082107 0.091905 0.081099
0.002840 0.002840 0.002868 0.002842 0.002844 0.002842 0.002843 0.002842 0.002843 0.002864 0.968694 0.002840
0.016148 0.016148 0.037393 0.018117 0.019687 0.016700 0.016949 0.017148 0.017023 0.033630 0.774909 0.016148
0.056321 0.056321 0.056545 0.056321 0.056353 0.302006 0.076977 0.085117 0.076931 0.056797 0.063987 0.056321
0.047714 0.047714 0.053421 0.050654 0.047931 0.075819 0.072704 0.067996 0.117978 0.167131 0.203225 0.047714
0.005026 0.005026 0.005767 0.005034 0.005057 0.005049 0.005061 0.005043 0.005076 0.006865 0.941969 0.005026
0.039731 0.039731 0.220025 0.050822 0.144257 0.040617 0.043534 0.068728 0.040122 0.049051 0.223650 0.039731
0.003811 0.003811 0.004004 0.003811 0.003814 0.004051 0.004019 0.003992 0.003853 0.004460 0.956562 0.003811
0.073017 0.073017 0.076256 0.073901 0.074993 0.073019 0.073918 0.177669 0.073992 0.075679 0.081520 0.073017
0.003869 0.003869 0.004283 0.003876 0.003910 0.003883 0.003887 0.003884 0.003891 0.005039 0.955739 0.003869
0.017816 0.017816 0.017816 0.804023 0.017816 0.017816 0.017816 0.017816 0.017816 0.017816 0.017816 0.017816
0.040290 0.040290 0.046384 0.040290 0.040298 0.057624 0.059999 0.045993 0.062234 0.146793 0.379515 0.040290
0.083333 0.083333 0.083333 0.083333 0.083333 0.083333 0.083333 0.083333 0.083333 0.083333 0.083333 0.083333
0.081824 0.081824 0.089430 0.083853 0.087643 0.081824 0.081824 0.082425 0.081824 0.083884 0.081824 0.081824
0.081626 0.081626 0.081626 0.081626 0.081626 0.091853 0.082287 0.090556 0.082296 0.081626 0.081626 0.081626
0.083333 0.083333 0.083333 0.083333 0.083333 0.083333 0.083333 0.083333 0.083333 0.083333 0.083333 0.083333
0.017523 0.017523 0.028724 0.017523 0.019360 0.021940 0.020169 0.021119 0.020721 0.044186 0.753689 0.017523
0.083333 0.083333 0.083333 0.083333 0.083333 0.083333 0.083333 0.083333 0.083333 0.083333 0.083333 0.083333
0.006748 0.006748 0.010168 0.006803 0.007149 0.006788 0.006857 0.006821 0.006887 0.011808 0.916475 0.006748
0.081901 0.081901 0.081901 0.099086 0.081901 0.081901 0.081901 0.081901 0.081901 0.081901 0.081901 0.081901
0.081901 0.081901 0.081901 0.099086 0.081901 0.081901 0.081901 0.081901 0.081901 0.081901 0.081901 0.081901
0.002414 0.002414 0.002414 0.002414 0.002414 0.002414 0.002414 0.002414 0.002414 0.002414 0.973450 0.002414
0.015438 0.015438 0.036576 0.015760 0.019074 0.016001 0.016249 0.016456 0.016323 0.033386 0.783862 0.015438
0.055304 0.055304 0.055304 0.055304 0.055304 0.319583 0.076756 0.084534 0.076698 0.055304 0.055304 0.055304
0.047624 0.047624 0.052781 0.047624 0.047624 0.076006 0.073338 0.067850 0.120373 0.171838 0.199697 0.047624
0.004670 0.004670 0.005387 0.004678 0.004700 0.004692 0.004704 0.004686 0.004718 0.006449 0.945975 0.004670
0.038891 0.038891 0.233896 0.050335 0.147431 0.039792 0.042787 0.068963 0.039281 0.048253 0.212588 0.038891
0.003454 0.003454 0.003621 0.003454 0.003456 0.003672 0.003643 0.003618 0.003492 0.004022 0.960659 0.003454
0.073743 0.073743 0.076620 0.074808 0.075970 0.073743 0.074827 0.175173 0.074918 0.076229 0.076485 0.073743
0.003445 0.003445 0.003761 0.003451 0.003470 0.003457 0.003460 0.003455 0.003463 0.004451 0.960698 0.003445
0.016815 0.016815 0.016815 0.815034 0.016815 0.016815 0.016815 0.016815 0.016815 0.016815 0.016815 0.016815
0.040431 0.040431 0.046252 0.040431 0.040439 0.058160 0.060480 0.046325 0.062651 0.147378 0.376592 0.040431
0.083333 0.083333 0.083333 0.083333 0.083333 0.083333 0.083333 0.083333 0.083333 0.083333 0.083333 0.083333
0.081656 0.081656 0.085930 0.082662 0.091022 0.081656 0.081656 0.084699 0.081656 0.082678 0.083072 0.081656
0.081833 0.081833 0.081833 0.081833 0.081833 0.088181 0.085635 0.084967 0.085519 0.082866 0.081833 0.081833
0.083166 0.083166 0.083166 0.085170 0.083166 0.083166 0.083166 0.083166 0.083166 0.083166 0.083166 0.083166
0.017348 0.017348 0.028462 0.017348 0.019180 0.020814 0.020638 0.019523 0.021219 0.043965 0.756806 0.017348
0.083333 0.083333 0.083333 0.083333 0.083333 0.083333 0.083333 0.083333 0.083333 0.083333 0.083333 0.083333
0.006766 0.006766 0.010008 0.006878 0.007351 0.006803 0.006846 0.006902 0.006867 0.011707 0.916342 0.006766
0.082465 0.082465 0.082465 0.092890 0.082465 0.082465 0.082465 0.082465 0.082465 0.082465 0.082465 0.082465
0.082465 0.082465 0.082465 0.092890 0.082465 0.082465 0.082465 0.082465 0.082465 0.082465 0.082465 0.082465
0.002431 0.002431 0.002440 0.002431 0.002432 0.002431 0.002431 0.002431 0.002432 0.002437 0.973242 0.002431
0.015005 0.015005 0.036043 0.015320 0.018262 0.015517 0.015759 0.015949 0.015830 0.031599 0.790706 0.015005
0.055589 0.055589 0.055589 0.055589 0.055589 0.318894 0.074724 0.086997 0.074673 0.055589 0.055589 0.055589
0.047823 0.047823 0.052473 0.048976 0.047823 0.076674 0.075349 0.066758 0.123526 0.170980 0.193971 0.047823
0.004764 0.004764 0.005493 0.004772 0.004794 0.004786 0.004798 0.004780 0.004813 0.006565 0.944905 0.004764
0.038882 0.038882 0.235865 0.050361 0.142507 0.039807 0.042812 0.068698 0.039304 0.048907 0.215093 0.038882
0.003482 0.003482 0.003678 0.003482 0.003484 0.003663 0.003650 0.003592 0.003553 0.004052 0.960401 0.003482
0.072921 0.072921 0.075978 0.073621 0.075445 0.072921 0.073634 0.183136 0.073693 0.075636 0.077175 0.072921
0.003540 0.003540 0.003873 0.003545 0.003571 0.003555 0.003559 0.003554 0.003563 0.004566 0.959592 0.003540
0.016172 0.016172 0.016172 0.822105 0.016172 0.016172 0.016172 0.016172 0.016172 0.016172 0.016172 0.016172
0.040881 0.040881 0.046948 0.040881 0.040885 0.059097 0.061560 0.047024 0.063754 0.151059 0.366146 0.040881
0.083333 0.083333 0.083333 0.083333 0.083333 0.083333 0.083333 0.083333 0.083333 0.083333 0.083333 0.083333
0.082668 0.082668 0.085470 0.083431 0.085704 0.082668 0.082668 0.083275 0.082668 0.083443 0.082668 0.082668
0.082666 0.082666 0.082666 0.082666 0.082666 0.086419 0.083335 0.085577 0.083344 0.082666 0.082666 0.082666
0.083333 0.083333 0.083333 0.083333 0.083333 0.083333 0.083333 0.083333 0.083333 0.083333 0.083333 0.083333
0.016499 0.016499 0.027286 0.016499 0.018263 0.019232 0.019041 0.018587 0.019570 0.042343 0.769682 0.016499
0.083333 0.083333 0.083333 0.083333 0.083333 0.083333 0.083333 0.083333 0.083333 0.083333 0.083333 0.083333
0.006404 0.006404 0.009299 0.006502 0.006781 0.006442 0.006474 0.006474 0.006492 0.011040 0.921283 0.006404
0.082645 0.082645 0.082645 0.090903 0.082645 0.082645 0.082645 0.082645 0.082645 0.082645 0.082645 0.082645
0.082645 0.082645 0.082645 0.090903 0.082645 0.082645 0.082645 0.082645 0.082645 0.082645 0.082645 0.082645
0.002430 0.002430 0.002439 0.002430 0.002431 0.002430 0.002430 0.002430 0.002431 0.002435 0.973254 0.002430
0.015900 0.015900 0.038836 0.016235 0.019674 0.016483 0.016741 0.016948 0.016821 0.034604 0.775958 0.015900
0.054498 0.054498 0.054498 0.054498 0.054498 0.326495 0.075638 0.086301 0.075581 0.054498 0.054498 0.054498
0.047708 0.047708 0.052875 0.048858 0.047708 0.074408 0.074004 0.066049 0.119986 0.169785 0.203202 0.047708
0.004493 0.004493 0.005192 0.004500 0.004522 0.004514 0.004525 0.004508 0.004539 0.006231 0.947991 0.004493
0.038855 0.038855 0.235841 0.050334 0.151318 0.039713 0.042703 0.068988 0.039205 0.047573 0.207759 0.038855
0.003328 0.003328 0.003477 0.003328 0.003331 0.003433 0.003420 0.003407 0.003350 0.003880 0.962390 0.003328
0.073119 0.073119 0.075711 0.074098 0.074784 0.073399 0.074132 0.182116 0.074193 0.075031 0.077179 0.073119
0.003484 0.003484 0.003790 0.003489 0.003505 0.003493 0.003496 0.003492 0.003498 0.004488 0.960298 0.003484
0.018160 0.018160 0.018160 0.800244 0.018160 0.018160 0.018160 0.018160 0.018160 0.018160 0.018160 0.018160
0.039817 0.039817 0.045846 0.039817 0.039824 0.056706 0.058966 0.045513 0.061023 0.141170 0.391685 0.039817
0.083333 0.083333 0.083333 0.083333 0.083333 0.083333 0.083333 0.083333 0.083333 0.083333 0.083333 0.083333
0.081669 0.081669 0.088670 0.083474 0.086773 0.081917 0.081930 0.082540 0.081904 0.083448 0.084338 0.081669
0.081989 0.081989 0.081989 0.081989 0.081989 0.088926 0.083075 0.088127 0.082926 0.083023 0.081989 0.081989
0.083166 0.083166 0.083166 0.085170 0.083166 0.083166 0.083166 0.083166 0.083166 0.083166 0.083166 0.083166
0.017294 0.017294 0.028376 0.017294 0.019111 0.020877 0.019914 0.020139 0.020458 0.043702 0.758246 0.017294
0.083333 0.083333 0.083333 0.083333 0.083333 0.083333 0.083333 0.083333 0.083333 0.083333 0.083333 0.083333
0.006754 0.006754 0.010062 0.006879 0.007212 0.006799 0.006853 0.006832 0.006879 0.011771 0.916453 0.006754
0.081706 0.081706 0.081706 0.101232 0.081706 0.081706 0.081706 0.081706 0.081706 0.081706 0.081706 0.081706
0.081706 0.081706 0.081706 0.101232 0.081706 0.081706 0.081706 0.081706 0.081706 0.081706 0.081706 0.081706
0.002430 0.002430 0.002439 0.002431 0.002431 0.002431 0.002431 0.002431 0.002431 0.002435 0.973250 0.002430
0.015299 0.015299 0.036273 0.015618 0.018829 0.015847 0.016094 0.016296 0.016166 0.032874 0.786106 0.015299
0.055777 0.055777 0.055777 0.055777 0.055777 0.315983 0.076797 0.084260 0.076741 0.055777 0.055777 0.055777
0.047988 0.047988 0.053052 0.049145 0.047988 0.077563 0.073553 0.068672 0.119697 0.168358 0.198007 0.047988
0.004971 0.004971 0.005723 0.004979 0.005002 0.004994 0.005006 0.004987 0.005021 0.006841 0.942534 0.004971
0.038890 0.038890 0.226211 0.050279 0.146138 0.039777 0.042779 0.068944 0.039286 0.048365 0.221553 0.038890
0.003690 0.003690 0.003866 0.003690 0.003692 0.003958 0.003920 0.003895 0.003731 0.004288 0.957890 0.003690
0.073472 0.073472 0.076728 0.074533 0.075980 0.073483 0.074564 0.174567 0.074656 0.076903 0.078171 0.073472
0.003560 0.003560 0.003875 0.003565 0.003584 0.003571 0.003574 0.003570 0.003577 0.004565 0.959436 0.003560
