0.073261 0.073261 0.087132 0.076433 0.077497 0.088877 0.074632 0.076485 0.084070 0.074414 0.097139 0.116798
0.040495 0.040495 0.049467 0.049459 0.055653 0.042250 0.045511 0.048769 0.043642 0.042003 0.455452 0.086805
0.083333 0.083333 0.083333 0.083333 0.083333 0.083333 0.083333 0.083333 0.083333 0.083333 0.083333 0.083333
0.068617 0.068617 0.099730 0.071567 0.077663 0.081307 0.071013 0.071740 0.076831 0.071642 0.115768 0.125503
0.072992 0.072992 0.074621 0.079747 0.073198 0.132395 0.073019 0.083330 0.073009 0.073302 0.103621 0.087774
0.067064 0.067064 0.076896 0.070316 0.074162 0.067127 0.071186 0.069919 0.067382 0.073873 0.225381 0.069629
0.018802 0.018802 0.023682 0.020937 0.019475 0.018977 0.019047 0.021574 0.019061 0.026484 0.770023 0.023136
0.071772 0.071772 0.090895 0.081333 0.086539 0.076155 0.082258 0.081351 0.078055 0.089167 0.110068 0.080635
0.022956 0.022956 0.029334 0.023487 0.024244 0.025871 0.023680 0.023200 0.023985 0.044164 0.713149 0.022975
0.061091 0.061091 0.078231 0.061103 0.061257 0.093833 0.061113 0.061104 0.061108 0.062617 0.276353 0.061099
0.083333 0.083333 0.083333 0.083333 0.083333 0.083333 0.083333 0.083333 0.083333 0.083333 0.083333 0.083333
0.008340 0.008340 0.008341 0.008340 0.008340 0.008340 0.008340 0.008340 0.008340 0.008341 0.908255 0.008340
0.051368 0.051368 0.052856 0.051388 0.051511 0.052775 0.052679 0.051381 0.130116 0.065748 0.337442 0.051368
0.050952 0.050952 0.070143 0.063111 0.056248 0.052587 0.053015 0.060393 0.052089 0.059152 0.360348 0.071010
0.013639 0.013639 0.015093 0.014225 0.014634 0.013684 0.014312 0.014205 0.013838 0.014549 0.844024 0.014157
0.017303 0.017303 0.017467 0.017303 0.017304 0.017303 0.017303 0.017303 0.017303 0.017342 0.809461 0.017303
0.066309 0.066309 0.084114 0.066315 0.066870 0.106631 0.066966 0.066313 0.072294 0.084172 0.187399 0.066309
0.012927 0.012927 0.013693 0.013626 0.013295 0.012928 0.013890 0.013359 0.012928 0.013923 0.852704 0.013800
0.053450 0.053450 0.106513 0.056748 0.065578 0.063397 0.057267 0.055824 0.055658 0.069037 0.190941 0.172138
0.052992 0.052992 0.056506 0.053284 0.053800 0.055178 0.054239 0.052992 0.193948 0.087174 0.233905 0.052992
0.074963 0.074963 0.089305 0.076917 0.077294 0.089575 0.075217 0.076836 0.085514 0.075357 0.099528 0.104532
0.048554 0.048554 0.061955 0.058588 0.067695 0.050658 0.054331 0.057853 0.050879 0.050218 0.342652 0.108064
0.083166 0.083166 0.083168 0.083166 0.083166 0.083166 0.083166 0.083166 0.083166 0.083167 0.085168 0.083166
0.067750 0.067750 0.101291 0.070636 0.077597 0.079427 0.070488 0.070828 0.074643 0.071352 0.108694 0.139544
0.073567 0.073567 0.074334 0.076411 0.073631 0.146751 0.073574 0.082870 0.073575 0.073626 0.094401 0.083692
0.066620 0.066620 0.076591 0.071331 0.076592 0.068289 0.072586 0.070694 0.066912 0.074923 0.218527 0.070316
0.024015 0.024015 0.029140 0.024831 0.024784 0.024249 0.024334 0.027211 0.024393 0.031502 0.714216 0.027309
0.070654 0.070654 0.089391 0.082402 0.088138 0.076750 0.083496 0.082304 0.076612 0.090619 0.107427 0.081550
0.026813 0.026813 0.032994 0.027299 0.028033 0.028994 0.027465 0.027013 0.029075 0.044400 0.674264 0.026838
0.055331 0.055331 0.070650 0.055343 0.055500 0.076412 0.055354 0.055344 0.055349 0.056855 0.353190 0.055339
0.083166 0.083166 0.083201 0.083166 0.083167 0.083166 0.083166 0.083166 0.083166 0.083177 0.085123 0.083166
0.012204 0.012204 0.012204 0.012204 0.012204 0.012204 0.012204 0.012204 0.012204 0.012204 0.865756 0.012204
0.061696 0.061696 0.062941 0.061712 0.061805 0.062951 0.062869 0.061707 0.123129 0.074149 0.243649 0.061696
0.044763 0.044763 0.058926 0.054374 0.048432 0.045888 0.046196 0.050135 0.045598 0.051389 0.451028 0.058507
0.014346 0.014346 0.015656 0.014661 0.014954 0.014381 0.014711 0.014666 0.014526 0.015197 0.837924 0.014629
0.017937 0.017937 0.018062 0.017937 0.017937 0.017937 0.017937 0.017937 0.017937 0.017965 0.802541 0.017937
0.069162 0.069162 0.084485 0.069167 0.069527 0.131817 0.070259 0.069166 0.073483 0.079920 0.144691 0.069162
0.015838 0.015838 0.016689 0.016118 0.016197 0.015838 0.016402 0.016259 0.015838 0.017145 0.821476 0.016362
0.053467 0.053467 0.099769 0.056270 0.064072 0.059932 0.056602 0.055473 0.057923 0.064258 0.189969 0.188800
0.053313 0.053313 0.055802 0.053464 0.053757 0.055270 0.054709 0.053941 0.198692 0.091910 0.221866 0.053962
0.073307 0.073307 0.098348 0.074287 0.074664 0.096175 0.073770 0.074333 0.086965 0.073980 0.115284 0.085580
0.054780 0.054780 0.076518 0.070882 0.074228 0.058558 0.060701 0.070485 0.060153 0.055475 0.147621 0.215820
0.083333 0.083333 0.083333 0.083333 0.083333 0.083333 0.083333 0.083333 0.083333 0.083333 0.083333 0.083333
0.059715 0.059715 0.101558 0.063950 0.073715 0.066029 0.063459 0.064226 0.063718 0.064328 0.122208 0.197378
0.069640 0.069640 0.070095 0.071424 0.069698 0.213246 0.069648 0.074405 0.069645 0.069725 0.077741 0.075093
0.054475 0.054475 0.067591 0.060420 0.067379 0.054551 0.062045 0.059626 0.054894 0.065371 0.340045 0.059128
0.030077 0.030077 0.037407 0.031182 0.031283 0.030468 0.030610 0.032459 0.030688 0.046737 0.636197 0.032817
0.064082 0.064082 0.093035 0.081320 0.090341 0.070330 0.082997 0.081208 0.073097 0.094180 0.125302 0.080025
0.025144 0.025144 0.030741 0.025380 0.025890 0.026149 0.025477 0.025268 0.025582 0.034870 0.705177 0.025178
0.034972 0.034972 0.041337 0.034983 0.035135 0.039725 0.034993 0.034984 0.034988 0.036498 0.602434 0.034979
0.083333 0.083333 0.083333 0.083333 0.083333 0.083333 0.083333 0.083333 0.083333 0.083333 0.083333 0.083333
0.015246 0.015246 0.015247 0.015246 0.015246 0.015246 0.015246 0.015246 0.015246 0.015246 0.832297 0.015246
0.076681 0.076681 0.077122 0.076686 0.076719 0.077360 0.077321 0.076684 0.099654 0.083112 0.125298 0.076681
0.032162 0.032162 0.040350 0.034609 0.033611 0.032567 0.032684 0.033830 0.032485 0.037049 0.622787 0.035706
0.017269 0.017269 0.017979 0.017520 0.017689 0.017282 0.017556 0.017513 0.017358 0.017743 0.807330 0.017492
0.017546 0.017546 0.017618 0.017546 0.017547 0.017546 0.017546 0.017546 0.017546 0.017562 0.806902 0.017546
0.072924 0.072924 0.079973 0.072927 0.073062 0.149662 0.073070 0.072926 0.075008 0.076715 0.107886 0.072924
0.016720 0.016720 0.017360 0.017016 0.016911 0.016720 0.017152 0.016941 0.016720 0.018173 0.812453 0.017114
0.051730 0.051730 0.099502 0.053929 0.061989 0.054810 0.054277 0.053682 0.052901 0.058665 0.210664 0.196120
0.050135 0.050135 0.052466 0.050252 0.050509 0.052443 0.051930 0.050135 0.236837 0.095373 0.209651 0.050135
0.074989 0.074989 0.095897 0.075337 0.075471 0.097954 0.075117 0.075330 0.088430 0.075261 0.108401 0.082824
0.054265 0.054265 0.075871 0.071151 0.075131 0.058713 0.061286 0.070819 0.059866 0.055115 0.176123 0.187395
0.083333 0.083333 0.083333 0.083333 0.083333 0.083333 0.083333 0.083333 0.083333 0.083333 0.083333 0.083333
0.061693 0.061693 0.106776 0.066271 0.077072 0.065531 0.065921 0.066630 0.064026 0.066740 0.128697 0.168948
0.072395 0.072395 0.072878 0.076145 0.072438 0.187647 0.072400 0.073362 0.072398 0.072464 0.078957 0.076520
0.055251 0.055251 0.067798 0.060345 0.066319 0.055332 0.061728 0.059666 0.055612 0.064873 0.338583 0.059241
0.023610 0.023610 0.029995 0.025099 0.024590 0.023922 0.024033 0.024205 0.024097 0.036613 0.714996 0.025232
0.065334 0.065334 0.093454 0.080809 0.089203 0.071539 0.082358 0.080753 0.074052 0.093234 0.124288 0.079643
0.021867 0.021867 0.026858 0.022053 0.022476 0.022480 0.022149 0.022005 0.022785 0.032909 0.740656 0.021896
0.040420 0.040420 0.048551 0.040433 0.040596 0.055462 0.040444 0.040433 0.040438 0.042029 0.530344 0.040429
0.083333 0.083333 0.083333 0.083333 0.083333 0.083333 0.083333 0.083333 0.083333 0.083333 0.083333 0.083333
0.012204 0.012204 0.012205 0.012204 0.012204 0.012204 0.012204 0.012204 0.012204 0.012204 0.865754 0.012204
0.070311 0.070311 0.071931 0.070337 0.070489 0.071765 0.071660 0.070328 0.110618 0.084744 0.167193 0.070311
0.035260 0.035260 0.045452 0.039098 0.037425 0.035899 0.036073 0.040665 0.035767 0.040648 0.574786 0.043667
0.014240 0.014240 0.014829 0.014544 0.014715 0.014262 0.014584 0.014518 0.014280 0.014576 0.840708 0.014504
0.015640 0.015640 0.015731 0.015640 0.015641 0.015640 0.015640 0.015640 0.015640 0.015661 0.827847 0.015640
0.071442 0.071442 0.079437 0.071442 0.071662 0.149977 0.072073 0.071442 0.077008 0.079191 0.113442 0.071442
0.014546 0.014546 0.014905 0.015198 0.014592 0.014546 0.015178 0.014594 0.014546 0.015367 0.836882 0.015100
0.052039 0.052039 0.100003 0.054027 0.061955 0.056844 0.054445 0.054114 0.054300 0.061179 0.192018 0.207037
0.051283 0.051283 0.054934 0.051596 0.052159 0.053855 0.052823 0.051283 0.222011 0.089980 0.217511 0.051283
0.074561 0.074561 0.089277 0.077034 0.077817 0.092776 0.075555 0.077065 0.086598 0.075422 0.099584 0.099749
0.046055 0.046055 0.058853 0.056630 0.065290 0.048343 0.052142 0.055885 0.048944 0.047778 0.362139 0.111884
0.083333 0.083333 0.083333 0.083333 0.083333 0.083333 0.083333 0.083333 0.083333 0.083333 0.083333 0.083333
0.067072 0.067072 0.101817 0.070175 0.077458 0.076521 0.069995 0.070411 0.072740 0.070743 0.110717 0.145276
0.072908 0.072908 0.073936 0.076692 0.073041 0.156215 0.072925 0.078940 0.072920 0.073087 0.095171 0.081257
0.063713 0.063713 0.075497 0.067630 0.072319 0.063780 0.068690 0.067162 0.064118 0.072142 0.254432 0.066803
0.018801 0.018801 0.023386 0.019938 0.019466 0.018994 0.019065 0.020506 0.019105 0.025854 0.774910 0.021175
0.069813 0.069813 0.091583 0.081476 0.087581 0.074423 0.082604 0.081487 0.076959 0.090771 0.112843 0.080645
0.021151 0.021151 0.026314 0.021507 0.022068 0.023185 0.021650 0.021344 0.021864 0.036821 0.741773 0.021171
0.052166 0.052166 0.067002 0.052178 0.052342 0.081150 0.052189 0.052179 0.052184 0.053771 0.380498 0.052174
0.083333 0.083333 0.083333 0.083333 0.083333 0.083333 0.083333 0.083333 0.083333 0.083333 0.083333 0.083333
0.007815 0.007815 0.007815 0.007815 0.007815 0.007815 0.007815 0.007815 0.007815 0.007815 0.914036 0.007815
0.053623 0.053623 0.055538 0.053651 0.053813 0.054992 0.054888 0.053642 0.135861 0.067506 0.309238 0.053623
0.044758 0.044758 0.061701 0.056041 0.049280 0.046147 0.046516 0.054305 0.045725 0.052016 0.434226 0.064526
0.010199 0.010199 0.011117 0.010503 0.010738 0.010230 0.010548 0.010494 0.010313 0.010766 0.884423 0.010467
0.012321 0.012321 0.012434 0.012321 0.012322 0.012321 0.012321 0.012321 0.012321 0.012347 0.864325 0.012321
0.067564 0.067564 0.085064 0.067569 0.068015 0.124456 0.068098 0.067567 0.073518 0.081602 0.161418 0.067564
0.009688 0.009688 0.010160 0.009947 0.009882 0.009689 0.010091 0.009914 0.009689 0.010390 0.890806 0.010057
0.049896 0.049896 0.101012 0.052668 0.061665 0.057268 0.053124 0.052254 0.051380 0.062302 0.194160 0.214377
0.047712 0.047712 0.051764 0.048055 0.048662 0.050163 0.049066 0.047712 0.207025 0.086702 0.267715 0.047712
0.074833 0.074833 0.092202 0.076545 0.077022 0.092514 0.075358 0.076530 0.086401 0.075398 0.103758 0.094607
0.044843 0.044843 0.057774 0.055851 0.063005 0.047645 0.051076 0.055286 0.048104 0.046352 0.372158 0.113063
0.083333 0.083333 0.083333 0.083333 0.083333 0.083333 0.083333 0.083333 0.083333 0.083333 0.083333 0.083333
0.066755 0.066755 0.102307 0.070288 0.078392 0.074227 0.070047 0.070579 0.071346 0.070694 0.116732 0.141878
0.074083 0.074083 0.074875 0.078912 0.074166 0.151343 0.074093 0.079153 0.074090 0.074199 0.088389 0.082613
0.064575 0.064575 0.074802 0.069397 0.074819 0.064644 0.070685 0.068741 0.064870 0.073027 0.241509 0.068355
0.017723 0.017723 0.022113 0.019021 0.018324 0.017897 0.017962 0.019074 0.017993 0.024912 0.787295 0.019963
0.070595 0.070595 0.090234 0.081975 0.087817 0.075269 0.083060 0.081906 0.076857 0.090340 0.110220 0.081132
0.020090 0.020090 0.025239 0.020432 0.020973 0.021640 0.020575 0.020284 0.021285 0.037086 0.752199 0.020108
0.055685 0.055685 0.071957 0.055696 0.055854 0.094077 0.055707 0.055697 0.055702 0.057249 0.330996 0.055693
0.083333 0.083333 0.083333 0.083333 0.083333 0.083333 0.083333 0.083333 0.083333 0.083333 0.083333 0.083333
0.007987 0.007987 0.007987 0.007987 0.007987 0.007987 0.007987 0.007987 0.007987 0.007987 0.912146 0.007987
0.058481 0.058481 0.060596 0.058513 0.058703 0.060499 0.060357 0.058502 0.134719 0.079693 0.252975 0.058481
0.042610 0.042610 0.059970 0.052287 0.047334 0.044077 0.044457 0.053192 0.043745 0.050092 0.458030 0.061595
0.010485 0.010485 0.011166 0.010858 0.011073 0.010503 0.010909 0.010834 0.010562 0.010931 0.881382 0.010813
0.011592 0.011592 0.011708 0.011592 0.011593 0.011592 0.011592 0.011592 0.011592 0.011620 0.872344 0.011592
0.067463 0.067463 0.083195 0.067466 0.067700 0.131560 0.068063 0.067465 0.074655 0.074987 0.162520 0.067463
0.010804 0.010804 0.011281 0.011388 0.010989 0.010804 0.011499 0.011019 0.010804 0.011543 0.877637 0.011427
0.050618 0.050618 0.101576 0.053480 0.062225 0.054940 0.053785 0.053130 0.053739 0.059307 0.217908 0.188674
0.050034 0.050034 0.054011 0.050418 0.051074 0.052705 0.051482 0.050034 0.197578 0.104865 0.237731 0.050034
0.075737 0.075737 0.088920 0.076853 0.077289 0.088428 0.076341 0.076891 0.083608 0.076287 0.096819 0.107090
0.046251 0.046251 0.058917 0.057553 0.065887 0.048844 0.052750 0.056825 0.049614 0.047941 0.368338 0.100829
0.083333 0.083333 0.083333 0.083333 0.083333 0.083333 0.083333 0.083333 0.083333 0.083333 0.083333 0.083333
0.067105 0.067105 0.101615 0.070656 0.078803 0.079075 0.070414 0.070946 0.074426 0.071050 0.116015 0.132790
0.074471 0.074471 0.075148 0.078331 0.074556 0.145061 0.074482 0.083889 0.074477 0.074606 0.084834 0.085674
0.062573 0.062573 0.073746 0.066582 0.071292 0.062647 0.067660 0.066069 0.062905 0.070612 0.267615 0.065725
0.018282 0.018282 0.023007 0.019396 0.018948 0.018480 0.018551 0.020733 0.018588 0.026372 0.778074 0.021286
0.068282 0.068282 0.092444 0.081011 0.087929 0.073695 0.082285 0.081003 0.075967 0.091443 0.117590 0.080068
0.020973 0.020973 0.026754 0.021382 0.022024 0.021958 0.021535 0.021165 0.021750 0.037205 0.743286 0.020995
0.052563 0.052563 0.066702 0.052576 0.052742 0.075288 0.052587 0.052577 0.052582 0.054192 0.383058 0.052572
0.083333 0.083333 0.083333 0.083333 0.083333 0.083333 0.083333 0.083333 0.083333 0.083333 0.083333 0.083333
0.008523 0.008523 0.008523 0.008523 0.008523 0.008523 0.008523 0.008523 0.008523 0.008523 0.906251 0.008523
0.060058 0.060058 0.061349 0.060075 0.060179 0.062215 0.062088 0.060069 0.128744 0.082869 0.242239 0.060058
0.040942 0.040942 0.056520 0.049469 0.045019 0.042204 0.042519 0.047302 0.041928 0.047554 0.491181 0.054420
0.010860 0.010860 0.011771 0.011297 0.011568 0.010881 0.011361 0.011279 0.010986 0.011491 0.876399 0.011247
0.012332 0.012332 0.012453 0.012332 0.012332 0.012332 0.012332 0.012332 0.012332 0.012362 0.864200 0.012332
0.067192 0.067192 0.083062 0.067198 0.067356 0.118028 0.067332 0.067196 0.073782 0.073287 0.181184 0.067192
0.010481 0.010481 0.011034 0.011047 0.010720 0.010481 0.011208 0.010760 0.010481 0.011282 0.880888 0.011136
0.049919 0.049919 0.102109 0.053082 0.062579 0.054556 0.053492 0.052476 0.053168 0.059127 0.218796 0.190776
0.049234 0.049234 0.052805 0.049534 0.050065 0.051539 0.050568 0.049234 0.213132 0.100133 0.235287 0.049234
0.074656 0.074656 0.090546 0.075690 0.076209 0.101102 0.075379 0.075731 0.089893 0.075376 0.099327 0.091437
0.049390 0.049390 0.065781 0.062728 0.069968 0.053115 0.056591 0.062259 0.053229 0.050781 0.273156 0.153613
0.083333 0.083333 0.083333 0.083333 0.083333 0.083333 0.083333 0.083333 0.083333 0.083333 0.083333 0.083333
0.063307 0.063307 0.103250 0.067357 0.077015 0.068916 0.067218 0.067720 0.066586 0.067897 0.119380 0.168048
0.072492 0.072492 0.073346 0.076250 0.072580 0.179167 0.072503 0.075433 0.072497 0.072647 0.082329 0.078264
0.059304 0.059304 0.072241 0.063470 0.068541 0.059377 0.064606 0.062976 0.059748 0.068460 0.299385 0.062589
0.019927 0.019927 0.025174 0.021151 0.020684 0.020153 0.020236 0.020929 0.020277 0.028874 0.760930 0.021737
0.067398 0.067398 0.092905 0.081020 0.088289 0.072736 0.082369 0.081035 0.075672 0.092056 0.119085 0.080035
0.020427 0.020427 0.025276 0.020675 0.021137 0.021120 0.020792 0.020588 0.021435 0.033693 0.753979 0.020450
0.045786 0.045786 0.057990 0.045798 0.045963 0.069659 0.045809 0.045799 0.045804 0.047408 0.458405 0.045794
0.083333 0.083333 0.083333 0.083333 0.083333 0.083333 0.083333 0.083333 0.083333 0.083333 0.083333 0.083333
0.009287 0.009287 0.009288 0.009287 0.009287 0.009287 0.009287 0.009287 0.009287 0.009287 0.897840 0.009287
0.064547 0.064547 0.066557 0.064577 0.064759 0.066472 0.066338 0.064567 0.117170 0.084401 0.211519 0.064547
0.037937 0.037937 0.050412 0.044962 0.040931 0.038849 0.039083 0.045694 0.038652 0.043765 0.529903 0.051873
0.011277 0.011277 0.011904 0.011483 0.011638 0.011300 0.011514 0.011471 0.011327 0.011661 0.873691 0.011457
0.012811 0.012811 0.012904 0.012811 0.012812 0.012811 0.012811 0.012811 0.012811 0.012833 0.858959 0.012811
0.070404 0.070404 0.083875 0.070405 0.070577 0.135351 0.070958 0.070405 0.078203 0.077824 0.131189 0.070404
0.011162 0.011162 0.011512 0.011460 0.011230 0.011162 0.011489 0.011236 0.011162 0.011870 0.875102 0.011453
0.049614 0.049614 0.095632 0.051672 0.059425 0.052359 0.051878 0.051689 0.050652 0.056033 0.203199 0.228234
0.047868 0.047868 0.052117 0.048214 0.048847 0.050573 0.049439 0.047868 0.207728 0.097388 0.254223 0.047868
0.075662 0.075662 0.087698 0.077153 0.077733 0.102682 0.076468 0.077200 0.091644 0.076365 0.095008 0.086725
0.047669 0.047669 0.061958 0.058870 0.068512 0.050341 0.054367 0.058151 0.050422 0.049500 0.330611 0.121930
0.083333 0.083333 0.083333 0.083333 0.083333 0.083333 0.083333 0.083333 0.083333 0.083333 0.083333 0.083333
0.067142 0.067142 0.101854 0.070534 0.078565 0.071430 0.070379 0.070802 0.069595 0.071107 0.112056 0.149396
0.074514 0.074514 0.075418 0.077396 0.074628 0.155896 0.074529 0.076521 0.074523 0.074694 0.088651 0.078715
0.063201 0.063201 0.075398 0.066872 0.071360 0.063270 0.067870 0.066450 0.063624 0.071593 0.261061 0.066101
0.017105 0.017105 0.021351 0.017915 0.017703 0.017280 0.017345 0.017719 0.017383 0.023356 0.797507 0.018232
0.069921 0.069921 0.092465 0.080851 0.086912 0.074723 0.081954 0.080909 0.077263 0.090479 0.114535 0.080066
0.020833 0.020833 0.025591 0.021111 0.021593 0.021925 0.021246 0.021028 0.021425 0.036339 0.747224 0.020853
0.051889 0.051889 0.066716 0.051902 0.052072 0.086697 0.051913 0.051903 0.051908 0.053529 0.377684 0.051898
0.083333 0.083333 0.083333 0.083333 0.083333 0.083333 0.083333 0.083333 0.083333 0.083333 0.083333 0.083333
0.010548 0.010548 0.010548 0.010548 0.010548 0.010548 0.010548 0.010548 0.010548 0.010548 0.883973 0.010548
0.064554 0.064554 0.066567 0.064585 0.064766 0.066195 0.066073 0.064574 0.125860 0.081168 0.206550 0.064554
0.039396 0.039396 0.052292 0.046692 0.042530 0.040350 0.040600 0.046877 0.040132 0.045391 0.513093 0.053251
0.013156 0.013156 0.013651 0.013260 0.013361 0.013169 0.013276 0.013257 0.013200 0.013481 0.853786 0.013248
0.014178 0.014178 0.014280 0.014178 0.014178 0.014178 0.014178 0.014178 0.014178 0.014201 0.843917 0.014178
0.072749 0.072749 0.086577 0.072750 0.072927 0.127877 0.072963 0.072750 0.077620 0.078006 0.120284 0.072749
0.013573 0.013573 0.013918 0.013693 0.013652 0.013573 0.013748 0.013662 0.013573 0.014344 0.848958 0.013732
0.052180 0.052180 0.101027 0.054355 0.062931 0.055749 0.054728 0.054360 0.053066 0.059842 0.191469 0.208114
0.050348 0.050348 0.054222 0.050657 0.051225 0.052716 0.051716 0.050348 0.234121 0.086922 0.217029 0.050348
0.074927 0.074927 0.092818 0.075642 0.075916 0.099546 0.075253 0.075644 0.089416 0.075341 0.103402 0.087169
0.053782 0.053782 0.071733 0.068712 0.073673 0.056969 0.059976 0.068063 0.059056 0.054975 0.202595 0.176685
0.083333 0.083333 0.083333 0.083333 0.083333 0.083333 0.083333 0.083333 0.083333 0.083333 0.083333 0.083333
0.062959 0.062959 0.100063 0.066766 0.075213 0.070140 0.066220 0.066996 0.067632 0.067009 0.119217 0.174829
0.071680 0.071680 0.072159 0.074448 0.071723 0.190271 0.071686 0.076583 0.071683 0.071749 0.078177 0.078162
0.058020 0.058020 0.070808 0.063209 0.069319 0.058092 0.064621 0.062548 0.058456 0.068097 0.306715 0.062096
0.023948 0.023948 0.029736 0.025103 0.024814 0.024222 0.024321 0.025808 0.024373 0.035816 0.711513 0.026398
0.066413 0.066413 0.092258 0.081605 0.089377 0.071839 0.083058 0.081549 0.074766 0.092829 0.119394 0.080501
0.022623 0.022623 0.028203 0.022947 0.023511 0.023494 0.023073 0.022781 0.023796 0.036297 0.728005 0.022648
0.044778 0.044778 0.055382 0.044789 0.044950 0.059147 0.044800 0.044790 0.044795 0.046376 0.480632 0.044785
0.083333 0.083333 0.083333 0.083333 0.083333 0.083333 0.083333 0.083333 0.083333 0.083333 0.083333 0.083333
0.010548 0.010548 0.010548 0.010548 0.010548 0.010548 0.010548 0.010548 0.010548 0.010548 0.883972 0.010548
0.066102 0.066102 0.067463 0.066121 0.066235 0.067890 0.067778 0.066114 0.119946 0.084327 0.195821 0.066102
0.037780 0.037780 0.050142 0.044248 0.040780 0.038698 0.038937 0.042807 0.038516 0.043705 0.538408 0.048197
0.012896 0.012896 0.013687 0.013179 0.013378 0.012912 0.013221 0.013172 0.012997 0.013445 0.855069 0.013148
0.013626 0.013626 0.013732 0.013626 0.013627 0.013626 0.013626 0.013626 0.013626 0.013652 0.849977 0.013626
0.069452 0.069452 0.081946 0.069455 0.069599 0.139525 0.069934 0.069454 0.075013 0.074811 0.141907 0.069452
0.012280 0.012280 0.012830 0.012719 0.012491 0.012281 0.012863 0.012525 0.012281 0.013162 0.861483 0.012807
0.050437 0.050437 0.096955 0.053222 0.061257 0.054681 0.053468 0.052652 0.053488 0.058648 0.198476 0.216280
0.049429 0.049429 0.052893 0.049678 0.050145 0.051693 0.050853 0.049429 0.189546 0.099630 0.257845 0.049429
0.074148 0.074148 0.091278 0.075241 0.075668 0.098938 0.074739 0.075279 0.088749 0.074707 0.101787 0.095318
0.048872 0.048872 0.065739 0.062779 0.069508 0.052399 0.055792 0.062229 0.053165 0.050209 0.276868 0.153568
0.083333 0.083333 0.083333 0.083333 0.083333 0.083333 0.083333 0.083333 0.083333 0.083333 0.083333 0.083333
0.062286 0.062286 0.102744 0.066417 0.076222 0.069857 0.066197 0.066760 0.066822 0.066934 0.119779 0.173696
0.071143 0.071143 0.071971 0.073894 0.071246 0.188855 0.071156 0.077025 0.071150 0.071314 0.082700 0.078404
0.055640 0.055640 0.069033 0.060002 0.065324 0.055718 0.061194 0.059475 0.056084 0.065094 0.337722 0.059074
0.020244 0.020244 0.025825 0.021245 0.021083 0.020500 0.020593 0.022125 0.020641 0.030875 0.754044 0.022582
0.065866 0.065866 0.094350 0.080261 0.088233 0.071774 0.081705 0.080299 0.074990 0.092484 0.124965 0.079206
0.019866 0.019866 0.024951 0.020131 0.020628 0.020772 0.020245 0.020017 0.020381 0.032026 0.761224 0.019892
0.040921 0.040921 0.051078 0.040933 0.041103 0.055357 0.040944 0.040934 0.040939 0.042601 0.523342 0.040929
0.083333 0.083333 0.083333 0.083333 0.083333 0.083333 0.083333 0.083333 0.083333 0.083333 0.083333 0.083333
0.009287 0.009287 0.009288 0.009287 0.009287 0.009287 0.009287 0.009287 0.009287 0.009288 0.897839 0.009287
0.063991 0.063991 0.065451 0.064012 0.064136 0.065588 0.065483 0.064005 0.116125 0.080136 0.223093 0.063991
0.037380 0.037380 0.050491 0.044361 0.040508 0.038330 0.038576 0.043457 0.038112 0.043664 0.538314 0.049428
0.010378 0.010378 0.011210 0.010719 0.010948 0.010405 0.010769 0.010703 0.010475 0.010891 0.882446 0.010678
0.012821 0.012821 0.012922 0.012821 0.012821 0.012821 0.012821 0.012821 0.012821 0.012845 0.858846 0.012821
0.069758 0.069758 0.082790 0.069762 0.070113 0.121269 0.070517 0.069761 0.075740 0.081375 0.149397 0.069758
0.010578 0.010578 0.011102 0.011053 0.010760 0.010578 0.011169 0.010789 0.010578 0.011510 0.880195 0.011110
0.049252 0.049252 0.099045 0.051738 0.060176 0.054390 0.052106 0.051475 0.051944 0.058842 0.220414 0.201365
0.048662 0.048662 0.052327 0.048935 0.049450 0.051403 0.050451 0.048662 0.220714 0.099399 0.232674 0.048662
0.075007 0.075007 0.085769 0.076676 0.077256 0.100076 0.075734 0.076687 0.090305 0.075700 0.092385 0.099398
0.050955 0.050955 0.065911 0.063587 0.068743 0.053486 0.056446 0.062917 0.055431 0.052234 0.293327 0.126008
0.083333 0.083333 0.083333 0.083333 0.083333 0.083333 0.083333 0.083333 0.083333 0.083333 0.083333 0.083333
0.066850 0.066850 0.102301 0.070271 0.077379 0.076107 0.069519 0.070420 0.073073 0.070345 0.121588 0.135299
0.073784 0.073784 0.074609 0.078595 0.073872 0.150733 0.073795 0.079884 0.073792 0.073901 0.090097 0.083156
0.061714 0.061714 0.073791 0.065070 0.069238 0.061783 0.065982 0.064694 0.062132 0.069588 0.279927 0.064368
0.024592 0.024592 0.030571 0.026406 0.025469 0.024848 0.024946 0.027172 0.024983 0.035828 0.702269 0.028324
0.069619 0.069619 0.092338 0.080931 0.087099 0.074488 0.082031 0.080968 0.077068 0.090380 0.115345 0.080115
0.026164 0.026164 0.032473 0.026589 0.027266 0.028436 0.026750 0.026370 0.027636 0.043603 0.682361 0.026189
0.054132 0.054132 0.066829 0.054144 0.054312 0.075827 0.054155 0.054145 0.054150 0.055792 0.368242 0.054140
0.083333 0.083333 0.083333 0.083333 0.083333 0.083333 0.083333 0.083333 0.083333 0.083333 0.083333 0.083333
0.011710 0.011710 0.011710 0.011710 0.011710 0.011710 0.011710 0.011710 0.011710 0.011710 0.871193 0.011710
0.063398 0.063398 0.064857 0.063419 0.063542 0.064424 0.064346 0.063412 0.120660 0.073412 0.231736 0.063398
0.044982 0.044982 0.058373 0.051817 0.048061 0.045898 0.046151 0.050733 0.045596 0.051918 0.454992 0.056497
0.017729 0.017729 0.019054 0.018143 0.018471 0.017774 0.018206 0.018133 0.017896 0.018527 0.800245 0.018095
0.021583 0.021583 0.021703 0.021583 0.021584 0.021583 0.021583 0.021583 0.021583 0.021610 0.762437 0.021583
0.071726 0.071726 0.085105 0.071730 0.072143 0.112007 0.072222 0.071729 0.076573 0.085539 0.137775 0.071726
0.019224 0.019224 0.020160 0.019564 0.019555 0.019224 0.019815 0.019606 0.019224 0.020913 0.783723 0.019769
0.055689 0.055689 0.099864 0.058115 0.065511 0.062592 0.058418 0.057533 0.058535 0.066932 0.187049 0.174073
0.055100 0.055100 0.058600 0.055297 0.055719 0.057440 0.056750 0.055109 0.200769 0.092742 0.202269 0.055106
0.074167 0.074167 0.092924 0.076464 0.077122 0.093466 0.074957 0.076477 0.086921 0.074901 0.108398 0.090037
0.053507 0.053507 0.071268 0.069272 0.074890 0.057655 0.061122 0.068682 0.059537 0.055110 0.221370 0.154079
0.083166 0.083166 0.083167 0.083166 0.083166 0.083166 0.083166 0.083166 0.083166 0.083166 0.085169 0.083166
0.063544 0.063544 0.101770 0.067905 0.077798 0.070176 0.067470 0.068240 0.069437 0.068134 0.128114 0.153869
0.072442 0.072442 0.073445 0.074303 0.072569 0.166708 0.072459 0.076388 0.072453 0.072622 0.096874 0.077295
0.057461 0.057461 0.069548 0.061630 0.066606 0.058928 0.062759 0.061098 0.057816 0.065953 0.320002 0.060737
0.029717 0.029717 0.037523 0.030808 0.030948 0.030098 0.030236 0.031252 0.030303 0.046787 0.640891 0.031720
0.066344 0.066344 0.093370 0.080314 0.088101 0.074223 0.081714 0.080291 0.074774 0.091881 0.123389 0.079255
0.027729 0.027729 0.033669 0.027997 0.028551 0.029573 0.028116 0.027895 0.028258 0.040529 0.672190 0.027764
0.043576 0.043576 0.052884 0.043589 0.043765 0.056294 0.043601 0.043590 0.043595 0.045329 0.496615 0.043585
0.082997 0.082997 0.083095 0.082997 0.083002 0.082997 0.082997 0.082997 0.082997 0.083043 0.086884 0.082997
0.015550 0.015550 0.015551 0.015550 0.015550 0.015550 0.015550 0.015550 0.015550 0.015551 0.828948 0.015550
0.072136 0.072136 0.073088 0.072149 0.072228 0.072957 0.072900 0.072145 0.105625 0.079985 0.162515 0.072136
0.037937 0.037937 0.048035 0.041893 0.039854 0.038482 0.038636 0.040974 0.038340 0.043864 0.549853 0.044196
0.017200 0.017200 0.018219 0.017568 0.017828 0.017230 0.017622 0.017555 0.017328 0.017826 0.806899 0.017525
0.018600 0.018600 0.018696 0.018600 0.018600 0.018600 0.018600 0.018600 0.018600 0.018621 0.795287 0.018600
0.071988 0.071988 0.081857 0.071993 0.072307 0.128415 0.072346 0.071991 0.074050 0.080540 0.130538 0.071988
0.016064 0.016064 0.016864 0.016493 0.016383 0.016064 0.016731 0.016437 0.016065 0.017538 0.818623 0.016674
0.052520 0.052520 0.104050 0.055332 0.064285 0.058923 0.055805 0.054750 0.054173 0.063764 0.218849 0.165029
0.051632 0.051632 0.054301 0.051834 0.052202 0.054089 0.053349 0.052240 0.233332 0.097212 0.195915 0.052261
0.074002 0.074002 0.091351 0.075547 0.076072 0.095649 0.074596 0.075566 0.087515 0.074803 0.102940 0.097957
0.050451 0.050451 0.065297 0.063514 0.071037 0.054093 0.057846 0.062989 0.054373 0.051950 0.276599 0.141402
0.083166 0.083166 0.083168 0.083166 0.083166 0.083166 0.083166 0.083166 0.083166 0.083167 0.085168 0.083166
0.064674 0.064674 0.099184 0.068577 0.077637 0.075484 0.068404 0.068933 0.071249 0.068931 0.116583 0.155671
0.072835 0.072835 0.073613 0.075650 0.072917 0.163660 0.072845 0.080968 0.072842 0.072949 0.086900 0.081986
0.062051 0.062051 0.073504 0.066774 0.072252 0.062124 0.068048 0.066161 0.062417 0.071057 0.267800 0.065760
0.021465 0.021465 0.026710 0.022481 0.022207 0.021684 0.021763 0.024330 0.021802 0.030609 0.740784 0.024698
0.068334 0.068334 0.091350 0.081736 0.088632 0.073491 0.083036 0.081683 0.075765 0.091681 0.115205 0.080752
0.021961 0.021961 0.027697 0.022367 0.023003 0.023558 0.022512 0.022138 0.023272 0.037492 0.732055 0.021984
0.048958 0.048958 0.062489 0.048970 0.049133 0.066865 0.048981 0.048971 0.048976 0.050581 0.428150 0.048966
0.083333 0.083333 0.083333 0.083333 0.083333 0.083333 0.083333 0.083333 0.083333 0.083333 0.083333 0.083333
0.009091 0.009091 0.009091 0.009091 0.009091 0.009091 0.009091 0.009091 0.009091 0.009091 0.900004 0.009091
0.061078 0.061078 0.062545 0.061098 0.061217 0.062738 0.062631 0.061092 0.127861 0.078005 0.239578 0.061078
0.041051 0.041051 0.055621 0.050032 0.044793 0.042203 0.042506 0.047276 0.041923 0.047682 0.490802 0.055060
0.011949 0.011949 0.012820 0.012175 0.012373 0.011970 0.012211 0.012176 0.012063 0.012542 0.865620 0.012151
0.013630 0.013630 0.013739 0.013630 0.013630 0.013630 0.013630 0.013630 0.013630 0.013656 0.849936 0.013630
0.069622 0.069622 0.083259 0.069625 0.069814 0.139253 0.070173 0.069624 0.075591 0.076461 0.137334 0.069622
0.012720 0.012720 0.013266 0.013060 0.012903 0.012721 0.013186 0.012931 0.012721 0.013706 0.856923 0.013143
0.051023 0.051023 0.093916 0.053417 0.061036 0.054236 0.053642 0.053058 0.053746 0.057842 0.198816 0.218245
0.050354 0.050354 0.053593 0.050555 0.050958 0.052688 0.051962 0.050354 0.197309 0.097874 0.243644 0.050354
0.075195 0.075195 0.089852 0.077243 0.077975 0.090634 0.076125 0.077267 0.085271 0.076068 0.099094 0.100082
0.049557 0.049557 0.063372 0.061729 0.070224 0.051861 0.055899 0.060833 0.053408 0.051352 0.316068 0.116141
0.083333 0.083333 0.083333 0.083333 0.083333 0.083333 0.083333 0.083333 0.083333 0.083333 0.083333 0.083333
0.067756 0.067756 0.101374 0.071076 0.078422 0.079501 0.070601 0.071263 0.075141 0.071391 0.115172 0.130548
0.074256 0.074256 0.075503 0.077131 0.074396 0.134678 0.074274 0.084765 0.074267 0.074462 0.096635 0.085378
0.066322 0.066322 0.076556 0.069787 0.073860 0.066387 0.070714 0.069356 0.066638 0.073467 0.231540 0.069052
0.021285 0.021285 0.026559 0.022289 0.022050 0.021498 0.021580 0.024125 0.021614 0.029168 0.744061 0.024486
0.071631 0.071631 0.090871 0.081463 0.086761 0.075988 0.082420 0.081467 0.077843 0.089584 0.109594 0.080747
0.024993 0.024993 0.031103 0.025511 0.026266 0.027596 0.025700 0.025230 0.026614 0.045327 0.691652 0.025014
0.059780 0.059780 0.078641 0.059792 0.059946 0.091679 0.059802 0.059793 0.059797 0.061283 0.289917 0.059788
0.083333 0.083333 0.083333 0.083333 0.083333 0.083333 0.083333 0.083333 0.083333 0.083333 0.083333 0.083333
0.010112 0.010112 0.010112 0.010112 0.010112 0.010112 0.010112 0.010112 0.010112 0.010112 0.888769 0.010112
0.056303 0.056303 0.057718 0.056321 0.056431 0.057708 0.057616 0.056315 0.117864 0.070519 0.300599 0.056303
0.048354 0.048354 0.064597 0.060297 0.052590 0.049654 0.049989 0.055614 0.049272 0.055662 0.399274 0.066342
0.014172 0.014172 0.015821 0.014586 0.014973 0.014227 0.014655 0.014588 0.014386 0.015214 0.838666 0.014540
0.017619 0.017619 0.017764 0.017619 0.017619 0.017619 0.017619 0.017619 0.017619 0.017652 0.806016 0.017619
0.067538 0.067538 0.087672 0.067544 0.068009 0.110089 0.068408 0.067542 0.074002 0.083535 0.170587 0.067538
0.013574 0.013574 0.014442 0.013815 0.013963 0.013574 0.014125 0.014027 0.013574 0.014674 0.846569 0.014089
0.053588 0.053588 0.101870 0.056834 0.065064 0.061864 0.057104 0.055761 0.057073 0.066669 0.185375 0.185210
0.051938 0.051938 0.055368 0.052224 0.052719 0.054161 0.053234 0.051938 0.190083 0.093594 0.240866 0.051938
0.075066 0.075066 0.088578 0.076824 0.077759 0.098077 0.076471 0.076940 0.088243 0.076252 0.095777 0.094947
0.045935 0.045935 0.058275 0.056966 0.065598 0.048217 0.052233 0.056148 0.049275 0.047769 0.355817 0.117833
0.083333 0.083333 0.083333 0.083333 0.083333 0.083333 0.083333 0.083333 0.083333 0.083333 0.083333 0.083333
0.066090 0.066090 0.097701 0.069458 0.077050 0.074388 0.069106 0.069687 0.071276 0.069784 0.111377 0.157995
0.072957 0.072957 0.074333 0.074833 0.073126 0.167899 0.072980 0.077958 0.072967 0.073262 0.088053 0.078674
0.062652 0.062652 0.074810 0.066783 0.071739 0.062718 0.067903 0.066294 0.063090 0.071515 0.263933 0.065911
0.016445 0.016445 0.020741 0.017012 0.017051 0.016616 0.016681 0.017938 0.016706 0.023297 0.802961 0.018104
0.068460 0.068460 0.092131 0.081383 0.088102 0.073345 0.082631 0.081397 0.076299 0.091471 0.115856 0.080464
0.019560 0.019560 0.024341 0.019859 0.020367 0.020327 0.019992 0.019738 0.020159 0.034158 0.762359 0.019580
0.050165 0.050165 0.066303 0.050177 0.050341 0.079796 0.050188 0.050178 0.050183 0.051775 0.400555 0.050173
0.083333 0.083333 0.083333 0.083333 0.083333 0.083333 0.083333 0.083333 0.083333 0.083333 0.083333 0.083333
0.007481 0.007481 0.007482 0.007481 0.007481 0.007481 0.007481 0.007481 0.007481 0.007481 0.917705 0.007481
0.056811 0.056811 0.058837 0.056840 0.057012 0.059018 0.058871 0.056830 0.130861 0.080431 0.270867 0.056811
0.040602 0.040602 0.056862 0.052226 0.044947 0.041950 0.042286 0.050008 0.041638 0.047251 0.480851 0.060776
0.007833 0.007833 0.008425 0.007975 0.008110 0.007850 0.007999 0.007975 0.007901 0.008245 0.911897 0.007959
0.009594 0.009594 0.009693 0.009594 0.009595 0.009595 0.009595 0.009595 0.009595 0.009618 0.894338 0.009594
0.066321 0.066321 0.088835 0.066325 0.066561 0.122678 0.066912 0.066324 0.075919 0.076217 0.171268 0.066321
0.007183 0.007183 0.007522 0.007375 0.007308 0.007183 0.007464 0.007326 0.007183 0.007634 0.919200 0.007439
0.048281 0.048281 0.096797 0.051097 0.059809 0.053568 0.051371 0.050678 0.051092 0.057952 0.196941 0.234134
0.046045 0.046045 0.050658 0.046451 0.047163 0.048496 0.047240 0.046045 0.191160 0.091447 0.293207 0.046045
