0.076526 0.076526 0.076532 0.101834 0.090902 0.077105 0.076526 0.079808 0.096375 0.094813 0.076526 0.076527
0.073388 0.073388 0.073388 0.073590 0.073388 0.073388 0.073388 0.073388 0.076757 0.164891 0.073388 0.097658
0.083333 0.083333 0.083333 0.083333 0.083333 0.083333 0.083333 0.083333 0.083333 0.083333 0.083333 0.083333
0.077602 0.077602 0.077602 0.077602 0.078805 0.078685 0.077602 0.086078 0.088287 0.124933 0.077602 0.077602
0.080455 0.080455 0.080455 0.080455 0.080455 0.080455 0.080455 0.080455 0.080455 0.114990 0.080455 0.080455
0.075668 0.075668 0.075668 0.077871 0.075668 0.075668 0.075668 0.075668 0.082823 0.158294 0.075668 0.075668
0.066334 0.066334 0.066334 0.082851 0.066334 0.066334 0.070675 0.066334 0.066334 0.198333 0.117465 0.066334
0.075393 0.075393 0.075394 0.079158 0.075394 0.075394 0.075736 0.075393 0.080521 0.161366 0.075464 0.075393
0.061594 0.061594 0.061594 0.061595 0.061594 0.061594 0.061595 0.061594 0.061594 0.289509 0.094548 0.061594
0.066629 0.066629 0.066629 0.066629 0.066629 0.066629 0.066629 0.078713 0.066629 0.241014 0.080610 0.066629
0.083333 0.083333 0.083333 0.083333 0.083333 0.083333 0.083333 0.083333 0.083333 0.083333 0.083333 0.083333
0.055929 0.055929 0.055929 0.055929 0.055929 0.055929 0.055929 0.055929 0.055929 0.384776 0.055929 0.055929
0.073916 0.073916 0.073916 0.073916 0.073916 0.073916 0.073916 0.085267 0.073916 0.162169 0.087321 0.073916
0.071480 0.071480 0.071480 0.071480 0.071480 0.071480 0.071480 0.071480 0.071480 0.213718 0.071480 0.071480
0.057955 0.057955 0.057955 0.057955 0.057955 0.057955 0.057955 0.057955 0.057955 0.362493 0.057955 0.057955
0.066762 0.066762 0.066762 0.066762 0.066762 0.066762 0.066762 0.066762 0.066762 0.265623 0.066762 0.066762
0.075921 0.075921 0.075921 0.075921 0.075929 0.075934 0.075921 0.091827 0.081528 0.125191 0.094064 0.075921
0.062580 0.062580 0.062580 0.071933 0.062580 0.062580 0.062625 0.062580 0.062819 0.294142 0.070423 0.062580
0.072745 0.072745 0.072885 0.073475 0.072912 0.072805 0.073318 0.073452 0.073261 0.182059 0.087600 0.072745
0.082093 0.082093 0.082093 0.082093 0.082093 0.082093 0.082093 0.082093 0.082093 0.096981 0.082093 0.082093
0.078091 0.078091 0.078096 0.096753 0.089280 0.078564 0.078091 0.080684 0.093913 0.092254 0.078091 0.078091
0.076199 0.076199 0.076199 0.076723 0.076199 0.076199 0.076199 0.076199 0.085246 0.131758 0.076199 0.096683
0.083333 0.083333 0.083333 0.083333 0.083333 0.083333 0.083333 0.083333 0.083333 0.083333 0.083333 0.083333
0.080303 0.080303 0.080303 0.080303 0.080799 0.080862 0.080303 0.083703 0.085653 0.106860 0.080303 0.080303
0.081507 0.081507 0.081507 0.081507 0.081507 0.081507 0.081507 0.081507 0.081507 0.103419 0.081507 0.081507
0.076620 0.076620 0.076620 0.079304 0.076620 0.076620 0.076620 0.076620 0.085394 0.145724 0.076620 0.076620
0.066498 0.066498 0.066498 0.071312 0.066498 0.066498 0.068206 0.066498 0.066498 0.223959 0.104538 0.066498
0.076368 0.076368 0.076368 0.080966 0.076368 0.076368 0.076785 0.076368 0.082641 0.148585 0.076448 0.076368
0.065152 0.065152 0.065152 0.065152 0.065152 0.065152 0.065152 0.065152 0.065152 0.253120 0.095360 0.065152
0.067341 0.067341 0.067341 0.067341 0.067341 0.067341 0.067341 0.070626 0.067341 0.237859 0.085445 0.067341
0.083333 0.083333 0.083333 0.083333 0.083333 0.083333 0.083333 0.083333 0.083333 0.083333 0.083333 0.083333
0.058454 0.058454 0.058454 0.058454 0.058454 0.058454 0.058454 0.058454 0.058454 0.357009 0.058454 0.058454
0.074266 0.074266 0.074266 0.074266 0.074266 0.074266 0.074266 0.085671 0.074266 0.151705 0.094231 0.074266
0.072198 0.072198 0.072198 0.072198 0.072198 0.072198 0.072198 0.072198 0.072198 0.205825 0.072198 0.072198
0.059441 0.059441 0.059441 0.059441 0.059441 0.059441 0.059441 0.059441 0.059441 0.346154 0.059441 0.059441
0.065035 0.065035 0.065035 0.065035 0.065035 0.065035 0.065035 0.065035 0.065035 0.284611 0.065035 0.065035
0.076224 0.076224 0.076224 0.076224 0.076240 0.076242 0.076224 0.101392 0.083821 0.117030 0.087930 0.076224
0.061473 0.061473 0.061473 0.064395 0.061473 0.061473 0.061491 0.061473 0.061551 0.317809 0.064446 0.061473
0.074725 0.074725 0.074800 0.075099 0.074801 0.074763 0.075019 0.075654 0.075023 0.165742 0.084925 0.074725
0.081305 0.081305 0.081305 0.081305 0.081305 0.081305 0.081305 0.081305 0.081305 0.105648 0.081305 0.081305
0.075852 0.075852 0.075857 0.113698 0.086720 0.076311 0.075852 0.078371 0.091220 0.098562 0.075852 0.075853
0.074015 0.074015 0.074015 0.074422 0.074015 0.074015 0.074015 0.074015 0.080965 0.144161 0.074015 0.108334
0.083333 0.083333 0.083333 0.083333 0.083333 0.083333 0.083333 0.083333 0.083333 0.083333 0.083333 0.083333
0.078609 0.078609 0.078609 0.078609 0.078851 0.079522 0.078609 0.080256 0.087530 0.123577 0.078609 0.078609
0.080233 0.080233 0.080233 0.080233 0.080233 0.080233 0.080233 0.080233 0.080233 0.117435 0.080233 0.080233
0.075927 0.075927 0.075927 0.079040 0.075927 0.075927 0.075928 0.075927 0.086165 0.151449 0.075927 0.075927
0.067448 0.067448 0.067448 0.077686 0.067448 0.067448 0.069180 0.067448 0.067448 0.196919 0.116627 0.067448
0.076216 0.076216 0.076216 0.081596 0.076216 0.076216 0.076702 0.076216 0.083569 0.148360 0.076261 0.076216
0.064357 0.064357 0.064357 0.064358 0.064357 0.064357 0.064358 0.064357 0.064358 0.262228 0.094197 0.064357
0.067125 0.067125 0.067125 0.067125 0.067125 0.067125 0.067125 0.075611 0.067125 0.237096 0.083167 0.067125
0.083333 0.083333 0.083333 0.083333 0.083333 0.083333 0.083333 0.083333 0.083333 0.083333 0.083333 0.083333
0.058454 0.058454 0.058454 0.058454 0.058454 0.058454 0.058454 0.058454 0.058454 0.357009 0.058454 0.058454
0.072846 0.072846 0.072846 0.072846 0.072846 0.072846 0.072846 0.086057 0.072846 0.163673 0.094656 0.072846
0.071114 0.071114 0.071114 0.071114 0.071114 0.071114 0.071114 0.071114 0.071114 0.217746 0.071114 0.071114
0.055929 0.055929 0.055929 0.055929 0.055929 0.055929 0.055929 0.055929 0.055929 0.384776 0.055929 0.055929
0.063693 0.063693 0.063693 0.063693 0.063693 0.063693 0.063693 0.063693 0.063693 0.299375 0.063693 0.063693
0.074895 0.074895 0.074895 0.074895 0.074911 0.074917 0.074895 0.104477 0.084338 0.123511 0.088478 0.074895
0.058083 0.058083 0.058083 0.066761 0.058083 0.058083 0.058117 0.058083 0.058305 0.346398 0.063837 0.058083
0.070776 0.070776 0.070882 0.071308 0.070904 0.070821 0.071194 0.072100 0.071158 0.207468 0.081837 0.070776
0.081098 0.081098 0.081098 0.081098 0.081098 0.081098 0.081098 0.081098 0.081098 0.107919 0.081098 0.081098
0.076041 0.076041 0.076044 0.108680 0.083672 0.076614 0.076041 0.077835 0.095763 0.101187 0.076041 0.076041
0.074015 0.074015 0.074015 0.074422 0.074015 0.074015 0.074015 0.074015 0.080965 0.144161 0.074015 0.108334
0.083333 0.083333 0.083333 0.083333 0.083333 0.083333 0.083333 0.083333 0.083333 0.083333 0.083333 0.083333
0.077914 0.077914 0.077914 0.077914 0.079367 0.078456 0.077914 0.088235 0.083105 0.125437 0.077914 0.077914
0.080233 0.080233 0.080233 0.080233 0.080233 0.080233 0.080233 0.080233 0.080233 0.117435 0.080233 0.080233
0.075219 0.075219 0.075219 0.078753 0.075219 0.075219 0.075220 0.075219 0.086918 0.157355 0.075219 0.075219
0.065476 0.065476 0.065476 0.076994 0.065476 0.065476 0.070650 0.065476 0.065476 0.215328 0.113217 0.065476
0.075522 0.075522 0.075522 0.081645 0.075522 0.075522 0.076072 0.075522 0.083905 0.154142 0.075584 0.075522
0.061594 0.061594 0.061594 0.061595 0.061594 0.061594 0.061595 0.061594 0.061594 0.289509 0.094548 0.061594
0.066993 0.066993 0.066993 0.066993 0.066993 0.066993 0.066993 0.073687 0.066993 0.242329 0.081050 0.066993
0.083333 0.083333 0.083333 0.083333 0.083333 0.083333 0.083333 0.083333 0.083333 0.083333 0.083333 0.083333
0.055929 0.055929 0.055929 0.055929 0.055929 0.055929 0.055929 0.055929 0.055929 0.384776 0.055929 0.055929
0.073317 0.073317 0.073317 0.073317 0.073317 0.073317 0.073317 0.090838 0.073317 0.164732 0.084576 0.073317
0.072895 0.072895 0.072895 0.072895 0.072895 0.072895 0.072895 0.072895 0.072895 0.198150 0.072895 0.072895
0.057453 0.057453 0.057453 0.057453 0.057453 0.057453 0.057453 0.057453 0.057453 0.368013 0.057453 0.057453
0.065474 0.065474 0.065474 0.065474 0.065474 0.065474 0.065474 0.065474 0.065474 0.279788 0.065474 0.065474
0.075239 0.075239 0.075239 0.075239 0.075247 0.075252 0.075239 0.097731 0.080795 0.124078 0.095465 0.075239
0.061186 0.061186 0.061186 0.065603 0.061186 0.061186 0.061221 0.061186 0.061303 0.316325 0.067247 0.061186
0.073517 0.073517 0.073669 0.074440 0.073677 0.073586 0.074241 0.074242 0.074142 0.171382 0.090070 0.073517
0.080888 0.080888 0.080888 0.080888 0.080888 0.080888 0.080888 0.080888 0.080888 0.110232 0.080888 0.080888
0.076986 0.076986 0.076991 0.107443 0.089716 0.077394 0.076986 0.079914 0.090473 0.093138 0.076986 0.076987
0.072799 0.072799 0.072799 0.073501 0.072799 0.072799 0.072799 0.072799 0.085180 0.159719 0.072799 0.099209
0.083333 0.083333 0.083333 0.083333 0.083333 0.083333 0.083333 0.083333 0.083333 0.083333 0.083333 0.083333
0.078759 0.078759 0.078759 0.078759 0.079735 0.079490 0.078759 0.085569 0.085833 0.118056 0.078759 0.078759
0.081305 0.081305 0.081305 0.081305 0.081305 0.081305 0.081305 0.081305 0.081305 0.105648 0.081305 0.081305
0.075076 0.075076 0.075076 0.076379 0.075076 0.075076 0.075076 0.075076 0.079258 0.168683 0.075076 0.075076
0.064812 0.064812 0.064812 0.070281 0.064812 0.064812 0.067324 0.064812 0.064812 0.223538 0.120365 0.064812
0.074782 0.074782 0.074782 0.077000 0.074782 0.074782 0.074986 0.074782 0.077793 0.171887 0.074861 0.074782
0.061594 0.061594 0.061594 0.061595 0.061594 0.061594 0.061594 0.061594 0.061594 0.289509 0.094549 0.061594
0.064195 0.064195 0.064195 0.064195 0.064195 0.064195 0.064195 0.068948 0.064195 0.267869 0.085425 0.064195
0.083333 0.083333 0.083333 0.083333 0.083333 0.083333 0.083333 0.083333 0.083333 0.083333 0.083333 0.083333
0.052281 0.052281 0.052281 0.052281 0.052281 0.052281 0.052281 0.052281 0.052281 0.424908 0.052281 0.052281
0.072198 0.072198 0.072198 0.072198 0.072198 0.072198 0.072198 0.075719 0.072198 0.178426 0.096075 0.072198
0.069600 0.069600 0.069600 0.069600 0.069600 0.069600 0.069600 0.069600 0.069600 0.234404 0.069600 0.069600
0.052281 0.052281 0.052281 0.052281 0.052281 0.052281 0.052281 0.052281 0.052281 0.424908 0.052281 0.052281
0.060413 0.060413 0.060413 0.060413 0.060413 0.060413 0.060413 0.060413 0.060413 0.335456 0.060413 0.060413
0.074940 0.074940 0.074940 0.074940 0.074956 0.074967 0.074940 0.090640 0.086418 0.132712 0.090665 0.074940
0.055892 0.055892 0.055892 0.059928 0.055892 0.055892 0.055925 0.055892 0.055999 0.375473 0.061429 0.055892
0.071302 0.071302 0.071427 0.072018 0.071444 0.071356 0.071864 0.072429 0.071787 0.199890 0.083880 0.071302
0.081901 0.081901 0.081901 0.081901 0.081901 0.081901 0.081901 0.081901 0.081901 0.099086 0.081901 0.081901
0.075095 0.075095 0.075102 0.109914 0.092681 0.075721 0.075095 0.079050 0.096778 0.095282 0.075095 0.075095
0.074015 0.074015 0.074015 0.074422 0.074015 0.074015 0.074015 0.074015 0.080965 0.144161 0.074015 0.108334
0.083333 0.083333 0.083333 0.083333 0.083333 0.083333 0.083333 0.083333 0.083333 0.083333 0.083333 0.083333
0.077988 0.077988 0.077988 0.077988 0.078954 0.079076 0.077988 0.084731 0.088726 0.122601 0.077988 0.077988
0.080233 0.080233 0.080233 0.080233 0.080233 0.080233 0.080233 0.080233 0.080233 0.117435 0.080233 0.080233
0.074646 0.074646 0.074646 0.078153 0.074646 0.074646 0.074647 0.074646 0.086256 0.163772 0.074646 0.074646
0.066086 0.066086 0.066086 0.078703 0.066086 0.066086 0.070410 0.066086 0.066086 0.202352 0.119845 0.066086
0.074378 0.074378 0.074378 0.080408 0.074378 0.074378 0.074920 0.074378 0.082634 0.166936 0.074456 0.074378
0.061436 0.061436 0.061436 0.061436 0.061436 0.061436 0.061436 0.061436 0.061436 0.295722 0.089920 0.061436
0.066730 0.066730 0.066730 0.066730 0.066730 0.066730 0.066730 0.073398 0.066730 0.247196 0.078833 0.066730
0.083333 0.083333 0.083333 0.083333 0.083333 0.083333 0.083333 0.083333 0.083333 0.083333 0.083333 0.083333
0.057453 0.057453 0.057453 0.057453 0.057453 0.057453 0.057453 0.057453 0.057453 0.368013 0.057453 0.057453
0.074007 0.074007 0.074007 0.074007 0.074007 0.074007 0.074007 0.087429 0.074007 0.154818 0.091693 0.074007
0.070367 0.070367 0.070367 0.070367 0.070367 0.070367 0.070367 0.070367 0.070367 0.225966 0.070367 0.070367
0.056440 0.056440 0.056440 0.056440 0.056440 0.056440 0.056440 0.056440 0.056440 0.379156 0.056440 0.056440
0.062312 0.062312 0.062312 0.062312 0.062312 0.062312 0.062312 0.062312 0.062312 0.314568 0.062312 0.062312
0.075737 0.075737 0.075737 0.075737 0.075745 0.075751 0.075737 0.098379 0.081330 0.124900 0.089473 0.075737
0.058174 0.058174 0.058174 0.063839 0.058174 0.058174 0.058216 0.058174 0.058322 0.346940 0.065465 0.058174
0.071038 0.071038 0.071138 0.071394 0.071176 0.071080 0.071318 0.071707 0.071343 0.205089 0.082644 0.071038
0.080888 0.080888 0.080888 0.080888 0.080888 0.080888 0.080888 0.080888 0.080888 0.110232 0.080888 0.080888
0.075457 0.075457 0.075463 0.105308 0.091363 0.076199 0.075457 0.079061 0.101835 0.093488 0.075457 0.075457
0.075191 0.075191 0.075191 0.075605 0.075191 0.075191 0.075191 0.075191 0.082252 0.133148 0.075191 0.107466
0.083166 0.083166 0.083166 0.083166 0.083166 0.083166 0.083166 0.083166 0.083166 0.085170 0.083166 0.083166
0.077457 0.077457 0.077457 0.077457 0.078658 0.078538 0.077457 0.085917 0.088122 0.124700 0.079323 0.077457
0.080233 0.080233 0.080233 0.080233 0.080233 0.080233 0.080233 0.080233 0.080233 0.117435 0.080233 0.080233
0.072634 0.072634 0.072634 0.075611 0.072634 0.072634 0.072634 0.072634 0.082428 0.188257 0.072634 0.072634
0.067501 0.067501 0.067501 0.074017 0.067501 0.067501 0.071012 0.067501 0.067501 0.183487 0.131474 0.067501
0.072657 0.072657 0.072658 0.077787 0.072657 0.072657 0.073120 0.072657 0.079668 0.188073 0.072751 0.072657
0.061942 0.061942 0.061942 0.061942 0.061942 0.061942 0.061942 0.061942 0.061942 0.298157 0.082425 0.061942
0.064303 0.064303 0.064303 0.064303 0.064303 0.064303 0.064303 0.067439 0.064303 0.281404 0.072432 0.064303
0.082996 0.082996 0.082996 0.082996 0.082996 0.082996 0.082996 0.082996 0.082996 0.087044 0.082996 0.082996
0.057955 0.057955 0.057955 0.057955 0.057955 0.057955 0.057955 0.057955 0.057955 0.362493 0.057955 0.057955
0.076601 0.076601 0.076601 0.076601 0.076601 0.076601 0.076601 0.092674 0.076601 0.135645 0.082273 0.076601
0.068412 0.068412 0.068412 0.068412 0.068412 0.068412 0.068412 0.068412 0.068412 0.247464 0.068412 0.068412
0.058454 0.058454 0.058454 0.058454 0.058454 0.058454 0.058454 0.058454 0.058454 0.357009 0.058454 0.058454
0.065474 0.065474 0.065474 0.065474 0.065474 0.065474 0.065474 0.065474 0.065474 0.279788 0.065474 0.065474
0.077643 0.077643 0.077643 0.077643 0.077649 0.077643 0.077643 0.098485 0.077643 0.110997 0.091724 0.077643
0.061377 0.061377 0.061377 0.064298 0.061377 0.061377 0.061404 0.061377 0.061456 0.317316 0.065883 0.061377
0.073120 0.073120 0.073206 0.073486 0.073218 0.073163 0.073408 0.073145 0.073434 0.180466 0.087115 0.073120
0.080888 0.080888 0.080888 0.080888 0.080888 0.080888 0.080888 0.080888 0.080888 0.110232 0.080888 0.080888
0.074296 0.074296 0.074301 0.114049 0.086581 0.075082 0.074296 0.077122 0.102608 0.098501 0.074571 0.074296
0.074980 0.074980 0.074980 0.075186 0.074980 0.074980 0.074980 0.074980 0.078421 0.129650 0.076786 0.115099
0.083166 0.083166 0.083166 0.083166 0.083166 0.083166 0.083166 0.083166 0.083166 0.085170 0.083166 0.083166
0.077441 0.077441 0.077441 0.077441 0.078884 0.077979 0.077441 0.087698 0.082600 0.130754 0.077441 0.077441
0.080674 0.080674 0.080674 0.080674 0.080674 0.080674 0.080674 0.080674 0.080674 0.112589 0.080674 0.080674
0.071360 0.071360 0.071360 0.075143 0.071360 0.071360 0.071361 0.071360 0.083963 0.198651 0.071360 0.071360
0.066786 0.066786 0.066786 0.078535 0.066786 0.066786 0.072064 0.066786 0.066786 0.165052 0.150058 0.066786
0.071391 0.071391 0.071391 0.077935 0.071391 0.071391 0.071976 0.071391 0.080366 0.198523 0.071466 0.071391
0.060604 0.060604 0.060604 0.060604 0.060604 0.060604 0.060604 0.060604 0.060604 0.313317 0.080645 0.060604
0.065531 0.065531 0.065531 0.065531 0.065531 0.065531 0.065531 0.072079 0.065531 0.260727 0.077416 0.065531
0.083333 0.083333 0.083333 0.083333 0.083333 0.083333 0.083333 0.083333 0.083333 0.083333 0.083333 0.083333
0.056948 0.056948 0.056948 0.056948 0.056948 0.056948 0.056948 0.056948 0.056948 0.373567 0.056948 0.056948
0.076049 0.076049 0.076049 0.076049 0.076049 0.076049 0.076049 0.094223 0.076049 0.131498 0.089841 0.076049
0.068007 0.068007 0.068007 0.068007 0.068007 0.068007 0.068007 0.068007 0.068007 0.251925 0.068007 0.068007
0.057955 0.057955 0.057955 0.057955 0.057955 0.057955 0.057955 0.057955 0.057955 0.362493 0.057955 0.057955
0.064592 0.064592 0.064592 0.064592 0.064592 0.064592 0.064592 0.064592 0.064592 0.289483 0.064592 0.064592
0.077247 0.077247 0.077247 0.077247 0.077247 0.077261 0.077247 0.093433 0.082952 0.118608 0.087013 0.077247
0.061345 0.061345 0.061345 0.067322 0.061345 0.061345 0.061398 0.061345 0.061501 0.309684 0.070683 0.061345
0.070245 0.070245 0.070344 0.070597 0.070401 0.070277 0.070521 0.070907 0.070505 0.217721 0.077991 0.070245
0.081507 0.081507 0.081507 0.081507 0.081507 0.081507 0.081507 0.081507 0.081507 0.103419 0.081507 0.081507
0.074279 0.074279 0.074286 0.119584 0.091674 0.074898 0.074279 0.078191 0.095727 0.094247 0.074279 0.074279
0.077383 0.077383 0.077383 0.077702 0.077383 0.077383 0.077383 0.077383 0.082772 0.095876 0.077383 0.124582
0.083333 0.083333 0.083333 0.083333 0.083333 0.083333 0.083333 0.083333 0.083333 0.083333 0.083333 0.083333
0.079390 0.079390 0.079390 0.079390 0.079634 0.079390 0.079390 0.081053 0.079390 0.124805 0.079390 0.079390
0.081507 0.081507 0.081507 0.081507 0.081507 0.081507 0.081507 0.081507 0.081507 0.103419 0.081507 0.081507
0.071695 0.071695 0.071695 0.075496 0.071695 0.071695 0.071696 0.071695 0.084357 0.194888 0.071695 0.071695
0.069387 0.069387 0.069387 0.070164 0.069387 0.069387 0.070272 0.069387 0.069387 0.152234 0.152233 0.069387
0.071727 0.071727 0.071727 0.078302 0.071727 0.071727 0.072315 0.071727 0.080744 0.194742 0.071811 0.071727
0.065247 0.065247 0.065247 0.065247 0.065247 0.065247 0.065247 0.065247 0.065247 0.272260 0.075267 0.065247
0.065668 0.065668 0.065668 0.065668 0.065668 0.065668 0.065668 0.065668 0.065668 0.267568 0.075752 0.065668
0.083333 0.083333 0.083333 0.083333 0.083333 0.083333 0.083333 0.083333 0.083333 0.083333 0.083333 0.083333
0.060894 0.060894 0.060894 0.060894 0.060894 0.060894 0.060894 0.060894 0.060894 0.330169 0.060894 0.060894
0.078046 0.078046 0.078046 0.078046 0.078046 0.078046 0.078046 0.099027 0.078046 0.106359 0.092200 0.078046
0.066762 0.066762 0.066762 0.066762 0.066762 0.066762 0.066762 0.066762 0.066762 0.265623 0.066762 0.066762
0.060894 0.060894 0.060894 0.060894 0.060894 0.060894 0.060894 0.060894 0.060894 0.330169 0.060894 0.060894
0.063237 0.063237 0.063237 0.063237 0.063237 0.063237 0.063237 0.063237 0.063237 0.304393 0.063237 0.063237
0.078595 0.078595 0.078595 0.078595 0.078600 0.078613 0.078595 0.104548 0.086428 0.099754 0.080489 0.078595
0.062585 0.062585 0.062585 0.062591 0.062585 0.062585 0.062603 0.062585 0.062585 0.308513 0.065612 0.062585
0.073472 0.073472 0.073527 0.073839 0.073543 0.073490 0.073760 0.074834 0.073677 0.186861 0.076052 0.073472
0.080674 0.080674 0.080674 0.080674 0.080674 0.080674 0.080674 0.080674 0.080674 0.112589 0.080674 0.080674
0.075383 0.075383 0.075388 0.105205 0.086183 0.076237 0.075383 0.077886 0.106538 0.095647 0.075383 0.075383
0.072750 0.072750 0.072750 0.073553 0.072750 0.072750 0.072750 0.072750 0.087055 0.155857 0.072750 0.101531
0.083333 0.083333 0.083333 0.083333 0.083333 0.083333 0.083333 0.083333 0.083333 0.083333 0.083333 0.083333
0.079545 0.079545 0.079545 0.079545 0.080036 0.079729 0.079545 0.082913 0.081274 0.119234 0.079545 0.079545
0.081098 0.081098 0.081098 0.081098 0.081098 0.081098 0.081098 0.081098 0.081098 0.107919 0.081098 0.081098
0.074202 0.074202 0.074202 0.077243 0.074202 0.074202 0.074202 0.074202 0.084207 0.170736 0.074202 0.074202
0.060107 0.060107 0.060107 0.065180 0.060107 0.060107 0.062437 0.060107 0.060107 0.282521 0.109002 0.060107
0.074815 0.074815 0.074815 0.080097 0.074815 0.074815 0.075292 0.074815 0.082033 0.163986 0.074885 0.074815
0.057104 0.057104 0.057104 0.057105 0.057104 0.057104 0.057104 0.057104 0.057104 0.332546 0.096414 0.057104
0.059499 0.059499 0.059499 0.059499 0.059499 0.059499 0.059499 0.062401 0.059499 0.315018 0.087088 0.059499
0.083333 0.083333 0.083333 0.083333 0.083333 0.083333 0.083333 0.083333 0.083333 0.083333 0.083333 0.083333
0.048001 0.048001 0.048001 0.048001 0.048001 0.048001 0.048001 0.048001 0.048001 0.471984 0.048001 0.048001
0.070802 0.070802 0.070802 0.070802 0.070802 0.070802 0.070802 0.081675 0.070802 0.174977 0.106129 0.070802
0.066762 0.066762 0.066762 0.066762 0.066762 0.066762 0.066762 0.066762 0.066762 0.265623 0.066762 0.066762
0.047462 0.047462 0.047462 0.047462 0.047462 0.047462 0.047462 0.047462 0.047462 0.477921 0.047462 0.047462
0.050152 0.050152 0.050152 0.050152 0.050152 0.050152 0.050152 0.050152 0.050152 0.448330 0.050152 0.050152
0.072853 0.072853 0.072853 0.072853 0.072877 0.072896 0.072853 0.104073 0.092384 0.138586 0.082064 0.072853
0.048785 0.048785 0.048785 0.051106 0.048785 0.048785 0.048806 0.048785 0.048847 0.457380 0.052366 0.048785
0.069407 0.069407 0.069475 0.069754 0.069497 0.069433 0.069679 0.071121 0.069642 0.227898 0.075280 0.069407
0.080455 0.080455 0.080455 0.080455 0.080455 0.080455 0.080455 0.080455 0.080455 0.114990 0.080455 0.080455
0.075753 0.075753 0.075760 0.110878 0.091722 0.076384 0.075753 0.079372 0.097627 0.089491 0.075753 0.075754
0.071141 0.071141 0.071141 0.071827 0.071141 0.071141 0.071141 0.071141 0.083240 0.171677 0.071141 0.104127
0.083333 0.083333 0.083333 0.083333 0.083333 0.083333 0.083333 0.083333 0.083333 0.083333 0.083333 0.083333
0.078145 0.078145 0.078145 0.078145 0.079601 0.078688 0.078145 0.088496 0.083351 0.122848 0.078145 0.078145
0.081706 0.081706 0.081706 0.081706 0.081706 0.081706 0.081706 0.081706 0.081706 0.101232 0.081706 0.081706
0.075088 0.075088 0.075088 0.077274 0.075088 0.075088 0.075089 0.075088 0.082189 0.164742 0.075088 0.075088
0.062311 0.062311 0.062311 0.074207 0.062311 0.062311 0.066388 0.062311 0.062311 0.247917 0.112999 0.062311
0.074805 0.074805 0.074805 0.078540 0.074805 0.074805 0.075145 0.074805 0.079892 0.167915 0.074875 0.074805
0.058444 0.058444 0.058444 0.058444 0.058444 0.058444 0.058444 0.058444 0.058444 0.316885 0.098677 0.058444
0.063440 0.063440 0.063440 0.063440 0.063440 0.063440 0.063440 0.071461 0.063440 0.264720 0.092856 0.063440
0.083333 0.083333 0.083333 0.083333 0.083333 0.083333 0.083333 0.083333 0.083333 0.083333 0.083333 0.083333
0.050686 0.050686 0.050686 0.050686 0.050686 0.050686 0.050686 0.050686 0.050686 0.442449 0.050686 0.050686
0.070816 0.070816 0.070816 0.070816 0.070816 0.070816 0.070816 0.077892 0.070816 0.183547 0.101214 0.070816
0.069986 0.069986 0.069986 0.069986 0.069986 0.069986 0.069986 0.069986 0.069986 0.230158 0.069986 0.069986
0.051751 0.051751 0.051751 0.051751 0.051751 0.051751 0.051751 0.051751 0.051751 0.430736 0.051751 0.051751
0.062777 0.062777 0.062777 0.062777 0.062777 0.062777 0.062777 0.062777 0.062777 0.309457 0.062777 0.062777
0.074614 0.074614 0.074614 0.074614 0.074630 0.074645 0.074614 0.094641 0.088110 0.132142 0.088146 0.074614
0.056631 0.056631 0.056631 0.065091 0.056631 0.056631 0.056663 0.056631 0.056847 0.362743 0.062241 0.056631
0.071388 0.071388 0.071527 0.072285 0.071543 0.071446 0.072091 0.073184 0.071953 0.198336 0.083470 0.071388
0.081706 0.081706 0.081706 0.081706 0.081706 0.081706 0.081706 0.081706 0.081706 0.101232 0.081706 0.081706
0.076909 0.076909 0.076913 0.107335 0.086262 0.077200 0.076909 0.079093 0.086309 0.102342 0.076909 0.076910
0.072033 0.072033 0.072033 0.072330 0.072033 0.072033 0.072033 0.072033 0.077049 0.173829 0.072033 0.100530
0.083333 0.083333 0.083333 0.083333 0.083333 0.083333 0.083333 0.083333 0.083333 0.083333 0.083333 0.083333
0.076735 0.076735 0.076735 0.076735 0.078165 0.077806 0.076735 0.086899 0.087301 0.132685 0.076735 0.076735
0.079776 0.079776 0.079776 0.079776 0.079776 0.079776 0.079776 0.079776 0.079776 0.122462 0.079776 0.079776
0.076503 0.076503 0.076503 0.078730 0.076503 0.076503 0.076503 0.076503 0.083737 0.149007 0.076503 0.076503
0.063783 0.063783 0.063783 0.082497 0.063783 0.063783 0.068823 0.063783 0.063783 0.230720 0.107694 0.063783
0.076094 0.076094 0.076094 0.080676 0.076094 0.076094 0.076509 0.076094 0.082345 0.151656 0.076156 0.076094
0.059749 0.059749 0.059749 0.059750 0.059749 0.059749 0.059750 0.059749 0.059749 0.301629 0.100879 0.059749
0.065982 0.065982 0.065982 0.065982 0.065982 0.065982 0.065982 0.081750 0.065982 0.238674 0.085737 0.065982
0.083333 0.083333 0.083333 0.083333 0.083333 0.083333 0.083333 0.083333 0.083333 0.083333 0.083333 0.083333
0.048001 0.048001 0.048001 0.048001 0.048001 0.048001 0.048001 0.048001 0.048001 0.471984 0.048001 0.048001
0.068270 0.068270 0.068270 0.068270 0.068270 0.068270 0.068270 0.080651 0.068270 0.214074 0.090847 0.068270
0.070367 0.070367 0.070367 0.070367 0.070367 0.070367 0.070367 0.070367 0.070367 0.225966 0.070367 0.070367
0.047462 0.047462 0.047462 0.047462 0.047462 0.047462 0.047462 0.047462 0.047462 0.477921 0.047462 0.047462
0.061370 0.061370 0.061370 0.061370 0.061370 0.061370 0.061370 0.061370 0.061370 0.324925 0.061370 0.061370
0.071741 0.071741 0.071741 0.071741 0.071754 0.071766 0.071741 0.097726 0.082728 0.150114 0.095466 0.071741
0.054160 0.054160 0.054160 0.065217 0.054160 0.054160 0.054223 0.054160 0.054437 0.381581 0.065422 0.054160
0.067915 0.067915 0.068096 0.068768 0.068148 0.067989 0.068585 0.069000 0.068534 0.229948 0.087188 0.067915
0.081098 0.081098 0.081098 0.081098 0.081098 0.081098 0.081098 0.081098 0.081098 0.107919 0.081098 0.081098
0.074786 0.074786 0.074791 0.114802 0.085501 0.075408 0.074786 0.077269 0.096381 0.101916 0.074786 0.074787
0.071827 0.071827 0.071827 0.072421 0.071827 0.071827 0.071827 0.071827 0.082179 0.161385 0.073558 0.107665
0.083166 0.083166 0.083166 0.083166 0.083166 0.083166 0.083166 0.083166 0.083166 0.085170 0.083166 0.083166
0.077685 0.077685 0.077685 0.077685 0.078890 0.078769 0.077685 0.086170 0.088381 0.122125 0.079557 0.077685
0.079776 0.079776 0.079776 0.079776 0.079776 0.079776 0.079776 0.079776 0.079776 0.122462 0.079776 0.079776
0.074055 0.074055 0.074055 0.077534 0.074055 0.074055 0.074055 0.074055 0.085573 0.170399 0.074055 0.074055
0.065738 0.065738 0.065738 0.072891 0.065738 0.065738 0.070039 0.065738 0.065738 0.206136 0.125028 0.065738
0.074670 0.074670 0.074670 0.080724 0.074670 0.074670 0.075214 0.074670 0.082958 0.163687 0.074731 0.074670
0.061866 0.061866 0.061866 0.061867 0.061866 0.061866 0.061866 0.061866 0.061866 0.290787 0.090551 0.061866
0.065735 0.065735 0.065735 0.065735 0.065735 0.065735 0.065735 0.067319 0.065735 0.261539 0.079528 0.065735
0.083166 0.083166 0.083166 0.083166 0.083166 0.083166 0.083166 0.083166 0.083166 0.085170 0.083166 0.083166
0.057955 0.057955 0.057955 0.057955 0.057955 0.057955 0.057955 0.057955 0.057955 0.362493 0.057955 0.057955
0.074809 0.074809 0.074809 0.074809 0.074809 0.074809 0.074809 0.090506 0.074809 0.145708 0.090506 0.074809
0.070367 0.070367 0.070367 0.070367 0.070367 0.070367 0.070367 0.070367 0.070367 0.225966 0.070367 0.070367
0.057955 0.057955 0.057955 0.057955 0.057955 0.057955 0.057955 0.057955 0.057955 0.362493 0.057955 0.057955
0.062777 0.062777 0.062777 0.062777 0.062777 0.062777 0.062777 0.062777 0.062777 0.309457 0.062777 0.062777
0.076668 0.076668 0.076668 0.076668 0.076676 0.076677 0.076668 0.097248 0.080398 0.120551 0.088442 0.076668
0.061003 0.061003 0.061003 0.062442 0.061003 0.061003 0.061030 0.061003 0.061042 0.322981 0.065482 0.061003
0.073142 0.073142 0.073204 0.073325 0.073225 0.073171 0.073286 0.073597 0.073331 0.183762 0.083673 0.073142
0.080888 0.080888 0.080888 0.080888 0.080888 0.080888 0.080888 0.080888 0.080888 0.110232 0.080888 0.080888
0.075791 0.075791 0.075798 0.108323 0.091768 0.076308 0.075791 0.079411 0.093273 0.096164 0.075791 0.075792
0.073093 0.073093 0.073093 0.073596 0.073093 0.073093 0.073093 0.073093 0.081771 0.152906 0.073093 0.106984
0.083166 0.083166 0.083166 0.083166 0.083166 0.083166 0.083166 0.083166 0.083166 0.085170 0.083166 0.083166
0.077534 0.077534 0.077534 0.077534 0.078980 0.078074 0.077534 0.087805 0.082700 0.127833 0.079403 0.077534
0.080455 0.080455 0.080455 0.080455 0.080455 0.080455 0.080455 0.080455 0.080455 0.114990 0.080455 0.080455
0.074347 0.074347 0.074347 0.076951 0.074347 0.074347 0.074347 0.074347 0.082860 0.171070 0.074347 0.074347
0.065260 0.065260 0.065260 0.076740 0.065260 0.065260 0.070417 0.065260 0.065260 0.209567 0.121198 0.065260
0.074504 0.074504 0.074505 0.078224 0.074504 0.074504 0.074843 0.074504 0.079571 0.171249 0.074583 0.074504
0.060737 0.060737 0.060737 0.060738 0.060737 0.060737 0.060737 0.060737 0.060737 0.299401 0.093231 0.060737
0.065686 0.065686 0.065686 0.065686 0.065686 0.065686 0.065686 0.072249 0.065686 0.255195 0.081383 0.065686
0.083166 0.083166 0.083166 0.083166 0.083166 0.083166 0.083166 0.083166 0.083166 0.085170 0.083166 0.083166
0.056440 0.056440 0.056440 0.056440 0.056440 0.056440 0.056440 0.056440 0.056440 0.379156 0.056440 0.056440
0.073628 0.073628 0.073628 0.073628 0.073628 0.073628 0.073628 0.084935 0.073628 0.165430 0.086981 0.073628
0.070367 0.070367 0.070367 0.070367 0.070367 0.070367 0.070367 0.070367 0.070367 0.225966 0.070367 0.070367
0.055929 0.055929 0.055929 0.055929 0.055929 0.055929 0.055929 0.055929 0.055929 0.384776 0.055929 0.055929
0.065474 0.065474 0.065474 0.065474 0.065474 0.065474 0.065474 0.065474 0.065474 0.279788 0.065474 0.065474
0.074999 0.074999 0.074999 0.074999 0.075004 0.075021 0.074999 0.092895 0.084455 0.129710 0.092922 0.074999
0.059503 0.059503 0.059503 0.065301 0.059503 0.059503 0.059555 0.059503 0.059655 0.330404 0.068561 0.059503
0.071367 0.071367 0.071541 0.072444 0.071578 0.071434 0.072211 0.072518 0.072032 0.195196 0.086944 0.071367
0.080888 0.080888 0.080888 0.080888 0.080888 0.080888 0.080888 0.080888 0.080888 0.110232 0.080888 0.080888
0.075080 0.075080 0.075086 0.104783 0.089185 0.075705 0.075080 0.078300 0.096760 0.104782 0.075080 0.075080
0.077982 0.077982 0.077982 0.078304 0.077982 0.077982 0.077982 0.077982 0.083413 0.106273 0.079861 0.106273
0.083333 0.083333 0.083333 0.083333 0.083333 0.083333 0.083333 0.083333 0.083333 0.083333 0.083333 0.083333
0.080044 0.080044 0.080044 0.080044 0.080787 0.080229 0.080044 0.085181 0.081784 0.111711 0.080044 0.080044
0.080888 0.080888 0.080888 0.080888 0.080888 0.080888 0.080888 0.080888 0.080888 0.110232 0.080888 0.080888
0.075189 0.075189 0.075189 0.079630 0.075189 0.075189 0.075189 0.075189 0.090080 0.153590 0.075189 0.075189
0.069430 0.069430 0.069430 0.074341 0.069430 0.069430 0.073041 0.069430 0.069430 0.179953 0.117228 0.069430
0.074665 0.074665 0.074666 0.082308 0.074665 0.074665 0.075346 0.074665 0.085166 0.159770 0.074753 0.074665
0.065175 0.065175 0.065175 0.065175 0.065175 0.065175 0.065175 0.065175 0.065175 0.265558 0.082695 0.065175
0.067723 0.067723 0.067723 0.067723 0.067723 0.067723 0.067723 0.069355 0.067723 0.239207 0.081933 0.067723
0.083333 0.083333 0.083333 0.083333 0.083333 0.083333 0.083333 0.083333 0.083333 0.083333 0.083333 0.083333
0.061370 0.061370 0.061370 0.061370 0.061370 0.061370 0.061370 0.061370 0.061370 0.324925 0.061370 0.061370
0.077056 0.077056 0.077056 0.077056 0.077056 0.077056 0.077056 0.097771 0.077056 0.115503 0.093224 0.077056
0.068813 0.068813 0.068813 0.068813 0.068813 0.068813 0.068813 0.068813 0.068813 0.243057 0.068813 0.068813
0.061370 0.061370 0.061370 0.061370 0.061370 0.061370 0.061370 0.061370 0.061370 0.324925 0.061370 0.061370
0.064592 0.064592 0.064592 0.064592 0.064592 0.064592 0.064592 0.064592 0.064592 0.289483 0.064592 0.064592
0.078045 0.078045 0.078045 0.078045 0.078048 0.078063 0.078045 0.098995 0.085823 0.108950 0.081851 0.078045
0.062745 0.062745 0.062745 0.064228 0.062745 0.062745 0.062782 0.062745 0.062786 0.302026 0.068961 0.062745
0.074414 0.074414 0.074472 0.074600 0.074518 0.074428 0.074560 0.075555 0.074540 0.176588 0.077499 0.074414
0.080888 0.080888 0.080888 0.080888 0.080888 0.080888 0.080888 0.080888 0.080888 0.110232 0.080888 0.080888
0.076155 0.076155 0.076162 0.106283 0.092209 0.076732 0.076155 0.079793 0.095908 0.092134 0.076155 0.076156
0.073580 0.073580 0.073580 0.074187 0.073580 0.073580 0.073580 0.073580 0.084184 0.150303 0.073580 0.102689
0.083333 0.083333 0.083333 0.083333 0.083333 0.083333 0.083333 0.083333 0.083333 0.083333 0.083333 0.083333
0.079233 0.079233 0.079233 0.079233 0.079968 0.079600 0.079233 0.084318 0.082715 0.118766 0.079233 0.079233
0.081507 0.081507 0.081507 0.081507 0.081507 0.081507 0.081507 0.081507 0.081507 0.103419 0.081507 0.081507
0.074647 0.074647 0.074647 0.077262 0.074647 0.074647 0.074647 0.074647 0.083195 0.167720 0.074647 0.074647
0.062957 0.062957 0.062957 0.071600 0.062957 0.062957 0.065397 0.062957 0.062957 0.250487 0.108861 0.062957
0.075250 0.075250 0.075251 0.079782 0.075251 0.075251 0.075661 0.075251 0.081432 0.161041 0.075330 0.075250
0.060889 0.060889 0.060889 0.060889 0.060889 0.060889 0.060889 0.060889 0.060889 0.293088 0.098025 0.060889
0.063299 0.063299 0.063299 0.063299 0.063299 0.063299 0.063299 0.071301 0.063299 0.264129 0.094881 0.063299
0.083333 0.083333 0.083333 0.083333 0.083333 0.083333 0.083333 0.083333 0.083333 0.083333 0.083333 0.083333
0.049616 0.049616 0.049616 0.049616 0.049616 0.049616 0.049616 0.049616 0.049616 0.454226 0.049616 0.049616
0.069673 0.069673 0.069673 0.069673 0.069673 0.069673 0.069673 0.078481 0.069673 0.184934 0.109529 0.069673
0.068412 0.068412 0.068412 0.068412 0.068412 0.068412 0.068412 0.068412 0.068412 0.247465 0.068412 0.068412
0.048540 0.048540 0.048540 0.048540 0.048540 0.048540 0.048540 0.048540 0.048540 0.466055 0.048540 0.048540
0.054899 0.054899 0.054899 0.054899 0.054899 0.054899 0.054899 0.054899 0.054899 0.396109 0.054899 0.054899
0.071983 0.071983 0.071983 0.071983 0.072006 0.072021 0.071983 0.102830 0.089138 0.147068 0.085038 0.071983
0.052113 0.052113 0.052113 0.059899 0.052113 0.052113 0.052143 0.052113 0.052312 0.413578 0.057276 0.052113
0.069767 0.069767 0.069871 0.070292 0.069893 0.069812 0.070179 0.071501 0.070144 0.218335 0.080671 0.069767
0.080888 0.080888 0.080888 0.080888 0.080888 0.080888 0.080888 0.080888 0.080888 0.110232 0.080888 0.080888
