0.033166 0.033166 0.033166 0.635176 0.033166 0.033166 0.033166 0.033166 0.033166 0.033166 0.033166 0.033166
0.033620 0.033620 0.038769 0.033620 0.033660 0.044662 0.045795 0.036467 0.047813 0.100522 0.517832 0.033620
0.083333 0.083333 0.083333 0.083333 0.083333 0.083333 0.083333 0.083333 0.083333 0.083333 0.083333 0.083333
0.074136 0.074136 0.113987 0.083639 0.112526 0.075905 0.075017 0.081348 0.074892 0.081539 0.078740 0.074136
0.076055 0.076055 0.076055 0.076055 0.076055 0.122782 0.082446 0.103788 0.082542 0.076055 0.076055 0.076055
0.083333 0.083333 0.083333 0.083333 0.083333 0.083333 0.083333 0.083333 0.083333 0.083333 0.083333 0.083333
0.028704 0.028704 0.043090 0.028704 0.031163 0.051773 0.034640 0.042901 0.035479 0.060602 0.585537 0.028704
0.083333 0.083333 0.083333 0.083333 0.083333 0.083333 0.083333 0.083333 0.083333 0.083333 0.083333 0.083333
0.010420 0.010420 0.019191 0.010753 0.012436 0.010529 0.010834 0.010919 0.010942 0.019342 0.863792 0.010420
0.015244 0.015244 0.015244 0.832312 0.015244 0.015244 0.015244 0.015244 0.015244 0.015244 0.015244 0.015244
0.072549 0.072549 0.072549 0.201961 0.072549 0.072549 0.072549 0.072549 0.072549 0.072549 0.072549 0.072549
0.002417 0.002417 0.002418 0.002417 0.002417 0.002417 0.002417 0.002417 0.002417 0.002421 0.973405 0.002417
0.010230 0.010230 0.018312 0.010417 0.011941 0.010513 0.010662 0.010801 0.010689 0.019387 0.866587 0.010230
0.064176 0.064176 0.064176 0.064176 0.064176 0.249989 0.080922 0.074803 0.080879 0.064176 0.064176 0.064176
0.083333 0.083333 0.083333 0.083333 0.083333 0.083333 0.083333 0.083333 0.083333 0.083333 0.083333 0.083333
0.011985 0.011985 0.013370 0.011999 0.012043 0.012028 0.012052 0.012016 0.012080 0.015460 0.862999 0.011985
0.036428 0.036428 0.149795 0.046246 0.097917 0.037438 0.040295 0.062714 0.037181 0.052031 0.367099 0.036428
0.008720 0.008720 0.009468 0.008720 0.008725 0.012013 0.012468 0.011865 0.009272 0.009867 0.891441 0.008720
0.072465 0.072465 0.093757 0.079650 0.087592 0.074187 0.079796 0.103778 0.080363 0.089235 0.094248 0.072465
0.003819 0.003819 0.004373 0.003831 0.003872 0.003848 0.003857 0.003935 0.003869 0.004971 0.955987 0.003819
0.032883 0.032883 0.033890 0.634594 0.033327 0.033364 0.033004 0.033472 0.033074 0.033119 0.033508 0.032883
0.035181 0.035181 0.040304 0.035181 0.035220 0.046200 0.047695 0.038663 0.049272 0.104265 0.497657 0.035181
0.081953 0.081953 0.081953 0.094747 0.081953 0.082955 0.081953 0.084723 0.081953 0.081953 0.081953 0.081953
0.074425 0.074425 0.107198 0.082469 0.113131 0.076038 0.075814 0.083847 0.075651 0.081371 0.081204 0.074425
0.075208 0.075208 0.078961 0.077218 0.080266 0.116587 0.084695 0.101119 0.083652 0.075208 0.076669 0.075208
0.081848 0.081848 0.082681 0.083820 0.081848 0.084087 0.084151 0.082701 0.084274 0.085588 0.085304 0.081848
0.027606 0.027606 0.041508 0.027614 0.029949 0.045915 0.034348 0.038028 0.035185 0.058439 0.606197 0.027606
0.082011 0.082011 0.082943 0.082011 0.082011 0.084776 0.084793 0.083165 0.084835 0.085163 0.084269 0.082011
0.010721 0.010721 0.018281 0.011245 0.012495 0.010826 0.011070 0.011208 0.011153 0.019251 0.862308 0.010721
0.019066 0.019066 0.019578 0.785066 0.019178 0.019171 0.019196 0.019153 0.019220 0.019873 0.022367 0.019066
0.075182 0.075182 0.075182 0.172993 0.075182 0.075182 0.075182 0.075182 0.075182 0.075182 0.075182 0.075182
0.002870 0.002870 0.002883 0.002871 0.002872 0.002871 0.002871 0.002871 0.002871 0.002886 0.968396 0.002870
0.014126 0.014126 0.025862 0.016036 0.018344 0.014493 0.014679 0.015411 0.014720 0.025646 0.812429 0.014126
0.063812 0.063812 0.065160 0.063868 0.063959 0.232838 0.079980 0.079001 0.079977 0.065535 0.078249 0.063812
0.081848 0.081848 0.082164 0.083820 0.081848 0.085231 0.084116 0.083637 0.083847 0.083854 0.085940 0.081848
0.010767 0.010767 0.012013 0.010780 0.010819 0.010805 0.010826 0.010795 0.010851 0.013840 0.876968 0.010767
0.039446 0.039446 0.164768 0.053966 0.117289 0.040452 0.043071 0.065811 0.040181 0.054471 0.301655 0.039446
0.008155 0.008155 0.008797 0.008155 0.008159 0.011059 0.010567 0.010117 0.008591 0.009243 0.900849 0.008155
0.072313 0.072313 0.087870 0.077916 0.084405 0.073739 0.078024 0.128431 0.078384 0.085754 0.088539 0.072313
0.004153 0.004153 0.004662 0.004163 0.004201 0.004178 0.004187 0.004175 0.004197 0.005275 0.952502 0.004153
0.034247 0.034247 0.038036 0.608709 0.037102 0.034481 0.034684 0.035489 0.034793 0.035559 0.038405 0.034247
0.040188 0.040188 0.045743 0.040188 0.040315 0.052628 0.054227 0.043955 0.056151 0.114559 0.431671 0.040188
0.081135 0.081135 0.083391 0.093828 0.081847 0.081135 0.081158 0.083012 0.081156 0.082763 0.088307 0.081135
0.076098 0.076098 0.102378 0.083257 0.103586 0.080463 0.077757 0.083382 0.077597 0.082301 0.080984 0.076098
0.075067 0.075067 0.083099 0.078050 0.084833 0.110899 0.081012 0.100087 0.080245 0.075754 0.080818 0.075067
0.080457 0.080457 0.081998 0.080457 0.080464 0.083479 0.083528 0.081418 0.083751 0.086201 0.097333 0.080457
0.025315 0.025315 0.038695 0.025326 0.027528 0.039905 0.029780 0.034088 0.030468 0.054934 0.643330 0.025315
0.080472 0.080472 0.082005 0.080472 0.080472 0.084228 0.084240 0.081835 0.084312 0.084804 0.096216 0.080472
0.009941 0.009941 0.016696 0.010171 0.011318 0.010074 0.010308 0.010340 0.010388 0.018143 0.872741 0.009941
0.019053 0.019053 0.019463 0.783431 0.019140 0.019135 0.019155 0.019121 0.019174 0.019733 0.024488 0.019053
0.075793 0.075793 0.076044 0.154825 0.075814 0.075822 0.075834 0.075810 0.075848 0.076734 0.085892 0.075793
0.003046 0.003046 0.003047 0.003046 0.003046 0.003046 0.003046 0.003046 0.003046 0.003051 0.966490 0.003046
0.015112 0.015112 0.028548 0.018101 0.019557 0.015537 0.015742 0.016330 0.015790 0.028305 0.796755 0.015112
0.061829 0.061829 0.063018 0.061864 0.061996 0.244289 0.080043 0.078392 0.080037 0.063842 0.081031 0.061829
0.081290 0.081290 0.082376 0.081290 0.081330 0.084019 0.082823 0.082221 0.082741 0.083364 0.095967 0.081290
0.008697 0.008697 0.009757 0.008708 0.008742 0.008730 0.008748 0.008721 0.008769 0.011348 0.900384 0.008697
0.040526 0.040526 0.178356 0.054205 0.130792 0.041479 0.044344 0.069376 0.041125 0.053207 0.265538 0.040526
0.006606 0.006606 0.007051 0.006606 0.006612 0.008220 0.008113 0.007917 0.006833 0.007624 0.921203 0.006606
0.073640 0.073640 0.085513 0.078098 0.082551 0.074648 0.078204 0.129946 0.078523 0.083628 0.087969 0.073640
0.004257 0.004257 0.004819 0.004268 0.004324 0.004281 0.004290 0.004281 0.004299 0.005482 0.951183 0.004257
0.030534 0.030534 0.031734 0.655771 0.033452 0.030654 0.030956 0.032093 0.030924 0.031069 0.031745 0.030534
0.041657 0.041657 0.047233 0.041657 0.041685 0.055304 0.057134 0.046197 0.058881 0.121968 0.404971 0.041657
0.081948 0.081948 0.081948 0.094952 0.081948 0.081948 0.081948 0.085565 0.081948 0.081948 0.081948 0.081948
0.077239 0.077239 0.098562 0.083036 0.103334 0.078353 0.078329 0.083909 0.078208 0.082487 0.082063 0.077239
0.077416 0.077416 0.079362 0.079596 0.085579 0.103309 0.084095 0.096289 0.083334 0.077416 0.078772 0.077416
0.081844 0.081844 0.083536 0.081844 0.081844 0.084110 0.084103 0.082446 0.084326 0.085511 0.086750 0.081844
0.025211 0.025211 0.038497 0.025220 0.027475 0.037228 0.030286 0.032891 0.031023 0.055876 0.645870 0.025211
0.081847 0.081847 0.083693 0.081847 0.081847 0.084796 0.084794 0.082853 0.084871 0.085186 0.084570 0.081847
0.010270 0.010270 0.017012 0.010479 0.011694 0.010368 0.010571 0.010636 0.010645 0.018398 0.869388 0.010270
0.019106 0.019106 0.019524 0.785595 0.019199 0.019194 0.019214 0.019178 0.019234 0.019778 0.021766 0.019106
0.076671 0.076671 0.076671 0.156618 0.076671 0.076671 0.076671 0.076671 0.076671 0.076671 0.076671 0.076671
0.002978 0.002978 0.002978 0.002978 0.002978 0.002978 0.002978 0.002978 0.002978 0.002984 0.967238 0.002978
0.016107 0.016107 0.029959 0.019308 0.020803 0.016529 0.016746 0.017584 0.016794 0.029349 0.784608 0.016107
0.062974 0.062974 0.064253 0.063012 0.063176 0.235475 0.078994 0.078010 0.078998 0.065396 0.083764 0.062974
0.081103 0.081103 0.082504 0.081103 0.081144 0.084369 0.082356 0.081563 0.082368 0.083393 0.097891 0.081103
0.011147 0.011147 0.012402 0.011160 0.011199 0.011185 0.011206 0.011174 0.011231 0.014257 0.872745 0.011147
0.041032 0.041032 0.165598 0.054468 0.120158 0.042004 0.044833 0.069746 0.041724 0.055370 0.283003 0.041032
0.008687 0.008687 0.009356 0.008687 0.008695 0.011124 0.010963 0.010572 0.009110 0.009964 0.895466 0.008687
0.072829 0.072829 0.088624 0.078565 0.084767 0.074393 0.078732 0.119155 0.079118 0.086264 0.091893 0.072829
0.004456 0.004456 0.005088 0.004470 0.004533 0.004487 0.004497 0.004486 0.004508 0.005792 0.948770 0.004456
0.030545 0.030545 0.031674 0.659582 0.030968 0.030563 0.030593 0.030661 0.030595 0.031196 0.032535 0.030545
0.035539 0.035539 0.041118 0.035539 0.035654 0.047251 0.048605 0.039080 0.050402 0.105648 0.490086 0.035539
0.082324 0.082324 0.084613 0.082347 0.083046 0.082324 0.082347 0.082429 0.082345 0.083976 0.089601 0.082324
0.075530 0.075530 0.106660 0.082763 0.105180 0.080433 0.076635 0.081551 0.076569 0.081629 0.081990 0.075530
0.076756 0.076756 0.080411 0.076991 0.078701 0.109543 0.081999 0.102142 0.082051 0.077458 0.080435 0.076756
0.082292 0.082292 0.082459 0.082292 0.082299 0.082301 0.082307 0.082297 0.082313 0.083043 0.093814 0.082292
0.026288 0.026288 0.040207 0.026290 0.028634 0.042106 0.031796 0.037574 0.032577 0.057291 0.624660 0.026288
0.082281 0.082281 0.082294 0.082281 0.082281 0.082281 0.082281 0.082281 0.082281 0.082342 0.094832 0.082281
0.009735 0.009735 0.017116 0.009963 0.011262 0.009878 0.010092 0.010092 0.010187 0.017986 0.874218 0.009735
0.016450 0.016450 0.016482 0.816544 0.016454 0.016454 0.016455 0.016453 0.016456 0.016524 0.018827 0.016450
0.074338 0.074338 0.074584 0.171050 0.074358 0.074366 0.074378 0.074354 0.074392 0.075261 0.084243 0.074338
0.002776 0.002776 0.002776 0.002776 0.002776 0.002776 0.002776 0.002776 0.002776 0.002779 0.969461 0.002776
0.011303 0.011303 0.021289 0.011521 0.013389 0.011643 0.011816 0.011978 0.011850 0.022279 0.850327 0.011303
0.061897 0.061897 0.061897 0.061897 0.061897 0.268459 0.079943 0.076526 0.079896 0.061897 0.061897 0.061897
0.083333 0.083333 0.083333 0.083333 0.083333 0.083333 0.083333 0.083333 0.083333 0.083333 0.083333 0.083333
0.009745 0.009745 0.010955 0.009757 0.009795 0.009782 0.009803 0.009772 0.009828 0.012780 0.888293 0.009745
0.037460 0.037460 0.164509 0.047925 0.109274 0.038455 0.041442 0.065546 0.038135 0.051637 0.330696 0.037460
0.007390 0.007390 0.007943 0.007390 0.007394 0.009574 0.010333 0.009940 0.007750 0.008407 0.909099 0.007390
0.072696 0.072696 0.089777 0.078753 0.085385 0.074429 0.078867 0.118786 0.079363 0.086511 0.090042 0.072696
0.003533 0.003533 0.003968 0.003542 0.003572 0.003554 0.003561 0.003550 0.003570 0.004481 0.959602 0.003533
0.031431 0.031431 0.032394 0.651484 0.031855 0.031495 0.031547 0.031633 0.031614 0.031657 0.032028 0.031431
0.035666 0.035666 0.040967 0.035666 0.035702 0.047324 0.048696 0.039184 0.050448 0.105848 0.489167 0.035666
0.082652 0.082652 0.082652 0.089934 0.082652 0.082652 0.082652 0.083549 0.082652 0.082652 0.082652 0.082652
0.075631 0.075631 0.104534 0.082742 0.109403 0.077325 0.076576 0.083236 0.076470 0.081408 0.081415 0.075631
0.077299 0.077299 0.079676 0.078452 0.079254 0.108658 0.084759 0.097379 0.084581 0.077299 0.078046 0.077299
0.082672 0.082672 0.082945 0.082672 0.082672 0.083859 0.083883 0.083162 0.083927 0.084593 0.084272 0.082672
0.024952 0.024952 0.038392 0.024956 0.027191 0.036912 0.030032 0.032582 0.030780 0.054954 0.649343 0.024952
0.082672 0.082672 0.082991 0.082672 0.082672 0.084089 0.084093 0.083287 0.084108 0.084273 0.083799 0.082672
0.009210 0.009210 0.015698 0.009406 0.010530 0.009310 0.009481 0.009547 0.009550 0.016614 0.882234 0.009210
0.017714 0.017714 0.018059 0.801690 0.017789 0.017784 0.017801 0.017772 0.017817 0.018254 0.019893 0.017714
0.076090 0.076090 0.076090 0.163011 0.076090 0.076090 0.076090 0.076090 0.076090 0.076090 0.076090 0.076090
0.002651 0.002651 0.002652 0.002651 0.002651 0.002651 0.002651 0.002651 0.002651 0.002655 0.970834 0.002651
0.014142 0.014142 0.027403 0.015711 0.018049 0.014552 0.014752 0.015304 0.014800 0.027115 0.809890 0.014142
0.061442 0.061442 0.062455 0.061485 0.061534 0.256446 0.080098 0.079701 0.080078 0.062576 0.071300 0.061442
0.082341 0.082341 0.082341 0.082341 0.082341 0.085192 0.084392 0.084178 0.084098 0.083533 0.084563 0.082341
0.009504 0.009504 0.010672 0.009516 0.009553 0.009540 0.009560 0.009530 0.009584 0.012433 0.891099 0.009504
0.038881 0.038881 0.164189 0.052590 0.126724 0.039745 0.042457 0.066112 0.039483 0.051395 0.300663 0.038881
0.007594 0.007594 0.008044 0.007594 0.007598 0.009785 0.009681 0.009458 0.007818 0.008616 0.908624 0.007594
0.072134 0.072134 0.086305 0.077921 0.082286 0.074127 0.078059 0.135484 0.078421 0.083541 0.087451 0.072134
0.003817 0.003817 0.004277 0.003827 0.003853 0.003837 0.003844 0.003834 0.003852 0.004805 0.956419 0.003817
0.034635 0.034635 0.038221 0.605470 0.038183 0.034883 0.035151 0.036213 0.035356 0.035553 0.037065 0.034635
0.039456 0.039456 0.044906 0.039456 0.039492 0.051521 0.052741 0.042895 0.054678 0.106616 0.449328 0.039456
0.080771 0.080771 0.080771 0.107959 0.080771 0.080771 0.080771 0.084335 0.080771 0.080771 0.080771 0.080771
0.075811 0.075811 0.107033 0.083516 0.105836 0.077883 0.076834 0.082112 0.076694 0.081198 0.081459 0.075811
0.075259 0.075259 0.082950 0.079434 0.087854 0.109287 0.082029 0.098330 0.081013 0.075259 0.078066 0.075259
0.080520 0.080520 0.082457 0.080520 0.080520 0.085168 0.085265 0.082315 0.085533 0.088130 0.088532 0.080520
0.027304 0.027304 0.041124 0.027321 0.029581 0.044421 0.032761 0.037093 0.033512 0.057152 0.615122 0.027304
0.080528 0.080528 0.082662 0.080528 0.080528 0.086317 0.086345 0.083040 0.086436 0.087098 0.085463 0.080528
0.011084 0.011084 0.019530 0.011388 0.012968 0.011221 0.011487 0.011607 0.011585 0.020137 0.856824 0.011084
0.019046 0.019046 0.019654 0.784265 0.019180 0.019172 0.019201 0.019150 0.019230 0.020014 0.022995 0.019046
0.074232 0.074232 0.074232 0.183452 0.074232 0.074232 0.074232 0.074232 0.074232 0.074232 0.074232 0.074232
0.002716 0.002716 0.002717 0.002716 0.002716 0.002716 0.002716 0.002716 0.002716 0.002723 0.970113 0.002716
0.013930 0.013930 0.024876 0.015844 0.018927 0.014292 0.014482 0.015207 0.014521 0.025473 0.814588 0.013930
0.062945 0.062945 0.064549 0.063002 0.063159 0.239190 0.078323 0.079827 0.078334 0.065352 0.079429 0.062945
0.081677 0.081677 0.082629 0.081677 0.081677 0.086041 0.084430 0.083499 0.084204 0.083520 0.087291 0.081677
0.011385 0.011385 0.012658 0.011399 0.011438 0.011424 0.011446 0.011414 0.011472 0.014583 0.870010 0.011385
0.038934 0.038934 0.153214 0.053872 0.115274 0.039943 0.042708 0.066160 0.039684 0.054322 0.318023 0.038934
0.008241 0.008241 0.008964 0.008241 0.008246 0.010736 0.011450 0.010833 0.008762 0.009373 0.898671 0.008241
0.071242 0.071242 0.089526 0.077336 0.085561 0.073235 0.077422 0.128630 0.077872 0.086690 0.090002 0.071242
0.004206 0.004206 0.004823 0.004218 0.004267 0.004237 0.004247 0.004232 0.004260 0.005505 0.951594 0.004206
0.028329 0.028329 0.028329 0.688385 0.028329 0.028329 0.028329 0.028329 0.028329 0.028329 0.028329 0.028329
0.035697 0.035697 0.040915 0.035697 0.035733 0.048359 0.049857 0.039339 0.051877 0.114014 0.477118 0.035697
0.083333 0.083333 0.083333 0.083333 0.083333 0.083333 0.083333 0.083333 0.083333 0.083333 0.083333 0.083333
0.075396 0.075396 0.105530 0.082988 0.111963 0.076593 0.076194 0.083631 0.076089 0.081790 0.079035 0.075396
0.077107 0.077107 0.077107 0.077107 0.077107 0.115171 0.084263 0.099337 0.084371 0.077107 0.077107 0.077107
0.083333 0.083333 0.083333 0.083333 0.083333 0.083333 0.083333 0.083333 0.083333 0.083333 0.083333 0.083333
0.024916 0.024916 0.038417 0.024916 0.027204 0.039550 0.030317 0.033740 0.031095 0.055757 0.644255 0.024916
0.083333 0.083333 0.083333 0.083333 0.083333 0.083333 0.083333 0.083333 0.083333 0.083333 0.083333 0.083333
0.008977 0.008977 0.015339 0.009177 0.010332 0.009069 0.009247 0.009343 0.009312 0.016269 0.884980 0.008977
0.015244 0.015244 0.015244 0.832312 0.015244 0.015244 0.015244 0.015244 0.015244 0.015244 0.015244 0.015244
0.076671 0.076671 0.076671 0.156618 0.076671 0.076671 0.076671 0.076671 0.076671 0.076671 0.076671 0.076671
0.002651 0.002651 0.002652 0.002651 0.002651 0.002651 0.002651 0.002651 0.002651 0.002655 0.970833 0.002651
0.012641 0.012641 0.024669 0.013137 0.015092 0.013003 0.013185 0.013512 0.013227 0.024238 0.832015 0.012641
0.062115 0.062115 0.062380 0.062129 0.062141 0.260113 0.080256 0.079583 0.080216 0.062434 0.064403 0.062115
0.083002 0.083002 0.083002 0.083002 0.083002 0.083878 0.083510 0.083443 0.083438 0.083601 0.084115 0.083002
0.009533 0.009533 0.010727 0.009546 0.009583 0.009569 0.009590 0.009559 0.009614 0.012484 0.890730 0.009533
0.038867 0.038867 0.180503 0.050238 0.117270 0.039849 0.042769 0.067284 0.039510 0.052501 0.293477 0.038867
0.006951 0.006951 0.007476 0.006951 0.006955 0.008746 0.008861 0.008526 0.007290 0.007921 0.916419 0.006951
0.073327 0.073327 0.086403 0.077898 0.083356 0.074478 0.078007 0.130303 0.078357 0.084374 0.086842 0.073327
0.003735 0.003735 0.004130 0.003742 0.003772 0.003755 0.003761 0.003751 0.003769 0.004659 0.957458 0.003735
0.029407 0.029407 0.030535 0.672600 0.029884 0.029575 0.029681 0.029757 0.029722 0.029708 0.030317 0.029407
0.038227 0.038227 0.043888 0.038227 0.038354 0.051142 0.052806 0.042442 0.054539 0.115844 0.448079 0.038227
0.082316 0.082316 0.082339 0.090742 0.082317 0.082317 0.082317 0.084114 0.082318 0.082371 0.084216 0.082316
0.077057 0.077057 0.100712 0.083139 0.102966 0.078236 0.077910 0.082844 0.077815 0.083247 0.081961 0.077057
0.077683 0.077683 0.080271 0.079273 0.079919 0.105521 0.083502 0.097721 0.083034 0.077801 0.079908 0.077683
0.082343 0.082343 0.082889 0.082343 0.084327 0.083750 0.083778 0.082842 0.083851 0.084763 0.084431 0.082343
0.025443 0.025443 0.038930 0.025450 0.027700 0.038352 0.030835 0.033588 0.031600 0.055739 0.641475 0.025443
0.082343 0.082343 0.082981 0.082343 0.084327 0.084061 0.084065 0.082959 0.084090 0.084312 0.083832 0.082343
0.010358 0.010358 0.016995 0.010555 0.011757 0.010445 0.010636 0.010714 0.010709 0.018236 0.868881 0.010358
0.019125 0.019125 0.019452 0.786367 0.019197 0.019192 0.019208 0.019180 0.019223 0.019637 0.021169 0.019125
0.077633 0.077633 0.077758 0.144177 0.077659 0.077648 0.077652 0.077645 0.077657 0.077949 0.078957 0.077633
0.002842 0.002842 0.002842 0.002842 0.002842 0.002842 0.002842 0.002842 0.002842 0.002846 0.968736 0.002842
0.013711 0.013711 0.027013 0.014566 0.017075 0.014089 0.014286 0.014635 0.014331 0.025846 0.817026 0.013711
0.061675 0.061675 0.062272 0.061695 0.061751 0.261648 0.077841 0.081892 0.077818 0.062452 0.067609 0.061675
0.082508 0.082508 0.082827 0.082508 0.083845 0.083587 0.083758 0.084034 0.083636 0.083925 0.084356 0.082508
0.009315 0.009315 0.010479 0.009328 0.009363 0.009350 0.009370 0.009341 0.009393 0.012178 0.893252 0.009315
0.039321 0.039321 0.186163 0.051155 0.120403 0.040320 0.043052 0.065606 0.039992 0.053374 0.281970 0.039321
0.007156 0.007156 0.007665 0.007156 0.007160 0.009160 0.008779 0.008478 0.007470 0.008155 0.914508 0.007156
0.072387 0.072387 0.085684 0.077236 0.082847 0.073825 0.077362 0.136624 0.077666 0.084681 0.086916 0.072387
0.004002 0.004002 0.004419 0.004011 0.004040 0.004022 0.004029 0.004019 0.004037 0.005007 0.954409 0.004002
0.030373 0.030373 0.031658 0.661020 0.032018 0.030469 0.030485 0.030955 0.030581 0.030591 0.031105 0.030373
0.037893 0.037893 0.043250 0.037893 0.037926 0.050290 0.051964 0.041908 0.053654 0.113020 0.456417 0.037893
0.082473 0.082473 0.082473 0.091902 0.082473 0.082473 0.082473 0.083368 0.082473 0.082473 0.082473 0.082473
0.076562 0.076562 0.102006 0.083600 0.103536 0.077985 0.077966 0.083335 0.077788 0.082357 0.081741 0.076562
0.077146 0.077146 0.080477 0.078455 0.083615 0.109824 0.082568 0.096073 0.082366 0.077146 0.078038 0.077146
0.082175 0.082175 0.083030 0.082175 0.082175 0.083902 0.084030 0.083151 0.084094 0.085161 0.085754 0.082175
0.025159 0.025159 0.038626 0.025163 0.027411 0.039532 0.029512 0.033978 0.030220 0.055395 0.644687 0.025159
0.082177 0.082177 0.083087 0.082177 0.082177 0.084400 0.084441 0.083569 0.084465 0.084735 0.084417 0.082177
0.009212 0.009212 0.015792 0.009453 0.010429 0.009306 0.009538 0.009520 0.009611 0.016873 0.881844 0.009212
0.016439 0.016439 0.016639 0.817186 0.016483 0.016481 0.016490 0.016473 0.016500 0.016755 0.017675 0.016439
0.074553 0.074553 0.074553 0.179912 0.074553 0.074553 0.074553 0.074553 0.074553 0.074553 0.074553 0.074553
0.002473 0.002473 0.002474 0.002473 0.002473 0.002473 0.002473 0.002473 0.002473 0.002477 0.972790 0.002473
0.012817 0.012817 0.024495 0.013617 0.016342 0.013214 0.013386 0.013718 0.013430 0.024984 0.828364 0.012817
0.063306 0.063306 0.063947 0.063328 0.063387 0.240944 0.083831 0.077403 0.083798 0.064192 0.069252 0.063306
0.082672 0.082672 0.082992 0.082672 0.082672 0.084302 0.083934 0.083589 0.083810 0.083489 0.084524 0.082672
0.010066 0.010066 0.011285 0.010079 0.010117 0.010104 0.010125 0.010093 0.010149 0.013104 0.884745 0.010066
0.037953 0.037953 0.166168 0.049502 0.117050 0.038926 0.041642 0.064308 0.038644 0.052240 0.317661 0.037953
0.007772 0.007772 0.008323 0.007772 0.007776 0.010774 0.010178 0.009867 0.008113 0.008838 0.905043 0.007772
0.072847 0.072847 0.089097 0.079076 0.084940 0.074128 0.079226 0.118943 0.079639 0.086581 0.089828 0.072847
0.003894 0.003894 0.004414 0.003905 0.003941 0.003919 0.003928 0.003915 0.003938 0.005020 0.955338 0.003894
0.033121 0.033121 0.035181 0.628949 0.034623 0.033257 0.033366 0.033760 0.033508 0.033599 0.034392 0.033121
0.036824 0.036824 0.042042 0.036824 0.036863 0.048297 0.049778 0.040327 0.051497 0.107231 0.476668 0.036824
0.081928 0.081928 0.081928 0.097001 0.081928 0.081928 0.081928 0.083717 0.081928 0.081928 0.081928 0.081928
0.074742 0.074742 0.105759 0.082729 0.113606 0.075874 0.075774 0.083790 0.075646 0.081823 0.080773 0.074742
0.074661 0.074661 0.079324 0.076906 0.080376 0.118922 0.083479 0.103197 0.083043 0.074661 0.076111 0.074661
0.081683 0.081683 0.082515 0.083652 0.081683 0.084197 0.084267 0.082774 0.084373 0.085789 0.085700 0.081683
0.027515 0.027515 0.041468 0.027524 0.029843 0.047102 0.033943 0.039224 0.034762 0.058127 0.605462 0.027515
0.081352 0.081352 0.082571 0.081352 0.081352 0.085309 0.085357 0.083653 0.085392 0.085860 0.085098 0.081352
0.010828 0.010828 0.018743 0.011366 0.012731 0.010928 0.011190 0.011340 0.011280 0.019607 0.860331 0.010828
0.019056 0.019056 0.019619 0.784667 0.019179 0.019172 0.019198 0.019151 0.019225 0.019943 0.022675 0.019056
0.074870 0.074870 0.074870 0.176426 0.074870 0.074870 0.074870 0.074870 0.074870 0.074870 0.074870 0.074870
0.002792 0.002792 0.002798 0.002792 0.002792 0.002792 0.002792 0.002792 0.002792 0.002803 0.969272 0.002792
0.013867 0.013867 0.024751 0.015705 0.018655 0.014223 0.014417 0.014965 0.014453 0.025274 0.815955 0.013867
0.063102 0.063102 0.064716 0.063156 0.063290 0.241492 0.079115 0.076315 0.079123 0.065151 0.078335 0.063102
0.081521 0.081521 0.082153 0.083485 0.081521 0.085323 0.085069 0.084264 0.084671 0.083740 0.085214 0.081521
0.010577 0.010577 0.011800 0.010590 0.010628 0.010615 0.010636 0.010605 0.010660 0.013641 0.879094 0.010577
0.039631 0.039631 0.157452 0.054883 0.129249 0.040561 0.043454 0.068432 0.040266 0.052899 0.293911 0.039631
0.007839 0.007839 0.008373 0.007839 0.007844 0.009904 0.010199 0.009914 0.008145 0.008913 0.905353 0.007839
0.073103 0.073103 0.088152 0.078701 0.084136 0.074540 0.078836 0.120913 0.079267 0.085361 0.090786 0.073103
0.003939 0.003939 0.004410 0.003948 0.003980 0.003959 0.003966 0.003956 0.003975 0.005008 0.954981 0.003939
0.033907 0.033907 0.037004 0.615996 0.037088 0.034155 0.034194 0.035034 0.034406 0.034439 0.035966 0.033907
0.040197 0.040197 0.045965 0.040197 0.040228 0.052574 0.054105 0.044042 0.055929 0.111556 0.434813 0.040197
0.081344 0.081344 0.081344 0.103440 0.081344 0.081344 0.081344 0.083120 0.081344 0.081344 0.081344 0.081344
0.077058 0.077058 0.105643 0.084392 0.097366 0.078784 0.078246 0.080422 0.078102 0.082918 0.082952 0.077058
0.076891 0.076891 0.084214 0.079751 0.088577 0.104196 0.079309 0.098298 0.078802 0.076891 0.079291 0.076891
0.081017 0.081017 0.082420 0.081017 0.081017 0.084724 0.084970 0.082834 0.085126 0.087461 0.087380 0.081017
0.025316 0.025316 0.038702 0.025325 0.027511 0.037366 0.028851 0.033699 0.029502 0.054438 0.648658 0.025316
0.081516 0.081516 0.082737 0.081516 0.081516 0.085315 0.085363 0.083206 0.085420 0.085887 0.084492 0.081516
0.009995 0.009995 0.016987 0.010243 0.011126 0.010113 0.010339 0.010245 0.010424 0.018028 0.872511 0.009995
0.019071 0.019071 0.019585 0.784998 0.019184 0.019177 0.019201 0.019158 0.019226 0.019881 0.022376 0.019071
0.075490 0.075490 0.075490 0.169613 0.075490 0.075490 0.075490 0.075490 0.075490 0.075490 0.075490 0.075490
0.002841 0.002841 0.002842 0.002841 0.002841 0.002841 0.002841 0.002841 0.002841 0.002845 0.968739 0.002841
0.015604 0.015604 0.029094 0.017520 0.021354 0.016078 0.016292 0.016909 0.016342 0.030102 0.789499 0.015604
0.062497 0.062497 0.063816 0.062542 0.062660 0.241883 0.082186 0.076468 0.082176 0.064250 0.076529 0.062497
0.082011 0.082011 0.082647 0.082011 0.082011 0.084722 0.084524 0.083804 0.084277 0.084244 0.085727 0.082011
0.010211 0.010211 0.011414 0.010223 0.010262 0.010248 0.010269 0.010238 0.010293 0.013237 0.883184 0.010211
0.039446 0.039446 0.159252 0.053366 0.134224 0.040318 0.042930 0.065638 0.040045 0.051726 0.294161 0.039446
0.007822 0.007822 0.008251 0.007822 0.007826 0.010376 0.010126 0.009932 0.008016 0.008897 0.905290 0.007822
0.073050 0.073050 0.087628 0.079199 0.083307 0.074786 0.079311 0.124123 0.079719 0.084590 0.088187 0.073050
0.004166 0.004166 0.004678 0.004177 0.004209 0.004188 0.004196 0.004185 0.004206 0.005323 0.952342 0.004166
0.033944 0.033944 0.034603 0.623559 0.034854 0.034014 0.034070 0.034378 0.034086 0.034102 0.034502 0.033944
0.036222 0.036222 0.041436 0.036222 0.036263 0.047339 0.048624 0.039403 0.050429 0.103279 0.488337 0.036222
0.082299 0.082299 0.082299 0.092910 0.082299 0.082299 0.082299 0.084096 0.082299 0.082299 0.082299 0.082299
0.074025 0.074025 0.109495 0.082653 0.115245 0.075967 0.075166 0.083123 0.075028 0.080902 0.080346 0.074025
0.075167 0.075167 0.077986 0.076925 0.079531 0.117707 0.084727 0.101532 0.084294 0.075167 0.076628 0.075167
0.082175 0.082175 0.083012 0.082175 0.082175 0.084144 0.084202 0.082792 0.084340 0.085556 0.085076 0.082175
0.029733 0.029733 0.043982 0.029741 0.032171 0.051542 0.037148 0.042298 0.038034 0.061080 0.574805 0.029733
0.081681 0.081681 0.083225 0.081681 0.081681 0.085168 0.085177 0.082759 0.085255 0.085662 0.084348 0.081681
0.011796 0.011796 0.021124 0.012127 0.014157 0.011935 0.012225 0.012437 0.012332 0.021450 0.846825 0.011796
0.019086 0.019086 0.019550 0.785331 0.019188 0.019182 0.019205 0.019166 0.019227 0.019824 0.022068 0.019086
0.073237 0.073237 0.073237 0.194394 0.073237 0.073237 0.073237 0.073237 0.073237 0.073237 0.073237 0.073237
0.002911 0.002911 0.002912 0.002911 0.002911 0.002911 0.002911 0.002911 0.002911 0.002919 0.967969 0.002911
0.013026 0.013026 0.022739 0.014507 0.016547 0.013332 0.013506 0.014179 0.013539 0.023009 0.829563 0.013026
0.064406 0.064406 0.065558 0.064453 0.064561 0.232279 0.078816 0.078808 0.078814 0.066184 0.077311 0.064406
0.082172 0.082172 0.082809 0.082172 0.082172 0.085225 0.083655 0.083047 0.083555 0.083804 0.087047 0.082172
0.013019 0.013019 0.014433 0.013035 0.013078 0.013063 0.013088 0.013051 0.013116 0.016550 0.851530 0.013019
0.039064 0.039064 0.149182 0.053395 0.104697 0.040088 0.042991 0.067500 0.039857 0.055414 0.329684 0.039064
0.009950 0.009950 0.010877 0.009950 0.009956 0.013014 0.014108 0.013281 0.010677 0.011230 0.877057 0.009950
0.072034 0.072034 0.091896 0.078475 0.087467 0.074176 0.078624 0.112452 0.079119 0.088805 0.092884 0.072034
0.004463 0.004463 0.005099 0.004476 0.004527 0.004497 0.004507 0.004490 0.004521 0.005813 0.948681 0.004463
0.033103 0.033103 0.034508 0.629190 0.035012 0.033203 0.033437 0.034139 0.033476 0.033612 0.034116 0.033103
0.037008 0.037008 0.042116 0.037008 0.037046 0.049241 0.050348 0.040449 0.052273 0.106056 0.474442 0.037008
0.082657 0.082657 0.082657 0.088973 0.082657 0.082657 0.082657 0.084461 0.082657 0.082657 0.082657 0.082657
0.076066 0.076066 0.102518 0.082237 0.112015 0.077618 0.076406 0.084255 0.076360 0.080534 0.079859 0.076066
0.077380 0.077380 0.078809 0.078901 0.082890 0.105628 0.085824 0.095081 0.085366 0.077380 0.077981 0.077380
0.082340 0.082340 0.083472 0.082340 0.082340 0.083828 0.083786 0.082816 0.083915 0.084551 0.085932 0.082340
0.025928 0.025928 0.039632 0.025934 0.028259 0.038234 0.031917 0.033059 0.032720 0.057131 0.635330 0.025928
0.082838 0.082838 0.083456 0.082838 0.082838 0.083719 0.083713 0.083379 0.083726 0.083802 0.084017 0.082838
0.009642 0.009642 0.016439 0.009833 0.011188 0.009745 0.009904 0.010062 0.009974 0.017204 0.876724 0.009642
0.016462 0.016462 0.016582 0.817738 0.016489 0.016487 0.016493 0.016483 0.016499 0.016655 0.017188 0.016462
0.076383 0.076383 0.076383 0.159789 0.076383 0.076383 0.076383 0.076383 0.076383 0.076383 0.076383 0.076383
0.002622 0.002622 0.002630 0.002622 0.002625 0.002624 0.002624 0.002624 0.002624 0.002642 0.971119 0.002622
0.012242 0.012242 0.023927 0.012744 0.014771 0.012571 0.012747 0.013057 0.012787 0.022975 0.837694 0.012242
0.062023 0.062023 0.062434 0.062038 0.062084 0.262128 0.077027 0.083323 0.077003 0.062725 0.065167 0.062023
0.082837 0.082837 0.083157 0.082837 0.082837 0.084470 0.083590 0.083313 0.083539 0.083056 0.084692 0.082837
0.010258 0.010258 0.011508 0.010272 0.010309 0.010295 0.010317 0.010285 0.010342 0.013316 0.882582 0.010258
0.038104 0.038104 0.176385 0.049147 0.104133 0.039150 0.041980 0.064568 0.038852 0.053790 0.317684 0.038104
0.007686 0.007686 0.008390 0.007686 0.007690 0.009961 0.010263 0.009684 0.008210 0.008748 0.906309 0.007686
0.071300 0.071300 0.087335 0.076392 0.084450 0.072867 0.076496 0.137144 0.076866 0.086264 0.088284 0.071300
0.003925 0.003925 0.004424 0.003934 0.003977 0.003952 0.003961 0.003948 0.003972 0.005001 0.955055 0.003925
0.028775 0.028775 0.028775 0.682785 0.028775 0.028988 0.029010 0.028775 0.029016 0.028775 0.028775 0.028775
0.036189 0.036189 0.041488 0.036189 0.036223 0.048086 0.049719 0.040039 0.051357 0.109572 0.478763 0.036189
0.082663 0.082663 0.082663 0.087830 0.082663 0.083310 0.083338 0.083561 0.083318 0.082663 0.082663 0.082663
0.075338 0.075338 0.104443 0.083256 0.108688 0.076711 0.076842 0.083375 0.076654 0.083146 0.080870 0.075338
0.076132 0.076132 0.077727 0.077113 0.079307 0.117160 0.082960 0.100430 0.082813 0.076132 0.077961 0.076132
0.082672 0.082672 0.083238 0.082672 0.082672 0.083761 0.083746 0.083030 0.083825 0.084304 0.084737 0.082672
0.026299 0.026299 0.040060 0.026303 0.028629 0.043843 0.031590 0.036759 0.032363 0.057437 0.624119 0.026299
0.082672 0.082672 0.083289 0.082672 0.082672 0.084029 0.084025 0.083213 0.084052 0.084181 0.083850 0.082672
0.009721 0.009721 0.016823 0.009976 0.011261 0.009817 0.010059 0.010137 0.010136 0.017773 0.874856 0.009721
0.016451 0.016451 0.016610 0.817463 0.016486 0.016484 0.016492 0.016478 0.016499 0.016705 0.017431 0.016451
0.075490 0.075490 0.075490 0.169613 0.075490 0.075490 0.075490 0.075490 0.075490 0.075490 0.075490 0.075490
0.002532 0.002532 0.002533 0.002532 0.002532 0.002532 0.002532 0.002532 0.002532 0.002537 0.972140 0.002532
0.012270 0.012270 0.023277 0.012936 0.015122 0.012619 0.012795 0.013116 0.012833 0.023411 0.837080 0.012270
0.062624 0.062624 0.063112 0.062642 0.062691 0.254106 0.080308 0.078390 0.080279 0.063412 0.067189 0.062624
0.082837 0.082837 0.083157 0.082837 0.082837 0.084470 0.083590 0.083313 0.083539 0.083056 0.084692 0.082837
0.010102 0.010102 0.011333 0.010115 0.010154 0.010140 0.010162 0.010130 0.010187 0.013193 0.884279 0.010102
0.038280 0.038280 0.169237 0.049856 0.119674 0.039208 0.042018 0.065637 0.038922 0.051719 0.308891 0.038280
0.007511 0.007511 0.008014 0.007511 0.007515 0.009691 0.009799 0.009500 0.007805 0.008554 0.909079 0.007511
0.072136 0.072136 0.087636 0.078092 0.083483 0.074129 0.078239 0.129854 0.078636 0.084778 0.088747 0.072136
0.003677 0.003677 0.004112 0.003687 0.003715 0.003697 0.003704 0.003694 0.003712 0.004670 0.957979 0.003677
0.028131 0.028131 0.028668 0.688043 0.028892 0.028157 0.028235 0.028490 0.028266 0.028333 0.028523 0.028131
0.035950 0.035950 0.041281 0.035950 0.035984 0.048849 0.050359 0.039746 0.052342 0.115319 0.472319 0.035950
0.083333 0.083333 0.083333 0.083333 0.083333 0.083333 0.083333 0.083333 0.083333 0.083333 0.083333 0.083333
0.076441 0.076441 0.102874 0.082685 0.108797 0.077655 0.076807 0.083259 0.076771 0.081697 0.080131 0.076441
0.077927 0.077927 0.077927 0.077927 0.077927 0.107776 0.085850 0.096985 0.085970 0.077927 0.077927 0.077927
0.083333 0.083333 0.083333 0.083333 0.083333 0.083333 0.083333 0.083333 0.083333 0.083333 0.083333 0.083333
0.024936 0.024936 0.038446 0.024936 0.027230 0.038319 0.030834 0.033767 0.031638 0.055826 0.644197 0.024936
0.083333 0.083333 0.083333 0.083333 0.083333 0.083333 0.083333 0.083333 0.083333 0.083333 0.083333 0.083333
0.008863 0.008863 0.015069 0.009038 0.010232 0.008944 0.009107 0.009198 0.009173 0.016041 0.886608 0.008863
0.016446 0.016446 0.016606 0.817520 0.016481 0.016479 0.016486 0.016473 0.016494 0.016695 0.017428 0.016446
0.077234 0.077234 0.077234 0.150430 0.077234 0.077234 0.077234 0.077234 0.077234 0.077234 0.077234 0.077234
0.002531 0.002531 0.002532 0.002531 0.002531 0.002531 0.002531 0.002531 0.002531 0.002535 0.972152 0.002531
0.012985 0.012985 0.025780 0.013827 0.015904 0.013362 0.013558 0.013902 0.013600 0.025172 0.825940 0.012985
0.061352 0.061352 0.061856 0.061374 0.061399 0.267398 0.078661 0.078618 0.078630 0.061916 0.066091 0.061352
0.082837 0.082837 0.082837 0.082837 0.082837 0.084259 0.083862 0.083756 0.083717 0.083435 0.083948 0.082837
0.008786 0.008786 0.009901 0.008798 0.008832 0.008820 0.008839 0.008811 0.008861 0.011534 0.899246 0.008786
0.039496 0.039496 0.179767 0.053782 0.120511 0.040528 0.043484 0.068820 0.040174 0.053851 0.280594 0.039496
0.006626 0.006626 0.007160 0.006626 0.006630 0.008317 0.008296 0.007971 0.006982 0.007564 0.920574 0.006626
0.073373 0.073373 0.086980 0.077692 0.084369 0.074088 0.077793 0.128147 0.078133 0.085469 0.087208 0.073373
0.003794 0.003794 0.004214 0.003801 0.003834 0.003815 0.003822 0.003811 0.003830 0.004774 0.956719 0.003794
