0.074914 0.074914 0.090682 0.077894 0.079067 0.088419 0.076518 0.077986 0.083937 0.076263 0.100985 0.098422
0.042512 0.042512 0.052077 0.051001 0.063812 0.044086 0.049109 0.050000 0.044134 0.044912 0.422471 0.093374
0.083333 0.083333 0.083333 0.083333 0.083333 0.083333 0.083333 0.083333 0.083333 0.083333 0.083333 0.083333
0.069380 0.069380 0.094525 0.071923 0.077918 0.079811 0.071762 0.072080 0.075615 0.072449 0.099456 0.145701
0.079776 0.079776 0.079776 0.079776 0.079776 0.122462 0.079776 0.079776 0.079776 0.079776 0.079776 0.079776
0.067595 0.067595 0.077314 0.072649 0.078248 0.067653 0.073997 0.071966 0.067907 0.076260 0.207256 0.071561
0.015227 0.015227 0.019004 0.015349 0.015755 0.015364 0.015420 0.016805 0.015438 0.019969 0.819894 0.016549
0.072165 0.072165 0.088725 0.082814 0.087858 0.075910 0.083786 0.082733 0.077595 0.089929 0.104263 0.082058
0.021560 0.021560 0.026230 0.021966 0.022564 0.023310 0.022138 0.021791 0.022381 0.040459 0.734465 0.021575
0.064532 0.064532 0.073417 0.064642 0.065367 0.064647 0.064709 0.064648 0.064677 0.068626 0.275592 0.064613
0.083333 0.083333 0.083333 0.083333 0.083333 0.083333 0.083333 0.083333 0.083333 0.083333 0.083333 0.083333
0.007481 0.007481 0.007482 0.007481 0.007481 0.007481 0.007481 0.007481 0.007481 0.007481 0.917706 0.007481
0.050040 0.050040 0.052249 0.050071 0.050255 0.051889 0.051757 0.050060 0.120913 0.069691 0.352996 0.050040
0.048078 0.048078 0.066359 0.065671 0.053197 0.049673 0.050062 0.061431 0.049216 0.055095 0.374107 0.079031
0.029936 0.029936 0.030732 0.032870 0.038250 0.029936 0.034568 0.034693 0.029961 0.033179 0.629828 0.046110
0.012591 0.012591 0.012720 0.012591 0.012592 0.012591 0.012591 0.012591 0.012591 0.012621 0.861337 0.012591
0.064782 0.064782 0.089604 0.064785 0.065209 0.131627 0.065293 0.064785 0.075138 0.082140 0.167074 0.064782
0.009479 0.009479 0.009935 0.009479 0.009646 0.009479 0.009615 0.009668 0.009480 0.010018 0.894110 0.009612
0.051752 0.051752 0.096185 0.054507 0.061941 0.059796 0.054608 0.053772 0.053354 0.064226 0.165647 0.232460
0.021094 0.021094 0.021901 0.021108 0.021164 0.021113 0.021124 0.021110 0.021150 0.036404 0.751632 0.021106
0.073839 0.073839 0.092456 0.078053 0.079347 0.082133 0.075420 0.078090 0.081251 0.075177 0.107146 0.103250
0.038512 0.038512 0.046374 0.045693 0.056385 0.039817 0.044133 0.044830 0.039981 0.040612 0.492487 0.072662
0.083333 0.083333 0.083333 0.083333 0.083333 0.083333 0.083333 0.083333 0.083333 0.083333 0.083333 0.083333
0.072360 0.072360 0.094893 0.074510 0.079590 0.087912 0.074485 0.074692 0.081650 0.074988 0.098953 0.113606
0.080455 0.080455 0.080455 0.080455 0.080455 0.114990 0.080455 0.080455 0.080455 0.080455 0.080455 0.080455
0.073317 0.073317 0.079764 0.077226 0.081353 0.073364 0.078247 0.076670 0.073481 0.079398 0.157482 0.076382
0.013343 0.013343 0.016640 0.013949 0.013788 0.013447 0.013489 0.015490 0.013503 0.016598 0.840747 0.015664
0.074652 0.074652 0.087040 0.083245 0.087183 0.077775 0.084018 0.083134 0.078591 0.088602 0.098484 0.082623
0.020201 0.020201 0.025269 0.020730 0.021427 0.023857 0.020922 0.020449 0.021248 0.041723 0.743760 0.020212
0.071852 0.071852 0.078664 0.071939 0.072505 0.071943 0.071991 0.071944 0.071966 0.075030 0.198398 0.071916
0.083333 0.083333 0.083333 0.083333 0.083333 0.083333 0.083333 0.083333 0.083333 0.083333 0.083333 0.083333
0.005367 0.005367 0.005367 0.005367 0.005367 0.005367 0.005367 0.005367 0.005367 0.005367 0.940962 0.005367
0.041209 0.041209 0.042982 0.041233 0.041375 0.042452 0.042359 0.041224 0.123361 0.054070 0.447318 0.041209
0.052148 0.052148 0.074674 0.073376 0.058724 0.054190 0.054714 0.067040 0.053486 0.060615 0.310702 0.088183
0.031512 0.031512 0.032328 0.035023 0.040712 0.031512 0.037050 0.036762 0.031531 0.034012 0.586527 0.071520
0.010686 0.010686 0.010817 0.010686 0.010687 0.010686 0.010686 0.010686 0.010686 0.010716 0.882288 0.010686
0.059892 0.059892 0.088867 0.059899 0.060541 0.115334 0.060663 0.059897 0.069208 0.082793 0.223120 0.059892
0.006425 0.006425 0.006842 0.006596 0.006628 0.006425 0.006755 0.006661 0.006425 0.006825 0.927261 0.006731
0.049616 0.049616 0.099921 0.053027 0.062044 0.061015 0.053420 0.052106 0.051682 0.066831 0.171176 0.229547
0.016808 0.016808 0.017563 0.016823 0.016881 0.016828 0.016840 0.016825 0.016868 0.028530 0.802404 0.016821
0.076313 0.076313 0.089803 0.079667 0.080665 0.080837 0.077536 0.079690 0.081013 0.077345 0.100199 0.100619
0.035244 0.035244 0.041192 0.041366 0.053864 0.036109 0.041003 0.040366 0.036248 0.037701 0.542114 0.059549
0.083333 0.083333 0.083333 0.083333 0.083333 0.083333 0.083333 0.083333 0.083333 0.083333 0.083333 0.083333
0.074054 0.074054 0.092526 0.075987 0.080562 0.083435 0.075926 0.076119 0.079649 0.076435 0.095300 0.115952
0.080888 0.080888 0.080888 0.080888 0.080888 0.110232 0.080888 0.080888 0.080888 0.080888 0.080888 0.080888
0.075378 0.075378 0.080506 0.079056 0.082823 0.075418 0.080008 0.078519 0.075490 0.080681 0.138483 0.078260
0.010437 0.010437 0.012973 0.010630 0.010750 0.010504 0.010533 0.011643 0.010539 0.012542 0.877434 0.011578
0.076224 0.076224 0.086184 0.083411 0.086626 0.078838 0.084049 0.083301 0.079346 0.087728 0.095177 0.082891
0.019835 0.019835 0.024409 0.020298 0.020922 0.022317 0.020488 0.020091 0.020789 0.042202 0.748970 0.019844
0.073366 0.073366 0.079562 0.073444 0.073957 0.073447 0.073491 0.073448 0.073469 0.076238 0.182788 0.073424
0.083333 0.083333 0.083333 0.083333 0.083333 0.083333 0.083333 0.083333 0.083333 0.083333 0.083333 0.083333
0.006001 0.006001 0.006001 0.006001 0.006001 0.006001 0.006001 0.006001 0.006001 0.006001 0.933991 0.006001
0.039406 0.039406 0.041564 0.039436 0.039615 0.040968 0.040850 0.039426 0.132928 0.056203 0.450792 0.039406
0.053213 0.053213 0.076750 0.077830 0.060309 0.055428 0.055991 0.072047 0.054699 0.061649 0.281024 0.097848
0.033134 0.033134 0.034125 0.037442 0.044063 0.033134 0.039946 0.039477 0.033152 0.035445 0.567127 0.069821
0.011618 0.011618 0.011761 0.011618 0.011619 0.011618 0.011618 0.011618 0.011618 0.011651 0.872022 0.011618
0.060676 0.060676 0.090970 0.060680 0.061360 0.121360 0.061514 0.060679 0.071868 0.086822 0.202720 0.060676
0.006992 0.006992 0.007373 0.007053 0.007154 0.006992 0.007183 0.007178 0.006992 0.007350 0.921569 0.007173
0.050633 0.050633 0.095486 0.053561 0.061227 0.061540 0.053765 0.052763 0.052341 0.066682 0.156707 0.244663
0.018552 0.018552 0.019306 0.018567 0.018623 0.018572 0.018583 0.018568 0.018610 0.031083 0.782418 0.018564
0.075506 0.075506 0.095039 0.078461 0.079753 0.086705 0.077327 0.078585 0.082851 0.077047 0.107274 0.085947
0.042845 0.042845 0.052357 0.050302 0.062993 0.044163 0.048919 0.049353 0.043860 0.045236 0.424758 0.092368
0.083333 0.083333 0.083333 0.083333 0.083333 0.083333 0.083333 0.083333 0.083333 0.083333 0.083333 0.083333
0.071821 0.071821 0.095304 0.073868 0.079056 0.076579 0.073923 0.074017 0.074341 0.074595 0.095094 0.139580
0.079542 0.079542 0.079542 0.079542 0.079542 0.125043 0.079542 0.079542 0.079542 0.079542 0.079542 0.079542
0.071722 0.071722 0.079281 0.076972 0.082527 0.071769 0.078356 0.076227 0.071947 0.079707 0.163937 0.075834
0.013031 0.013031 0.016086 0.013122 0.013443 0.013132 0.013174 0.013646 0.013190 0.015871 0.848731 0.013544
0.074048 0.074048 0.086653 0.083787 0.087945 0.076947 0.084634 0.083652 0.078162 0.089341 0.097675 0.083108
0.021499 0.021499 0.025527 0.021834 0.022334 0.023095 0.021998 0.021737 0.022224 0.040182 0.736559 0.021513
0.067812 0.067812 0.075807 0.067910 0.068554 0.067914 0.067969 0.067915 0.067941 0.071440 0.241042 0.067884
0.083333 0.083333 0.083333 0.083333 0.083333 0.083333 0.083333 0.083333 0.083333 0.083333 0.083333 0.083333
0.007986 0.007986 0.007987 0.007986 0.007986 0.007986 0.007986 0.007986 0.007986 0.007987 0.912149 0.007986
0.052615 0.052615 0.055017 0.052650 0.052855 0.054684 0.054535 0.052638 0.124156 0.074800 0.320820 0.052615
0.047471 0.047471 0.065015 0.064076 0.052496 0.049048 0.049429 0.060663 0.048633 0.053880 0.384691 0.077126
0.029241 0.029241 0.030038 0.031980 0.037372 0.029241 0.033572 0.033414 0.029269 0.032928 0.643328 0.040375
0.011843 0.011843 0.011969 0.011843 0.011843 0.011843 0.011843 0.011843 0.011843 0.011873 0.869574 0.011843
0.064446 0.064446 0.089794 0.064449 0.064673 0.142032 0.064701 0.064448 0.074995 0.074808 0.166762 0.064446
0.008967 0.008967 0.009313 0.008967 0.009098 0.008967 0.009074 0.009116 0.008967 0.009303 0.900188 0.009072
0.050735 0.050735 0.094435 0.053312 0.060757 0.055160 0.053346 0.052846 0.052132 0.058846 0.160527 0.257170
0.018790 0.018790 0.019534 0.018803 0.018858 0.018808 0.018819 0.018805 0.018844 0.033711 0.777435 0.018801
0.075676 0.075676 0.091272 0.078519 0.079573 0.083993 0.077092 0.078592 0.081799 0.076875 0.101698 0.099235
0.038679 0.038679 0.045779 0.045221 0.058253 0.039628 0.044608 0.044201 0.039595 0.041158 0.494131 0.070070
0.083333 0.083333 0.083333 0.083333 0.083333 0.083333 0.083333 0.083333 0.083333 0.083333 0.083333 0.083333
0.072935 0.072935 0.091005 0.074618 0.078647 0.085656 0.074518 0.074702 0.082495 0.075105 0.092057 0.125326
0.080078 0.080078 0.080086 0.080078 0.080078 0.117209 0.080078 0.080078 0.080078 0.080079 0.081999 0.080078
0.074078 0.074078 0.080213 0.078599 0.083290 0.074117 0.079780 0.077954 0.074256 0.080740 0.145274 0.077622
0.014602 0.014602 0.017831 0.014696 0.015033 0.014705 0.014748 0.016509 0.014763 0.017587 0.828725 0.016198
0.074041 0.074041 0.086969 0.083560 0.087725 0.077034 0.084395 0.083440 0.078261 0.089194 0.098446 0.082893
0.022970 0.022970 0.027943 0.023447 0.024112 0.025118 0.023638 0.023222 0.023929 0.043969 0.715699 0.022984
0.067117 0.067117 0.075347 0.067218 0.067886 0.067223 0.067280 0.067224 0.067250 0.070892 0.248256 0.067192
0.083167 0.083167 0.083231 0.083167 0.083171 0.083167 0.083167 0.083167 0.083167 0.083203 0.085061 0.083167
0.009090 0.009090 0.009091 0.009090 0.009090 0.009090 0.009090 0.009090 0.009090 0.009090 0.900006 0.009090
0.053193 0.053193 0.055061 0.053218 0.053368 0.054898 0.054781 0.053210 0.122518 0.070945 0.322424 0.053193
0.048114 0.048114 0.065560 0.064041 0.053004 0.049637 0.050020 0.058430 0.049201 0.055027 0.385203 0.073648
0.032702 0.032702 0.033434 0.035759 0.041537 0.032702 0.037528 0.036920 0.032730 0.036376 0.594902 0.052708
0.014497 0.014497 0.014632 0.014497 0.014497 0.014497 0.014497 0.014497 0.014497 0.014528 0.840370 0.014497
0.065907 0.065907 0.088653 0.065911 0.066298 0.135919 0.066363 0.065910 0.073130 0.079321 0.160777 0.065907
0.011302 0.011302 0.011825 0.011302 0.011529 0.011302 0.011491 0.011565 0.011302 0.011942 0.873651 0.011487
0.051805 0.051805 0.095160 0.054523 0.061847 0.059187 0.054665 0.053795 0.054658 0.063416 0.160963 0.238177
0.021916 0.021916 0.022724 0.021930 0.021985 0.021934 0.021945 0.021931 0.021970 0.036184 0.743636 0.021928
0.074248 0.074248 0.092075 0.077367 0.078663 0.089138 0.076040 0.077479 0.083944 0.075771 0.105591 0.095434
0.040662 0.040662 0.048898 0.048916 0.060932 0.042250 0.047240 0.047885 0.042976 0.043283 0.446842 0.089454
0.083166 0.083166 0.083167 0.083166 0.083166 0.083166 0.083166 0.083166 0.083166 0.083166 0.085169 0.083166
0.070121 0.070121 0.092556 0.072649 0.078367 0.082939 0.072426 0.072811 0.077956 0.072984 0.100026 0.137045
0.080233 0.080233 0.080233 0.080233 0.080233 0.117435 0.080233 0.080233 0.080233 0.080233 0.080233 0.080233
0.069702 0.069702 0.078543 0.074091 0.078947 0.069756 0.075255 0.073508 0.069996 0.077385 0.189963 0.073151
0.012965 0.012965 0.016415 0.013067 0.013436 0.013078 0.013126 0.014871 0.013134 0.017161 0.845225 0.014557
0.073250 0.073250 0.087936 0.083078 0.087590 0.076592 0.083953 0.082993 0.078144 0.089286 0.101542 0.082387
0.020184 0.020184 0.024956 0.020664 0.021325 0.022769 0.020848 0.020422 0.021130 0.040519 0.746802 0.020197
0.068895 0.068895 0.076670 0.068992 0.069632 0.068996 0.069051 0.068997 0.069022 0.072505 0.229380 0.068966
0.083333 0.083333 0.083333 0.083333 0.083333 0.083333 0.083333 0.083333 0.083333 0.083333 0.083333 0.083333
0.005489 0.005489 0.005489 0.005489 0.005489 0.005489 0.005489 0.005489 0.005489 0.005489 0.939625 0.005489
0.042123 0.042123 0.043975 0.042148 0.042294 0.043769 0.043656 0.042139 0.120235 0.059773 0.435641 0.042123
0.051038 0.051038 0.071551 0.072543 0.057037 0.052916 0.053374 0.064668 0.052345 0.058485 0.328813 0.086192
0.032133 0.032133 0.032939 0.035869 0.042123 0.032133 0.038037 0.038484 0.032155 0.035038 0.588534 0.060422
0.011608 0.011608 0.011741 0.011608 0.011609 0.011608 0.011608 0.011608 0.011608 0.011639 0.872146 0.011608
0.061918 0.061918 0.091127 0.061924 0.062398 0.120073 0.062471 0.061923 0.072338 0.080943 0.201048 0.061918
0.007606 0.007606 0.008097 0.007606 0.007826 0.007606 0.007789 0.007860 0.007606 0.008103 0.914511 0.007784
0.050188 0.050188 0.093906 0.053340 0.060700 0.057860 0.053367 0.052245 0.052240 0.062074 0.165544 0.248349
0.019356 0.019356 0.020156 0.019370 0.019430 0.019376 0.019388 0.019372 0.019415 0.036063 0.769350 0.019368
0.074722 0.074722 0.094286 0.077861 0.079162 0.088388 0.076525 0.077974 0.083726 0.076247 0.106964 0.089422
0.043613 0.043613 0.053757 0.052639 0.064695 0.045091 0.049979 0.051592 0.045703 0.046009 0.399770 0.103539
0.083333 0.083333 0.083333 0.083333 0.083333 0.083333 0.083333 0.083333 0.083333 0.083333 0.083333 0.083333
0.069982 0.069982 0.094037 0.072578 0.078307 0.076942 0.072208 0.072703 0.074373 0.072874 0.102459 0.143555
0.079542 0.079542 0.079542 0.079542 0.079542 0.125043 0.079542 0.079542 0.079542 0.079542 0.079542 0.079542
0.068976 0.068976 0.077715 0.074083 0.079632 0.069031 0.075437 0.073376 0.069248 0.077230 0.193315 0.072980
0.013477 0.013477 0.016882 0.013581 0.013942 0.013593 0.013641 0.014870 0.013653 0.017589 0.840652 0.014643
0.072025 0.072025 0.088222 0.083148 0.088264 0.075762 0.084141 0.083029 0.077310 0.090097 0.103623 0.082354
0.019927 0.019927 0.024344 0.020292 0.020836 0.021699 0.020448 0.020141 0.020674 0.037593 0.754177 0.019942
0.062973 0.062973 0.072175 0.063086 0.063831 0.063091 0.063155 0.063092 0.063121 0.067200 0.292246 0.063056
0.083333 0.083333 0.083333 0.083333 0.083333 0.083333 0.083333 0.083333 0.083333 0.083333 0.083333 0.083333
0.007815 0.007815 0.007815 0.007815 0.007815 0.007815 0.007815 0.007815 0.007815 0.007815 0.914037 0.007815
0.051560 0.051560 0.053605 0.051589 0.051756 0.053339 0.053215 0.051579 0.118776 0.070272 0.341187 0.051560
0.047111 0.047111 0.064855 0.064259 0.051946 0.048611 0.048976 0.059373 0.048158 0.054145 0.388991 0.076463
0.029947 0.029947 0.030709 0.033155 0.038814 0.029947 0.035015 0.035705 0.029970 0.033002 0.621597 0.052192
0.010902 0.010902 0.011024 0.010902 0.010903 0.010902 0.010902 0.010902 0.010902 0.010930 0.879928 0.010902
0.062728 0.062728 0.090691 0.062733 0.063154 0.126794 0.063225 0.062731 0.073666 0.080291 0.188531 0.062728
0.007384 0.007384 0.007805 0.007385 0.007556 0.007385 0.007526 0.007581 0.007385 0.007836 0.917250 0.007523
0.050190 0.050190 0.094560 0.053134 0.060723 0.057570 0.053175 0.052298 0.051985 0.061855 0.171676 0.242643
0.018968 0.018968 0.019764 0.018982 0.019039 0.018987 0.018999 0.018984 0.019025 0.035242 0.774064 0.018980
0.075818 0.075818 0.092192 0.078403 0.079545 0.083093 0.077442 0.078515 0.080740 0.077189 0.102122 0.099123
0.038409 0.038409 0.045733 0.045372 0.058384 0.039590 0.044623 0.044374 0.039503 0.040860 0.494512 0.070233
0.083333 0.083333 0.083333 0.083333 0.083333 0.083333 0.083333 0.083333 0.083333 0.083333 0.083333 0.083333
0.073632 0.073632 0.090869 0.075429 0.079803 0.089174 0.075457 0.075570 0.082846 0.075917 0.092527 0.115144
0.080674 0.080674 0.080674 0.080674 0.080674 0.112589 0.080674 0.080674 0.080674 0.080674 0.080674 0.080674
0.074788 0.074788 0.080345 0.078742 0.082823 0.074829 0.079770 0.078171 0.074924 0.080584 0.142351 0.077887
0.011128 0.011128 0.013800 0.011197 0.011464 0.011202 0.011234 0.012905 0.011242 0.013416 0.868671 0.012614
0.076071 0.076071 0.086027 0.083564 0.086853 0.078680 0.084230 0.083443 0.079178 0.087954 0.094904 0.083024
0.020539 0.020539 0.025414 0.021073 0.021779 0.023031 0.021279 0.020805 0.021607 0.044020 0.739367 0.020548
0.073945 0.073945 0.079877 0.074019 0.074508 0.074023 0.074065 0.074024 0.074043 0.076679 0.176873 0.074000
0.083333 0.083333 0.083333 0.083333 0.083333 0.083333 0.083333 0.083333 0.083333 0.083333 0.083333 0.083333
0.005489 0.005489 0.005489 0.005489 0.005489 0.005489 0.005489 0.005489 0.005489 0.005489 0.939626 0.005489
0.039919 0.039919 0.041771 0.039944 0.040091 0.041662 0.041544 0.039936 0.134619 0.058970 0.441706 0.039919
0.052141 0.052141 0.076573 0.076541 0.059636 0.054490 0.055085 0.066646 0.053801 0.060601 0.301568 0.090777
0.032068 0.032068 0.032862 0.036091 0.042518 0.032068 0.038430 0.036783 0.032088 0.034597 0.583796 0.066630
0.011151 0.011151 0.011293 0.011151 0.011152 0.011151 0.011151 0.011151 0.011151 0.011184 0.877165 0.011151
0.060047 0.060047 0.091620 0.060055 0.060625 0.109185 0.060705 0.060052 0.067822 0.079249 0.230546 0.060047
0.007440 0.007440 0.008028 0.007505 0.007759 0.007440 0.007771 0.007815 0.007440 0.007967 0.915638 0.007757
0.051061 0.051061 0.102555 0.055245 0.064569 0.062191 0.055568 0.053589 0.053857 0.067808 0.172680 0.209816
0.018150 0.018150 0.018966 0.018165 0.018228 0.018171 0.018183 0.018167 0.018213 0.030857 0.786587 0.018163
0.074902 0.074902 0.086411 0.078792 0.079946 0.078342 0.076304 0.078815 0.079271 0.076063 0.095956 0.120296
0.031989 0.031989 0.036431 0.036724 0.048572 0.032576 0.037104 0.035815 0.032442 0.034243 0.596229 0.045887
0.083333 0.083333 0.083333 0.083333 0.083333 0.083333 0.083333 0.083333 0.083333 0.083333 0.083333 0.083333
0.074758 0.074758 0.091095 0.076188 0.079837 0.095682 0.076272 0.076302 0.087071 0.076747 0.090349 0.100941
0.081507 0.081507 0.081507 0.081507 0.081507 0.103419 0.081507 0.081507 0.081507 0.081507 0.081507 0.081507
0.076949 0.076949 0.081323 0.079817 0.082745 0.076984 0.080555 0.079399 0.077033 0.081176 0.127872 0.079198
0.013915 0.013915 0.017050 0.014173 0.014322 0.014004 0.014043 0.016988 0.014054 0.016254 0.834616 0.016664
0.077649 0.077649 0.085797 0.083312 0.085880 0.079822 0.083818 0.083227 0.080164 0.086861 0.092917 0.082902
0.022964 0.022964 0.028885 0.023708 0.024641 0.026946 0.023963 0.023274 0.024402 0.051184 0.704097 0.022972
0.075354 0.075354 0.080671 0.075423 0.075870 0.075426 0.075465 0.075427 0.075445 0.077836 0.162323 0.075405
0.083333 0.083333 0.083333 0.083333 0.083333 0.083333 0.083333 0.083333 0.083333 0.083333 0.083333 0.083333
0.006273 0.006273 0.006273 0.006273 0.006273 0.006273 0.006273 0.006273 0.006273 0.006273 0.930994 0.006273
0.042196 0.042196 0.043793 0.042216 0.042335 0.043736 0.043635 0.042210 0.126289 0.058538 0.430660 0.042196
0.052312 0.052312 0.073715 0.074411 0.058634 0.054287 0.054782 0.063946 0.053678 0.060076 0.316454 0.085393
0.034629 0.034629 0.035364 0.038490 0.044861 0.034629 0.040722 0.040399 0.034651 0.037510 0.557587 0.066530
0.013942 0.013942 0.014089 0.013942 0.013943 0.013942 0.013942 0.013942 0.013942 0.013976 0.846453 0.013942
0.063350 0.063350 0.090905 0.063357 0.063852 0.114059 0.063917 0.063355 0.071448 0.081553 0.197504 0.063350
0.009513 0.009513 0.010139 0.009513 0.009814 0.009513 0.009764 0.009863 0.009513 0.010112 0.892985 0.009759
0.052300 0.052300 0.100097 0.055862 0.064048 0.061404 0.056021 0.054485 0.054654 0.066230 0.168645 0.213955
0.021781 0.021781 0.022647 0.021797 0.021862 0.021803 0.021816 0.021799 0.021846 0.037301 0.743772 0.021795
0.074990 0.074990 0.094725 0.077856 0.078796 0.086834 0.076192 0.077900 0.083524 0.076039 0.108701 0.089452
0.046025 0.046025 0.056929 0.054437 0.067462 0.047441 0.052322 0.053424 0.047337 0.048434 0.375309 0.104855
0.083333 0.083333 0.083333 0.083333 0.083333 0.083333 0.083333 0.083333 0.083333 0.083333 0.083333 0.083333
0.071185 0.071185 0.093972 0.073245 0.078281 0.079210 0.073157 0.073356 0.075856 0.073873 0.094955 0.141725
0.079542 0.079542 0.079542 0.079542 0.079542 0.125043 0.079542 0.079542 0.079542 0.079542 0.079542 0.079542
0.071221 0.071221 0.079134 0.076459 0.082041 0.071269 0.077843 0.075724 0.071468 0.079349 0.168945 0.075326
0.015606 0.015606 0.019093 0.015739 0.016107 0.015900 0.015803 0.017202 0.016333 0.019757 0.815910 0.016943
0.072636 0.072636 0.085643 0.082444 0.086667 0.075567 0.083293 0.082317 0.076912 0.088116 0.112006 0.081762
0.022597 0.022597 0.027209 0.023304 0.023635 0.025068 0.023203 0.023111 0.023474 0.041506 0.721147 0.023149
0.066519 0.066519 0.073974 0.066610 0.067212 0.066614 0.066665 0.066615 0.066639 0.069914 0.256132 0.066586
0.082281 0.082281 0.082290 0.082281 0.082281 0.082281 0.082281 0.082281 0.082281 0.082281 0.094904 0.082281
0.009487 0.009487 0.009488 0.009487 0.009487 0.009487 0.009487 0.009487 0.009487 0.009487 0.895639 0.009487
0.049851 0.049851 0.051953 0.049880 0.050052 0.051465 0.051347 0.049870 0.126322 0.066693 0.352867 0.049851
0.051998 0.051998 0.070555 0.071013 0.057515 0.053729 0.054163 0.065629 0.053193 0.059264 0.326458 0.084484
0.034507 0.034507 0.035510 0.038203 0.044605 0.034509 0.040342 0.039696 0.034535 0.037883 0.566271 0.059431
0.014857 0.014857 0.015056 0.014857 0.014860 0.014857 0.014857 0.014857 0.014857 0.014907 0.836321 0.014857
0.063659 0.063659 0.090771 0.063663 0.064132 0.128783 0.064224 0.063662 0.073170 0.081060 0.176454 0.066763
0.010916 0.010916 0.011475 0.010963 0.011136 0.011066 0.011113 0.011178 0.011042 0.011766 0.877337 0.011094
0.052444 0.052444 0.094321 0.055664 0.061774 0.060360 0.055080 0.055030 0.053869 0.064499 0.153594 0.240920
0.022303 0.022303 0.023316 0.022330 0.022418 0.022337 0.022352 0.022333 0.022380 0.037196 0.738406 0.022326
0.074592 0.074592 0.091870 0.076651 0.077426 0.084931 0.075596 0.076699 0.083584 0.075617 0.109139 0.099302
0.042048 0.042048 0.050078 0.049843 0.060245 0.042733 0.047190 0.048730 0.044317 0.044451 0.439028 0.089289
0.082494 0.082494 0.082494 0.082494 0.082494 0.082874 0.082494 0.082494 0.084481 0.084093 0.088601 0.082494
0.069289 0.069289 0.091438 0.071853 0.076155 0.081380 0.071290 0.071447 0.077140 0.071698 0.110220 0.138799
0.078618 0.078618 0.078620 0.078618 0.078618 0.123752 0.078618 0.078618 0.082453 0.080409 0.084438 0.078618
0.069067 0.069067 0.076563 0.074148 0.079548 0.069113 0.075487 0.073434 0.069309 0.076794 0.194422 0.073049
0.016433 0.016433 0.019975 0.016750 0.016907 0.016560 0.016612 0.019070 0.016628 0.021410 0.804369 0.018852
0.072505 0.072505 0.087139 0.083783 0.088645 0.075886 0.084737 0.083614 0.077287 0.090006 0.100909 0.082985
0.022411 0.022411 0.027868 0.022890 0.023573 0.023919 0.023073 0.022643 0.023349 0.042412 0.723026 0.022426
0.065267 0.065267 0.073945 0.065372 0.066068 0.065377 0.065436 0.065378 0.065405 0.069231 0.267912 0.065344
0.083333 0.083333 0.083333 0.083333 0.083333 0.083333 0.083333 0.083333 0.083333 0.083333 0.083333 0.083333
0.008897 0.008897 0.008898 0.008897 0.008897 0.008897 0.008897 0.008897 0.008897 0.008898 0.902128 0.008897
0.055453 0.055453 0.057226 0.055478 0.055622 0.057595 0.057458 0.055469 0.143861 0.078352 0.272580 0.055453
0.046464 0.046464 0.065762 0.061500 0.052089 0.048226 0.048679 0.056117 0.047785 0.054053 0.403007 0.069853
0.029723 0.029723 0.030402 0.032368 0.037539 0.029723 0.033901 0.032305 0.029750 0.033238 0.632954 0.048374
0.012340 0.012340 0.012471 0.012340 0.012341 0.012340 0.012340 0.012340 0.012340 0.012371 0.864094 0.012340
0.065941 0.065941 0.087670 0.065946 0.066296 0.130240 0.066335 0.065945 0.071754 0.076626 0.171365 0.065941
0.010759 0.010759 0.011330 0.010950 0.011034 0.010759 0.011169 0.011081 0.010759 0.011511 0.878748 0.011141
0.051087 0.051087 0.098237 0.054201 0.062151 0.057588 0.054398 0.053303 0.053066 0.061880 0.178489 0.224512
0.021747 0.021747 0.022623 0.021761 0.021818 0.021765 0.021776 0.021762 0.021802 0.039114 0.742328 0.021758
0.074914 0.074914 0.088454 0.077826 0.078655 0.084024 0.075913 0.077838 0.082192 0.075771 0.098721 0.110778
0.034917 0.034917 0.041144 0.040878 0.050798 0.035882 0.039894 0.040061 0.036080 0.036903 0.545025 0.063501
0.083333 0.083333 0.083333 0.083333 0.083333 0.083333 0.083333 0.083333 0.083333 0.083333 0.083333 0.083333
0.072078 0.072078 0.094745 0.074121 0.078663 0.086096 0.073900 0.074249 0.080693 0.074455 0.100363 0.118561
0.080888 0.080888 0.080888 0.080888 0.080888 0.110232 0.080888 0.080888 0.080888 0.080888 0.080888 0.080888
0.073253 0.073253 0.080059 0.076931 0.080884 0.073298 0.077895 0.076429 0.073459 0.079339 0.159058 0.076143
0.011786 0.011786 0.014629 0.012467 0.012141 0.011870 0.011905 0.013325 0.011915 0.014794 0.859698 0.013685
0.074643 0.074643 0.087580 0.082957 0.086843 0.077674 0.083708 0.082894 0.078933 0.088423 0.099335 0.082370
0.018301 0.018301 0.023032 0.018736 0.019336 0.020266 0.018907 0.018527 0.019176 0.038197 0.768908 0.018313
0.069914 0.069914 0.077379 0.070008 0.070629 0.070013 0.070066 0.070014 0.070038 0.073393 0.218649 0.069984
0.083333 0.083333 0.083333 0.083333 0.083333 0.083333 0.083333 0.083333 0.083333 0.083333 0.083333 0.083333
0.005367 0.005367 0.005367 0.005367 0.005367 0.005367 0.005367 0.005367 0.005367 0.005367 0.940962 0.005367
0.044320 0.044320 0.046298 0.044348 0.044511 0.046256 0.046124 0.044339 0.142511 0.065467 0.387187 0.044320
0.048148 0.048148 0.070024 0.066359 0.054614 0.050171 0.050683 0.062106 0.049628 0.056186 0.364195 0.079738
0.027001 0.027001 0.027715 0.029763 0.034388 0.027001 0.031352 0.029896 0.027019 0.029300 0.662610 0.046952
0.010034 0.010034 0.010158 0.010034 0.010035 0.010034 0.010034 0.010034 0.010034 0.010063 0.889474 0.010034
0.062875 0.062875 0.088543 0.062880 0.063262 0.126985 0.063313 0.062879 0.070738 0.075167 0.197608 0.062875
0.007773 0.007773 0.008188 0.007980 0.007972 0.007773 0.008134 0.008006 0.007773 0.008267 0.912257 0.008106
0.048939 0.048939 0.097540 0.052186 0.060753 0.056012 0.052418 0.051378 0.050973 0.060639 0.188343 0.231878
0.017347 0.017347 0.018141 0.017360 0.017415 0.017365 0.017375 0.017362 0.017400 0.033073 0.792457 0.017358
0.076294 0.076294 0.093034 0.077419 0.077858 0.089082 0.076903 0.077458 0.084226 0.076865 0.103251 0.091316
0.046098 0.046098 0.058034 0.055471 0.066455 0.047950 0.052298 0.054597 0.048081 0.048188 0.367197 0.109531
0.083333 0.083333 0.083333 0.083333 0.083333 0.083333 0.083333 0.083333 0.083333 0.083333 0.083333 0.083333
0.069100 0.069100 0.099125 0.071799 0.078308 0.075170 0.071683 0.071980 0.072578 0.072466 0.103316 0.145373
0.079303 0.079303 0.079303 0.079303 0.079303 0.127672 0.079303 0.079303 0.079303 0.079303 0.079303 0.079303
0.066997 0.066997 0.076690 0.072500 0.078538 0.067057 0.073967 0.071736 0.067288 0.076015 0.210906 0.071308
0.018292 0.018292 0.022219 0.018900 0.018848 0.018456 0.018519 0.019420 0.018555 0.023904 0.784912 0.019682
0.071104 0.071104 0.088887 0.082947 0.088520 0.075147 0.084023 0.082829 0.076815 0.090721 0.105805 0.082097
0.023293 0.023293 0.028531 0.023673 0.024261 0.024647 0.023832 0.023506 0.024062 0.041329 0.716263 0.023311
0.062195 0.062195 0.071569 0.062311 0.063077 0.062317 0.062382 0.062318 0.062348 0.066526 0.300480 0.062281
0.083333 0.083333 0.083333 0.083333 0.083333 0.083333 0.083333 0.083333 0.083333 0.083333 0.083333 0.083333
0.011070 0.011070 0.011099 0.011073 0.011078 0.011073 0.011074 0.011073 0.011074 0.011099 0.878143 0.011072
0.059941 0.059941 0.061884 0.059969 0.060138 0.061862 0.061731 0.059960 0.131641 0.079934 0.243058 0.059941
0.046130 0.046130 0.062684 0.057774 0.050719 0.047559 0.047927 0.056671 0.047212 0.053052 0.416852 0.067291
0.030057 0.030057 0.030723 0.032184 0.036451 0.030057 0.033406 0.032752 0.030082 0.033258 0.636381 0.044591
0.013647 0.013647 0.013774 0.013647 0.013648 0.013647 0.013647 0.013647 0.013647 0.013678 0.849720 0.013647
0.066768 0.066768 0.085822 0.066771 0.067009 0.130265 0.067034 0.066770 0.074473 0.075656 0.165896 0.066768
0.010912 0.010912 0.011448 0.011270 0.011163 0.010912 0.011338 0.011129 0.010912 0.011522 0.877123 0.011363
0.051468 0.051468 0.097913 0.054226 0.062089 0.056877 0.054377 0.053723 0.054416 0.061007 0.181565 0.220871
0.021409 0.021409 0.022304 0.021423 0.021483 0.021428 0.021440 0.021425 0.021467 0.040516 0.744276 0.021421
0.074704 0.074704 0.090767 0.077676 0.078853 0.086874 0.076304 0.077768 0.082954 0.076073 0.105176 0.098147
0.039016 0.039016 0.046287 0.046528 0.057675 0.040294 0.044995 0.045515 0.041236 0.041543 0.480474 0.077421
0.082997 0.082997 0.083301 0.082997 0.083003 0.082997 0.082997 0.082997 0.082997 0.083007 0.086710 0.082997
0.071547 0.071547 0.090962 0.073736 0.078332 0.085442 0.073356 0.073841 0.084206 0.073863 0.099533 0.123635
0.080360 0.080360 0.080978 0.080362 0.080389 0.112153 0.080362 0.080362 0.080360 0.080388 0.083567 0.080361
0.073244 0.073244 0.079963 0.076921 0.080871 0.073289 0.077885 0.076419 0.073451 0.079293 0.159286 0.076134
0.012001 0.012001 0.015248 0.012244 0.012433 0.012086 0.012135 0.014301 0.012126 0.015265 0.856081 0.014080
0.075585 0.075585 0.086949 0.083074 0.086532 0.078377 0.083740 0.083004 0.079363 0.087770 0.097478 0.082542
0.019158 0.019158 0.024070 0.019694 0.020405 0.021746 0.019897 0.019416 0.020215 0.042628 0.754445 0.019169
0.071538 0.071538 0.078467 0.071625 0.072199 0.071629 0.071678 0.071630 0.071653 0.074775 0.201665 0.071603
0.083167 0.083167 0.083231 0.083167 0.083171 0.083167 0.083167 0.083167 0.083167 0.083203 0.085061 0.083167
0.004689 0.004689 0.004690 0.004689 0.004689 0.004689 0.004689 0.004689 0.004689 0.004690 0.948415 0.004689
0.037481 0.037481 0.039166 0.037503 0.037633 0.039030 0.038925 0.037496 0.112203 0.054242 0.491358 0.037481
0.048999 0.048999 0.070599 0.071528 0.055182 0.050926 0.051397 0.061493 0.050331 0.056996 0.349611 0.083937
0.028867 0.028867 0.029564 0.032358 0.038168 0.028867 0.034388 0.034652 0.028887 0.031463 0.625488 0.058432
0.010026 0.010026 0.010143 0.010026 0.010027 0.010026 0.010026 0.010026 0.010026 0.010053 0.889569 0.010026
0.060745 0.060745 0.091004 0.060751 0.061272 0.115735 0.061349 0.060750 0.070095 0.080440 0.216369 0.060745
0.006517 0.006517 0.007004 0.006517 0.006742 0.006517 0.006705 0.006779 0.006517 0.007055 0.926427 0.006701
0.048991 0.048991 0.095663 0.052501 0.060911 0.057638 0.052667 0.051233 0.052523 0.062394 0.184747 0.231741
0.018762 0.018762 0.019578 0.018776 0.018830 0.018780 0.018791 0.018777 0.018816 0.036066 0.775287 0.018773
0.074388 0.074388 0.092306 0.077183 0.078220 0.088920 0.075780 0.077255 0.084102 0.075580 0.104333 0.097546
0.042855 0.042855 0.053622 0.052596 0.064304 0.044984 0.049803 0.051691 0.045119 0.045075 0.406150 0.100947
0.083333 0.083333 0.083333 0.083333 0.083333 0.083333 0.083333 0.083333 0.083333 0.083333 0.083333 0.083333
0.069532 0.069532 0.095480 0.072341 0.078983 0.079071 0.072281 0.072574 0.075186 0.072836 0.102565 0.139617
0.080007 0.080007 0.080007 0.080007 0.080007 0.119926 0.080007 0.080007 0.080007 0.080007 0.080007 0.080007
0.068395 0.068395 0.077731 0.072966 0.078050 0.068454 0.074183 0.072354 0.068690 0.076422 0.202376 0.071985
0.012810 0.012810 0.016147 0.013078 0.013262 0.012929 0.012976 0.013782 0.012994 0.017117 0.848313 0.013781
0.071239 0.071239 0.089304 0.082579 0.088097 0.075401 0.083641 0.082497 0.077090 0.090417 0.106735 0.081760
0.018721 0.018721 0.022920 0.019023 0.019500 0.020307 0.019161 0.018916 0.019354 0.034562 0.770078 0.018737
0.061790 0.061790 0.071233 0.061907 0.062676 0.061912 0.061978 0.061914 0.061944 0.066144 0.304836 0.061876
0.083333 0.083333 0.083333 0.083333 0.083333 0.083333 0.083333 0.083333 0.083333 0.083333 0.083333 0.083333
0.007161 0.007161 0.007161 0.007161 0.007161 0.007161 0.007161 0.007161 0.007161 0.007161 0.921231 0.007161
0.054590 0.054590 0.057037 0.054626 0.054839 0.056492 0.056350 0.054614 0.131919 0.074623 0.295730 0.054590
0.046130 0.046130 0.063698 0.060762 0.051040 0.047659 0.048045 0.059663 0.047249 0.053085 0.402516 0.074022
0.027932 0.027932 0.028711 0.030414 0.035078 0.027932 0.031846 0.031089 0.027955 0.030972 0.660737 0.039403
0.011356 0.011356 0.011473 0.011356 0.011357 0.011356 0.011356 0.011356 0.011356 0.011383 0.874937 0.011356
0.065969 0.065969 0.087042 0.065971 0.066285 0.142206 0.066357 0.065970 0.075675 0.078300 0.154287 0.065969
0.009152 0.009152 0.009435 0.009314 0.009234 0.009152 0.009367 0.009243 0.009152 0.009536 0.897917 0.009346
0.050551 0.050551 0.096567 0.052921 0.060822 0.056046 0.053099 0.052787 0.051713 0.060242 0.175979 0.238722
0.018346 0.018346 0.019103 0.018359 0.018412 0.018364 0.018374 0.018361 0.018398 0.032637 0.782942 0.018357
0.077646 0.077646 0.091209 0.079902 0.080914 0.081215 0.079099 0.080003 0.080247 0.078868 0.099149 0.094104
0.034087 0.034087 0.040223 0.039942 0.050785 0.035135 0.039431 0.039110 0.035058 0.036260 0.560902 0.054980
0.083333 0.083333 0.083333 0.083333 0.083333 0.083333 0.083333 0.083333 0.083333 0.083333 0.083333 0.083333
0.073364 0.073364 0.097143 0.075502 0.080740 0.080544 0.075553 0.075690 0.077475 0.076110 0.099381 0.115134
0.080233 0.080233 0.080233 0.080233 0.080233 0.117435 0.080233 0.080233 0.080233 0.080233 0.080233 0.080233
0.072491 0.072491 0.079092 0.076881 0.081475 0.072543 0.078028 0.076241 0.072636 0.079011 0.163183 0.075927
0.013072 0.013072 0.016140 0.013659 0.013468 0.013169 0.013209 0.014041 0.013223 0.016075 0.846506 0.014367
0.074657 0.074657 0.086774 0.083413 0.087367 0.077777 0.084197 0.083280 0.078437 0.088730 0.097935 0.082776
0.020459 0.020459 0.025127 0.020854 0.021422 0.021914 0.021031 0.020705 0.021288 0.041210 0.745059 0.020472
0.070235 0.070235 0.077579 0.070327 0.070929 0.070331 0.070382 0.070332 0.070356 0.073618 0.215374 0.070303
0.083333 0.083333 0.083333 0.083333 0.083333 0.083333 0.083333 0.083333 0.083333 0.083333 0.083333 0.083333
0.007161 0.007161 0.007161 0.007161 0.007161 0.007161 0.007161 0.007161 0.007161 0.007161 0.921232 0.007161
0.046220 0.046220 0.048528 0.046254 0.046454 0.048359 0.048208 0.046243 0.135150 0.069833 0.372311 0.046220
0.050400 0.050400 0.072627 0.069446 0.057065 0.052493 0.053008 0.067420 0.051921 0.058198 0.330633 0.086390
0.030353 0.030353 0.031244 0.033598 0.039000 0.030353 0.035470 0.035755 0.030373 0.032977 0.613030 0.057494
0.011385 0.011385 0.011529 0.011385 0.011386 0.011385 0.011385 0.011385 0.011385 0.011419 0.874587 0.011385
0.061687 0.061687 0.088093 0.061692 0.062107 0.126364 0.062176 0.061691 0.072167 0.077689 0.202960 0.061687
0.007907 0.007907 0.008354 0.008118 0.008112 0.007907 0.008275 0.008144 0.007907 0.008342 0.910780 0.008246
0.050927 0.050927 0.099135 0.054301 0.062548 0.059652 0.054475 0.053300 0.053140 0.064550 0.172771 0.224276
0.019966 0.019966 0.020813 0.019982 0.020046 0.019987 0.020001 0.019984 0.020030 0.035954 0.763293 0.019979
