0.146825 0.071825 0.156746 0.201984 0.201984 0.220635
0.166667 0.166667 0.166667 0.166667 0.166667 0.166667
0.166013 0.161256 0.166321 0.168405 0.168701 0.169304
0.166087 0.161857 0.166359 0.168212 0.168475 0.169010
0.160805 0.122285 0.163960 0.180984 0.183284 0.188681
0.166667 0.166667 0.166667 0.166667 0.166667 0.166667
0.165451 0.157398 0.166439 0.169765 0.169745 0.171203
0.162412 0.135946 0.164383 0.176998 0.178395 0.181865
0.178571 0.511905 0.198413 0.063492 0.027778 0.019841
0.163187 0.136052 0.161776 0.178033 0.179584 0.181368
0.163352 0.134690 0.161743 0.178986 0.178728 0.182501
0.155159 0.059127 0.151190 0.208333 0.205159 0.221032
0.159127 0.063095 0.149206 0.206349 0.203175 0.219048
0.165258 0.128006 0.159158 0.183267 0.178821 0.185490
0.167581 0.193812 0.173336 0.154645 0.157318 0.153308
0.165812 0.142588 0.162058 0.176954 0.174313 0.178275
0.168254 0.058333 0.144444 0.214286 0.192460 0.222222
0.166667 0.166667 0.166667 0.166667 0.166667 0.166667
0.171181 0.091019 0.155425 0.196986 0.183870 0.201519
0.166667 0.166667 0.166667 0.166667 0.166667 0.166667
0.194841 0.072222 0.144048 0.206746 0.167460 0.214683
0.162698 0.186508 0.162698 0.162698 0.162698 0.162698
0.168385 0.161643 0.165210 0.168984 0.167180 0.168598
0.167971 0.162244 0.165415 0.168772 0.167170 0.168428
0.177608 0.126764 0.155238 0.185551 0.169748 0.185090
0.166667 0.166667 0.166667 0.166667 0.166667 0.166667
0.168803 0.159313 0.164038 0.169761 0.167356 0.170730
0.173855 0.140288 0.159577 0.177089 0.168749 0.180442
0.091270 0.419444 0.238095 0.067460 0.136112 0.047619
0.173761 0.141526 0.158883 0.178632 0.170225 0.176973
0.175066 0.138743 0.159176 0.178562 0.173065 0.175388
0.180952 0.092460 0.148016 0.192857 0.174206 0.211508
0.183950 0.090279 0.145834 0.195855 0.177204 0.206877
0.174096 0.137301 0.158280 0.178163 0.174157 0.178003
0.162662 0.187777 0.171518 0.159829 0.162642 0.155570
0.171093 0.149399 0.161264 0.173595 0.171116 0.173533
0.175856 0.093774 0.146551 0.187761 0.190936 0.205122
0.166667 0.166667 0.166667 0.166667 0.166667 0.166667
0.175224 0.120331 0.150669 0.182840 0.184090 0.186847
0.166667 0.166667 0.166667 0.166667 0.166667 0.166667
0.182540 0.084127 0.149206 0.195238 0.198413 0.190476
0.162698 0.162698 0.162698 0.162698 0.162698 0.186508
0.167745 0.162186 0.166049 0.168343 0.168351 0.167325
0.167537 0.162596 0.166479 0.168248 0.168254 0.166887
0.173591 0.129432 0.163958 0.179230 0.179781 0.174008
0.167460 0.167460 0.167460 0.167460 0.167460 0.162698
0.167766 0.160192 0.166347 0.168236 0.167785 0.169674
0.169975 0.146641 0.165344 0.171489 0.170196 0.176356
0.119048 0.404762 0.194444 0.095238 0.134921 0.051587
0.171534 0.144507 0.165468 0.173318 0.171999 0.173174
0.171620 0.141587 0.166419 0.176291 0.173292 0.170791
0.181746 0.093651 0.157540 0.186508 0.180159 0.200397
0.181545 0.093450 0.160069 0.189037 0.182688 0.193213
0.171530 0.140758 0.166290 0.175626 0.172230 0.173566
0.162656 0.186303 0.167164 0.161150 0.164331 0.158397
0.169174 0.151031 0.168124 0.172872 0.170626 0.168172
0.179164 0.101783 0.161086 0.192039 0.177753 0.188176
0.167460 0.167460 0.167460 0.167460 0.167460 0.162698
0.175743 0.120066 0.166094 0.186841 0.176992 0.174263
0.162698 0.162698 0.162698 0.162698 0.162698 0.186508
0.175000 0.094841 0.165476 0.207540 0.175397 0.181746
0.166667 0.166667 0.166667 0.166667 0.166667 0.166667
0.167197 0.162540 0.166926 0.169019 0.167017 0.167301
0.167498 0.163089 0.166538 0.168666 0.166619 0.167590
0.174292 0.137021 0.163271 0.183814 0.165089 0.176514
0.166667 0.166667 0.166667 0.166667 0.166667 0.166667
0.168496 0.161373 0.165131 0.168966 0.166579 0.169455
0.173335 0.148133 0.160248 0.174849 0.166850 0.176585
0.111111 0.408730 0.182540 0.075397 0.154762 0.067460
0.171162 0.143654 0.164651 0.178086 0.167950 0.174497
0.171321 0.141173 0.165179 0.181228 0.167213 0.173887
0.189682 0.097222 0.141270 0.200397 0.163095 0.208333
0.188900 0.093990 0.146301 0.205428 0.165042 0.200339
0.173598 0.137840 0.163441 0.182180 0.167468 0.175474
0.160956 0.187118 0.170642 0.158034 0.166552 0.156697
0.171902 0.148602 0.164458 0.177123 0.168204 0.169711
0.189915 0.086184 0.148754 0.209071 0.163107 0.202969
0.167460 0.167460 0.167460 0.167460 0.167460 0.162698
0.179428 0.111004 0.160530 0.197176 0.165047 0.186815
0.162698 0.162698 0.162698 0.162698 0.162698 0.186508
0.173016 0.083333 0.153571 0.210714 0.173413 0.205952
0.162698 0.162698 0.162698 0.162698 0.162698 0.186508
0.166915 0.162165 0.166312 0.169011 0.167514 0.168083
0.166798 0.162580 0.166532 0.168660 0.167599 0.167829
0.165001 0.127406 0.164942 0.185426 0.175430 0.181794
0.167460 0.167460 0.167460 0.167460 0.167460 0.162698
0.166566 0.158532 0.165607 0.170401 0.168493 0.170401
0.165888 0.139715 0.164255 0.178841 0.172460 0.178841
0.154762 0.496032 0.162698 0.039683 0.107143 0.039683
0.166270 0.140887 0.162826 0.179456 0.172909 0.177653
0.165864 0.139447 0.164116 0.179749 0.174744 0.176080
0.159921 0.080159 0.153968 0.207143 0.191667 0.207143
0.160714 0.076190 0.154762 0.207936 0.192460 0.207936
0.163621 0.135202 0.161588 0.181790 0.176010 0.181790
0.168160 0.190480 0.170993 0.155313 0.159741 0.155313
0.165923 0.146654 0.163421 0.175877 0.172248 0.175877
0.161111 0.075397 0.149206 0.208333 0.197619 0.208333
0.166667 0.166667 0.166667 0.166667 0.166667 0.166667
0.160614 0.109271 0.156807 0.194560 0.184187 0.194560
0.166667 0.166667 0.166667 0.166667 0.166667 0.166667
0.168651 0.090079 0.146825 0.207936 0.176587 0.209921
0.166667 0.166667 0.166667 0.166667 0.166667 0.166667
0.167029 0.162859 0.165336 0.168822 0.167324 0.168630
0.166945 0.163501 0.165441 0.168538 0.167208 0.168367
0.168632 0.138889 0.155157 0.183415 0.170568 0.183338
0.166667 0.166667 0.166667 0.166667 0.166667 0.166667
0.166119 0.161833 0.165620 0.169445 0.167048 0.169934
0.164915 0.150622 0.163062 0.175928 0.167811 0.177663
0.162698 0.376984 0.190476 0.067460 0.142857 0.059524
0.166978 0.150872 0.161858 0.176720 0.168389 0.175184
0.167941 0.150880 0.160640 0.178191 0.167664 0.174683
0.165873 0.108730 0.157143 0.199206 0.161905 0.207143
0.168696 0.110363 0.155068 0.196077 0.164728 0.205068
0.167793 0.145818 0.163507 0.177639 0.167413 0.177829
0.167410 0.181872 0.165924 0.160149 0.167251 0.157396
0.167111 0.153578 0.165784 0.173242 0.166973 0.173312
0.163070 0.104736 0.172273 0.190451 0.159101 0.210369
0.166667 0.166667 0.166667 0.166667 0.166667 0.166667
0.168436 0.128049 0.165494 0.182618 0.166461 0.188941
0.166667 0.166667 0.166667 0.166667 0.166667 0.166667
0.144444 0.108730 0.166667 0.191667 0.193651 0.194841
0.166667 0.166667 0.166667 0.166667 0.166667 0.166667
0.165593 0.163515 0.166510 0.168479 0.168483 0.167421
0.165494 0.163910 0.166570 0.168322 0.168325 0.167378
0.157614 0.138477 0.164195 0.180722 0.181027 0.177964
0.166667 0.166667 0.166667 0.166667 0.166667 0.166667
0.165601 0.160395 0.165659 0.168956 0.168966 0.170424
0.163127 0.145953 0.162190 0.174463 0.174581 0.179687
0.172619 0.375000 0.230159 0.081349 0.085317 0.055556
0.161624 0.144015 0.164001 0.176578 0.176702 0.177079
0.160840 0.144075 0.164335 0.177542 0.177800 0.175408
0.140476 0.092857 0.156746 0.193651 0.196825 0.219444
0.138046 0.096379 0.156765 0.199622 0.196844 0.212344
0.159453 0.143987 0.160542 0.179656 0.177972 0.178391
0.170726 0.184011 0.172641 0.157880 0.159465 0.155277
0.161502 0.151805 0.163157 0.175209 0.174090 0.174237
0.146679 0.097076 0.141283 0.200807 0.205966 0.208189
0.166667 0.166667 0.166667 0.166667 0.166667 0.166667
0.151482 0.122394 0.149250 0.188511 0.196085 0.192277
0.166667 0.166667 0.166667 0.166667 0.166667 0.166667
0.163095 0.086111 0.132540 0.196429 0.205556 0.216270
0.166667 0.166667 0.166667 0.166667 0.166667 0.166667
0.166861 0.162396 0.165360 0.168351 0.168070 0.168961
0.167103 0.162607 0.165507 0.168164 0.167913 0.168705
0.169420 0.130841 0.156632 0.179358 0.178301 0.185447
0.166667 0.166667 0.166667 0.166667 0.166667 0.166667
0.167123 0.160489 0.165206 0.169031 0.168131 0.170019
0.167489 0.147271 0.162622 0.173855 0.171301 0.177462
0.144841 0.371032 0.188492 0.077381 0.154762 0.063492
0.167718 0.148774 0.161062 0.174373 0.169987 0.178086
0.169808 0.146418 0.159309 0.176820 0.170376 0.177268
0.170635 0.100397 0.141270 0.190476 0.186905 0.210317
0.168722 0.100163 0.141036 0.193326 0.186670 0.210083
0.169495 0.140337 0.160753 0.177657 0.171878 0.179881
0.165498 0.184806 0.169668 0.159823 0.162985 0.157220
0.169507 0.151217 0.161783 0.173267 0.169638 0.174587
0.171251 0.099097 0.143541 0.197838 0.182430 0.205843
0.166667 0.166667 0.166667 0.166667 0.166667 0.166667
0.176240 0.120548 0.152127 0.192396 0.171891 0.186798
0.166667 0.166667 0.166667 0.166667 0.166667 0.166667
0.186905 0.100000 0.150000 0.204365 0.166270 0.192460
0.162698 0.162698 0.186508 0.162698 0.162698 0.162698
0.167903 0.162729 0.165402 0.168798 0.167092 0.168075
0.167765 0.163167 0.165543 0.168560 0.167045 0.167920
0.175702 0.135708 0.157218 0.183153 0.169578 0.178641
0.166667 0.166667 0.166667 0.166667 0.166667 0.166667
0.167286 0.161170 0.164900 0.169194 0.167766 0.169683
0.168602 0.148826 0.160634 0.174984 0.170235 0.176719
0.126984 0.424603 0.214286 0.067460 0.107143 0.059524
0.172900 0.146706 0.160193 0.175734 0.170718 0.173748
0.174066 0.145880 0.159569 0.175584 0.170597 0.174303
0.171825 0.115873 0.142857 0.192063 0.177381 0.200000
0.181853 0.109038 0.136183 0.194246 0.179563 0.199117
0.173489 0.145614 0.156278 0.176817 0.171067 0.176736
0.159530 0.178749 0.193334 0.155102 0.159520 0.153765
0.170795 0.153590 0.161383 0.171837 0.169404 0.172991
0.181464 0.117903 0.141489 0.183517 0.178358 0.197269
0.166667 0.166667 0.166667 0.166667 0.166667 0.166667
0.177598 0.128905 0.155851 0.179615 0.172199 0.185832
0.162698 0.162698 0.186508 0.162698 0.162698 0.162698
0.189286 0.101587 0.163889 0.184524 0.163492 0.197222
0.166667 0.166667 0.166667 0.166667 0.166667 0.166667
0.167633 0.162955 0.166746 0.167720 0.166814 0.168130
0.167481 0.163587 0.166692 0.167560 0.166756 0.167923
0.173524 0.138207 0.166683 0.174977 0.166789 0.179820
0.166667 0.166667 0.166667 0.166667 0.166667 0.166667
0.167847 0.160264 0.166908 0.168336 0.166879 0.169765
0.171061 0.144477 0.168047 0.172781 0.166091 0.177545
0.107143 0.448413 0.146825 0.107143 0.138889 0.051587
0.171947 0.141585 0.168860 0.173715 0.166843 0.177050
0.172036 0.140116 0.170546 0.172275 0.168401 0.176625
0.186508 0.080952 0.174206 0.184127 0.167857 0.206349
0.186878 0.081323 0.180529 0.178545 0.168227 0.204498
0.175256 0.134448 0.169826 0.171670 0.169127 0.179673
0.160231 0.189553 0.166334 0.163332 0.164490 0.156061
0.171220 0.146877 0.166534 0.171414 0.168780 0.175174
0.185356 0.072658 0.162341 0.194483 0.174642 0.210519
0.166667 0.166667 0.166667 0.166667 0.166667 0.166667
0.183681 0.109291 0.159851 0.184931 0.172782 0.189464
0.166667 0.166667 0.166667 0.166667 0.166667 0.166667
0.186111 0.081746 0.141270 0.205952 0.178968 0.205952
0.162698 0.162698 0.162698 0.162698 0.186508 0.162698
0.168201 0.162239 0.165023 0.168804 0.167314 0.168420
0.168075 0.162512 0.165250 0.168610 0.167286 0.168267
0.179200 0.125487 0.154038 0.184596 0.172773 0.183906
0.166667 0.166667 0.166667 0.166667 0.166667 0.166667
0.168878 0.158890 0.164592 0.169846 0.167000 0.170795
0.173805 0.142146 0.159543 0.177158 0.167058 0.180290
0.095238 0.417858 0.246032 0.075397 0.125793 0.039683
0.173450 0.145791 0.158713 0.176662 0.168723 0.176662
0.173786 0.144531 0.159071 0.179385 0.167214 0.176012
0.178571 0.078968 0.143254 0.207936 0.177381 0.213889
0.179933 0.081520 0.142166 0.212520 0.176012 0.207850
0.172223 0.138809 0.160153 0.182069 0.168583 0.178163
0.163947 0.190148 0.169622 0.155349 0.165585 0.155349
0.170961 0.147767 0.164698 0.175771 0.167472 0.173331
0.182059 0.081265 0.160470 0.206089 0.169581 0.200536
0.166667 0.166667 0.166667 0.166667 0.166667 0.166667
0.177006 0.113795 0.165382 0.190462 0.166176 0.187179
0.166667 0.166667 0.166667 0.166667 0.166667 0.166667
0.180556 0.096825 0.188095 0.181349 0.173809 0.179365
0.166667 0.166667 0.166667 0.166667 0.166667 0.166667
0.167246 0.162687 0.167931 0.167741 0.167048 0.167347
0.167182 0.163129 0.167792 0.167622 0.167005 0.167271
0.169277 0.135000 0.175630 0.176080 0.169035 0.174979
0.166667 0.166667 0.166667 0.166667 0.166667 0.166667
0.166165 0.160527 0.168063 0.168581 0.167133 0.169531
0.165038 0.145350 0.171302 0.173394 0.168391 0.176526
0.152778 0.486111 0.081349 0.091270 0.132937 0.055556
0.169135 0.140633 0.170562 0.174383 0.171027 0.174259
0.171975 0.138084 0.170562 0.174617 0.172233 0.172529
0.167857 0.090476 0.172619 0.193651 0.171032 0.204365
0.170957 0.088116 0.172989 0.194021 0.174132 0.199784
0.169855 0.135276 0.169505 0.176563 0.172428 0.176373
0.165384 0.187883 0.163878 0.161534 0.164216 0.157106
0.167723 0.149629 0.168842 0.170504 0.170427 0.172875
0.158152 0.099069 0.170277 0.188531 0.179978 0.203993
0.166667 0.166667 0.166667 0.166667 0.166667 0.166667
0.165370 0.116909 0.171210 0.179309 0.181526 0.185675
0.166667 0.166667 0.166667 0.166667 0.166667 0.166667
0.162698 0.068651 0.136905 0.218254 0.190476 0.223016
0.166667 0.166667 0.166667 0.166667 0.166667 0.166667
0.167271 0.161222 0.165564 0.169087 0.168173 0.168682
0.167026 0.162181 0.165511 0.168906 0.167827 0.168548
0.168721 0.126784 0.152348 0.188453 0.176663 0.187032
0.166667 0.166667 0.166667 0.166667 0.166667 0.166667
0.166872 0.159299 0.163987 0.170286 0.168320 0.171235
0.166824 0.143505 0.157002 0.178871 0.171794 0.182003
0.140873 0.418651 0.208333 0.079365 0.109127 0.043651
0.166818 0.141127 0.158394 0.180986 0.173705 0.178970
0.165903 0.138412 0.157024 0.183925 0.176216 0.178520
0.151587 0.089286 0.124603 0.219841 0.184127 0.230556
0.151610 0.088891 0.124626 0.222594 0.186880 0.225399
0.164860 0.137354 0.156377 0.184367 0.175246 0.181795
0.167899 0.187018 0.173395 0.155441 0.162223 0.154025
0.166701 0.145932 0.160314 0.179582 0.171782 0.175689
0.161297 0.078420 0.123598 0.230918 0.184489 0.221278
0.166667 0.166667 0.166667 0.166667 0.166667 0.166667
0.165639 0.105630 0.142067 0.208609 0.182321 0.195735
0.166667 0.166667 0.166667 0.166667 0.166667 0.166667
0.132540 0.113889 0.128571 0.222222 0.196429 0.206349
0.166667 0.166667 0.166667 0.166667 0.166667 0.166667
0.165057 0.164095 0.165173 0.169062 0.168257 0.168355
0.165417 0.164026 0.165518 0.168704 0.168259 0.168077
0.154425 0.144516 0.156258 0.183888 0.180853 0.180060
0.166667 0.166667 0.166667 0.166667 0.166667 0.166667
0.165063 0.162723 0.164104 0.169367 0.168888 0.169856
0.161444 0.152460 0.158195 0.175928 0.174310 0.177663
0.202381 0.338493 0.252777 0.067460 0.079365 0.059524
0.161469 0.152207 0.157082 0.176455 0.174671 0.178115
0.162518 0.152059 0.156887 0.177578 0.172787 0.178171
0.159127 0.113889 0.135714 0.194444 0.188492 0.208333
0.158556 0.116048 0.133111 0.196603 0.187921 0.207762
0.163885 0.150703 0.153102 0.178178 0.173921 0.180211
0.167257 0.178926 0.179177 0.158659 0.160075 0.155906
0.165463 0.156985 0.156170 0.174234 0.171663 0.175486
0.160626 0.115168 0.125088 0.199295 0.189991 0.209832
0.166667 0.166667 0.166667 0.166667 0.166667 0.166667
0.162841 0.131676 0.140329 0.189896 0.181555 0.193704
0.166667 0.166667 0.166667 0.166667 0.166667 0.166667
0.186905 0.093651 0.150794 0.192857 0.166270 0.209524
0.162698 0.162698 0.186508 0.162698 0.162698 0.162698
0.167479 0.162610 0.165893 0.168273 0.167072 0.168673
0.167434 0.163103 0.165757 0.168139 0.167072 0.168495
0.174910 0.131212 0.158810 0.180384 0.169837 0.184847
0.166667 0.166667 0.166667 0.166667 0.166667 0.166667
0.168483 0.159463 0.165177 0.168962 0.167524 0.170391
0.171725 0.144918 0.158596 0.174960 0.170093 0.179709
0.111111 0.440476 0.190476 0.087302 0.130952 0.039683
0.168154 0.144323 0.163267 0.176453 0.169798 0.178005
0.167281 0.144932 0.161457 0.176971 0.171708 0.177651
0.173809 0.095635 0.145635 0.197619 0.178968 0.208333
0.172177 0.091689 0.151213 0.198435 0.179785 0.206700
0.168083 0.139314 0.162113 0.178249 0.172119 0.180122
0.165789 0.188030 0.168722 0.158708 0.162967 0.155785
0.166347 0.149511 0.166403 0.173854 0.168842 0.175043
0.170661 0.096614 0.162090 0.197408 0.168043 0.205184
0.166667 0.166667 0.166667 0.166667 0.166667 0.166667
0.164972 0.123803 0.164772 0.187295 0.168580 0.190578
0.166667 0.166667 0.166667 0.166667 0.166667 0.166667
0.166667 0.095238 0.135714 0.207936 0.192460 0.201984
0.166667 0.166667 0.166667 0.166667 0.166667 0.166667
0.166908 0.162753 0.165126 0.168701 0.167810 0.168701
0.166837 0.163145 0.165519 0.168430 0.167638 0.168430
0.168226 0.137589 0.153935 0.183314 0.173622 0.183314
0.166667 0.166667 0.166667 0.166667 0.166667 0.166667
0.167124 0.160518 0.164286 0.169990 0.168092 0.169990
0.169367 0.146239 0.160075 0.177366 0.169588 0.177366
0.119048 0.428572 0.238095 0.039683 0.134921 0.039683
0.171091 0.147384 0.158245 0.177638 0.169664 0.175978
0.171357 0.146448 0.158528 0.178249 0.169866 0.175551
0.177381 0.101190 0.145238 0.200794 0.174603 0.200794
0.178197 0.102007 0.143605 0.201610 0.175420 0.199161
0.172066 0.141294 0.158153 0.180069 0.170383 0.178036
0.161520 0.186583 0.173030 0.157172 0.164522 0.157172
0.171105 0.150585 0.159970 0.174803 0.169986 0.173552
0.184498 0.094656 0.136322 0.201958 0.186482 0.196083
0.166667 0.166667 0.166667 0.166667 0.166667 0.166667
0.183309 0.117784 0.143522 0.191125 0.180751 0.183509
0.166667 0.166667 0.166667 0.166667 0.166667 0.166667
