0.260401 0.162386 0.139607 0.213565 0.137845 0.086196
0.166667 0.166667 0.166667 0.166667 0.166667 0.166667
0.122384 0.117726 0.190544 0.194517 0.189818 0.185012
0.279946 0.275806 0.110647 0.113172 0.111390 0.109038
0.126395 0.079527 0.192087 0.246412 0.190508 0.165071
0.166667 0.166667 0.166667 0.166667 0.166667 0.166667
0.167300 0.166341 0.164907 0.166834 0.165866 0.168752
0.310996 0.307746 0.090193 0.096795 0.093442 0.100828
0.158974 0.190720 0.200895 0.149308 0.192959 0.107143
0.238546 0.222507 0.132268 0.147859 0.131880 0.126939
0.110407 0.084005 0.205891 0.233401 0.200385 0.165911
0.321210 0.308512 0.072746 0.105286 0.079063 0.113184
0.114527 0.081479 0.187156 0.236036 0.187029 0.193772
0.115084 0.094647 0.197419 0.223286 0.195980 0.173584
0.289426 0.291764 0.108460 0.102302 0.107343 0.100705
0.164200 0.152406 0.170060 0.181951 0.171137 0.160246
0.157550 0.118534 0.165127 0.217685 0.167271 0.173833
0.166667 0.166667 0.166667 0.166667 0.166667 0.166667
0.222200 0.180776 0.146039 0.179710 0.150665 0.120610
0.166667 0.166667 0.166667 0.166667 0.166667 0.166667
0.223435 0.162324 0.154361 0.199420 0.135526 0.124934
0.166667 0.166667 0.166667 0.166667 0.166667 0.166667
0.126792 0.123762 0.187780 0.191086 0.187494 0.183087
0.267505 0.265004 0.117195 0.118523 0.116280 0.115493
0.116626 0.091082 0.200547 0.227351 0.194230 0.170164
0.166667 0.166667 0.166667 0.166667 0.166667 0.166667
0.167737 0.165350 0.166595 0.167084 0.164230 0.169004
0.264678 0.256679 0.119294 0.121103 0.112313 0.125933
0.172811 0.252176 0.143062 0.138094 0.202586 0.091270
0.226281 0.212907 0.143788 0.149754 0.135441 0.131829
0.110453 0.092585 0.202173 0.226248 0.195201 0.173339
0.305369 0.276004 0.102743 0.107331 0.087267 0.121286
0.115214 0.077585 0.202286 0.228757 0.176901 0.199257
0.110934 0.094189 0.203661 0.222001 0.189871 0.179344
0.299723 0.306729 0.098956 0.097576 0.102574 0.094442
0.160433 0.150132 0.174459 0.184255 0.166861 0.163859
0.139866 0.097137 0.183144 0.223329 0.167002 0.189520
0.166667 0.166667 0.166667 0.166667 0.166667 0.166667
0.225362 0.191458 0.147770 0.179872 0.130022 0.125515
0.166667 0.166667 0.166667 0.166667 0.166667 0.166667
0.239829 0.180306 0.152544 0.225292 0.118047 0.083982
0.166667 0.166667 0.166667 0.166667 0.166667 0.166667
0.109349 0.106217 0.197441 0.202669 0.195223 0.189101
0.314068 0.311558 0.094834 0.095997 0.092522 0.091021
0.089921 0.064674 0.216492 0.272524 0.196160 0.160230
0.166667 0.166667 0.166667 0.166667 0.166667 0.166667
0.167004 0.166515 0.164586 0.167461 0.166008 0.168427
0.345493 0.343758 0.072585 0.080015 0.075739 0.082410
0.192693 0.200629 0.189630 0.143393 0.158575 0.115079
0.254910 0.244076 0.126718 0.139395 0.122181 0.112719
0.074396 0.056306 0.227364 0.256140 0.213606 0.172189
0.361957 0.349258 0.057943 0.079301 0.064222 0.087318
0.084710 0.057581 0.201437 0.239714 0.206387 0.210171
0.087498 0.071789 0.212642 0.233585 0.211006 0.183480
0.346514 0.348905 0.079173 0.075675 0.076404 0.073330
0.155660 0.146454 0.176885 0.183725 0.175281 0.161996
0.121381 0.092677 0.191966 0.215271 0.191500 0.187205
0.166667 0.166667 0.166667 0.166667 0.166667 0.166667
0.230510 0.194474 0.156649 0.170062 0.140975 0.107330
0.166667 0.166667 0.166667 0.166667 0.166667 0.166667
0.216353 0.151124 0.171060 0.181388 0.166993 0.113082
0.166602 0.171624 0.165444 0.165444 0.165444 0.165444
0.118394 0.115096 0.193593 0.193736 0.192449 0.186731
0.284157 0.281228 0.109161 0.109904 0.109167 0.106383
0.140569 0.087660 0.208392 0.208131 0.201336 0.153913
0.174043 0.170156 0.163950 0.163950 0.163950 0.163950
0.167829 0.163981 0.167161 0.165257 0.167174 0.168599
0.262007 0.251538 0.120988 0.117708 0.121903 0.125855
0.180299 0.278898 0.139041 0.168023 0.138350 0.095390
0.211401 0.195017 0.151622 0.150639 0.153036 0.138285
0.145622 0.111029 0.195734 0.195774 0.193570 0.158272
0.275927 0.237760 0.117936 0.107434 0.124356 0.136587
0.148465 0.091529 0.198750 0.185162 0.197385 0.178708
0.153189 0.121228 0.189556 0.186517 0.185813 0.163696
0.246307 0.251885 0.124295 0.128492 0.127064 0.121957
0.169435 0.154746 0.173357 0.171242 0.170808 0.160412
0.191921 0.138290 0.184670 0.157218 0.168706 0.159194
0.163924 0.161111 0.168741 0.168741 0.168741 0.168741
0.204196 0.164526 0.168633 0.160625 0.164611 0.137409
0.166667 0.166667 0.166667 0.166667 0.166667 0.166667
0.215552 0.163514 0.163408 0.165601 0.159615 0.132310
0.165609 0.180675 0.163429 0.163429 0.163429 0.163429
0.133736 0.131632 0.184529 0.185074 0.184748 0.180281
0.244290 0.242422 0.129229 0.128475 0.129140 0.126443
0.177023 0.126813 0.178640 0.185771 0.180309 0.151443
0.176667 0.170838 0.163124 0.163124 0.163124 0.163124
0.168501 0.166069 0.166467 0.165035 0.165055 0.168873
0.245346 0.240833 0.130154 0.123004 0.124740 0.135922
0.136752 0.171556 0.150528 0.224338 0.216401 0.100426
0.205025 0.198103 0.153865 0.148150 0.149588 0.145269
0.161419 0.136160 0.179872 0.187831 0.179519 0.155199
0.271326 0.262885 0.124865 0.103072 0.095532 0.142320
0.141575 0.122908 0.184853 0.183967 0.170398 0.196299
0.145443 0.125549 0.185207 0.190834 0.182478 0.170489
0.258109 0.262182 0.118848 0.122095 0.123375 0.115391
0.167897 0.158302 0.170268 0.172426 0.167042 0.164065
0.177749 0.139281 0.163352 0.181794 0.157933 0.179891
0.164578 0.162703 0.168180 0.168180 0.168180 0.168180
0.218755 0.188456 0.155169 0.156630 0.144076 0.136915
0.166667 0.166667 0.166667 0.166667 0.166667 0.166667
0.235849 0.173246 0.161000 0.175141 0.146748 0.108015
0.163000 0.173044 0.183846 0.160036 0.160036 0.160036
0.131709 0.128777 0.185498 0.188016 0.185745 0.180255
0.261497 0.258896 0.120566 0.121072 0.119625 0.118344
0.156417 0.118165 0.175324 0.217360 0.182749 0.149986
0.175672 0.173729 0.162650 0.162650 0.162650 0.162650
0.168331 0.166411 0.165829 0.167263 0.163943 0.168222
0.260691 0.255500 0.120839 0.124031 0.113172 0.125766
0.138684 0.197904 0.173201 0.118131 0.261885 0.110195
0.205599 0.193805 0.151552 0.159268 0.146972 0.142803
0.148754 0.124271 0.183885 0.203957 0.184397 0.154736
0.278154 0.255103 0.117406 0.121592 0.098217 0.129528
0.138750 0.102030 0.174195 0.223622 0.178380 0.183024
0.141280 0.121944 0.184214 0.203797 0.184518 0.164248
0.263917 0.267766 0.118966 0.114957 0.120549 0.113846
0.168774 0.158263 0.167705 0.178819 0.168647 0.157791
0.191359 0.149371 0.150658 0.200450 0.157288 0.150874
0.163673 0.162735 0.168398 0.168398 0.168398 0.168398
0.211858 0.175109 0.150843 0.184364 0.156142 0.121684
0.162698 0.162698 0.186508 0.162698 0.162698 0.162698
0.210114 0.193051 0.155718 0.186724 0.130151 0.124242
0.166667 0.166667 0.166667 0.166667 0.166667 0.166667
0.121008 0.119930 0.191488 0.193135 0.188166 0.186272
0.272850 0.271627 0.114274 0.116125 0.113319 0.111806
0.110535 0.099192 0.214580 0.218970 0.178278 0.178445
0.166667 0.166667 0.166667 0.166667 0.166667 0.166667
0.166695 0.165305 0.166538 0.166979 0.165554 0.168929
0.272690 0.268368 0.112932 0.114197 0.112534 0.119280
0.199733 0.287035 0.162543 0.121170 0.138248 0.091270
0.231573 0.227209 0.137346 0.144435 0.130673 0.128763
0.098787 0.095788 0.212676 0.224049 0.189773 0.178927
0.310046 0.303697 0.091168 0.092652 0.092538 0.109899
0.089652 0.083303 0.212899 0.226935 0.161927 0.225284
0.097497 0.094100 0.210668 0.220541 0.188918 0.188277
0.318736 0.321302 0.090015 0.090749 0.091463 0.087735
0.155473 0.153228 0.176708 0.181772 0.166882 0.165937
0.112641 0.111054 0.199288 0.211202 0.154680 0.211136
0.166667 0.166667 0.166667 0.166667 0.166667 0.166667
0.217261 0.215228 0.148547 0.164796 0.125339 0.128829
0.166667 0.166667 0.166667 0.166667 0.166667 0.166667
0.216077 0.167268 0.171877 0.202885 0.137716 0.104176
0.167098 0.167098 0.166451 0.166451 0.166451 0.166451
0.115954 0.113256 0.193837 0.197234 0.192906 0.186814
0.289937 0.287804 0.106156 0.107974 0.104895 0.103233
0.108294 0.087041 0.216872 0.239287 0.193631 0.154875
0.168794 0.168794 0.165603 0.165603 0.165603 0.165603
0.167136 0.165727 0.167022 0.166543 0.165108 0.168463
0.287116 0.282572 0.108560 0.106943 0.102962 0.111847
0.176434 0.247863 0.133832 0.145737 0.187007 0.109127
0.219843 0.206334 0.147294 0.155408 0.138721 0.132401
0.121485 0.100942 0.203957 0.218698 0.193691 0.161227
0.279874 0.265588 0.117422 0.111469 0.099135 0.126511
0.123893 0.095602 0.209842 0.206792 0.183366 0.180505
0.132207 0.113209 0.196206 0.203290 0.189112 0.165976
0.264206 0.267883 0.115997 0.117534 0.119926 0.114454
0.164423 0.151674 0.176750 0.178217 0.170435 0.158501
0.150135 0.112669 0.207128 0.200538 0.170033 0.159497
0.165887 0.165887 0.167057 0.167057 0.167057 0.167057
0.210861 0.169666 0.171628 0.180950 0.151684 0.115210
0.166667 0.166667 0.166667 0.166667 0.166667 0.166667
0.202786 0.159532 0.161216 0.201035 0.168457 0.106974
0.167530 0.167530 0.166235 0.166235 0.166235 0.166235
0.131121 0.128021 0.186147 0.187654 0.186503 0.180555
0.261417 0.258664 0.120206 0.121386 0.120429 0.117898
0.135506 0.109262 0.189003 0.213245 0.200088 0.152896
0.170921 0.170921 0.164540 0.164540 0.164540 0.164540
0.167506 0.166066 0.164948 0.166354 0.166840 0.168287
0.257566 0.253993 0.117589 0.121335 0.122274 0.127243
0.175639 0.222955 0.210004 0.143234 0.139957 0.108211
0.207912 0.196555 0.148514 0.154809 0.153641 0.138570
0.140603 0.118059 0.188514 0.204735 0.196850 0.151238
0.276661 0.264323 0.101846 0.106934 0.115197 0.135038
0.136102 0.111628 0.177219 0.198049 0.200679 0.176322
0.137980 0.123589 0.186406 0.198154 0.191190 0.162682
0.259938 0.262621 0.122243 0.120580 0.119031 0.115588
0.163721 0.157283 0.170063 0.176765 0.171358 0.160810
0.176243 0.152990 0.154871 0.178576 0.170010 0.167310
0.164453 0.163515 0.168008 0.168008 0.168008 0.168008
0.198102 0.176365 0.156993 0.171721 0.155133 0.141685
0.166667 0.166667 0.166667 0.166667 0.166667 0.166667
0.206179 0.163172 0.162060 0.169643 0.166921 0.132025
0.166602 0.171624 0.165444 0.165444 0.165444 0.165444
0.122919 0.120649 0.190110 0.191315 0.191161 0.183846
0.266327 0.264308 0.117882 0.118541 0.117792 0.115150
0.151354 0.103429 0.193521 0.193722 0.203473 0.154501
0.174043 0.170156 0.163950 0.163950 0.163950 0.163950
0.167934 0.164596 0.165310 0.166265 0.167230 0.168665
0.266241 0.256404 0.115215 0.117653 0.120208 0.124278
0.156835 0.287484 0.179551 0.148496 0.133314 0.094322
0.215404 0.200605 0.146264 0.150983 0.149126 0.137618
0.130081 0.105993 0.197267 0.200982 0.201417 0.164260
0.301325 0.261606 0.090921 0.109104 0.109034 0.128011
0.125116 0.074233 0.188151 0.205809 0.212720 0.193971
0.123043 0.097818 0.197654 0.200817 0.204338 0.176330
0.296174 0.304805 0.103210 0.099275 0.100238 0.096298
0.161793 0.147619 0.173706 0.176986 0.177297 0.162598
0.150631 0.094857 0.173377 0.191523 0.200361 0.189250
0.165232 0.164295 0.167618 0.167618 0.167618 0.167618
0.218096 0.177162 0.154339 0.163540 0.159880 0.126982
0.166667 0.166667 0.166667 0.166667 0.166667 0.166667
0.220543 0.168011 0.177812 0.182096 0.156350 0.095188
0.166105 0.176150 0.164436 0.164436 0.164436 0.164436
0.118649 0.116023 0.193761 0.194027 0.191902 0.185638
0.290187 0.287857 0.106392 0.106646 0.105698 0.103220
0.118816 0.089510 0.214324 0.219176 0.199573 0.158601
0.171418 0.169475 0.164777 0.164777 0.164777 0.164777
0.167355 0.165424 0.166207 0.166677 0.166207 0.168128
0.276283 0.272299 0.111268 0.112782 0.111268 0.116100
0.200629 0.231768 0.150790 0.138886 0.162695 0.115231
0.217260 0.213974 0.146262 0.146106 0.142433 0.133965
0.127265 0.111274 0.204906 0.203705 0.191880 0.160970
0.287576 0.281155 0.102837 0.106408 0.106408 0.115615
0.117792 0.103400 0.194749 0.198320 0.191776 0.193963
0.124948 0.111764 0.198306 0.200019 0.194651 0.170312
0.282770 0.284566 0.109608 0.108322 0.108322 0.106413
0.161893 0.155017 0.172556 0.174934 0.173683 0.161918
0.163138 0.133156 0.175227 0.188102 0.185164 0.155212
0.164578 0.162703 0.168180 0.168180 0.168180 0.168180
0.206802 0.182102 0.155856 0.166955 0.163147 0.125139
0.166667 0.166667 0.166667 0.166667 0.166667 0.166667
0.214435 0.165421 0.131474 0.193256 0.191159 0.104254
0.165177 0.180244 0.163645 0.163645 0.163645 0.163645
0.118159 0.116760 0.190204 0.194713 0.194935 0.185229
0.284208 0.282965 0.107417 0.110048 0.109253 0.106109
0.138492 0.093094 0.176409 0.228165 0.223656 0.140184
0.174540 0.168710 0.164187 0.164187 0.164187 0.164187
0.167325 0.164915 0.165512 0.167892 0.166464 0.167892
0.296237 0.291343 0.098928 0.105318 0.102857 0.105318
0.185776 0.231279 0.186885 0.124774 0.146511 0.124774
0.221627 0.215071 0.136854 0.152118 0.145192 0.129137
0.110610 0.101837 0.188008 0.221747 0.216881 0.160916
0.317881 0.300385 0.085748 0.100686 0.092994 0.102306
0.104174 0.081261 0.180804 0.233723 0.214326 0.185712
0.115886 0.104425 0.185769 0.215459 0.206427 0.172034
0.303632 0.307107 0.099226 0.096140 0.098126 0.095769
0.158645 0.153073 0.169513 0.180411 0.177976 0.160383
0.145410 0.130940 0.166810 0.204849 0.191784 0.160207
0.163143 0.162925 0.168483 0.168483 0.168483 0.168483
0.207974 0.192803 0.146261 0.168036 0.164892 0.120033
0.166667 0.166667 0.166667 0.166667 0.166667 0.166667
0.202060 0.168480 0.168981 0.180854 0.151432 0.128194
0.179216 0.165410 0.163843 0.163843 0.163843 0.163843
0.112827 0.110214 0.195924 0.196124 0.193764 0.191146
0.295207 0.292888 0.103776 0.103062 0.103614 0.101452
0.105999 0.097668 0.207854 0.213016 0.188313 0.187149
0.170432 0.173948 0.163905 0.163905 0.163905 0.163905
0.166267 0.166730 0.164945 0.167825 0.164958 0.169275
0.266405 0.263274 0.114121 0.120075 0.112733 0.123391
0.212289 0.248003 0.146545 0.106348 0.203482 0.083333
0.224344 0.212361 0.142467 0.143113 0.139314 0.138401
0.113845 0.095055 0.205837 0.206719 0.195682 0.182864
0.290581 0.279867 0.098770 0.116275 0.090660 0.123847
0.111753 0.086241 0.186687 0.223932 0.172941 0.218446
0.127425 0.109814 0.193544 0.199072 0.185433 0.184713
0.269375 0.272052 0.115981 0.113039 0.118050 0.111502
0.161861 0.152495 0.170751 0.177352 0.166800 0.170741
0.149685 0.118599 0.168776 0.205175 0.143284 0.214481
0.163673 0.162735 0.168398 0.168398 0.168398 0.168398
0.208238 0.168271 0.159335 0.173261 0.139410 0.151485
0.166667 0.166667 0.166667 0.166667 0.166667 0.166667
0.229798 0.145370 0.169082 0.168122 0.140622 0.147006
0.162137 0.172181 0.160468 0.160468 0.160468 0.184278
0.131705 0.128065 0.185736 0.186723 0.185318 0.182453
0.250293 0.246798 0.127088 0.126627 0.125087 0.124107
0.164232 0.110392 0.186893 0.188635 0.184900 0.164948
0.174564 0.170677 0.166986 0.163895 0.163895 0.159982
0.168204 0.165295 0.165793 0.165764 0.166275 0.168669
0.255348 0.249408 0.122003 0.121753 0.122129 0.129360
0.172466 0.207573 0.178928 0.161365 0.164437 0.115231
0.214106 0.200040 0.152163 0.150403 0.146387 0.136901
0.143347 0.110848 0.201857 0.197585 0.189512 0.156851
0.287015 0.263530 0.106599 0.103321 0.109632 0.129903
0.136303 0.091071 0.198424 0.188875 0.193653 0.191674
0.132878 0.106443 0.199813 0.197984 0.189853 0.173029
0.272456 0.278746 0.112992 0.112872 0.114570 0.108364
0.166978 0.150787 0.178332 0.175504 0.170508 0.157891
0.175670 0.112069 0.185766 0.180241 0.180298 0.165956
0.167686 0.165811 0.169041 0.166820 0.166820 0.163821
0.217892 0.174194 0.169598 0.161729 0.150831 0.125756
0.165174 0.165174 0.162698 0.165921 0.165921 0.175113
0.209743 0.157705 0.194095 0.191446 0.154579 0.092433
0.165609 0.180675 0.163429 0.163429 0.163429 0.163429
0.130751 0.128533 0.188500 0.188663 0.185496 0.178057
0.260825 0.259123 0.121134 0.122352 0.120035 0.116530
0.163317 0.105617 0.207315 0.214055 0.179686 0.130010
0.176667 0.170837 0.163124 0.163124 0.163124 0.163124
0.167873 0.164962 0.166798 0.167265 0.165351 0.167750
0.243046 0.236915 0.130622 0.131413 0.125741 0.132263
0.170084 0.216793 0.150631 0.141695 0.184655 0.136140
0.196094 0.184146 0.158250 0.164792 0.155174 0.141545
0.168814 0.134319 0.181726 0.195678 0.176870 0.142592
0.249856 0.229510 0.134727 0.131379 0.116767 0.137761
0.149621 0.116373 0.191771 0.202821 0.176460 0.162955
0.157898 0.130848 0.185688 0.193142 0.181256 0.151167
0.253049 0.254785 0.122729 0.123572 0.123889 0.121975
0.166719 0.155664 0.172779 0.178244 0.171441 0.155153
0.172312 0.136354 0.176271 0.197837 0.166215 0.151012
0.164578 0.162703 0.168180 0.168180 0.168180 0.168180
0.212220 0.172515 0.161599 0.177764 0.160017 0.115885
0.166667 0.166667 0.166667 0.166667 0.166667 0.166667
0.260058 0.164027 0.164829 0.197826 0.147553 0.065708
0.166667 0.166667 0.166667 0.166667 0.166667 0.166667
0.130284 0.126105 0.187816 0.189905 0.186514 0.179374
0.256965 0.253261 0.124013 0.124684 0.122981 0.118095
0.151495 0.103956 0.199458 0.219658 0.183080 0.142353
0.169291 0.167348 0.165840 0.165840 0.165840 0.165840
0.167229 0.165300 0.166141 0.167599 0.165662 0.168068
0.259252 0.253959 0.120573 0.122463 0.118955 0.124798
0.186648 0.233964 0.148098 0.151171 0.160003 0.120116
0.224384 0.210081 0.146342 0.151690 0.141479 0.126025
0.125725 0.097553 0.206272 0.215770 0.198380 0.156301
0.294432 0.274952 0.103226 0.114299 0.097274 0.115816
0.124154 0.086810 0.199094 0.223015 0.181825 0.185102
0.124517 0.104173 0.198814 0.208850 0.193027 0.170618
0.277081 0.280870 0.110662 0.109968 0.112994 0.108425
0.164344 0.154814 0.172822 0.178119 0.171329 0.158571
0.161150 0.120814 0.184498 0.200707 0.173904 0.158928
0.166012 0.165075 0.167228 0.167228 0.167228 0.167228
0.216965 0.178219 0.161672 0.173736 0.153368 0.116040
0.166667 0.166667 0.166667 0.166667 0.166667 0.166667
