0.236982 0.223412 0.165962 0.188196 0.185447
0.191675 0.215289 0.225283 0.183876 0.183876
0.169290 0.210113 0.207318 0.208323 0.204954
0.319129 0.171142 0.170292 0.170688 0.168749
0.167412 0.287514 0.257519 0.156913 0.130641
0.203203 0.216034 0.212349 0.184207 0.184207
0.200901 0.201821 0.197730 0.196877 0.202671
0.330702 0.130428 0.122329 0.199577 0.216963
0.217405 0.151819 0.185296 0.271946 0.173534
0.219962 0.138223 0.127720 0.261062 0.253033
0.169608 0.294432 0.256211 0.156175 0.123574
0.347899 0.123802 0.099272 0.182486 0.246541
0.168903 0.264056 0.218043 0.162479 0.186518
0.178217 0.258423 0.227432 0.178391 0.157538
0.338695 0.122292 0.124742 0.209480 0.204791
0.202585 0.215176 0.202284 0.196360 0.183595
0.196575 0.287532 0.240401 0.145988 0.129504
0.200915 0.188428 0.183417 0.213620 0.213620
0.257203 0.185800 0.146199 0.228370 0.182428
0.187302 0.147619 0.147619 0.258730 0.258730
0.285715 0.231675 0.181837 0.214359 0.086413
0.194062 0.204270 0.215604 0.193032 0.193032
0.171449 0.210918 0.209034 0.210082 0.198516
0.321408 0.172694 0.170670 0.171290 0.163938
0.179709 0.257219 0.227498 0.207847 0.127727
0.201697 0.207220 0.205150 0.192966 0.192966
0.200680 0.199454 0.200025 0.199348 0.200493
0.369542 0.137942 0.139770 0.174455 0.178291
0.187807 0.207105 0.180414 0.230194 0.194480
0.237522 0.183043 0.175436 0.220706 0.183293
0.174441 0.244904 0.239365 0.201571 0.139719
0.335330 0.138744 0.142513 0.172858 0.210556
0.173710 0.226009 0.224292 0.199949 0.176040
0.175137 0.231186 0.227964 0.204342 0.161370
0.338057 0.152382 0.150531 0.180812 0.178218
0.199476 0.210876 0.206070 0.204111 0.179467
0.196269 0.231767 0.224086 0.194184 0.153694
0.196737 0.192699 0.195305 0.207629 0.207629
0.231604 0.204184 0.184332 0.224524 0.155355
0.174603 0.166667 0.166667 0.246032 0.246032
0.251974 0.199694 0.169134 0.222666 0.156531
0.207725 0.226729 0.210726 0.177410 0.177410
0.169837 0.206759 0.203528 0.212256 0.207620
0.311012 0.177605 0.175051 0.169257 0.167075
0.187664 0.272866 0.262232 0.149929 0.127309
0.211798 0.213354 0.217831 0.178508 0.178508
0.200399 0.199101 0.200861 0.198055 0.201584
0.317269 0.119844 0.120885 0.215684 0.226318
0.179847 0.172473 0.159642 0.274304 0.213734
0.190787 0.134489 0.118882 0.283949 0.271893
0.193609 0.267562 0.251375 0.159870 0.127585
0.335080 0.096535 0.098416 0.214115 0.255853
0.168265 0.243498 0.222764 0.167587 0.197886
0.174576 0.253941 0.246077 0.171045 0.154361
0.365249 0.106072 0.106493 0.213065 0.209121
0.200974 0.216815 0.207440 0.191229 0.183543
0.207021 0.273309 0.239060 0.119836 0.160775
0.193630 0.186947 0.189262 0.215080 0.215080
0.245815 0.198780 0.158010 0.213808 0.183587
0.166667 0.142857 0.142857 0.273809 0.273809
0.242780 0.224733 0.203635 0.198175 0.130676
0.197024 0.211878 0.213081 0.189009 0.189009
0.166579 0.211478 0.210434 0.210098 0.201411
0.331638 0.169224 0.167710 0.168624 0.162804
0.164281 0.283424 0.275291 0.167417 0.109587
0.201520 0.216194 0.216042 0.183122 0.183122
0.200964 0.201355 0.200180 0.197301 0.200200
0.406311 0.112488 0.111927 0.180695 0.188579
0.210286 0.146831 0.165406 0.269509 0.207968
0.244255 0.140583 0.140442 0.245444 0.229276
0.144400 0.280925 0.279191 0.169233 0.126251
0.428438 0.099695 0.094248 0.170948 0.206671
0.156683 0.256514 0.246680 0.168556 0.171568
0.154599 0.254658 0.251898 0.181427 0.157418
0.398847 0.111047 0.111694 0.191044 0.187369
0.195928 0.215742 0.212858 0.195697 0.179774
0.175205 0.280919 0.272675 0.139654 0.131547
0.200804 0.189876 0.188640 0.210340 0.210340
0.250913 0.193222 0.193901 0.199713 0.162251
0.190476 0.142857 0.142857 0.261905 0.261905
0.261268 0.207804 0.191543 0.199091 0.140294
0.192109 0.212936 0.212799 0.191078 0.191078
0.172973 0.209177 0.207165 0.208703 0.201981
0.320021 0.170920 0.170719 0.171198 0.167142
0.144224 0.279581 0.284265 0.166281 0.125648
0.193972 0.217323 0.221800 0.183453 0.183453
0.200274 0.199768 0.202123 0.196603 0.201233
0.353626 0.123899 0.126471 0.190384 0.205621
0.218659 0.166039 0.133472 0.294089 0.187741
0.246092 0.134247 0.132372 0.251569 0.235720
0.145450 0.285328 0.294391 0.158125 0.116705
0.355152 0.098068 0.110888 0.184927 0.250966
0.177206 0.241654 0.253242 0.153001 0.174897
0.164078 0.258151 0.266973 0.166639 0.144160
0.343467 0.115480 0.114435 0.216267 0.210351
0.195364 0.211851 0.216914 0.193432 0.182438
0.179534 0.280553 0.286776 0.118539 0.134597
0.204015 0.183335 0.185796 0.213427 0.213427
0.262387 0.158664 0.170345 0.222147 0.186458
0.200000 0.128571 0.128571 0.271428 0.271428
0.280386 0.173954 0.180729 0.203378 0.161552
0.202409 0.224599 0.219930 0.176531 0.176531
0.156894 0.211028 0.211956 0.212092 0.208030
0.355778 0.161633 0.161475 0.162092 0.159022
0.156007 0.293191 0.298605 0.136994 0.115204
0.205612 0.222394 0.220644 0.175674 0.175674
0.200609 0.201795 0.199468 0.197027 0.201101
0.385735 0.100731 0.096102 0.203850 0.213582
0.238396 0.122004 0.162558 0.264782 0.212260
0.240516 0.113612 0.116315 0.269947 0.259610
0.133967 0.292439 0.292200 0.152146 0.129248
0.429777 0.085257 0.081489 0.188246 0.215230
0.137695 0.264143 0.249792 0.153038 0.195332
0.149183 0.261784 0.255586 0.170067 0.163380
0.410754 0.095738 0.096365 0.200061 0.197083
0.192997 0.214700 0.214840 0.192080 0.185382
0.173185 0.273049 0.278330 0.127700 0.147736
0.194772 0.189112 0.186641 0.214737 0.214737
0.234858 0.178121 0.181409 0.216428 0.189184
0.160317 0.128571 0.128571 0.291270 0.291270
0.245798 0.212513 0.196481 0.186226 0.158983
0.207023 0.200984 0.215510 0.188241 0.188241
0.160795 0.209300 0.207915 0.212015 0.209975
0.362541 0.164971 0.164394 0.155576 0.152517
0.134994 0.286099 0.251843 0.159329 0.167734
0.204000 0.217178 0.213325 0.182748 0.182748
0.200511 0.201663 0.199895 0.195464 0.202466
0.369623 0.126799 0.123979 0.180789 0.198810
0.211163 0.145509 0.177155 0.293629 0.172544
0.227776 0.151077 0.137161 0.244100 0.239887
0.148807 0.274501 0.244713 0.176899 0.155079
0.419432 0.114369 0.095693 0.157889 0.212618
0.131906 0.254763 0.209231 0.156534 0.247566
0.142829 0.254137 0.234407 0.190302 0.178325
0.441684 0.109581 0.111773 0.171366 0.165597
0.189199 0.218468 0.207516 0.194381 0.190435
0.150137 0.271298 0.229785 0.130461 0.218318
0.194003 0.192519 0.192373 0.210552 0.210552
0.243582 0.199173 0.184234 0.192344 0.180666
0.185714 0.161905 0.161905 0.245238 0.245238
0.282735 0.207745 0.185844 0.168647 0.155030
0.195044 0.219027 0.214632 0.185648 0.185648
0.147037 0.216656 0.214435 0.213354 0.208518
0.390371 0.153888 0.152961 0.152801 0.149980
0.161254 0.288454 0.279090 0.145450 0.125752
0.206688 0.216005 0.213935 0.181686 0.181686
0.201741 0.202332 0.198863 0.195939 0.201125
0.355553 0.119553 0.110002 0.200385 0.214507
0.226566 0.114318 0.168849 0.288999 0.201268
0.236311 0.129263 0.125713 0.256994 0.251718
0.148941 0.305669 0.284681 0.138179 0.122530
0.376247 0.109694 0.083011 0.197100 0.233948
0.163416 0.281322 0.251627 0.130492 0.173143
0.158354 0.278977 0.254153 0.155539 0.152977
0.359525 0.106694 0.110291 0.213936 0.209554
0.196062 0.223579 0.210364 0.187422 0.182573
0.168058 0.322034 0.271632 0.107720 0.130556
0.202714 0.187214 0.182505 0.213783 0.213783
0.264104 0.210851 0.150040 0.199973 0.175033
0.184127 0.128571 0.128571 0.279365 0.279365
0.243124 0.228261 0.165332 0.247935 0.115347
0.192488 0.208002 0.230807 0.184352 0.184352
0.174955 0.208912 0.205487 0.209591 0.201055
0.295965 0.177771 0.175362 0.178637 0.172265
0.154351 0.326362 0.260928 0.161362 0.096997
0.197805 0.226184 0.219469 0.178271 0.178271
0.199616 0.201423 0.201414 0.197024 0.200522
0.353049 0.118810 0.120819 0.199101 0.208221
0.223890 0.144804 0.134301 0.276411 0.220593
0.238520 0.131372 0.121816 0.267741 0.240552
0.140366 0.294062 0.276095 0.171087 0.118390
0.402353 0.092843 0.098955 0.189243 0.216606
0.134303 0.247528 0.251352 0.180835 0.185981
0.145564 0.263417 0.249098 0.187051 0.154870
0.423598 0.097200 0.097271 0.192956 0.188974
0.194183 0.217893 0.207958 0.195579 0.184387
0.165079 0.282064 0.265202 0.130687 0.156968
0.197344 0.187516 0.190811 0.215945 0.208384
0.250171 0.186171 0.163630 0.218179 0.181849
0.181848 0.142166 0.138095 0.261111 0.276779
0.290142 0.234894 0.150503 0.170285 0.154175
0.196963 0.210232 0.203568 0.182713 0.206523
0.142025 0.214937 0.212074 0.218862 0.212101
0.417689 0.151019 0.148857 0.142369 0.140065
0.128593 0.277393 0.250619 0.190986 0.152410
0.204329 0.209839 0.214958 0.189256 0.181618
0.201430 0.201226 0.198275 0.197179 0.201890
0.463351 0.110072 0.102042 0.153960 0.170575
0.187707 0.158272 0.197479 0.266498 0.190045
0.248159 0.158442 0.140004 0.231015 0.222379
0.137440 0.274128 0.248492 0.192526 0.147414
0.480238 0.115988 0.082406 0.124466 0.196902
0.136844 0.268922 0.201875 0.171836 0.220523
0.143637 0.253728 0.234289 0.194850 0.173495
0.439241 0.112051 0.114267 0.169878 0.164564
0.196416 0.216683 0.210361 0.197124 0.179416
0.175299 0.283237 0.239080 0.135038 0.167345
0.199877 0.187467 0.188557 0.212050 0.212050
0.263172 0.188862 0.165710 0.202795 0.179462
0.190476 0.142857 0.142857 0.261905 0.261905
0.255098 0.227406 0.173954 0.173702 0.169839
0.200457 0.209420 0.215019 0.187552 0.187552
0.160756 0.214250 0.209505 0.210211 0.205279
0.356256 0.162886 0.161205 0.161302 0.158352
0.126104 0.331059 0.271708 0.144983 0.126145
0.195262 0.223181 0.217426 0.182065 0.182065
0.200932 0.200510 0.199351 0.197241 0.201966
0.394176 0.101156 0.100420 0.195884 0.208363
0.192989 0.156123 0.166520 0.271481 0.212886
0.247322 0.127921 0.111735 0.259684 0.253338
0.137145 0.325448 0.278494 0.139142 0.119771
0.404759 0.069822 0.075485 0.182797 0.267137
0.146073 0.263794 0.219814 0.141506 0.228812
0.148116 0.285953 0.242204 0.164501 0.159225
0.410529 0.099594 0.099889 0.197622 0.192366
0.192971 0.227621 0.203836 0.189778 0.185795
0.163073 0.300422 0.237710 0.109651 0.189144
0.201212 0.190912 0.183731 0.212072 0.212072
0.254656 0.218258 0.144957 0.193579 0.188550
0.185714 0.138095 0.138095 0.269048 0.269048
0.245314 0.230020 0.174710 0.191222 0.158734
0.194201 0.212524 0.236669 0.178302 0.178302
0.169448 0.210141 0.208844 0.208128 0.203439
0.319034 0.171576 0.171352 0.169818 0.168221
0.179027 0.317933 0.272010 0.127592 0.103438
0.204064 0.224464 0.219194 0.176139 0.176139
0.200553 0.202376 0.199454 0.197072 0.200544
0.357838 0.118089 0.113018 0.199930 0.211125
0.227756 0.120352 0.156463 0.296145 0.199284
0.237179 0.133579 0.130727 0.253773 0.244742
0.161220 0.309756 0.286375 0.136088 0.106562
0.388724 0.107899 0.093705 0.190514 0.219159
0.166223 0.284463 0.243715 0.152558 0.153040
0.171061 0.275750 0.256216 0.157560 0.139413
0.379141 0.102736 0.104313 0.208876 0.204934
0.198285 0.221804 0.213587 0.187178 0.179146
0.192927 0.322388 0.265662 0.107939 0.111084
0.199745 0.184361 0.185820 0.215037 0.215037
0.248587 0.199070 0.174522 0.202607 0.175214
0.192063 0.134524 0.134524 0.269444 0.269444
0.259778 0.231111 0.226914 0.171301 0.110895
0.192115 0.226425 0.214954 0.183253 0.183253
0.165465 0.210096 0.208515 0.211537 0.204388
0.340627 0.172188 0.170394 0.160084 0.156707
0.122900 0.331776 0.326395 0.134589 0.084339
0.190088 0.225247 0.227486 0.178589 0.178589
0.200346 0.200838 0.200852 0.198110 0.199854
0.448453 0.095793 0.093637 0.178423 0.183694
0.214272 0.139832 0.151418 0.268486 0.225991
0.278825 0.125339 0.114444 0.248826 0.232567
0.099943 0.328421 0.321207 0.147699 0.102730
0.456811 0.086065 0.073044 0.181405 0.202676
0.134737 0.276481 0.266537 0.167342 0.154902
0.125630 0.281652 0.278608 0.171555 0.142555
0.423501 0.098104 0.099204 0.190820 0.188371
0.191806 0.221694 0.218430 0.192477 0.175594
0.140373 0.321667 0.316127 0.125810 0.096023
0.205419 0.184344 0.184422 0.212907 0.212907
0.267378 0.185762 0.180855 0.206347 0.159657
0.215873 0.128571 0.128571 0.263492 0.263492
0.276015 0.255603 0.155660 0.168376 0.144346
0.186726 0.207171 0.235849 0.185127 0.185127
0.157551 0.215026 0.212181 0.210660 0.204582
0.379447 0.156768 0.155921 0.156191 0.151673
0.124284 0.337589 0.263072 0.158856 0.116199
0.196112 0.220828 0.211874 0.185593 0.185593
0.200814 0.201966 0.199026 0.196779 0.201415
0.436002 0.108655 0.105161 0.168812 0.181370
0.221697 0.143430 0.169597 0.271940 0.193336
0.272016 0.144991 0.137762 0.229915 0.215315
0.131403 0.314835 0.274979 0.154568 0.124216
0.431926 0.100553 0.094421 0.160470 0.212629
0.150746 0.271987 0.235950 0.153568 0.187749
0.146443 0.273977 0.242503 0.175333 0.161744
0.426736 0.113953 0.115272 0.174458 0.169581
0.195309 0.223668 0.209338 0.188862 0.182823
0.164934 0.302227 0.259121 0.116025 0.157694
0.204784 0.191885 0.187176 0.208077 0.208077
0.271760 0.216992 0.178821 0.173768 0.158658
0.207936 0.152381 0.152381 0.243651 0.243651
0.298251 0.199257 0.232525 0.158500 0.111467
0.193111 0.222806 0.200138 0.191972 0.191972
0.176273 0.205140 0.207044 0.208088 0.203454
0.294262 0.181957 0.184360 0.171564 0.167857
0.167912 0.245389 0.294866 0.150269 0.141564
0.196530 0.209349 0.217663 0.188228 0.188228
0.201086 0.198838 0.200585 0.197402 0.202089
0.274997 0.150686 0.152872 0.204029 0.217416
0.203199 0.188303 0.163333 0.262612 0.182552
0.247496 0.136986 0.148963 0.236523 0.230032
0.151407 0.273977 0.292594 0.151457 0.130565
0.311516 0.123039 0.133112 0.191419 0.240913
0.177286 0.223132 0.238263 0.152435 0.208884
0.173767 0.238270 0.251491 0.174325 0.162147
0.288906 0.147126 0.145127 0.211830 0.207011
0.199907 0.202100 0.214650 0.195369 0.187973
0.160814 0.253167 0.285698 0.128959 0.171361
0.205385 0.184644 0.187115 0.211428 0.211428
0.253005 0.154914 0.187066 0.220089 0.184926
0.219048 0.147619 0.147619 0.242857 0.242857
0.240414 0.207392 0.156720 0.227174 0.168301
0.183450 0.226060 0.242992 0.173749 0.173749
0.182268 0.206154 0.204672 0.205861 0.201045
0.284444 0.180409 0.179112 0.179768 0.176267
0.175089 0.319123 0.283472 0.128832 0.093484
0.200166 0.227561 0.221486 0.175393 0.175393
0.202608 0.199707 0.199138 0.198109 0.200438
0.319711 0.112417 0.114957 0.222537 0.230377
0.180581 0.166141 0.166622 0.267449 0.219207
0.233750 0.120260 0.115269 0.271323 0.259399
0.175278 0.295999 0.287410 0.137305 0.104008
0.377425 0.080120 0.090982 0.207528 0.243945
0.180196 0.240376 0.249091 0.148080 0.182256
0.170251 0.264070 0.261689 0.158321 0.145669
0.369441 0.100167 0.100226 0.216464 0.213703
0.200657 0.216424 0.211798 0.187873 0.183248
0.194514 0.285623 0.277082 0.096691 0.146089
0.202839 0.182209 0.180895 0.217028 0.217028
0.268329 0.174724 0.147954 0.205732 0.203262
0.185714 0.120238 0.120238 0.286905 0.286905
