0.168651 0.122222 0.157936 0.194841 0.173413 0.182936
0.186508 0.162698 0.162698 0.162698 0.162698 0.162698
0.166712 0.163930 0.166102 0.168479 0.167288 0.167490
0.166706 0.164233 0.166165 0.168278 0.167220 0.167398
0.167431 0.144206 0.160506 0.181585 0.170896 0.175375
0.166667 0.166667 0.166667 0.166667 0.166667 0.166667
0.166774 0.162498 0.165317 0.169103 0.167205 0.169103
0.165441 0.154955 0.162527 0.173437 0.168688 0.174952
0.115079 0.365079 0.222222 0.091270 0.138889 0.067460
0.169816 0.149462 0.162650 0.174444 0.169303 0.174324
0.168172 0.150573 0.163043 0.174802 0.169677 0.173733
0.175794 0.122222 0.150794 0.187698 0.171032 0.192460
0.172218 0.125721 0.151980 0.188885 0.172218 0.188977
0.168209 0.152176 0.161702 0.175295 0.169355 0.173262
0.166777 0.173558 0.169575 0.162726 0.165633 0.161731
0.168665 0.156145 0.163339 0.171847 0.169408 0.170596
0.176415 0.123477 0.156177 0.181177 0.176415 0.186338
0.166667 0.166667 0.166667 0.166667 0.166667 0.166667
0.173232 0.133498 0.164337 0.176229 0.174711 0.177994
0.166667 0.166667 0.166667 0.166667 0.166667 0.166667
0.180159 0.118254 0.158730 0.180159 0.176587 0.186111
0.162698 0.162698 0.162698 0.186508 0.162698 0.162698
0.167637 0.163774 0.166443 0.167353 0.167045 0.167748
0.167097 0.164177 0.166556 0.167363 0.167091 0.167715
0.172014 0.141389 0.164919 0.172313 0.170861 0.178504
0.166667 0.166667 0.166667 0.166667 0.166667 0.166667
0.167397 0.162614 0.165939 0.167407 0.167377 0.169266
0.167463 0.153458 0.164712 0.169080 0.169564 0.175724
0.133729 0.303970 0.198413 0.121825 0.162698 0.079365
0.169505 0.153616 0.163944 0.171259 0.167451 0.174225
0.168483 0.152914 0.165140 0.170232 0.168636 0.174595
0.177778 0.119444 0.156349 0.183730 0.168254 0.194444
0.182540 0.114683 0.156349 0.183730 0.168254 0.194444
0.172213 0.148119 0.163783 0.170499 0.167850 0.177536
0.163959 0.175507 0.167755 0.164994 0.166839 0.160946
0.170359 0.155300 0.165075 0.169232 0.166389 0.173646
0.182936 0.116270 0.156746 0.185317 0.163889 0.194841
0.166667 0.166667 0.166667 0.166667 0.166667 0.166667
0.178074 0.133568 0.157841 0.180888 0.162174 0.187454
0.166667 0.166667 0.166667 0.166667 0.166667 0.166667
0.160317 0.114286 0.172222 0.192063 0.159524 0.201587
0.202381 0.154762 0.154762 0.154762 0.178571 0.154762
0.165890 0.164078 0.167353 0.167955 0.166177 0.168547
0.166407 0.164284 0.167190 0.167725 0.166143 0.168251
0.165219 0.139957 0.168983 0.180351 0.162616 0.182873
0.166667 0.166667 0.166667 0.166667 0.166667 0.166667
0.166370 0.161595 0.167271 0.169197 0.165900 0.169667
0.163321 0.151100 0.168083 0.176287 0.163408 0.177802
0.158730 0.380952 0.134921 0.079365 0.190476 0.055556
0.164630 0.149037 0.167384 0.176292 0.164731 0.177925
0.163293 0.151390 0.168055 0.175306 0.163393 0.178563
0.161508 0.114286 0.166270 0.193254 0.161905 0.202778
0.161508 0.114286 0.166270 0.193254 0.161905 0.202778
0.164075 0.147852 0.167094 0.177450 0.164205 0.179324
0.168192 0.175892 0.166053 0.161312 0.168235 0.160316
0.164879 0.155918 0.166810 0.173135 0.164934 0.174324
0.159921 0.117460 0.164682 0.196429 0.160317 0.201190
0.166667 0.166667 0.166667 0.166667 0.166667 0.166667
0.159256 0.137230 0.168551 0.183783 0.164114 0.187066
0.166667 0.166667 0.166667 0.166667 0.166667 0.166667
0.180556 0.099603 0.159127 0.189682 0.170635 0.200397
0.166667 0.166667 0.166667 0.166667 0.166667 0.166667
0.167551 0.162805 0.166361 0.167858 0.166971 0.168453
0.167454 0.163233 0.166396 0.167726 0.166937 0.168255
0.173055 0.134317 0.165188 0.176555 0.168987 0.181899
0.166667 0.166667 0.166667 0.166667 0.166667 0.166667
0.167672 0.161546 0.166732 0.168170 0.166761 0.169119
0.171134 0.148108 0.168105 0.171355 0.166811 0.174487
0.103175 0.412698 0.138889 0.107143 0.166667 0.071429
0.169996 0.145254 0.168482 0.172009 0.168863 0.175396
0.169715 0.145046 0.168206 0.173350 0.168584 0.175098
0.173809 0.100000 0.170238 0.187698 0.174603 0.193651
0.173016 0.103968 0.169444 0.186905 0.173809 0.192857
0.170132 0.143586 0.166545 0.174388 0.168928 0.176421
0.164776 0.178634 0.166807 0.162902 0.164933 0.161947
0.167904 0.152389 0.165589 0.171727 0.169412 0.172978
0.169048 0.110714 0.160714 0.188889 0.175794 0.194841
0.166667 0.166667 0.166667 0.166667 0.166667 0.166667
0.170266 0.127064 0.164225 0.182415 0.173091 0.182940
0.166667 0.166667 0.166667 0.166667 0.166667 0.166667
0.174206 0.103175 0.178571 0.192063 0.167460 0.184524
0.162698 0.162698 0.162698 0.162698 0.186508 0.162698
0.167186 0.163226 0.167392 0.168279 0.166797 0.167119
0.167085 0.163828 0.167268 0.168057 0.166739 0.167023
0.171076 0.134950 0.172336 0.179824 0.167386 0.174427
0.166667 0.166667 0.166667 0.166667 0.166667 0.166667
0.167834 0.160741 0.166914 0.168793 0.166436 0.169282
0.170536 0.148684 0.167728 0.173771 0.163774 0.175506
0.107143 0.394048 0.182540 0.087302 0.149602 0.079365
0.169979 0.149916 0.166972 0.173746 0.167133 0.172253
0.170266 0.151060 0.166587 0.174970 0.166176 0.170941
0.178175 0.105952 0.161111 0.187302 0.167460 0.200000
0.177282 0.107509 0.162668 0.188858 0.169017 0.194666
0.170723 0.145762 0.167326 0.175139 0.167593 0.173456
0.164272 0.178007 0.167295 0.163393 0.166440 0.160594
0.169000 0.152063 0.166755 0.171704 0.168494 0.171983
0.172326 0.092327 0.162962 0.186375 0.183200 0.202810
0.166667 0.166667 0.166667 0.166667 0.166667 0.166667
0.171720 0.116651 0.166404 0.181311 0.176279 0.187634
0.166667 0.166667 0.166667 0.166667 0.166667 0.166667
0.160714 0.102381 0.146429 0.187302 0.199206 0.203968
0.166667 0.166667 0.166667 0.166667 0.166667 0.166667
0.166803 0.162656 0.165617 0.168005 0.168312 0.168608
0.166789 0.163100 0.165734 0.167856 0.168128 0.168391
0.166437 0.133044 0.156047 0.178184 0.181882 0.184405
0.166667 0.166667 0.166667 0.166667 0.166667 0.166667
0.166324 0.160668 0.165375 0.168721 0.169221 0.169690
0.165317 0.146938 0.162185 0.173434 0.175306 0.176820
0.152778 0.438492 0.188492 0.085317 0.079365 0.055556
0.166396 0.143288 0.163009 0.174943 0.175366 0.176999
0.166709 0.141920 0.163212 0.175230 0.175650 0.177279
0.163095 0.092857 0.151190 0.191270 0.198413 0.203175
0.163095 0.092857 0.151190 0.191270 0.198413 0.203175
0.166664 0.138085 0.162598 0.176541 0.177119 0.178993
0.166144 0.180957 0.168055 0.161283 0.162278 0.161283
0.167042 0.150276 0.165791 0.173110 0.170671 0.173110
0.163095 0.103571 0.161905 0.194048 0.183333 0.194048
0.166667 0.166667 0.166667 0.166667 0.166667 0.166667
0.164303 0.130424 0.157212 0.185050 0.177960 0.185050
0.166667 0.166667 0.166667 0.166667 0.166667 0.166667
0.167460 0.126984 0.155159 0.196825 0.163492 0.190079
0.166667 0.166667 0.166667 0.166667 0.166667 0.166667
0.166741 0.164664 0.166063 0.168437 0.166348 0.167747
0.166734 0.164886 0.166130 0.168240 0.166384 0.167626
0.167441 0.149184 0.160921 0.181701 0.162547 0.178205
0.166667 0.166667 0.166667 0.166667 0.166667 0.166667
0.167450 0.163672 0.165101 0.168878 0.165542 0.169357
0.169443 0.157122 0.161871 0.174192 0.161562 0.175810
0.123016 0.289683 0.242063 0.075397 0.206349 0.063492
0.167545 0.157625 0.161272 0.176333 0.162664 0.174560
0.167098 0.157207 0.161997 0.177014 0.163387 0.173297
0.170635 0.140873 0.146825 0.193254 0.149206 0.199206
0.169640 0.139878 0.148561 0.194989 0.150942 0.195990
0.167322 0.157795 0.160178 0.177518 0.161732 0.175455
0.165810 0.170748 0.170788 0.161948 0.169713 0.160992
0.166997 0.160929 0.162312 0.173197 0.164626 0.171939
0.176538 0.137649 0.142191 0.196556 0.150524 0.196542
0.166667 0.166667 0.166667 0.166667 0.166667 0.166667
0.172313 0.147033 0.158657 0.187745 0.154324 0.179929
0.166667 0.166667 0.166667 0.166667 0.166667 0.166667
0.161111 0.141270 0.161508 0.190873 0.165079 0.180159
0.166667 0.166667 0.166667 0.166667 0.166667 0.166667
0.166308 0.165110 0.166888 0.168086 0.166689 0.166918
0.166391 0.165064 0.166908 0.167972 0.166732 0.166932
0.163590 0.149700 0.167658 0.179025 0.167076 0.172950
0.166667 0.166667 0.166667 0.166667 0.166667 0.166667
0.165821 0.162955 0.166253 0.168650 0.167202 0.169119
0.164069 0.152938 0.165157 0.173259 0.169803 0.174773
0.226190 0.341270 0.162698 0.095238 0.103175 0.071429
0.167127 0.151426 0.166367 0.175294 0.167880 0.171907
0.167394 0.151861 0.168387 0.175537 0.167198 0.169622
0.167857 0.110317 0.165079 0.191667 0.168651 0.196429
0.170207 0.107906 0.167430 0.194017 0.168552 0.191888
0.167854 0.144195 0.168868 0.177221 0.168548 0.173314
0.167115 0.178788 0.165926 0.162138 0.164891 0.161142
0.168467 0.152563 0.168140 0.173221 0.166827 0.170782
0.172883 0.104232 0.173279 0.191930 0.169151 0.188524
0.166667 0.166667 0.166667 0.166667 0.166667 0.166667
0.171822 0.119228 0.173330 0.184953 0.168997 0.181670
0.166667 0.166667 0.166667 0.166667 0.166667 0.166667
0.187302 0.100000 0.165476 0.196825 0.153571 0.196825
0.166667 0.166667 0.166667 0.166667 0.166667 0.166667
0.167036 0.163446 0.166706 0.168203 0.166406 0.168203
0.166655 0.164169 0.166805 0.168135 0.166539 0.167696
0.169834 0.138832 0.167180 0.181450 0.164359 0.178345
0.166667 0.166667 0.166667 0.166667 0.166667 0.166667
0.167194 0.161461 0.167117 0.169035 0.166158 0.169035
0.167026 0.151453 0.166803 0.174817 0.165083 0.174817
0.146825 0.376984 0.162698 0.075397 0.162698 0.075397
0.166952 0.151358 0.167933 0.174726 0.166059 0.172972
0.164366 0.153413 0.168310 0.175083 0.166442 0.172385
0.173809 0.125397 0.165873 0.188095 0.158730 0.188095
0.171383 0.130182 0.165896 0.188118 0.158753 0.185669
0.166198 0.153722 0.167155 0.174998 0.164962 0.172965
0.166855 0.173519 0.166630 0.162725 0.167546 0.162725
0.166312 0.157351 0.166985 0.171872 0.166860 0.170620
0.171057 0.125582 0.166059 0.188281 0.163678 0.185343
0.166667 0.166667 0.166667 0.166667 0.166667 0.166667
0.165337 0.145869 0.166091 0.180472 0.165566 0.176665
0.166667 0.166667 0.166667 0.166667 0.166667 0.166667
0.168651 0.136508 0.168651 0.185317 0.166270 0.174603
0.182540 0.158730 0.158730 0.158730 0.182540 0.158730
0.167055 0.164888 0.166954 0.167849 0.166385 0.166870
0.167086 0.164982 0.166820 0.167615 0.166312 0.167184
0.169705 0.152045 0.166883 0.175049 0.164016 0.172302
0.166667 0.166667 0.166667 0.166667 0.166667 0.166667
0.167127 0.164308 0.166648 0.168076 0.165766 0.168076
0.168722 0.158018 0.167002 0.171854 0.162549 0.171854
0.166667 0.273810 0.142857 0.107143 0.202381 0.107143
0.166179 0.159785 0.165938 0.173093 0.163546 0.171459
0.166649 0.160273 0.166410 0.173542 0.162007 0.171119
0.163492 0.146429 0.156349 0.186905 0.159921 0.186905
0.159894 0.142830 0.160688 0.191243 0.156322 0.189022
0.163591 0.160195 0.163621 0.175851 0.162765 0.173977
0.168862 0.169934 0.167863 0.162126 0.169089 0.162126
0.163645 0.163777 0.164841 0.172355 0.164216 0.171166
0.151626 0.153610 0.157182 0.193690 0.152817 0.191075
0.166667 0.166667 0.166667 0.166667 0.166667 0.166667
0.157828 0.158553 0.161311 0.184358 0.156874 0.181075
0.166667 0.166667 0.166667 0.166667 0.166667 0.166667
0.145635 0.154762 0.155952 0.197222 0.161111 0.185317
0.162698 0.186508 0.162698 0.162698 0.162698 0.162698
0.165753 0.165869 0.165854 0.168437 0.166644 0.167442
0.166163 0.165735 0.165723 0.168285 0.166692 0.167401
0.158149 0.158891 0.157648 0.182809 0.166017 0.176486
0.166667 0.166667 0.166667 0.166667 0.166667 0.166667
0.163626 0.165927 0.165467 0.169282 0.166415 0.169282
0.154619 0.165453 0.164042 0.175172 0.165541 0.175172
0.261905 0.190476 0.202381 0.079365 0.186508 0.079365
0.159249 0.160598 0.161763 0.177464 0.167024 0.173902
0.158261 0.160495 0.161835 0.178436 0.168029 0.172943
0.141667 0.145635 0.154762 0.198016 0.161905 0.198016
0.148582 0.147245 0.146529 0.196994 0.168820 0.191829
0.159362 0.158663 0.161872 0.178038 0.168161 0.173904
0.171754 0.169419 0.168543 0.161808 0.166669 0.161808
0.161182 0.160926 0.164170 0.174131 0.167993 0.171598
0.142891 0.141455 0.152255 0.197256 0.175034 0.191110
0.166667 0.166667 0.166667 0.166667 0.166667 0.166667
0.150099 0.150271 0.156893 0.187231 0.176133 0.179372
0.162698 0.186508 0.162698 0.162698 0.162698 0.162698
0.145635 0.131746 0.147222 0.200000 0.175397 0.200000
0.186508 0.162698 0.162698 0.162698 0.162698 0.162698
0.165278 0.164956 0.165846 0.168534 0.167336 0.168050
0.165342 0.165324 0.166116 0.168238 0.167174 0.167806
0.157111 0.152329 0.157674 0.182333 0.170966 0.179587
0.166667 0.166667 0.166667 0.166667 0.166667 0.166667
0.165401 0.163973 0.164922 0.169207 0.167290 0.169207
0.162491 0.157727 0.160859 0.175136 0.168652 0.175136
0.218254 0.265873 0.230159 0.079365 0.126984 0.079365
0.162423 0.159156 0.162543 0.174217 0.169077 0.172584
0.162568 0.159311 0.162688 0.174327 0.169202 0.171904
0.152381 0.142857 0.153571 0.189286 0.172619 0.189286
0.152751 0.143227 0.158703 0.184894 0.172989 0.187435
0.163803 0.158024 0.161770 0.173490 0.169423 0.173490
0.167317 0.172255 0.169268 0.163415 0.165326 0.162419
0.167084 0.159889 0.163393 0.170712 0.168210 0.170712
0.164325 0.134563 0.153610 0.185753 0.173849 0.187900
0.166667 0.166667 0.166667 0.166667 0.166667 0.166667
0.162859 0.142636 0.159576 0.180848 0.173232 0.180848
0.166667 0.166667 0.166667 0.166667 0.166667 0.166667
0.168651 0.119841 0.169841 0.180555 0.179365 0.181746
0.186508 0.162698 0.162698 0.162698 0.162698 0.162698
0.166544 0.164144 0.167124 0.167423 0.167419 0.167345
0.166556 0.164425 0.167074 0.167340 0.167337 0.167268
0.166277 0.140497 0.172564 0.172863 0.172564 0.175236
0.166667 0.166667 0.166667 0.166667 0.166667 0.166667
0.166618 0.161834 0.167528 0.167537 0.167528 0.168956
0.165188 0.151262 0.168539 0.170156 0.170053 0.174802
0.142857 0.345238 0.154762 0.142857 0.130952 0.083333
0.167871 0.150422 0.169111 0.170865 0.170745 0.170985
0.166584 0.151205 0.169837 0.171586 0.171466 0.169322
0.170238 0.111905 0.171429 0.177381 0.176190 0.192857
0.171348 0.113015 0.167777 0.183253 0.177301 0.187305
0.166122 0.147896 0.169622 0.173369 0.171335 0.171655
0.167732 0.176384 0.165713 0.163722 0.164678 0.161771
0.166361 0.154967 0.168479 0.170857 0.169606 0.169731
0.170541 0.115222 0.172922 0.182445 0.176493 0.182377
0.166667 0.166667 0.166667 0.166667 0.166667 0.166667
0.169986 0.132729 0.171990 0.178556 0.174748 0.171990
0.166667 0.166667 0.166667 0.166667 0.166667 0.166667
0.169841 0.116270 0.157936 0.186508 0.187698 0.181746
0.166667 0.166667 0.166667 0.166667 0.166667 0.166667
0.167154 0.163403 0.165975 0.168048 0.168052 0.167369
0.166881 0.163808 0.166095 0.167939 0.167942 0.167334
0.165238 0.141652 0.160491 0.178450 0.178749 0.175420
0.166667 0.166667 0.166667 0.166667 0.166667 0.166667
0.165865 0.162097 0.165414 0.168712 0.168721 0.169191
0.163684 0.151466 0.163890 0.173080 0.173183 0.174697
0.186508 0.365079 0.210317 0.079365 0.091270 0.067460
0.162655 0.149347 0.164529 0.174449 0.174570 0.174449
0.161626 0.149037 0.165123 0.175014 0.175134 0.174065
0.147619 0.117857 0.159524 0.189286 0.190476 0.195238
0.148435 0.116224 0.165102 0.190102 0.186531 0.193605
0.161823 0.148391 0.165730 0.175256 0.173543 0.175256
0.169600 0.174538 0.167649 0.162711 0.163747 0.161756
0.163434 0.156177 0.165874 0.171880 0.170754 0.171880
0.151229 0.126229 0.161944 0.186944 0.183372 0.190281
0.166667 0.166667 0.166667 0.166667 0.166667 0.166667
0.156118 0.142461 0.163209 0.180148 0.177390 0.180673
0.166667 0.166667 0.166667 0.166667 0.166667 0.166667
0.141667 0.150000 0.170238 0.185714 0.171429 0.180952
0.166667 0.166667 0.166667 0.166667 0.166667 0.166667
0.165168 0.165463 0.167241 0.167833 0.166946 0.167348
0.165553 0.165553 0.167134 0.167660 0.166871 0.167228
0.157675 0.155152 0.170588 0.175633 0.168065 0.172887
0.166667 0.166667 0.166667 0.166667 0.166667 0.166667
0.165417 0.164468 0.166817 0.168236 0.166826 0.168236
0.162915 0.158269 0.167355 0.172002 0.167458 0.172002
0.230159 0.289683 0.146825 0.087302 0.158730 0.087302
0.164529 0.157875 0.167675 0.171062 0.167796 0.171062
0.166296 0.158033 0.167805 0.171182 0.166296 0.170388
0.164682 0.139683 0.168254 0.178968 0.164682 0.183730
0.164259 0.139259 0.167830 0.178545 0.169021 0.181086
0.165783 0.156257 0.167497 0.171403 0.167657 0.171403
0.167344 0.172281 0.166308 0.164357 0.166348 0.163361
0.165895 0.161078 0.167021 0.169461 0.167084 0.169461
0.163095 0.142857 0.166667 0.177381 0.167857 0.182143
0.166667 0.166667 0.166667 0.166667 0.166667 0.166667
0.167936 0.147714 0.164128 0.174502 0.167936 0.177785
0.166667 0.166667 0.166667 0.166667 0.166667 0.166667
0.168651 0.121825 0.154365 0.180952 0.177778 0.196429
0.158730 0.158730 0.158730 0.182540 0.182540 0.158730
0.166753 0.164683 0.166158 0.167082 0.167071 0.168254
0.166610 0.164768 0.166350 0.167169 0.166891 0.168212
0.164643 0.147064 0.162685 0.173602 0.169595 0.182412
0.166667 0.166667 0.166667 0.166667 0.166667 0.166667
0.166073 0.163734 0.166563 0.167589 0.166602 0.169439
0.165159 0.157705 0.166774 0.168735 0.164999 0.176628
0.166667 0.313492 0.163890 0.130952 0.153571 0.071429
0.164422 0.154761 0.164719 0.172368 0.166856 0.176875
0.164886 0.155253 0.165031 0.170790 0.166740 0.177300
0.153968 0.127381 0.158333 0.188492 0.172619 0.199206
0.153968 0.127381 0.158333 0.188492 0.172619 0.199206
0.163642 0.152592 0.164053 0.173072 0.168515 0.178125
0.167652 0.173662 0.167722 0.164088 0.165883 0.160993
0.165103 0.156852 0.165259 0.170762 0.168079 0.173945
0.154762 0.123413 0.159127 0.189286 0.173413 0.200000
0.166667 0.166667 0.166667 0.166667 0.166667 0.166667
0.157285 0.138313 0.166632 0.181028 0.171677 0.185065
0.166667 0.166667 0.166667 0.166667 0.166667 0.166667
