0.172619 0.134524 0.163095 0.178571 0.172619 0.178571
0.206349 0.158730 0.158730 0.158730 0.158730 0.158730
0.166338 0.164837 0.166607 0.167506 0.167206 0.167506
0.166417 0.164820 0.166659 0.167457 0.167191 0.167457
0.166233 0.149458 0.165893 0.173689 0.171038 0.173689
0.166667 0.166667 0.166667 0.166667 0.166667 0.166667
0.166240 0.163362 0.166641 0.168078 0.167599 0.168078
0.161541 0.157845 0.166828 0.171801 0.170184 0.171801
0.156348 0.338493 0.148017 0.119048 0.119048 0.119048
0.165355 0.153596 0.167759 0.171097 0.171097 0.171097
0.161716 0.153764 0.168422 0.172032 0.172032 0.172032
0.167460 0.125794 0.168651 0.179365 0.179365 0.179365
0.166667 0.129762 0.167857 0.178571 0.178571 0.178571
0.165328 0.151043 0.167903 0.171908 0.171908 0.171908
0.169003 0.180347 0.165025 0.161875 0.161875 0.161875
0.164401 0.156042 0.168030 0.170509 0.170509 0.170509
0.162698 0.125794 0.169841 0.180556 0.180556 0.180556
0.166667 0.166667 0.166667 0.166667 0.166667 0.166667
0.160233 0.139302 0.169616 0.176950 0.176950 0.176950
0.166667 0.166667 0.166667 0.166667 0.166667 0.166667
0.162698 0.144841 0.168651 0.174603 0.174603 0.174603
0.186508 0.162698 0.162698 0.162698 0.162698 0.162698
0.166477 0.165279 0.167061 0.167061 0.167061 0.167061
0.166453 0.165652 0.166973 0.166973 0.166973 0.166973
0.165610 0.157036 0.169338 0.169338 0.169338 0.169338
0.166667 0.166667 0.166667 0.166667 0.166667 0.166667
0.166373 0.164456 0.167293 0.167293 0.167293 0.167293
0.164213 0.158415 0.169343 0.169343 0.169343 0.169343
0.161507 0.267064 0.142857 0.142857 0.142857 0.142857
0.165879 0.159118 0.168751 0.168751 0.168751 0.168751
0.164056 0.159089 0.169214 0.169214 0.169214 0.169214
0.166667 0.142857 0.172619 0.172619 0.172619 0.172619
0.166667 0.142857 0.172619 0.172619 0.172619 0.172619
0.165529 0.159194 0.168819 0.168819 0.168819 0.168819
0.167977 0.174372 0.164413 0.164413 0.164413 0.164413
0.167657 0.161714 0.167657 0.167657 0.167657 0.167657
0.170635 0.146825 0.170635 0.170635 0.170635 0.170635
0.166667 0.166667 0.166667 0.166667 0.166667 0.166667
0.169402 0.152988 0.169402 0.169402 0.169402 0.169402
0.166667 0.166667 0.166667 0.166667 0.166667 0.166667
0.173016 0.139683 0.173016 0.173016 0.173016 0.168254
0.162698 0.162698 0.162698 0.162698 0.162698 0.186508
0.167166 0.165096 0.167166 0.167166 0.167166 0.166239
0.167112 0.165271 0.167112 0.167112 0.167112 0.166281
0.170941 0.154241 0.168290 0.170941 0.168290 0.167296
0.167460 0.167460 0.167460 0.167460 0.167460 0.162698
0.167374 0.164086 0.166895 0.167374 0.166895 0.167374
0.168973 0.158371 0.167355 0.168973 0.167355 0.168973
0.134921 0.301587 0.146825 0.134921 0.146825 0.134921
0.169107 0.159664 0.167422 0.169107 0.167422 0.167279
0.169490 0.159718 0.167741 0.169490 0.167741 0.165820
0.173413 0.144841 0.167460 0.173413 0.167460 0.173413
0.174206 0.145635 0.168254 0.174206 0.168254 0.169444
0.169588 0.158348 0.167554 0.169588 0.167554 0.167367
0.164718 0.173230 0.166307 0.164718 0.166307 0.164718
0.168868 0.162924 0.167617 0.168868 0.167617 0.164106
0.173261 0.149451 0.167308 0.173261 0.167308 0.169411
0.167460 0.167460 0.167460 0.167460 0.167460 0.162698
0.171465 0.155051 0.167657 0.171465 0.167657 0.166703
0.162698 0.162698 0.162698 0.162698 0.162698 0.186508
0.175000 0.141667 0.164286 0.175000 0.169048 0.175000
0.166667 0.166667 0.166667 0.166667 0.166667 0.166667
0.167210 0.164844 0.166615 0.167210 0.166911 0.167210
0.167150 0.165045 0.166621 0.167150 0.166884 0.167150
0.170245 0.151159 0.167859 0.170245 0.170245 0.170245
0.166667 0.166667 0.166667 0.166667 0.166667 0.166667
0.167293 0.164005 0.166823 0.167293 0.167293 0.167293
0.168686 0.159599 0.165657 0.168686 0.168686 0.168686
0.130952 0.297619 0.178571 0.130952 0.130952 0.130952
0.169027 0.158011 0.165880 0.169027 0.169027 0.169027
0.169110 0.157709 0.165852 0.169110 0.169110 0.169110
0.173809 0.140476 0.164286 0.173809 0.173809 0.173809
0.173809 0.140476 0.164286 0.173809 0.173809 0.173809
0.169789 0.156676 0.164169 0.169789 0.169789 0.169789
0.163829 0.175746 0.168937 0.163829 0.163829 0.163829
0.168648 0.160327 0.165082 0.168648 0.168648 0.168648
0.175397 0.142063 0.156349 0.175397 0.175397 0.175397
0.166667 0.166667 0.166667 0.166667 0.166667 0.166667
0.172685 0.149705 0.159554 0.172685 0.172685 0.172685
0.166667 0.166667 0.166667 0.166667 0.166667 0.166667
0.178175 0.138889 0.154365 0.178175 0.172222 0.178175
0.166667 0.166667 0.166667 0.166667 0.166667 0.166667
0.167309 0.165235 0.165830 0.167309 0.167009 0.167309
0.167238 0.165393 0.165922 0.167238 0.166972 0.167238
0.171924 0.154959 0.159996 0.171924 0.169273 0.171924
0.166667 0.166667 0.166667 0.166667 0.166667 0.166667
0.167688 0.164390 0.165339 0.167688 0.167208 0.167688
0.170269 0.157948 0.162594 0.170269 0.168652 0.170269
0.123016 0.265873 0.230159 0.123016 0.134921 0.123016
0.170151 0.158912 0.162170 0.170151 0.168466 0.170151
0.170275 0.158635 0.162012 0.170275 0.168527 0.170275
0.177778 0.142063 0.152778 0.177778 0.171825 0.177778
0.177778 0.142063 0.152778 0.177778 0.171825 0.177778
0.170520 0.157087 0.162867 0.170520 0.168487 0.170520
0.163337 0.175027 0.170034 0.163337 0.164926 0.163337
0.169086 0.160640 0.164268 0.169086 0.167834 0.169086
0.172222 0.141270 0.161508 0.176984 0.171032 0.176984
0.166667 0.166667 0.166667 0.166667 0.166667 0.166667
0.169614 0.147063 0.164002 0.174376 0.170568 0.174376
0.166667 0.166667 0.166667 0.166667 0.166667 0.166667
0.163889 0.149603 0.168651 0.174603 0.174603 0.168651
0.194444 0.158730 0.158730 0.158730 0.158730 0.170635
0.165938 0.165406 0.167180 0.167480 0.167480 0.166515
0.166060 0.165590 0.166906 0.167435 0.167435 0.166574
0.164680 0.155359 0.167288 0.172325 0.172325 0.168021
0.162698 0.168651 0.168651 0.168651 0.168651 0.162698
0.166624 0.164227 0.166576 0.167525 0.167525 0.167525
0.164718 0.158878 0.167965 0.169480 0.169480 0.169480
0.150794 0.317460 0.150794 0.126984 0.126984 0.126984
0.165480 0.157543 0.168559 0.170133 0.170133 0.168153
0.162249 0.158320 0.169721 0.171349 0.171349 0.167011
0.169841 0.136508 0.169841 0.174603 0.174603 0.174603
0.165873 0.138492 0.171825 0.176587 0.176587 0.170635
0.165328 0.155810 0.168923 0.170796 0.170796 0.168347
0.170004 0.176265 0.164348 0.162645 0.164093 0.162645
0.161390 0.161801 0.170121 0.171310 0.170020 0.165358
0.166780 0.139229 0.172562 0.177324 0.171372 0.172733
0.162698 0.168651 0.168651 0.168651 0.168651 0.162698
0.159139 0.149204 0.172953 0.176236 0.172185 0.170283
0.174603 0.162698 0.162698 0.162698 0.162698 0.174603
0.165079 0.137698 0.172222 0.176984 0.171032 0.176984
0.206349 0.158730 0.158730 0.158730 0.158730 0.158730
0.166236 0.165326 0.167107 0.166827 0.167100 0.167403
0.166327 0.165254 0.167367 0.166853 0.166832 0.167367
0.165199 0.152930 0.172655 0.169315 0.167245 0.172655
0.166667 0.166667 0.166667 0.166667 0.166667 0.166667
0.166155 0.163738 0.167994 0.167093 0.167026 0.167994
0.161577 0.159293 0.171837 0.167076 0.168379 0.171837
0.164284 0.286905 0.126984 0.150794 0.144048 0.126984
0.165313 0.156590 0.171055 0.168382 0.167606 0.171055
0.162007 0.157193 0.172323 0.167561 0.168593 0.172323
0.167063 0.133730 0.178968 0.174206 0.167063 0.178968
0.167857 0.129762 0.179762 0.175000 0.167857 0.179762
0.165573 0.153001 0.172153 0.169133 0.167987 0.172153
0.165963 0.179055 0.162399 0.166194 0.163988 0.162399
0.167509 0.157494 0.169545 0.167614 0.168294 0.169545
0.171825 0.127778 0.177778 0.173016 0.171825 0.177778
0.166667 0.166667 0.166667 0.166667 0.166667 0.166667
0.173107 0.143036 0.173107 0.168345 0.169299 0.173107
0.166667 0.166667 0.166667 0.166667 0.166667 0.166667
0.177778 0.132540 0.171825 0.173016 0.167063 0.177778
0.162698 0.162698 0.162698 0.186508 0.162698 0.162698
0.167211 0.164838 0.166912 0.167211 0.166616 0.167211
0.167062 0.165218 0.166796 0.167062 0.166799 0.167062
0.170334 0.153368 0.167682 0.170334 0.167948 0.170334
0.166667 0.166667 0.166667 0.166667 0.166667 0.166667
0.167296 0.164468 0.166817 0.167296 0.166826 0.167296
0.168720 0.159531 0.167103 0.168720 0.167206 0.168720
0.162698 0.246032 0.150794 0.138889 0.162698 0.138889
0.166050 0.162317 0.167038 0.168723 0.167149 0.168723
0.164367 0.162495 0.167381 0.169129 0.167500 0.169129
0.167857 0.152381 0.166667 0.172619 0.167857 0.172619
0.167063 0.156349 0.165873 0.171825 0.167063 0.171825
0.165765 0.163004 0.166751 0.168784 0.166911 0.168784
0.168448 0.169647 0.166242 0.164653 0.166356 0.164653
0.166069 0.164371 0.166749 0.168000 0.166811 0.168000
0.167063 0.156349 0.165873 0.171825 0.167063 0.171825
0.166667 0.166667 0.166667 0.166667 0.166667 0.166667
0.165609 0.159997 0.166563 0.170371 0.167088 0.170371
0.166667 0.166667 0.166667 0.166667 0.166667 0.166667
0.163492 0.163492 0.168254 0.168254 0.168254 0.168254
0.186508 0.162698 0.162698 0.162698 0.162698 0.162698
0.166236 0.166516 0.166812 0.166812 0.166812 0.166812
0.166282 0.166533 0.166796 0.166796 0.166796 0.166796
0.164280 0.165235 0.167621 0.167621 0.167621 0.167621
0.166667 0.166667 0.166667 0.166667 0.166667 0.166667
0.166073 0.166504 0.166504 0.166973 0.166973 0.166973
0.163203 0.166451 0.166451 0.167965 0.167965 0.167965
0.158730 0.182540 0.182540 0.158730 0.158730 0.158730
0.164964 0.166063 0.166063 0.167637 0.167637 0.167637
0.163241 0.166375 0.166375 0.168003 0.168003 0.168003
0.164286 0.164286 0.164286 0.169048 0.169048 0.169048
0.164286 0.164286 0.164286 0.169048 0.169048 0.169048
0.165087 0.166233 0.164360 0.168107 0.168107 0.168107
0.168978 0.166885 0.168588 0.165183 0.165183 0.165183
0.165850 0.166592 0.164215 0.167781 0.167781 0.167781
0.165873 0.165873 0.156349 0.170635 0.170635 0.170635
0.166667 0.166667 0.166667 0.166667 0.166667 0.166667
0.164887 0.166366 0.159800 0.169649 0.169649 0.169649
0.166667 0.166667 0.166667 0.166667 0.166667 0.166667
0.166667 0.161905 0.157143 0.171429 0.171429 0.171429
0.186508 0.162698 0.162698 0.162698 0.162698 0.162698
0.166433 0.166418 0.166122 0.167009 0.167009 0.167009
0.166069 0.166308 0.166314 0.167103 0.167103 0.167103
0.163224 0.162762 0.163136 0.170293 0.170293 0.170293
0.166667 0.166667 0.166667 0.166667 0.166667 0.166667
0.165545 0.165937 0.166425 0.167364 0.167364 0.167364
0.159740 0.164762 0.166603 0.169632 0.169632 0.169632
0.185317 0.195636 0.190476 0.142857 0.142857 0.142857
0.165617 0.163577 0.165341 0.168488 0.168488 0.168488
0.163784 0.163704 0.165685 0.168942 0.168942 0.168942
0.165873 0.156349 0.162302 0.171825 0.171825 0.171825
0.165873 0.156349 0.162302 0.171825 0.171825 0.171825
0.165217 0.162628 0.166634 0.168507 0.168507 0.168507
0.168544 0.169833 0.166683 0.164980 0.164980 0.164980
0.165581 0.163950 0.167617 0.167617 0.167617 0.167617
0.164286 0.154762 0.170238 0.170238 0.170238 0.170238
0.166667 0.166667 0.166667 0.166667 0.166667 0.166667
0.164887 0.153276 0.170459 0.170459 0.170459 0.170459
0.166667 0.166667 0.166667 0.166667 0.166667 0.166667
0.172222 0.146032 0.162698 0.173413 0.172222 0.173413
0.178571 0.154762 0.154762 0.178571 0.154762 0.178571
0.166977 0.165476 0.166670 0.166984 0.167261 0.166633
0.167420 0.165570 0.166362 0.166906 0.167154 0.166589
0.172868 0.155371 0.162794 0.169527 0.170217 0.169223
0.167460 0.167460 0.167460 0.167460 0.167460 0.162698
0.167766 0.164449 0.165868 0.166865 0.167287 0.167766
0.170592 0.159682 0.164329 0.165830 0.168975 0.170592
0.126984 0.257937 0.198413 0.150794 0.138889 0.126984
0.171121 0.159771 0.164603 0.165775 0.169436 0.169293
0.172242 0.160483 0.165489 0.162719 0.170494 0.168573
0.178968 0.142063 0.157540 0.169444 0.173016 0.178968
0.179762 0.142857 0.158333 0.170238 0.173809 0.175000
0.172262 0.158669 0.162576 0.166223 0.170229 0.170042
0.161827 0.173403 0.170112 0.169416 0.163416 0.161827
0.170742 0.162234 0.164674 0.166879 0.169491 0.165980
0.180403 0.143499 0.154213 0.170880 0.174451 0.176554
0.167460 0.167460 0.167460 0.167460 0.167460 0.162698
0.176138 0.154866 0.158674 0.166615 0.172330 0.171376
0.162698 0.162698 0.162698 0.162698 0.162698 0.186508
0.167063 0.151587 0.162302 0.168254 0.177778 0.173016
0.194444 0.146825 0.146825 0.194444 0.146825 0.170635
0.166443 0.166410 0.166417 0.166451 0.167603 0.166676
0.166379 0.166618 0.166624 0.166385 0.167413 0.166582
0.164945 0.164483 0.164857 0.165332 0.172014 0.168369
0.167460 0.167460 0.167460 0.167460 0.167460 0.162698
0.165923 0.166316 0.166334 0.165942 0.167743 0.167743
0.161579 0.166602 0.166928 0.161948 0.171471 0.171471
0.173412 0.183731 0.202381 0.178571 0.130952 0.130952
0.164664 0.163724 0.165487 0.167535 0.170208 0.168381
0.161764 0.164817 0.166798 0.166922 0.171684 0.168014
0.164286 0.154762 0.160714 0.170238 0.175000 0.175000
0.165873 0.151587 0.162302 0.171825 0.176587 0.171825
0.164823 0.159634 0.167386 0.168113 0.171132 0.168912
0.169939 0.172540 0.165985 0.166375 0.162580 0.162580
0.166078 0.162811 0.167668 0.168114 0.170045 0.165283
0.165721 0.146673 0.166911 0.171673 0.176435 0.172586
0.167460 0.167460 0.167460 0.167460 0.167460 0.162698
0.163600 0.156752 0.167369 0.169172 0.173934 0.169172
0.162698 0.162698 0.162698 0.162698 0.162698 0.186508
0.174603 0.136508 0.165079 0.174603 0.174603 0.174603
0.166667 0.166667 0.166667 0.166667 0.166667 0.166667
0.167110 0.164744 0.166814 0.167110 0.167110 0.167110
0.167061 0.164957 0.166798 0.167061 0.167061 0.167061
0.170643 0.149171 0.168257 0.170643 0.170643 0.170643
0.166667 0.166667 0.166667 0.166667 0.166667 0.166667
0.167450 0.163222 0.166980 0.167450 0.167450 0.167450
0.169191 0.155561 0.167676 0.169191 0.169191 0.169191
0.126984 0.341270 0.150794 0.126984 0.126984 0.126984
0.169027 0.156437 0.167453 0.169027 0.169027 0.169027
0.169110 0.156080 0.167481 0.169110 0.169110 0.169110
0.173809 0.135714 0.169048 0.173809 0.173809 0.173809
0.173016 0.139683 0.168254 0.173016 0.173016 0.173016
0.168852 0.157612 0.166979 0.168852 0.168852 0.168852
0.164680 0.174895 0.166383 0.164680 0.164680 0.164680
0.168252 0.161119 0.165874 0.168252 0.168252 0.168252
0.173016 0.144444 0.163492 0.173016 0.173016 0.173016
0.166667 0.166667 0.166667 0.166667 0.166667 0.166667
0.171044 0.151347 0.164478 0.171044 0.171044 0.171044
0.166667 0.166667 0.166667 0.166667 0.166667 0.166667
0.170238 0.154762 0.150000 0.175000 0.175000 0.175000
0.186508 0.162698 0.162698 0.162698 0.162698 0.162698
0.166631 0.166021 0.165725 0.167207 0.167207 0.167207
0.166634 0.166093 0.165830 0.167148 0.167148 0.167148
0.167152 0.163070 0.158299 0.170493 0.170493 0.170493
0.166667 0.166667 0.166667 0.166667 0.166667 0.166667
0.166546 0.166027 0.165088 0.167446 0.167446 0.167446
0.165004 0.163606 0.162091 0.169766 0.169766 0.169766
0.154762 0.214286 0.238095 0.130952 0.130952 0.130952
0.166837 0.163103 0.161530 0.169510 0.169510 0.169510
0.165181 0.163309 0.161680 0.169943 0.169943 0.169943
0.170238 0.154762 0.150000 0.175000 0.175000 0.175000
0.170238 0.154762 0.150000 0.175000 0.175000 0.175000
0.167013 0.162380 0.160507 0.170033 0.170033 0.170033
0.167313 0.170215 0.171917 0.163518 0.163518 0.163518
0.166663 0.163777 0.163777 0.168594 0.168594 0.168594
0.169444 0.153968 0.153968 0.174206 0.174206 0.174206
0.166667 0.166667 0.166667 0.166667 0.166667 0.166667
0.167251 0.158356 0.158356 0.172012 0.172012 0.172012
0.166667 0.166667 0.166667 0.166667 0.166667 0.166667
0.169841 0.155556 0.165079 0.169841 0.169841 0.169841
0.166667 0.166667 0.166667 0.166667 0.166667 0.166667
0.166864 0.165977 0.166568 0.166864 0.166864 0.166864
0.166842 0.166053 0.166579 0.166842 0.166842 0.166842
0.168257 0.161100 0.165871 0.168257 0.168257 0.168257
0.166667 0.166667 0.166667 0.166667 0.166667 0.166667
0.166229 0.165721 0.166660 0.167130 0.167130 0.167130
0.163456 0.165189 0.166703 0.168218 0.168218 0.168218
0.174603 0.198413 0.174603 0.150794 0.150794 0.150794
0.165488 0.163440 0.166588 0.168161 0.168161 0.168161
0.163784 0.163660 0.166917 0.168546 0.168546 0.168546
0.165873 0.156349 0.165873 0.170635 0.170635 0.170635
0.166667 0.157143 0.166667 0.171429 0.166667 0.171429
0.165711 0.163111 0.166858 0.168731 0.166858 0.168731
0.168410 0.169723 0.166318 0.164615 0.166318 0.164615
0.166048 0.164413 0.166790 0.167979 0.166790 0.167979
0.166667 0.157143 0.166667 0.171429 0.166667 0.171429
0.166667 0.166667 0.166667 0.166667 0.166667 0.166667
0.166703 0.157809 0.168182 0.171465 0.164375 0.171465
0.166667 0.166667 0.166667 0.166667 0.166667 0.166667
0.170238 0.145238 0.170238 0.175000 0.164286 0.175000
0.186508 0.162698 0.162698 0.162698 0.162698 0.162698
0.166631 0.165429 0.166912 0.167207 0.166612 0.167207
0.166634 0.165567 0.166885 0.167148 0.166619 0.167148
0.167550 0.156311 0.168505 0.170891 0.165853 0.170891
0.166667 0.166667 0.166667 0.166667 0.166667 0.166667
0.167374 0.164546 0.166905 0.167374 0.166425 0.167374
0.168973 0.159783 0.167458 0.168973 0.165841 0.168973
0.154762 0.261905 0.154762 0.130952 0.166667 0.130952
0.167136 0.160144 0.166550 0.169809 0.166550 0.169809
0.165493 0.160243 0.166878 0.170254 0.166878 0.170254
0.171429 0.145238 0.165476 0.176190 0.165476 0.176190
0.170635 0.144444 0.164682 0.175397 0.169444 0.175397
0.167379 0.156966 0.166492 0.170399 0.168365 0.170399
0.167067 0.174962 0.166564 0.163273 0.164861 0.163273
0.167080 0.160566 0.166571 0.169011 0.167760 0.169011
0.171429 0.140476 0.165476 0.176190 0.170238 0.176190
0.166667 0.166667 0.166667 0.166667 0.166667 0.166667
0.168044 0.152584 0.160953 0.172806 0.172806 0.172806
0.166667 0.166667 0.166667 0.166667 0.166667 0.166667
