0.246992 0.146992 0.126549 0.173336 0.168793 0.137339
0.167098 0.167098 0.166451 0.166451 0.166451 0.166451
0.137782 0.132610 0.182225 0.183919 0.184401 0.179063
0.245228 0.240648 0.128335 0.129668 0.129229 0.126893
0.155053 0.110833 0.176417 0.193475 0.198480 0.165741
0.168794 0.168794 0.165603 0.165603 0.165603 0.165603
0.169031 0.165156 0.164883 0.166331 0.164876 0.169723
0.241465 0.229722 0.127717 0.131971 0.127842 0.141283
0.132783 0.224053 0.194252 0.156055 0.203570 0.089286
0.217538 0.183584 0.144279 0.157951 0.151071 0.145577
0.160845 0.119824 0.176210 0.189651 0.187977 0.165494
0.264472 0.211297 0.111669 0.130314 0.109940 0.172307
0.185873 0.104366 0.142344 0.197423 0.161011 0.208983
0.165009 0.127439 0.170586 0.189207 0.178004 0.169756
0.232261 0.238146 0.135048 0.131149 0.135445 0.127951
0.174450 0.154785 0.164236 0.174366 0.166708 0.165455
0.192712 0.119697 0.145655 0.199336 0.149740 0.192861
0.165887 0.165887 0.167057 0.167057 0.167057 0.167057
0.238998 0.170420 0.141803 0.172677 0.141356 0.134745
0.166667 0.166667 0.166667 0.166667 0.166667 0.166667
0.294496 0.181948 0.133496 0.186504 0.108021 0.095536
0.171192 0.166170 0.165659 0.165659 0.165659 0.165659
0.133712 0.128744 0.184409 0.188737 0.183610 0.180789
0.258141 0.253998 0.121593 0.124340 0.121858 0.120070
0.139803 0.113163 0.184423 0.223386 0.175826 0.163398
0.167348 0.169291 0.165840 0.165840 0.165840 0.165840
0.166945 0.166956 0.164132 0.168446 0.165075 0.168446
0.280291 0.279085 0.102323 0.114458 0.107767 0.116076
0.164226 0.180402 0.249582 0.128052 0.161590 0.116147
0.229332 0.211552 0.133866 0.154224 0.140255 0.130770
0.132773 0.116629 0.182888 0.215593 0.190871 0.161247
0.291628 0.285712 0.082517 0.116639 0.100913 0.122591
0.126066 0.108058 0.160398 0.238367 0.172590 0.194522
0.125486 0.118388 0.181838 0.211693 0.189473 0.173123
0.274640 0.275390 0.116545 0.110631 0.113148 0.109646
0.169330 0.162717 0.162862 0.176853 0.170203 0.158035
0.174285 0.154870 0.140719 0.204571 0.164188 0.161367
0.165075 0.166012 0.167228 0.167228 0.167228 0.167228
0.235231 0.204035 0.131758 0.163025 0.155048 0.110902
0.162698 0.162698 0.186508 0.162698 0.162698 0.162698
0.273015 0.217460 0.129276 0.172086 0.168518 0.039645
0.162698 0.162698 0.186508 0.162698 0.162698 0.162698
0.146689 0.144037 0.178651 0.181628 0.179390 0.169605
0.229102 0.226752 0.137018 0.138278 0.137963 0.130887
0.159785 0.138171 0.183719 0.204962 0.188571 0.124791
0.166667 0.166667 0.166667 0.166667 0.166667 0.166667
0.167416 0.166457 0.165330 0.166765 0.166298 0.167733
0.247844 0.244609 0.123995 0.128050 0.125716 0.129785
0.159421 0.183231 0.181849 0.150794 0.181849 0.142857
0.218915 0.208166 0.143553 0.157950 0.154275 0.117141
0.140137 0.123581 0.188825 0.211451 0.203064 0.132943
0.268360 0.256455 0.107937 0.121358 0.116596 0.129294
0.149581 0.123599 0.172679 0.209995 0.201274 0.142873
0.140219 0.124768 0.185239 0.203943 0.199035 0.146795
0.258114 0.260086 0.122145 0.119858 0.120886 0.118911
0.170701 0.161588 0.165522 0.180253 0.174807 0.147130
0.172038 0.143242 0.157436 0.209415 0.189658 0.128212
0.166667 0.166667 0.166667 0.166667 0.166667 0.166667
0.227676 0.201588 0.133436 0.186530 0.163048 0.087722
0.166667 0.166667 0.166667 0.166667 0.166667 0.166667
0.227049 0.171891 0.149419 0.243463 0.166342 0.041837
0.169713 0.169713 0.165144 0.165144 0.165144 0.165144
0.133301 0.129185 0.184682 0.189953 0.187362 0.175517
0.257430 0.253776 0.122067 0.125687 0.123696 0.117344
0.146378 0.114245 0.185965 0.226256 0.202337 0.124818
0.167761 0.167761 0.166119 0.166119 0.166119 0.166119
0.166940 0.165521 0.167001 0.166532 0.166525 0.167481
0.259904 0.255257 0.121389 0.119875 0.120569 0.123006
0.158283 0.217807 0.151190 0.174999 0.158435 0.139285
0.214159 0.193802 0.150622 0.166097 0.152448 0.122873
0.156756 0.127757 0.184874 0.214757 0.184312 0.131543
0.251222 0.235746 0.128339 0.123578 0.126823 0.134292
0.147482 0.112895 0.194277 0.210681 0.188059 0.146605
0.143286 0.121944 0.191261 0.206265 0.188097 0.149148
0.252855 0.255898 0.122465 0.123493 0.123809 0.121479
0.172570 0.159620 0.173023 0.177545 0.167746 0.149495
0.186799 0.147315 0.184647 0.196682 0.156530 0.128027
0.165172 0.165172 0.167414 0.167414 0.167414 0.167414
0.224363 0.177911 0.162165 0.179197 0.150521 0.105842
0.166667 0.166667 0.166667 0.166667 0.166667 0.166667
0.260256 0.168193 0.146121 0.173111 0.151067 0.101252
0.166667 0.166667 0.166667 0.166667 0.166667 0.166667
0.148965 0.143720 0.178820 0.179574 0.176318 0.172603
0.223203 0.218283 0.141001 0.141554 0.139439 0.136519
0.166246 0.123166 0.190351 0.200646 0.170332 0.149260
0.166667 0.166667 0.166667 0.166667 0.166667 0.166667
0.167819 0.165911 0.165718 0.167165 0.164775 0.168613
0.229606 0.223240 0.135203 0.137795 0.131377 0.142780
0.154211 0.213735 0.158935 0.150794 0.211213 0.111111
0.217142 0.190159 0.156068 0.158833 0.144390 0.133408
0.148743 0.117329 0.196165 0.202753 0.180789 0.154222
0.261719 0.239100 0.117228 0.129025 0.103269 0.149659
0.160553 0.115947 0.175254 0.212978 0.148127 0.187140
0.152258 0.126421 0.184776 0.199676 0.171284 0.165586
0.236264 0.240250 0.132041 0.130155 0.134056 0.127234
0.171556 0.157431 0.168350 0.178824 0.164504 0.159335
0.177003 0.131203 0.161279 0.208364 0.154621 0.167529
0.166667 0.166667 0.166667 0.166667 0.166667 0.166667
0.222073 0.179303 0.153432 0.183148 0.143252 0.118791
0.166667 0.166667 0.166667 0.166667 0.166667 0.166667
0.236055 0.167801 0.152589 0.208678 0.146055 0.088823
0.167098 0.167098 0.166451 0.166451 0.166451 0.166451
0.142619 0.139075 0.179526 0.183865 0.180654 0.174261
0.233497 0.230620 0.133626 0.136998 0.134493 0.130765
0.152975 0.128792 0.172793 0.206477 0.191948 0.147014
0.168794 0.168794 0.165603 0.165603 0.165603 0.165603
0.167377 0.165479 0.165840 0.167256 0.165834 0.168214
0.228989 0.222725 0.134543 0.138392 0.133723 0.141627
0.159766 0.231195 0.183833 0.128968 0.191078 0.105159
0.203428 0.186198 0.146520 0.167641 0.156445 0.139769
0.157974 0.136517 0.169106 0.197507 0.188710 0.150186
0.237876 0.216447 0.131278 0.136366 0.129761 0.148271
0.160650 0.126322 0.166435 0.198380 0.186189 0.162023
0.157240 0.137251 0.169804 0.190794 0.187791 0.157121
0.231598 0.236612 0.134873 0.132501 0.133887 0.130529
0.170758 0.158938 0.165252 0.175359 0.172141 0.157552
0.183090 0.135778 0.158380 0.191356 0.177079 0.154317
0.165887 0.165887 0.167057 0.167057 0.167057 0.167057
0.220001 0.168900 0.145066 0.171312 0.168717 0.126004
0.166667 0.166667 0.166667 0.166667 0.166667 0.166667
0.263732 0.156986 0.105145 0.204006 0.175341 0.094790
0.166667 0.166667 0.166667 0.166667 0.166667 0.166667
0.145518 0.141273 0.176084 0.182811 0.180703 0.173611
0.233873 0.230107 0.133032 0.136967 0.135363 0.130657
0.154489 0.121139 0.163081 0.215829 0.193872 0.151590
0.166667 0.166667 0.166667 0.166667 0.166667 0.166667
0.167647 0.165739 0.164153 0.167010 0.167013 0.168438
0.228657 0.222290 0.130128 0.137264 0.139649 0.142013
0.153866 0.213390 0.234332 0.154762 0.136507 0.107143
0.210088 0.187798 0.144525 0.168128 0.155662 0.133799
0.151717 0.125186 0.171582 0.212831 0.187948 0.150735
0.241383 0.212811 0.112533 0.131472 0.147709 0.154091
0.160284 0.115612 0.145210 0.212698 0.194310 0.171885
0.153216 0.130221 0.170017 0.202369 0.185888 0.158289
0.222054 0.228054 0.141166 0.139109 0.135478 0.134138
0.171951 0.156715 0.162944 0.179019 0.171709 0.157662
0.181840 0.132164 0.140457 0.200123 0.186122 0.159294
0.165887 0.165887 0.167057 0.167057 0.167057 0.167057
0.207594 0.171473 0.144398 0.196737 0.159519 0.120279
0.166667 0.166667 0.166667 0.166667 0.166667 0.166667
0.213847 0.157498 0.185970 0.212259 0.153358 0.077069
0.167098 0.167098 0.166451 0.166451 0.166451 0.166451
0.139543 0.134651 0.184183 0.185533 0.182207 0.173883
0.233382 0.229037 0.136237 0.136861 0.135164 0.129319
0.152873 0.114893 0.201609 0.212673 0.185341 0.132611
0.168794 0.168794 0.165603 0.165603 0.165603 0.165603
0.167053 0.165625 0.166481 0.165990 0.166948 0.167903
0.251439 0.246690 0.125129 0.122612 0.125846 0.128284
0.168048 0.215668 0.167269 0.171928 0.148119 0.128968
0.213575 0.193069 0.159154 0.157389 0.151041 0.125771
0.133586 0.106560 0.210783 0.210992 0.192128 0.145951
0.277365 0.266651 0.117323 0.105418 0.112887 0.120356
0.125203 0.090760 0.214074 0.203254 0.198754 0.167954
0.130133 0.106629 0.206844 0.203699 0.191488 0.161208
0.268218 0.270189 0.114649 0.116621 0.116305 0.114018
0.165515 0.151336 0.179921 0.177444 0.171865 0.153919
0.145215 0.104390 0.209723 0.198069 0.186719 0.155884
0.166667 0.166667 0.166667 0.166667 0.166667 0.166667
0.221786 0.171741 0.179234 0.166360 0.160477 0.100401
0.166667 0.166667 0.166667 0.166667 0.166667 0.166667
0.245033 0.139724 0.208027 0.181081 0.141039 0.085096
0.166170 0.171192 0.165659 0.165659 0.165659 0.165659
0.135975 0.129809 0.186897 0.186216 0.183099 0.178005
0.251524 0.246054 0.128195 0.127417 0.125376 0.121434
0.154415 0.102842 0.208765 0.202684 0.180233 0.151060
0.169291 0.167348 0.165840 0.165840 0.165840 0.165840
0.166960 0.165511 0.167006 0.166527 0.166044 0.167952
0.234580 0.230919 0.133882 0.132264 0.132138 0.136216
0.192203 0.219678 0.151171 0.163075 0.153757 0.120116
0.214476 0.182651 0.159179 0.165285 0.148081 0.130327
0.158387 0.109277 0.200110 0.207934 0.177462 0.146830
0.252369 0.239635 0.127594 0.123158 0.123370 0.133873
0.154139 0.105451 0.202708 0.210506 0.167329 0.159866
0.151421 0.117820 0.196747 0.202020 0.178554 0.153438
0.246161 0.246400 0.127374 0.127058 0.126977 0.126030
0.171396 0.152638 0.175557 0.181026 0.167451 0.151932
0.176441 0.126050 0.190038 0.209241 0.161769 0.136460
0.166012 0.165075 0.167228 0.167228 0.167228 0.167228
0.231998 0.167435 0.169131 0.188544 0.143323 0.099569
0.166667 0.166667 0.166667 0.166667 0.166667 0.166667
0.242651 0.177326 0.165191 0.187072 0.173536 0.054224
0.171192 0.166170 0.165659 0.165659 0.165659 0.165659
0.132579 0.129177 0.186164 0.187589 0.187110 0.177381
0.256821 0.253799 0.123448 0.123984 0.124040 0.117909
0.129759 0.114024 0.199338 0.211377 0.205772 0.139730
0.167348 0.169291 0.165840 0.165840 0.165840 0.165840
0.166684 0.165737 0.165462 0.167367 0.166897 0.167852
0.266849 0.262423 0.113690 0.119259 0.117671 0.120108
0.181340 0.213390 0.208313 0.129639 0.143234 0.124084
0.221454 0.209132 0.146505 0.151076 0.150380 0.121454
0.121203 0.112391 0.203700 0.210725 0.205546 0.146435
0.288158 0.271131 0.094405 0.115834 0.111501 0.118971
0.116016 0.093346 0.193344 0.210622 0.213282 0.173390
0.119698 0.109211 0.198322 0.205238 0.203561 0.163970
0.296122 0.298840 0.104269 0.100240 0.100915 0.099613
0.163005 0.156771 0.172910 0.176265 0.174686 0.156363
0.156932 0.128803 0.177742 0.187987 0.193720 0.154817
0.165075 0.166012 0.167228 0.167228 0.167228 0.167228
0.217842 0.192217 0.152787 0.163309 0.160634 0.113211
0.166667 0.166667 0.166667 0.166667 0.166667 0.166667
0.241232 0.159089 0.153289 0.196055 0.172784 0.077552
0.167098 0.167098 0.166451 0.166451 0.166451 0.166451
0.120029 0.115111 0.193719 0.195923 0.192090 0.183129
0.285725 0.281359 0.108735 0.110419 0.109456 0.104306
0.125397 0.089197 0.211169 0.228588 0.200374 0.145275
0.168794 0.168794 0.165603 0.165603 0.165603 0.165603
0.167489 0.166051 0.165298 0.166254 0.166730 0.168178
0.284495 0.279628 0.104986 0.107277 0.110548 0.113067
0.172120 0.215771 0.179761 0.163992 0.143356 0.125000
0.225772 0.195045 0.151670 0.152666 0.153824 0.121023
0.134871 0.096370 0.209727 0.211210 0.201193 0.146628
0.278869 0.260218 0.101984 0.109985 0.119118 0.129827
0.143290 0.093136 0.185598 0.213150 0.192779 0.172046
0.136966 0.107253 0.196968 0.203768 0.195288 0.159758
0.258259 0.262205 0.121597 0.120974 0.119938 0.117027
0.169074 0.148617 0.174699 0.177546 0.173440 0.156624
0.167358 0.107687 0.179526 0.209404 0.175812 0.160213
0.165887 0.165887 0.167057 0.167057 0.167057 0.167057
0.221240 0.158890 0.169412 0.174481 0.167338 0.108639
0.166667 0.166667 0.166667 0.166667 0.166667 0.166667
0.273531 0.119960 0.181000 0.168622 0.177031 0.079856
0.166667 0.166667 0.166667 0.166667 0.166667 0.166667
0.141217 0.133445 0.182627 0.183250 0.183578 0.175881
0.246105 0.239209 0.129960 0.129093 0.130336 0.125297
0.150158 0.091504 0.199419 0.203615 0.204123 0.151181
0.166667 0.166667 0.166667 0.166667 0.166667 0.166667
0.167284 0.165377 0.165510 0.167437 0.165510 0.168882
0.259299 0.252932 0.118834 0.123044 0.118834 0.127057
0.175578 0.235102 0.167408 0.147361 0.167408 0.107143
0.226628 0.196621 0.147762 0.151857 0.146991 0.130142
0.132012 0.090830 0.201963 0.209023 0.202703 0.163470
0.292775 0.270156 0.104421 0.108645 0.101285 0.122718
0.131841 0.077525 0.192552 0.214658 0.176806 0.206618
0.134449 0.100976 0.196612 0.204099 0.194357 0.169507
0.272094 0.275094 0.114502 0.112885 0.114144 0.111280
0.166261 0.149616 0.171949 0.178775 0.175950 0.157449
0.152956 0.105701 0.177439 0.202018 0.175858 0.186027
0.166667 0.166667 0.166667 0.166667 0.166667 0.166667
0.232002 0.171755 0.155129 0.170160 0.163870 0.107084
0.186508 0.162698 0.162698 0.162698 0.162698 0.162698
0.242161 0.178669 0.130802 0.209548 0.166989 0.071832
0.186508 0.162698 0.162698 0.162698 0.162698 0.162698
0.137426 0.134086 0.183015 0.186411 0.183876 0.175187
0.239522 0.236098 0.130765 0.134616 0.133073 0.125927
0.142502 0.112393 0.186956 0.217777 0.195321 0.145051
0.166667 0.166667 0.166667 0.166667 0.166667 0.166667
0.167156 0.166188 0.166665 0.166665 0.165217 0.168109
0.231236 0.227883 0.134840 0.134855 0.132247 0.138939
0.195930 0.191962 0.180158 0.148412 0.164490 0.119048
0.213736 0.193501 0.142577 0.167228 0.159277 0.123681
0.148086 0.121219 0.175111 0.212722 0.201994 0.140869
0.250825 0.236936 0.123416 0.127346 0.122226 0.139251
0.150061 0.120117 0.163746 0.218139 0.191849 0.156088
0.150416 0.129117 0.172202 0.205711 0.193511 0.149042
0.239879 0.242758 0.130633 0.129056 0.130590 0.127084
0.174030 0.159510 0.161800 0.180869 0.171615 0.152177
0.177895 0.128361 0.139396 0.223770 0.178773 0.151805
0.165887 0.165887 0.167057 0.167057 0.167057 0.167057
0.232723 0.182022 0.121825 0.193896 0.163109 0.106425
0.162698 0.162698 0.186508 0.162698 0.162698 0.162698
0.220565 0.174930 0.143656 0.226794 0.152800 0.081255
0.163130 0.163130 0.186292 0.162483 0.162483 0.162483
0.131309 0.129152 0.184538 0.189919 0.186540 0.178542
0.255502 0.253606 0.122422 0.126582 0.122931 0.118957
0.136460 0.118491 0.178013 0.225554 0.194156 0.147327
0.168794 0.168794 0.165603 0.165603 0.165603 0.165603
0.167233 0.166264 0.164236 0.167579 0.166134 0.168554
0.271700 0.268347 0.109296 0.117444 0.113271 0.119942
0.189415 0.209257 0.202137 0.129504 0.156591 0.113095
0.217262 0.210399 0.141108 0.160498 0.144570 0.126163
0.111546 0.103532 0.199135 0.222830 0.206547 0.156410
0.295372 0.281483 0.090314 0.113515 0.098110 0.121206
0.111935 0.094255 0.176475 0.226348 0.195552 0.195436
0.116656 0.109208 0.193624 0.211361 0.199759 0.169393
0.286204 0.287190 0.108871 0.105909 0.107211 0.104616
0.159524 0.155382 0.173690 0.178796 0.174853 0.157755
0.141484 0.123817 0.181844 0.198649 0.187256 0.166949
0.166667 0.166667 0.166667 0.166667 0.166667 0.166667
0.214208 0.191541 0.161899 0.167170 0.162796 0.102386
0.166667 0.166667 0.166667 0.166667 0.166667 0.166667
0.291593 0.159450 0.120230 0.171520 0.164504 0.092703
0.166667 0.166667 0.166667 0.166667 0.166667 0.166667
0.129012 0.123062 0.186075 0.189846 0.189673 0.182332
0.269446 0.264358 0.116416 0.118485 0.116843 0.114453
0.133921 0.086708 0.184286 0.212587 0.210300 0.172198
0.166667 0.166667 0.166667 0.166667 0.166667 0.166667
0.167142 0.166164 0.164870 0.166791 0.165835 0.169197
0.254641 0.251186 0.119619 0.124538 0.119723 0.130292
0.202625 0.210562 0.181950 0.137403 0.180158 0.087302
0.232142 0.204762 0.137742 0.149457 0.140568 0.135329
0.141795 0.103746 0.184809 0.201147 0.199495 0.169008
0.280950 0.265871 0.100636 0.116471 0.095004 0.141069
0.150808 0.105387 0.153894 0.193123 0.191092 0.205697
0.143600 0.117749 0.178709 0.191809 0.193492 0.174641
0.261250 0.263140 0.120988 0.118386 0.121706 0.114529
0.169592 0.157335 0.163619 0.174014 0.171942 0.163498
0.167642 0.126158 0.142541 0.190693 0.180895 0.192071
0.166667 0.166667 0.166667 0.166667 0.166667 0.166667
0.234549 0.190030 0.133097 0.166680 0.145192 0.130452
0.166667 0.166667 0.166667 0.166667 0.166667 0.166667
0.248198 0.170024 0.167740 0.160210 0.157791 0.096038
0.166667 0.166667 0.166667 0.166667 0.166667 0.166667
0.137878 0.133469 0.184798 0.183343 0.183591 0.176921
0.245336 0.241687 0.129906 0.129088 0.129302 0.124680
0.156251 0.126901 0.198801 0.183645 0.189615 0.144787
0.168794 0.168794 0.165603 0.165603 0.165603 0.165603
0.167674 0.166725 0.165325 0.165334 0.166744 0.168198
0.241547 0.238415 0.126555 0.126731 0.131275 0.135477
0.161457 0.197171 0.183833 0.205952 0.134523 0.117063
0.209629 0.191224 0.155177 0.156903 0.154948 0.132119
0.144393 0.120308 0.198392 0.198608 0.187493 0.150806
0.253933 0.243219 0.113830 0.117625 0.131910 0.139483
0.148582 0.119245 0.186664 0.190917 0.183426 0.171166
0.146839 0.127711 0.189303 0.194190 0.182146 0.159811
0.242140 0.244154 0.130212 0.129978 0.127921 0.125595
0.168028 0.156310 0.173559 0.174948 0.169135 0.158020
0.160358 0.133500 0.181670 0.183569 0.174459 0.166444
0.165887 0.165887 0.167057 0.167057 0.167057 0.167057
0.212418 0.172644 0.166489 0.173729 0.148249 0.126470
0.166667 0.166667 0.166667 0.166667 0.166667 0.166667
