0.136111 0.110714 0.161508 0.218254 0.173809 0.199603
0.166667 0.166667 0.166667 0.166667 0.166667 0.166667
0.165501 0.163442 0.166624 0.169004 0.167305 0.168123
0.165811 0.163715 0.166806 0.168654 0.167144 0.167869
0.159264 0.143376 0.165681 0.182241 0.170574 0.178863
0.166667 0.166667 0.166667 0.166667 0.166667 0.166667
0.165601 0.161364 0.165668 0.169435 0.167528 0.170404
0.164473 0.149123 0.163606 0.174192 0.169443 0.179162
0.154762 0.345238 0.234127 0.099206 0.123016 0.043651
0.165834 0.150766 0.164971 0.173823 0.170672 0.173934
0.167467 0.149193 0.163337 0.175668 0.172171 0.172164
0.163095 0.113095 0.158730 0.184127 0.172222 0.208730
0.158703 0.113465 0.163862 0.186946 0.175042 0.201981
0.165479 0.150173 0.162752 0.175835 0.171769 0.173992
0.168147 0.179293 0.170441 0.162216 0.163721 0.156183
0.165857 0.156223 0.163868 0.172182 0.172120 0.169749
0.156363 0.118901 0.163345 0.185094 0.183903 0.192393
0.166667 0.166667 0.166667 0.166667 0.166667 0.166667
0.163075 0.135762 0.160059 0.182840 0.182315 0.175949
0.166667 0.166667 0.166667 0.166667 0.166667 0.166667
0.172619 0.133730 0.154365 0.178571 0.174603 0.186111
0.162698 0.162698 0.162698 0.186508 0.162698 0.162698
0.167139 0.164758 0.165862 0.167952 0.167334 0.166954
0.166909 0.165056 0.166041 0.167899 0.167083 0.167012
0.167991 0.150787 0.165498 0.176554 0.166215 0.172955
0.166667 0.166667 0.166667 0.166667 0.166667 0.166667
0.166403 0.162597 0.167880 0.167419 0.165444 0.170257
0.164317 0.154907 0.169644 0.169274 0.162700 0.179158
0.176587 0.315476 0.162698 0.097222 0.188492 0.059524
0.165855 0.152152 0.167880 0.174259 0.164280 0.175575
0.166743 0.150639 0.168781 0.174118 0.164995 0.174724
0.153175 0.105952 0.189682 0.189682 0.147222 0.214286
0.163560 0.109127 0.182471 0.187370 0.144910 0.212562
0.167860 0.144551 0.170312 0.174847 0.161731 0.180698
0.167487 0.183161 0.163039 0.161819 0.170408 0.154085
0.166085 0.153941 0.168671 0.171535 0.163513 0.176255
0.160106 0.106932 0.179788 0.188678 0.146217 0.218280
0.166667 0.166667 0.166667 0.166667 0.166667 0.166667
0.163603 0.131757 0.172484 0.180638 0.155262 0.196257
0.166667 0.166667 0.166667 0.166667 0.166667 0.166667
0.172619 0.104762 0.155952 0.194048 0.158730 0.213889
0.166667 0.166667 0.166667 0.166667 0.166667 0.166667
0.167110 0.163543 0.165628 0.168300 0.166507 0.168911
0.167018 0.163847 0.165697 0.168073 0.166749 0.168615
0.169008 0.143921 0.158583 0.177269 0.168781 0.182437
0.166667 0.166667 0.166667 0.166667 0.166667 0.166667
0.167459 0.161784 0.164123 0.169348 0.167449 0.169837
0.170632 0.150429 0.157987 0.175160 0.168897 0.176895
0.123016 0.349206 0.273809 0.059524 0.142857 0.051587
0.170563 0.153821 0.156665 0.174982 0.167301 0.176669
0.171258 0.152745 0.155864 0.174497 0.167623 0.178012
0.181349 0.127778 0.130556 0.190079 0.167460 0.202778
0.178175 0.124603 0.130556 0.194841 0.172222 0.199603
0.170885 0.151353 0.155419 0.176825 0.166819 0.178698
0.161680 0.180454 0.175836 0.158670 0.166297 0.157063
0.170691 0.156115 0.158617 0.173194 0.167000 0.174382
0.184524 0.121429 0.128571 0.196429 0.167857 0.201190
0.166667 0.166667 0.166667 0.166667 0.166667 0.166667
0.178682 0.136662 0.144278 0.186298 0.167783 0.186298
0.166667 0.166667 0.166667 0.166667 0.166667 0.166667
0.169444 0.131349 0.124206 0.198413 0.169444 0.207143
0.166667 0.166667 0.166667 0.166667 0.166667 0.166667
0.167083 0.164882 0.164395 0.168476 0.166963 0.168200
0.166995 0.165303 0.164603 0.168229 0.166887 0.167982
0.169464 0.156073 0.149550 0.178543 0.166589 0.179781
0.166667 0.166667 0.166667 0.166667 0.166667 0.166667
0.167400 0.163546 0.163086 0.168828 0.166393 0.170746
0.169564 0.154742 0.154845 0.174298 0.165755 0.180797
0.150794 0.289683 0.265873 0.111111 0.134921 0.047619
0.168925 0.154594 0.156170 0.175115 0.168381 0.176815
0.169011 0.154031 0.153201 0.178443 0.169287 0.176027
0.178968 0.115079 0.122222 0.199603 0.163889 0.220238
0.179712 0.112320 0.127728 0.202797 0.161130 0.216312
0.169651 0.149199 0.153105 0.179467 0.168731 0.179847
0.164805 0.179804 0.176793 0.158593 0.165850 0.154155
0.167202 0.157102 0.158291 0.174577 0.168113 0.174715
0.172869 0.113109 0.130409 0.202394 0.166680 0.214539
0.166667 0.166667 0.166667 0.166667 0.166667 0.166667
0.166475 0.131404 0.144536 0.191355 0.170141 0.196088
0.166667 0.166667 0.166667 0.166667 0.166667 0.166667
0.181746 0.097619 0.142063 0.209127 0.180159 0.189286
0.166667 0.166667 0.166667 0.166667 0.166667 0.166667
0.167627 0.162968 0.165420 0.169034 0.167631 0.167320
0.167784 0.163378 0.165561 0.168769 0.167260 0.167248
0.174913 0.140751 0.158037 0.182577 0.170909 0.172812
0.166667 0.166667 0.166667 0.166667 0.166667 0.166667
0.168089 0.161004 0.165232 0.169038 0.167130 0.169507
0.171061 0.149549 0.161665 0.174192 0.167826 0.175707
0.123016 0.384921 0.230159 0.075397 0.134921 0.051587
0.171229 0.150138 0.158696 0.177672 0.169782 0.172483
0.173768 0.146272 0.156140 0.182381 0.172466 0.168972
0.176587 0.112302 0.149206 0.193254 0.170635 0.198016
0.178834 0.110279 0.143263 0.198585 0.179188 0.189851
0.173296 0.146210 0.154747 0.181688 0.173525 0.170533
0.163721 0.184508 0.171450 0.159104 0.163721 0.157497
0.171810 0.152402 0.160466 0.175648 0.170636 0.169037
0.185389 0.111050 0.145017 0.200003 0.176634 0.181907
0.166667 0.166667 0.166667 0.166667 0.166667 0.166667
0.186975 0.126367 0.148297 0.196382 0.173135 0.168844
0.166667 0.166667 0.166667 0.166667 0.166667 0.166667
0.195635 0.095635 0.121032 0.223413 0.186508 0.177778
0.166667 0.166667 0.166667 0.166667 0.166667 0.166667
0.168268 0.163059 0.164383 0.169762 0.167482 0.167046
0.168089 0.163464 0.164374 0.169416 0.167652 0.167005
0.176714 0.140234 0.148818 0.187569 0.174264 0.172401
0.166667 0.166667 0.166667 0.166667 0.166667 0.166667
0.167218 0.162463 0.163872 0.169605 0.166748 0.170094
0.168777 0.151353 0.159028 0.176746 0.165615 0.178481
0.119048 0.341270 0.222222 0.067460 0.190476 0.059524
0.175032 0.146259 0.157456 0.181222 0.167131 0.172899
0.175830 0.142726 0.157984 0.184313 0.167813 0.171334
0.182143 0.102778 0.134921 0.208730 0.154762 0.216667
0.186598 0.101074 0.134550 0.213185 0.156841 0.207752
0.174582 0.141171 0.157915 0.184398 0.164205 0.177729
0.164709 0.181213 0.173675 0.155577 0.170665 0.154161
0.170760 0.150436 0.161927 0.178204 0.164429 0.174243
0.181901 0.097245 0.135051 0.216425 0.155069 0.214308
0.166667 0.166667 0.166667 0.166667 0.166667 0.166667
0.178596 0.117978 0.144066 0.200919 0.166588 0.191853
0.166667 0.166667 0.166667 0.166667 0.166667 0.166667
0.169048 0.090079 0.156349 0.215079 0.162302 0.207143
0.166667 0.166667 0.166667 0.166667 0.166667 0.166667
0.166983 0.162113 0.166182 0.169371 0.166979 0.168372
0.166813 0.162485 0.166365 0.169207 0.166810 0.168320
0.164973 0.135660 0.164009 0.187117 0.166773 0.181469
0.166667 0.166667 0.166667 0.166667 0.166667 0.166667
0.165708 0.160953 0.166178 0.170492 0.166177 0.170492
0.161799 0.147639 0.164930 0.179550 0.166533 0.179550
0.212302 0.367063 0.168651 0.043651 0.164683 0.043651
0.162697 0.148897 0.167325 0.178509 0.167423 0.175149
0.164823 0.145815 0.167164 0.180758 0.167490 0.173949
0.144444 0.109921 0.164286 0.203571 0.169444 0.208333
0.143474 0.109723 0.166538 0.208553 0.166025 0.205687
0.159940 0.144444 0.168263 0.182785 0.166200 0.178368
0.171594 0.182650 0.167078 0.156597 0.167090 0.154990
0.163921 0.152896 0.166354 0.176524 0.166416 0.173889
0.147285 0.104488 0.166553 0.212364 0.161411 0.207899
0.166667 0.166667 0.166667 0.166667 0.166667 0.166667
0.157460 0.124889 0.171441 0.197004 0.164875 0.184331
0.166667 0.166667 0.166667 0.166667 0.166667 0.166667
0.172222 0.091270 0.192857 0.201984 0.165476 0.176190
0.166667 0.166667 0.166667 0.166667 0.166667 0.166667
0.167471 0.162800 0.168164 0.168475 0.166977 0.166113
0.167517 0.163102 0.168133 0.168136 0.167077 0.166034
0.171594 0.139605 0.175441 0.177885 0.169087 0.166387
0.166667 0.166667 0.166667 0.166667 0.166667 0.166667
0.166407 0.161220 0.167854 0.168343 0.166885 0.169292
0.166966 0.148571 0.170303 0.172039 0.166951 0.175170
0.134921 0.404762 0.123016 0.115079 0.142857 0.079365
0.169104 0.144639 0.170665 0.175516 0.170777 0.169299
0.171675 0.140394 0.170620 0.177651 0.173543 0.166116
0.161905 0.101587 0.170238 0.195635 0.169048 0.201587
0.170976 0.094348 0.170627 0.196024 0.178119 0.189906
0.172842 0.139467 0.166842 0.176908 0.175035 0.168905
0.165365 0.184544 0.167174 0.160938 0.162545 0.159433
0.169861 0.151579 0.167476 0.172363 0.172495 0.166225
0.172490 0.106341 0.166758 0.188980 0.187570 0.177861
0.166667 0.166667 0.166667 0.166667 0.166667 0.166667
0.174427 0.124916 0.167661 0.182042 0.183292 0.167661
0.166667 0.166667 0.166667 0.166667 0.166667 0.166667
0.158333 0.117857 0.150794 0.203571 0.186111 0.183333
0.166667 0.166667 0.166667 0.166667 0.166667 0.166667
0.166335 0.163767 0.166043 0.168738 0.167843 0.167275
0.166329 0.164308 0.166069 0.168464 0.167669 0.167160
0.164475 0.145219 0.162675 0.180523 0.174023 0.173085
0.166667 0.166667 0.166667 0.166667 0.166667 0.166667
0.166083 0.162296 0.164674 0.169458 0.168030 0.169458
0.164493 0.152068 0.159964 0.176080 0.171316 0.176080
0.166667 0.321429 0.230159 0.075397 0.130952 0.075397
0.166910 0.153221 0.162492 0.176501 0.170382 0.170493
0.167344 0.151259 0.164106 0.178010 0.171237 0.168043
0.159127 0.117460 0.150397 0.198413 0.176190 0.198413
0.161847 0.112970 0.153117 0.201133 0.178911 0.192021
0.167239 0.145833 0.165395 0.177654 0.171845 0.172035
0.166983 0.182645 0.168578 0.159523 0.164254 0.158017
0.165937 0.153738 0.165944 0.173465 0.169829 0.171087
0.159787 0.104469 0.160581 0.197883 0.181613 0.195667
0.166667 0.166667 0.166667 0.166667 0.166667 0.166667
0.164770 0.126033 0.161687 0.188217 0.177643 0.181651
0.166667 0.166667 0.166667 0.166667 0.166667 0.166667
0.155952 0.117857 0.154762 0.196825 0.176587 0.198016
0.166667 0.166667 0.166667 0.166667 0.166667 0.166667
0.166297 0.163917 0.166294 0.168390 0.166896 0.168205
0.166339 0.164223 0.166336 0.168198 0.166871 0.168033
0.163308 0.148360 0.163120 0.178803 0.167780 0.178629
0.166667 0.166667 0.166667 0.166667 0.166667 0.166667
0.165629 0.162782 0.166569 0.168976 0.166588 0.169455
0.162903 0.155023 0.165932 0.174185 0.166153 0.175803
0.204365 0.287698 0.156746 0.095238 0.184524 0.071429
0.163281 0.155600 0.166236 0.172693 0.166347 0.175844
0.161551 0.154678 0.166437 0.173631 0.166576 0.177127
0.144841 0.126984 0.163889 0.193254 0.165873 0.205159
0.144048 0.130952 0.163095 0.192460 0.165079 0.204365
0.158493 0.156300 0.164113 0.176442 0.166176 0.178475
0.172674 0.175583 0.169359 0.158776 0.166337 0.157271
0.162986 0.159232 0.164112 0.172899 0.166621 0.174150
0.151984 0.130952 0.147619 0.201587 0.160317 0.207540
0.166667 0.166667 0.166667 0.166667 0.166667 0.166667
0.156768 0.144095 0.158276 0.187122 0.162809 0.190930
0.166667 0.166667 0.166667 0.166667 0.166667 0.166667
0.152778 0.158730 0.135317 0.189682 0.168651 0.194841
0.166667 0.166667 0.166667 0.166667 0.166667 0.166667
0.166285 0.166995 0.164870 0.167883 0.167071 0.166896
0.166327 0.166957 0.165072 0.167747 0.167027 0.166869
0.164173 0.167977 0.153927 0.174060 0.168436 0.171427
0.166667 0.166667 0.166667 0.166667 0.166667 0.166667
0.166288 0.165809 0.164821 0.166748 0.166720 0.169615
0.165787 0.164184 0.160611 0.165699 0.166890 0.176829
0.210317 0.206349 0.218254 0.170635 0.126984 0.067460
0.164332 0.167831 0.157612 0.170884 0.167203 0.172138
0.165120 0.169733 0.154827 0.173110 0.167803 0.169407
0.167460 0.160714 0.135714 0.171429 0.159127 0.205556
0.166835 0.165550 0.132359 0.176264 0.161232 0.197759
0.166462 0.167381 0.155756 0.171288 0.166332 0.172781
0.166411 0.169702 0.172241 0.166590 0.167713 0.157343
0.166594 0.166934 0.160137 0.169374 0.166538 0.170424
0.161894 0.169787 0.139496 0.172565 0.164849 0.191408
0.166667 0.166667 0.166667 0.166667 0.166667 0.166667
0.164122 0.168797 0.147641 0.174638 0.168330 0.176471
0.166667 0.166667 0.166667 0.166667 0.166667 0.166667
0.174206 0.153968 0.153968 0.183333 0.166270 0.168254
0.166667 0.166667 0.166667 0.166667 0.166667 0.166667
0.166872 0.165578 0.166266 0.167659 0.167049 0.166575
0.166893 0.165479 0.166355 0.167593 0.167052 0.166629
0.168736 0.156406 0.164024 0.173369 0.168292 0.169173
0.166667 0.166667 0.166667 0.166667 0.166667 0.166667
0.166670 0.163343 0.166190 0.168098 0.166641 0.169057
0.166708 0.154166 0.165076 0.172972 0.166370 0.174707
0.158730 0.317460 0.202381 0.095238 0.138889 0.087302
0.166587 0.154251 0.164967 0.174028 0.170766 0.169400
0.166803 0.154087 0.164709 0.175670 0.172035 0.166696
0.167460 0.115873 0.161905 0.186905 0.173016 0.194841
0.163737 0.114599 0.165764 0.193213 0.171388 0.191300
0.165849 0.148130 0.165940 0.177500 0.171020 0.171560
0.167664 0.181641 0.166362 0.159935 0.165878 0.158519
0.166549 0.155455 0.166527 0.173854 0.167452 0.170163
0.167445 0.112049 0.167292 0.197214 0.162690 0.193309
0.166667 0.166667 0.166667 0.166667 0.166667 0.166667
0.163955 0.137225 0.166498 0.187970 0.167280 0.177071
0.166667 0.166667 0.166667 0.166667 0.166667 0.166667
0.155952 0.077778 0.177778 0.209921 0.162698 0.215873
0.186508 0.162698 0.162698 0.162698 0.162698 0.162698
0.165699 0.162296 0.167484 0.168970 0.166968 0.168581
0.165538 0.162779 0.167573 0.168894 0.167116 0.168099
0.158083 0.135985 0.171520 0.184011 0.169861 0.180540
0.166667 0.166667 0.166667 0.166667 0.166667 0.166667
0.164609 0.161225 0.166047 0.169843 0.167446 0.170831
0.156810 0.148851 0.164018 0.178277 0.170160 0.181884
0.223015 0.320636 0.198413 0.065476 0.140873 0.051587
0.159229 0.146079 0.167119 0.179537 0.169946 0.178090
0.156939 0.142220 0.169057 0.182817 0.170996 0.177971
0.137302 0.095238 0.157540 0.207143 0.175794 0.226984
0.138118 0.096827 0.153150 0.208705 0.182562 0.220637
0.157592 0.142234 0.161621 0.183528 0.173301 0.181723
0.174677 0.181753 0.173106 0.156229 0.160757 0.153477
0.160104 0.152008 0.164983 0.177244 0.172163 0.173498
0.134427 0.098359 0.155001 0.208573 0.191156 0.212485
0.166667 0.166667 0.166667 0.166667 0.166667 0.166667
0.149778 0.120236 0.163249 0.199087 0.179647 0.188004
0.166667 0.166667 0.166667 0.166667 0.166667 0.166667
0.140476 0.129762 0.132937 0.216667 0.203968 0.176190
0.166667 0.166667 0.166667 0.166667 0.166667 0.166667
0.165582 0.164998 0.165102 0.169399 0.168598 0.166321
0.166001 0.165481 0.165125 0.168942 0.168231 0.166222
0.160467 0.156918 0.152714 0.183087 0.178068 0.168746
0.166667 0.166667 0.166667 0.166667 0.166667 0.166667
0.165923 0.164525 0.163536 0.168339 0.167869 0.169807
0.165072 0.159166 0.157073 0.171660 0.170145 0.176884
0.168651 0.246032 0.236111 0.113095 0.148810 0.087302
0.165016 0.159346 0.158910 0.176377 0.171638 0.168714
0.164479 0.158265 0.158880 0.180392 0.173973 0.164011
0.158333 0.145238 0.128968 0.184127 0.173413 0.209921
0.162470 0.143423 0.131074 0.190221 0.176777 0.196035
0.164575 0.157501 0.156922 0.179797 0.173667 0.167537
0.168020 0.173009 0.174154 0.161987 0.165099 0.157730
0.164744 0.161395 0.159865 0.173795 0.171355 0.168846
0.155322 0.147402 0.132323 0.190528 0.179813 0.194613
0.166667 0.166667 0.166667 0.166667 0.166667 0.166667
0.159418 0.148802 0.141953 0.189514 0.185706 0.174607
0.166667 0.166667 0.166667 0.166667 0.166667 0.166667
0.162698 0.119444 0.144048 0.206349 0.173809 0.193651
0.166667 0.166667 0.166667 0.166667 0.166667 0.166667
0.167100 0.163623 0.165625 0.168817 0.167414 0.167422
0.166688 0.164037 0.165815 0.168651 0.167405 0.167404
0.166348 0.144944 0.161045 0.181519 0.171840 0.174304
0.166667 0.166667 0.166667 0.166667 0.166667 0.166667
0.166485 0.162237 0.165094 0.168891 0.167453 0.169840
0.164768 0.152431 0.162150 0.172972 0.169840 0.177839
0.142857 0.329365 0.250000 0.099206 0.123016 0.055556
0.166272 0.152218 0.161893 0.176076 0.171096 0.172445
0.165608 0.148368 0.162039 0.180673 0.172514 0.170798
0.156349 0.109127 0.156349 0.188095 0.183333 0.206746
0.152718 0.102131 0.156845 0.197933 0.187357 0.203016
0.162803 0.142792 0.165058 0.179449 0.172901 0.176997
0.168547 0.184322 0.169055 0.159796 0.163010 0.155269
0.165698 0.150961 0.165863 0.174657 0.169561 0.173259
0.155928 0.094868 0.160918 0.199738 0.182963 0.205585
0.166667 0.166667 0.166667 0.166667 0.166667 0.166667
0.160933 0.116198 0.165050 0.193371 0.176674 0.187773
0.166667 0.166667 0.166667 0.166667 0.166667 0.166667
0.163492 0.107540 0.145238 0.200000 0.192460 0.191270
0.166667 0.166667 0.166667 0.166667 0.166667 0.166667
0.166566 0.163093 0.165957 0.168858 0.168054 0.167471
0.166915 0.163388 0.165935 0.168511 0.167534 0.167718
0.165720 0.141393 0.160499 0.181085 0.174025 0.177277
0.166667 0.166667 0.166667 0.166667 0.166667 0.166667
0.166008 0.161771 0.165548 0.168875 0.167954 0.169843
0.165157 0.151424 0.162025 0.174773 0.170230 0.176391
0.158730 0.361111 0.218254 0.067460 0.138889 0.055556
0.165414 0.152019 0.160884 0.176357 0.171925 0.173402
0.166999 0.151272 0.160245 0.177388 0.172502 0.171593
0.160317 0.126984 0.134127 0.195635 0.181349 0.201587
0.165842 0.130060 0.139652 0.193223 0.178938 0.192285
0.167981 0.155287 0.156262 0.178247 0.170175 0.172048
0.166063 0.177311 0.175399 0.159839 0.163053 0.158334
0.167368 0.160383 0.158860 0.173646 0.169871 0.169871
0.169995 0.136434 0.127138 0.195324 0.181900 0.189208
0.166667 0.166667 0.166667 0.166667 0.166667 0.166667
0.172713 0.150274 0.139817 0.188686 0.171988 0.176521
0.166667 0.166667 0.166667 0.166667 0.166667 0.166667
