0.195270 0.227794 0.219365 0.177547 0.180023
0.188367 0.220078 0.220078 0.185739 0.185739
0.190468 0.203017 0.202592 0.202175 0.201747
0.235389 0.191425 0.191302 0.191180 0.190705
0.079235 0.405404 0.400345 0.056872 0.058144
0.170298 0.257671 0.257671 0.157179 0.157179
0.197851 0.204968 0.204384 0.195821 0.196976
0.295592 0.094200 0.092919 0.257396 0.259892
0.276990 0.063381 0.064604 0.306855 0.288170
0.216667 0.198918 0.197146 0.195497 0.191772
0.068997 0.394755 0.401081 0.073128 0.062039
0.331733 0.079888 0.079631 0.251675 0.257073
0.126638 0.308997 0.303851 0.128650 0.131864
0.112651 0.319093 0.324454 0.126224 0.117578
0.346896 0.079028 0.078906 0.247889 0.247282
0.177080 0.234293 0.234479 0.182515 0.171633
0.070736 0.393879 0.388257 0.075592 0.071536
0.214853 0.178092 0.179250 0.216733 0.211072
0.221881 0.191713 0.192527 0.205227 0.188653
0.200532 0.195238 0.195238 0.195238 0.213754
0.188833 0.238269 0.231369 0.176989 0.164539
0.181900 0.201111 0.206709 0.205140 0.205140
0.171072 0.208767 0.208767 0.206696 0.204697
0.305911 0.173968 0.173968 0.173364 0.172788
0.046414 0.403376 0.397467 0.081538 0.071205
0.167552 0.257112 0.255194 0.163340 0.156801
0.197340 0.205361 0.204780 0.194855 0.197664
0.388514 0.087708 0.086986 0.214709 0.222083
0.289888 0.065079 0.076079 0.310187 0.258767
0.232604 0.197540 0.197540 0.187231 0.185084
0.050372 0.384256 0.375099 0.098862 0.091411
0.410568 0.076664 0.074069 0.214256 0.224443
0.097518 0.309403 0.302644 0.139827 0.150608
0.095090 0.326390 0.317894 0.131188 0.129438
0.412247 0.072774 0.073198 0.221677 0.220105
0.176804 0.234970 0.231451 0.181125 0.175651
0.085663 0.379375 0.369242 0.077331 0.088389
0.212842 0.181454 0.179060 0.216152 0.210491
0.224344 0.198953 0.188024 0.196253 0.192426
0.200532 0.195238 0.195238 0.195238 0.213754
0.198708 0.227958 0.228890 0.189023 0.155421
0.189844 0.204233 0.209969 0.186072 0.209882
0.175184 0.204034 0.204741 0.210574 0.205466
0.297098 0.179371 0.179573 0.172711 0.171246
0.095883 0.361277 0.356700 0.108534 0.077605
0.177884 0.248962 0.246723 0.166485 0.159946
0.198207 0.204520 0.203931 0.196388 0.196954
0.342332 0.096468 0.095915 0.231722 0.233563
0.248446 0.082143 0.082143 0.305539 0.281729
0.219789 0.196778 0.198550 0.196617 0.188266
0.104763 0.363264 0.367827 0.093934 0.070213
0.346289 0.085965 0.085965 0.237914 0.243866
0.136688 0.293749 0.297844 0.145380 0.126338
0.124832 0.310161 0.313495 0.133878 0.117634
0.324609 0.085235 0.085235 0.252869 0.252051
0.179890 0.232120 0.233771 0.180302 0.173917
0.100401 0.373877 0.378342 0.080465 0.066914
0.207161 0.179295 0.179295 0.217124 0.217124
0.210655 0.191603 0.196163 0.208698 0.192881
0.200000 0.200000 0.200000 0.200000 0.200000
0.191990 0.227248 0.220348 0.194642 0.165773
0.225981 0.200578 0.206176 0.183632 0.183632
0.187021 0.203869 0.203869 0.204117 0.201124
0.235196 0.191296 0.191296 0.191515 0.190697
0.164268 0.348853 0.342945 0.079193 0.064740
0.186874 0.246521 0.244603 0.161001 0.161001
0.197448 0.204718 0.204136 0.196553 0.197145
0.273996 0.113855 0.113134 0.248335 0.250681
0.248810 0.084524 0.090876 0.296030 0.279760
0.208303 0.199141 0.199141 0.197573 0.195843
0.159093 0.348795 0.345299 0.076683 0.070130
0.269191 0.106748 0.105246 0.254166 0.264649
0.162075 0.288101 0.285170 0.129644 0.135010
0.162091 0.300859 0.297300 0.121488 0.118263
0.281461 0.101161 0.101584 0.258430 0.257363
0.187377 0.229367 0.225848 0.179499 0.177909
0.160784 0.350252 0.340119 0.072442 0.076403
0.206860 0.182204 0.179811 0.215562 0.215562
0.209348 0.195648 0.184720 0.207481 0.202802
0.200000 0.200000 0.200000 0.200000 0.200000
0.186698 0.232139 0.217146 0.185977 0.178040
0.222565 0.200659 0.212130 0.182323 0.182323
0.192928 0.202196 0.202196 0.201778 0.200903
0.222926 0.194484 0.194484 0.194361 0.193746
0.070360 0.399033 0.368680 0.083247 0.078680
0.163265 0.258605 0.251889 0.163121 0.163121
0.196501 0.205139 0.203961 0.196914 0.197485
0.276740 0.109358 0.108252 0.252217 0.253433
0.304154 0.071315 0.080611 0.271960 0.271960
0.201098 0.200683 0.200683 0.200683 0.196852
0.062695 0.407548 0.396228 0.070452 0.063076
0.284991 0.087015 0.084828 0.271584 0.271584
0.120426 0.312218 0.308389 0.132978 0.125989
0.107211 0.335386 0.330448 0.116256 0.110700
0.295175 0.088068 0.088068 0.264497 0.264191
0.174661 0.234869 0.233033 0.179509 0.177929
0.058076 0.408387 0.402105 0.065703 0.065729
0.214333 0.175211 0.174053 0.218201 0.218201
0.206565 0.188321 0.182947 0.213728 0.208439
0.219048 0.195238 0.195238 0.195238 0.195238
0.184703 0.227754 0.220258 0.174305 0.192980
0.185414 0.219012 0.224747 0.185414 0.185414
0.190378 0.202808 0.202808 0.201199 0.202808
0.235210 0.191368 0.191368 0.190685 0.191368
0.043502 0.421631 0.421631 0.048747 0.064489
0.157638 0.263543 0.263543 0.157638 0.157638
0.196683 0.205837 0.205248 0.194977 0.197254
0.283927 0.101395 0.100842 0.254175 0.259662
0.303873 0.051394 0.056042 0.322915 0.265775
0.210140 0.199668 0.199668 0.192788 0.197736
0.048609 0.416431 0.410771 0.058793 0.065395
0.306482 0.088488 0.087394 0.252022 0.265614
0.118691 0.318221 0.310565 0.112738 0.139785
0.106461 0.336467 0.326592 0.111085 0.119396
0.295714 0.085367 0.085727 0.267310 0.265881
0.176444 0.237033 0.235197 0.177350 0.173977
0.056609 0.413327 0.407044 0.055027 0.067994
0.219481 0.175355 0.174197 0.218314 0.212653
0.218851 0.189127 0.183753 0.203109 0.205161
0.200532 0.195238 0.195238 0.195238 0.213754
0.188672 0.236633 0.219421 0.183862 0.171412
0.194485 0.205548 0.213812 0.181173 0.204982
0.180839 0.205991 0.205991 0.205155 0.202024
0.282537 0.179863 0.179741 0.179496 0.178363
0.042019 0.419221 0.395299 0.076573 0.066888
0.161626 0.260871 0.256409 0.163816 0.157277
0.196282 0.205942 0.204159 0.195945 0.197671
0.352142 0.086014 0.083421 0.237356 0.241068
0.310863 0.052381 0.067838 0.299357 0.269561
0.222525 0.197795 0.196023 0.192725 0.190932
0.043192 0.410914 0.397839 0.078737 0.069317
0.374817 0.071156 0.065607 0.240238 0.248183
0.101218 0.329575 0.310217 0.124309 0.134681
0.087143 0.344844 0.332145 0.119730 0.116138
0.375997 0.067322 0.068041 0.244776 0.243864
0.171284 0.239382 0.234001 0.177613 0.177720
0.068072 0.417066 0.393705 0.052329 0.068827
0.210140 0.178564 0.176050 0.217623 0.217623
0.210740 0.199286 0.182108 0.203567 0.204300
0.200000 0.200000 0.200000 0.200000 0.200000
0.181370 0.234699 0.218774 0.178364 0.186793
0.202819 0.209655 0.215391 0.186067 0.186067
0.194321 0.198538 0.198113 0.204301 0.204726
0.202618 0.202618 0.202618 0.196073 0.196073
0.114286 0.393154 0.383036 0.054762 0.054762
0.168444 0.262406 0.260167 0.154491 0.154491
0.196609 0.205630 0.205041 0.196360 0.196360
0.244416 0.107526 0.106973 0.270542 0.270542
0.272976 0.060337 0.064985 0.300851 0.300851
0.201025 0.201025 0.201025 0.198463 0.198463
0.109524 0.398068 0.392408 0.050000 0.050000
0.253387 0.090533 0.089439 0.283320 0.283320
0.139816 0.305938 0.302110 0.126068 0.126068
0.129922 0.328344 0.323407 0.107778 0.110549
0.264092 0.090329 0.090509 0.277688 0.277383
0.179500 0.236785 0.233112 0.174529 0.176073
0.085714 0.409457 0.396892 0.050000 0.057937
0.214220 0.173906 0.171590 0.220142 0.220142
0.210112 0.190886 0.180138 0.207518 0.211345
0.200000 0.200000 0.200000 0.200000 0.200000
0.192023 0.238744 0.216255 0.160926 0.192051
0.190348 0.208952 0.226158 0.187271 0.187271
0.180588 0.205375 0.205375 0.203287 0.205375
0.270209 0.182600 0.182600 0.181989 0.182600
0.058730 0.436265 0.405912 0.039115 0.059977
0.166187 0.264672 0.257956 0.155593 0.155593
0.196976 0.206650 0.204883 0.194319 0.197171
0.294991 0.098984 0.097325 0.251312 0.257389
0.328690 0.029762 0.043706 0.326697 0.271146
0.222680 0.198472 0.198472 0.185878 0.194498
0.066667 0.406332 0.389351 0.065800 0.071850
0.330424 0.085590 0.082310 0.243198 0.258478
0.112972 0.318057 0.306572 0.111485 0.150913
0.111647 0.333640 0.318828 0.114351 0.121534
0.341782 0.077434 0.077974 0.252169 0.250641
0.176501 0.236846 0.233173 0.174163 0.179317
0.075379 0.413908 0.395060 0.040977 0.074677
0.211616 0.178392 0.174918 0.217537 0.217537
0.224842 0.199205 0.183082 0.189582 0.203289
0.195238 0.195238 0.195238 0.219048 0.195238
0.195828 0.241324 0.219431 0.165798 0.177620
0.185726 0.203029 0.220099 0.207477 0.183668
0.175115 0.204404 0.204404 0.207672 0.208404
0.284979 0.182394 0.182394 0.174900 0.175332
0.055938 0.403109 0.376965 0.078582 0.085405
0.168744 0.256641 0.250245 0.162185 0.162185
0.197379 0.205917 0.204157 0.194847 0.197700
0.318508 0.099986 0.098158 0.238635 0.244713
0.296944 0.047619 0.067915 0.333441 0.254081
0.219586 0.198265 0.198265 0.189094 0.194789
0.061061 0.405675 0.388694 0.068391 0.076178
0.342622 0.077109 0.073828 0.248127 0.258314
0.112833 0.324368 0.312884 0.108496 0.141419
0.104831 0.339619 0.324806 0.110633 0.120111
0.326943 0.075448 0.075988 0.261421 0.260199
0.176315 0.238557 0.233048 0.172952 0.179128
0.080344 0.412142 0.399577 0.038095 0.069841
0.214115 0.175429 0.173113 0.218671 0.218671
0.217427 0.189952 0.179204 0.199055 0.214363
0.200000 0.200000 0.200000 0.200000 0.200000
0.192813 0.234905 0.218383 0.160284 0.193613
0.189289 0.215238 0.221111 0.187181 0.187181
0.184690 0.201336 0.200911 0.205372 0.207691
0.249582 0.191051 0.190929 0.183947 0.184491
0.070223 0.418484 0.388980 0.047309 0.075003
0.165218 0.265419 0.260621 0.154371 0.154371
0.197311 0.206347 0.204577 0.194444 0.197320
0.283864 0.097059 0.094840 0.259293 0.264944
0.307523 0.042258 0.056011 0.320244 0.273963
0.218119 0.200147 0.196603 0.187682 0.197448
0.060082 0.417163 0.395597 0.054125 0.073034
0.319208 0.086539 0.077045 0.251338 0.265870
0.112112 0.328431 0.293340 0.097344 0.168773
0.108440 0.340417 0.319646 0.106044 0.125454
0.312695 0.080842 0.082044 0.263037 0.261381
0.178479 0.238892 0.228342 0.172277 0.182011
0.065804 0.425511 0.380113 0.028571 0.100000
0.210320 0.176712 0.171804 0.220582 0.220582
0.216589 0.200735 0.168068 0.195281 0.219327
0.200000 0.200000 0.200000 0.200000 0.200000
0.185932 0.249767 0.200015 0.174502 0.189784
0.204120 0.196666 0.224528 0.175438 0.199248
0.183947 0.204937 0.204512 0.203677 0.202927
0.258895 0.185544 0.185421 0.185177 0.184963
0.070336 0.426066 0.377373 0.061728 0.064497
0.167417 0.265245 0.254402 0.159738 0.153199
0.196370 0.206828 0.203266 0.195905 0.197631
0.295264 0.094849 0.089669 0.258253 0.261965
0.291893 0.047619 0.078724 0.311335 0.270429
0.215694 0.198204 0.198204 0.193257 0.194640
0.091977 0.403138 0.378076 0.064436 0.062374
0.314127 0.082645 0.076260 0.259664 0.267304
0.132621 0.318005 0.299965 0.118008 0.131401
0.123367 0.336043 0.313045 0.112826 0.114719
0.322283 0.078550 0.079571 0.260256 0.259339
0.177037 0.239880 0.230640 0.177908 0.174535
0.070746 0.424527 0.387941 0.051193 0.065593
0.216024 0.178095 0.170949 0.220296 0.214636
0.216969 0.199835 0.165720 0.207712 0.209764
0.200532 0.195238 0.195238 0.195238 0.213754
0.201439 0.240787 0.189505 0.180572 0.187698
0.186376 0.207582 0.241721 0.182161 0.182161
0.194472 0.198615 0.198615 0.203912 0.204386
0.214455 0.199841 0.199841 0.193103 0.192760
0.126854 0.404085 0.351797 0.053219 0.064044
0.178468 0.260388 0.247597 0.156773 0.156773
0.198788 0.205668 0.202150 0.196122 0.197272
0.245658 0.109570 0.106468 0.268183 0.270122
0.248110 0.064795 0.091443 0.300513 0.295138
0.204843 0.201353 0.201353 0.195729 0.196721
0.106099 0.394984 0.371010 0.061343 0.066564
0.263150 0.090799 0.084514 0.278901 0.282636
0.141837 0.305957 0.288611 0.119029 0.144566
0.135562 0.329532 0.307601 0.112457 0.114847
0.278136 0.088834 0.089861 0.271805 0.271364
0.184623 0.233376 0.228175 0.176733 0.177093
0.111800 0.385730 0.378031 0.049831 0.074608
0.210541 0.176297 0.173826 0.219668 0.219668
0.216904 0.187452 0.176343 0.209953 0.209348
0.200000 0.200000 0.200000 0.200000 0.200000
0.195148 0.216786 0.223350 0.181570 0.183146
0.190775 0.220318 0.208847 0.190030 0.190030
0.175018 0.204043 0.203618 0.209246 0.208075
0.284678 0.182360 0.182237 0.175423 0.175301
0.050794 0.374920 0.390097 0.095429 0.088761
0.167309 0.251070 0.253308 0.164156 0.164156
0.197348 0.204007 0.204596 0.195869 0.198179
0.329259 0.105476 0.106029 0.227122 0.232115
0.325370 0.074014 0.069366 0.284310 0.246939
0.223729 0.197456 0.197456 0.191336 0.190023
0.051387 0.378485 0.384145 0.098773 0.087209
0.356168 0.085253 0.086347 0.231991 0.240241
0.107477 0.298437 0.302265 0.137238 0.154584
0.100479 0.315487 0.320425 0.133223 0.130386
0.340420 0.086891 0.086711 0.243443 0.242534
0.174482 0.231804 0.231804 0.181697 0.180212
0.051398 0.392084 0.385802 0.077712 0.093003
0.215670 0.177074 0.175916 0.215670 0.215670
0.225343 0.189270 0.183896 0.201848 0.199644
0.200000 0.200000 0.200000 0.200000 0.200000
0.193984 0.231156 0.210195 0.187319 0.177345
0.183449 0.211126 0.239666 0.182879 0.182879
0.190485 0.202655 0.203080 0.202655 0.201124
0.235443 0.191308 0.191431 0.191308 0.190511
0.056631 0.444739 0.393300 0.056363 0.048967
0.164174 0.265734 0.254861 0.157615 0.157615
0.197397 0.206003 0.203066 0.196767 0.196767
0.296434 0.090170 0.087236 0.263081 0.263081
0.278006 0.057029 0.081973 0.297051 0.285941
0.209367 0.198895 0.198895 0.197246 0.195597
0.067832 0.420986 0.394848 0.060732 0.055603
0.305959 0.080869 0.074993 0.267816 0.270363
0.129361 0.316475 0.298231 0.127492 0.128440
0.124087 0.338032 0.311164 0.114898 0.111819
0.298460 0.080456 0.081663 0.269863 0.269557
0.182445 0.237552 0.226841 0.176581 0.176581
0.084174 0.415148 0.388600 0.053951 0.058128
0.213610 0.176306 0.170361 0.219862 0.219862
0.216653 0.192213 0.164982 0.213076 0.213076
0.200000 0.200000 0.200000 0.200000 0.200000
0.191735 0.233507 0.204118 0.182207 0.188433
0.200542 0.208717 0.225786 0.182477 0.182477
0.190324 0.202799 0.202799 0.201964 0.202113
0.246969 0.188419 0.188419 0.188174 0.188019
0.092446 0.399457 0.383431 0.062656 0.062011
0.169028 0.258455 0.254298 0.159110 0.159110
0.196954 0.205470 0.204300 0.196067 0.197208
0.288665 0.099031 0.097756 0.256059 0.258490
0.260354 0.060620 0.071620 0.309258 0.298148
0.209367 0.198895 0.198895 0.197246 0.195597
0.102753 0.399797 0.390640 0.055970 0.050841
0.291025 0.078934 0.076338 0.275578 0.278125
0.136534 0.312125 0.305366 0.122513 0.123461
0.120419 0.334045 0.329108 0.109754 0.106674
0.297493 0.077679 0.077859 0.273637 0.273332
0.179339 0.236667 0.232994 0.176272 0.174728
0.098135 0.406248 0.393683 0.050759 0.051176
0.211350 0.174645 0.172330 0.220838 0.220838
0.210981 0.190059 0.179311 0.211738 0.207911
0.200000 0.200000 0.200000 0.200000 0.200000
