0.260933 0.240047 0.190899 0.130497 0.177624
0.199108 0.204706 0.199108 0.198539 0.198539
0.201806 0.199295 0.198523 0.200472 0.199903
0.210990 0.203386 0.203134 0.191285 0.191204
0.232043 0.206852 0.197401 0.178958 0.184747
0.201746 0.199828 0.201746 0.198340 0.198340
0.200376 0.199173 0.199754 0.198275 0.202422
0.231163 0.192213 0.192934 0.184279 0.199412
0.204762 0.203177 0.196825 0.229364 0.165872
0.217024 0.202491 0.193003 0.191756 0.195726
0.222307 0.210456 0.197545 0.189429 0.180264
0.247534 0.176587 0.170153 0.159212 0.246514
0.215837 0.195359 0.181117 0.171602 0.236085
0.210206 0.204387 0.198788 0.193899 0.192720
0.248787 0.189284 0.189351 0.186555 0.186022
0.207933 0.202985 0.199615 0.194746 0.194721
0.220069 0.202311 0.187489 0.162796 0.227335
0.199606 0.198370 0.199606 0.201209 0.201209
0.238347 0.209302 0.192370 0.174812 0.185169
0.200000 0.200000 0.200000 0.200000 0.200000
0.241222 0.216829 0.232913 0.183969 0.125067
0.200595 0.206914 0.201179 0.195656 0.195656
0.188811 0.204334 0.204388 0.202787 0.199680
0.249010 0.189056 0.189083 0.187492 0.185359
0.201733 0.219809 0.237922 0.180666 0.159870
0.200828 0.202565 0.204804 0.195901 0.195901
0.199973 0.199304 0.200472 0.199543 0.200708
0.241049 0.177060 0.179608 0.199445 0.202838
0.206562 0.200060 0.183507 0.214459 0.195412
0.217739 0.182021 0.191356 0.208399 0.200485
0.202071 0.214007 0.237921 0.180174 0.165828
0.246583 0.165864 0.174894 0.199103 0.213555
0.204367 0.204411 0.222010 0.184849 0.184363
0.201165 0.210790 0.219187 0.189913 0.178945
0.246450 0.176206 0.176102 0.200679 0.200562
0.205726 0.201316 0.205143 0.197081 0.190734
0.215708 0.211343 0.223769 0.176856 0.172323
0.198956 0.196296 0.197454 0.203646 0.203646
0.235873 0.189987 0.206093 0.192342 0.175705
0.200000 0.200000 0.200000 0.200000 0.200000
0.325903 0.173996 0.209854 0.166774 0.123472
0.207908 0.202310 0.197777 0.196002 0.196002
0.188168 0.204213 0.203867 0.203388 0.200364
0.262846 0.184541 0.185103 0.184662 0.182849
0.208222 0.220238 0.219932 0.185724 0.165885
0.201319 0.203238 0.205324 0.195059 0.195059
0.200256 0.199663 0.200853 0.198156 0.201070
0.287922 0.165423 0.168344 0.184062 0.194248
0.181207 0.194697 0.181746 0.252921 0.189429
0.224393 0.180787 0.179788 0.210030 0.205001
0.214317 0.218948 0.212612 0.186070 0.168053
0.273238 0.159661 0.173169 0.174148 0.219783
0.217811 0.208792 0.207671 0.168844 0.196882
0.204702 0.214194 0.211846 0.187163 0.182096
0.265256 0.170174 0.170152 0.197476 0.196942
0.209512 0.203704 0.202316 0.193240 0.191228
0.240991 0.207135 0.208407 0.161984 0.181484
0.197135 0.196869 0.197015 0.204491 0.204491
0.253719 0.194397 0.184578 0.189820 0.177485
0.200000 0.200000 0.200000 0.200000 0.200000
0.300429 0.233352 0.118712 0.201531 0.145976
0.202611 0.202400 0.208136 0.193427 0.193427
0.205075 0.201392 0.198181 0.199683 0.195669
0.204386 0.201122 0.198836 0.199608 0.196048
0.260012 0.223540 0.201402 0.167930 0.147116
0.203938 0.203625 0.203473 0.194482 0.194482
0.199898 0.199902 0.199329 0.199253 0.201618
0.188792 0.187659 0.185855 0.214533 0.223162
0.188733 0.188298 0.199837 0.235376 0.187756
0.202858 0.186929 0.175392 0.222630 0.212190
0.248361 0.219293 0.202697 0.176960 0.152688
0.179433 0.177870 0.170443 0.205372 0.266880
0.224055 0.201548 0.189740 0.181001 0.203657
0.229063 0.210002 0.200310 0.188422 0.172203
0.187747 0.186340 0.186334 0.219922 0.219656
0.214508 0.202865 0.196145 0.198039 0.188443
0.250093 0.209279 0.192424 0.164699 0.183505
0.194318 0.195669 0.196972 0.206520 0.206520
0.234753 0.189370 0.173923 0.215048 0.186906
0.200000 0.200000 0.200000 0.200000 0.200000
0.309970 0.206591 0.222001 0.124521 0.136918
0.207496 0.207782 0.204452 0.190135 0.190135
0.197686 0.202846 0.202421 0.198849 0.198197
0.227193 0.195281 0.194602 0.191879 0.191045
0.232099 0.245462 0.237897 0.141511 0.143031
0.202786 0.208309 0.210075 0.189414 0.189414
0.199766 0.200583 0.200587 0.198950 0.200114
0.214527 0.172468 0.172100 0.218815 0.222090
0.203396 0.173523 0.174380 0.234090 0.214610
0.205884 0.176578 0.168188 0.224678 0.224671
0.220886 0.248317 0.241329 0.146074 0.143394
0.227912 0.158699 0.157860 0.210465 0.245063
0.201136 0.236119 0.226413 0.149231 0.187101
0.201535 0.234919 0.234580 0.162454 0.166512
0.257352 0.156600 0.156601 0.214826 0.214620
0.205995 0.210522 0.211953 0.184779 0.186750
0.214464 0.252541 0.241227 0.127517 0.164251
0.197768 0.193532 0.194913 0.206893 0.206893
0.250715 0.202729 0.216115 0.160829 0.169612
0.200000 0.200000 0.200000 0.200000 0.200000
0.330147 0.177038 0.197622 0.169091 0.126102
0.199251 0.211752 0.201621 0.193688 0.193688
0.192306 0.201200 0.201206 0.204214 0.201074
0.247427 0.193645 0.193649 0.183506 0.181772
0.205108 0.213969 0.222708 0.186951 0.171264
0.197945 0.203658 0.205744 0.196326 0.196326
0.200336 0.199205 0.199815 0.198836 0.201808
0.269957 0.182518 0.183444 0.176579 0.187503
0.193582 0.201329 0.200283 0.223236 0.181570
0.236181 0.183755 0.184410 0.202122 0.193531
0.208436 0.212076 0.213223 0.195182 0.171083
0.257916 0.172437 0.176506 0.174745 0.218396
0.226821 0.196594 0.193120 0.184738 0.198727
0.217923 0.206867 0.201469 0.193268 0.180473
0.226488 0.189789 0.189790 0.197144 0.196789
0.212424 0.202868 0.199809 0.195802 0.189097
0.238105 0.211419 0.211629 0.165840 0.173007
0.199812 0.195651 0.195719 0.204409 0.204409
0.265762 0.186930 0.178098 0.198103 0.171108
0.200000 0.200000 0.200000 0.200000 0.200000
0.298248 0.230899 0.178364 0.162928 0.129561
0.200786 0.200786 0.206384 0.196022 0.196022
0.194978 0.198511 0.197700 0.206247 0.202563
0.244332 0.199678 0.199511 0.179154 0.177325
0.230641 0.207527 0.202078 0.196582 0.163172
0.202456 0.202456 0.200538 0.197275 0.197275
0.200455 0.198895 0.199460 0.199998 0.201191
0.254736 0.180832 0.183947 0.188477 0.192008
0.184520 0.239254 0.209892 0.190009 0.176325
0.227743 0.191537 0.189172 0.203219 0.188329
0.216967 0.216440 0.205156 0.195321 0.166115
0.262236 0.176190 0.190079 0.178175 0.193319
0.218976 0.189949 0.188962 0.198683 0.203429
0.209453 0.201391 0.198556 0.204530 0.186071
0.256911 0.193350 0.193171 0.178343 0.178225
0.208379 0.203158 0.200441 0.198130 0.189891
0.229457 0.198513 0.192586 0.190252 0.189192
0.198733 0.198733 0.198733 0.201900 0.201900
0.244765 0.215072 0.200685 0.185694 0.153784
0.190476 0.214286 0.214286 0.190476 0.190476
0.348784 0.273789 0.131370 0.130492 0.115565
0.188692 0.212502 0.223698 0.187554 0.187554
0.193494 0.203793 0.198492 0.203934 0.200287
0.247111 0.196363 0.191996 0.183261 0.181268
0.228164 0.244570 0.179549 0.183526 0.164190
0.203493 0.203493 0.199656 0.196679 0.196679
0.200832 0.200238 0.198496 0.199020 0.201413
0.267071 0.181561 0.178123 0.182140 0.191105
0.183333 0.191270 0.215879 0.220632 0.188886
0.220833 0.204322 0.182078 0.200203 0.192565
0.221943 0.230524 0.192983 0.187769 0.166782
0.289512 0.158560 0.147619 0.168424 0.235885
0.207198 0.218704 0.179995 0.179209 0.214894
0.204345 0.226540 0.193903 0.194696 0.180516
0.287961 0.169002 0.169134 0.187129 0.186774
0.210126 0.208924 0.195429 0.196569 0.188953
0.231005 0.218027 0.181587 0.167283 0.202099
0.199212 0.199212 0.196741 0.202417 0.202417
0.267603 0.216638 0.167204 0.180137 0.168418
0.200000 0.200000 0.200000 0.200000 0.200000
0.349121 0.217548 0.177267 0.179952 0.076111
0.199406 0.199406 0.205004 0.198092 0.198092
0.183908 0.199817 0.199561 0.211817 0.204896
0.268552 0.190590 0.190678 0.176891 0.173289
0.219965 0.212272 0.188492 0.218594 0.160678
0.203007 0.203007 0.201089 0.196448 0.196448
0.200293 0.200293 0.199712 0.199851 0.199851
0.328054 0.173292 0.172570 0.163042 0.163042
0.193651 0.193651 0.200003 0.206348 0.206348
0.234648 0.192972 0.187904 0.203900 0.180577
0.187951 0.217596 0.195274 0.226587 0.172592
0.322796 0.169637 0.166532 0.170517 0.170517
0.183510 0.213746 0.199302 0.223802 0.179640
0.182685 0.214997 0.201054 0.218497 0.182767
0.323677 0.168894 0.168937 0.169246 0.169246
0.202689 0.207349 0.200054 0.203333 0.186574
0.206335 0.229204 0.197934 0.206752 0.159775
0.196929 0.198232 0.195693 0.204572 0.204572
0.237140 0.225644 0.184462 0.198729 0.154026
0.200000 0.200000 0.200000 0.200000 0.200000
0.235409 0.303061 0.190376 0.166227 0.104928
0.206750 0.202192 0.206724 0.192167 0.192167
0.181167 0.207394 0.202558 0.206449 0.202433
0.281271 0.186568 0.185544 0.174267 0.172350
0.206643 0.268368 0.228493 0.160073 0.136422
0.208050 0.209482 0.207396 0.187536 0.187536
0.199678 0.201040 0.200444 0.198843 0.199994
0.280490 0.155086 0.154342 0.203436 0.206646
0.199462 0.167860 0.172874 0.241409 0.218394
0.201627 0.172868 0.166702 0.233955 0.224848
0.226424 0.245676 0.230196 0.158634 0.139070
0.270047 0.154222 0.151675 0.206786 0.217269
0.193958 0.238513 0.212249 0.180597 0.174683
0.203057 0.235109 0.217904 0.178203 0.165727
0.282644 0.153529 0.153558 0.205193 0.205076
0.206239 0.215352 0.204986 0.190001 0.183421
0.231532 0.251718 0.217900 0.154079 0.144770
0.195856 0.195775 0.195775 0.206297 0.206297
0.259220 0.218590 0.182194 0.183140 0.156856
0.200000 0.200000 0.200000 0.200000 0.200000
0.318963 0.249716 0.174036 0.122120 0.135165
0.202607 0.202607 0.203673 0.195556 0.195556
0.197244 0.201109 0.199410 0.201754 0.200482
0.235572 0.198055 0.195817 0.185608 0.184947
0.239589 0.231856 0.203973 0.167025 0.157557
0.204499 0.204499 0.204667 0.193168 0.193168
0.200440 0.200630 0.199523 0.198246 0.201161
0.209746 0.189753 0.186902 0.201674 0.211924
0.179221 0.166522 0.206748 0.260460 0.187048
0.205941 0.192732 0.175452 0.212664 0.213210
0.236254 0.226812 0.205058 0.168614 0.163261
0.192026 0.188058 0.186175 0.185124 0.248616
0.224878 0.214514 0.201374 0.155275 0.203959
0.227002 0.214919 0.204611 0.174949 0.178519
0.199878 0.187884 0.187974 0.212399 0.211865
0.212921 0.205535 0.200820 0.188886 0.191837
0.236711 0.212577 0.209458 0.147302 0.193952
0.195909 0.197145 0.197212 0.204867 0.204867
0.231364 0.209381 0.201375 0.173216 0.184664
0.200000 0.200000 0.200000 0.200000 0.200000
0.350682 0.151330 0.182440 0.133393 0.182155
0.207908 0.197777 0.202310 0.196002 0.196002
0.197786 0.200948 0.201466 0.200211 0.199589
0.239707 0.190689 0.190905 0.189479 0.189220
0.228429 0.205221 0.219767 0.162381 0.184201
0.201319 0.205324 0.203238 0.195059 0.195059
0.199632 0.200395 0.199814 0.197713 0.202445
0.254891 0.174384 0.173823 0.190284 0.206617
0.197300 0.181144 0.190126 0.256287 0.175143
0.224092 0.174557 0.180424 0.205538 0.215388
0.217388 0.206726 0.219438 0.179496 0.176952
0.255016 0.148024 0.150389 0.167102 0.279469
0.201252 0.183740 0.198839 0.152785 0.263383
0.207014 0.208895 0.216272 0.181254 0.186565
0.261853 0.167803 0.167825 0.201584 0.200935
0.210669 0.199762 0.203470 0.191821 0.194278
0.221737 0.190114 0.198450 0.143583 0.246117
0.199623 0.196699 0.195396 0.204141 0.204141
0.270039 0.179099 0.174631 0.181905 0.194326
0.200000 0.200000 0.200000 0.200000 0.200000
0.330694 0.194863 0.143382 0.183524 0.147537
0.192051 0.231852 0.202444 0.186826 0.186826
0.198624 0.202108 0.200737 0.201463 0.197068
0.216161 0.197583 0.195723 0.197014 0.193519
0.244577 0.223581 0.212002 0.173989 0.145850
0.202552 0.204099 0.206017 0.193666 0.193666
0.200720 0.198992 0.199573 0.199756 0.200959
0.215715 0.176588 0.177309 0.212907 0.217481
0.185280 0.219000 0.188839 0.210385 0.196496
0.217754 0.179767 0.170048 0.225148 0.207283
0.229705 0.229015 0.218453 0.174603 0.148223
0.214836 0.168080 0.169582 0.217799 0.229704
0.237523 0.207160 0.201813 0.183696 0.169808
0.225160 0.214752 0.208403 0.184932 0.166753
0.207175 0.176976 0.176954 0.219492 0.219403
0.215275 0.203099 0.200872 0.195818 0.184936
0.252308 0.214119 0.215136 0.167268 0.151168
0.197575 0.195036 0.196272 0.205559 0.205559
0.255174 0.186063 0.193562 0.198741 0.166459
0.195238 0.219048 0.195238 0.195238 0.195238
0.312739 0.206619 0.186696 0.140139 0.153808
0.210812 0.196148 0.205214 0.193913 0.193913
0.194540 0.197927 0.197808 0.205372 0.204353
0.238518 0.199259 0.199580 0.181685 0.180958
0.226662 0.219739 0.200079 0.180735 0.172785
0.201550 0.207641 0.203468 0.193671 0.193671
0.199046 0.201023 0.199238 0.199154 0.201538
0.229042 0.187631 0.183965 0.195588 0.203774
0.201302 0.200000 0.194155 0.217747 0.186795
0.214308 0.181464 0.180516 0.212328 0.211384
0.230872 0.213597 0.200441 0.181016 0.174074
0.222518 0.181859 0.166747 0.183402 0.245473
0.207199 0.200963 0.177194 0.184748 0.229896
0.210286 0.210332 0.191627 0.196860 0.190896
0.238715 0.186748 0.186880 0.193975 0.193681
0.208384 0.207217 0.196170 0.195654 0.192575
0.217139 0.216225 0.186844 0.171535 0.208257
0.195454 0.199297 0.196690 0.204280 0.204280
0.237716 0.211367 0.177715 0.194775 0.178428
0.195238 0.219048 0.195238 0.195238 0.195238
0.302890 0.217768 0.175154 0.220126 0.084062
0.192562 0.221970 0.203759 0.190854 0.190854
0.199513 0.201643 0.200662 0.202618 0.195564
0.213930 0.197977 0.197108 0.198399 0.192586
0.239182 0.216351 0.205842 0.192914 0.145711
0.206985 0.205067 0.201230 0.193358 0.193358
0.200737 0.200751 0.198994 0.199462 0.200056
0.188123 0.189579 0.185959 0.217080 0.219258
0.184127 0.182542 0.203183 0.219042 0.211106
0.193314 0.183317 0.186090 0.230936 0.206343
0.235069 0.215433 0.213971 0.188052 0.147475
0.182199 0.192602 0.177693 0.217801 0.229706
0.229044 0.214783 0.204506 0.187002 0.164665
0.230201 0.211151 0.207158 0.188122 0.163368
0.185588 0.185521 0.185653 0.221664 0.221575
0.214007 0.203675 0.202055 0.197371 0.182891
0.241722 0.224459 0.209931 0.175133 0.148754
0.197815 0.196579 0.194108 0.205749 0.205749
0.243803 0.200758 0.190909 0.204004 0.160526
0.200000 0.200000 0.200000 0.200000 0.200000
0.305345 0.228483 0.210725 0.140153 0.115294
0.207314 0.197183 0.207314 0.194094 0.194094
0.201863 0.199325 0.199571 0.200999 0.198242
0.211779 0.203272 0.203932 0.191413 0.189604
0.243199 0.229303 0.211434 0.163664 0.152399
0.204327 0.208331 0.204327 0.191507 0.191507
0.200816 0.200642 0.200045 0.198091 0.200406
0.199168 0.190776 0.191306 0.205929 0.212821
0.168509 0.189234 0.188696 0.248260 0.205300
0.193400 0.186136 0.180680 0.220965 0.218819
0.230310 0.225328 0.210071 0.172791 0.161501
0.208329 0.180417 0.185248 0.194336 0.231670
0.233608 0.206435 0.206060 0.162230 0.191667
0.216838 0.217787 0.211137 0.177568 0.176670
0.192252 0.190207 0.190162 0.213875 0.213503
0.206192 0.207970 0.207394 0.188372 0.190072
0.236892 0.213851 0.223154 0.146046 0.180057
0.195909 0.198448 0.195909 0.204867 0.204867
0.216694 0.219822 0.211853 0.178658 0.172973
0.200000 0.200000 0.200000 0.200000 0.200000
