0.238160 0.210382 0.136206 0.153894 0.132087 0.129271
0.167098 0.167098 0.166451 0.166451 0.166451 0.166451
0.093267 0.091741 0.204315 0.205615 0.203912 0.201151
0.342451 0.341098 0.079958 0.079483 0.079022 0.077988
0.073789 0.064618 0.221671 0.221944 0.219625 0.198353
0.170921 0.170921 0.164540 0.164540 0.164540 0.164540
0.167351 0.167351 0.165348 0.164885 0.166313 0.168752
0.339648 0.339648 0.078351 0.077434 0.079895 0.085025
0.198534 0.198534 0.170118 0.169735 0.147999 0.115079
0.179878 0.176717 0.161482 0.163383 0.161525 0.157014
0.067705 0.061620 0.221483 0.230670 0.220488 0.198034
0.373708 0.373708 0.062932 0.056968 0.061415 0.071268
0.058817 0.053357 0.207266 0.206745 0.203191 0.270624
0.078045 0.073599 0.210003 0.218842 0.213662 0.205850
0.361989 0.361989 0.068991 0.070250 0.069814 0.066966
0.156360 0.152320 0.173424 0.174183 0.173923 0.169790
0.106543 0.095940 0.182196 0.181479 0.173643 0.260200
0.165887 0.165887 0.167057 0.167057 0.167057 0.167057
0.242362 0.227697 0.129609 0.139258 0.131884 0.129190
0.162698 0.162698 0.168651 0.168651 0.168651 0.168651
0.262469 0.224621 0.105592 0.165337 0.099486 0.142495
0.166602 0.171624 0.165444 0.165444 0.165444 0.165444
0.093194 0.092067 0.202070 0.206995 0.202643 0.203031
0.336532 0.335534 0.081075 0.083049 0.081749 0.082062
0.067696 0.052614 0.203538 0.247255 0.205548 0.223349
0.169291 0.167348 0.165840 0.165840 0.165840 0.165840
0.168055 0.166575 0.165005 0.166446 0.163560 0.170359
0.332665 0.328632 0.081037 0.085173 0.079433 0.093061
0.206755 0.224309 0.164387 0.134127 0.182052 0.088370
0.180702 0.175736 0.155145 0.167713 0.154153 0.166550
0.078822 0.065738 0.202182 0.236042 0.202483 0.214735
0.363667 0.342996 0.060922 0.068386 0.062585 0.101443
0.089281 0.062906 0.172049 0.224045 0.148332 0.303387
0.099244 0.087573 0.194162 0.216968 0.191534 0.210519
0.322688 0.325199 0.089836 0.088658 0.090372 0.083249
0.156748 0.152472 0.168072 0.180607 0.165307 0.176794
0.119908 0.093784 0.157428 0.218062 0.137634 0.273183
0.166012 0.165075 0.167228 0.167228 0.167228 0.167228
0.228233 0.213830 0.126362 0.160926 0.121468 0.149181
0.162698 0.162698 0.168651 0.168651 0.168651 0.168651
0.232782 0.220877 0.104229 0.168122 0.122546 0.151444
0.166667 0.166667 0.166667 0.166667 0.166667 0.166667
0.097863 0.097347 0.200098 0.203907 0.200252 0.200534
0.336091 0.335634 0.081788 0.082858 0.081809 0.081821
0.070945 0.060712 0.209118 0.230471 0.209272 0.219481
0.169291 0.167348 0.165840 0.165840 0.165840 0.165840
0.167299 0.166808 0.165842 0.165868 0.164424 0.169759
0.322386 0.321959 0.087753 0.087117 0.086142 0.094644
0.217865 0.221530 0.143253 0.157643 0.159435 0.100274
0.178378 0.176685 0.156481 0.169049 0.155328 0.164078
0.074137 0.064989 0.204894 0.236721 0.206733 0.212526
0.357529 0.356699 0.068416 0.071759 0.063969 0.081627
0.058455 0.051922 0.190998 0.227187 0.167443 0.303995
0.083708 0.076711 0.204056 0.220717 0.197241 0.217567
0.344477 0.344820 0.078069 0.078077 0.080136 0.074420
0.153573 0.150617 0.172395 0.176792 0.167053 0.179570
0.100671 0.090488 0.181476 0.190254 0.133905 0.303205
0.165232 0.164295 0.167618 0.167618 0.167618 0.167618
0.236997 0.227127 0.133095 0.140135 0.121103 0.141542
0.158730 0.158730 0.170635 0.170635 0.170635 0.170635
0.254957 0.248854 0.149581 0.128911 0.100392 0.117305
0.166602 0.171624 0.165444 0.165444 0.165444 0.165444
0.095238 0.095238 0.204759 0.202934 0.201163 0.200668
0.336325 0.336325 0.082130 0.082337 0.081484 0.081399
0.060984 0.060984 0.233838 0.228155 0.206336 0.209702
0.168794 0.168794 0.165603 0.165603 0.165603 0.165603
0.167040 0.167040 0.167075 0.164675 0.165627 0.168542
0.346358 0.346358 0.077625 0.073466 0.075106 0.081086
0.199776 0.199776 0.139563 0.177966 0.157919 0.125000
0.180383 0.180383 0.164178 0.160273 0.156490 0.158292
0.053108 0.053108 0.235433 0.233036 0.215000 0.210314
0.377311 0.377311 0.062423 0.054633 0.059183 0.069139
0.052952 0.052952 0.227700 0.201363 0.202659 0.262373
0.065986 0.065986 0.223275 0.222567 0.212728 0.209458
0.371051 0.371051 0.064568 0.065812 0.064568 0.062951
0.153331 0.153331 0.174256 0.176083 0.172751 0.170249
0.108408 0.108408 0.182835 0.176868 0.185894 0.237588
0.166667 0.166667 0.166667 0.166667 0.166667 0.166667
0.238431 0.238431 0.132686 0.139669 0.124671 0.126112
0.166667 0.166667 0.166667 0.166667 0.166667 0.166667
0.259373 0.235564 0.106506 0.147531 0.111618 0.139408
0.166667 0.166667 0.166667 0.166667 0.166667 0.166667
0.111301 0.110773 0.193614 0.196377 0.194064 0.193871
0.296127 0.296390 0.102174 0.102045 0.101542 0.101723
0.086667 0.088178 0.197784 0.214525 0.203228 0.209619
0.166667 0.166667 0.166667 0.166667 0.166667 0.166667
0.167539 0.167539 0.164761 0.165746 0.165247 0.169167
0.307181 0.307181 0.093651 0.096177 0.094501 0.101309
0.204233 0.180424 0.170654 0.156575 0.165099 0.123016
0.180695 0.180090 0.160137 0.161570 0.160113 0.157395
0.088193 0.087058 0.209093 0.213403 0.211484 0.190768
0.339173 0.339173 0.074462 0.080621 0.076082 0.090489
0.082337 0.084410 0.175885 0.191653 0.187275 0.278439
0.094191 0.093353 0.201706 0.209031 0.204096 0.197623
0.322417 0.322417 0.090282 0.088725 0.089874 0.086285
0.159618 0.159110 0.170699 0.173713 0.169652 0.167207
0.125982 0.127451 0.160853 0.187975 0.159795 0.237943
0.166667 0.166667 0.166667 0.166667 0.166667 0.166667
0.235697 0.235951 0.133026 0.139500 0.129123 0.126704
0.186508 0.162698 0.162698 0.162698 0.162698 0.162698
0.231541 0.237494 0.133220 0.131236 0.140138 0.126371
0.186508 0.162698 0.162698 0.162698 0.162698 0.162698
0.100060 0.099873 0.200181 0.201756 0.200297 0.197833
0.330493 0.329596 0.084950 0.085463 0.085564 0.083934
0.057083 0.051152 0.225645 0.228684 0.222435 0.215001
0.166667 0.166667 0.166667 0.166667 0.166667 0.166667
0.167405 0.167405 0.164961 0.164971 0.165437 0.169823
0.342702 0.342702 0.075870 0.075900 0.076691 0.086135
0.208791 0.208791 0.162922 0.164613 0.155677 0.099206
0.179341 0.177648 0.159855 0.159911 0.160099 0.163146
0.047819 0.044331 0.227539 0.228504 0.228210 0.223598
0.376583 0.376583 0.054474 0.056094 0.055991 0.080275
0.054460 0.051376 0.195873 0.201186 0.197057 0.300049
0.071722 0.069270 0.216566 0.211387 0.213679 0.217377
0.358472 0.358472 0.072064 0.072064 0.071649 0.067278
0.152095 0.150697 0.174915 0.171742 0.174565 0.175987
0.092481 0.088581 0.184696 0.173958 0.186609 0.273675
0.166667 0.166667 0.166667 0.166667 0.166667 0.166667
0.236112 0.230513 0.134096 0.129889 0.135633 0.133758
0.166667 0.166667 0.166667 0.166667 0.166667 0.166667
0.230590 0.230590 0.145934 0.136524 0.134289 0.122073
0.166667 0.166667 0.166667 0.166667 0.166667 0.166667
0.085255 0.084728 0.209302 0.207608 0.208511 0.204596
0.359273 0.358808 0.070637 0.070660 0.070612 0.070010
0.039639 0.035769 0.240149 0.230680 0.239051 0.214713
0.166667 0.166667 0.166667 0.166667 0.166667 0.166667
0.166924 0.166924 0.165931 0.165449 0.165446 0.169326
0.372015 0.372015 0.062759 0.062706 0.061909 0.068596
0.219473 0.219473 0.149153 0.150049 0.154708 0.107143
0.179365 0.177543 0.161503 0.163076 0.162929 0.155583
0.043671 0.039584 0.235664 0.238650 0.237397 0.205034
0.404508 0.404508 0.043905 0.045204 0.043905 0.057972
0.040651 0.037108 0.214780 0.206091 0.223821 0.277549
0.057917 0.055183 0.222331 0.223731 0.226585 0.214254
0.382773 0.382773 0.059603 0.059670 0.059596 0.055585
0.149749 0.148264 0.174742 0.176162 0.176167 0.174916
0.087116 0.082451 0.191788 0.178856 0.192650 0.267139
0.166667 0.166667 0.166667 0.166667 0.166667 0.166667
0.237266 0.229946 0.127783 0.136607 0.134788 0.133609
0.166667 0.166667 0.166667 0.166667 0.166667 0.166667
0.258734 0.234924 0.101200 0.148642 0.126317 0.130182
0.166667 0.166667 0.166667 0.166667 0.166667 0.166667
0.089846 0.089846 0.202838 0.207777 0.205220 0.204473
0.341602 0.341602 0.078938 0.079822 0.079024 0.079011
0.052455 0.052455 0.203536 0.243480 0.220768 0.227308
0.166667 0.166667 0.166667 0.166667 0.166667 0.166667
0.167214 0.167214 0.164469 0.165888 0.165421 0.169794
0.333601 0.333601 0.079859 0.082290 0.081500 0.089149
0.213961 0.213961 0.168941 0.145514 0.154450 0.103175
0.178984 0.178984 0.152587 0.166287 0.156951 0.166207
0.058559 0.056810 0.204191 0.243188 0.211328 0.225924
0.361001 0.355048 0.065433 0.071397 0.062411 0.084711
0.059721 0.053769 0.168360 0.232048 0.185774 0.300327
0.080044 0.078011 0.190260 0.231188 0.201734 0.218762
0.339692 0.340855 0.081937 0.079047 0.081855 0.076615
0.152607 0.151356 0.163859 0.183551 0.169346 0.179281
0.087576 0.081623 0.136787 0.235569 0.166195 0.292250
0.166667 0.166667 0.166667 0.166667 0.166667 0.166667
0.234682 0.230874 0.107544 0.158282 0.122305 0.146314
0.166667 0.166667 0.166667 0.166667 0.166667 0.166667
0.260629 0.222930 0.073795 0.168076 0.105351 0.169219
0.166667 0.166667 0.166667 0.166667 0.166667 0.166667
0.095995 0.094159 0.198944 0.205730 0.201122 0.204050
0.336836 0.335208 0.081391 0.082708 0.081677 0.082179
0.057528 0.045851 0.197249 0.244949 0.211455 0.242968
0.166667 0.166667 0.166667 0.166667 0.166667 0.166667
0.167457 0.166978 0.163272 0.166620 0.165169 0.170504
0.318349 0.316732 0.085769 0.091621 0.087455 0.100074
0.219207 0.231112 0.182050 0.133816 0.162386 0.071429
0.182093 0.175645 0.149347 0.169145 0.155051 0.168719
0.060632 0.050614 0.199661 0.247649 0.213535 0.227909
0.363195 0.363195 0.057290 0.063781 0.058921 0.093618
0.071323 0.062425 0.153163 0.241634 0.183406 0.288049
0.083341 0.076214 0.193462 0.229170 0.202184 0.215629
0.345039 0.345039 0.079413 0.078509 0.078917 0.073082
0.156300 0.152183 0.167136 0.180138 0.169969 0.174274
0.109347 0.098196 0.149613 0.214549 0.175956 0.252339
0.166667 0.166667 0.166667 0.166667 0.166667 0.166667
0.243802 0.228072 0.116808 0.146476 0.126490 0.138352
0.166667 0.166667 0.166667 0.166667 0.166667 0.166667
0.279477 0.255667 0.130208 0.137304 0.088114 0.109230
0.166667 0.166667 0.166667 0.166667 0.166667 0.166667
0.098536 0.098009 0.202718 0.202400 0.199210 0.199127
0.336821 0.336355 0.082006 0.082005 0.081360 0.081453
0.057505 0.053634 0.231437 0.236479 0.206836 0.214110
0.166667 0.166667 0.166667 0.166667 0.166667 0.166667
0.167266 0.167266 0.165642 0.166594 0.164204 0.169029
0.346528 0.346528 0.075238 0.076029 0.072748 0.082928
0.201668 0.201668 0.158677 0.149740 0.173168 0.115079
0.182679 0.179869 0.161049 0.161649 0.156048 0.158706
0.053821 0.046508 0.232374 0.231102 0.220333 0.215863
0.388920 0.388920 0.051932 0.051829 0.048898 0.069500
0.052591 0.045983 0.221943 0.211148 0.195999 0.272337
0.065647 0.061395 0.223135 0.216571 0.212178 0.221072
0.369797 0.369797 0.066098 0.065676 0.066513 0.062120
0.155107 0.152354 0.173674 0.173189 0.172191 0.173485
0.107396 0.099177 0.189972 0.179898 0.173638 0.249919
0.168437 0.165995 0.165995 0.168437 0.168437 0.162698
0.254059 0.241928 0.127655 0.124018 0.123616 0.128725
0.162698 0.167280 0.167280 0.162698 0.162698 0.177344
0.249152 0.238774 0.112162 0.118039 0.161339 0.120533
0.162698 0.162698 0.162698 0.162698 0.162698 0.186508
0.095536 0.094725 0.201403 0.202306 0.206188 0.199843
0.336498 0.335779 0.081781 0.082183 0.083171 0.080587
0.055233 0.050231 0.215923 0.222546 0.246187 0.209880
0.168481 0.165929 0.165929 0.168481 0.168481 0.162698
0.166893 0.166424 0.163676 0.167021 0.167011 0.168975
0.364154 0.362640 0.062801 0.069295 0.069265 0.071845
0.202460 0.234206 0.186763 0.130797 0.134662 0.111111
0.181308 0.178333 0.156749 0.160476 0.166830 0.156304
0.050408 0.046893 0.223836 0.224286 0.246434 0.208142
0.381193 0.368495 0.055233 0.062882 0.059642 0.072556
0.058329 0.045631 0.190207 0.232386 0.230810 0.242637
0.067998 0.063902 0.212284 0.219758 0.228427 0.207632
0.364880 0.367211 0.069092 0.066504 0.067727 0.064586
0.154779 0.150950 0.171854 0.175361 0.176881 0.170175
0.114174 0.094773 0.171203 0.208691 0.187055 0.224105
0.166667 0.166667 0.166667 0.166667 0.166667 0.166667
0.240833 0.223952 0.133422 0.143158 0.136150 0.122485
0.166667 0.166667 0.166667 0.166667 0.166667 0.166667
0.239121 0.195320 0.126292 0.169847 0.124747 0.144672
0.166170 0.171192 0.165659 0.165659 0.165659 0.165659
0.100646 0.098731 0.199311 0.202260 0.199801 0.199250
0.324755 0.323055 0.087873 0.089121 0.087803 0.087393
0.082382 0.062935 0.206771 0.223365 0.214230 0.210317
0.169291 0.167348 0.165840 0.165840 0.165840 0.165840
0.167511 0.165563 0.165298 0.166726 0.165268 0.169634
0.303311 0.297797 0.097620 0.100081 0.095155 0.106036
0.215505 0.239011 0.156085 0.126412 0.166681 0.096306
0.177493 0.171269 0.160172 0.170345 0.159511 0.161210
0.090131 0.074751 0.211007 0.224166 0.203090 0.196855
0.332566 0.317847 0.077172 0.094420 0.075563 0.102432
0.089205 0.066406 0.181879 0.225446 0.185208 0.251857
0.100656 0.087409 0.198460 0.213429 0.202366 0.197680
0.316686 0.319301 0.093223 0.089647 0.093135 0.088008
0.157984 0.152534 0.169551 0.178549 0.170743 0.170638
0.125472 0.105300 0.164033 0.206016 0.176844 0.222334
0.166012 0.165075 0.167228 0.167228 0.167228 0.167228
0.224853 0.208432 0.137219 0.154355 0.142352 0.132788
0.162698 0.162698 0.168651 0.168651 0.168651 0.168651
0.259828 0.217368 0.129148 0.155954 0.137785 0.099916
0.166667 0.166667 0.166667 0.166667 0.166667 0.166667
0.111478 0.109857 0.195178 0.198415 0.194741 0.190332
0.296900 0.295015 0.102131 0.102823 0.102473 0.100659
0.090782 0.077160 0.210016 0.231067 0.207838 0.183137
0.166667 0.166667 0.166667 0.166667 0.166667 0.166667
0.167126 0.166167 0.165837 0.166783 0.166320 0.167768
0.326570 0.323321 0.085099 0.087433 0.087528 0.090049
0.177926 0.200260 0.182016 0.147361 0.157515 0.134921
0.182224 0.172147 0.161459 0.168006 0.163297 0.152866
0.094061 0.077402 0.209373 0.226652 0.212854 0.179657
0.332094 0.319396 0.075256 0.090194 0.083192 0.099869
0.092036 0.064342 0.194492 0.228917 0.206009 0.214204
0.095805 0.081173 0.208518 0.218384 0.206671 0.189449
0.324761 0.325767 0.089041 0.087619 0.087518 0.085294
0.158968 0.150433 0.172910 0.177297 0.175471 0.164921
0.129353 0.097686 0.178358 0.192755 0.193567 0.208281
0.166667 0.166667 0.166667 0.166667 0.166667 0.166667
0.235107 0.205891 0.137519 0.148390 0.142723 0.130371
0.166667 0.166667 0.166667 0.166667 0.166667 0.166667
0.232792 0.205015 0.128936 0.152290 0.147718 0.133249
0.206349 0.158730 0.158730 0.158730 0.158730 0.158730
0.099657 0.099212 0.200322 0.200632 0.201735 0.198442
0.329554 0.329612 0.084769 0.085492 0.085751 0.084822
0.056250 0.055268 0.217511 0.223109 0.226817 0.221045
0.166667 0.166667 0.166667 0.166667 0.166667 0.166667
0.166807 0.167257 0.164172 0.165633 0.165620 0.170511
0.322160 0.326050 0.082844 0.086662 0.086213 0.096071
0.241677 0.217868 0.161437 0.146945 0.144771 0.087302
0.174585 0.177087 0.156282 0.162271 0.164096 0.165680
0.037524 0.042306 0.220945 0.233683 0.237652 0.227890
0.379586 0.379586 0.054474 0.054474 0.057817 0.074062
0.040053 0.046926 0.173822 0.198863 0.209213 0.331123
0.067361 0.070869 0.203716 0.220180 0.218803 0.219071
0.360820 0.360820 0.071218 0.070402 0.070409 0.066332
0.147634 0.149728 0.170518 0.179098 0.176279 0.176742
0.071811 0.079208 0.155689 0.204313 0.191875 0.297103
0.166667 0.166667 0.166667 0.166667 0.166667 0.166667
0.222487 0.230933 0.119738 0.150755 0.143462 0.132626
0.186508 0.162698 0.162698 0.162698 0.162698 0.162698
0.239374 0.207628 0.125507 0.176565 0.127115 0.123811
0.166667 0.166667 0.166667 0.166667 0.166667 0.166667
0.090238 0.088910 0.205729 0.208474 0.204872 0.201778
0.347552 0.346375 0.076389 0.077603 0.076599 0.075481
0.049420 0.040622 0.230352 0.248817 0.222535 0.208253
0.166667 0.166667 0.166667 0.166667 0.166667 0.166667
0.166822 0.166322 0.166460 0.165994 0.165508 0.168893
0.352503 0.350631 0.074364 0.072724 0.071025 0.078754
0.213979 0.219932 0.139388 0.153879 0.157743 0.115079
0.178927 0.173960 0.164628 0.168019 0.160065 0.154401
0.062693 0.054114 0.228152 0.242801 0.218880 0.193361
0.373267 0.361362 0.063746 0.062229 0.058989 0.080407
0.068278 0.050559 0.229956 0.230430 0.197359 0.223418
0.079446 0.069585 0.217406 0.228149 0.208314 0.197100
0.352488 0.353548 0.073448 0.074271 0.074679 0.071566
0.155328 0.149726 0.175416 0.179813 0.172576 0.167142
0.127587 0.097814 0.202656 0.197640 0.174111 0.200194
0.166667 0.166667 0.166667 0.166667 0.166667 0.166667
0.237028 0.210170 0.141523 0.151183 0.134517 0.125579
0.166667 0.166667 0.166667 0.166667 0.166667 0.166667
0.235917 0.194100 0.122346 0.170428 0.143799 0.133410
0.166170 0.171192 0.165659 0.165659 0.165659 0.165659
0.103078 0.101952 0.196725 0.201322 0.199452 0.197471
0.319025 0.318027 0.090513 0.091319 0.090733 0.090384
0.078457 0.063486 0.202264 0.235673 0.216503 0.203617
0.169291 0.167348 0.165840 0.165840 0.165840 0.165840
0.167076 0.165627 0.166456 0.165513 0.166449 0.168878
0.325506 0.321845 0.086899 0.086138 0.087696 0.091916
0.214710 0.242185 0.142976 0.153602 0.138316 0.108211
0.179072 0.174286 0.158058 0.167805 0.161148 0.159631
0.068446 0.055203 0.210246 0.241986 0.218591 0.205528
0.366213 0.353479 0.066184 0.064874 0.070620 0.078631
0.076732 0.045930 0.197210 0.222118 0.203416 0.254593
0.080520 0.069457 0.204805 0.222810 0.210876 0.211533
0.347662 0.351390 0.076481 0.076910 0.075732 0.071825
0.154450 0.148992 0.170167 0.176149 0.173002 0.177240
0.109700 0.085560 0.166392 0.193388 0.173254 0.271706
0.166012 0.165075 0.167228 0.167228 0.167228 0.167228
0.238475 0.224796 0.120851 0.141501 0.128666 0.145710
0.162698 0.162698 0.168651 0.168651 0.168651 0.168651
