0.207701 0.182921 0.233753 0.196987 0.178638
0.197562 0.236528 0.223342 0.171284 0.171284
0.181050 0.205236 0.206060 0.204992 0.202661
0.259274 0.185228 0.186201 0.185637 0.183659
0.134397 0.365653 0.390229 0.060518 0.049203
0.185568 0.248075 0.249537 0.158409 0.158409
0.198645 0.201559 0.203903 0.196784 0.199108
0.287793 0.088061 0.095295 0.260734 0.268117
0.238624 0.120724 0.083121 0.300194 0.257337
0.237070 0.066717 0.077944 0.313368 0.304902
0.116776 0.371188 0.367421 0.081402 0.063212
0.305238 0.067700 0.094946 0.246927 0.285188
0.133232 0.278073 0.310559 0.130563 0.147573
0.133828 0.306654 0.306811 0.127807 0.124901
0.291371 0.100718 0.099365 0.256466 0.252080
0.184517 0.225855 0.225441 0.185227 0.178960
0.102071 0.363550 0.362891 0.079869 0.091620
0.208078 0.179434 0.174793 0.218848 0.218848
0.212021 0.175112 0.181168 0.224128 0.207571
0.200000 0.200000 0.200000 0.200000 0.200000
0.188053 0.174666 0.235688 0.222511 0.179080
0.208227 0.234560 0.209686 0.173764 0.173764
0.180537 0.203860 0.206146 0.206516 0.202941
0.270841 0.181253 0.183394 0.183621 0.180891
0.164270 0.298836 0.342424 0.103551 0.090919
0.202464 0.228451 0.236244 0.166420 0.166420
0.198641 0.201553 0.202663 0.197110 0.200033
0.258125 0.109016 0.108718 0.257706 0.266435
0.228187 0.124840 0.107277 0.293297 0.246400
0.186335 0.078914 0.081682 0.329964 0.323104
0.166382 0.310107 0.339837 0.103646 0.080028
0.243420 0.089976 0.081709 0.279676 0.305221
0.169023 0.272392 0.272506 0.136417 0.149662
0.177660 0.275580 0.300219 0.131293 0.115248
0.248230 0.091877 0.090924 0.285225 0.283744
0.194626 0.217174 0.228256 0.183978 0.175966
0.170486 0.322093 0.341155 0.085679 0.080587
0.194018 0.174586 0.180409 0.225493 0.225493
0.199395 0.157792 0.186718 0.243549 0.212545
0.200000 0.200000 0.200000 0.200000 0.200000
0.203039 0.205885 0.194775 0.222032 0.174269
0.203077 0.223291 0.218758 0.177437 0.177437
0.181969 0.202604 0.201520 0.209046 0.204861
0.262261 0.188449 0.187914 0.181685 0.179691
0.114000 0.357672 0.348629 0.108018 0.071681
0.185955 0.245163 0.245011 0.161935 0.161935
0.198081 0.203305 0.203312 0.196800 0.198502
0.291299 0.103008 0.103199 0.248798 0.253695
0.254999 0.084868 0.084502 0.317180 0.258451
0.230819 0.087919 0.082891 0.303665 0.294705
0.109601 0.353210 0.344350 0.108279 0.084560
0.312741 0.090397 0.089813 0.246299 0.260750
0.136325 0.290273 0.276569 0.151988 0.144845
0.135467 0.300918 0.289351 0.145975 0.128289
0.323217 0.091663 0.092078 0.247539 0.245503
0.185576 0.227293 0.222121 0.186009 0.179002
0.109780 0.369471 0.353328 0.087572 0.079849
0.206313 0.176444 0.174196 0.221524 0.221524
0.214716 0.179685 0.157530 0.233162 0.214906
0.200000 0.200000 0.200000 0.200000 0.200000
0.204606 0.236451 0.158022 0.215901 0.185019
0.193224 0.200696 0.262173 0.171954 0.171954
0.174917 0.204253 0.204707 0.209382 0.206741
0.285178 0.182465 0.182443 0.175452 0.174461
0.146449 0.388493 0.291437 0.095734 0.077886
0.197098 0.247163 0.223803 0.165968 0.165968
0.200010 0.205141 0.198663 0.196667 0.199520
0.287388 0.107974 0.102444 0.247043 0.255151
0.193490 0.085750 0.135466 0.333519 0.251775
0.209046 0.084297 0.088321 0.313179 0.305156
0.166575 0.358246 0.302099 0.100048 0.073033
0.279028 0.103033 0.095602 0.248701 0.273636
0.175263 0.272225 0.240817 0.161729 0.149966
0.166442 0.289224 0.245035 0.162850 0.136449
0.296663 0.117290 0.118730 0.235255 0.232063
0.194597 0.225187 0.210213 0.190046 0.179957
0.181047 0.327334 0.287115 0.109694 0.094811
0.195451 0.188097 0.176149 0.220152 0.220152
0.209037 0.198564 0.166419 0.233416 0.192564
0.200000 0.200000 0.200000 0.200000 0.200000
0.197906 0.188225 0.190179 0.237739 0.185951
0.211348 0.212575 0.235243 0.170417 0.170417
0.195208 0.190407 0.192440 0.213669 0.208276
0.227715 0.210010 0.210962 0.176894 0.174419
0.170738 0.300881 0.303244 0.131591 0.093546
0.195379 0.233316 0.229327 0.170989 0.170989
0.200239 0.201100 0.201129 0.197054 0.200478
0.223345 0.138739 0.139660 0.244308 0.253948
0.171044 0.123874 0.132102 0.337335 0.235645
0.177762 0.092859 0.101533 0.316924 0.310923
0.174548 0.300136 0.322051 0.114737 0.088527
0.221386 0.103484 0.107172 0.268999 0.298959
0.195215 0.248576 0.269541 0.132112 0.154556
0.196607 0.272052 0.281907 0.124673 0.124762
0.201601 0.118089 0.118972 0.282628 0.278711
0.200347 0.216322 0.220031 0.181902 0.181398
0.208209 0.324241 0.334465 0.053882 0.079203
0.195377 0.172866 0.174237 0.228760 0.228760
0.184927 0.162029 0.173883 0.236686 0.242474
0.200000 0.200000 0.200000 0.200000 0.200000
0.189068 0.169101 0.204285 0.243574 0.193971
0.201715 0.233770 0.230577 0.166969 0.166969
0.193457 0.200887 0.203112 0.203043 0.199501
0.223778 0.193459 0.194754 0.195491 0.192518
0.194096 0.330613 0.327863 0.085624 0.061805
0.203262 0.233128 0.230265 0.166673 0.166673
0.199899 0.201322 0.199596 0.198724 0.200459
0.232005 0.117753 0.113176 0.266287 0.270778
0.221926 0.121604 0.167968 0.259546 0.228956
0.201941 0.082930 0.086796 0.317808 0.310525
0.185784 0.330402 0.315524 0.093190 0.075100
0.237776 0.100348 0.083844 0.282348 0.295683
0.180410 0.269168 0.261333 0.142177 0.146912
0.181653 0.285251 0.270427 0.136543 0.126126
0.245581 0.105957 0.107480 0.271234 0.269748
0.198294 0.219172 0.214804 0.186266 0.181464
0.178525 0.342460 0.322905 0.076353 0.079756
0.198983 0.178720 0.169224 0.226536 0.226536
0.211587 0.166571 0.136367 0.251846 0.233628
0.200000 0.200000 0.200000 0.200000 0.200000
0.215552 0.229063 0.145368 0.195093 0.214923
0.192820 0.207211 0.266007 0.166981 0.166981
0.189982 0.201779 0.200458 0.204984 0.202797
0.256326 0.191886 0.190939 0.181731 0.179117
0.209403 0.352720 0.256723 0.093953 0.087200
0.208495 0.240379 0.220051 0.165537 0.165537
0.201116 0.203739 0.197868 0.197456 0.199820
0.220602 0.119039 0.113391 0.270217 0.276751
0.166819 0.114624 0.154709 0.302456 0.261392
0.174049 0.096471 0.090384 0.324715 0.314381
0.217189 0.328555 0.288339 0.092644 0.073273
0.236227 0.094991 0.086286 0.273878 0.308618
0.190970 0.267936 0.234268 0.128779 0.178047
0.197212 0.290695 0.258874 0.131461 0.121758
0.245457 0.108053 0.109357 0.269642 0.267491
0.202665 0.225361 0.210192 0.183835 0.177947
0.197340 0.323937 0.284483 0.076543 0.117697
0.199241 0.179508 0.173417 0.223917 0.223917
0.220052 0.189335 0.145646 0.232444 0.212523
0.200000 0.200000 0.200000 0.200000 0.200000
0.218284 0.195675 0.210477 0.201046 0.174518
0.193704 0.242026 0.220424 0.171923 0.171923
0.178325 0.203723 0.203298 0.208349 0.206305
0.261954 0.188964 0.188511 0.181015 0.179556
0.146896 0.329966 0.362849 0.084807 0.075482
0.193313 0.234904 0.243386 0.164198 0.164198
0.200584 0.200926 0.203280 0.195596 0.199614
0.278496 0.110252 0.111358 0.244935 0.254958
0.208482 0.101024 0.098080 0.353294 0.239119
0.217733 0.084576 0.084233 0.306221 0.307237
0.147498 0.337213 0.342714 0.088378 0.084196
0.295834 0.095737 0.094919 0.241834 0.271676
0.167006 0.273214 0.276039 0.114578 0.169162
0.169872 0.279891 0.288394 0.130291 0.131552
0.280687 0.103743 0.103401 0.258101 0.254068
0.194353 0.219730 0.225356 0.180920 0.179642
0.162919 0.334695 0.350449 0.050197 0.101740
0.201802 0.174298 0.177694 0.223103 0.223103
0.228201 0.167733 0.183354 0.211135 0.209578
0.200000 0.200000 0.200000 0.200000 0.200000
0.235138 0.189691 0.185488 0.190261 0.199422
0.195712 0.231913 0.222971 0.174702 0.174702
0.168024 0.202988 0.203532 0.214045 0.211410
0.316930 0.178676 0.179008 0.162668 0.162717
0.184801 0.303410 0.317427 0.095226 0.099135
0.208737 0.233496 0.231273 0.163247 0.163247
0.201538 0.200981 0.200400 0.196212 0.200870
0.310286 0.103301 0.104153 0.235097 0.247163
0.198914 0.129716 0.137823 0.296480 0.237066
0.217288 0.083555 0.085800 0.304972 0.308386
0.159708 0.310961 0.323989 0.108276 0.097066
0.361689 0.071000 0.079447 0.223340 0.264524
0.146612 0.246070 0.262183 0.143796 0.201340
0.161377 0.263839 0.274393 0.151486 0.148904
0.382676 0.089556 0.089333 0.220995 0.217439
0.193293 0.212150 0.218783 0.188563 0.187211
0.165985 0.289236 0.321227 0.084827 0.138725
0.201067 0.177361 0.180937 0.220317 0.220317
0.240658 0.140986 0.178934 0.221224 0.218198
0.200000 0.200000 0.200000 0.200000 0.200000
0.226337 0.172721 0.229224 0.211316 0.160403
0.188259 0.234567 0.230171 0.173501 0.173501
0.169553 0.200980 0.204008 0.215572 0.209886
0.302473 0.184007 0.185595 0.165251 0.162674
0.076355 0.342391 0.376017 0.119542 0.085695
0.182484 0.239141 0.247623 0.165376 0.165376
0.198883 0.200368 0.203883 0.198143 0.198723
0.384694 0.082231 0.087234 0.222559 0.223283
0.270858 0.134603 0.091721 0.254097 0.248721
0.263726 0.073664 0.083291 0.298260 0.281058
0.084710 0.349636 0.379295 0.110674 0.075686
0.355626 0.064778 0.072568 0.252920 0.254107
0.124687 0.269168 0.298609 0.158446 0.149089
0.121302 0.297117 0.311045 0.146442 0.124093
0.334572 0.084104 0.083640 0.248918 0.248767
0.184474 0.223773 0.228091 0.186554 0.177108
0.106899 0.353871 0.376500 0.078278 0.084451
0.208401 0.174292 0.170741 0.223283 0.223283
0.226846 0.169941 0.166448 0.227195 0.209571
0.200000 0.200000 0.200000 0.200000 0.200000
0.187098 0.225056 0.152244 0.232088 0.203515
0.205371 0.210646 0.259448 0.162267 0.162267
0.181251 0.202436 0.201085 0.208387 0.206841
0.258831 0.185457 0.185288 0.185668 0.184756
0.174250 0.389202 0.312393 0.065937 0.058217
0.200216 0.248213 0.229011 0.161280 0.161280
0.198887 0.204008 0.199285 0.198037 0.199782
0.225644 0.110529 0.106456 0.275992 0.281379
0.195282 0.090982 0.145571 0.305511 0.262655
0.184100 0.087331 0.083648 0.323763 0.321157
0.201226 0.338351 0.285385 0.099885 0.075153
0.222625 0.116062 0.109855 0.260567 0.290891
0.185243 0.271794 0.242191 0.147818 0.152954
0.189243 0.291042 0.247757 0.143175 0.128783
0.229194 0.121266 0.122937 0.265071 0.261531
0.196591 0.224293 0.208343 0.186304 0.184470
0.197589 0.335271 0.283785 0.083121 0.100234
0.194990 0.181461 0.174222 0.224663 0.224663
0.181142 0.195464 0.149593 0.241600 0.232200
0.200000 0.200000 0.200000 0.200000 0.200000
0.188520 0.223156 0.181523 0.203535 0.203267
0.203966 0.204862 0.232337 0.179417 0.179417
0.182666 0.199954 0.199507 0.210725 0.207148
0.257085 0.194233 0.193585 0.178581 0.176516
0.190560 0.326302 0.255350 0.123314 0.104473
0.203371 0.235268 0.222308 0.169526 0.169526
0.199918 0.202500 0.199522 0.197559 0.200501
0.236291 0.130190 0.128890 0.248197 0.256431
0.199612 0.149214 0.140897 0.269478 0.240799
0.182386 0.105759 0.106976 0.304673 0.300207
0.199933 0.322181 0.286912 0.101602 0.089372
0.274442 0.081403 0.089061 0.255412 0.299682
0.163706 0.251952 0.245780 0.133273 0.205290
0.190089 0.274417 0.249970 0.142517 0.143007
0.269773 0.119295 0.118731 0.247096 0.245105
0.195725 0.222099 0.212782 0.185991 0.183404
0.231630 0.304645 0.289535 0.063241 0.110949
0.194260 0.183436 0.178592 0.221856 0.221856
0.204428 0.191936 0.157834 0.227425 0.218378
0.200000 0.200000 0.200000 0.200000 0.200000
0.232191 0.215307 0.172791 0.183515 0.196196
0.196020 0.219700 0.240373 0.171953 0.171953
0.190884 0.194897 0.194531 0.210007 0.209681
0.225756 0.205542 0.205217 0.181706 0.181779
0.242885 0.318228 0.280678 0.073148 0.085061
0.211930 0.234101 0.225130 0.164419 0.164419
0.201744 0.202271 0.200485 0.195720 0.199780
0.240279 0.129300 0.125993 0.246754 0.257673
0.172075 0.112113 0.128008 0.336668 0.251135
0.196937 0.100932 0.103336 0.297601 0.301193
0.231265 0.309850 0.299961 0.078172 0.080752
0.214589 0.130455 0.114761 0.255456 0.284739
0.209384 0.262226 0.246359 0.120450 0.161581
0.209729 0.273034 0.258665 0.126112 0.132460
0.228271 0.122829 0.124637 0.263787 0.260475
0.206399 0.221290 0.214113 0.176781 0.181416
0.229865 0.328244 0.276458 0.049698 0.115735
0.199583 0.183507 0.176259 0.220325 0.220325
0.223498 0.194502 0.166396 0.196790 0.218814
0.200000 0.200000 0.200000 0.200000 0.200000
0.210848 0.197645 0.178143 0.177038 0.236327
0.192838 0.230279 0.231344 0.172769 0.172769
0.177690 0.206630 0.206349 0.203582 0.205750
0.282480 0.179913 0.179916 0.178389 0.179302
0.194925 0.314691 0.322191 0.069841 0.098351
0.208447 0.229907 0.233912 0.163867 0.163867
0.201136 0.201178 0.199442 0.197369 0.200876
0.235774 0.112341 0.105959 0.267958 0.277968
0.223342 0.110207 0.154715 0.283104 0.228632
0.193540 0.086619 0.078190 0.316387 0.325264
0.166946 0.327010 0.323091 0.089626 0.093328
0.323247 0.084577 0.059446 0.246925 0.285805
0.146490 0.294774 0.262451 0.117669 0.178615
0.158823 0.287248 0.283451 0.131166 0.139311
0.324694 0.084718 0.087388 0.253316 0.249884
0.190504 0.220245 0.217436 0.184168 0.187648
0.141694 0.345059 0.335526 0.072295 0.105426
0.200444 0.171702 0.176634 0.225610 0.225610
0.215859 0.150837 0.155195 0.235466 0.242644
0.200000 0.200000 0.200000 0.200000 0.200000
0.193555 0.213285 0.194649 0.197704 0.200808
0.202451 0.223947 0.217146 0.178228 0.178228
0.174555 0.204686 0.203769 0.208780 0.208209
0.284454 0.183005 0.181939 0.175698 0.174904
0.195160 0.312762 0.300274 0.092334 0.099470
0.207134 0.229074 0.227308 0.168242 0.168242
0.199815 0.203076 0.201899 0.195870 0.199340
0.312792 0.120955 0.117704 0.220361 0.228189
0.214907 0.102938 0.123626 0.306373 0.252155
0.196267 0.113143 0.105992 0.291524 0.293074
0.216751 0.298831 0.287921 0.098959 0.097537
0.260672 0.123669 0.096804 0.247636 0.271220
0.172272 0.269677 0.243963 0.130289 0.183799
0.189659 0.272563 0.257838 0.137771 0.142168
0.276847 0.109571 0.111778 0.252042 0.249762
0.196852 0.224872 0.216782 0.178378 0.183116
0.216422 0.319670 0.285247 0.060556 0.118105
0.195799 0.185311 0.180300 0.219295 0.219295
0.207307 0.207795 0.161680 0.205501 0.217715
0.200000 0.200000 0.200000 0.200000 0.200000
0.233610 0.200853 0.179001 0.181336 0.205200
0.191999 0.217436 0.228496 0.181034 0.181034
0.162639 0.206974 0.206547 0.212631 0.211208
0.329185 0.175622 0.175503 0.159783 0.159906
0.140553 0.312095 0.298161 0.122003 0.127188
0.198150 0.236218 0.232702 0.166465 0.166465
0.200610 0.202258 0.200519 0.196265 0.200348
0.304732 0.108293 0.105681 0.235111 0.246182
0.243447 0.115421 0.139056 0.282673 0.219404
0.211181 0.085457 0.083826 0.306722 0.312814
0.142718 0.320652 0.312225 0.112289 0.112117
0.311803 0.084217 0.087596 0.234689 0.281695
0.157586 0.260330 0.249607 0.136892 0.195586
0.164063 0.275869 0.273564 0.140914 0.145590
0.320828 0.106310 0.105887 0.235295 0.231681
0.192053 0.218135 0.218352 0.183381 0.188078
0.170288 0.302506 0.305809 0.078364 0.143034
0.196826 0.179779 0.181073 0.221161 0.221161
0.216324 0.171240 0.185459 0.206128 0.220849
0.200000 0.200000 0.200000 0.200000 0.200000
