0.346777 0.175348 0.142905 0.173871 0.072133 0.088966
0.162698 0.162698 0.186508 0.162698 0.162698 0.162698
0.137847 0.131426 0.185122 0.185370 0.181515 0.178720
0.253438 0.247748 0.126055 0.127230 0.122927 0.122601
0.155482 0.107634 0.200609 0.195408 0.174277 0.166591
0.166667 0.166667 0.166667 0.166667 0.166667 0.166667
0.168239 0.165333 0.167069 0.166110 0.164685 0.168563
0.267248 0.257139 0.120353 0.117118 0.113166 0.124977
0.136446 0.207875 0.163234 0.163234 0.206194 0.123016
0.226697 0.202325 0.148368 0.152650 0.135220 0.134740
0.142633 0.106939 0.201094 0.202561 0.187712 0.159062
0.307967 0.261538 0.110247 0.098342 0.086111 0.135795
0.152524 0.087029 0.197197 0.193033 0.169226 0.200992
0.136769 0.106394 0.197306 0.199309 0.189632 0.170591
0.289416 0.291145 0.104422 0.105116 0.105889 0.104012
0.172600 0.156611 0.171805 0.173804 0.167550 0.157630
0.188104 0.120660 0.180504 0.181554 0.157327 0.171852
0.166667 0.166667 0.166667 0.166667 0.166667 0.166667
0.255728 0.188301 0.154536 0.164808 0.130618 0.106009
0.162698 0.162698 0.186508 0.162698 0.162698 0.162698
0.359843 0.157462 0.150353 0.155942 0.142988 0.033412
0.167530 0.167530 0.166235 0.166235 0.166235 0.166235
0.151173 0.143551 0.179101 0.178582 0.177993 0.169600
0.231163 0.224416 0.137880 0.137471 0.137243 0.131827
0.179922 0.132158 0.185306 0.188046 0.183669 0.130899
0.170921 0.170921 0.164540 0.164540 0.164540 0.164540
0.167610 0.166163 0.165470 0.166438 0.166917 0.167403
0.234329 0.229359 0.130565 0.133829 0.135535 0.136384
0.153520 0.185266 0.188095 0.165976 0.156349 0.150794
0.204555 0.171778 0.163931 0.160774 0.162883 0.136079
0.197704 0.146073 0.181363 0.174130 0.176597 0.124131
0.233528 0.213687 0.125248 0.135739 0.145089 0.146709
0.185876 0.125276 0.174145 0.172207 0.189795 0.152701
0.177104 0.141003 0.179506 0.172846 0.184221 0.145320
0.218272 0.219307 0.141296 0.140677 0.140261 0.140187
0.182564 0.163109 0.168076 0.166704 0.170967 0.148580
0.217075 0.154640 0.159217 0.161537 0.178633 0.128898
0.165107 0.165107 0.167446 0.167446 0.167446 0.167446
0.256929 0.181838 0.151300 0.152199 0.163223 0.094511
0.166667 0.166667 0.166667 0.166667 0.166667 0.166667
0.274414 0.201001 0.145820 0.207578 0.137533 0.033654
0.166667 0.166667 0.166667 0.166667 0.166667 0.166667
0.131765 0.127887 0.187459 0.190016 0.185741 0.177132
0.258714 0.254812 0.122211 0.125150 0.121743 0.117370
0.138219 0.109796 0.201565 0.216527 0.192902 0.140991
0.166667 0.166667 0.166667 0.166667 0.166667 0.166667
0.166930 0.166451 0.166299 0.166302 0.166771 0.167248
0.278436 0.276818 0.109626 0.110424 0.111938 0.112758
0.163389 0.175294 0.182540 0.177880 0.154071 0.146825
0.219922 0.204754 0.147461 0.158813 0.145346 0.123705
0.136220 0.109047 0.203082 0.219745 0.190145 0.141762
0.288126 0.276221 0.103501 0.103501 0.112698 0.115953
0.142455 0.109566 0.191666 0.211492 0.176978 0.167843
0.136656 0.115830 0.198316 0.210243 0.183298 0.155657
0.273999 0.274692 0.113177 0.113177 0.112552 0.112404
0.174333 0.160705 0.172662 0.176774 0.164283 0.151243
0.182462 0.140437 0.181652 0.189054 0.159140 0.147255
0.166667 0.166667 0.166667 0.166667 0.166667 0.166667
0.242485 0.191625 0.151913 0.172753 0.146403 0.094821
0.166667 0.166667 0.166667 0.166667 0.166667 0.166667
0.311990 0.161197 0.155712 0.150694 0.154652 0.065755
0.166667 0.166667 0.166667 0.166667 0.166667 0.166667
0.134859 0.128894 0.185091 0.186068 0.186832 0.178257
0.258583 0.253498 0.122726 0.123150 0.123636 0.118407
0.140691 0.102934 0.196257 0.197643 0.201477 0.160998
0.166667 0.166667 0.166667 0.166667 0.166667 0.166667
0.167747 0.166779 0.166611 0.165156 0.165156 0.168551
0.277046 0.273694 0.113153 0.108951 0.108951 0.118206
0.163328 0.183169 0.158575 0.183972 0.183972 0.126984
0.223225 0.204106 0.148604 0.149067 0.146656 0.128342
0.134522 0.101881 0.201907 0.207891 0.202317 0.151480
0.295490 0.287554 0.107464 0.096287 0.090335 0.122869
0.140855 0.099742 0.207527 0.188623 0.181876 0.181377
0.133220 0.107262 0.198091 0.199641 0.197039 0.164747
0.292417 0.293106 0.103739 0.103882 0.104228 0.102629
0.169866 0.156334 0.171390 0.175176 0.171721 0.155513
0.171474 0.130832 0.189401 0.177411 0.168127 0.162756
0.166667 0.166667 0.166667 0.166667 0.166667 0.166667
0.253388 0.201323 0.147668 0.157600 0.138802 0.101217
0.166667 0.166667 0.166667 0.166667 0.166667 0.166667
0.312556 0.181603 0.129776 0.162311 0.143204 0.070550
0.166667 0.166667 0.166667 0.166667 0.166667 0.166667
0.137057 0.131640 0.183891 0.186339 0.183542 0.177531
0.252826 0.248296 0.126106 0.127123 0.123889 0.121760
0.150247 0.111444 0.186170 0.208358 0.189711 0.154070
0.166667 0.166667 0.166667 0.166667 0.166667 0.166667
0.168043 0.165137 0.166106 0.165607 0.166582 0.168526
0.250613 0.240537 0.126183 0.123569 0.126139 0.132959
0.146379 0.219791 0.173515 0.173411 0.167856 0.119048
0.218436 0.186820 0.147923 0.158390 0.148589 0.139842
0.150559 0.106630 0.185057 0.205465 0.192090 0.160200
0.280993 0.225437 0.115509 0.113421 0.116232 0.148407
0.169063 0.091849 0.179735 0.184053 0.185703 0.189597
0.150976 0.111967 0.183491 0.198049 0.187624 0.167894
0.247763 0.250176 0.125568 0.126262 0.125841 0.124390
0.176267 0.152196 0.168517 0.175943 0.167655 0.159423
0.200204 0.104665 0.167178 0.183089 0.170822 0.174042
0.166667 0.166667 0.166667 0.166667 0.166667 0.166667
0.254789 0.159323 0.152933 0.169575 0.141225 0.122155
0.166667 0.166667 0.166667 0.166667 0.166667 0.166667
0.314349 0.155619 0.157758 0.197952 0.093062 0.081260
0.166667 0.166667 0.166667 0.166667 0.166667 0.166667
0.129361 0.122342 0.188844 0.192191 0.185158 0.182104
0.270153 0.263484 0.117244 0.119055 0.116012 0.114053
0.124595 0.080095 0.211778 0.229545 0.184221 0.169767
0.166667 0.166667 0.166667 0.166667 0.166667 0.166667
0.167251 0.166303 0.167077 0.166141 0.164684 0.168545
0.294987 0.291889 0.103318 0.102024 0.099240 0.108542
0.169687 0.183576 0.140873 0.192460 0.186419 0.126984
0.228932 0.200812 0.149182 0.155895 0.136549 0.128630
0.134315 0.082869 0.210581 0.231552 0.183982 0.156699
0.303418 0.307386 0.096849 0.089309 0.086347 0.116690
0.128185 0.087911 0.209885 0.231027 0.168703 0.174289
0.124490 0.091528 0.208107 0.223536 0.186757 0.165582
0.310525 0.310530 0.094675 0.095032 0.095244 0.093996
0.171289 0.152067 0.175153 0.182089 0.164330 0.155072
0.170701 0.126146 0.195052 0.210212 0.146386 0.151503
0.166667 0.166667 0.166667 0.166667 0.166667 0.166667
0.256413 0.189439 0.151597 0.178416 0.127097 0.097038
0.166667 0.166667 0.166667 0.166667 0.166667 0.166667
0.335652 0.135256 0.153289 0.191444 0.147690 0.036668
0.163130 0.186939 0.162483 0.162483 0.162483 0.162483
0.138677 0.129412 0.185261 0.186698 0.184445 0.175508
0.259847 0.252083 0.123071 0.124569 0.122691 0.117739
0.160316 0.103332 0.199030 0.206193 0.191496 0.139633
0.168794 0.168794 0.165603 0.165603 0.165603 0.165603
0.166930 0.166441 0.166664 0.166651 0.166174 0.167140
0.267154 0.265419 0.116890 0.116824 0.115154 0.118559
0.173707 0.205453 0.157642 0.152778 0.165578 0.144841
0.223661 0.192747 0.151669 0.157414 0.149126 0.125383
0.150625 0.098781 0.197601 0.211352 0.200629 0.141011
0.285431 0.277494 0.111669 0.106869 0.103732 0.114805
0.146447 0.091397 0.196783 0.211709 0.193343 0.160320
0.142729 0.104599 0.195542 0.201146 0.198917 0.157067
0.275608 0.275950 0.112014 0.112208 0.112356 0.111866
0.176891 0.153333 0.171975 0.174753 0.172470 0.150579
0.191822 0.123538 0.177411 0.196245 0.176759 0.134226
0.165887 0.165887 0.167057 0.167057 0.167057 0.167057
0.256276 0.181555 0.152511 0.163400 0.156451 0.089807
0.162698 0.186508 0.162698 0.162698 0.162698 0.162698
0.312522 0.168872 0.151257 0.175809 0.126522 0.065018
0.186508 0.162698 0.162698 0.162698 0.162698 0.162698
0.131914 0.125468 0.187175 0.189060 0.186574 0.179809
0.258542 0.252832 0.123477 0.123446 0.122842 0.118862
0.135182 0.095670 0.199877 0.215021 0.195423 0.158826
0.166667 0.166667 0.166667 0.166667 0.166667 0.166667
0.166648 0.166139 0.166930 0.167400 0.164512 0.168371
0.275444 0.275825 0.113119 0.113784 0.106345 0.115483
0.176933 0.205902 0.148412 0.153967 0.195737 0.119048
0.222166 0.199020 0.151223 0.151827 0.144600 0.131164
0.133839 0.096843 0.203498 0.213240 0.195476 0.157104
0.280093 0.263426 0.112928 0.122023 0.096267 0.125263
0.135840 0.085973 0.205996 0.215798 0.169507 0.186886
0.131157 0.100287 0.198852 0.210655 0.189447 0.169603
0.293121 0.293800 0.103392 0.102767 0.104302 0.102619
0.168916 0.152250 0.173648 0.178115 0.168256 0.158815
0.169491 0.109716 0.193753 0.200280 0.156541 0.170219
0.166667 0.166667 0.166667 0.166667 0.166667 0.166667
0.256906 0.173271 0.150185 0.161211 0.143591 0.114836
0.162698 0.162698 0.162698 0.186508 0.162698 0.162698
0.334696 0.173188 0.144201 0.162421 0.126604 0.058891
0.162698 0.162698 0.162698 0.186508 0.162698 0.162698
0.129870 0.123292 0.189793 0.190055 0.186474 0.180517
0.270780 0.264488 0.117381 0.118834 0.115941 0.112576
0.138467 0.092434 0.207667 0.211216 0.190060 0.160157
0.166667 0.166667 0.166667 0.166667 0.166667 0.166667
0.167539 0.165122 0.166221 0.166700 0.166244 0.168174
0.264597 0.256241 0.117632 0.119249 0.118576 0.123705
0.161457 0.222965 0.166269 0.154365 0.160023 0.134921
0.223214 0.190050 0.153748 0.155662 0.147427 0.129899
0.154864 0.103569 0.202239 0.200309 0.191235 0.147784
0.285714 0.255158 0.108895 0.108895 0.110982 0.130356
0.163218 0.092349 0.195357 0.194860 0.187226 0.166989
0.149367 0.108347 0.198758 0.198444 0.187911 0.157173
0.264221 0.265598 0.117732 0.117732 0.117737 0.116979
0.177408 0.154660 0.172348 0.173771 0.170080 0.151733
0.197568 0.120080 0.177010 0.181161 0.177771 0.146411
0.166667 0.166667 0.166667 0.166667 0.166667 0.166667
0.257324 0.182508 0.156835 0.160606 0.151257 0.091470
0.166667 0.166667 0.166667 0.166667 0.166667 0.166667
0.274010 0.170835 0.159125 0.171252 0.162538 0.062239
0.167098 0.167098 0.166451 0.166451 0.166451 0.166451
0.138688 0.134049 0.183722 0.184417 0.183650 0.175475
0.245937 0.242287 0.129272 0.129715 0.129262 0.123526
0.144433 0.117810 0.196521 0.196607 0.193191 0.151439
0.168794 0.168794 0.165603 0.165603 0.165603 0.165603
0.166971 0.166502 0.166879 0.166387 0.164946 0.168314
0.254800 0.253300 0.122835 0.122768 0.119393 0.126905
0.183475 0.199348 0.165578 0.151292 0.179275 0.121032
0.212502 0.197184 0.152848 0.154813 0.149334 0.133318
0.134291 0.108214 0.200697 0.205374 0.193543 0.157882
0.273423 0.269454 0.110096 0.116842 0.102633 0.127551
0.127933 0.102346 0.201326 0.210522 0.158060 0.199813
0.131673 0.112652 0.196147 0.200243 0.186436 0.172849
0.282988 0.283339 0.108661 0.108314 0.108952 0.107746
0.167488 0.156519 0.175034 0.174788 0.165667 0.160504
0.152981 0.126296 0.194720 0.196635 0.145021 0.184347
0.165887 0.165887 0.167057 0.167057 0.167057 0.167057
0.237149 0.193540 0.164479 0.159946 0.131363 0.113522
0.166667 0.166667 0.166667 0.166667 0.166667 0.166667
0.284004 0.170909 0.171520 0.161186 0.138200 0.074182
0.166667 0.166667 0.166667 0.166667 0.166667 0.166667
0.134202 0.128994 0.186708 0.186010 0.184697 0.179389
0.258426 0.253362 0.123059 0.123027 0.123429 0.118697
0.138663 0.102295 0.202059 0.201173 0.191185 0.164626
0.166667 0.166667 0.166667 0.166667 0.166667 0.166667
0.167230 0.166751 0.165304 0.167697 0.164831 0.168186
0.264073 0.260720 0.115651 0.122240 0.113340 0.123975
0.166116 0.185957 0.182745 0.130952 0.211213 0.123016
0.221083 0.200517 0.146311 0.154114 0.148194 0.129780
0.136920 0.107265 0.200191 0.202373 0.200276 0.152975
0.287470 0.273581 0.101752 0.117484 0.092555 0.127159
0.143094 0.108752 0.178834 0.202035 0.179663 0.187622
0.142518 0.119089 0.190580 0.195787 0.188421 0.163605
0.260758 0.261447 0.119817 0.118975 0.120442 0.118560
0.174250 0.159327 0.168278 0.174776 0.168339 0.155030
0.181323 0.130549 0.161157 0.196301 0.164139 0.166531
0.166667 0.166667 0.166667 0.166667 0.166667 0.166667
0.246851 0.187197 0.141477 0.169717 0.150599 0.104159
0.166667 0.166667 0.166667 0.166667 0.166667 0.166667
0.300744 0.219395 0.129838 0.166568 0.142873 0.040582
0.166667 0.166667 0.166667 0.166667 0.166667 0.166667
0.144979 0.140923 0.180101 0.182075 0.180919 0.171003
0.235671 0.232523 0.134181 0.135952 0.133516 0.128157
0.162970 0.137519 0.184588 0.194160 0.187657 0.133106
0.166667 0.166667 0.166667 0.166667 0.166667 0.166667
0.167046 0.167036 0.165287 0.166236 0.166705 0.167690
0.234473 0.236090 0.129463 0.130875 0.134109 0.134990
0.163879 0.151974 0.210853 0.175139 0.151330 0.146825
0.207827 0.196541 0.156870 0.159413 0.152610 0.126739
0.161796 0.144236 0.193203 0.191670 0.182761 0.126335
0.236078 0.242031 0.121032 0.126223 0.136508 0.138128
0.152780 0.141569 0.184557 0.194573 0.185907 0.140614
0.148258 0.139235 0.191539 0.191765 0.185473 0.143731
0.252080 0.251733 0.124784 0.124353 0.123733 0.123317
0.171472 0.166164 0.170937 0.173384 0.170876 0.147167
0.174043 0.169456 0.171246 0.182706 0.175121 0.127428
0.166667 0.166667 0.166667 0.166667 0.166667 0.166667
0.219968 0.212648 0.157825 0.160582 0.159180 0.089797
0.166667 0.166667 0.166667 0.166667 0.166667 0.166667
0.315016 0.174143 0.140222 0.165290 0.156769 0.048559
0.167098 0.167098 0.166451 0.166451 0.166451 0.166451
0.134232 0.129781 0.185382 0.187312 0.185787 0.177505
0.258288 0.254351 0.122685 0.123114 0.123661 0.117901
0.144446 0.117862 0.187992 0.207118 0.194472 0.148110
0.168794 0.168794 0.165603 0.165603 0.165603 0.165603
0.167363 0.166395 0.166439 0.166436 0.165477 0.167890
0.264394 0.261041 0.119023 0.118137 0.114976 0.122428
0.173707 0.193548 0.153674 0.156055 0.190079 0.132936
0.218461 0.196890 0.148879 0.154486 0.150207 0.131078
0.153689 0.111175 0.185996 0.209073 0.193023 0.147044
0.280733 0.266844 0.117389 0.109453 0.098738 0.126842
0.158161 0.110002 0.189130 0.196185 0.179490 0.167032
0.148447 0.117047 0.188569 0.200427 0.187643 0.157868
0.264071 0.264760 0.117395 0.118089 0.118436 0.117248
0.175160 0.157179 0.169879 0.174096 0.167027 0.156658
0.194793 0.125090 0.172980 0.182824 0.154559 0.169754
0.165887 0.165887 0.167057 0.167057 0.167057 0.167057
0.262186 0.178851 0.150825 0.164764 0.133891 0.109483
0.166667 0.166667 0.166667 0.166667 0.166667 0.166667
0.306081 0.191001 0.132329 0.159057 0.112748 0.098784
0.166667 0.166667 0.166667 0.166667 0.166667 0.166667
0.133763 0.129064 0.185674 0.187193 0.184255 0.180051
0.257827 0.253664 0.123171 0.124566 0.121592 0.119180
0.131780 0.100871 0.199653 0.207548 0.188023 0.172125
0.166667 0.166667 0.166667 0.166667 0.166667 0.166667
0.167084 0.166605 0.166094 0.166094 0.165113 0.169010
0.274322 0.272705 0.111846 0.111846 0.109956 0.119324
0.190008 0.213818 0.173294 0.161389 0.158317 0.103175
0.223007 0.206077 0.143781 0.153536 0.140566 0.133034
0.120257 0.095719 0.199518 0.217560 0.194159 0.172787
0.294726 0.282821 0.093435 0.099387 0.100545 0.129086
0.131595 0.092117 0.180746 0.202878 0.165498 0.227167
0.129979 0.106747 0.192503 0.205616 0.188587 0.176568
0.281114 0.282154 0.110072 0.109374 0.109442 0.107844
0.169547 0.155883 0.170261 0.175543 0.168821 0.159944
0.165112 0.122994 0.172396 0.186822 0.164276 0.188400
0.166667 0.166667 0.166667 0.166667 0.166667 0.166667
0.245068 0.190424 0.146764 0.160227 0.140493 0.117024
0.166667 0.166667 0.166667 0.166667 0.166667 0.166667
0.335240 0.176510 0.145791 0.166711 0.112633 0.063115
0.166667 0.166667 0.166667 0.166667 0.166667 0.166667
0.145542 0.139804 0.179743 0.182061 0.178500 0.174351
0.241941 0.236858 0.131186 0.132491 0.130052 0.127472
0.158771 0.120895 0.185737 0.201715 0.174390 0.158492
0.166667 0.166667 0.166667 0.166667 0.166667 0.166667
0.167684 0.166726 0.165431 0.165447 0.166389 0.168323
0.233189 0.229954 0.130739 0.132437 0.133974 0.139707
0.160601 0.172506 0.179107 0.193599 0.167203 0.126984
0.215696 0.196679 0.150464 0.154129 0.147579 0.135453
0.160453 0.128142 0.188775 0.198389 0.175483 0.148757
0.260744 0.254792 0.114380 0.120109 0.114380 0.135595
0.150685 0.126719 0.177397 0.190127 0.169547 0.185524
0.149106 0.127770 0.187858 0.195527 0.176494 0.163245
0.261070 0.261070 0.119742 0.119475 0.119742 0.118901
0.174860 0.162552 0.170187 0.172965 0.163580 0.155857
0.176133 0.143290 0.172866 0.178822 0.159390 0.169500
0.166667 0.166667 0.166667 0.166667 0.166667 0.166667
0.255777 0.201039 0.148270 0.155001 0.140369 0.099544
0.166667 0.166667 0.166667 0.166667 0.166667 0.166667
0.308391 0.183541 0.127856 0.179912 0.143613 0.056687
0.171192 0.166170 0.165659 0.165659 0.165659 0.165659
0.132524 0.124947 0.187335 0.189549 0.186773 0.178872
0.259307 0.252128 0.122909 0.124262 0.124020 0.117374
0.149074 0.112009 0.194097 0.200500 0.194939 0.149381
0.167348 0.169291 0.165840 0.165840 0.165840 0.165840
0.166797 0.167288 0.165866 0.165876 0.166352 0.167822
0.263437 0.263863 0.116877 0.116906 0.117726 0.121192
0.180588 0.176923 0.167476 0.169166 0.161921 0.143925
0.217985 0.188939 0.154893 0.158177 0.153562 0.126445
0.147601 0.104272 0.203358 0.205963 0.196133 0.142673
0.278098 0.278928 0.107894 0.106377 0.109514 0.119189
0.143356 0.102935 0.193462 0.188537 0.201409 0.170300
0.139708 0.108814 0.198935 0.198716 0.200886 0.152941
0.275611 0.275542 0.112334 0.112408 0.112260 0.111844
0.173652 0.154257 0.173141 0.175929 0.174597 0.148423
0.182543 0.136453 0.175597 0.183262 0.180283 0.141862
0.165075 0.166012 0.167228 0.167228 0.167228 0.167228
0.245162 0.187125 0.154453 0.173273 0.154564 0.085423
0.166667 0.166667 0.166667 0.166667 0.166667 0.166667
