0.421714 0.319408 0.204204 0.054674
0.421551 0.319703 0.204086 0.054660
0.421259 0.320142 0.203960 0.054639
0.421571 0.319695 0.204117 0.054616
0.421469 0.319776 0.204066 0.054689
0.422359 0.318288 0.204582 0.054772
0.421588 0.319667 0.204114 0.054631
0.421651 0.319493 0.204174 0.054682
0.421396 0.319896 0.204029 0.054678
0.421294 0.320070 0.203985 0.054650
0.422083 0.318740 0.204443 0.054735
0.421946 0.319008 0.204330 0.054715
0.421838 0.319227 0.204237 0.054697
0.422209 0.318559 0.204444 0.054788
0.421943 0.319003 0.204327 0.054726
0.421316 0.320042 0.203965 0.054677
