0.517445 0.371988 0.081273 0.029294
0.516936 0.371990 0.081774 0.029300
0.516347 0.371945 0.082143 0.029565
0.517377 0.371722 0.081593 0.029308
0.517589 0.371576 0.081509 0.029326
0.516237 0.372139 0.082109 0.029515
0.516641 0.372217 0.081910 0.029231
0.517087 0.371796 0.081849 0.029268
0.516605 0.372056 0.082050 0.029288
0.516880 0.371955 0.081846 0.029320
0.516106 0.371990 0.082417 0.029486
0.514977 0.372626 0.082960 0.029438
0.517487 0.371618 0.081566 0.029329
0.517135 0.371817 0.081746 0.029302
0.516925 0.371726 0.082072 0.029277
0.516952 0.371959 0.081839 0.029250
