0.551508 0.360807 0.063817 0.023867
0.550169 0.360741 0.064296 0.024795
0.549347 0.360717 0.064908 0.025028
0.550377 0.359818 0.064568 0.025237
0.550048 0.361261 0.064501 0.024190
0.550148 0.360967 0.064501 0.024384
0.549556 0.360775 0.064692 0.024977
0.551254 0.360595 0.064256 0.023896
0.550173 0.361015 0.064471 0.024341
0.550545 0.360917 0.064390 0.024148
0.550320 0.360485 0.064382 0.024812
0.549362 0.361257 0.064657 0.024723
0.550607 0.360403 0.064311 0.024679
0.551101 0.360472 0.064470 0.023957
0.550899 0.360798 0.064168 0.024135
0.550741 0.360846 0.064408 0.024006
