0.286310 0.256398 0.335433 0.121860
0.286301 0.256381 0.335457 0.121861
0.286311 0.256399 0.335436 0.121853
0.286299 0.256388 0.335444 0.121869
0.286283 0.256369 0.335497 0.121851
0.286303 0.256391 0.335440 0.121867
0.286308 0.256395 0.335404 0.121894
0.286297 0.256389 0.335422 0.121892
0.286301 0.256391 0.335398 0.121910
0.286249 0.256341 0.335541 0.121869
0.286261 0.256352 0.335529 0.121858
0.286294 0.256388 0.335480 0.121838
0.286305 0.256392 0.335431 0.121873
0.286302 0.256392 0.335440 0.121865
0.286299 0.256381 0.335426 0.121894
0.286277 0.256365 0.335511 0.121847
