0.542258 0.363753 0.069967 0.024021
0.543036 0.363820 0.069680 0.023464
0.542689 0.363752 0.070278 0.023282
0.543933 0.363374 0.069296 0.023397
0.541525 0.363916 0.070156 0.024403
0.544224 0.363061 0.069201 0.023514
0.542317 0.363767 0.069965 0.023950
0.541566 0.363887 0.070180 0.024368
0.543157 0.363582 0.069720 0.023541
0.541740 0.363613 0.071121 0.023527
0.541525 0.364245 0.070329 0.023901
0.542531 0.364131 0.069761 0.023577
0.541713 0.363642 0.070314 0.024330
0.542821 0.363634 0.069828 0.023717
0.542402 0.364026 0.069984 0.023588
0.543183 0.363573 0.069912 0.023331
