0.336456 0.130967 0.042561 0.490016
0.321359 0.124485 0.040676 0.513481
0.312766 0.122425 0.039509 0.525301
0.324795 0.126774 0.041148 0.507284
0.338764 0.131092 0.043002 0.487142
0.330121 0.128316 0.041888 0.499676
0.310796 0.120386 0.039357 0.529460
0.324548 0.126493 0.041095 0.507864
0.321149 0.124364 0.040670 0.513817
0.324018 0.126007 0.041059 0.508916
0.305721 0.119116 0.038801 0.536361
0.316836 0.123862 0.040148 0.519153
0.307483 0.118663 0.039042 0.534812
0.321832 0.123909 0.040665 0.513594
0.318334 0.124621 0.040402 0.516643
0.317111 0.123198 0.040048 0.519642
