0.388168 0.273159 0.259663 0.079010
0.387729 0.273458 0.259677 0.079136
0.388089 0.273297 0.259652 0.078963
0.387895 0.273293 0.259676 0.079136
0.388005 0.273228 0.259699 0.079069
0.388148 0.273252 0.259656 0.078944
0.388050 0.273372 0.259596 0.078983
0.388084 0.273130 0.259699 0.079087
0.387910 0.273454 0.259586 0.079050
0.388142 0.272907 0.259842 0.079109
0.388051 0.273129 0.259749 0.079071
0.387983 0.273307 0.259588 0.079121
0.388017 0.273170 0.259741 0.079073
0.387976 0.273113 0.259742 0.079169
0.387786 0.273654 0.259559 0.079001
0.388043 0.273411 0.259550 0.078995
