0.406002 0.222673 0.167702 0.203623
0.405742 0.222642 0.167476 0.204139
0.406199 0.222813 0.168352 0.202636
0.406431 0.222761 0.168571 0.202237
0.406022 0.222566 0.167857 0.203555
0.406316 0.222923 0.168500 0.202262
0.406101 0.222879 0.168017 0.203002
0.406255 0.222826 0.168261 0.202659
0.406213 0.222755 0.168383 0.202649
0.406550 0.222897 0.168745 0.201809
0.406359 0.222988 0.168678 0.201975
0.406204 0.222640 0.168422 0.202734
0.406118 0.222626 0.168154 0.203102
0.406513 0.222906 0.168766 0.201815
0.406201 0.222688 0.168502 0.202609
0.406219 0.222869 0.168273 0.202638
