0.402520 0.287469 0.213689 0.096322
0.401311 0.286961 0.215126 0.096603
0.398120 0.286836 0.216963 0.098082
0.399432 0.286842 0.216049 0.097676
0.401086 0.287114 0.214976 0.096824
0.401433 0.287425 0.214160 0.096981
0.400721 0.286840 0.215261 0.097177
0.400048 0.287012 0.215533 0.097406
0.400645 0.286860 0.215175 0.097320
0.399355 0.286982 0.216266 0.097396
0.399579 0.286726 0.216269 0.097426
0.400741 0.287014 0.215130 0.097115
0.399805 0.286444 0.216062 0.097689
0.400306 0.287063 0.215533 0.097098
0.401583 0.287145 0.214549 0.096722
0.400759 0.287080 0.215192 0.096969
