0.449636 0.323677 0.172918 0.053768
0.449632 0.323696 0.172902 0.053769
0.449615 0.323706 0.172909 0.053770
0.449622 0.323701 0.172908 0.053769
0.449645 0.323672 0.172916 0.053767
0.449640 0.323659 0.172934 0.053767
0.449639 0.323700 0.172892 0.053769
0.449628 0.323651 0.172954 0.053767
0.449643 0.323662 0.172928 0.053767
0.449639 0.323680 0.172912 0.053768
0.449645 0.323662 0.172926 0.053767
0.449657 0.323680 0.172895 0.053768
0.449643 0.323671 0.172919 0.053768
0.449634 0.323687 0.172911 0.053768
0.449631 0.323682 0.172919 0.053768
0.449642 0.323669 0.172922 0.053767
