0.571643 0.335540 0.060960 0.031858
0.572637 0.336415 0.061704 0.029245
0.573298 0.337513 0.061138 0.028051
0.571599 0.336317 0.061334 0.030750
0.571422 0.335597 0.061108 0.031873
0.572704 0.335460 0.061668 0.030168
0.572190 0.336696 0.060837 0.030277
0.571450 0.334680 0.061264 0.032606
0.571619 0.335544 0.061375 0.031461
0.573468 0.337374 0.061047 0.028111
0.571650 0.335542 0.061351 0.031456
0.571761 0.335285 0.061409 0.031545
0.572529 0.336252 0.060783 0.030435
0.570663 0.334026 0.061692 0.033619
0.572295 0.335673 0.061260 0.030772
0.571813 0.335483 0.061226 0.031479
