0.446974 0.269248 0.056593 0.227186
0.451093 0.271862 0.058185 0.218860
0.456139 0.275038 0.058940 0.209883
0.450233 0.271285 0.057422 0.221060
0.448183 0.269730 0.057372 0.224715
0.450524 0.271262 0.057595 0.220620
0.446697 0.269087 0.056638 0.227579
0.455505 0.274421 0.058860 0.211214
0.454832 0.274490 0.059022 0.211656
0.451982 0.272194 0.057549 0.218275
0.445753 0.269026 0.056523 0.228697
0.450347 0.271495 0.057925 0.220232
0.441320 0.265701 0.055509 0.237470
0.452271 0.272727 0.058392 0.216610
0.443410 0.266977 0.056227 0.233387
0.450769 0.271867 0.057773 0.219591
