0.426006 0.288201 0.285793
0.418320 0.291993 0.289687
0.425617 0.288252 0.286131
0.424564 0.288919 0.286517
0.426675 0.287913 0.285412
0.423388 0.289615 0.286996
0.423697 0.289278 0.287025
0.424219 0.289127 0.286654
0.422273 0.289975 0.287752
0.422822 0.289601 0.287577
0.424489 0.288827 0.286684
0.421066 0.290585 0.288349
0.424785 0.288737 0.286477
0.424907 0.288882 0.286211
0.424104 0.289198 0.286698
0.422459 0.289974 0.287567
