0.415523 0.296814 0.287664
0.415054 0.297304 0.287642
0.412771 0.297838 0.289391
0.414385 0.296556 0.289059
0.414172 0.296557 0.289271
0.413210 0.297642 0.289148
0.413260 0.297659 0.289081
0.412864 0.297109 0.290026
0.414761 0.296225 0.289014
0.414821 0.296303 0.288876
0.414436 0.296448 0.289116
0.414042 0.297188 0.288769
0.410990 0.298999 0.290012
0.412643 0.297913 0.289444
0.413976 0.296577 0.289446
0.413455 0.296942 0.289603
