0.335896 0.339428 0.324676
0.335872 0.338706 0.325422
0.335757 0.338585 0.325658
0.335634 0.339401 0.324965
0.335868 0.340348 0.323784
0.336154 0.338528 0.325317
0.335817 0.340306 0.323877
0.335616 0.341782 0.322602
0.335582 0.340706 0.323712
0.335934 0.338422 0.325644
0.336224 0.337288 0.326488
0.335725 0.342048 0.322228
0.336003 0.340626 0.323371
0.335847 0.338663 0.325490
0.335909 0.338879 0.325212
0.335509 0.342422 0.322069
