0.503989 0.249593 0.246418
0.503865 0.249596 0.246538
0.504474 0.248985 0.246541
0.502948 0.249870 0.247181
0.503646 0.249702 0.246652
0.505215 0.248937 0.245848
0.505033 0.248792 0.246175
0.502608 0.249984 0.247408
0.504346 0.249228 0.246426
0.503837 0.249439 0.246724
0.502769 0.250380 0.246851
0.503379 0.249939 0.246682
0.504077 0.249511 0.246412
0.502836 0.249893 0.247270
0.503645 0.249614 0.246741
0.504290 0.249284 0.246427
