0.568056 0.206740 0.225203
0.567850 0.207314 0.224836
0.568286 0.206993 0.224721
0.567930 0.206513 0.225557
0.567935 0.206619 0.225446
0.567985 0.207853 0.224162
0.568192 0.208200 0.223608
0.568252 0.207969 0.223779
0.568160 0.206358 0.225483
0.567620 0.206841 0.225539
0.567748 0.207262 0.224990
0.567849 0.206971 0.225180
0.567795 0.207466 0.224738
0.567866 0.207573 0.224561
0.567948 0.206602 0.225450
0.567655 0.207331 0.225014
