0.566351 0.234234 0.199415
0.560736 0.238457 0.200808
0.562476 0.235611 0.201913
0.554881 0.240699 0.204420
0.559520 0.239198 0.201282
0.557448 0.238522 0.204030
0.557718 0.240006 0.202275
0.564713 0.233674 0.201613
0.559481 0.238941 0.201577
0.562491 0.236236 0.201274
0.565337 0.235397 0.199266
0.559198 0.240532 0.200270
0.557678 0.240237 0.202085
0.558141 0.238799 0.203059
0.560081 0.238342 0.201577
0.555080 0.241030 0.203890
