0.259331 0.385676 0.354993
0.259992 0.385536 0.354471
0.259337 0.385433 0.355230
0.258656 0.386082 0.355262
0.259502 0.385936 0.354561
0.259238 0.385204 0.355558
0.259076 0.386145 0.354779
0.259756 0.385436 0.354808
0.259408 0.386102 0.354490
0.259713 0.386522 0.353765
0.259446 0.385991 0.354563
0.259735 0.385144 0.355121
0.258865 0.386202 0.354932
0.259487 0.385501 0.355012
0.259919 0.385196 0.354885
0.259050 0.386679 0.354271
