0.551305 0.275011 0.173683
0.549860 0.275318 0.174821
0.549652 0.276265 0.174083
0.550488 0.275236 0.174276
0.549757 0.276024 0.174219
0.549744 0.276540 0.173716
0.549918 0.275777 0.174305
0.550178 0.275564 0.174258
0.550848 0.275634 0.173518
0.549516 0.276575 0.173909
0.549247 0.276804 0.173948
0.550565 0.274948 0.174487
0.550439 0.275973 0.173587
0.549980 0.275944 0.174076
0.549742 0.276077 0.174181
0.549299 0.276340 0.174361
