0.591573 0.202980 0.205448
0.592820 0.202348 0.204832
0.590666 0.203501 0.205833
0.592546 0.202566 0.204889
0.592030 0.202897 0.205073
0.591981 0.202725 0.205294
0.594601 0.201424 0.203976
0.593111 0.202272 0.204617
0.592671 0.202435 0.204893
0.592897 0.202312 0.204791
0.595353 0.201091 0.203556
0.593758 0.201879 0.204363
0.592036 0.202606 0.205359
0.592780 0.202293 0.204927
0.592410 0.202482 0.205107
0.593558 0.202001 0.204441
