0.600879 0.198671 0.200450
0.600585 0.198695 0.200719
0.601123 0.198431 0.200447
0.600873 0.198492 0.200635
0.600117 0.198921 0.200962
0.600862 0.198535 0.200603
0.601238 0.198309 0.200453
0.601826 0.198019 0.200155
0.600695 0.198644 0.200661
0.600764 0.198629 0.200606
0.600082 0.198969 0.200949
0.601084 0.198545 0.200371
0.601463 0.198409 0.200128
0.600268 0.198937 0.200794
0.600890 0.198639 0.200470
0.601051 0.198521 0.200428
