0.568495 0.215472 0.216032
0.566116 0.216717 0.217167
0.566858 0.216269 0.216873
0.569256 0.215152 0.215592
0.566139 0.216688 0.217174
0.571295 0.214206 0.214499
0.565849 0.216956 0.217196
0.572450 0.213541 0.214009
0.573521 0.213034 0.213444
0.569539 0.214844 0.215617
0.566439 0.216428 0.217133
0.570704 0.214459 0.214837
0.566969 0.216349 0.216683
0.570679 0.214447 0.214874
0.569096 0.215196 0.215709
0.570360 0.214509 0.215132
