0.541319 0.290519 0.168162
0.546532 0.282871 0.170597
0.543222 0.287082 0.169695
0.542048 0.289551 0.168401
0.541874 0.290144 0.167983
0.543047 0.287634 0.169319
0.542218 0.288704 0.169078
0.542410 0.288121 0.169469
0.543847 0.286548 0.169605
0.541372 0.289257 0.169371
0.542026 0.288351 0.169623
0.541220 0.289833 0.168947
0.541781 0.288527 0.169691
0.544479 0.285147 0.170374
0.541516 0.289039 0.169444
0.543819 0.286278 0.169903
