0.368449 0.313177 0.318374
0.367729 0.314337 0.317934
0.366956 0.314539 0.318506
0.366892 0.316195 0.316913
0.367352 0.314848 0.317800
0.368024 0.315442 0.316534
0.368744 0.314282 0.316974
0.368454 0.313181 0.318365
0.368399 0.314878 0.316723
0.369523 0.314085 0.316393
0.369169 0.312017 0.318815
0.369297 0.314778 0.315925
0.369974 0.312697 0.317329
0.369174 0.312021 0.318805
0.368356 0.313958 0.317686
0.368223 0.313871 0.317907
