0.355120 0.328254 0.316626
0.355356 0.328553 0.316091
0.355001 0.327981 0.317018
0.354486 0.328708 0.316806
0.353688 0.328348 0.317964
0.353252 0.329589 0.317159
0.354100 0.328041 0.317859
0.352856 0.328401 0.318743
0.351889 0.328959 0.319152
0.352150 0.329705 0.318145
0.353609 0.329599 0.316791
0.353747 0.328512 0.317741
0.351670 0.327448 0.320883
0.353484 0.332594 0.313922
0.356435 0.326019 0.317546
0.353301 0.327251 0.319448
