0.358456 0.316369 0.325175
0.359527 0.316837 0.323636
0.358868 0.314340 0.326792
0.358536 0.316282 0.325182
0.358350 0.315799 0.325851
0.358473 0.316348 0.325179
0.359592 0.316883 0.323525
0.359664 0.314852 0.325485
0.358933 0.315021 0.326047
0.358577 0.315823 0.325601
0.358788 0.316164 0.325048
0.358229 0.315160 0.326610
0.359207 0.317358 0.323435
0.358610 0.314259 0.327132
0.358381 0.316632 0.324987
0.358326 0.315605 0.326069
