0.355952 0.322687 0.321361
0.355904 0.323196 0.320900
0.355689 0.322653 0.321658
0.355142 0.322891 0.321967
0.353798 0.322783 0.323419
0.354271 0.326288 0.319442
0.356454 0.323481 0.320065
0.357010 0.322093 0.320897
0.356957 0.322242 0.320801
0.356586 0.321906 0.321508
0.356254 0.322741 0.321005
0.356566 0.323023 0.320411
0.356160 0.321710 0.322130
0.355435 0.323332 0.321233
0.355733 0.323413 0.320854
0.356074 0.323158 0.320768
