0.365926 0.318916 0.315159
0.366686 0.316192 0.317123
0.366842 0.317139 0.316019
0.366672 0.315336 0.317992
0.365395 0.316770 0.317835
0.365043 0.318124 0.316833
0.366335 0.318391 0.315274
0.366411 0.315111 0.318478
0.366179 0.318290 0.315531
0.366941 0.316411 0.316648
0.366679 0.316187 0.317134
0.366426 0.316813 0.316762
0.366165 0.316588 0.317247
0.366172 0.317439 0.316389
0.366165 0.316588 0.317247
0.366433 0.317663 0.315903
