0.384332 0.262986 0.352682
0.384555 0.265942 0.349503
0.383448 0.260593 0.355959
0.384790 0.261801 0.353409
0.382037 0.256949 0.361014
0.385559 0.266322 0.348119
0.383151 0.260097 0.356752
0.385817 0.267071 0.347112
0.383862 0.262394 0.353744
0.384703 0.262712 0.352584
0.382624 0.258045 0.359331
0.383537 0.261779 0.354684
0.384974 0.267776 0.347250
0.383703 0.262032 0.354265
0.384835 0.265013 0.350152
0.385781 0.265966 0.348253
