0.365176 0.318316 0.316508
0.365250 0.316713 0.318037
0.365151 0.317871 0.316978
0.365912 0.317701 0.316387
0.366340 0.316411 0.317249
0.366084 0.316190 0.317726
0.365352 0.316379 0.318269
0.365154 0.317881 0.316965
0.365275 0.317158 0.317567
0.365129 0.317436 0.317435
0.365809 0.318035 0.316156
0.366212 0.316301 0.317488
0.365594 0.316183 0.318223
0.365418 0.317685 0.316897
0.365510 0.316943 0.317547
0.365016 0.316928 0.318057
