0.374701 0.314138 0.311160
0.374951 0.313715 0.311334
0.374869 0.313981 0.311150
0.374794 0.314391 0.310815
0.374792 0.313737 0.311472
0.374966 0.314863 0.310171
0.375307 0.313194 0.311499
0.375023 0.312966 0.312011
0.374750 0.314052 0.311198
0.374934 0.314959 0.310107
0.375240 0.312640 0.312120
0.375251 0.313808 0.310941
0.375190 0.312764 0.312046
0.374742 0.313388 0.311870
0.374864 0.315101 0.310035
0.375616 0.313293 0.311091
