0.372115 0.320223 0.307661
0.374245 0.315124 0.310630
0.375049 0.315909 0.309043
0.374972 0.312588 0.312441
0.374328 0.315210 0.310462
0.375652 0.316831 0.307518
0.375952 0.311124 0.312924
0.376081 0.314010 0.309909
0.375507 0.311183 0.313310
0.375218 0.314581 0.310200
0.375781 0.313739 0.310480
0.375968 0.312955 0.311078
0.375259 0.311936 0.312805
0.375845 0.315639 0.308517
0.377270 0.313149 0.309581
0.375996 0.309419 0.314586
