0.368509 0.315246 0.316245
0.368844 0.315316 0.315840
0.368748 0.314359 0.316893
0.368575 0.315084 0.316341
0.368675 0.315173 0.316153
0.368502 0.314581 0.316917
0.368748 0.315674 0.315578
0.368961 0.314541 0.316498
0.368640 0.314488 0.316872
0.368732 0.315437 0.315831
0.368615 0.314248 0.317137
0.368657 0.315597 0.315746
0.368954 0.314761 0.316285
0.368740 0.314359 0.316902
0.368956 0.315417 0.315627
0.369236 0.314338 0.316426
